time_step,ID,X,Y,vx,vy,window_vx,window_vy,momentum_vx,momentum_vy,cos_theta,sin_theta,cluster_id,raw_dbscan_cluster_id,feature_mode,method,used_fallback
0,1,9.0499997139,6.03809293275,0.0,0.0,0.0,0.0,0.0,0.0,0.0,0.0,0,0,instant_velocity,dbscan_kmeans_fallback,False
0,2,11.3440694088,7.39845379112,0.0,0.0,0.0,0.0,0.0,0.0,0.0,0.0,0,0,instant_velocity,dbscan_kmeans_fallback,False
0,3,6.08244166818,3.60376297567,0.0,0.0,0.0,0.0,0.0,0.0,0.0,0.0,0,0,instant_velocity,dbscan_kmeans_fallback,False
0,4,2.27302318396,6.20515479255,0.0,0.0,0.0,0.0,0.0,0.0,0.0,0.0,1,1,instant_velocity,dbscan_kmeans_fallback,False
0,5,13.6802321257,6.53927851215,0.0,0.0,0.0,0.0,0.0,0.0,0.0,0.0,0,0,instant_velocity,dbscan_kmeans_fallback,False
0,6,14.1222088559,5.56077333332,0.0,0.0,0.0,0.0,0.0,0.0,0.0,0.0,0,0,instant_velocity,dbscan_kmeans_fallback,False
0,7,13.6591856147,2.38659799713,0.0,0.0,0.0,0.0,0.0,0.0,0.0,0.0,0,0,instant_velocity,dbscan_kmeans_fallback,False
0,8,14.0801158339,3.19804131616,0.0,0.0,0.0,0.0,0.0,0.0,0.0,0.0,0,0,instant_velocity,dbscan_kmeans_fallback,False
0,9,14.3537204765,7.85190741057,0.0,0.0,0.0,0.0,0.0,0.0,0.0,0.0,0,0,instant_velocity,dbscan_kmeans_fallback,False
0,10,1.07337205909,8.28149505006,0.0,0.0,0.0,0.0,0.0,0.0,0.0,0.0,1,1,instant_velocity,dbscan_kmeans_fallback,False
0,11,0.883953460427,7.89963937052,0.0,0.0,0.0,0.0,0.0,0.0,0.0,0.0,1,1,instant_velocity,dbscan_kmeans_fallback,False
0,12,0.484069752139,7.87577339054,0.0,0.0,0.0,0.0,0.0,0.0,0.0,0.0,1,1,instant_velocity,dbscan_kmeans_fallback,False
0,13,0.210465109626,7.37458781115,0.0,0.0,0.0,0.0,0.0,0.0,0.0,0.0,1,1,instant_velocity,dbscan_kmeans_fallback,False
0,14,11.4493019636,9.4986600286,0.0,0.0,0.0,0.0,0.0,0.0,0.0,0.0,0,0,instant_velocity,dbscan_kmeans_fallback,False
0,15,10.8389531457,9.23613424891,0.0,0.0,0.0,0.0,0.0,0.0,0.0,0.0,0,0,instant_velocity,dbscan_kmeans_fallback,False
0,16,10.2286043278,9.52252600857,0.0,0.0,0.0,0.0,0.0,0.0,0.0,0.0,0,0,instant_velocity,dbscan_kmeans_fallback,False
0,21,9.78662759759,1.52742271817,0.0,0.0,0.0,0.0,0.0,0.0,0.0,0.0,2,2,instant_velocity,dbscan_kmeans_fallback,False
0,22,9.32360435641,0.477319599427,0.0,0.0,0.0,0.0,0.0,0.0,0.0,0.0,2,2,instant_velocity,dbscan_kmeans_fallback,False
0,25,10.9652322115,12.8637632046,0.0,0.0,0.0,0.0,0.0,0.0,0.0,0.0,-1,-1,instant_velocity,dbscan_kmeans_fallback,False
0,213,4.39872079117,11.2647425465,0.0,0.0,0.0,0.0,0.0,0.0,0.0,0.0,3,3,instant_velocity,dbscan_kmeans_fallback,False
0,214,3.95674406096,11.2408765665,0.0,0.0,0.0,0.0,0.0,0.0,0.0,0.0,3,3,instant_velocity,dbscan_kmeans_fallback,False
0,215,4.67232543369,10.1907734478,0.0,0.0,0.0,0.0,0.0,0.0,0.0,0.0,3,3,instant_velocity,dbscan_kmeans_fallback,False
0,216,4.25139521444,9.99984560799,0.0,0.0,0.0,0.0,0.0,0.0,0.0,0.0,3,3,instant_velocity,dbscan_kmeans_fallback,False
0,217,7.68197650133,4.70159805435,0.0,0.0,0.0,0.0,0.0,0.0,0.0,0.0,0,0,instant_velocity,dbscan_kmeans_fallback,False
0,218,3.70418592941,3.69922689556,0.0,0.0,0.0,0.0,0.0,0.0,0.0,0.0,0,0,instant_velocity,dbscan_kmeans_fallback,False
0,219,7.30313930401,3.2457732761,0.0,0.0,0.0,0.0,0.0,0.0,0.0,0.0,0,0,instant_velocity,dbscan_kmeans_fallback,False
0,220,8.2081392754,4.15268051501,0.0,0.0,0.0,0.0,0.0,0.0,0.0,0.0,0,0,instant_velocity,dbscan_kmeans_fallback,False
0,273,15.0061623163,7.54164967095,0.0,0.0,0.0,0.0,0.0,0.0,0.0,0.0,0,0,instant_velocity,dbscan_kmeans_fallback,False
0,409,11.3019763869,4.53453619456,0.0,0.0,0.0,0.0,0.0,0.0,0.0,0.0,0,0,instant_velocity,dbscan_kmeans_fallback,False
10,1,9.42546946947,6.11541870786,0.03754697555700002,0.007732577511000027,0.03754697555700002,0.007732577511000027,0.011264092667100007,0.0023197732533000084,0.979444844015968,0.2017108718278861,-1,-1,instant_velocity,dbscan_kmeans_fallback,False
10,2,11.7151193971,7.38580482173,0.03710499883000011,-0.001264896938999982,0.03710499883000011,-0.001264896938999982,0.011131499649000036,-0.0003794690816999947,0.9994191841583739,-0.03406986407981468,-1,-1,instant_velocity,dbscan_kmeans_fallback,False
10,3,6.36088700821,4.01187123318,0.02784453400299993,0.04081082575099999,0.02784453400299993,0.04081082575099999,0.008353360200899981,0.0122432477253,0.5635988137937784,0.8260484079471431,-1,-1,instant_velocity,dbscan_kmeans_fallback,False
10,4,2.45718015488,6.31708623862,0.018415697092000017,0.011193144606999984,0.018415697092000017,0.011193144606999984,0.005524709127600006,0.0033579433820999957,0.8545361777366494,0.5193909826782759,0,0,instant_velocity,dbscan_kmeans_fallback,False
10,5,12.9598100554,6.64023160743,-0.07204220702999997,0.010095309527999951,-0.07204220702999997,0.010095309527999951,-0.021612662108999994,0.0030285928583999857,-0.9903238588408102,0.13877456424673493,-1,-1,instant_velocity,dbscan_kmeans_fallback,False
10,6,13.8816472356,5.64597488182,-0.024056162030000116,0.008520154849999972,-0.024056162030000116,0.008520154849999972,-0.007216848609000036,0.002556046454999992,-0.9426235987448601,0.33385620767580143,-1,-1,instant_velocity,dbscan_kmeans_fallback,False
10,7,13.287293766,2.54578408354,-0.03718918487000007,0.01591860864100001,-0.03718918487000007,0.01591860864100001,-0.011156755461000024,0.004775582592300004,-0.9193202593294706,0.3935095505632805,1,1,instant_velocity,dbscan_kmeans_fallback,False
10,8,13.7339007286,3.29803977224,-0.034621510530000066,0.009999845608000024,-0.034621510530000066,0.009999845608000024,-0.010386453159000022,0.0029999536824000077,-0.9607281514286866,0.2774902954399233,1,1,instant_velocity,dbscan_kmeans_fallback,False
10,9,14.2853193158,8.0786342203,-0.006840116069999879,0.02267268097299997,-0.006840116069999879,0.02267268097299997,-0.002052034820999964,0.006801804291899992,-0.28883160087445997,0.9573794763906113,2,2,instant_velocity,dbscan_kmeans_fallback,False
10,10,1.34403019007,8.29509865864,0.027065813098,0.0013603608580000427,0.027065813098,0.0013603608580000427,0.008119743929400002,0.0004081082574000129,0.9987389242984595,0.05019783943151102,0,0,instant_velocity,dbscan_kmeans_fallback,False
10,11,1.04685345528,7.89200225692,0.0162899994853,-0.0007637113600000411,0.0162899994853,-0.0007637113600000411,0.004886999845590001,-0.00022911340800001236,0.998902224433726,-0.04683075509104584,0,0,instant_velocity,dbscan_kmeans_fallback,False
10,12,0.669489513719,7.92111875249,0.018541976158,0.004534536194999994,0.018541976158,0.004534536194999994,0.005562592847400001,0.0013603608584999984,0.9713736825077673,0.23755445938816333,0,0,instant_velocity,dbscan_kmeans_fallback,False
10,13,0.393990685219,7.42542234848,0.018352557559299997,0.00508345373300001,0.018352557559299997,0.00508345373300001,0.00550576726779,0.0015250361199000031,0.9637132121542145,0.26693781016827545,0,0,instant_velocity,dbscan_kmeans_fallback,False
10,14,11.4913949856,9.51942343117,0.004209302199999954,0.0020763402570000977,0.004209302199999954,0.0020763402570000977,0.0012627906599999863,0.0006229020771000294,0.8968250076717693,0.44238065561397244,3,3,instant_velocity,dbscan_kmeans_fallback,False
10,15,11.0203740702,9.22801981572,0.018142092450000112,-0.0008114433190000269,0.018142092450000112,-0.0008114433190000269,0.005442627735000034,-0.00024343299570000812,0.9990006910982637,-0.044682411287573984,3,3,instant_velocity,dbscan_kmeans_fallback,False
10,16,10.4321240888,9.48266982201,0.02035197610000008,-0.003985618656000156,0.02035197610000008,-0.003985618656000156,0.006105592830000024,-0.001195685596800047,0.9813584533831365,-0.19218382238701986,3,3,instant_velocity,dbscan_kmeans_fallback,False
10,21,9.83166713105,1.56155106953,0.004503953346000067,0.003412835135999992,0.004503953346000067,0.003412835135999992,0.0013511860038000203,0.0010238505407999976,0.797026912785659,0.6039408589141406,4,4,instant_velocity,dbscan_kmeans_fallback,False
10,22,9.37348458739,0.596649499284,0.00498802309799995,0.011932989985700004,0.00498802309799995,0.011932989985700004,0.0014964069293999852,0.003579896995710002,0.3856652350482061,0.9226379463856541,4,4,instant_velocity,dbscan_kmeans_fallback,False
10,23,0.840597647844,3.95339958225,0.0,0.0,0.0,0.0,0.0,0.0,0.0,0.0,5,5,instant_velocity,dbscan_kmeans_fallback,False
10,25,10.9885938387,12.6515946426,0.0023361627199999903,-0.021216856200000044,0.0023361627199999903,-0.021216856200000044,0.0007008488159999972,-0.006365056860000014,0.10944728738106341,-0.9939921298992869,-1,-1,instant_velocity,dbscan_kmeans_fallback,False
10,213,4.2614975397,11.5656925539,-0.013722325147000003,0.030095000739999912,-0.013722325147000003,0.030095000739999912,-0.004116697544100002,0.009028500221999976,-0.4148744359462438,0.909878342267592,6,6,instant_velocity,dbscan_kmeans_fallback,False
10,214,3.81867894905,11.4721379124,-0.013806511191000004,0.023126134589999837,-0.013806511191000004,0.023126134589999837,-0.004141953357300002,0.006937840376999952,-0.5126059957556334,0.8586235208510365,6,6,instant_velocity,dbscan_kmeans_fallback,False
10,215,4.60224055218,10.472869331,-0.007008488151000058,0.028209588320000024,-0.007008488151000058,0.028209588320000024,-0.0021025464453000176,0.008462876496000008,-0.24111353795764873,0.9704965604020344,6,6,instant_velocity,dbscan_kmeans_fallback,False
10,216,4.19393823951,10.303659533,-0.005745697492999913,0.030381392500999915,-0.005745697492999913,0.030381392500999915,-0.0017237092478999741,0.009114417750299976,-0.18582499050052473,0.9825825288869081,6,6,instant_velocity,dbscan_kmeans_fallback,False
10,217,7.70765324471,4.71902021973,0.0025676743380000032,0.0017422165380000187,0.0025676743380000032,0.0017422165380000187,0.000770302301400001,0.0005226649614000057,0.8274931578277832,0.5614700600125021,7,7,instant_velocity,dbscan_kmeans_fallback,False
10,218,3.60547779299,3.7438562781,-0.009870813641999997,0.004462938254000015,-0.009870813641999997,0.004462938254000015,-0.0029612440925999997,0.0013388814762000047,-0.9111912943538955,0.41198128460054956,5,5,instant_velocity,dbscan_kmeans_fallback,False
10,219,7.29808814137,3.27799234906,-0.0005051162640000051,0.003221907295999982,-0.0005051162640000051,0.003221907295999982,-0.00015153487920000156,0.0009665721887999947,-0.1548832119025917,0.9879296827727296,7,7,instant_velocity,dbscan_kmeans_fallback,False
10,220,8.18393578779,4.15816969041,-0.0024203487610000352,0.0005489175400000157,-0.0024203487610000352,0.0005489175400000157,-0.0007261046283000106,0.00016467526200000473,-0.9752299846634798,0.22117508548418763,7,7,instant_velocity,dbscan_kmeans_fallback,False
10,273,14.9508099925,7.70083575735,-0.005535232379999933,0.01591860864000001,-0.005535232379999933,0.01591860864000001,-0.00166056971399998,0.004775582592000003,-0.3284317705314221,0.9445270697076064,2,2,instant_velocity,dbscan_kmeans_fallback,False
10,409,11.2293659241,4.39468155192,-0.007261046280000016,-0.013985464264000047,-0.007261046280000016,-0.013985464264000047,-0.0021783138840000054,-0.004195639279200015,-0.4607831337753105,-0.8875120474880851,-1,-1,instant_velocity,dbscan_kmeans_fallback,False
20,1,9.80093922504,6.19298314276,0.03754697555700002,0.00775644349000002,0.03754697555700002,0.00775644349000002,0.01914895753407001,0.003950774324310012,0.9793216806781646,0.20230799317458922,-1,-1,instant_velocity,dbscan_kmeans_fallback,False
20,2,12.0861693854,7.37339451215,0.03710499882999994,-0.001241030957999989,0.03710499882999994,-0.001241030957999989,0.01892354940330001,-0.000637937644589993,0.9994408667063516,-0.033427761632755855,-1,-1,instant_velocity,dbscan_kmeans_fallback,False
20,3,6.63912188314,4.41974083089,0.02782348749299999,0.04078695977100004,0.02782348749299999,0.04078695977100004,0.014194398388529985,0.020806361339010013,0.5635329834518468,0.8260933188718621,-1,-1,instant_velocity,dbscan_kmeans_fallback,False
20,4,2.6413371258,6.42877902488,0.018415697091999972,0.01116927862599999,0.018415697091999972,0.01116927862599999,0.009392005516919997,0.005701343955269994,0.8550276034757026,0.5185815931067755,0,0,instant_velocity,dbscan_kmeans_fallback,False
20,5,12.2393879852,6.74118470271,-0.07204220701999997,0.01009530952800004,-0.07204220701999997,0.01009530952800004,-0.03674152558229999,0.0051486078592800025,-0.9903238588381625,0.13877456426562806,-1,-1,instant_velocity,dbscan_kmeans_fallback,False
20,6,13.6410856153,5.73117643032,-0.02405616202999994,0.008520154849999972,-0.02405616202999994,0.008520154849999972,-0.012268642635300007,0.0043452789734999865,-0.9426235987448593,0.3338562076758036,-1,-1,instant_velocity,dbscan_kmeans_fallback,False
20,7,12.9156123824,2.70473151015,-0.03716813835999986,0.015894742660999973,-0.03716813835999986,0.015894742660999973,-0.018960170330699976,0.008111330612909995,-0.9194531653266063,0.3931989089729681,1,1,instant_velocity,dbscan_kmeans_fallback,False
20,8,13.3876856233,3.39827688812,-0.034621510530000066,0.010023711587999973,-0.034621510530000066,0.010023711587999973,-0.017656970370300035,0.005107081054079998,-0.9605514336208618,0.2781013996403293,1,1,instant_velocity,dbscan_kmeans_fallback,False
20,9,14.2169181552,8.30536103003,-0.006840116060000056,0.02267268097299997,-0.006840116060000056,0.02267268097299997,-0.0034884591926999924,0.011563067296229985,-0.28883160048743217,0.9573794765073735,2,2,instant_velocity,dbscan_kmeans_fallback,False
20,10,1.61447785594,8.30870226722,0.02704476658699999,0.0013603608579998649,0.02704476658699999,0.0013603608579998649,0.013797250726679998,0.0006937840375799686,0.9987369647757378,0.050236805333405334,0,0,instant_velocity,dbscan_kmeans_fallback,False
20,11,1.20975345013,7.88412648353,0.016289999485000005,-0.0007875773389999452,0.016289999485000005,-0.0007875773389999452,0.008307899737413003,-0.0003966525872999922,0.9988327022168648,-0.04829085491638263,0,0,instant_velocity,dbscan_kmeans_fallback,False
20,12,0.854909275299,7.96670277423,0.018541976157999997,0.004558402173999987,0.018541976157999997,0.004558402173999987,0.00945640784058,0.002319773253149995,0.9710845434550587,0.23873366335407864,0,0,instant_velocity,dbscan_kmeans_fallback,False
20,13,0.577726725922,7.47625688582,0.018373604070300004,0.00508345373400001,0.018373604070300004,0.00508345373400001,0.009366118308543002,0.0025925614041300052,0.9637918372975589,0.26665379287390995,0,0,instant_velocity,dbscan_kmeans_fallback,False
20,14,11.5334880075,9.54018683375,0.00420930219000013,0.002076340258000009,0.00420930219000013,0.002076340258000009,0.0021467441190000294,0.0010589335313700233,0.8968250071702949,0.442380656630588,3,3,instant_velocity,dbscan_kmeans_fallback,False
20,15,11.2017949947,9.21966672273,0.018142092449999935,-0.0008353092989999312,0.018142092449999935,-0.0008353092989999312,0.009252467149500005,-0.00042099588668998507,0.9989411712686792,-0.04599385940813093,3,3,instant_velocity,dbscan_kmeans_fallback,False
20,16,10.6354333847,9.44305229526,0.020330929590000046,-0.003961752674999985,0.020330929590000046,-0.003961752674999985,0.010373193858000031,-0.0020255057202600286,0.9815378018326316,-0.1912657261838476,3,3,instant_velocity,dbscan_kmeans_fallback,False
20,17,15.093926267,0.902850022316,0.0,0.0,0.0,0.0,0.0,0.0,0.0,0.0,-1,-1,instant_velocity,dbscan_kmeans_fallback,False
20,21,9.87691712962,1.59567942088,0.004524999857000012,0.003412835135000014,0.004524999857000012,0.003412835135000014,0.002303330159760018,0.0017405459190600026,0.7983793571439769,0.6021518690005302,4,4,instant_velocity,dbscan_kmeans_fallback,False
20,22,9.42336481837,0.71597939914,0.004988023098000127,0.011932989985599995,0.004988023098000127,0.011932989985599995,0.002543891779980028,0.006085824892677,0.3856652350509692,0.922637946384499,4,4,instant_velocity,dbscan_kmeans_fallback,False
20,23,1.06348019894,4.03764649155,0.022288255109599996,0.008424690930000044,0.022288255109599996,0.008424690930000044,0.00668647653288,0.002527407279000014,0.9354067040322765,0.35357242352846463,-1,-1,instant_velocity,dbscan_kmeans_fallback,False
20,25,10.9938554664,12.4052977293,0.0005261627699999494,-0.024629691329999835,0.0005261627699999494,-0.024629691329999835,0.0006484430021999829,-0.01184444720099996,0.021358064403221893,-0.999771484511652,-1,-1,instant_velocity,dbscan_kmeans_fallback,False
20,213,4.12427428822,11.8666425614,-0.013722325148000003,0.03009500075000009,-0.013722325148000003,0.03009500075000009,-0.006998385825270003,0.015348450380400011,-0.41487443585714434,0.9098783423082186,5,5,instant_velocity,dbscan_kmeans_fallback,False
20,214,3.68040337202,11.7033992583,-0.013827557703000037,0.023126134590000014,-0.013827557703000037,0.023126134590000014,-0.007047634661010014,0.011794328640899972,-0.5131817336700353,0.8582795383604082,5,5,instant_velocity,dbscan_kmeans_fallback,False
20,215,4.53194520557,10.7549652143,-0.0070295346610000035,0.028209588330000025,-0.0070295346610000035,0.028209588330000025,-0.0035806429100100137,0.014386890046200015,-0.24179532975896342,0.970326919427499,5,5,instant_velocity,dbscan_kmeans_fallback,False
20,216,4.13669172969,10.6072347983,-0.005724650982000057,0.030357526530000102,-0.005724650982000057,0.030357526530000102,-0.002923991768129999,0.015487350384210015,-0.18530826781331744,0.982680109941957,5,5,instant_velocity,dbscan_kmeans_fallback,False
20,217,7.73332998808,4.73644238511,0.0025676743370000032,0.0017422165380000187,0.0025676743370000032,0.0017422165380000187,0.0013095139120800018,0.0008885304343800096,0.8274931577261856,0.5614700601622349,6,6,instant_velocity,dbscan_kmeans_fallback,False
20,218,3.50676965658,3.78872432045,-0.009870813640999999,0.004486804235000008,-0.009870813640999999,0.004486804235000008,-0.00503411495712,0.002283258303840006,-0.9103631793338905,0.4138079713568135,-1,-1,instant_velocity,dbscan_kmeans_fallback,False
20,219,7.29303697874,3.31021142203,-0.000505116263000005,0.003221907297000026,-0.000505116263000005,0.003221907297000026,-0.00025760929434000263,0.0016431727212600042,-0.15488321155639787,0.9879296828270051,6,6,instant_velocity,dbscan_kmeans_fallback,False
20,220,8.15952183507,4.1636588658,-0.0024413952719999797,0.0005489175390000156,-0.0024413952719999797,0.0005489175390000156,-0.0012406918214100016,0.00027994794510000803,-0.9756397704355536,0.21936053857403748,6,6,instant_velocity,dbscan_kmeans_fallback,False
20,273,14.8954576686,7.85978318396,-0.0055352323899999336,0.015894742661000015,-0.0055352323899999336,0.015894742661000015,-0.002822968516799966,0.008111330612700009,-0.3288716107787319,0.9443740124227313,2,2,instant_velocity,dbscan_kmeans_fallback,False
20,409,11.1567554612,4.25482690929,-0.007261046290000017,-0.013985464262999958,-0.007261046290000017,-0.013985464262999958,-0.003703133605800009,-0.007132586774339998,-0.46078313430112255,-0.8875120472150915,-1,-1,instant_velocity,dbscan_kmeans_fallback,False
30,1,10.1761985155,6.27030891787,0.0375259290459999,0.007732577511000027,0.0375259290459999,0.007732577511000027,0.02466204898764898,0.005085315280317016,0.979422487864015,0.2018193951745021,-1,-1,instant_velocity,dbscan_kmeans_fallback,False
30,2,12.4572193736,7.36074554276,0.037104998819999936,-0.001264896938999982,0.037104998819999936,-0.001264896938999982,0.024377984228309987,-0.0008260254329129897,0.9994191841580611,-0.03406986408898619,-1,-1,instant_velocity,dbscan_kmeans_fallback,False
30,3,6.91756722317,4.8278490884,0.02784453400300002,0.040810825750999945,0.02784453400300002,0.040810825750999945,0.018289439072871,0.026807700662606994,0.5635988137937802,0.826048407947142,-1,-1,instant_velocity,dbscan_kmeans_fallback,False
30,4,2.82549409672,6.54071047095,0.018415697092000017,0.011193144606999984,0.018415697092000017,0.011193144606999984,0.012099112989444005,0.007348884150788992,0.8545361777366494,0.5193909826782759,0,0,instant_velocity,dbscan_kmeans_fallback,False
30,5,11.5358031237,6.9149290369,-0.07035848615000014,0.017374433419000024,-0.07035848615000014,0.017374433419000024,-0.04682661375261003,0.008816355527196009,-0.9708369904412825,0.23973998836705204,-1,-1,instant_velocity,dbscan_kmeans_fallback,False
30,6,13.4066274831,5.80730890643,-0.023445813220000035,0.007613247611000062,-0.023445813220000035,0.007613247611000062,-0.015621793810710015,0.00532566956475001,-0.951112850867636,0.3088422470875368,-1,-1,instant_velocity,dbscan_kmeans_fallback,False
30,7,12.5437205337,2.86391759656,-0.03718918487000007,0.01591860864100001,-0.03718918487000007,0.01591860864100001,-0.024428874692490006,0.010453514021337,-0.9193202593294706,0.3935095505632805,1,1,instant_velocity,dbscan_kmeans_fallback,False
30,8,13.0414705179,3.4982753442,-0.034621510539999886,0.009999845608000024,-0.034621510539999886,0.009999845608000024,-0.02274633242120999,0.006574910420256006,-0.9607281514500536,0.27749029536594655,1,1,instant_velocity,dbscan_kmeans_fallback,False
30,9,14.1485169946,8.53208783976,-0.006840116060000056,0.022672680973000146,-0.006840116060000056,0.022672680973000146,-0.004493956252890011,0.014895951399261035,-0.2888316004874301,0.9573794765073742,2,2,instant_velocity,dbscan_kmeans_fallback,False
30,10,1.88513598692,8.32230587581,0.027065813098,0.0013603608590001316,0.027065813098,0.0013603608590001316,0.017777819438076,0.0008937570840060174,0.9987389242966093,0.050197839468321695,0,0,instant_velocity,dbscan_kmeans_fallback,False
30,11,1.37286391009,7.87648936994,0.016311045995999994,-0.0007637113590000411,0.016311045995999994,-0.0007637113590000411,0.0107088436149891,-0.0005067702188100069,0.9989050501421858,-0.046770460554349184,0,0,instant_velocity,dbscan_kmeans_fallback,False
30,12,1.04032903688,8.01204813618,0.018541976158100004,0.0045345361950000825,0.018541976158100004,0.0045345361950000825,0.012182078335836,0.0029842021357050215,0.9713736825080619,0.23755445938695877,0,0,instant_velocity,dbscan_kmeans_fallback,False
30,13,0.761252301516,7.52685276336,0.018352557559399997,0.005059587754000017,0.018352557559399997,0.005059587754000017,0.0120620500838001,0.0033326693090910088,0.9640350116972316,0.2657732974722266,0,0,instant_velocity,dbscan_kmeans_fallback,False
30,14,11.5755810294,9.56095023632,0.004209302189999953,0.00207634025699992,0.004209302189999953,0.00207634025699992,0.0027655115403000066,0.0013641555490589924,0.8968250072548234,0.4423806564592256,3,3,instant_velocity,dbscan_kmeans_fallback,False
30,15,11.3705880126,9.21155228954,0.016879301790000058,-0.0008114433190000269,0.016879301790000058,-0.0008114433190000269,0.01154051754165002,-0.0005381301163829977,0.998845888023696,-0.048017793190216686,3,3,instant_velocity,dbscan_kmeans_fallback,False
30,16,10.8389531457,9.40319610871,0.0203519760999999,-0.003985618654999889,0.0203519760999999,-0.003985618654999889,0.013366828530599992,-0.002613539600681987,0.9813584533922328,-0.19218382234057071,3,3,instant_velocity,dbscan_kmeans_fallback,False
30,17,14.4010751261,1.27086343347,-0.06928511409000002,0.036801341115399996,-0.06928511409000002,0.036801341115399996,-0.020785534227000007,0.011040402334620001,-0.8831492758695229,0.4690917837686539,-1,-1,instant_velocity,dbscan_kmeans_fallback,False
30,18,14.7632855798,3.55961091273,0.0,0.0,0.0,0.0,0.0,0.0,0.0,0.0,-1,-1,instant_velocity,dbscan_kmeans_fallback,False
30,21,9.92195666308,1.62980777224,0.004503953345999889,0.003412835135999992,0.004503953345999889,0.003412835135999992,0.0029635171156319794,0.0022422326841419994,0.7970269127856474,0.6039408589141557,4,4,instant_velocity,dbscan_kmeans_fallback,False
30,22,9.47324504935,0.835309298997,0.00498802309799995,0.011932989985700004,0.00498802309799995,0.011932989985700004,0.0032771311753860047,0.007839974420583902,0.3856652350482061,0.9226379463856541,4,4,instant_velocity,dbscan_kmeans_fallback,False
30,23,1.28636275003,4.12189340085,0.02228825510899999,0.008424690930000001,0.02228825510899999,0.008424690930000001,0.011367010105715999,0.00429659237430001,0.9354067040291292,0.3535724235367914,-1,-1,instant_velocity,dbscan_kmeans_fallback,False
30,25,10.9260857011,12.0215327714,-0.006776976529999956,-0.03837649579000004,-0.006776976529999956,-0.03837649579000004,-0.001579182857459999,-0.019804061777699986,-0.17390109926183658,-0.9847628620455462,-1,-1,instant_velocity,dbscan_kmeans_fallback,False
30,213,3.9620056887,12.1000518455,-0.01622685995199995,0.02334092840999986,-0.01622685995199995,0.02334092840999986,-0.009766928063288986,0.017746193789279968,-0.5708199134553339,0.8210748582519907,5,5,instant_velocity,dbscan_kmeans_fallback,False
30,214,3.54233826011,11.9344219445,-0.01380651119099996,0.02310226862000011,-0.01380651119099996,0.02310226862000011,-0.009075297620006997,0.015186710634630014,-0.5129962404566499,0.8583904205868635,5,5,instant_velocity,dbscan_kmeans_fallback,False
30,215,4.46186032406,11.0368224377,-0.00700848815099997,0.02818572233999994,-0.00700848815099997,0.02818572233999994,-0.0046089964823070005,0.018526539734339993,-0.2413058151507521,0.970448769881423,5,5,instant_velocity,dbscan_kmeans_fallback,False
30,216,4.07923475476,10.9110487233,-0.005745697493000001,0.030381392500000003,-0.005745697493000001,0.030381392500000003,-0.0037705034855910003,0.019955563018947013,-0.18582499050643217,0.9825825288857909,5,5,instant_velocity,dbscan_kmeans_fallback,False
30,217,7.75900673145,4.75410321029,0.0025676743370000032,0.0017660825180000118,0.0025676743370000032,0.0017660825180000118,0.0016869620395560023,0.0011517960594660103,0.8239184597992623,0.5667027033533695,6,6,instant_velocity,dbscan_kmeans_fallback,False
30,218,3.40827198528,3.833353703,-0.00984976713000001,0.00446293825499997,-0.00984976713000001,0.00446293825499997,-0.006478810608984004,0.0029371622891879953,-0.9108606593561419,0.41271177561484323,-1,-1,instant_velocity,dbscan_kmeans_fallback,False
30,219,7.28819628122,3.34243049499,-0.00048406975199997147,0.003221907295999982,-0.00048406975199997147,0.003221907295999982,-0.0003255474316379933,0.0021167930936819975,-0.14857522819137192,0.9888980043410595,6,6,instant_velocity,dbscan_kmeans_fallback,False
30,220,8.13531834747,4.16914804119,-0.0024203487600001237,0.0005489175389999268,-0.0024203487600001237,0.0005489175389999268,-0.0015945889029870383,0.0003606388232699837,-0.9752299847306878,0.221175085187838,6,6,instant_velocity,dbscan_kmeans_fallback,False
30,273,14.8401053448,8.01896927037,-0.0055352323800001105,0.01591860864100001,-0.0055352323800001105,0.01591860864100001,-0.0036366476757600094,0.010453514021190009,-0.3284317705130251,0.9445270697140034,2,2,instant_velocity,dbscan_kmeans_fallback,False
30,409,11.0738322081,4.11926814305,-0.008292325309999881,-0.013555876623999995,-0.008292325309999881,-0.013555876623999995,-0.005079891117059971,-0.009059573729237998,-0.521824350130115,-0.8530522194097225,-1,-1,instant_velocity,dbscan_kmeans_fallback,False
40,1,10.5634543172,6.36028366236,0.03872558017000003,0.00899747444899992,0.03872558017000003,0.00899747444899992,0.028881108342354297,0.006258963030921888,0.9740547886180771,0.22631121429412432,-1,-1,instant_velocity,dbscan_kmeans_fallback,False
40,2,12.8427914545,7.34738059398,0.038557208090000114,-0.0013364948780000495,0.038557208090000114,-0.0013364948780000495,0.028631751386817027,-0.0009791662664391078,0.9993995322302355,-0.034641832800331035,-1,-1,instant_velocity,dbscan_kmeans_fallback,False
40,3,7.19980093518,5.17748569498,0.028223371201000002,0.03496366065799998,0.028223371201000002,0.03496366065799998,0.0212696187113097,0.02925448866122489,0.6281145938332652,0.7781205638660789,-1,-1,instant_velocity,dbscan_kmeans_fallback,False
40,4,2.87348014172,6.56457645092,0.004798604500000003,0.0023865979970000063,0.004798604500000003,0.0023865979970000063,0.009908960442610804,0.005860198304652297,0.8953717064183061,0.4453153663962941,0,0,instant_velocity,dbscan_kmeans_fallback,False
40,5,10.8576845405,7.19774089956,-0.06781185831999999,0.028281186266000003,-0.06781185831999999,0.028281186266000003,-0.05312218712282703,0.014655804748837209,-0.9229499270220897,0.3849196799345704,-1,-1,instant_velocity,dbscan_kmeans_fallback,False
40,6,13.1961623735,5.84716509298,-0.02104651095999994,0.0039856186549999785,-0.02104651095999994,0.0039856186549999785,-0.017249208955496993,0.004923654291825,-0.9825369745019621,0.1860649350500359,-1,-1,instant_velocity,dbscan_kmeans_fallback,False
40,7,12.2055031025,3.12811399484,-0.03382174312000004,0.026419639828000017,-0.03382174312000004,0.026419639828000017,-0.027246735220743015,0.015243351763335907,-0.7880648489998713,0.6155918516030583,1,1,instant_velocity,dbscan_kmeans_fallback,False
40,8,12.6910461104,3.60853617167,-0.03504244075000003,0.011026082746999987,-0.03504244075000003,0.011026082746999987,-0.026435164919847,0.0079102621182792,-0.9538941768014021,0.30014222469060425,1,1,instant_velocity,dbscan_kmeans_fallback,False
40,9,14.0801158339,8.75881464948,-0.006840116069999879,0.02267268097199988,-0.006840116069999879,0.02267268097199988,-0.005197804198022972,0.01722897027108269,-0.28883160088613746,0.9573794763870883,2,2,instant_velocity,dbscan_kmeans_fallback,False
40,10,2.15347900169,8.37839092874,0.02683430147700001,0.0056085052929999435,0.02683430147700001,0.0056085052929999435,0.020494764049753204,0.0023081815467041952,0.9788485712086681,0.20458432269514018,0,0,instant_velocity,dbscan_kmeans_fallback,False
40,11,1.57301622934,7.83901978139,0.02001523192500001,-0.00374695885499996,0.02001523192500001,-0.00374695885499996,0.013500760107992373,-0.001478826809666993,0.9829241204809454,-0.18400867153724598,0,0,instant_velocity,dbscan_kmeans_fallback,False
40,12,1.22574879846,8.05763215793,0.018541976157999997,0.004558402174999898,0.018541976157999997,0.004558402174999898,0.014090047682485198,0.0034564621474934844,0.9710845434429183,0.2387336634034616,0,0,instant_velocity,dbscan_kmeans_fallback,False
40,13,0.944777877109,7.5776873007,0.018352557559299997,0.00508345373400001,0.018352557559299997,0.00508345373400001,0.01394920232645007,0.003857904636563709,0.9637132121407059,0.2669378102170449,0,0,instant_velocity,dbscan_kmeans_fallback,False
40,14,11.6176740513,9.5817136389,0.004209302189999953,0.002076340258000009,0.004209302189999953,0.002076340258000009,0.0031986487352099902,0.0015778109617412973,0.8968250071702875,0.442380656630603,3,3,instant_velocity,dbscan_kmeans_fallback,False
40,15,11.4263612667,9.20463115535,0.00557732541,-0.0006921134189999733,0.00557732541,-0.0006921134189999733,0.009751559902155014,-0.0005843251071680904,0.9923863575567803,-0.12314933492423803,3,3,instant_velocity,dbscan_kmeans_fallback,False
40,16,10.9191403525,9.46572497623,0.00801872067999998,0.006252886751999931,0.00801872067999998,0.006252886751999931,0.011762396175419989,4.6388305122588725e-05,0.7885833329648184,0.6149263046214095,3,3,instant_velocity,dbscan_kmeans_fallback,False
40,17,13.7082239852,1.63887684463,-0.06928511409000002,0.036801341115999996,-0.06928511409000002,0.036801341115999996,-0.03533540818590001,0.018768683969034,-0.8831492758663544,0.46909178377461896,-1,-1,instant_velocity,dbscan_kmeans_fallback,False
40,18,14.4557960546,3.76175576308,-0.03074895251999994,0.020214485034999986,-0.03074895251999994,0.020214485034999986,-0.009224685755999983,0.006064345510499997,-0.8356050818150591,0.5493301409384233,1,1,instant_velocity,dbscan_kmeans_fallback,False
40,21,9.96699619654,1.6636974638,0.004503953346000067,0.003388969155999999,0.004503953346000067,0.003388969155999999,0.003425647984742406,0.0025862536256993996,0.7990605104807413,0.601247663056234,4,4,instant_velocity,dbscan_kmeans_fallback,False
40,22,9.52165202457,0.942944868668,0.0048406975220000705,0.010763556967099996,0.0048406975220000705,0.010763556967099996,0.003746201079370224,0.00871704918453873,0.4101597577549042,0.9120127622398427,4,4,instant_velocity,dbscan_kmeans_fallback,False
40,23,1.50924530112,4.20614031015,0.02228825510900001,0.008424690930000001,0.02228825510900001,0.008424690930000001,0.014643383606701203,0.005535021941010008,0.9354067040291292,0.35357242353679114,-1,-1,instant_velocity,dbscan_kmeans_fallback,False
40,24,0.349372081978,2.97608770243,0.0,0.0,0.0,0.0,0.0,0.0,0.0,0.0,-1,-1,instant_velocity,dbscan_kmeans_fallback,False
40,25,10.8585264009,11.6380064732,-0.006755930019999923,-0.03835262981999996,-0.006755930019999923,-0.03835262981999996,-0.0031322070062219766,-0.02536863219038998,-0.17348193517082716,-0.9848367908440889,-1,-1,instant_velocity,dbscan_kmeans_fallback,False
40,213,3.7892138337,12.3045832938,-0.017279185500000026,0.020453144830000092,-0.017279185500000026,0.020453144830000092,-0.012020605294302298,0.018558279101496006,-0.6453471480029528,0.763888939309777,5,5,instant_velocity,dbscan_kmeans_fallback,False
40,214,3.36260105649,12.1284523616,-0.017973720362000022,0.019403041710000048,-0.017973720362000022,0.019403041710000048,-0.011744824442604905,0.016451609957241025,-0.679569409711443,0.7336107013964916,5,5,instant_velocity,dbscan_kmeans_fallback,False
40,215,4.33621265361,11.3155770838,-0.012564767045000026,0.027875464609999945,-0.012564767045000026,0.027875464609999945,-0.006995727651114909,0.021331217197037983,-0.4109303885465501,0.9116663653275764,5,5,instant_velocity,dbscan_kmeans_fallback,False
40,216,3.97168708374,11.1477992446,-0.010754767101999985,0.02367505212999994,-0.010754767101999985,0.02367505212999994,-0.005865782570513695,0.02107140975226289,-0.41359177696211746,0.9104620106832931,5,5,instant_velocity,dbscan_kmeans_fallback,False
40,217,7.78468347483,4.77152537567,0.0025676743379999143,0.00174221653799993,0.0025676743379999143,0.00174221653799993,0.001951175729089176,0.0013289222030261863,0.8274931578277875,0.5614700600124959,6,6,instant_velocity,dbscan_kmeans_fallback,False
40,218,3.22011617727,3.85984494077,-0.018815580800999987,0.0026491237770000175,-0.018815580800999987,0.0026491237770000175,-0.0101798416665888,0.0028507507355316018,-0.9902329459141113,0.13941900967789564,-1,-1,instant_velocity,dbscan_kmeans_fallback,False
40,219,7.28314511859,3.37464956795,-0.000505116263000005,0.003221907296000026,-0.000505116263000005,0.003221907296000026,-0.0003794180810465968,0.002448327354377406,-0.15488321160331642,0.9879296828196484,6,6,instant_velocity,dbscan_kmeans_fallback,False
40,220,8.11090439475,4.17463721659,-0.0024413952719999797,0.0005489175400000157,-0.0024413952719999797,0.0005489175400000157,-0.0018486308136909206,0.0004171224382889933,-0.975639770350027,0.21936053895443178,6,6,instant_velocity,dbscan_kmeans_fallback,False
40,273,14.7845425559,8.17815535678,-0.005556278889999966,0.01591860864099992,-0.005556278889999966,0.01591860864099992,-0.0042125370400319965,0.012093042407132982,-0.3295451708189386,0.9441391815734043,2,2,instant_velocity,dbscan_kmeans_fallback,False
40,409,10.897041516,4.02380422317,-0.017679069210000085,-0.009546391988000025,-0.017679069210000085,-0.009546391988000025,-0.008859644544942006,-0.009205619206866605,-0.8799113143148974,-0.4751369102834271,-1,-1,instant_velocity,dbscan_kmeans_fallback,False
50,1,10.9782810483,6.47961356222,0.04148267310999998,0.011932989986000031,0.03856562668799999,0.008830412589400006,0.032661577772648,0.00796117111744533,0.9610277200418815,0.2764511855134935,-1,-1,instant_velocity,dbscan_kmeans_fallback,False
50,2,13.28539958,7.3309130678,0.04426081254999996,-0.001646752617999958,0.03882660342400001,-0.001350814466399992,0.03332046973577191,-0.001179442171907363,0.9993083616549487,-0.03717992431534196,-1,-1,instant_velocity,dbscan_kmeans_fallback,False
50,3,7.48266604252,5.52043982717,0.028286510734000014,0.034295413219,0.02800448748679999,0.038333537029999996,0.023374686318116795,0.030766766028557425,0.636286368991939,0.7714526600824702,-1,-1,instant_velocity,dbscan_kmeans_fallback,False
50,4,2.88758130406,6.56648572932,0.0014101162339999807,0.0001909278400000325,0.012291162401999997,0.0072266187353999985,0.007359307180027557,0.004159417165256618,0.9909507775474372,0.1341734014130125,-1,-1,instant_velocity,dbscan_kmeans_fallback,False
50,5,10.1795659573,7.48055276222,-0.06781185831999999,0.028281186266000003,-0.07001332336800001,0.018825485001400005,-0.05752908848197892,0.018743419203986048,-0.9229499270220897,0.3849196799345704,-1,-1,instant_velocity,dbscan_kmeans_fallback,False
50,6,12.9856972639,5.88702127953,-0.02104651095999994,0.0039856186549999785,-0.022730231839999993,0.0065249589241999926,-0.018388399556847877,0.004642243600777494,-0.9825369745019621,0.1860649350500359,-1,-1,instant_velocity,dbscan_kmeans_fallback,False
50,7,11.8672856713,3.39231039313,-0.03382174312000004,0.026419639828999975,-0.035837998868000015,0.020114247919999998,-0.02921923759052012,0.018596238183035126,-0.788064848988568,0.6155918516175283,0,0,instant_velocity,dbscan_kmeans_fallback,False
50,8,12.3402007727,3.71999029813,-0.03508453377000009,0.011145412645999997,-0.03479830122400003,0.010438979639400001,-0.02902997557489293,0.00888080727659544,-0.9530655047322687,0.3027632745113537,0,0,instant_velocity,dbscan_kmeans_fallback,False
50,9,14.047493742,8.83279918739,-0.003262209190000043,0.007398453791000037,-0.006124534689999983,0.0196178355364,-0.004617125695616092,0.014279815327057894,-0.4034518489887203,0.9149995257160479,1,1,instant_velocity,dbscan_kmeans_fallback,False
50,10,2.41971736536,8.47671876622,0.026623836366999987,0.009832783747999941,0.0269269061254,0.0039044743231999844,0.022333485744927238,0.00456556220709292,0.9380681579899961,0.34644974568102144,2,2,instant_velocity,dbscan_kmeans_fallback,False
50,11,1.7775883159,7.79797029584,0.020457208656000002,-0.004104948555000032,0.017872697109460003,-0.0020333814936000037,0.015587694672394662,-0.002266663333266905,0.9804555190466903,-0.1967384472549771,2,2,instant_velocity,dbscan_kmeans_fallback,False
50,12,1.45515576795,8.08316875649,0.022940696949000007,0.002553659856000046,0.019421720316219998,0.004147907319000002,0.016745242462439643,0.0031856214600454527,0.9938609662153228,0.11063233420988629,2,2,instant_velocity,dbscan_kmeans_fallback,False
50,13,1.13819531285,7.60561049727,0.0193417435741,0.0027923196569999754,0.01855460406448,0.0046204537224000045,0.015566964700745048,0.0035382291426945887,0.9897386193521852,0.14288611528331258,2,2,instant_velocity,dbscan_kmeans_fallback,False
50,14,11.6597670733,9.60247704147,0.004209302199999954,0.00207634025699992,0.004209302193999989,0.0020763402573999914,0.0035018447746469794,0.0017273697503188841,0.8968250076717844,0.44238065561394196,1,1,instant_velocity,dbscan_kmeans_fallback,False
50,15,11.4821345207,9.19747136136,0.005577325399999999,-0.0007159793990000552,0.012863627500000021,-0.0007732577510000027,0.00849928955150851,-0.0006238213947176799,0.9918588540363629,-0.12732814660694508,1,1,instant_velocity,dbscan_kmeans_fallback,False
50,16,10.9993275592,9.52825384376,0.008018720669999979,0.00625288675300002,0.015414464627999997,0.00011455670379998396,0.010639293523793985,0.0019083378394858183,0.7885833325452565,0.6149263051594559,1,1,instant_velocity,dbscan_kmeans_fallback,False
50,17,13.0488367968,2.01214077138,-0.06593871884000002,0.037326392675,-0.06593871884000002,0.037326392675,-0.04451640138213001,0.0243359965808238,-0.870242088891423,0.49262403795095483,-1,-1,instant_velocity,dbscan_kmeans_fallback,False
50,18,14.1480960644,3.96366195364,-0.030769999019999973,0.020190619055999993,-0.030769999019999973,0.020190619055999993,-0.01568827973519998,0.010302227574149996,-0.8360750131956165,0.5486146451516161,0,0,instant_velocity,dbscan_kmeans_fallback,False
50,19,14.8523123212,4.64193310443,0.0,0.0,0.0,0.0,0.0,0.0,0.0,0.0,-1,-1,instant_velocity,dbscan_kmeans_fallback,False
50,21,10.01203573,1.69782581516,0.004503953345999889,0.003412835136000014,0.004508162648199985,0.003408061939800002,0.003749139593119651,0.0028342280787895836,0.7970269127856454,0.6039408589141582,3,3,instant_velocity,dbscan_kmeans_fallback,False
50,22,9.56479737204,1.00428043719,0.004314534746999854,0.006133556852200006,0.00482386031259999,0.010539216755260001,0.003916701179659114,0.007942001484837114,0.5753435175516255,0.8179102455720114,3,3,instant_velocity,dbscan_kmeans_fallback,False
50,23,1.73633715441,4.35148412818,0.022709185328999994,0.014534381802999975,0.022709185328999994,0.014534381802999975,0.017063124123390838,0.008234829899606999,0.8422626146409252,0.5390667363109373,-1,-1,instant_velocity,dbscan_kmeans_fallback,False
50,24,0.917627877967,3.13121657224,0.0568255795989,0.015512886980999997,0.0568255795989,0.015512886980999997,0.017047673879670003,0.0046538660943,0.9646989800273125,0.2633543969719468,-1,-1,instant_velocity,dbscan_kmeans_fallback,False
50,25,10.7854950079,11.3014961556,-0.007303139300000083,-0.03365103176000002,-0.0035947440720000045,-0.03124534097999998,-0.004383486694355409,-0.02785335206127299,-0.2120884218224008,-0.9772501831744891,-1,-1,instant_velocity,dbscan_kmeans_fallback,False
50,74,12.9997984262,12.7146008297,0.0,0.0,0.0,0.0,0.0,0.0,0.0,0.0,-1,-1,instant_velocity,dbscan_kmeans_fallback,False
50,75,0.355686035267,8.47480948782,0.0,0.0,0.0,0.0,0.0,0.0,0.0,0.0,2,2,instant_velocity,dbscan_kmeans_fallback,False
50,213,3.61621151359,12.5091147422,-0.01730023201099997,0.020453144839999916,-0.015650185551599992,0.024887443913999975,-0.0136044933093116,0.01912673882304718,-0.645805480348229,0.763501496374705,4,4,instant_velocity,dbscan_kmeans_fallback,False
50,214,3.1725510625,12.3134137064,-0.019004999398999977,0.01849613447999996,-0.0156838599692,0.021450742797999994,-0.013922876929523428,0.017064967314068705,-0.7166354970003177,0.6974473530557938,4,4,instant_velocity,dbscan_kmeans_fallback,False
50,215,4.18699289089,11.5926611113,-0.014921976271999959,0.027708402750000083,-0.009706650856000002,0.028037753270000004,-0.009373602237380423,0.02324437286292661,-0.47415059077797717,0.880443400655925,4,4,instant_velocity,dbscan_kmeans_fallback,False
50,216,3.84267197154,11.3556719302,-0.012901511219999984,0.020787268559999995,-0.008174464857999988,0.02711652644419999,-0.007976501165359582,0.02098616739458402,-0.527335165621105,0.8496568752275209,4,4,instant_velocity,dbscan_kmeans_fallback,False
50,217,7.8103602182,4.78894754105,0.0025676743370000032,0.0017422165380000187,0.0025676743373999854,0.0017469897339999997,0.0021361253114624244,0.001452910503518336,0.8274931577261856,0.5614700601622349,5,5,instant_velocity,dbscan_kmeans_fallback,False
50,218,3.00965106765,3.88156298254,-0.021046510961999988,0.002171804177000025,-0.013890697235199995,0.0036467217396000074,-0.013439842455212157,0.0026470667679721286,-0.9947175158902772,0.10264559574012658,-1,-1,instant_velocity,dbscan_kmeans_fallback,False
50,219,7.27809395596,3.40686864091,-0.000505116263000005,0.003221907295999982,-0.0005009069609999983,0.0032219072961999994,-0.0004171275356326193,0.0026804013368641787,-0.1548832116033185,0.9879296828196481,5,5,instant_velocity,dbscan_kmeans_fallback,False
50,220,8.08670090714,4.18012639198,-0.0024203487610000352,0.0005489175390000156,-0.002428767365200031,0.0005489175393999979,-0.0020201461978836548,0.00045666096850229996,-0.9752299847503907,0.2211750851009688,5,5,instant_velocity,dbscan_kmeans_fallback,False
50,273,14.729190232,8.33710278339,-0.0055352323899999336,0.015894742661000015,-0.005539441685999975,0.015909062248799996,-0.004609345645022378,0.013233552483293092,-0.3288716107787319,0.9443740124227313,1,1,instant_velocity,dbscan_kmeans_fallback,False
50,409,10.7202508239,3.92834030328,-0.01767906920999991,-0.00954639198899998,-0.011634511259999982,-0.012123917825600001,-0.011505471944459379,-0.009307851041506618,-0.8799113142940881,-0.47513691032196426,-1,-1,instant_velocity,dbscan_kmeans_fallback,False
60,1,11.3928973142,6.59894346208,0.04146162659000012,0.011932989986000031,0.03934855689460001,0.009670495084400006,0.03530159241785363,0.00915271677801174,0.9609904299768833,0.27658078374382417,-1,-1,instant_velocity,dbscan_kmeans_fallback,False
60,2,13.7282181707,7.31444554162,0.04428185907,-0.001646752618000047,0.040261975471999986,-0.0014271856022000052,0.03660888653604033,-0.0013196353057351683,0.9993090181617441,-0.03716227765522557,-1,-1,instant_velocity,dbscan_kmeans_fallback,False
60,3,7.76553114985,5.86363261916,0.028286510733000016,0.034319279199,0.02809288283280001,0.037035227719599995,0.024848233642581763,0.031832519979690194,0.6360229204313542,0.7716698743539934,-1,-1,instant_velocity,dbscan_kmeans_fallback,False
60,4,2.90168246641,6.56839500771,0.0014101162350000252,0.0001909278390000324,0.0088900462306,0.005026175381800009,0.005574549896519297,0.002968870367379642,0.9909507776535308,0.1341734006294785,0,0,instant_velocity,dbscan_kmeans_fallback,False
60,5,9.5288078383,7.70871153074,-0.06507581189999989,0.022815876851999928,-0.06862004434199999,0.0213695984662,-0.059793105507385216,0.019965156498390212,-0.9436801928866118,0.33085858539357704,-1,-1,instant_velocity,dbscan_kmeans_fallback,False
60,6,12.8089065718,5.90611406351,-0.017679069210000085,0.0019092783979999695,-0.02145481327599999,0.005202783633799992,-0.01817560045279354,0.0038223540399442363,-0.9942183349999182,0.10737214540893987,-1,-1,instant_velocity,dbscan_kmeans_fallback,False
60,7,11.5265426589,3.65793875021,-0.0340743012399999,0.02656283570800002,-0.03521502214199998,0.0222430933334,-0.030675756685364056,0.020986217440524594,-0.7886718007495136,0.6148140595249935,-1,-1,instant_velocity,dbscan_kmeans_fallback,False
60,8,11.9895659,3.8312057648,-0.03506348726999988,0.011121546667000003,-0.03488669657199999,0.010663319851199997,-0.030840029083425015,0.00955302909371681,-0.953200176071485,0.3023390160693414,1,1,instant_velocity,dbscan_kmeans_fallback,False
60,9,14.01487165,8.90702238511,-0.0032622092000000437,0.00742231977200003,-0.005408953316000015,0.01656776329620001,-0.004210650746931278,0.012222566660540534,-0.40236488799832143,0.9154780336431148,2,2,instant_velocity,dbscan_kmeans_fallback,False
60,10,2.68595572904,8.5748079439,0.026623836367999986,0.009808917768000035,0.026838510779399995,0.005594185705199983,0.023620590931849064,0.006138568875365055,0.9383412318063691,0.3457094557633039,0,0,instant_velocity,dbscan_kmeans_fallback,False
60,11,1.98194993734,7.75715947009,0.020436162143999993,-0.00408108257499995,0.018701929641200002,-0.0026968557365999856,0.017042234913876263,-0.0028109891057868184,0.9806369146858388,-0.1958322798931738,0,0,instant_velocity,dbscan_kmeans_fallback,False
60,12,1.69571738825,8.10345483947,0.024056162030000005,0.002028608298000023,0.020524557490620002,0.0036467217396000074,0.01893851833270775,0.0028385175114318236,0.9964628323414733,0.08402972875788026,0,0,instant_velocity,dbscan_kmeans_fallback,False
60,13,1.35434298044,7.5795965791,0.021614766759000002,-0.0026013918169999427,0.01920704590442,0.0030834846124000136,0.017381305318221532,0.0016963428547862292,0.9928349184659323,-0.1194901921138552,0,0,instant_velocity,dbscan_kmeans_fallback,False
60,14,11.7018600952,9.62324044405,0.00420930219000013,0.002076340258000009,0.004209302192000024,0.0020763402575999733,0.0037140819992529245,0.0018320609026232215,0.8968250071702949,0.442380656630588,2,2,instant_velocity,dbscan_kmeans_fallback,False
60,15,11.5379077748,9.19055022717,0.00557732541,-0.0006921134189999733,0.010350674091999999,-0.000749391770999992,0.007622700309055956,-0.0006443090020023679,0.9923863575567803,-0.12314933492423803,2,2,instant_velocity,dbscan_kmeans_fallback,False
60,16,11.079514766,9.59078271128,0.008018720680000157,0.006252886751999931,0.012947813544000012,0.0021622577854000014,0.009853121670655836,0.0032117025132400523,0.7885833329648251,0.6149263046214012,2,2,instant_velocity,dbscan_kmeans_fallback,False
60,17,12.5226740227,2.40688408011,-0.05261627740999995,0.03947433087300003,-0.05261627740999995,0.03947433087300003,-0.04694636419049099,0.028877496868476668,-0.799911405696727,0.6001178542432958,-1,-1,instant_velocity,dbscan_kmeans_fallback,False
60,18,13.8551286318,4.12690525664,-0.029296743260000112,0.016324330299999978,-0.029296743260000112,0.016324330299999978,-0.01977081879264002,0.012108858391904991,-0.8735441470565023,0.4867443135787661,1,1,instant_velocity,dbscan_kmeans_fallback,False
60,19,14.6746797686,4.5822681545,-0.017763255259999867,-0.005966494992999926,-0.017763255259999867,-0.005966494992999926,-0.005328976577999961,-0.0017899484978999782,-0.9479532816582014,-0.3184077707506608,-1,-1,instant_velocity,dbscan_kmeans_fallback,False
60,21,10.0572857286,1.73195416652,0.004524999860000101,0.003412835135999992,0.004512371950999992,0.003408061939800002,0.003981897673183786,0.003007810195952706,0.7983793572510859,0.6021518688585187,3,3,instant_velocity,dbscan_kmeans_fallback,False
60,22,9.60794271951,1.06537734592,0.004314534747000031,0.006109690872999995,0.004689162642400007,0.00937455693272,0.004036051249861389,0.007392308301285978,0.5768440889874906,0.8168526323913373,3,3,instant_velocity,dbscan_kmeans_fallback,False
60,23,1.967848775,4.55840217453,0.02315116205900001,0.020691804635000022,0.022545022543119998,0.012100051845600009,0.01888953550407359,0.011971922320224907,0.7455993379059545,0.6663940149793831,-1,-1,instant_velocity,dbscan_kmeans_fallback,False
60,24,1.48588367396,3.28634544205,0.05682557959930001,0.015512886980999997,0.05682557959930001,0.015512886980999997,0.02898104559555901,0.00791157236031,0.9646989800277835,0.26335439697022156,-1,-1,instant_velocity,dbscan_kmeans_fallback,False
60,25,10.7046764058,11.0351518192,-0.008081860209999903,-0.026634433640000132,-0.005678348657999983,-0.032328856467999996,-0.005492998749048757,-0.027487676534891134,-0.29036330558782786,-0.9569161051067194,-1,-1,instant_velocity,dbscan_kmeans_fallback,False
60,74,12.982119357,12.6401389722,-0.001767906919999973,-0.007446185749999934,-0.001767906919999973,-0.007446185749999934,-0.000530372075999992,-0.0022338557249999805,-0.23100259159547346,-0.9729517919140761,-1,-1,instant_velocity,dbscan_kmeans_fallback,False
60,75,0.560679052042,8.48101464262,0.020499301677499998,0.0006205154799999946,0.020499301677499998,0.0006205154799999946,0.00614979050325,0.0001861546439999984,0.9995416883823741,0.030256205811506183,0,0,instant_velocity,dbscan_kmeans_fallback,False
60,76,0.29212557216,7.76002338768,0.0,0.0,0.0,0.0,0.0,0.0,0.0,0.0,0,0,instant_velocity,dbscan_kmeans_fallback,False
60,213,3.37733361416,12.6933601076,-0.023887789943000025,0.01842453654000007,-0.017683278510799996,0.022553351074000007,-0.016689482299418128,0.018916078138133046,-0.7918330837258749,0.6107370175097953,4,4,instant_velocity,dbscan_kmeans_fallback,False
60,214,2.9825010685,12.4981363914,-0.01900499940000002,0.01847226849999988,-0.016723557611000004,0.020519969580000002,-0.015447513670666404,0.017487157669848055,-0.717085430395037,0.6969847422197278,4,4,instant_velocity,dbscan_kmeans_fallback,False
60,215,4.03756266306,11.8697451387,-0.014943022782999993,0.027708402740000082,-0.01129355778239999,0.027937516154000017,-0.011044428401066293,0.024583581826048653,-0.47466875422056254,0.8801641542700622,4,4,instant_velocity,dbscan_kmeans_fallback,False
60,216,3.71365685934,11.5635446157,-0.012901511220000028,0.020787268549999995,-0.00960562760340001,0.025197701654000006,-0.009454004181751716,0.020926497741208812,-0.5273351658042436,0.8496568751138568,4,4,instant_velocity,dbscan_kmeans_fallback,False
60,217,7.83603696158,4.80636970643,0.0025676743380000032,0.0017422165380000187,0.0025676743373999854,0.0017469897339999997,0.002265590019423698,0.0015397023138628407,0.8274931578277832,0.5614700600125021,5,5,instant_velocity,dbscan_kmeans_fallback,False
60,218,2.79918595802,3.90328102431,-0.02104651096300003,0.002171804176999981,-0.0161258366994,0.0031884949242000004,-0.01572184300754852,0.0025044879906804844,-0.9947175158907755,0.10264559573529859,-1,-1,instant_velocity,dbscan_kmeans_fallback,False
60,219,7.27304279333,3.43908771387,-0.000505116263000005,0.003221907295999982,-0.0005009069607999983,0.0032219072961999994,-0.00044352415384283505,0.0028428531246049195,-0.1548832116033185,0.9879296828196481,5,5,instant_velocity,dbscan_kmeans_fallback,False
60,220,8.06249741953,4.18561556737,-0.0024203487609998574,0.0005489175390000156,-0.0024287673651999953,0.0005489175391999979,-0.0021402069668185154,0.0004843379396516147,-0.9752299847503871,0.22117508510098427,5,5,instant_velocity,dbscan_kmeans_fallback,False
60,273,14.6622623272,8.4955728904,-0.0066927904799999995,0.01584701070100003,-0.005770953305999988,0.015894742660999998,-0.005234379095515665,0.014017589948605174,-0.3890621144706582,0.9212108924961028,2,2,instant_velocity,dbscan_kmeans_fallback,False
60,409,10.5390403645,3.8304897854,-0.01812104594000008,-0.009785051787999998,-0.013806511191999995,-0.011283835330399991,-0.01349014414312159,-0.009451011265454633,-0.8799113249876241,-0.47513691606763625,-1,-1,instant_velocity,dbscan_kmeans_fallback,False
70,1,11.8077240453,6.71827336193,0.04148267310999998,0.011932989984999942,0.040135696405200004,0.010505804383399991,0.03715591662549754,0.0099867987401082,0.9610277200480369,0.2764511854920952,-1,-1,instant_velocity,dbscan_kmeans_fallback,False
70,2,14.1725100171,7.29057956165,0.04442918464000005,-0.0023865979969999174,0.041726812634000014,-0.0016562990099999908,0.038954975967228245,-0.0016397241131145932,0.9985601377974664,-0.05363955346157332,-1,-1,instant_velocity,dbscan_kmeans_fallback,False
70,3,8.12668927797,6.09704190328,0.03611581281199996,0.02334092841200004,0.029751347896600003,0.033546021447799994,0.028228507393407223,0.029285042509383144,0.8398681632472397,0.5427900176555995,-1,-1,instant_velocity,dbscan_kmeans_fallback,False
70,4,2.91557316364,6.57030428611,0.0013890697229999916,0.00019092783999994368,0.005484720756800003,0.0028305052245999997,0.004318905844463506,0.0021354876091657323,0.990678437834639,0.1361688986077535,-1,-1,instant_velocity,dbscan_kmeans_fallback,False
70,5,8.88983576547,7.9132429791,-0.06389720728300005,0.020453144836000005,-0.0669910443946,0.02344116552779999,-0.06102433604006967,0.02011155299967315,-0.9523978755077716,0.30485732503119445,-1,-1,instant_velocity,dbscan_kmeans_fallback,False
70,6,12.7668135499,5.84239189699,-0.004209302189999953,-0.006372216651999984,-0.01748544130799999,0.002224309333400001,-0.013985710973955462,0.0007639828323609695,-0.551173376584136,-0.8343891718566608,0,0,instant_velocity,dbscan_kmeans_fallback,False
70,7,11.1756973211,3.92834030328,-0.03508453378000009,0.027040155307000012,-0.03479830122600003,0.024472175862600008,-0.031998389813754864,0.02280239880046722,-0.7920555664777097,0.6104486285503973,1,1,instant_velocity,dbscan_kmeans_fallback,False
70,8,11.7075426531,3.9987449442,-0.028202324689999968,0.016753917939999984,-0.03360285940399997,0.012009361121599999,-0.0300487177653975,0.011713295747601762,-0.8597368588691086,0.5107366481953091,1,1,instant_velocity,dbscan_kmeans_fallback,False
70,9,13.9820390929,8.98100692302,-0.003283255710000077,0.007398453791000037,-0.00469758124600002,0.013512917859800027,-0.0039324322358519175,0.010775332799678385,-0.4056276450836621,0.9140370575959699,2,2,instant_velocity,dbscan_kmeans_fallback,False
70,10,2.93788246526,8.664066709,0.025192673622000016,0.008925876510000031,0.0264680921864,0.007107288835600016,0.02409221573889435,0.0069747611657555485,0.9425859937201861,0.3339624172582805,3,3,instant_velocity,dbscan_kmeans_fallback,False
70,11,2.20209644201,7.75763678969,0.02201465046700002,4.773195999998592e-05,0.019846859837600005,-0.0025297938767999996,0.01853395957981339,-0.0019533727860507766,0.999997195242253,0.0021681846002938533,3,3,instant_velocity,dbscan_kmeans_fallback,False
70,12,1.93627900855,8.12397958225,0.024056162029999984,0.002052474277999927,0.02162739466502,0.0031455361603999954,0.02047381144189542,0.0026027045414022546,0.9963795791211453,0.08501121062953472,3,3,instant_velocity,dbscan_kmeans_fallback,False
70,13,1.57049064803,7.55382132073,0.021614766759000002,-0.0025775258370000385,0.01985527844216,0.001551288698200004,0.018651343750455074,0.0004141822472503486,0.9929643986938634,-0.11840939212489793,3,3,instant_velocity,dbscan_kmeans_fallback,False
70,14,11.7439531171,9.64400384662,0.004209302189999953,0.0020763402570000977,0.004209302191999989,0.0020763402573999914,0.003862648056477033,0.0019053447089362845,0.8968250072548083,0.442380656459256,2,2,instant_velocity,dbscan_kmeans_fallback,False
70,15,11.5934705637,9.18339043317,0.005556278889999966,-0.0007159793999999664,0.007833511380000005,-0.000725525791199999,0.007002773883339159,-0.0006658101214016475,0.9917978266302582,-0.12780258638745315,2,2,instant_velocity,dbscan_kmeans_fallback,False
70,16,11.1597019728,9.65331157881,0.00801872067999998,0.00625288675300002,0.010485371762,0.004205185671000002,0.009302801373459079,0.004124057785168043,0.7885833329171257,0.6149263046825709,2,2,instant_velocity,dbscan_kmeans_fallback,False
70,17,11.9965112487,2.80138872904,-0.05261627740000012,0.03945046489299999,-0.06194830036600003,0.03797077413448,-0.048647338153343725,0.03204938727583367,-0.8000855823469437,0.5998856197639988,-1,-1,instant_velocity,dbscan_kmeans_fallback,False
70,18,13.5960460818,4.20041247496,-0.02590825499999987,0.0073507218320000515,-0.02590825499999987,0.0073507218320000515,-0.021612049654847976,0.010681417423933508,-0.9620284347070603,0.27294788545218734,1,1,instant_velocity,dbscan_kmeans_fallback,False
70,19,14.4970472161,4.52260320457,-0.017763255250000044,-0.005966494993000016,-0.017763255250000044,-0.005966494993000016,-0.009059260179599987,-0.0030429124464299894,-0.9479532816040962,-0.31840777091173983,0,0,instant_velocity,dbscan_kmeans_fallback,False
70,21,10.102325262,1.76608251788,0.004503953340000066,0.003412835135999992,0.004508162647600003,0.003408061939999998,0.0041385143732286704,0.0031293176779668913,0.7970269123983815,0.603940859425232,4,4,instant_velocity,dbscan_kmeans_fallback,False
70,22,9.65108806699,1.12671291445,0.00431453474800012,0.006133556853000011,0.004554464972400005,0.008214670306200003,0.004119596299303008,0.0070146828668001876,0.5753435175906558,0.8179102455445565,4,4,instant_velocity,dbscan_kmeans_fallback,False
70,23,2.19936039559,4.76532022088,0.023151162058999985,0.020691804634999932,0.022717603932999996,0.014553474586599986,0.02016802347055151,0.014587887014657415,0.7455993379059556,0.6663940149793818,-1,-1,instant_velocity,dbscan_kmeans_fallback,False
70,24,2.01120458758,3.38109338254,0.05253209136199999,0.009474794049000002,0.05253209136199999,0.009474794049000002,0.0360463593254913,0.008380538866917,0.984120963011241,0.17749804361643945,-1,-1,instant_velocity,dbscan_kmeans_fallback,False
70,25,10.6236473386,10.7690461425,-0.008102906720000113,-0.026610567669999873,-0.007404162555999996,-0.032725031736000006,-0.006275971140334164,-0.027224543875423755,-0.29129437542705056,-0.956633089463946,-1,-1,instant_velocity,dbscan_kmeans_fallback,False
70,74,12.9646507529,12.5654384549,-0.0017468604099999396,-0.007470051730000015,-0.0017468604099999396,-0.007470051730000015,-0.0008953185761999763,-0.0038047145264999914,-0.22770502620698677,-0.9737288195496164,-1,-1,instant_velocity,dbscan_kmeans_fallback,False
70,75,0.765672068818,8.48721979741,0.0204993016776,0.0006205154790000833,0.0204993016776,0.0006205154790000833,0.010454643855555001,0.00031646289450002385,0.999541688383853,0.03025620576264788,3,3,instant_velocity,dbscan_kmeans_fallback,False
70,76,0.539843006189,7.76694452187,0.024771743402900004,0.0006921134189999733,0.024771743402900004,0.0006921134189999733,0.0074315230208700025,0.00020763402569999205,0.9996095134498052,0.02792872293104938,3,3,instant_velocity,dbscan_kmeans_fallback,False
70,213,3.13129990101,12.8754575347,-0.024603371314999966,0.018209742710000042,-0.01985948774419999,0.020176299465999997,-0.01906364900409268,0.018704177509693144,-0.8037908961666265,0.5949113730975144,5,5,instant_velocity,dbscan_kmeans_fallback,False
70,214,2.75856619186,12.669016808,-0.022393487664,0.01708804166000011,-0.018436743603199995,0.01931235099400002,-0.017531305868666483,0.017367422866893672,-0.7949805008183787,0.6066343983885567,5,5,instant_velocity,dbscan_kmeans_fallback,False
70,215,3.8176266235,12.0995745259,-0.02199360395600003,0.02298293871999988,-0.014286371641399995,0.026892186231999987,-0.014329181067546415,0.02410338889423402,-0.6913853153121053,0.7224857902104296,5,5,instant_velocity,dbscan_kmeans_fallback,False
70,216,3.52781616754,11.7494605997,-0.018584069179999975,0.01859159840000011,-0.012177511242999994,0.022844516028000007,-0.012193023681226194,0.020226027938846203,-0.7069632868026929,0.7072497085796892,5,5,instant_velocity,dbscan_kmeans_fallback,False
70,217,7.86171370495,4.82379187181,0.0025676743370000032,0.0017422165380000187,0.0025676743373999854,0.0017469897339999997,0.0023562153146965896,0.001600456581103994,0.8274931577261856,0.5614700601622349,6,6,instant_velocity,dbscan_kmeans_fallback,False
70,218,2.55862433772,3.89349597253,-0.024056162029999984,-0.000978505178000022,-0.0189629063772,0.0020954330415999946,-0.018222138714283957,0.0014595900400763322,-0.9991733471646017,-0.04064223930238372,-1,-1,instant_velocity,dbscan_kmeans_fallback,False
70,219,7.2679916307,3.47106812703,-0.000505116263000005,0.003198041316000033,-0.0005009069607999983,0.003217134100000001,-0.00046200178658998604,0.002949409582023454,-0.15601102187254362,0.9877521874598093,6,6,instant_velocity,dbscan_kmeans_fallback,False
70,220,8.03808346682,4.19134340257,-0.0024413952710000686,0.0005727835200000087,-0.002428767365000013,0.0005536907353999965,-0.0022305634580729815,0.0005108716137561329,-0.9735608846227991,0.22841021978392842,6,6,instant_velocity,dbscan_kmeans_fallback,False
70,273,14.5679739581,8.65261103861,-0.009428836910000094,0.015703814821000073,-0.00654967421000002,0.01585655709300001,-0.006492716439860994,0.014523457410323643,-0.514758305317937,0.8573347043166345,2,2,instant_velocity,dbscan_kmeans_fallback,False
70,274,15.0091088278,8.832083208,0.0,0.0,0.0,0.0,0.0,0.0,0.0,0.0,2,2,instant_velocity,dbscan_kmeans_fallback,False
70,409,10.3548833936,3.73096864892,-0.018415697090000016,-0.009952113648000038,-0.016037441351999995,-0.010477165207400007,-0.014967810027185117,-0.009601341980218255,-0.8797523956412125,-0.4754311379435071,-1,-1,instant_velocity,dbscan_kmeans_fallback,False
80,1,12.2225507764,6.81612387982,0.04148267310999998,0.009785051789000044,0.040927045218000016,0.010916299238999994,0.038453943570848276,0.009926274654775753,0.9732890328967105,0.2295822057393949,-1,-1,instant_velocity,dbscan_kmeans_fallback,False
80,2,14.6210111657,7.2490527565,0.04485011486000001,-0.004152680515000018,0.04327583584200003,-0.002233855725199998,0.040723517635059776,-0.0023936110336802204,0.9957406729035361,-0.09219581495536708,-1,-1,instant_velocity,dbscan_kmeans_fallback,False
80,3,8.52131135852,6.28343520686,0.039462208055000045,0.018639330358000007,0.032074882707000006,0.029111722369200007,0.03159861759188507,0.026091328863968203,0.9042095185832949,0.4270886187167299,-1,-1,instant_velocity,dbscan_kmeans_fallback,False
80,4,2.92967432599,6.57221356451,0.0014101162350000252,0.0001909278400000325,0.002083604585400005,0.0006300618712000095,0.0034462689616244616,0.0015521196784160222,0.9909507775600939,0.13417340131957137,-1,-1,instant_velocity,dbscan_kmeans_fallback,False
80,5,8.25107415776,8.11777442745,-0.06387616077100003,0.020453144835000003,-0.06569457931879999,0.02405690781099999,-0.06187988345934878,0.020214030550271204,-0.9523687075985028,0.3049484326815935,-1,-1,instant_velocity,dbscan_kmeans_fallback,False
80,6,12.724720528,5.77866973046,-0.004209302189999953,-0.006372216652999985,-0.013638139101999975,-0.0005727835194000086,-0.011052788338768807,-0.0013768770132473172,-0.5511733765239167,-0.8343891718964402,0,0,instant_velocity,dbscan_kmeans_fallback,False
80,7,10.8248519834,4.19874185636,-0.03508453376999991,0.02704015530799997,-0.034377371005999996,0.026696485196,-0.03292423300062838,0.024073725752727045,-0.7920555663826654,0.6104486286737167,1,1,instant_velocity,dbscan_kmeans_fallback,False
80,8,11.4333066153,4.17225061859,-0.02742360378000015,0.017350567438999986,-0.032163278052000026,0.013479505487799992,-0.029261183569778297,0.01340447725502123,-0.8450654802083011,0.5346622465213051,1,1,instant_velocity,dbscan_kmeans_fallback,False
80,9,13.9494170009,9.05499146093,-0.003262209199999866,0.0073984537909998595,-0.003981999873999982,0.010458072423399968,-0.003731365325096302,0.009762269097074828,-0.4034518500241451,0.9149995252594976,2,2,instant_velocity,dbscan_kmeans_fallback,False
80,10,3.06163594972,8.67098784319,0.01237534844599999,0.0006921134189999733,0.023529999256,0.006973639347599985,0.02057715555102604,0.005089966841728876,0.998438951120509,0.055839477905458186,3,3,instant_velocity,dbscan_kmeans_fallback,False
80,11,2.44581503896,7.82040431701,0.024371859694999998,0.006276752732000013,0.021459022577400004,-0.0011217010585999887,0.020285329614369373,0.0005156648693644605,0.9683994886829613,0.24940255738897127,3,3,instant_velocity,dbscan_kmeans_fallback,False
80,12,2.16400225717,8.1593012326,0.022772324862000003,0.003532165035000112,0.0224734644058,0.002945061928400001,0.021163365467926794,0.0028815426894816115,0.9881831485790503,0.15327490656923168,3,3,instant_velocity,dbscan_kmeans_fallback,False
80,13,1.78663831561,7.52804606236,0.021614766758000004,-0.0025775258370000385,0.020507720281880002,2.386597999999296e-05,0.019540370652718554,-0.0004833301780247677,0.9929643986932193,-0.11840939213029927,3,3,instant_velocity,dbscan_kmeans_fallback,False
80,14,11.786046139,9.6647672492,0.004209302189999953,0.002076340258000009,0.004209302191999989,0.002076340257600009,0.003966644296533909,0.001956643373655402,0.8968250071702875,0.442380656630603,2,2,instant_velocity,dbscan_kmeans_fallback,False
80,15,11.6492438178,9.17646929898,0.00557732541,-0.0006921134189999733,0.005573116103999993,-0.0007016598111999884,0.006575139341337411,-0.0006737011106811453,0.9923863575567803,-0.12314933492423803,2,2,instant_velocity,dbscan_kmeans_fallback,False
80,16,11.2238938312,9.71249920914,0.0064191858399999194,0.005918763033000119,0.007698813710000003,0.006186062008600004,0.00843771671342133,0.004662469359517666,0.7351814680291884,0.6778686587328921,2,2,instant_velocity,dbscan_kmeans_fallback,False
80,17,11.4724531257,3.17178873819,-0.052405812299999965,0.037040000914999996,-0.058572440008000014,0.0380185060944,-0.0497748803973406,0.033546571367583565,-0.816617671559726,0.5771787130905217,-1,-1,instant_velocity,dbscan_kmeans_fallback,False
80,18,13.3369635319,4.27391969327,-0.025908254990000046,0.007350721830999963,-0.02852644095799999,0.014286175610799994,-0.022900911255393598,0.009682208746053444,-0.9620284346891482,0.27294788551531973,1,1,instant_velocity,dbscan_kmeans_fallback,False
80,19,14.3196251287,4.46293825464,-0.017742208740000008,-0.005966494993000016,-0.017742208740000008,-0.005966494993000016,-0.011664144747719995,-0.003919987210400998,-0.9478392281869594,-0.31874712399232485,0,0,instant_velocity,dbscan_kmeans_fallback,False
80,21,10.5485112944,1.64197942203,0.04461860324,-0.012410309585000001,0.012531092626400024,0.00024343299579999923,0.016282541033260073,-0.001532570500923177,0.9634271447463456,-0.2679695969993066,-1,-1,instant_velocity,dbscan_kmeans_fallback,False
80,22,9.8329299217,1.13602064664,0.018184185470999915,0.0009307732189999917,0.007193697446999998,0.00601422695286,0.00833897305081208,0.005189509972460129,0.998692023771921,0.05111891270787245,-1,-1,instant_velocity,dbscan_kmeans_fallback,False
80,23,2.52137201331,4.94503105006,0.03220116177200003,0.017971082918000026,0.024700185265600007,0.01646275298419999,0.023777964960986067,0.015602845785660199,0.8732166046136289,0.48733173411560704,-1,-1,instant_velocity,dbscan_kmeans_fallback,False
80,24,2.52558131551,3.46056709585,0.051437672793000024,0.007947371331000009,0.051437672793000024,0.007947371331000009,0.04066375336574392,0.008250588606141902,0.9882734651527864,0.1526930706167589,-1,-1,instant_velocity,dbscan_kmeans_fallback,False
80,25,10.4131822289,10.5248971674,-0.021046510969999942,-0.024414897509999988,-0.010258069443999993,-0.029932712079999993,-0.010707133089233899,-0.026381649965796623,-0.6529249243269427,-0.7574222222338665,-1,-1,instant_velocity,dbscan_kmeans_fallback,False
80,74,12.9471821488,12.4909765974,-0.0017468604100001172,-0.007446185750000112,-0.0017468604100001172,-0.007446185750000112,-0.0011507811263400188,-0.004897155893550028,-0.2283968353177638,-0.9735667777187422,-1,-1,instant_velocity,dbscan_kmeans_fallback,False
80,75,0.970875550703,8.4931862924,0.020520348188500005,0.0005966494990000016,0.020520348188500005,0.0005966494990000016,0.013474355155438503,0.0004005188758500172,0.9995770742407908,0.029063695950923854,3,3,instant_velocity,dbscan_kmeans_fallback,False
80,76,0.787349975109,7.77410431587,0.02475069689199999,0.0007159793999999664,0.02475069689199999,0.0007159793999999664,0.012627275182208998,0.00036013763798998437,0.9995814543653174,0.028915538543033848,3,3,instant_velocity,dbscan_kmeans_fallback,False
80,213,2.88505572275,13.0575549619,-0.024624417826,0.018209742719999866,-0.021538999319,0.019150062327999998,-0.020731879650664878,0.01855584707278516,-0.8040340456898358,0.5945827110955443,4,4,instant_velocity,dbscan_kmeans_fallback,False
80,214,2.52031968777,12.8339307296,-0.023824650409000014,0.016491392160000017,-0.02044037144680001,0.017990175702,-0.01941930923076654,0.017104613654825577,-0.8222338445698231,0.5691492024119313,4,4,instant_velocity,dbscan_kmeans_fallback,False
80,215,3.55075686449,12.2974234998,-0.026686975901,0.01978489739000011,-0.0182220691914,0.02521202124200002,-0.01803651951758249,0.02280784144296385,-0.8033154814314921,0.595553217827317,4,4,instant_velocity,dbscan_kmeans_fallback,False
80,216,3.30430222112,11.9210569957,-0.022351394642000023,0.0171596396,-0.015498650672799999,0.020200165448000008,-0.015240534969458343,0.01930611143719234,-0.7932020153376085,0.608958006030227,4,4,instant_velocity,dbscan_kmeans_fallback,False
80,217,7.88739044833,4.84121403719,0.0025676743380000032,0.0017422165380000187,0.0025676743375999856,0.0017422165380000009,0.002419653021687614,0.0016429845681728015,0.8274931578277832,0.5614700600125021,5,5,instant_velocity,dbscan_kmeans_fallback,False
80,218,2.28796620674,3.85268514677,-0.02706581309799998,-0.004081082575999995,-0.022406115570799995,0.0003866288754000014,-0.020875241029398764,-0.00020261174474656618,-0.9888220227249489,-0.149098211573997,-1,-1,instant_velocity,dbscan_kmeans_fallback,False
80,219,7.26315093318,3.50328719999,-0.00048406975199997147,0.003221907295999982,-0.0005009069607999983,0.003217134100000001,-0.0004686221762129817,0.003031158896216412,-0.14857522819137192,0.9888980043410595,5,5,instant_velocity,dbscan_kmeans_fallback,False
80,220,8.01387997921,4.19683257796,-0.0024203487610000352,0.0005489175390000156,-0.0024287673651999953,0.0005536907354000142,-0.0022874990489510976,0.0005222853913292978,-0.9752299847503907,0.2211750851009688,5,5,instant_velocity,dbscan_kmeans_fallback,False
80,273,14.4738960541,8.80964918682,-0.009407790399999883,0.015703814820999897,-0.007324185813999975,0.01581359832899999,-0.00736723862790266,0.014877564633526519,-0.5139130032660493,0.8578416710255422,2,2,instant_velocity,dbscan_kmeans_fallback,False
80,274,14.9640692944,8.95570898425,-0.004503953340000066,0.012362577624999992,-0.004503953340000066,0.012362577624999992,-0.00135118600200002,0.003708773287499998,-0.3423113379842417,0.9395857746047906,2,2,instant_velocity,dbscan_kmeans_fallback,False
80,409,10.1776717713,3.62166246065,-0.017721162229999976,-0.010930618826999972,-0.017923208736000014,-0.009952113648000003,-0.015793815688029574,-0.01000012503425277,-0.8511153363851538,-0.5249778315380835,-1,-1,instant_velocity,dbscan_kmeans_fallback,False
90,1,12.6375879726,6.9115877997,0.04150371962000001,0.009546391988000025,0.041482673108000016,0.011026082746800014,0.0393688763855938,0.009812309854743035,0.9745522059576748,0.2241596043926362,-1,-1,instant_velocity,dbscan_kmeans_fallback,False
90,2,15.0693018492,7.20752595135,0.04482906834999998,-0.004152680515000018,0.044530207894,-0.0027970928525999916,0.04195518284954184,-0.0029213318780761596,0.9957366982451235,-0.09223873118641286,-1,-1,instant_velocity,dbscan_kmeans_fallback,False
90,3,8.91593343907,6.46982851043,0.039462208055000045,0.018639330357000005,0.03432265007780002,0.02584685630900001,0.03395769473081957,0.023855729311877745,0.9042095185921435,0.427088618697996,-1,-1,instant_velocity,dbscan_kmeans_fallback,False
90,4,2.94377548833,6.57388418311,0.0014101162339999807,0.0001670618599999507,0.0014059069322000005,0.00018615464379999835,0.002835423143337117,0.0011366023328912007,0.9930480086373962,0.11765019321961284,-1,-1,instant_velocity,dbscan_kmeans_fallback,False
90,5,7.6899741755,8.25906102888,-0.056109998226000005,0.014128660143000005,-0.06335420729999999,0.02122640258639999,-0.06014891788934415,0.018388419428089844,-0.9697295668442014,0.2441807149124383,-1,-1,instant_velocity,dbscan_kmeans_fallback,False
90,6,12.682627506,5.71518622374,-0.004209302200000131,-0.006348350671999991,-0.010270697350000014,-0.0026395773848000028,-0.008999742497138204,-0.0028683191108731195,-0.5526135029677902,-0.8334360747303273,0,0,instant_velocity,dbscan_kmeans_fallback,False
90,7,10.4643252506,4.46126763604,-0.03605267328000004,0.026252577967999978,-0.034823557038,0.026663072823999993,-0.03386276508443988,0.024727381417308923,-0.8083896363459075,0.5886473880001296,1,1,instant_velocity,dbscan_kmeans_fallback,False
90,8,11.1590705775,4.34575629298,-0.027423603779999972,0.01735056743900003,-0.030639510658000014,0.0147444024262,-0.0287099096328448,0.014588304310214871,-0.8450654802082986,0.5346622465213084,1,1,instant_velocity,dbscan_kmeans_fallback,False
90,9,13.9167949089,9.12921465864,-0.0032622092000000437,0.007422319771000119,-0.0032664185000000146,0.0074080001832000164,-0.003590618487567424,0.009060284299252416,-0.4023648880437509,0.9154780336231477,2,2,instant_velocity,dbscan_kmeans_fallback,False
90,10,3.18538943418,8.67814763718,0.012375348446000033,0.0007159793990000552,0.020638208649800004,0.005995134168800007,0.018116613419518236,0.0037777706089102297,0.99832976703479,0.057758660269195634,3,3,instant_velocity,dbscan_kmeans_fallback,False
90,11,2.6895336359,7.88341050413,0.024371859694,0.006300618712000006,0.022330348131200002,0.0008878144548000044,0.02151128863825856,0.0022511510221551244,0.9681701003495914,0.25029155457362606,3,3,instant_velocity,dbscan_kmeans_fallback,False
90,12,2.36226039044,8.22946721372,0.019825813326999998,0.007016598111999883,0.0227302318396,0.0034367011157999984,0.020762099825648757,0.004122059316237093,0.9427022300166253,0.333633862995402,3,3,instant_velocity,dbscan_kmeans_fallback,False
90,13,2.04256388892,7.54045637195,0.02559255733100001,0.0012410309590000779,0.021955720236220007,-0.0007446185749999934,0.02135602665620299,3.397816308268602e-05,0.9988259489171284,0.048434937908971805,3,3,instant_velocity,dbscan_kmeans_fallback,False
90,14,11.828139161,9.68553065177,0.004209302199999954,0.00207634025699992,0.004209302193999989,0.0020763402573999914,0.0040394416675737215,0.001992552438658757,0.8968250076717844,0.44238065561394196,2,2,instant_velocity,dbscan_kmeans_fallback,False
90,15,11.7050170718,9.16954816479,0.005577325399999999,-0.000692113419000151,0.005573116101999993,-0.0007016598112000238,0.006275795158936188,-0.000679224803176847,0.9923863575297885,-0.12314933514172373,2,2,instant_velocity,dbscan_kmeans_fallback,False
90,16,11.2838763875,9.77097086007,0.00599825562999996,0.005847165092999873,0.007294720699999999,0.006104917676799992,0.00770587838839492,0.005017878079562329,0.716066956545527,0.6980298891602408,2,2,instant_velocity,dbscan_kmeans_fallback,False
90,17,10.9500787236,3.52548256137,-0.052237440209999875,0.035369382318,-0.05516290523199999,0.037732114334800004,-0.050513648341138376,0.034093414652708494,-0.8280456586039676,0.5606603876105956,-1,-1,instant_velocity,dbscan_kmeans_fallback,False
90,18,13.0808274934,4.31115062202,-0.02561360385000011,0.003723092875000056,-0.02749937122400002,0.010987897178800008,-0.023714719033775554,0.007894473984737428,-0.989599932957829,0.1438443602498291,-1,-1,instant_velocity,dbscan_kmeans_fallback,False
90,19,14.2112355972,4.40661454191,-0.01083895315000003,-0.005632371273000025,-0.01083895315000003,-0.005632371273000025,-0.011416587268404006,-0.004433702429180706,-0.8873462029198012,-0.46110202649331733,0,0,instant_velocity,dbscan_kmeans_fallback,False
90,20,14.6384797698,4.001370202,0.0,0.0,0.0,0.0,0.0,0.0,0.0,0.0,0,0,instant_velocity,dbscan_kmeans_fallback,False
90,21,10.9946973268,1.51787632618,0.04461860324,-0.012410309585000001,0.02055402260520001,-0.002916422752400001,0.024783359695282052,-0.0047958922261462245,0.9634271447463456,-0.2679695969993066,4,4,instant_velocity,dbscan_kmeans_fallback,False
90,22,10.3380461848,1.02456652017,0.05051162630999997,-0.011145412646999997,0.016327883204599977,0.0016324330300400015,0.020990769028568446,0.00028903318662209035,0.976510805078599,-0.21546754028587867,4,4,instant_velocity,dbscan_kmeans_fallback,False
90,23,2.93388362818,5.09777332188,0.04125116148699996,0.015274227182000022,0.028492766541199997,0.017832660234599996,0.029019923918790234,0.015504260204562147,0.9377780182857642,0.34723469549085545,-1,-1,instant_velocity,dbscan_kmeans_fallback,False
90,24,3.05174408957,3.53455163376,0.05261627740599999,0.007398453790999992,0.05404744015184,0.011169278626599999,0.04424951057782074,0.00799494816159933,0.9902582356080404,0.13924169778814152,-1,-1,instant_velocity,dbscan_kmeans_fallback,False
90,25,10.1703054924,10.2862373676,-0.024287673649999952,-0.023865979980000063,-0.013764418169999999,-0.027035382112000014,-0.014781295257463715,-0.025626948970057652,-0.7132715341611383,-0.7008873883890354,-1,-1,instant_velocity,dbscan_kmeans_fallback,False
90,74,12.9295030796,12.4162760801,-0.001767906919999973,-0.007470051730000015,-0.001767906919999973,-0.007470051730000015,-0.001335918864438005,-0.005669024644485024,-0.23030376940019087,-0.9731174484194263,-1,-1,instant_velocity,dbscan_kmeans_fallback,False
90,75,1.16660810265,8.48602649841,0.01957325519469999,-0.0007159793990000552,0.01957325519469999,-0.0007159793990000552,0.01530402516721695,6.556939339499542e-05,0.999331131438148,-0.03655500813594216,3,3,instant_velocity,dbscan_kmeans_fallback,False
90,76,1.03022671162,7.78030947066,0.024287673651099996,0.0006205154789999945,0.024287673651099996,0.0006205154789999945,0.016125394722876298,0.0004382509902929874,0.9996733833506187,0.02554023152749585,3,3,instant_velocity,dbscan_kmeans_fallback,False
90,213,2.63902200959,13.2396523891,-0.02460337131600001,0.018209742720000043,-0.023003836482199995,0.018701381905999986,-0.02189332715026542,0.018452015766949624,-0.8037908960219668,0.5949113732929655,5,5,instant_velocity,dbscan_kmeans_fallback,False
90,214,2.28207318367,12.9988446512,-0.02382465040999997,0.016491392160000017,-0.021610557456399997,0.017407845791999995,-0.02074091158453657,0.01692064720637791,-0.822233844581002,0.5691492023957814,5,5,instant_velocity,dbscan_kmeans_fallback,False
90,215,3.28367664038,12.4952724738,-0.02670802241099999,0.019784897399999935,-0.021050720264599993,0.02359390780000002,-0.02063797038560774,0.021900958230074676,-0.8035400126681866,0.5952502384035357,5,5,instant_velocity,dbscan_kmeans_fallback,False
90,216,3.08057780959,12.0926533917,-0.022372441153000012,0.0171596396,-0.017822185483000005,0.01889708294200002,-0.017380106824520847,0.018662169886034634,-0.7934787405320322,0.6085973866095423,5,5,instant_velocity,dbscan_kmeans_fallback,False
90,217,7.9130671917,4.85887486237,0.0025676743370000032,0.0017660825180000118,0.002567674337400003,0.0017469897340000172,0.002464059416281331,0.0016799139531209644,0.8239184597992623,0.5667027033533695,6,6,instant_velocity,dbscan_kmeans_fallback,False
90,218,2.01751854087,3.81163566122,-0.027044766587000037,-0.0041049485549999876,-0.024051952728000002,-0.0009641855909999997,-0.022726098696679145,-0.0013733127878225925,-0.9886758166492564,-0.15006464751182702,-1,-1,instant_velocity,dbscan_kmeans_fallback,False
90,219,7.25809977055,3.53550627296,-0.000505116263000005,0.003221907297000026,-0.0005009069607999983,0.003217134100200001,-0.0004795704022490887,0.0030883834164514962,-0.15488321155639787,0.9879296828270051,6,6,instant_velocity,dbscan_kmeans_fallback,False
90,220,7.9896764916,4.20232175335,-0.0024203487609999463,0.0005489175389999268,-0.0024245580629999887,0.0005536907351999965,-0.0023273539625657523,0.0005302750356304865,-0.9752299847503966,0.2211750851009425,6,6,instant_velocity,dbscan_kmeans_fallback,False
90,273,14.3798181501,8.96668733503,-0.00940779040000006,0.015703814821000073,-0.008094488115999993,0.01577063956500002,-0.00797940415953188,0.015125439689768583,-0.5139130032660523,0.8578416710255407,2,2,instant_velocity,dbscan_kmeans_fallback,False
90,274,14.9190297609,9.0793347605,-0.00450395334999989,0.012362577624999992,-0.00450395334999989,0.012362577624999992,-0.002297016206399981,0.006304914588749997,-0.3423113386551966,0.9395857743603475,2,2,instant_velocity,dbscan_kmeans_fallback,False
90,409,10.0286624737,3.47250008583,-0.014900929759999926,-0.014916237481999994,-0.017367580845999982,-0.011026082746799996,-0.01552594990962068,-0.011474958768576937,-0.7067433339861319,-0.7074693712640944,-1,-1,instant_velocity,dbscan_kmeans_fallback,False
100,1,13.0524147036,7.00705171959,0.04148267309999998,0.009546391988999935,0.04148267310600001,0.010548763147399996,0.04000301539991565,0.009732534495020106,0.974527355800461,0.22426761457845434,-1,-1,instant_velocity,dbscan_kmeans_fallback,False
100,3,9.32023691466,6.6600403708,0.04043034755899999,0.019021186036999982,0.03675141744280001,0.022792010872600008,0.03589949057927369,0.022405366329414415,0.9048604000630014,0.4257078913802514,-1,-1,instant_velocity,dbscan_kmeans_fallback,False
100,4,2.95766618557,6.5757934615,0.0013890697239999916,0.0001909278390000324,0.0014016976302000028,0.00018615464359999834,0.0024015171175359794,0.0008528999847238502,0.9906784379440702,0.13616889781163363,-1,-1,instant_velocity,dbscan_kmeans_fallback,False
100,5,7.13729279762,8.39342649612,-0.055268137787999994,0.01343654672400003,-0.06084546319359999,0.018257474677999996,-0.0586846838589409,0.0169028576168629,-0.9716959085109791,0.23623443811892364,-1,-1,instant_velocity,dbscan_kmeans_fallback,False
100,6,12.6405344841,5.65146405721,-0.004209302189999953,-0.006372216652999985,-0.0069032555960000155,-0.0047111444463999955,-0.007562610404996729,-0.003919488373511179,-0.5511733765239167,-0.8343891718964402,0,0,instant_velocity,dbscan_kmeans_fallback,False
100,7,10.0644415423,4.69205166237,-0.03998837082999991,0.02307840263300003,-0.03605688257999997,0.025994825384800004,-0.03570044680810789,0.024232687782016253,-0.8661086179559696,0.4998554078153003,1,1,instant_velocity,dbscan_kmeans_fallback,False
100,8,10.8473717501,4.5774949585,-0.031169882739999898,0.023173866552,-0.029856580451999973,0.0171500932074,-0.02944790156499133,0.01716397298275041,-0.802508221412774,0.5966406285525395,1,1,instant_velocity,dbscan_kmeans_fallback,False
100,9,13.8776483985,9.26358012588,-0.003914651040000017,0.01343654672400003,-0.0033969068700000094,0.008615618769800016,-0.003687828253297202,0.0103731630266767,-0.279713877945643,0.9600826617659023,2,2,instant_velocity,dbscan_kmeans_fallback,False
100,10,3.30935338375,8.68506877137,0.012396394956999979,0.0006921134189999733,0.0177927203678,0.004167000103000014,0.01640054788076276,0.0028520734519371527,0.998444233582039,0.05574496896737381,3,3,instant_velocity,dbscan_kmeans_fallback,False
100,11,2.93325223285,7.94617803146,0.024371859694999998,0.006276752732999924,0.023113278339,0.0029641547123999954,0.022369459955280994,0.0034588315354085646,0.9683994886733654,0.24940255742623074,3,3,instant_velocity,dbscan_kmeans_fallback,False
100,12,2.56030805859,8.29963319483,0.019804766815000006,0.007016598110999972,0.0221030458128,0.0043292887667999835,0.02047489992245413,0.004990420954665957,0.9425906771354966,0.33394889353738183,3,3,instant_velocity,dbscan_kmeans_fallback,False
100,13,2.32500806603,7.5781646203,0.028244417710999992,0.0037708248349999527,0.0237362550636,-0.0005489175393999979,0.023422543972642092,0.0011550321646578662,0.9912049995517708,0.13233271321540735,3,3,instant_velocity,dbscan_kmeans_fallback,False
100,14,11.8702321829,9.70629405435,0.00420930219000013,0.002076340258000009,0.004209302192000024,0.002076340257600009,0.004090399824301644,0.0020176887844611325,0.8968250071702949,0.442380656630588,4,4,instant_velocity,dbscan_kmeans_fallback,False
100,15,11.80709265,9.13016929784,0.010207557819999913,-0.003937886694999904,0.006499162585999976,-0.0013460412703999935,0.007455323957255306,-0.0016568233707237642,0.9329797569064294,-0.35992630521549224,4,4,instant_velocity,dbscan_kmeans_fallback,False
100,16,11.3440694088,9.829442511,0.006019302129999992,0.005847165093000051,0.006894836992000002,0.006023773344799999,0.007199905510876441,0.005266664183593645,0.71728787512472,0.6967752298324071,4,4,instant_velocity,dbscan_kmeans_fallback,False
100,17,10.4274938564,3.87941504434,-0.05225848672000009,0.03539324829699999,-0.052426858808,0.0373454854592,-0.05103709985479689,0.03448336474599595,-0.8279749239566827,0.5607648423557051,-1,-1,instant_velocity,dbscan_kmeans_fallback,False
100,18,12.8255333155,4.3328686638,-0.025529417789999974,0.002171804177999981,-0.02645125497800002,0.007384134203200006,-0.02425912866064288,0.006177673042716193,-0.9964006260171698,0.08476444940289757,-1,-1,instant_velocity,dbscan_kmeans_fallback,False
100,19,14.1489379248,4.35220010757,-0.006229767239999973,-0.005441443433999993,-0.014067487927999984,-0.005794659937199995,-0.009860541259882796,-0.004736024730626492,-0.7531508344633625,-0.6578460326235716,0,0,instant_velocity,dbscan_kmeans_fallback,False
100,20,14.5397716334,3.91927123089,-0.009870813640000087,-0.008209897111000019,-0.009870813640000087,-0.008209897111000019,-0.0029612440920000265,-0.002462969133300006,-0.7688248414702641,-0.6394582123679637,0,0,instant_velocity,dbscan_kmeans_fallback,False
100,21,11.4360426617,1.46918972704,0.04413453348999994,-0.004868659913999984,0.02848013863400002,-0.004572721762400001,0.030588711833697418,-0.004817722532502353,0.9939701556249174,-0.10964889100957319,-1,-1,instant_velocity,dbscan_kmeans_fallback,False
100,22,10.920192678,0.86609641316,0.05821464931999998,-0.01584701070100001,0.0271079061192,-0.0027636804806000013,0.032157933115997905,-0.004551779979664541,0.9648885625190599,-0.2626589622048773,-1,-1,instant_velocity,dbscan_kmeans_fallback,False
100,23,3.34639524305,5.2505155937,0.04125116148700001,0.015274227182000022,0.0322011617728,0.017980629310400006,0.03268929518925317,0.01543525029779351,0.9377780182857645,0.3472346954908551,-1,-1,instant_velocity,dbscan_kmeans_fallback,False
100,24,3.68313941845,3.55841761373,0.063139532888,0.0023865979970000063,0.05531023080966,0.0085440208298,0.049916517270874525,0.0063124431122195315,0.9992862321380142,0.037771811272039504,-1,-1,instant_velocity,dbscan_kmeans_fallback,False
100,25,9.91122294249,10.0549760217,-0.025908254991000135,-0.023126134590000014,-0.017485441308200008,-0.024930402678000015,-0.018119383177524644,-0.02487670465604036,-0.7460266483863955,-0.6659156583221661,-1,-1,instant_velocity,dbscan_kmeans_fallback,False
100,74,12.8196402924,12.3547018518,-0.010986278719999909,-0.006157422829999959,-0.0036031626759999826,-0.0071979795580000075,-0.0042310268211065765,-0.005815544100139505,-0.8723324061312627,-0.4889116332979287,-1,-1,instant_velocity,dbscan_kmeans_fallback,False
100,75,1.35308018978,8.46550175564,0.018647208713000008,-0.002052474277000016,0.01994788309026,-0.00018615464359999834,0.016306980230951867,-0.000569843707723508,0.9939964004809343,-0.10940790521615283,3,3,instant_velocity,dbscan_kmeans_fallback,False
100,76,1.22953717043,7.78030947066,0.01993104588100001,0.0,0.01993104588100001,0.0,0.017267090070313414,0.00030677569320509116,0.9999994982704348,0.0,3,3,instant_velocity,dbscan_kmeans_fallback,False
100,213,2.39277783133,13.4215111565,-0.024624417826,0.01818587673999996,-0.0244686736452,0.018247928285999998,-0.022712654352985792,0.018372174058864724,-0.8044066017880169,0.5940785854239796,5,5,instant_velocity,dbscan_kmeans_fallback,False
100,214,2.04361621446,13.1637585728,-0.023845696921000005,0.016491392160000017,-0.0225786969608,0.01700689732800001,-0.0216723471854756,0.01679187069246454,-0.8224689230395091,0.5688094415606036,5,5,instant_velocity,dbscan_kmeans_fallback,False
100,215,3.01680688137,12.6931214478,-0.026686975901,0.019784897399999935,-0.0234037201904,0.022009206729999987,-0.022452672040225417,0.021266139981052253,-0.8033154812874844,0.5955532180215629,5,5,instant_velocity,dbscan_kmeans_fallback,False
100,216,2.86548246755,12.2592379319,-0.02150953420399997,0.01665845401999988,-0.019543790079800002,0.018071320033999996,-0.018618935038364585,0.018061055126224208,-0.7906182270353405,0.6123088141998364,5,5,instant_velocity,dbscan_kmeans_fallback,False
100,217,7.93874393507,4.87629702775,0.0025676743370000032,0.00174221653799993,0.002567674337400003,0.0017469897339999997,0.0024951438924969323,0.001698604728584654,0.827493157726199,0.5614700601622155,6,6,instant_velocity,dbscan_kmeans_fallback,False
100,218,1.74686040989,3.77082483547,-0.02706581309799998,-0.004081082574999994,-0.0252558131552,-0.0022147629414000034,-0.024028013017075397,-0.0021856437239758135,-0.9888220227303353,-0.14909821153827515,-1,-1,instant_velocity,dbscan_kmeans_fallback,False
100,219,7.25304860791,3.56772534592,-0.0005051162640000051,0.003221907295999982,-0.0005009069609999983,0.003217134100200001,-0.0004872341607743637,0.0031284405803160423,-0.1548832119025917,0.9879296827727296,6,6,instant_velocity,dbscan_kmeans_fallback,False
100,220,7.96526253889,4.20781092875,-0.0024413952709999797,0.0005489175400000157,-0.0024287673649999774,0.0005536907353999965,-0.0023615663550960206,0.0005358677869413452,-0.975639770330796,0.2193605390399584,6,6,instant_velocity,dbscan_kmeans_fallback,False
100,273,14.3109960592,9.19269816536,-0.006882209089999947,0.022601083032999902,-0.008363883455999997,0.017111907639399994,-0.0076502456386723,0.01736813269273798,-0.2913016686656016,0.9566308019802894,2,2,instant_velocity,dbscan_kmeans_fallback,False
100,274,14.8737797623,9.20296053675,-0.004524999860000101,0.012362577624999992,-0.004524999860000101,0.012362577624999992,-0.002965411302480017,0.008122213499624996,-0.3437223288101855,0.9390705199627554,2,2,instant_velocity,dbscan_kmeans_fallback,False
100,409,9.87965317604,3.32333771101,-0.014900929766000104,-0.014916237481999994,-0.01681195295720002,-0.012100051845399999,-0.015338443866534508,-0.012507342382603856,-0.7067433341285707,-0.7074693711218019,-1,-1,instant_velocity,dbscan_kmeans_fallback,False
110,1,13.4739763182,7.06433007152,0.04215616145999999,0.005727835192999997,0.041621580079999984,0.009307732188799989,0.040648959217940955,0.008531124704414073,0.9908950591483182,0.13463473418339908,-1,-1,instant_velocity,dbscan_kmeans_fallback,False
110,3,9.73464271551,6.85407078797,0.041440580085,0.01940304171699996,0.03938223131320001,0.0198087633762,0.03756181743099158,0.02150466894569008,0.9056453548365442,0.4240354397708161,-1,-1,instant_velocity,dbscan_kmeans_fallback,False
110,4,2.97176734791,6.5777027399,0.001410116234000025,0.0001909278400000325,0.0014016976300000028,0.00018615464379999835,0.002104096852475193,0.0006543083413067048,0.9909507775474377,0.13417340141300835,-1,-1,instant_velocity,dbscan_kmeans_fallback,False
110,5,6.58482188485,8.52755330356,-0.05524709127699996,0.01341268074399995,-0.058879719069000004,0.016376835456399997,-0.057653406084358615,0.015855804555004016,-0.9717715613988429,0.23592303970883013,-1,-1,instant_velocity,dbscan_kmeans_fallback,False
110,7,9.664557834,4.92283568869,-0.039988370830000085,0.023078402632000027,-0.037239696498000005,0.025297938769600004,-0.03698682401467555,0.023886402237011384,-0.8661086179653473,0.49985540779905124,0,0,instant_velocity,dbscan_kmeans_fallback,False
110,8,10.5106275747,4.84789651158,-0.03367441753999998,0.027040155308000014,-0.029578766505999995,0.020333814935600002,-0.030715856357493923,0.02012682768032529,-0.7797308072016735,0.6261145304182589,0,0,instant_velocity,dbscan_kmeans_fallback,False
110,9,13.8130356098,9.63994663003,-0.006461278869999987,0.0376366504149999,-0.004036720803999998,0.014658484898399991,-0.004519863438308037,0.018552209243173662,-0.1691998834446037,0.9855814911550617,1,1,instant_velocity,dbscan_kmeans_fallback,False
110,10,3.56990918947,8.68148887438,0.026055580572000015,-0.0003579896990000719,0.017679069208600007,0.002133618609599992,0.019297057688133938,0.0018890545066559852,0.9999052432097034,-0.013738161621695114,2,2,instant_velocity,dbscan_kmeans_fallback,False
110,11,3.24495106021,7.9929553522,0.031169882735999986,0.004677732074000041,0.0252600224574,0.004715917642199994,0.025009586789496694,0.0038245016969860077,0.9889255659876454,0.14841020988110062,2,2,instant_velocity,dbscan_kmeans_fallback,False
110,12,2.75835572675,8.37003783575,0.01980476681600001,0.0070404640920001425,0.02125276677,0.005331659925600007,0.020273859990517895,0.005605433895866213,0.9422327236695125,0.33495752406149876,2,2,instant_velocity,dbscan_kmeans_fallback,False
110,13,2.60745224315,7.61587286866,0.02824441771199999,0.0037708248360000416,0.0250621852542,0.000725525791199999,0.024869106094449464,0.001939769966060519,0.9912049995477817,0.1323327132452865,2,2,instant_velocity,dbscan_kmeans_fallback,False
110,14,11.9123252048,9.72705745692,0.004209302189999953,0.0020763402570000977,0.004209302191999989,0.0020763402574000265,0.0041260705340111364,0.002035284226222822,0.8968250072548083,0.442380656459256,3,3,instant_velocity,dbscan_kmeans_fallback,False
110,15,12.0175577596,9.01513527438,0.02104651096000012,-0.01150340234599998,0.009592999696,-0.0035082990557999947,0.01153268005807875,-0.004610797063306629,0.8774832253453831,-0.47960645886617076,-1,-1,instant_velocity,dbscan_kmeans_fallback,False
110,16,11.4042624302,9.88791416193,0.006019302139999993,0.005847165093000051,0.006494953283999969,0.0059426290130000226,0.006845724499613507,0.005440814456415567,0.7172878757032615,0.6967752292368354,3,3,instant_velocity,dbscan_kmeans_fallback,False
110,17,9.92848108147,4.17964907238,-0.049901277492999975,0.03002340280400002,-0.051883858824600004,0.035455299845399996,-0.05069635314625782,0.03314537616339717,-0.8568661289727991,0.5155386441331761,0,0,instant_velocity,dbscan_kmeans_fallback,False
110,18,12.5704496026,4.35434804577,-0.025508371289999943,0.0021479381969999878,-0.025693580583999988,0.0045488557826000075,-0.024633901449449998,0.004968752589001331,-0.9964730931891365,0.08390824309440571,-1,-1,instant_velocity,dbscan_kmeans_fallback,False
110,19,14.0868507175,4.29802433304,-0.006208720729999939,-0.005417577453,-0.011756581022,-0.00568487642920001,-0.008764995100917938,-0.004940490547338544,-0.7534804020800022,-0.6574685213109971,4,4,instant_velocity,dbscan_kmeans_fallback,False
110,20,14.4412739621,3.83717225979,-0.009849767129999876,-0.00820989711000002,-0.009849767129999876,-0.00820989711000002,-0.005027801003399982,-0.0041870475263100105,-0.768153255807015,-0.6402648013554811,4,4,instant_velocity,dbscan_kmeans_fallback,False
110,21,11.8725472991,1.4956809648,0.043650463740000055,0.0026491237759999954,0.03630523141000001,-0.0047254640344,0.03450723740558821,-0.002577668639951648,0.9981632371993019,0.06057800393013168,-1,-1,instant_velocity,dbscan_kmeans_fallback,False
110,22,11.5381182399,0.726480430328,0.06179255618999999,-0.013961598283199993,0.038603510407799996,-0.006777938311839999,0.04104832003819853,-0.007374725470725177,0.9754122142170554,-0.2203876054836039,-1,-1,instant_velocity,dbscan_kmeans_fallback,False
110,23,3.7673254623,5.33881971959,0.042093021925000015,0.00883041258899997,0.035989533746,0.015608350901199995,0.03551041320997722,0.013453798985155446,0.9786959064829754,0.2053140463236057,-1,-1,instant_velocity,dbscan_kmeans_fallback,False
110,24,4.31285102645,3.56486142832,0.06297116079999995,0.0006443814589999874,0.056539347049799994,0.005570319725399999,0.053832910329612155,0.004612024616253668,0.999947488575579,0.01023242407200004,-1,-1,instant_velocity,dbscan_kmeans_fallback,False
110,25,9.58752760388,9.85306983117,-0.032369533860999944,-0.020190619052999993,-0.022342976038400016,-0.023641639760599985,-0.022394428382567236,-0.02347087897512825,-0.8484729701732373,-0.5292382210723022,-1,-1,instant_velocity,dbscan_kmeans_fallback,False
110,74,12.6481112281,12.3014807164,-0.017152906430000135,-0.00532211353999994,-0.006680162578000015,-0.0067731651160000085,-0.008107590703774644,-0.005667514932097635,-0.9550825529810469,-0.2963379884208987,-1,-1,instant_velocity,dbscan_kmeans_fallback,False
110,75,1.5393418118,8.44521567266,0.018626162201999995,-0.002028608298000023,0.01957325519516,-0.0007159793992000019,0.017002734822266306,-0.0010074730848064627,0.9941208294981507,-0.10827145936257723,2,2,instant_velocity,dbscan_kmeans_fallback,False
110,76,1.42884762925,7.78030947066,0.01993104588200001,0.0,0.0227344411418,0.0004057216595999868,0.018066276813819393,0.0002147429852435638,0.9999994982704348,0.0,2,2,instant_velocity,dbscan_kmeans_fallback,False
110,213,2.14674411818,13.6036085837,-0.02460337131500001,0.018209742720000043,-0.0246117899196,0.018204969521999993,-0.023279869441590058,0.01832344465720532,-0.8037908960104043,0.5949113733085878,5,5,instant_velocity,dbscan_kmeans_fallback,False
110,214,1.80536971037,13.3289111542,-0.023824650409000014,0.016515258139999923,-0.0235426271626,0.016615495256000017,-0.022318038152532926,0.016708886926725154,-0.8218483854049361,0.5697056621564237,5,5,instant_velocity,dbscan_kmeans_fallback,False
110,215,2.79392433028,12.8518302146,-0.02228825510900001,0.015870876680000024,-0.024872766655600006,0.019641701517999977,-0.022403346960857794,0.019647560990736584,-0.8145845983506445,0.580044137265372,5,5,instant_velocity,dbscan_kmeans_fallback,False
110,216,2.66280456698,12.4181853585,-0.020267790057000034,0.015894742660000107,-0.021017045847200003,0.01709281485600002,-0.01911359154395522,0.01741116138635698,-0.7868825832798335,0.6171021176800339,5,5,instant_velocity,dbscan_kmeans_fallback,False
110,217,7.96421021334,4.89371919312,0.002546627827000059,0.0017422165370000187,0.0025634650352000144,0.0017469897337999995,0.0025105890728478702,0.0017116882711092636,0.8253367606634994,0.5646350588714988,6,6,instant_velocity,dbscan_kmeans_fallback,False
110,218,1.42463832706,3.73192328812,-0.032222208283,-0.0038901547350000064,-0.027490952619199996,-0.0034271547238000012,-0.026486271596852778,-0.0026969970272830712,-0.992790660690054,-0.11985861600878531,-1,-1,instant_velocity,dbscan_kmeans_fallback,False
110,219,7.24799744528,3.59994441888,-0.000505116263000005,0.003221907295999982,-0.0005009069609999983,0.003217134100200001,-0.0004925987914420561,0.003156480595021224,-0.1548832116033185,0.9879296828196481,6,6,instant_velocity,dbscan_kmeans_fallback,False
110,220,7.94105905128,4.21330010414,-0.0024203487610000352,0.0005489175390000156,-0.002428767365000013,0.0005536907353999965,-0.002379201076867225,0.0005397827125589464,-0.9752299847503907,0.2211750851009688,6,6,instant_velocity,dbscan_kmeans_fallback,False
110,273,14.2676402466,9.48744301801,-0.004335581260000154,0.029474485265000006,-0.007892441612000027,0.01983740255219999,-0.006655846325070656,0.021000038464416587,-0.14553002168825632,0.9893534967132619,1,1,instant_velocity,dbscan_kmeans_fallback,False
110,274,14.8287402289,9.326586313,-0.004503953340000066,0.012362577624999992,-0.004503953340000066,0.012362577624999992,-0.003426973913736032,0.009394322737237493,-0.3423113379842417,0.9395857746047906,-1,-1,instant_velocity,dbscan_kmeans_fallback,False
110,409,9.71801597185,3.12739801545,-0.016163720418999893,-0.019593969556000033,-0.016420487852999984,-0.014061835399000007,-0.015586026832274122,-0.01463333053462271,-0.6363521462664093,-0.7713981841818311,-1,-1,instant_velocity,dbscan_kmeans_fallback,False
120,1,13.9050088627,7.06433007152,0.04310325445000007,0.0,0.04194569634800001,0.0069211341918,0.04138524778755869,0.005971787293089851,0.9999997679990106,0.0,-1,-1,instant_velocity,dbscan_kmeans_fallback,False
120,3,10.1490485164,7.04786254534,0.041440580089,0.019379175737000053,0.040447184768600014,0.019016412841200002,0.038725446228394106,0.020867020983083073,0.9058455939428491,0.42360751026903093,-1,-1,instant_velocity,dbscan_kmeans_fallback,False
120,4,2.98586851026,6.5796120183,0.0014101162349999807,0.00019092783999994368,0.0014059069324000007,0.00018615464379999835,0.0018959026672326293,0.0005152941909146764,0.9909507775601016,0.13417340131951425,-1,-1,instant_velocity,dbscan_kmeans_fallback,False
120,5,6.05844864568,8.75809867008,-0.052637323916999976,0.023054536652000125,-0.05662774239579999,0.01689711381960002,-0.056148581434151024,0.018015424184102846,-0.9159928220960267,0.401194219586106,-1,-1,instant_velocity,dbscan_kmeans_fallback,False
120,7,9.27267179988,5.14884651902,-0.039188603412000055,0.022601083032999993,-0.0380605104244,0.0244101243148,-0.0376473578338729,0.02350080647580797,-0.8662593146291017,0.4995941930415115,0,0,instant_velocity,dbscan_kmeans_fallback,False
120,8,10.1738833993,5.11853672445,-0.033674417540000154,0.027064021287000008,-0.03067318507600003,0.022395835605000008,-0.031603424712245795,0.022207985762327704,-0.7794610403280189,0.626450336157012,0,0,instant_velocity,dbscan_kmeans_fallback,False
120,9,13.7482123561,10.0163131342,-0.006482325370000019,0.03763665041700008,-0.004676534735999986,0.0207061242236,-0.005108602017815632,0.02427754159532159,-0.16973516952458934,0.9854894461842165,1,1,instant_velocity,dbscan_kmeans_fallback,False
120,10,3.88918476077,8.67313578139,0.03192755712999999,-0.0008353092989999312,0.019026045910200004,0.00018138144779999976,0.023086207520693756,0.00107174536495921,0.9996576206387485,-0.026153686075502527,2,2,instant_velocity,dbscan_kmeans_fallback,False
120,11,3.60211035124,8.02899298196,0.03571592910299999,0.003603762976000002,0.028000278184599995,0.005427123845399997,0.028221489483547683,0.003758280080690206,0.9949477877291483,0.1003909485353481,2,2,instant_velocity,dbscan_kmeans_fallback,False
120,12,3.00102199815,8.40225690871,0.024266627140000007,0.0032219072959998483,0.021294859792000007,0.005565546529199991,0.02147169013536253,0.004890375915906304,0.9913003559911883,0.1316160598285459,2,2,instant_velocity,dbscan_kmeans_fallback,False
120,13,2.89010688538,7.65334245721,0.02826546422299998,0.00374695885499996,0.026392324746999995,0.001990422729599999,0.02588801353301462,0.0024819266327423513,0.9913272920413091,0.13141346435395912,2,2,instant_velocity,dbscan_kmeans_fallback,False
120,14,11.9847252025,9.75187807609,0.007239999769999983,0.002482061916999889,0.004815441707999995,0.002157484589399985,0.00506024930480779,0.002169317533455942,0.9459536772992095,0.324297744787135,3,3,instant_velocity,dbscan_kmeans_fallback,False
120,15,12.2280228692,8.90033991071,0.02104651095999994,-0.011479536366999988,0.012691046109999994,-0.005661010449199999,0.014386829328655107,-0.006671418854414637,0.8779018472460073,-0.4788397564456468,-1,-1,instant_velocity,dbscan_kmeans_fallback,False
120,16,11.4642449864,9.94638581286,0.005998255620000137,0.005847165092999873,0.006090860272000001,0.0058614846809999935,0.0065914838357294964,0.005562719647390859,0.7160669559638652,0.6980298897569313,3,3,instant_velocity,dbscan_kmeans_fallback,False
120,17,9.43978109692,4.45673309985,-0.048869998455000105,0.027708402746999993,-0.0511346030356,0.0331068874162,-0.050148446738880505,0.03151428413847802,-0.8699043972718087,0.493220015408603,0,0,instant_velocity,dbscan_kmeans_fallback,False
120,18,12.3231530988,4.40565990271,-0.024729650379999947,0.005131185693999995,-0.025457859660000005,0.004104948554999996,-0.024662626128614983,0.005017482520500931,-0.9791443459905191,0.2031638694160764,-1,-1,instant_velocity,dbscan_kmeans_fallback,False
120,19,14.024553045,4.2438485585,-0.006229767250000151,-0.005417577454,-0.009449883422000021,-0.005575092921400007,-0.008004426745642602,-0.00508361661933698,-0.754581304600677,-0.656204718244399,4,4,instant_velocity,dbscan_kmeans_fallback,False
120,20,14.3425658257,3.75507328869,-0.009870813640000087,-0.00820989711000002,-0.009870813640000087,-0.00820989711000002,-0.0064807047943800135,-0.005393902401417013,-0.7688248415085565,-0.6394582123219242,4,4,instant_velocity,dbscan_kmeans_fallback,False
120,21,12.3090519364,1.52217220257,0.04365046372999988,0.0026491237769999953,0.04413453348799998,-0.004878206306199999,0.03725020530291171,-0.001009630914866155,0.9981632371970799,0.06057800396674223,-1,-1,instant_velocity,dbscan_kmeans_fallback,False
120,22,12.1812996149,0.633880428039,0.06431813750000011,-0.0092600002289,0.05060423095819999,-0.009856649728220002,0.048029265276739,-0.007940307898177625,0.9897942867143427,-0.14250249894967357,-1,-1,instant_velocity,dbscan_kmeans_fallback,False
120,23,4.18825568155,5.42736250528,0.042093021925000015,0.008854278568999962,0.03977790571920001,0.013240845688,0.037485195824484056,0.0120739428603088,0.9785842726977243,0.2058454669552184,-1,-1,instant_velocity,dbscan_kmeans_fallback,False
120,24,4.92656728611,3.4156990535,0.06137162596600003,-0.014916237481999994,0.0583072539706,0.0006921134192000001,0.056094525020528516,-0.0012464540132224315,0.9717110519156946,-0.23617221453914833,-1,-1,instant_velocity,dbscan_kmeans_fallback,False
120,25,9.26362180017,9.65092498081,-0.032390580370999976,-0.020214485035999985,-0.02720051076859999,-0.02236242323380001,-0.02539327397909706,-0.02249396079338977,-0.8483466549497061,-0.5294406758199143,-1,-1,instant_velocity,dbscan_kmeans_fallback,False
120,74,12.4765821637,12.2484982409,-0.01715290643999996,-0.005298247550000035,-0.009761371784000019,-0.006338804280000012,-0.010821185424642239,-0.0055567347174683545,-0.9554580378052137,-0.2951250988068309,-1,-1,instant_velocity,dbscan_kmeans_fallback,False
120,75,1.72581389893,8.42469092988,0.018647208713000008,-0.002052474277999927,0.019202836602240002,-0.001250577350600004,0.017496076989486416,-0.0013209734427645022,0.9939964004751376,-0.10940790526881543,2,2,instant_velocity,dbscan_kmeans_fallback,False
120,76,1.62836855317,7.78030947066,0.019952092392,0.0,0.02177051093962,0.0002672989757999922,0.018632021487273574,0.00015032008967049465,0.9999994987996851,0.0,2,2,instant_velocity,dbscan_kmeans_fallback,False
120,214,1.56712320627,13.4938250758,-0.02382465040999999,0.016491392160000017,-0.023828859711799998,0.016496165356,-0.022770021829773043,0.016643638496707615,-0.8222338445810023,0.5691492023957812,5,5,instant_velocity,dbscan_kmeans_fallback,False
120,215,2.6150289871,12.9711601144,-0.01788953431799998,0.01193298998000003,-0.024051952727999995,0.017431711770000007,-0.02104920316800045,0.01733318968751562,-0.8319075015808183,0.5549134876396605,5,5,instant_velocity,dbscan_kmeans_fallback,False
120,216,2.46012666641,12.5773714449,-0.02026779005699999,0.01591860864000001,-0.021353790022600006,0.016558216903999997,-0.01945985109786865,0.016963395562449888,-0.7864326964332813,0.6176753499525034,5,5,instant_velocity,dbscan_kmeans_fallback,False
120,217,7.98988695671,4.9111413585,0.0025676743370000032,0.0017422165380000187,0.0025634650352000144,0.0017469897337999995,0.00252771465209351,0.0017208467511764902,0.8274931577261856,0.5614700601622349,6,6,instant_velocity,dbscan_kmeans_fallback,False
120,218,1.10262670933,3.69278308097,-0.03220116177300001,-0.003914020714999999,-0.0291199525678,-0.004014257831199996,-0.028200738649696945,-0.0030621041335981494,-0.9926934664996462,-0.12066095064876253,-1,-1,instant_velocity,dbscan_kmeans_fallback,False
120,219,7.24294628265,3.63216349184,-0.000505116263000005,0.003221907296000026,-0.0005009069609999983,0.0032219072961999994,-0.0004963540329094409,0.0031761086053148646,-0.15488321160331642,0.9879296828196484,6,6,instant_velocity,dbscan_kmeans_fallback,False
120,220,7.91664509856,4.21878927953,-0.0024413952719999797,0.0005489175390000156,-0.0024287673651999953,0.0005489175391999979,-0.0023978593354070515,0.0005425231604912671,-0.9756397704355536,0.21936053857403748,6,6,instant_velocity,dbscan_kmeans_fallback,False
120,273,14.224284434,9.78218787065,-0.004335581259999976,0.029474485264000094,-0.0068737904820000036,0.022591536640799995,-0.005959766805549452,0.023542372504291642,-0.14553002169308296,0.9893534967125519,1,1,instant_velocity,dbscan_kmeans_fallback,False
120,274,14.7837006954,9.44997342945,-0.00450395334999989,0.012338711645000089,-0.004508162648000002,0.012357804429000013,-0.003750067744615189,0.010277639409566271,-0.34289566601908716,0.9393726840731766,-1,-1,instant_velocity,dbscan_kmeans_fallback,False
120,409,9.55322179101,2.92000264949,-0.01647941808400013,-0.020739536595999964,-0.016033232051800007,-0.016219319988599993,-0.015854044207791924,-0.01646519235303589,-0.6221084408739864,-0.7829306053417814,-1,-1,instant_velocity,dbscan_kmeans_fallback,False
130,1,14.3362518724,7.06433007152,0.04312430096999993,0.0,0.042274021919999995,0.0049641238339999914,0.04190696374229107,0.004180251105162895,0.999999768112237,0.0,-1,-1,instant_velocity,dbscan_kmeans_fallback,False
130,3,10.5417764109,7.25525791129,0.03927278945000001,0.020739536595000007,0.04040930104760001,0.0194364540886,0.03888964919487588,0.020828775666658153,0.8842708456820275,0.4669738977228165,-1,-1,instant_velocity,dbscan_kmeans_fallback,False
130,4,2.99975920749,6.5815212967,0.0013890697229999916,0.0001909278400000325,0.001401697629999994,0.00018615464379999835,0.001743852783962838,0.0004179842856402833,0.9906784378346305,0.13616889860781567,-1,-1,instant_velocity,dbscan_kmeans_fallback,False
130,5,5.54323005732,9.02945486236,-0.051521858836000065,0.027135619227999896,-0.0541568820088,0.0182336086982,-0.05476056465470573,0.020751482697271964,-0.884784607394363,0.4659998444829555,-1,-1,instant_velocity,dbscan_kmeans_fallback,False
130,7,8.91277646242,5.35671920457,-0.03598953374599993,0.020787268554999995,-0.03824151041960001,0.023159546964200004,-0.03715001060751101,0.022686745099565576,-0.8659345230949319,0.5001568958814548,0,0,instant_velocity,dbscan_kmeans_fallback,False
130,8,9.84787294449,5.37414136995,-0.03260104548099996,0.025560464550000005,-0.03170867341619999,0.02403781502720001,-0.031902710942872045,0.023213729398629396,-0.7869585124036316,0.6170055242656833,0,0,instant_velocity,dbscan_kmeans_fallback,False
130,9,13.6726553817,10.3050914918,-0.007555697439999953,0.028877835760000005,-0.005535232384000004,0.02500200061740003,-0.005842730644470929,0.025657629844725117,-0.25312275207959345,0.9674338232465995,1,1,instant_velocity,dbscan_kmeans_fallback,False
130,10,4.20867079718,8.6650213482,0.03194860364099998,-0.0008114433190000269,0.0229406969492,-0.0001193298998000003,0.025744926356785623,0.0005067887597714388,0.9996773038775131,-0.025390201039846697,2,2,instant_velocity,dbscan_kmeans_fallback,False
130,11,3.95926964228,8.06526927152,0.03571592910399999,0.0036276289559999952,0.03026909206639999,0.004897299090199993,0.030469821369683375,0.0037190847432831426,0.9948811677269443,0.1010490227292213,2,2,instant_velocity,dbscan_kmeans_fallback,False
130,12,3.24852896707,8.43041876508,0.02475069689199998,0.002816185637000146,0.021690534198,0.005422350649599998,0.022455392162353763,0.004268118832234456,0.9935886034870404,0.11305257247652122,2,2,instant_velocity,dbscan_kmeans_fallback,False
130,13,3.22558827012,7.64594400342,0.033548138474,-0.0007398453789999593,0.028778999090199996,0.0023579588212000145,0.028186051015310232,0.001515395029219658,0.9997566178812421,-0.022047879480326753,2,2,instant_velocity,dbscan_kmeans_fallback,False
130,14,12.087432176,9.78099457166,0.010270697350000014,0.0029116495570001176,0.006027720740000007,0.002324546449200007,0.0066233837183654574,0.002392017140519195,0.9620860474626812,0.27274266959981114,3,3,instant_velocity,dbscan_kmeans_fallback,False
130,15,12.4384879789,8.88363372473,0.021046510969999942,-0.00167061859800004,0.015784883221999984,-0.005856711485000012,0.01638473382105856,-0.005171178777490257,0.9968639469027105,-0.07912852879725542,3,3,instant_velocity,dbscan_kmeans_fallback,False
130,16,11.6183054467,10.005812103,0.01540604603000002,0.0059426290140001115,0.00788823231000002,0.005866257877199992,0.009235852494010655,0.005676692457373634,0.9329950545949701,0.3598875058894447,3,3,instant_velocity,dbscan_kmeans_fallback,False
130,17,8.95087064726,4.73381712732,-0.04889104496599987,0.027708402746999993,-0.05043164956879998,0.0312405677826,-0.049771226207016316,0.030372519721034608,-0.8699954889747664,0.4930593202364585,0,0,instant_velocity,dbscan_kmeans_fallback,False
130,18,12.087432176,4.5011238226,-0.023572092280000057,0.009546391989000026,-0.024990627118000007,0.004544082586600009,-0.024335465974030503,0.0063761553610506595,-0.9268738571806445,0.37537190419495664,-1,-1,instant_velocity,dbscan_kmeans_fallback,False
130,19,13.9395251407,4.19754855736,-0.008502790429999862,-0.004630000113999966,-0.007601999759999991,-0.005307793945599997,-0.00815393585094978,-0.004947531667735876,-0.8782368370578084,-0.4782237889046371,4,4,instant_velocity,dbscan_kmeans_fallback,False
130,20,14.1525158317,3.69445369956,-0.01900499939999989,-0.006061958912999987,-0.01900499939999989,-0.006061958912999987,-0.010237993176065977,-0.005594319354891906,-0.9527090524751486,-0.3038823106801852,4,4,instant_velocity,dbscan_kmeans_fallback,False
130,21,12.7783891309,1.55677787353,0.04693371945000013,0.003460567096,0.04459755673,-0.001704030969999999,0.04015525954703824,0.00033142848839369174,0.997292539091485,0.07353343792713783,5,5,instant_velocity,dbscan_kmeans_fallback,False
130,22,12.7331391323,0.650347954219,0.055183951739999945,0.0016467526180000025,0.058004184212,-0.00971345384842,0.05017567121571728,-0.005064189743324336,0.9995548689597568,0.0298278674396023,5,5,instant_velocity,dbscan_kmeans_fallback,False
130,23,4.6005568313,5.52378106437,0.04123011497499993,0.009641855908999996,0.04158369635979999,0.011575000286199994,0.03860867156963882,0.01134431677491616,0.9737285221432476,0.22771098529998027,-1,-1,instant_velocity,dbscan_kmeans_fallback,False
130,24,5.54049401089,3.26653667868,0.061392672477999975,-0.014916237481999994,0.06029825390759999,-0.0038806083434000005,0.05768396925776996,-0.005347389053855701,0.971729629859565,-0.2360957642375861,-1,-1,instant_velocity,dbscan_kmeans_fallback,False
130,25,8.93298111295,9.45355332645,-0.03306406872200007,-0.01973716543599995,-0.029604022319000015,-0.021426876819,-0.027694512401967967,-0.021666922186172825,-0.8586508437799807,-0.5125604443281978,-1,-1,instant_velocity,dbscan_kmeans_fallback,False
130,74,12.4121798402,12.2387131891,-0.006440232349999952,-0.0009785051799999778,-0.010700046171999987,-0.005045268165999986,-0.009506899502249552,-0.0041832658562278415,-0.9886522297300623,-0.15021217798289546,-1,-1,instant_velocity,dbscan_kmeans_fallback,False
130,75,1.94869645002,8.48077598282,0.02228825510899999,0.005608505293999855,0.01955641798634,-0.0002482061916000333,0.018933730425340488,0.0007578701782648052,0.9697678526216683,0.2440275431513368,2,2,instant_velocity,dbscan_kmeans_fallback,False
130,76,1.83294063973,7.79677699684,0.020457208656000002,0.001646752618000047,0.020911813292420006,0.00045345361940000826,0.019179577637891503,0.0005992498481693604,0.9967752576675264,0.08023784147307132,2,2,instant_velocity,dbscan_kmeans_fallback,False
130,214,1.32866623707,13.6587389974,-0.023845696920000003,0.016491392160000017,-0.023833069013999997,0.016496165356,-0.02309272435684113,0.016597964595695337,-0.8224689230283496,0.5688094415767396,6,6,instant_velocity,dbscan_kmeans_fallback,False
130,215,2.43613364392,13.0904900143,-0.01788953431800002,0.011932989990000031,-0.0222924644114,0.01586133028999999,-0.02010130251300032,0.015713129778260945,-0.8319075013661464,0.5549134879614899,6,6,instant_velocity,dbscan_kmeans_fallback,False
130,216,2.24587318481,12.7783229963,-0.02142534815999997,0.020095155139999932,-0.021168580726199995,0.017145320011999986,-0.020049500216508045,0.017902923435714903,-0.7293859098191013,0.6841019760933893,6,6,instant_velocity,dbscan_kmeans_fallback,False
130,217,7.88844277387,4.96483981344,-0.01014441828400008,0.005369845494000014,2.1046510799997977e-05,0.0024725155249999986,-0.0012739252287345673,0.0028155463740235477,-0.8838134044511798,0.4678377108044082,7,7,instant_velocity,dbscan_kmeans_fallback,False
130,218,0.780404626491,3.65388153361,-0.0322222082839,-0.0038901547360000064,-0.030151231604980008,-0.003976072263199999,-0.02940717953995786,-0.0033105193143187065,-0.9927906606867861,-0.11985861603585375,-1,-1,instant_velocity,dbscan_kmeans_fallback,False
130,219,7.2111660511,3.67870215278,-0.0031780231549999984,0.0046538660940000035,-0.0010396976416000036,0.003508299055800004,-0.0013008547695366082,0.0036194358519204065,-0.5639331927214665,0.8258182640231908,7,7,instant_velocity,dbscan_kmeans_fallback,False
130,220,7.89244161096,4.22427845493,-0.0024203487600000352,0.0005489175400000157,-0.002428767364999995,0.0005489175393999979,-0.0024046061627849467,0.0005444414743438917,-0.9752299846437674,0.2211750855710985,7,7,instant_velocity,dbscan_kmeans_fallback,False
130,273,14.1744042031,10.0812285997,-0.004988023089999949,0.029904072904999877,-0.005989837020000017,0.02543158825759999,-0.005668243690884601,0.025450882624504113,-0.16452765502060085,0.9863721361852733,1,1,instant_velocity,dbscan_kmeans_fallback,False
130,274,14.692569303,9.64615178482,-0.009113139239999946,0.019617835536999983,-0.005429999827999978,0.01380885601140001,-0.005358989193230617,0.013079698247796385,-0.42129587690502374,0.9069227417553419,1,1,instant_velocity,dbscan_kmeans_fallback,False
130,409,9.38064040112,2.81618563662,-0.01725813898899986,-0.010381701287,-0.015940627403599982,-0.016109536480599998,-0.016275272642154306,-0.01464014503322512,-0.8569044848231255,-0.5154742581801319,-1,-1,instant_velocity,dbscan_kmeans_fallback,False
140,1,14.767494882,7.06433007152,0.04312430095999993,0.0,0.04259813818799998,0.0030548454363999865,0.04227216490760373,0.0029261757736140266,0.9999997681122369,0.0,-1,-1,instant_velocity,dbscan_kmeans_fallback,False
140,3,10.8837822141,7.493917711,0.03420058031999993,0.023865979970999974,0.03935697550059999,0.020481784011399995,0.03748292853241309,0.021739936957960698,0.8200692557053079,0.5722638694540073,-1,-1,instant_velocity,dbscan_kmeans_fallback,False
140,4,3.01386036984,6.5834305751,0.0014101162350000252,0.0001909278400000325,0.0014016976302000028,0.0001909278398000147,0.0016437318192739942,0.00034986735194820806,0.9909507775600939,0.13417340131957137,-1,-1,instant_velocity,dbscan_kmeans_fallback,False
140,5,5.02801146895,9.30104971443,-0.05152185883699998,0.027159485207000067,-0.053239254130999995,0.020839773711000015,-0.053788952909394006,0.022673883450190398,-0.8846155963157308,0.46632060147575227,-1,-1,instant_velocity,dbscan_kmeans_fallback,False
140,7,8.55309159007,5.56459189012,-0.03596848723499999,0.020787268554999995,-0.038224673210599996,0.02206648508160001,-0.03679555359575771,0.022116902136195903,-0.8658077614961025,0.5003762971079223,0,0,instant_velocity,dbscan_kmeans_fallback,False
140,8,9.52901830341,5.61996096365,-0.03188546410799997,0.02458195936999994,-0.03260104548179999,0.025484093413399994,-0.03189753689241043,0.02362419839004056,-0.7919669939216644,0.6105634969283339,0,0,instant_velocity,dbscan_kmeans_fallback,False
140,9,13.5899425936,10.5351595388,-0.008271278810000027,0.02300680469999996,-0.006537046306000001,0.028118897603199997,-0.0065712950941296585,0.02486238230130757,-0.3383148053216231,0.9410325575946901,1,1,instant_velocity,dbscan_kmeans_fallback,False
140,10,4.52499985695,8.6583388738,0.03163290597700001,-0.0006682474399999805,0.026792208455399997,-0.00039617526760000744,0.02751132024284994,0.00015427789984001294,0.9997766243209455,-0.021120353920694546,2,2,instant_velocity,dbscan_kmeans_fallback,False
140,11,4.31327195667,8.08627133389,0.03540023143900006,0.002100206237000002,0.03247476641540001,0.004057216595199992,0.03194894439047838,0.0032334211913982005,0.9982444761965525,0.05922332114046821,2,2,instant_velocity,dbscan_kmeans_fallback,False
140,12,3.4962464011,8.45834196164,0.024771743403000014,0.0027923196559999754,0.022679720213200003,0.004577494958400017,0.02315029753454764,0.003825379079364112,0.993706389597458,0.11201253940123214,2,2,instant_velocity,dbscan_kmeans_fallback,False
140,13,3.57453942188,7.62708987924,0.03489511517600001,-0.0018854124180000653,0.030639510659199995,0.001732670145799986,0.030198770263517166,0.000495152795053741,0.9985432365558747,-0.053952130795867775,2,2,instant_velocity,dbscan_kmeans_fallback,False
140,14,12.1901391495,9.81011106722,0.010270697350000014,0.0029116495559998513,0.007239999770000018,0.002491608308999993,0.0077175778078558245,0.002547906865163392,0.9620860474872678,0.2727426695130834,3,3,instant_velocity,dbscan_kmeans_fallback,False
140,15,12.6489530885,8.93255898367,0.02104651096000012,0.004892525894000066,0.018878720334000006,-0.004739783622399969,0.017783266962741028,-0.00215206737604316,0.9740281111274706,0.22642507179608531,3,3,instant_velocity,dbscan_kmeans_fallback,False
140,16,11.7826786973,10.0654770529,0.016437325059999886,0.005966494990000015,0.009976046196000005,0.005890123856600021,0.011396294263807425,0.005763633217161549,0.939989510090407,0.34120166645940997,3,3,instant_velocity,dbscan_kmeans_fallback,False
140,17,8.61328461142,5.01471971158,-0.03375860358400011,0.02809025842599997,-0.04673588224360003,0.029784743004199993,-0.04496743942011146,0.029687841332524216,-0.7686902394306149,0.6396208723924715,0,0,instant_velocity,dbscan_kmeans_fallback,False
140,18,11.8517112532,4.59658774248,-0.023572092280000057,0.009546391987999937,-0.024582324803999994,0.005708742409199985,-0.024106453865821366,0.007327226349135444,-0.9268738571943265,0.37537190416117333,-1,-1,instant_velocity,dbscan_kmeans_fallback,False
140,19,13.7627344486,4.18322896938,-0.017679069210000085,-0.0014319587980000214,-0.008970022972000002,-0.004467711450599996,-0.011011475858664872,-0.0038928598068151193,-0.9967352006373781,-0.08073296862380477,4,4,instant_velocity,dbscan_kmeans_fallback,False
140,20,13.9523635124,3.63645936823,-0.02001523193000008,-0.005799433132999976,-0.013722325148000003,-0.007298216675400005,-0.013171164802246208,-0.005655853488324327,-0.9604926335638884,-0.2783036850421746,4,4,instant_velocity,dbscan_kmeans_fallback,False
140,21,13.2561449298,1.59353148269,0.04777557988999988,0.003675360916000003,0.04522895205999997,0.001513103130200002,0.04244135564992673,0.0013346082166755852,0.997053772600178,0.07670304526710912,5,5,instant_velocity,dbscan_kmeans_fallback,False
140,22,13.2241542331,0.739845379112,0.049101510080000035,0.008949742489299995,0.05772216096600001,-0.005694422821160001,0.04985342287500211,-0.0008600100735370363,0.9837913515794642,0.17931585496029195,5,5,instant_velocity,dbscan_kmeans_fallback,False
140,23,4.99244286543,5.63905374763,0.03918860341300005,0.011527268326000062,0.041171184745000006,0.010825608515000003,0.03878265112264719,0.011399202240241331,0.959357257737876,0.2821934840059027,-1,-1,instant_velocity,dbscan_kmeans_fallback,False
140,24,6.16662771203,3.24362533791,0.06261337011400006,-0.00229113407699999,0.06229767244920001,-0.005818525916999997,0.05916278951463899,-0.004430512560798988,0.9993310332183047,-0.03656729194166347,-1,-1,instant_velocity,dbscan_kmeans_fallback,False
140,25,8.59792065842,9.25904558968,-0.033506045452999976,-0.01945077367700012,-0.03144769667960002,-0.020543835558400014,-0.029437972317277572,-0.021002077633421014,-0.864837469998193,-0.5020514259112034,-1,-1,instant_velocity,dbscan_kmeans_fallback,False
140,26,14.8148495317,8.56788680971,0.0,0.0,0.0,0.0,0.0,0.0,0.0,0.0,-1,-1,instant_velocity,dbscan_kmeans_fallback,False
140,74,12.3595635628,12.2337013333,-0.00526162774000003,-0.000501185579999941,-0.011398790335999998,-0.0036514949359999706,-0.008233317973574695,-0.003078641773359471,-0.9954921930358386,-0.094823571108829,-1,-1,instant_velocity,dbscan_kmeans_fallback,False
140,75,2.17157900112,8.53709969555,0.02228825511000001,0.005632371273000025,0.020099417969400003,0.0010214639427999828,0.019940087830738345,0.0022202205066853714,0.9695216824420814,0.2450037495437403,2,2,instant_velocity,dbscan_kmeans_fallback,False
140,76,2.04929877242,7.85119143117,0.021635813268999972,0.005441443432999992,0.020381441216,0.0014176392102000078,0.019916448327224043,0.00205190792361855,0.9697984313642193,0.24390593688667186,2,2,instant_velocity,dbscan_kmeans_fallback,False
140,215,2.25723830073,13.2098199141,-0.017889534318999978,0.01193298998000003,-0.020528766792999996,0.01429094880600001,-0.01943777205480022,0.014579087838782671,-0.8319075015951379,0.5549134876181934,6,6,instant_velocity,dbscan_kmeans_fallback,False
140,216,2.02656854058,12.9969353728,-0.021930464423000017,0.02186123764999994,-0.021080185380199998,0.018085639621999973,-0.020613789478455637,0.019090417700000414,-0.7082234756815607,0.7059878629358082,6,6,instant_velocity,dbscan_kmeans_fallback,False
140,217,7.73227766253,5.03428981516,-0.015616511134,0.006945000171999993,-0.0036157905834000026,0.0035082990557999947,-0.005576701000314197,0.004054382513416482,-0.9137169951651117,0.40634970475352383,7,7,instant_velocity,dbscan_kmeans_fallback,False
140,218,0.458393008764,3.61497998626,-0.03220116177269999,-0.0038901547350000064,-0.031182510642119996,-0.003933113499200003,-0.030245374209780504,-0.0034844099405230964,-0.9927813356654768,-0.11993582843439314,-1,-1,instant_velocity,dbscan_kmeans_fallback,False
140,219,7.1389765185,3.7469588555,-0.007218953260000038,0.006825670271999984,-0.0023824650410000105,0.004229051650799996,-0.0030762843166756374,0.004581306177944279,-0.7266218989551485,0.6870361001176931,7,7,instant_velocity,dbscan_kmeans_fallback,False
140,220,7.72238580238,4.30685474563,-0.01700558085799999,0.008257629069999961,-0.005345813784400005,0.002090659845600005,-0.00678489857134946,0.002858397753040713,-0.899553921911898,0.43680852054622415,7,7,instant_velocity,dbscan_kmeans_fallback,False
140,273,14.0653832763,10.4170229379,-0.010902092679999953,0.03357943382000013,-0.006288697475999996,0.029006712057400002,-0.007238398387619207,0.027889447983152918,-0.3087984438183655,0.9511272021141797,1,1,instant_velocity,dbscan_kmeans_fallback,False
140,274,14.5900727946,9.86022962516,-0.010249650840000157,0.02140778403399999,-0.006579139326000032,0.01561789729320001,-0.0068261876872614796,0.015578123983657466,-0.4318374414150918,0.9019509862259139,1,1,instant_velocity,dbscan_kmeans_fallback,False
140,409,9.20027180217,2.81618563662,-0.018036859895000035,0.0,-0.016567813430600004,-0.013126288984199999,-0.016803748818008023,-0.010248101523257584,-0.9999994455800779,0.0,-1,-1,instant_velocity,dbscan_kmeans_fallback,False
150,1,15.1987378916,7.06433007152,0.043124300960000105,0.0,0.042926463760000005,0.0011455670385999994,0.04252780572332264,0.0020483230415298185,0.9999997681122369,0.0,-1,-1,instant_velocity,dbscan_kmeans_fallback,False
150,3,11.2257880172,7.73257751072,0.03420058030999993,0.023865979971999973,0.03811102205079998,0.021450742798399994,0.036498224065689144,0.02237774986217248,0.8200692556155296,0.5722638695826618,-1,-1,instant_velocity,dbscan_kmeans_fallback,False
150,4,3.02796153218,6.58533985349,0.0014101162339999807,0.0001909278389999436,0.0014059069322000005,0.00019092783979999696,0.0015736471436917903,0.00030218549806372867,0.9909507776408824,0.13417340072285833,-1,-1,instant_velocity,dbscan_kmeans_fallback,False
150,5,4.71063008364,9.69674766236,-0.03173813853100001,0.039569794792999956,-0.0485332542796,0.026066423324799998,-0.0471737085958758,0.027742656853033267,-0.625683758643008,0.7800765602757188,-1,-1,instant_velocity,dbscan_kmeans_fallback,False
150,7,8.19530090371,5.77318055507,-0.03577906863599996,0.020858866494999972,-0.03738281277180001,0.021622577853999996,-0.036490608107830384,0.021739491443837123,-0.8639074712591696,0.5036500751418851,0,0,instant_velocity,dbscan_kmeans_fallback,False
150,8,9.21016366232,5.86601921716,-0.03188546410900006,0.024605825351000022,-0.03274416175560003,0.0257704851732,-0.03189391505738732,0.0239186864783284,-0.7916803738493998,0.6109350940027335,0,0,instant_velocity,dbscan_kmeans_fallback,False
150,9,13.5074402707,10.7652275857,-0.008250232289999992,0.02300680468999996,-0.007404162555999996,0.030032949196399983,-0.007074976252890759,0.02430570901791529,-0.337552150785685,0.9413063939095075,1,1,instant_velocity,dbscan_kmeans_fallback,False
150,10,4.84069752139,8.65213371901,0.031569766444,-0.0006205154790000833,0.0306268827528,-0.0006587010472000188,0.02872885410319496,-7.816011381201596e-05,0.9998065725067493,-0.019651569337611186,2,2,instant_velocity,dbscan_kmeans_fallback,False
150,11,4.65990799222,8.07242906551,0.03466360355499996,-0.0013842268379999467,0.034533115187399994,0.0025250206810000187,0.03276334213983485,0.001848126782578756,0.9992033361195326,-0.03990133548236457,2,2,instant_velocity,dbscan_kmeans_fallback,False
150,12,3.77953243866,8.48387856021,0.028328603755999993,0.002553659856999957,0.0243844876014,0.003684907307600014,0.024703789400983344,0.0034438633126548652,0.9959612550862675,0.08978014935531073,2,2,instant_velocity,dbscan_kmeans_fallback,False
150,13,3.92349057364,7.60823575507,0.03489511517600001,-0.0018854124169999764,0.0319696501522,0.0006014226954000002,0.03160767373726202,-0.00021901676856237432,0.9985432365574167,-0.05395213076733298,2,2,instant_velocity,dbscan_kmeans_fallback,False
150,14,12.2926356579,9.83922756279,0.01024965083999998,0.0029116495570001176,0.008448069499999988,0.002658670168800015,0.008477199717499072,0.0026570296727144093,0.961938971045235,0.27326093567739645,3,3,instant_velocity,dbscan_kmeans_fallback,False
150,15,12.8594181981,8.98148424262,0.02104651095999994,0.004892525894999977,0.021046510962000012,-0.0029737011043999926,0.018762240161918704,-3.868939473021852e-05,0.9740281111172643,0.2264250718399903,3,3,instant_velocity,dbscan_kmeans_fallback,False
150,16,11.947262413,10.1251420028,0.016458371570000095,0.005966494990000015,0.012063860084000027,0.005913989836000013,0.012914917455665226,0.005824491749013089,0.9401293915216412,0.3408160570812537,3,3,instant_velocity,dbscan_kmeans_fallback,False
150,17,8.3765113631,5.29824755364,-0.023677324831999868,0.02835278420600007,-0.041019649865999985,0.02837665018600001,-0.038580405043677976,0.029287324194566974,-0.6409827883886796,0.7675548993770945,0,0,instant_velocity,dbscan_kmeans_fallback,False
150,18,11.7235380015,4.68011867238,-0.012817325169999982,0.008353092990000022,-0.022039906279999997,0.0069450001715999935,-0.020719715257074948,0.007634986341394818,-0.8377904116549527,0.5459907681100228,-1,-1,instant_velocity,dbscan_kmeans_fallback,False
150,19,13.5859437565,4.16890938139,-0.01767906920999991,-0.0014319587990000216,-0.011259883365999989,-0.0036658145236000018,-0.013011753864065383,-0.0031545895044705896,-0.9967352006328412,-0.08073296867981751,4,4,instant_velocity,dbscan_kmeans_fallback,False
150,20,13.752000728,3.5782263771,-0.020036278439999933,-0.0058232991130000135,-0.015755418107999974,-0.006820897075800003,-0.015230698893572325,-0.005706087175727033,-0.960264688219368,-0.27908917935526045,4,4,instant_velocity,dbscan_kmeans_fallback,False
150,21,13.6688670097,1.61930674106,0.04127220799,0.0025775258369999943,0.04465648695999999,0.0030023402803999975,0.042090611351948706,0.001707483502772908,0.9980553276770514,0.062330403899553896,5,5,instant_velocity,dbscan_kmeans_fallback,False
150,22,13.6518193359,0.817648473818,0.04276651028000007,0.0077803094706,0.05463253315800003,-0.0009689587868399996,0.04772734909650149,0.001732085789704075,0.9838511331274916,0.17898739547874917,5,5,instant_velocity,dbscan_kmeans_fallback,False
150,23,5.38432889955,5.75408777109,0.039188603411999964,0.01150340234599998,0.04075867313,0.010071443547799994,0.038904436809453026,0.011430462271968925,0.9595153042061725,0.2816556253711331,-1,-1,instant_velocity,dbscan_kmeans_fallback,False
150,24,6.7980230409,3.27488977167,0.063139532887,0.0031264433759999656,0.062297672449,-0.005670556841200005,0.060355812526347294,-0.0021634257797593015,0.9987761540702534,0.04945581552825505,-1,-1,instant_velocity,dbscan_kmeans_fallback,False
150,25,8.26264973879,9.06453785292,-0.03352709196300001,-0.01945077367600003,-0.032971464074,-0.019808763375600016,-0.030664708210994304,-0.02053668644619472,-0.864974300345026,-0.5018156471827248,-1,-1,instant_velocity,dbscan_kmeans_fallback,False
150,26,14.4033902423,8.56788680971,-0.04114592893999998,0.0,-0.04114592893999998,0.0,-0.012343778681999996,0.0,-0.9999997569626491,0.0,-1,-1,instant_velocity,dbscan_kmeans_fallback,False
150,28,15.0644611517,3.81855679542,0.0,0.0,0.0,0.0,0.0,0.0,0.0,0.0,4,4,instant_velocity,dbscan_kmeans_fallback,False
150,74,12.3069472854,12.2289281373,-0.00526162774000003,-0.0004773196000000368,-0.010253860140000022,-0.002515474289999986,-0.007341810903502295,-0.002298245121351641,-0.9959085434066623,-0.09034593305825256,-1,-1,instant_velocity,dbscan_kmeans_fallback,False
150,75,2.3942510871,8.59318474848,0.022267208597999976,0.005608505293000121,0.020823417946399997,0.00255365985680001,0.020638224060916834,0.0032367059425797966,0.9697132477233354,0.24424443946858967,2,2,instant_velocity,dbscan_kmeans_fallback,False
150,76,2.26586737023,7.90584452531,0.021656859781000026,0.005465309413999986,0.020726603996,0.002510701093000005,0.02043857176335684,0.003075928370732981,0.9696014284114941,0.24468791265732054,2,2,instant_velocity,dbscan_kmeans_fallback,False
150,215,2.07834295755,13.329149814,-0.01788953431800002,0.011932989990000031,-0.018769278476400003,0.01272056732400003,-0.01897330073376016,0.013785258484147878,-0.8319075013661464,0.5549134879614899,6,6,instant_velocity,dbscan_kmeans_fallback,False
150,216,1.80726389635,13.2157864091,-0.021930464422999996,0.021885103630000024,-0.021164371424000003,0.019130969544000002,-0.021008791961818943,0.019928823479000296,-0.7078382174132577,0.7063741306416215,6,6,instant_velocity,dbscan_kmeans_fallback,False
150,217,7.57611255119,5.10350115707,-0.015616511134,0.006921134191,-0.007252627677600003,0.004544082586400009,-0.008588644040419938,0.004914408016691537,-0.9142350088479764,0.40518289418503334,7,7,instant_velocity,dbscan_kmeans_fallback,False
150,218,0.136170925928,3.57607843891,-0.0322222082836,-0.003890154734999962,-0.032213789679240004,-0.0038949279311999963,-0.030838424431926352,-0.0036061333788661564,-0.9927906606903197,-0.11985861600658416,-1,-1,instant_velocity,dbscan_kmeans_fallback,False
150,219,7.0667869859,3.81521555822,-0.00721895325999995,0.006825670271999984,-0.003725232440199999,0.004949804245999996,-0.004319084999672931,0.005254615406160991,-0.7266218989551443,0.6870361001176976,7,7,instant_velocity,dbscan_kmeans_fallback,False
150,220,7.55254045891,4.38943103633,-0.01698453434699996,0.00825762907000005,-0.0082544415996,0.0036324021516000115,-0.00984478930404461,0.004478167148128515,-0.8993411804131554,0.4372463632798734,7,7,instant_velocity,dbscan_kmeans_fallback,False
150,273,13.9561518844,10.7530559359,-0.010923139189999986,0.03360329980000003,-0.007096883496000004,0.031207155410800026,-0.008343820628333441,0.02960360352820705,-0.30913888823903685,0.9510166043517267,1,1,instant_velocity,dbscan_kmeans_fallback,False
150,274,14.4875762862,10.0745461253,-0.01024965083999998,0.02143165001399989,-0.0077240695220000075,0.01743171177099999,-0.00785322663308303,0.017334181792760195,-0.4314461094946327,0.9021382447980894,1,1,instant_velocity,dbscan_kmeans_fallback,False
150,409,9.01990320322,2.81618563662,-0.018036859895000035,0.0,-0.01719499945639999,-0.0101430414878,-0.017173682141105626,-0.007173671066280308,-0.9999994455800779,0.0,-1,-1,instant_velocity,dbscan_kmeans_fallback,False
160,3,11.5642159135,7.96240689784,0.03384278963000007,0.022982938712000058,0.03659146395979999,0.022166722197400013,0.035701593734982426,0.022559306517120757,0.8272689371416949,0.5618056752571836,-1,-1,instant_velocity,dbscan_kmeans_fallback,False
160,4,3.04185222942,6.58701047209,0.0013890697239999916,0.00016706186000003953,0.001401697630199994,0.00018615464379999835,0.0015182739177842506,0.0002616484066446219,0.9928381272456609,0.11940752962276574,-1,-1,instant_velocity,dbscan_kmeans_fallback,False
160,5,4.44270799909,10.1234713842,-0.026792208455000032,0.04267237218400002,-0.042842277715200015,0.03191836161280001,-0.04105925855361307,0.032221571452323294,-0.531738536203168,0.8469083375320776,-1,-1,instant_velocity,dbscan_kmeans_fallback,False
160,7,7.85582068188,5.98892901401,-0.03394802218300006,0.02157484589400003,-0.0361747430424,0.021321866506399997,-0.035727832330381286,0.021690097778885996,-0.8439813890567626,0.5363719956393226,0,0,instant_velocity,dbscan_kmeans_fallback,False
160,8,8.89109855613,6.09346200628,-0.03190651061899992,0.022744278912000038,-0.03239058037140001,0.024911309894000002,-0.031897693725871104,0.02356636420842989,-0.8142891830266626,0.5804589701123378,0,0,instant_velocity,dbscan_kmeans_fallback,False
160,9,13.4093635296,11.033003881,-0.009807674109999987,0.02677762953000009,-0.008073441603999996,0.02786114501940002,-0.007894785610023528,0.02504728517154073,-0.34392097825270973,0.9389982211843998,1,1,instant_velocity,dbscan_kmeans_fallback,False
160,10,5.15639518583,8.64568990442,0.031569766444,-0.0006443814589999874,0.0317297199272,-0.0007159793992000019,0.029581127805436473,-0.00024802651736840743,0.9997914368971313,-0.0204070899905536,2,2,instant_velocity,dbscan_kmeans_fallback,False
160,11,5.00654402777,8.05834813732,0.03466360355500005,-0.0014080928190001174,0.03523185935120001,0.001307855702399987,0.03333342056438441,0.0008712609021050938,0.9991756723902624,-0.04058816582586376,2,2,instant_velocity,dbscan_kmeans_fallback,False
160,12,4.09859754485,8.50702856079,0.03190651061899996,0.0023150000579999384,0.02680483636199999,0.002739814500799973,0.026864605766388328,0.003105204336258387,0.9973778685722439,0.07236547584798127,2,2,instant_velocity,dbscan_kmeans_fallback,False
160,13,4.2724417254,7.58938163089,0.03489511517600001,-0.0018854124179999766,0.033299789645,-0.0005298247554000035,0.03259390616888341,-0.000718935463393655,0.998543236555875,-0.05395213079586524,2,2,instant_velocity,dbscan_kmeans_fallback,False
160,14,12.4546937923,9.89340333732,0.01620581344000005,0.005417577453,0.010847371750000008,0.003326917607999995,0.010795783834249366,0.0034851940068000866,0.9484078030865145,0.3170512081527917,3,3,instant_velocity,dbscan_kmeans_fallback,False
160,15,13.0698833077,9.03040950156,0.02104651095999994,0.004892525893999888,0.021046510961999977,0.0003054845435999809,0.019447521401343076,0.0014406751918888136,0.974028111127472,0.22642507179607932,3,3,instant_velocity,dbscan_kmeans_fallback,False
160,16,12.1733019407,10.2043770563,0.022603952769999935,0.00792350534999997,0.015380790210000016,0.006329257887399997,0.01582162804996564,0.006454195829309154,0.9437000567095404,0.3308011003304419,3,3,instant_velocity,dbscan_kmeans_fallback,False
160,17,8.02208811849,5.43643157767,-0.03544232446100004,0.013818402402999919,-0.0381278592596,0.02513565010579999,-0.0376389808688746,0.024646647657096857,-0.9316908267623567,0.36325153485778633,0,0,instant_velocity,dbscan_kmeans_fallback,False
160,18,11.6075717261,4.76245630328,-0.011596627539999993,0.008233763089999967,-0.019257557530000007,0.008162165150199989,-0.01798278894195246,0.007814619365976362,-0.8153771826238108,0.5789288763098535,-1,-1,instant_velocity,dbscan_kmeans_fallback,False
160,19,13.4091530645,4.15458979341,-0.017679069200000085,-0.0014319587980000214,-0.01355395306000002,-0.002868690792600006,-0.014411948464845793,-0.002637800292529419,-0.9967352006337031,-0.08073296866917297,4,4,instant_velocity,dbscan_kmeans_fallback,False
160,20,13.5518484088,3.51999338597,-0.020015231920000078,-0.0058232991130000135,-0.01778851106600001,-0.006343577476400002,-0.01666605880150065,-0.005741250756908927,-0.960186006398724,-0.27935975669557433,4,4,instant_velocity,dbscan_kmeans_fallback,False
160,21,13.8227170049,1.60092993648,0.015384999519999987,-0.0018376804579999905,0.03900339411599998,0.0021049794336000004,0.03407892780236409,0.0006439343145410383,0.9929410943419472,-0.11860308754935359,5,5,instant_velocity,dbscan_kmeans_fallback,False
160,22,13.8256635164,0.848912907581,0.01738441804999997,0.0031264433763000033,0.045750905530000024,0.00244864954506,0.03862446978255103,0.0021503930656828537,0.9842099183825707,0.1770019894462881,5,5,instant_velocity,dbscan_kmeans_fallback,False
160,23,5.75622074826,5.89083983633,0.03718918487099998,0.01367520652399996,0.039777905719199994,0.011040402334799993,0.03838986122791711,0.012103885547578236,0.9385561469489733,0.34512585280957636,-1,-1,instant_velocity,dbscan_kmeans_fallback,False
160,24,7.45867302002,3.30591554563,0.06606499791199996,0.003102577396000017,0.0629164398714,-0.005178917653799999,0.06206856814204309,-0.0005836248270315058,0.9988989315137683,0.046910790036372024,-1,-1,instant_velocity,dbscan_kmeans_fallback,False
160,25,8.01177532811,9.06119661572,-0.025087441067999983,-0.0003341237199999014,-0.031515045515400006,-0.015837464308999998,-0.028991528068096007,-0.014475917628336272,-0.9999109238266963,-0.013317179565342908,-1,-1,instant_velocity,dbscan_kmeans_fallback,False
160,26,13.9921414181,8.56788680971,-0.04112488242000012,0.0,-0.04112488242000012,0.0,-0.020978109803400036,0.0,-0.9999997568382697,0.0,-1,-1,instant_velocity,dbscan_kmeans_fallback,False
160,28,14.8297925544,3.69922689556,-0.02346685972999989,-0.011932989986000031,-0.02346685972999989,-0.011932989986000031,-0.007040057918999968,-0.00357989699580001,-0.8913742265144976,-0.45326728165413865,4,4,instant_velocity,dbscan_kmeans_fallback,False
160,74,12.2543310079,12.2239162815,-0.0052616277500000305,-0.0005011855800001186,-0.007875604404000001,-0.0015512886980000218,-0.006717755957451615,-0.001759127258946184,-0.995492193052851,-0.09482357093026587,-1,-1,instant_velocity,dbscan_kmeans_fallback,False
160,75,2.57819759291,8.61561876966,0.018394650581000028,0.002243402117999871,0.020777115622200002,0.003408061939999989,0.01996515201694179,0.0029387147952058186,0.9926443558978484,0.12106239477807929,2,2,instant_velocity,dbscan_kmeans_fallback,False
160,76,2.48222550292,7.96025895964,0.021635813268999993,0.005441443432999992,0.021067557473399997,0.003598989779600004,0.020797744215049783,0.003785582889413085,0.9697984313642193,0.24390593688667164,2,2,instant_velocity,dbscan_kmeans_fallback,False
160,215,1.89944761437,13.4484797139,-0.01788953431799998,0.011932989989999854,-0.017889534318199996,0.011932989985999995,-0.018648170809032104,0.013229577935903472,-0.8319075013661497,0.554913487961485,6,6,instant_velocity,dbscan_kmeans_fallback,False
160,216,1.58816971723,13.4346374455,-0.021909417912000007,0.021885103640000025,-0.021492696994999994,0.020329041739999987,-0.02127897974687326,0.020515707527300215,-0.7074990221604844,0.7067138655792542,6,6,instant_velocity,dbscan_kmeans_fallback,False
160,217,7.31155790839,5.165552705,-0.02645546427999994,0.006205154792999945,-0.013053046099000003,0.005436670237599995,-0.01394869011229394,0.00530163204958406,-0.9735778764436577,0.22835363471357248,0,0,instant_velocity,dbscan_kmeans_fallback,False
160,219,6.99459745329,3.88323360114,-0.007218953261000039,0.006801804292000035,-0.005067999839800006,0.005665783645200007,-0.005189045478071063,0.0057187720719127045,-0.7278219977339501,0.6857646266729023,0,0,instant_velocity,dbscan_kmeans_fallback,False
160,220,7.43320674175,4.44336815107,-0.011933371715999997,0.005393711473999918,-0.010157046190599992,0.004601360938599992,-0.010471364027631228,0.004752830445889936,-0.9112424870510444,0.41186842872023727,0,0,instant_velocity,dbscan_kmeans_fallback,False
160,273,13.8486042134,11.0757239851,-0.010754767100000073,0.03226680491999989,-0.008380720663999988,0.03176561934180001,-0.00906710456983343,0.030402563945744903,-0.3162055899491695,0.9486903798691523,1,1,instant_velocity,dbscan_kmeans_fallback,False
160,274,14.3850797778,10.2886239656,-0.01024965083999998,0.021407784029999988,-0.00887320902199999,0.019240753051999987,-0.008572153895158115,0.018556262463932133,-0.4318374414807267,0.9019509861944891,1,1,instant_velocity,dbscan_kmeans_fallback,False
160,409,8.90393692782,2.80544594563,-0.011596627539999993,-0.0010739690990000383,-0.01628158088060001,-0.0064390413964,-0.015500565760773936,-0.005343760476096227,-0.9957381848822856,-0.0922157789037659,0,0,instant_velocity,dbscan_kmeans_fallback,False
170,3,11.8710740433,8.11156927266,0.030685812980000015,0.01491623748200004,0.03444051053799999,0.02127413454640001,0.034196859508487706,0.02026638580658454,0.8993730893920697,0.437181266634056,0,0,instant_velocity,dbscan_kmeans_fallback,False
170,4,3.05595339176,6.58891975049,0.001410116234000025,0.00019092783999994368,0.0014016976300000028,0.00018615464379999835,0.001485826612648983,0.00024043223665121843,0.990950777547446,0.13417340141294706,-1,-1,instant_velocity,dbscan_kmeans_fallback,False
170,5,4.17478591453,10.5501951061,-0.026792208455999944,0.042672372190000016,-0.037673254623,0.03584192872039999,-0.036779143524329136,0.03535681167362631,-0.5317385361637759,0.8469083375568104,-1,-1,instant_velocity,dbscan_kmeans_fallback,False
170,7,7.51634046006,6.20443881315,-0.03394802218199997,0.021550979914000033,-0.03512662679639998,0.021111845882600004,-0.03519388928586689,0.021648362419420208,-0.8442499629023502,0.5359491606126887,1,1,instant_velocity,dbscan_kmeans_fallback,False
170,8,8.57203344994,6.27818469126,-0.03190651061900009,0.018472268497999968,-0.0320369989872,0.023192959336199994,-0.031900338793809796,0.022038135495300912,-0.8654251317321727,0.5010377220238531,1,1,instant_velocity,dbscan_kmeans_fallback,False
170,9,13.3074984165,11.3100879084,-0.010186511310000057,0.027708402739999905,-0.008814278792000004,0.025875495483999984,-0.008582303320016487,0.025845620442078485,-0.34505354799354104,0.9385826396997214,2,2,instant_velocity,dbscan_kmeans_fallback,False
170,10,5.47209285026,8.63948474963,0.031569766443000004,-0.0006205154789999057,0.0316581617898,-0.0006730206351999967,0.03017771939670553,-0.0003597732058578569,0.9998065725067372,-0.019651569338227804,3,3,instant_velocity,dbscan_kmeans_fallback,False
170,11,5.35318006333,8.04426720914,0.034663603555999956,-0.0014080928180000285,0.0350213942418,0.0003054845435999809,0.033732475461869076,0.00018745478607355693,0.9991756723914791,-0.040588165795914885,3,3,instant_velocity,dbscan_kmeans_fallback,False
170,12,4.41766265104,8.53017856136,0.031906510619,0.0023150000570000273,0.02833281305779999,0.0025584330530000086,0.02837717722217183,0.002868143052480879,0.9973778685744998,0.07236547581688825,3,3,instant_velocity,dbscan_kmeans_fallback,False
170,13,4.65359403893,7.57005018711,0.03811523135299995,-0.0019331443780000513,0.035269743071,-0.0016658454020000058,0.03425030372411837,-0.001083198137775574,0.9987160352376417,-0.050653301061130536,3,3,instant_velocity,dbscan_kmeans_fallback,False
170,14,12.705568203,9.98504870041,0.025087441069999983,0.009164536308999872,0.014416860010000008,0.004663412486399992,0.015083281004974552,0.0051889966974600224,0.9392890539736367,0.34312581405846587,0,0,instant_velocity,dbscan_kmeans_fallback,False
170,15,13.2233123727,9.12611208124,0.015342906500000097,0.009570257968000106,0.01990579007000001,0.004515443410599999,0.01821613693094018,0.0038795500247222016,0.848471182114192,0.5292405380458236,0,0,instant_velocity,dbscan_kmeans_fallback,False
170,16,12.4258600723,10.291726543,0.025255813160000074,0.008734948669999909,0.019232301718000003,0.006906814602800004,0.01865188358297597,0.0071384216815163805,0.945071840837608,0.3268615414154737,0,0,instant_velocity,dbscan_kmeans_fallback,False
170,17,7.65882533927,5.57389962231,-0.03632627792200003,0.013746804464000029,-0.03561911515299999,0.022343330449199995,-0.037245169984812226,0.02137669469916781,-0.9352713043682641,0.3539308863282768,1,1,instant_velocity,dbscan_kmeans_fallback,False
170,18,11.4913949856,4.84479393418,-0.011617674050000026,0.008233763090000058,-0.01663516226400002,0.008782680629400002,-0.01607325447436673,0.007940362483183472,-0.8158722598355985,0.5782309669110808,-1,-1,instant_velocity,dbscan_kmeans_fallback,False
170,19,13.2323623724,4.14027020543,-0.01767906920999991,-0.0014319587979999327,-0.01584381345199997,-0.0020715670613999926,-0.015392084688392028,-0.002276047844170573,-0.9967352006373784,-0.08073296862380061,4,4,instant_velocity,dbscan_kmeans_fallback,False
170,20,13.302657719,3.52572122117,-0.024919068979999893,0.0005727835200000087,-0.020798162133999973,-0.004587041350399996,-0.019141961855050425,-0.0038470404738362458,-0.9997355311680903,0.02297967219686791,4,4,instant_velocity,dbscan_kmeans_fallback,False
170,21,13.976567,1.5825531319,0.015384999509999987,-0.0018376804580000129,0.033350301272,0.001207618586599999,0.028470749314654854,-0.00010055011722127726,0.992941094332868,-0.11860308762536063,5,5,instant_velocity,dbscan_kmeans_fallback,False
170,22,13.999507697,0.879938681543,0.017384418059999972,0.0031025773962000012,0.036364161642,0.00492116507008,0.03225245426578571,0.002436048364837998,0.9844444856834857,0.17569269207365826,5,5,instant_velocity,dbscan_kmeans_fallback,False
170,23,6.0982265514,6.06004963432,0.034200580314000015,0.01692097979900007,0.03819941739699999,0.012653742580800013,0.03713307695374198,0.013549013823004786,0.8962987393476168,0.44345016146296046,-1,-1,instant_velocity,dbscan_kmeans_fallback,False
170,24,8.16331020705,3.33717997939,0.07046371870299994,0.00312644337600001,0.06473485841879999,-0.0015703814821999985,0.06458711331033015,0.000529395633877949,0.9990169809235833,0.04432593226714119,-1,-1,instant_velocity,dbscan_kmeans_fallback,False
170,25,7.77016138226,9.0788574409,-0.02416139458499993,0.0017660825180000118,-0.029869208358199995,-0.011441350798199999,-0.02754248802316718,-0.009603317584435387,-0.9973387900979225,0.07290070097231638,-1,-1,instant_velocity,dbscan_kmeans_fallback,False
170,26,13.5398518975,8.63948474963,-0.045228952059999904,0.007159793992000019,-0.045228952059999904,0.007159793992000019,-0.028253362480379997,0.002147938197600006,-0.9877008362483735,0.15635415350511028,-1,-1,instant_velocity,dbscan_kmeans_fallback,False
170,27,15.0162646416,1.87968458254,0.0,0.0,0.0,0.0,0.0,0.0,0.0,0.0,5,5,instant_velocity,dbscan_kmeans_fallback,False
170,28,14.5949134921,3.5798969957,-0.023487906230000098,-0.011932989985999986,-0.023487906230000098,-0.011932989985999986,-0.011974412412300007,-0.006085824892860003,-0.891538297065807,-0.45294448414620186,4,4,instant_velocity,dbscan_kmeans_fallback,False
170,74,12.2046612421,12.2122219513,-0.004966976579999916,-0.0011694330199999215,-0.005438418431999992,-0.0007255257919999991,-0.006192522144216105,-0.0015822189872623051,-0.9733832404258386,-0.2291749284770168,-1,-1,instant_velocity,dbscan_kmeans_fallback,False
170,75,2.73604642513,8.61561876966,0.015784883222,0.0,0.020204650524,0.003818556795599974,0.018711071378459253,0.002057100356644073,0.9999993664828858,0.0,3,3,instant_velocity,dbscan_kmeans_fallback,False
170,76,2.72489177432,7.9962965894,0.024266627140000007,0.003603762976000002,0.021930464423,0.004319742374800004,0.02183840909253485,0.00373103691538916,0.9891515470788936,0.146895887197286,3,3,instant_velocity,dbscan_kmeans_fallback,False
170,215,1.72055227119,13.5678096137,-0.017889534318,0.01193298998000003,-0.0178895343182,0.011932989985999995,-0.01842057986172247,0.01284060154913244,-0.8319075015808187,0.5549134876396602,6,6,instant_velocity,dbscan_kmeans_fallback,False
170,216,1.368865073,13.653249822,-0.021930464422999996,0.02186123764999994,-0.0218252318682,0.021517567541999974,-0.021474425149711283,0.020919366564110132,-0.7082234756815604,0.7059878629358085,6,6,instant_velocity,dbscan_kmeans_fallback,False
170,217,6.97481373299,5.22283105693,-0.03367441753999998,0.005727835192999997,-0.0203014644744,0.00623379396859999,-0.019866408340605754,0.005429492992608841,-0.9858401516459286,0.16768604560309217,1,1,instant_velocity,dbscan_kmeans_fallback,False
170,219,7.00911954586,3.92094184949,0.0014522092570000034,0.0037708248349999974,-0.004676534735800004,0.005775567153,-0.0031966690575497433,0.005134387900838892,0.3593860447546249,0.9331863272326991,7,7,instant_velocity,dbscan_kmeans_fallback,False
170,220,7.38985092917,4.45386918225,-0.0043355812580000656,0.0010501031180000452,-0.010535883387800008,0.004701598054399998,-0.008630629196741879,0.0036420122475229683,-0.9718965073103957,0.23539901387312087,7,7,instant_velocity,dbscan_kmeans_fallback,False
170,273,13.7433716585,11.3785832709,-0.01052325549000006,0.03028592858000003,-0.009618255510000005,0.03192790800499999,-0.00950394984588342,0.03036757333602144,-0.328214990043819,0.9446027188828108,2,2,instant_velocity,dbscan_kmeans_fallback,False
170,274,14.4019169866,10.478835826,0.001683720880000017,0.01902118603999998,-0.007635674176000009,0.020577247930999968,-0.005495391462610675,0.01869573953675249,0.0881733735988079,0.9961046174098231,2,2,instant_velocity,dbscan_kmeans_fallback,False
170,409,8.81575204688,2.78993305865,-0.00881848809400001,-0.0015512886979999862,-0.014749394882599987,-0.002601391816800005,-0.013495942460741758,-0.0042060189426673545,-0.9848762598012478,-0.17325276107110568,7,7,instant_velocity,dbscan_kmeans_fallback,False
180,3,12.1781426383,8.26073164748,0.03070685950000005,0.01491623748199995,0.032727324548,0.020109474723799998,0.03314985950594141,0.018661341309209163,0.8994908893473286,0.43693884483367856,0,0,instant_velocity,dbscan_kmeans_fallback,False
180,4,3.07005455411,6.59082902889,0.0014101162349999807,0.0001909278400000325,0.0014059069324000007,0.00018615464379999835,0.0014631134993542821,0.00022558091765586264,0.9909507775600934,0.13417340131957553,-1,-1,instant_velocity,dbscan_kmeans_fallback,False
180,5,3.94516847993,10.9516208893,-0.022961743460000017,0.04014257832000005,-0.03196123154779999,0.03844332053880002,-0.0326339235050304,0.03679254166753843,-0.4965157791586312,0.8680274469015075,-1,-1,instant_velocity,dbscan_kmeans_fallback,False
180,7,7.17686023823,6.41994861229,-0.03394802218300006,0.021550979913999947,-0.03471832448380001,0.021264588154399994,-0.034820129155006846,0.02161914766779413,-0.8442499629094952,0.5359491606014336,1,1,instant_velocity,dbscan_kmeans_fallback,False
180,8,8.25296834375,6.46314603604,-0.03190651061899992,0.018496134478000047,-0.03189809201479999,0.021780093321800004,-0.031902190341366835,0.020975535190110653,-0.8651443954085998,0.5015223153495395,1,1,instant_velocity,dbscan_kmeans_fallback,False
180,9,13.2056333035,11.5874105957,-0.010186511299999878,0.02773226872999999,-0.009340441563999989,0.02564638207799998,-0.009063565714011505,0.026411614928454938,-0.34479191472662674,0.9386787834938315,2,2,instant_velocity,dbscan_kmeans_fallback,False
180,10,5.75769400403,8.61394815106,0.028560115377000005,-0.002553659856999957,0.030980464137000004,-0.0010214639427999828,0.029692438190793875,-0.0010179392012004869,0.9960260757836062,-0.08905817685534036,3,3,instant_velocity,dbscan_kmeans_fallback,False
180,11,5.72696609802,8.03710741515,0.037378603469000016,-0.0007159793989998775,0.03535392911480001,-0.0005632371273999936,0.03482631386400836,-8.357546944847343e-05,0.9998163299918226,-0.019151274489200686,3,3,instant_velocity,dbscan_kmeans_fallback,False
180,12,4.76261496572,8.53041722116,0.03449523146800004,2.3865980000081776e-05,0.030281719973000002,0.001999969121599996,0.030212593495920294,0.00201485993073664,0.9999994707678482,0.000691862798241473,3,3,instant_velocity,dbscan_kmeans_fallback,False
180,13,5.03474635246,7.55071874333,0.03811523135300003,-0.0019331443779999624,0.0361831616468,-0.0019045052018000063,0.03540978201278287,-0.0013381820098428907,0.9987160352376419,-0.05065330106112811,3,3,instant_velocity,dbscan_kmeans_fallback,False
180,14,12.9566530788,10.0769327233,0.025108487580000016,0.009188402289000131,0.01738441805600001,0.005918763032799994,0.018090842977482192,0.006388818374922055,0.9390938931184383,0.3436595872062278,0,0,instant_velocity,dbscan_kmeans_fallback,False
180,15,13.3523274849,9.2416234243,0.01290151121999994,0.011551134305999966,0.018276790120000008,0.0071597939914000005,0.01662174921765811,0.006181025309105531,0.7450205485163309,0.6670406489513515,0,0,instant_velocity,dbscan_kmeans_fallback,False
180,16,12.6784182038,10.3793146895,0.025255813149999896,0.008758814649999992,0.021202255141999977,0.00747005172999998,0.020633062453083148,0.007624539572061464,0.9447957104921358,0.32765884278470375,0,0,instant_velocity,dbscan_kmeans_fallback,False
180,17,7.21684860906,5.70516251215,-0.04419767302099995,0.013126288984000034,-0.034680440764,0.019426907696600004,-0.039330920895668545,0.018901572984617476,-0.9586164453944923,0.28469997687625564,1,1,instant_velocity,dbscan_kmeans_fallback,False
180,19,13.0406286575,4.13406505064,-0.019173371490000157,-0.0006205154789999945,-0.01797792966400003,-0.0012696701343999984,-0.016526470728874466,-0.0017793881346193996,-0.9994761952052067,-0.032346447276646685,4,4,instant_velocity,dbscan_kmeans_fallback,False
180,20,13.0412600528,3.54743926294,-0.02613976662000006,0.002171804176999981,-0.02222511557800001,-0.0029402887324000027,-0.021241303284535315,-0.0020413870785853773,-0.9965658868271985,0.08279897778471425,4,4,instant_velocity,dbscan_kmeans_fallback,False
180,21,14.1769297844,1.58947426609,0.02003627844000011,0.0006921134190000178,0.027970813069999993,0.0006539278512000024,0.025940408052258432,0.0001372489436451113,0.9994034250246168,0.034522405122560856,5,5,instant_velocity,dbscan_kmeans_fallback,False
180,22,14.2268100154,0.877313423747,0.02273023183999996,-0.000262525779599998,0.029873417662000003,0.00453930939056,0.029395787538049986,0.0016264761215065992,0.9999328698054589,-0.01154885520047304,5,5,instant_velocity,dbscan_kmeans_fallback,False
180,23,6.44023235454,6.22902077252,0.034200580314000015,0.016897113819999986,0.036793510464800006,0.014104794163000011,0.03625332796181939,0.014553443822103346,0.8965472645882203,0.4429474890680592,-1,-1,instant_velocity,dbscan_kmeans_fallback,False
180,24,8.86352762677,3.36748977396,0.07002174197200013,0.003030979456999994,0.06646067231760001,0.002019061905599999,0.06621750190883115,0.0012798707808145625,0.9990643217028307,0.043245759817197756,-1,-1,instant_velocity,dbscan_kmeans_fallback,False
180,25,7.54096487788,9.08339197709,-0.022919650438000084,0.00045345361900004375,-0.027840324701399997,-0.0074032269872,-0.02615563674761705,-0.006586286223404758,-0.9998039082576459,0.019780611476436498,-1,-1,instant_velocity,dbscan_kmeans_fallback,False
180,26,13.0606228429,8.75881464948,-0.04792290545999993,0.011932989984999942,-0.04792290545999993,0.011932989984999942,-0.034154225374265976,0.005083453733819987,-0.9703693106772772,0.24162573522860156,-1,-1,instant_velocity,dbscan_kmeans_fallback,False
180,27,14.4650565195,2.07299902031,-0.05512081221000002,0.019331443777000024,-0.05512081221000002,0.019331443777000024,-0.016536243663000008,0.005799433133100008,-0.9436489733657968,0.33094753764414253,-1,-1,instant_velocity,dbscan_kmeans_fallback,False
180,28,14.3695053597,3.48443307582,-0.022540813240000013,-0.00954639198799998,-0.022540813240000013,-0.00954639198799998,-0.015144332660610008,-0.007123995021401996,-0.9208217706066052,-0.38998262749879586,4,4,instant_velocity,dbscan_kmeans_fallback,False
180,29,14.7115111628,2.69685573676,0.0,0.0,0.0,0.0,0.0,0.0,0.0,0.0,-1,-1,instant_velocity,dbscan_kmeans_fallback,False
180,74,12.1812996149,12.1415786506,-0.0023361627199999903,-0.007064330070000046,-0.004617604506,-0.001942690770000013,-0.005035614316951271,-0.0032268523120836277,-0.3139749428154416,-0.9494298538235719,-1,-1,instant_velocity,dbscan_kmeans_fallback,False
180,75,2.89389525735,8.61561876966,0.015784883222,0.0,0.018903976146600002,0.0026968557368000036,0.017833214931521478,0.0014399702496508508,0.9999993664828858,0.0,3,3,instant_velocity,dbscan_kmeans_fallback,False
180,76,2.97429292923,8.02779968296,0.024940115491000014,0.0031503093559999583,0.022827045790000004,0.004620453722399986,0.0227689210120744,0.0035568186475723996,0.9921160869332191,0.1253190905243265,3,3,instant_velocity,dbscan_kmeans_fallback,False
180,217,6.65974746388,5.27533621287,-0.03150662691100008,0.0052505155940000495,-0.0245739061998,0.006209927988599997,-0.023358473911724048,0.0053757997730262035,-0.9863966045983757,0.16438099733565162,1,1,instant_velocity,dbscan_kmeans_fallback,False
180,219,7.03311256836,3.95483154105,0.0023993022500000015,0.0033889691559999767,-0.003561069654800004,0.005522587765399996,-0.0015178776652848198,0.004610762277387217,0.5778206745716755,0.8161608000086304,6,6,instant_velocity,dbscan_kmeans_fallback,False
180,220,7.34649511659,4.46437021344,-0.004335581257999976,0.0010501031189999565,-0.010918929887399998,0.004801835170199986,-0.007342114815119308,0.002864439508966065,-0.9718965072591133,0.23539901408485245,6,6,instant_velocity,dbscan_kmeans_fallback,False
180,273,13.6381391037,11.6814425568,-0.010523255479999882,0.03028592859000003,-0.01072530198799999,0.03200427914200002,-0.009809741536118358,0.03034307991221502,-0.32821498966882034,0.9446027190131093,2,2,instant_velocity,dbscan_kmeans_fallback,False
180,274,14.4318030321,10.6664224286,0.0029886045499999624,0.01875866026000015,-0.005215325418000028,0.0204054128756,-0.002950192658827484,0.018714615753726786,0.15733432095822714,0.9875448640715082,0,0,instant_velocity,dbscan_kmeans_fallback,False
180,409,8.72756716595,2.77465883147,-0.008818488093000098,-0.0015274227179999933,-0.013061464703400034,-0.0008305361030000036,-0.01209270615041926,-0.003402440075267146,-0.9853278807977693,-0.17066555785270543,6,6,instant_velocity,dbscan_kmeans_fallback,False
190,3,12.450274025,8.37027649555,0.02721313866999999,0.010954484806999964,0.031329836218000014,0.017527175690999996,0.031368843255158985,0.016349284358546403,0.9276603738555176,0.37342408733833043,0,0,instant_velocity,dbscan_kmeans_fallback,False
190,4,3.08394525134,6.59273830728,0.0013890697229999916,0.0001909278390000324,0.001401697629999994,0.00018615464359999834,0.001440900366447995,0.00021518499405911358,0.990678437930841,0.13616889790784414,1,1,instant_velocity,dbscan_kmeans_fallback,False
190,5,3.75385569528,11.3277487336,-0.019131278465000002,0.037612784429999914,-0.0254831154734,0.04053398038339999,-0.028583129993021282,0.03703861449627688,-0.45336206047795424,0.891326185058374,-1,-1,instant_velocity,dbscan_kmeans_fallback,False
190,7,6.95734512889,6.41994861229,-0.02195151093399996,0.0,-0.0319149292236,0.017107134443399997,-0.03095954368870478,0.01513340336745589,-0.9999995444506997,0.0,2,2,instant_velocity,dbscan_kmeans_fallback,False
190,8,7.95095091143,6.61612696766,-0.030201743232000044,0.015298093161999926,-0.031561347839600004,0.0199233200802,-0.0313920562085568,0.019272302581677433,-0.8920846113306847,0.4518677411330192,3,3,instant_velocity,dbscan_kmeans_fallback,False
190,9,13.087562377,11.7382435891,-0.01180709265000015,0.01508329933999999,-0.010047604332000012,0.024061681005999987,-0.009886623794808098,0.023013120251918453,-0.61639766394485,0.7874343628324769,0,0,instant_velocity,dbscan_kmeans_fallback,False
190,10,6.04329515779,8.58841155249,0.028560115376000006,-0.0025536598570001347,0.030365906016800004,-0.0013985464262000135,0.029352741346355717,-0.0014786553979403813,0.996026075783329,-0.08905817685844004,4,4,instant_velocity,dbscan_kmeans_fallback,False
190,11,6.10348817914,8.03090226036,0.037652208112000006,-0.0006205154790000833,0.035804324449399995,-0.0011073814706000107,0.03567408213840585,-0.0002446574723139564,0.9998639638360793,-0.016477946382563717,4,4,instant_velocity,dbscan_kmeans_fallback,False
190,12,5.14587193034,8.4962888698,0.038325696462000014,-0.00341283513599997,0.0329925105848,0.0007589381632000069,0.03264652438574421,0.00038655141071565675,0.996058372825114,-0.08869722734601836,4,4,instant_velocity,dbscan_kmeans_fallback,False
190,13,5.41568820088,7.53138729956,0.038094184842,-0.0019331443769999624,0.03682297558,-0.0019140515935999857,0.03621510286154801,-0.0015166707199900122,0.9987146189807687,-0.05068121441416754,4,4,instant_velocity,dbscan_kmeans_fallback,False
190,14,13.1553321423,10.1234713842,0.01986790635000002,0.004653866089999958,0.01930385985600001,0.006267206339600016,0.01862396198923754,0.0058683326894454265,0.9736449441930248,0.22806696939558585,0,0,instant_velocity,dbscan_kmeans_fallback,False
190,15,13.4813425971,9.35689610757,0.01290151121999994,0.011527268326999972,0.016647790171999972,0.008486742477999982,0.015505677818360656,0.007784898214473864,0.7457056857963523,0.6662746236904894,0,0,instant_velocity,dbscan_kmeans_fallback,False
190,16,12.8394240127,10.4012713911,0.01610058089000006,0.002195670160000063,0.021134906308000013,0.00671588676399999,0.019273317984158222,0.005995878748443043,0.990828434488854,0.13512136252412854,0,0,instant_velocity,dbscan_kmeans_fallback,False
190,17,6.7761346695,5.83881199999,-0.044071393956000016,0.013364948783999964,-0.03674299883839998,0.016481845768200002,-0.04075306281376798,0.017240585724432222,-0.956964025238497,0.29020582371894144,3,3,instant_velocity,dbscan_kmeans_fallback,False
190,19,12.7893333166,4.1605562884,-0.02512953408999987,0.0026491237759999286,-0.019468022639999985,-0.0004534536196000083,-0.019107389737212085,-0.000450834561433601,-0.994488939437817,0.10483776917623258,5,5,instant_velocity,dbscan_kmeans_fallback,False
190,20,12.7796519216,3.56915730471,-0.02616081312000009,0.002171804177000025,-0.02345423181600001,-0.0013460412704000024,-0.02271715623517475,-0.0007774297019097565,-0.9965713814489195,0.0827328217583109,5,5,instant_velocity,dbscan_kmeans_fallback,False
190,21,14.408441405,1.61334024606,0.023151162059999918,0.002386597996999984,0.023045929504,0.00039617526739999854,0.025103634254580877,0.0008120536596515732,0.9947280235617036,0.10254413590296138,6,6,instant_velocity,dbscan_kmeans_fallback,False
190,22,14.4600053568,0.870869609154,0.023319534140000008,-0.0006443814593000031,0.024717022473999997,0.0026204846008400008,0.02757291151863499,0.0009452188472646184,0.9996180072203924,-0.027622134574736286,6,6,instant_velocity,dbscan_kmeans_fallback,False
190,23,6.65069746417,6.70634037195,0.02104651096300003,0.047731959942999946,0.033165091974800005,0.02134573248639999,0.031691282862173584,0.024506998658372327,0.403452271567868,0.9150004815166182,-1,-1,instant_velocity,dbscan_kmeans_fallback,False
190,24,9.52501946632,3.39016245493,0.06614918395499991,0.002267268096999997,0.06716783508579999,0.0029307423403999965,0.06619700652268178,0.0015760899756701928,0.999412975730496,0.034254952519793165,-1,-1,instant_velocity,dbscan_kmeans_fallback,False
190,25,7.3620695347,9.03566001715,-0.01788953431799998,-0.0047731959940000126,-0.024717022474399997,-0.004467711450599978,-0.02367580601873193,-0.006042359154583334,-0.9661987286967155,-0.25779630812316556,-1,-1,instant_velocity,dbscan_kmeans_fallback,False
190,26,12.5512972776,8.86955279655,-0.0509325565300001,0.011073814707000019,-0.04527104508200001,0.006033319736799996,-0.039187724720986215,0.006880562025773997,-0.9771701233117602,0.21245744608160494,-1,-1,instant_velocity,dbscan_kmeans_fallback,False
190,27,13.9138483973,2.26607479828,-0.05512081221999985,0.019307577796999986,-0.05512081221999985,0.019307577796999986,-0.028111614230099963,0.009851876532270001,-0.9437765184652904,0.33058363654951306,7,7,instant_velocity,dbscan_kmeans_fallback,False
190,28,14.1502007155,3.40495936251,-0.021930464419999927,-0.007947371331000009,-0.021930464419999927,-0.007947371331000009,-0.017180172188426983,-0.0073710079142813995,-0.9401689255473992,-0.340707402364829,5,5,instant_velocity,dbscan_kmeans_fallback,False
190,29,14.1765088542,2.83599439999,-0.05350023086000011,0.013913866323000023,-0.05350023086000011,0.013913866323000023,-0.016050069258000035,0.004174159896900008,-0.9678055608321284,0.2516983008038234,7,7,instant_velocity,dbscan_kmeans_fallback,False
190,30,14.7262437205,3.12119286065,0.0,0.0,0.0,0.0,0.0,0.0,0.0,0.0,-1,-1,instant_velocity,dbscan_kmeans_fallback,False
190,74,12.1579379877,12.0709353499,-0.0023361627199999903,-0.007064330070000046,-0.004032511501999991,-0.003255319668000034,-0.004225778837865886,-0.004378095639458553,-0.3139749428154416,-0.9494298538235719,-1,-1,instant_velocity,dbscan_kmeans_fallback,False
190,75,3.05174408957,8.61561876966,0.015784883222,0.0,0.017603301769,0.0015703814821999985,0.017218715418665036,0.0010079791747555956,0.9999993664828858,0.0,4,4,instant_velocity,dbscan_kmeans_fallback,False
190,76,3.22348361902,8.05906411672,0.02491906897899998,0.0031264433760000545,0.023483696932000003,0.004157453710999999,0.023413965402152074,0.003427706066100696,0.9922207278841176,0.12448787411911336,4,4,instant_velocity,dbscan_kmeans_fallback,False
190,77,0.350634872636,7.38031564634,0.0,0.0,0.0,0.0,0.0,0.0,0.0,0.0,1,1,instant_velocity,dbscan_kmeans_fallback,False
190,78,0.305384874067,7.84928215278,0.0,0.0,0.0,0.0,0.0,0.0,0.0,0.0,1,1,instant_velocity,dbscan_kmeans_fallback,False
190,217,6.54083467694,5.28583724405,-0.011891278693999929,0.0010501031179999565,-0.023828859711799984,0.00503094857779999,-0.019918315346406812,0.004078090776518329,-0.9961226126971244,0.087966272460784,2,2,instant_velocity,dbscan_kmeans_fallback,False
190,219,7.05710559085,3.98895989241,0.0023993022490000015,0.003412835136000014,-0.0016374185529999963,0.0048400207382000016,-0.00034272369099937335,0.0042513841349710564,0.5751196391711061,0.8180663827514295,2,2,instant_velocity,dbscan_kmeans_fallback,False
190,220,7.30313930401,4.47487124463,-0.004335581257999976,0.0010501031190000454,-0.008384929967399994,0.003360329980000003,-0.0064401547479835085,0.002320138591976259,-0.9718965072591087,0.23539901408487127,2,2,instant_velocity,dbscan_kmeans_fallback,False
190,273,13.4487205051,11.9792899868,-0.018941859859999965,0.029784742999999912,-0.012333255423999994,0.03124534097799998,-0.01254937703328284,0.030175578838550488,-0.5366319809470261,0.8438160643264336,-1,-1,instant_velocity,dbscan_kmeans_fallback,False
190,274,14.4690553565,10.8489971754,0.0037252324400000704,0.01825747467999985,-0.002420348761999982,0.019775351004799973,-0.0009475651291792171,0.018577473431608704,0.1999195741942691,0.9798117628032227,0,0,instant_velocity,dbscan_kmeans_fallback,False
190,409,8.66337530752,2.75652068669,-0.0064191858429998305,-0.0018138144779999976,-0.010737929892999994,-0.001193298998600003,-0.010390650058193432,-0.0029258523960870014,-0.9623198574487449,-0.27191449704028664,2,2,instant_velocity,dbscan_kmeans_fallback,False
200,3,12.707462389,8.46311515764,0.025718836399999924,0.009283866209000102,0.02963348743600001,0.014610752938400022,0.029673841198611266,0.01422965891368251,0.9405943391786744,0.33953137949420226,0,0,instant_velocity,dbscan_kmeans_fallback,False
200,4,3.09804641369,6.59464758568,0.0014101162350000252,0.00019092783999994368,0.0014016976302000028,0.00018615464379999835,0.001431665127013604,0.00020790784784136261,0.9909507775601021,0.13417340131951008,-1,-1,instant_velocity,dbscan_kmeans_fallback,False
200,5,3.56254291063,11.7036379181,-0.019131278465000002,0.03758891845000001,-0.0229617434602,0.0401378051148,-0.025747574534614896,0.03720370568239382,-0.45359070090806203,0.8912098528754276,-1,-1,instant_velocity,dbscan_kmeans_fallback,False
200,7,6.73761955444,6.41994861229,-0.021972557444999995,0.0,-0.02915362698540001,0.012935361144400002,-0.028263447815593343,0.010593382357219122,-0.9999995448870495,0.0,1,1,instant_velocity,dbscan_kmeans_fallback,False
200,8,7.71712417464,6.64261820542,-0.023382673678999932,0.0026491237760000175,-0.02986078975359998,0.015531979765199998,-0.028989241449689736,0.014285348939974208,-0.9936429066456314,0.11257408305760908,1,1,instant_velocity,dbscan_kmeans_fallback,False
200,9,12.9627565669,11.8353781276,-0.012480581009999981,0.009713453850000064,-0.01089367407600001,0.021403010838000006,-0.010664810959365664,0.019023220331342933,-0.7891575489236112,0.6141897901793818,-1,-1,instant_velocity,dbscan_kmeans_fallback,False
200,10,6.30995445168,8.55595381973,0.02666592938900001,-0.0032457732759999303,0.029385138605800006,-0.001923597985599983,0.028546697759149003,-0.0020087907613582463,0.9926730792723089,-0.12082803136183685,2,2,instant_velocity,dbscan_kmeans_fallback,False
200,11,6.48001026026,8.02469710557,0.037652208112000006,-0.0006205154789999057,0.03640204536080001,-0.0009546391988000025,0.0362675199304841,-0.0003574148743197412,0.9998639638360793,-0.016477946382559002,2,2,instant_velocity,dbscan_kmeans_fallback,False
200,12,5.52912889497,8.46216051844,0.03832569646300001,-0.0034128351360001473,0.03499192912620001,-0.00043436083540001393,0.034350276008920946,-0.0007532645532990845,0.9960583728253181,-0.08869722734372684,2,2,instant_velocity,dbscan_kmeans_fallback,False
200,13,5.77537307323,7.52613678396,0.03596848723499999,-0.0005250515600000227,0.037037649991799995,-0.001641979422199995,0.036141118173583606,-0.0012191849719930153,0.9998931949233025,-0.014595984490474414,2,2,instant_velocity,dbscan_kmeans_fallback,False
200,14,13.3409623689,10.1585543748,0.018563022659999893,0.003508299059999942,0.020966534219999992,0.0063865362401999805,0.018605680190466246,0.005160322600611781,0.9826047477522621,0.18570635698888713,0,0,instant_velocity,dbscan_kmeans_fallback,False
200,15,13.69812166,9.39770693332,0.02167790629000006,0.004081082575000039,0.016774069237999997,0.008324453813999995,0.017357346359852477,0.006673753522631716,0.9827361932218667,0.18500991287289212,0,0,instant_velocity,dbscan_kmeans_fallback,False
200,16,12.9612833112,10.3948275765,0.012185929850000044,-0.0006443814599998987,0.020280417964,0.005393711474000007,0.01714710154391077,0.00400380068591016,0.9986040052960536,-0.052805318495610355,0,0,instant_velocity,dbscan_kmeans_fallback,False
200,17,6.34594398543,5.9944181894,-0.043019068407000025,0.015560618941000026,-0.04061134755340001,0.013923412715199994,-0.041432864491737595,0.016736595689402563,-0.9403723118692738,0.3401462595429885,-1,-1,instant_velocity,dbscan_kmeans_fallback,False
200,19,12.5378275106,4.18704752617,-0.025150580600000083,0.0026491237770000175,-0.02096232491800002,0.0003627628955999995,-0.020920346996048486,0.00047915294009648465,-0.9944980828317711,0.10475100194746872,3,3,instant_velocity,dbscan_kmeans_fallback,False
200,20,12.4770030939,3.62762895564,-0.03026488276999988,0.005847165093000007,-0.025499952682,0.0009880515708000014,-0.02498147419562229,0.0012099487365631728,-0.9818433535930973,0.18969180312221126,3,3,instant_velocity,dbscan_kmeans_fallback,False
200,21,14.6399530256,1.63720622603,0.023151162060000098,0.0023865979970000063,0.01942172031800002,0.00035798969940000093,0.024517892596206643,0.0012844169608561033,0.9947280235617035,0.10254413590296152,4,4,instant_velocity,dbscan_kmeans_fallback,False
200,22,14.6934111634,0.864425794562,0.023340580660000044,-0.0006443814592000052,0.020831836549999993,0.0009355464148799997,0.026303212261044505,0.0004683387553252313,0.9996186950265874,-0.027597246303675986,4,4,instant_velocity,dbscan_kmeans_fallback,False
200,23,6.86368815511,7.14571306322,0.02129906909399999,0.043937269127,0.029587185111200006,0.027832505842599994,0.028573618731721505,0.03033607979896063,0.43620958698640167,0.8998448680838417,-1,-1,instant_velocity,dbscan_kmeans_fallback,False
200,24,10.1865113059,3.4128351359,0.066149183958,0.002267268096999997,0.06776976529999999,0.002758907284600003,0.06618265975327725,0.001783443412069134,0.9994129757305493,0.03425495251824141,-1,-1,instant_velocity,dbscan_kmeans_fallback,False
200,25,7.14676372755,9.00081568639,-0.021530580715000004,-0.0034844330760000373,-0.022317720224799994,-0.0012744433305999791,-0.023032238427612352,-0.005274981331008345,-0.9871557769052745,-0.15975780150773566,-1,-1,instant_velocity,dbscan_kmeans_fallback,False
200,26,12.0348158986,8.97790434562,-0.0516481379,0.01083515490700009,-0.047371486874000016,0.008200350718200014,-0.04292584867469035,0.008066939890141825,-0.9786950398307324,0.2053183869631553,-1,-1,instant_velocity,dbscan_kmeans_fallback,False
200,27,13.4360925985,2.40569078111,-0.04777557988000005,0.01396159828300001,-0.04777557988000005,0.01396159828300001,-0.03401080392506999,0.011084793057489004,-0.959853572404422,0.28050083373290474,5,5,instant_velocity,dbscan_kmeans_fallback,False
200,28,13.9376309547,3.30830214363,-0.0212569760800001,-0.00966572188799999,-0.022536603940000007,-0.010205093035799999,-0.01840321335589892,-0.008059422106396976,-0.9103102608339646,-0.4139255640077754,6,6,instant_velocity,dbscan_kmeans_fallback,False
200,29,13.6417170106,2.97537172303,-0.0534791843599999,0.013937732303999972,-0.0534791843599999,0.013937732303999972,-0.027278803788599995,0.007103231619029997,-0.9676761125019062,0.25219551820829145,5,5,instant_velocity,dbscan_kmeans_fallback,False
200,30,14.5002041928,2.98849801201,-0.022603952769999935,-0.013269484863999991,-0.022603952769999935,-0.013269484863999991,-0.006781185830999982,-0.003980845459199998,-0.862383018815395,-0.5062556328789187,6,6,instant_velocity,dbscan_kmeans_fallback,False
200,74,12.1493089182,12.0098384412,-0.0008629069500001307,-0.006109690869999973,-0.0031527673440000115,-0.004381793922000022,-0.0032169172715061597,-0.004897574208620979,-0.13984762896403818,-0.9901713989817771,-1,-1,instant_velocity,dbscan_kmeans_fallback,False
200,75,3.21780106106,8.60654969727,0.016605697148999975,-0.0009069072389999988,0.016470999479200003,0.0002672989757999744,0.017034809937765516,0.00043351325062891715,0.9985113708842555,-0.05453292218648455,2,2,instant_velocity,dbscan_kmeans_fallback,False
200,76,3.47267430882,8.09056721029,0.02491906897999998,0.003150309357000047,0.024136138771799997,0.003694453699600011,0.023865496475506447,0.0033444870533705013,0.9921029216165731,0.1254232700099768,2,2,instant_velocity,dbscan_kmeans_fallback,False
200,77,0.597089516008,7.35119915077,0.024645464337199996,-0.00291164955699994,0.024645464337199996,-0.00291164955699994,0.00739363930116,-0.0008734948670999821,0.9930931189540612,-0.11732540723518754,2,2,instant_velocity,dbscan_kmeans_fallback,False
200,78,0.567203470441,7.86216978196,0.026181859637399996,0.0012887629179999748,0.026181859637399996,0.0012887629179999748,0.00785455789122,0.0003866288753999925,0.9987903392992761,0.049163961994005495,2,2,instant_velocity,dbscan_kmeans_fallback,False
200,217,6.42192189,5.29609961544,-0.011891278694000019,0.0010262371390000525,-0.02308381322379999,0.0038519691674,-0.017510204350684774,0.003162534685262846,-0.996295850517273,0.08598198978789055,1,1,instant_velocity,dbscan_kmeans_fallback,False
200,219,7.26567651449,3.96390061344,0.020857092363999997,-0.0025059278970000153,0.003977790571799993,0.0029737011044000017,0.006017221125500439,0.0022241905253797345,0.9928590290040278,-0.11928954885696169,-1,-1,instant_velocity,dbscan_kmeans_fallback,False
200,220,7.25978349142,4.48537227581,-0.004335581258999977,0.0010501031179999565,-0.0058551393497999985,0.0019188247895999843,-0.005808782701288449,0.0019391279497833684,-0.9718965073228215,0.2353990138218207,1,1,instant_velocity,dbscan_kmeans_fallback,False
200,273,13.2382553954,12.2757054581,-0.02104651097000012,0.029641547129999956,-0.014357929780000021,0.030452990443999964,-0.015098517214298023,0.03001536932598533,-0.5789402768815554,0.8153696129064261,-1,-1,instant_velocity,dbscan_kmeans_fallback,False
200,274,14.5711309347,10.9862265602,0.010207557819999913,0.013722938480000123,0.0016710929699999967,0.018233608698000017,0.0023989717555745224,0.01712111294612613,0.5968274684792132,0.802368869962916,-1,-1,instant_velocity,dbscan_kmeans_fallback,False
200,409,8.6149683323,2.73671192331,-0.0048406975220000705,-0.001980876337999993,-0.0080986974184,-0.0015894742662000017,-0.008725664297335423,-0.0026423595786608987,-0.9255055841762084,-0.3787289133537985,1,1,instant_velocity,dbscan_kmeans_fallback,False
210,3,12.9631774972,8.65642959541,0.025571510820000042,0.019331443776999892,0.027979231674000005,0.01388045395139999,0.0284431420850279,0.015760194372677727,0.7977058001784728,0.6030462937948863,-1,-1,instant_velocity,dbscan_kmeans_fallback,False
210,4,3.11214757603,6.59655686408,0.0014101162339999807,0.0001909278400000325,0.0014059069322000005,0.00019092783979999696,0.001425200459109517,0.00020281384548896357,0.9909507775474372,0.1341734014130125,-1,-1,instant_velocity,dbscan_kmeans_fallback,False
210,5,3.33944989443,12.0637755559,-0.02230930162,0.036013763779999944,-0.022065162093199992,0.03880608343399999,-0.024716092660230428,0.03684672311167566,-0.5266115870193381,0.8501057371389524,-1,-1,instant_velocity,dbscan_kmeans_fallback,False
210,7,6.46296258638,6.46863521143,-0.02746569680600004,0.004868659913999984,-0.027857161910000004,0.009594123948399993,-0.02802412251271535,0.008875965624253381,-0.984649332815968,0.1745421851078132,0,0,instant_velocity,dbscan_kmeans_fallback,False
210,8,7.41931604452,6.68772490757,-0.029780813011999994,0.004510670215000001,-0.029435650232199996,0.011885258025799992,-0.029226712918382816,0.011352945322481945,-0.9887229155502916,0.14975423955899428,0,0,instant_velocity,dbscan_kmeans_fallback,False
210,9,12.8377402918,11.9322740063,-0.012501627510000012,0.009689587869999983,-0.011432464756000016,0.017985402505999986,-0.011215855924555969,0.016223130592940047,-0.7903892497354262,0.612603925424008,-1,-1,instant_velocity,dbscan_kmeans_fallback,False
210,10,6.500635841,8.4962888698,0.01906813893199999,-0.005966494992999926,0.026884813103400004,-0.0029880206923999708,0.025703130111004297,-0.0031961020308507505,0.9543696940202224,-0.29862599707024895,1,1,instant_velocity,dbscan_kmeans_fallback,False
210,11,6.85758466693,8.02231050757,0.037757440667,-0.00023865980000010724,0.0370208127832,-0.0007207525950000004,0.03671449615143887,-0.00032178835202385103,0.9999797590743815,-0.006320740100200481,1,1,instant_velocity,dbscan_kmeans_fallback,False
210,12,5.85682307066,8.37934556794,0.03276941756899996,-0.008281495049999954,0.03516451051620001,-0.0025536598569999925,0.03387601847694465,-0.0030117337023093456,0.9695184912529885,-0.24501694512235037,1,1,instant_velocity,dbscan_kmeans_fallback,False
210,13,6.08496724949,7.55429864033,0.03095941762600001,0.002816185636999968,0.036250510481799995,-0.0007016598112000061,0.034586608009308524,-8.573789295120149e-06,0.9958879739901418,0.0905897340283527,1,1,instant_velocity,dbscan_kmeans_fallback,False
210,14,13.5268030607,10.1936373654,0.018584069180000107,0.0035082990600001198,0.021442185368000004,0.0060046805616000044,0.018599196887326405,0.004664715538428283,0.9826431059524807,0.18550328518141398,2,2,instant_velocity,dbscan_kmeans_fallback,False
210,15,13.9731995583,9.38839920113,0.027507789829999928,-0.0009307732190000806,0.018066325011999992,0.0071597939914000005,0.020402479400896713,0.004392395500142177,0.9994276663730789,-0.03381734817434483,2,2,instant_velocity,dbscan_kmeans_fallback,False
210,16,13.0831426097,10.3886224217,0.012185929849999865,-0.0006205154800001722,0.01819681337999999,0.0036849073079999782,0.0156587500357375,0.0026165058361370605,0.9987052409226786,-0.05085472094276256,2,2,instant_velocity,dbscan_kmeans_fallback,False
210,17,5.91596376646,6.15026303862,-0.04299802189699999,0.015584484922000019,-0.0421224870406,0.014276629219000015,-0.041902411713316316,0.0163909624591818,-0.9401519572969559,0.3407548383965422,-1,-1,instant_velocity,dbscan_kmeans_fallback,False
210,19,12.2865321697,4.21377742374,-0.02512953409000005,0.0026729897570000106,-0.022452417896000013,0.0011837526066000058,-0.022183103124233956,0.0011373039851675425,-0.9943900386363018,0.10577173369861208,3,3,instant_velocity,dbscan_kmeans_fallback,False
210,20,12.1333135699,3.72309287553,-0.03436895240000002,0.00954639198899998,-0.028370696777999988,0.0040619897912,-0.02779771765693561,0.0037108817122942154,-0.9635215378309231,0.26762975440525966,3,3,instant_velocity,dbscan_kmeans_fallback,False
210,21,14.8714646461,1.66107220601,0.023151162049999917,0.0023865979980000063,0.020974952824000005,0.0012028453906000004,0.024107873432344624,0.0016150712719992743,0.9947280235528025,0.1025441359893047,4,4,instant_velocity,dbscan_kmeans_fallback,False
210,22,14.9194506911,0.865141773961,0.022603952769999935,7.15979399000033e-05,0.021875743493999983,0.0003245773275999997,0.025193434413731133,0.0003493165106976629,0.9999945411250378,0.0031674791477544766,4,4,instant_velocity,dbscan_kmeans_fallback,False
210,23,7.09877768256,7.2440409007,0.023508952744999957,0.00983278374800003,0.026851138686000003,0.027064021287400007,0.02705421893570504,0.02418509098367245,0.9225548298488271,0.38586500368485455,1,1,instant_velocity,dbscan_kmeans_fallback,False
210,24,10.7625543109,3.46319235364,0.05760430050000007,0.005035721774000024,0.06607762581760002,0.0031455361602000043,0.0636091519772941,0.002759126920648401,0.9962005317749765,0.08708705193164606,-1,-1,instant_velocity,dbscan_kmeans_fallback,False
210,25,6.78602652966,9.01799919197,-0.03607371978899998,0.0017183505580000257,-0.024514975968999996,-0.0008639484749999937,-0.02694468283602864,-0.003176981764305833,-0.9988671317020891,0.047580452006825084,-1,-1,instant_velocity,dbscan_kmeans_fallback,False
210,26,11.5296996355,9.03446671815,-0.05051162630999997,0.00565623725299993,-0.04924883565199998,0.0093315981688,-0.04520158196528323,0.007343729098999257,-0.9937885185776882,0.11128336288134724,-1,-1,instant_velocity,dbscan_kmeans_fallback,False
210,27,13.031999588,2.49160830901,-0.04040930105000005,0.008591752789999995,-0.04040930105000005,0.008591752789999995,-0.035930353062549006,0.0103368809772423,-0.9781351013722881,0.20796932309751678,3,3,instant_velocity,dbscan_kmeans_fallback,False
210,28,13.7513693327,3.14291090243,-0.018626162199999997,-0.016539124120000005,-0.021568464434000026,-0.011126319862599994,-0.018470098009129243,-0.010603332710477885,-0.7477570591562138,-0.663971819862645,5,5,instant_velocity,dbscan_kmeans_fallback,False
210,29,13.1860600483,3.12429543805,-0.045565696230000084,0.014892371502000002,-0.045565696230000084,0.014892371502000002,-0.03276487152102002,0.009439973583921,-0.9505204225377,0.3106614059229402,3,3,instant_velocity,dbscan_kmeans_fallback,False
210,30,14.274164665,2.85604182317,-0.022603952779999936,-0.013245618883999999,-0.022603952779999936,-0.013245618883999999,-0.01152801591569997,-0.0067602774866399986,-0.8627804617973942,-0.5055779972979504,5,5,instant_velocity,dbscan_kmeans_fallback,False
210,74,12.1629891504,11.9630611204,0.0013680232200000476,-0.004677732079999863,-0.0018268371499999957,-0.00521710322199997,-0.0018414351240542974,-0.004831621570034644,0.2806961180483622,-0.9597945538718318,2,2,instant_velocity,dbscan_kmeans_fallback,False
210,75,3.41690105477,8.56144299512,0.019909999371,-0.0045106702149999124,0.016774069237199995,-0.0010835154907999822,0.01789736676773586,-0.001049741789059732,0.9752838442645951,-0.22095348701530218,1,1,instant_velocity,dbscan_kmeans_fallback,False
210,76,3.72396964971,8.09724968468,0.025129534089000004,0.0006682474389998916,0.0248348829358,0.0027398145007999906,0.024244707759554514,0.0025416151690593183,0.9996462194832373,0.02658270637687654,1,1,instant_velocity,dbscan_kmeans_fallback,False
210,77,0.843333694269,7.32208265521,0.024624417826099997,-0.0029116495560000287,0.024624417826099997,-0.0029116495560000287,0.012562872858642,-0.0014849412737699963,0.9930814299138956,-0.11742430318153121,1,1,instant_velocity,dbscan_kmeans_fallback,False
210,78,0.828811601705,7.87505741114,0.026160813126400007,0.0012887629180000637,0.026160813126400007,0.0012887629180000637,0.013346434461774003,0.0006572690881800139,0.9987883960029784,0.04920341892578373,1,1,instant_velocity,dbscan_kmeans_fallback,False
210,217,6.40403235569,5.19299858196,-0.0017889534310000065,-0.010310103347999977,-0.018150511054000004,0.0005489175392000156,-0.012793829074779342,-0.0008792567247160013,-0.17095994365743633,-0.9852770099728859,6,6,instant_velocity,dbscan_kmeans_fallback,False
210,219,7.75058812707,3.84958256938,0.048491161258000036,-0.011431804406000001,0.015119813475600008,-0.0006730206352000056,0.018759403165250318,-0.001872607954034187,0.9733178958487019,-0.22945995768179614,-1,-1,instant_velocity,dbscan_kmeans_fallback,False
210,220,7.21642767884,4.495873307,-0.0043355812580000656,0.0010501031190000454,-0.0043355812582000115,0.0010501031186000097,-0.005366822268301935,0.0016724205005483714,-0.9718965072591098,0.2353990140848667,6,6,instant_velocity,dbscan_kmeans_fallback,False
210,273,13.0277902858,12.5723595891,-0.02104651095999994,0.029665413100000038,-0.016416278551999994,0.029932712079999993,-0.0168829153380086,0.029910382458189742,-0.5786305010505357,0.815589476020409,-1,-1,instant_velocity,dbscan_kmeans_fallback,False
210,274,14.6732065129,11.1236946048,0.010207557820000091,0.013746804460000029,0.005762534702000011,0.016701412784000027,0.004741547574902193,0.0161088204002883,0.5961597743338136,0.8028650916507477,-1,-1,instant_velocity,dbscan_kmeans_fallback,False
210,409,8.5667718222,2.71666450014,-0.004819651010000037,-0.00200474231700003,-0.006743302112400009,-0.0017756289098,-0.007553860311134807,-0.002451074400162638,-0.9233093315189139,-0.38405214085759337,6,6,instant_velocity,dbscan_kmeans_fallback,False
220,3,13.2186821403,8.86119970356,0.02555046431000001,0.020477010815000085,0.026952161940000004,0.014992608617999998,0.02757533875251953,0.017175239305374436,0.7803224277978772,0.6253769246357875,-1,-1,instant_velocity,dbscan_kmeans_fallback,False
220,4,3.12603827327,6.59822748268,0.0013890697239999916,0.0001670618599999507,0.001401697630199994,0.00018615464379999835,0.0014143612385766596,0.0001920882498422597,0.9928381272456684,0.11940752962270317,-1,-1,instant_velocity,dbscan_kmeans_fallback,False
220,5,2.98860455668,12.359236388,-0.035084533775,0.029546083209999983,-0.023723627157000004,0.03618082563799998,-0.0278266249946613,0.03465653114117296,-0.7648980050432324,0.6441510737781018,-1,-1,instant_velocity,dbscan_kmeans_fallback,False
220,7,6.16494399115,6.53832387295,-0.029801859522999942,0.006968866152000075,-0.027027929378199998,0.006677701196000001,-0.028557443615800728,0.008303835782577389,-0.9737316112149185,0.22769737778580948,0,0,instant_velocity,dbscan_kmeans_fallback,False
220,8,7.02595675463,6.76027748668,-0.03933592898900003,0.00725525791099999,-0.030921533906199984,0.009641855908399997,-0.03225947773956798,0.010123639099037358,-0.9834120919254697,0.18138400549051562,0,0,instant_velocity,dbscan_kmeans_fallback,False
220,9,12.7571321548,12.0919374123,-0.008060813699999869,0.015966340599999997,-0.011007325233999977,0.015636990078000002,-0.010269343257189138,0.01614609359505803,-0.450682829446496,0.8926835212076146,-1,-1,instant_velocity,dbscan_kmeans_fallback,False
220,10,6.69152769543,8.43662391987,0.019089185442999933,-0.005966494993000104,0.024388696903399988,-0.004057216595200011,0.02371894671060299,-0.004027219919495556,0.9544634916314028,-0.2983260684865139,1,1,instant_velocity,dbscan_kmeans_fallback,False
220,11,7.24231488732,8.05643885893,0.03847302203899998,0.00341283513599997,0.0377826964798,0.00024343299579999923,0.0372420539177072,0.0007985986943832954,0.9960883250080806,0.08836023410640546,1,1,instant_velocity,dbscan_kmeans_fallback,False
220,12,6.14705445683,8.26431154448,0.02902313861700003,-0.01150340234599998,0.03458783611580001,-0.005317340337599994,0.03242015451896126,-0.005559234295416536,0.9296409594498224,-0.3684658001670718,1,1,instant_velocity,dbscan_kmeans_fallback,False
220,13,6.39435096064,7.5824604967,0.030938371114999974,0.002816185637000057,0.034815138434200005,0.0002482061918000156,0.03349213694101596,0.0008388540385934331,0.9958824122289663,0.09065085343489283,1,1,instant_velocity,dbscan_kmeans_fallback,False
220,14,13.6911763114,10.2074796337,0.016437325069999887,0.001384226829999946,0.019712162167999984,0.004448618665800019,0.01795063534212845,0.0036805689258997817,0.9964722795177204,0.08391533651525235,2,2,instant_velocity,dbscan_kmeans_fallback,False
220,15,14.2484879216,9.37933012874,0.02752883633000014,-0.0009069072389999988,0.020503510978000003,0.00506436094999998,0.022540386479627743,0.0028026046783995243,0.9994574281604052,-0.032926025851779554,2,2,instant_velocity,dbscan_kmeans_fallback,False
220,16,13.2050019081,10.3824172669,0.012185929840000043,-0.0006205154799999946,0.01558283671599998,0.0018138144779999976,0.014616903977016262,0.0016453994412959439,0.9987052409205593,-0.050854720984371674,2,2,instant_velocity,dbscan_kmeans_fallback,False
220,17,5.3853812251,6.15074035822,-0.05305825413600003,4.773195999998592e-05,-0.0454688822834,0.011536814718200006,-0.045249164440121434,0.011487993309427255,-0.9999994068754706,0.0008996136881293177,0,0,instant_velocity,dbscan_kmeans_fallback,False
220,19,12.0261868291,4.25387227009,-0.026034534059999892,0.004009484634999972,-0.024123510866000012,0.0022720412931999867,-0.023338532404963735,0.0019989581801172713,-0.9883475090396296,0.15221183303692692,3,3,instant_velocity,dbscan_kmeans_fallback,False
220,20,11.7896240459,3.81855679542,-0.03436895240000002,0.009546391989000026,-0.030260673462000013,0.005856711485000003,-0.029769088079854934,0.005461534795305959,-0.9635215378309226,0.2676297544052608,3,3,instant_velocity,dbscan_kmeans_fallback,False
220,22,15.1166564989,0.894974248925,0.019720580779999962,0.002983247496399999,0.022342976037999982,0.0003007113476399992,0.02355157832361178,0.0011394958064083638,0.9887500277390617,0.14957399468728988,-1,-1,instant_velocity,dbscan_kmeans_fallback,False
220,23,7.35070441878,7.3280491502,0.02519267362200006,0.008400824950000007,0.02504955734760001,0.025359990317599994,0.026495755341593548,0.019449811173570714,0.9486460272139416,0.316338366213652,1,1,instant_velocity,dbscan_kmeans_fallback,False
220,24,11.305975224,3.48133049842,0.05434209131000003,0.0018138144779999976,0.06285330033900002,0.0028830103806000017,0.06082903377710587,0.00247553318785388,0.9994432454776181,0.033359125217417185,-1,-1,instant_velocity,dbscan_kmeans_fallback,False
220,25,6.42528933176,9.03494403775,-0.03607371978999998,0.001694484577999944,-0.026897441010000005,-0.0008782680630000073,-0.029683393922220042,-0.0017155418616141,-0.9988983224911593,0.046921077513067996,-1,-1,instant_velocity,dbscan_kmeans_fallback,False
220,26,11.0321601164,9.05594610013,-0.049753951910000004,0.0021479381980000767,-0.050153835622,0.008329227010000011,-0.04656729294869826,0.005784991828699503,-0.9990692233635412,0.04313102507295527,-1,-1,instant_velocity,dbscan_kmeans_fallback,False
220,27,12.6279065775,2.57752583691,-0.04040930105000005,0.008591752789999995,-0.047767161282,0.013956825087400003,-0.03727403745878432,0.009813342521069609,-0.9781351013722881,0.20796932309751678,3,3,instant_velocity,dbscan_kmeans_fallback,False
220,28,13.5653181758,2.97775832102,-0.018605115689999962,-0.01651525814100001,-0.020591906326,-0.012042773493599999,-0.01851060331339046,-0.012376910339634523,-0.74786038197073,-0.6638554399482749,4,4,instant_velocity,dbscan_kmeans_fallback,False
220,29,12.7834402935,3.27990162746,-0.04026197547999999,0.015560618941000026,-0.04026197547999999,0.015560618941000026,-0.03501400270871401,0.011276167191044708,-0.9327600952863936,0.3604970752945888,3,3,instant_velocity,dbscan_kmeans_fallback,False
220,30,14.0386542074,2.64912377682,-0.02355104576000002,-0.020691804634999977,-0.02355104576000002,-0.020691804634999977,-0.015134924868989987,-0.010939735631147992,-0.7512369203570433,-0.6600321594647932,4,4,instant_velocity,dbscan_kmeans_fallback,False
220,31,15.1151832431,4.54981042174,0.0,0.0,0.0,0.0,0.0,0.0,0.0,0.0,-1,-1,instant_velocity,dbscan_kmeans_fallback,False
220,74,12.1768798476,11.9162837997,0.0013890697200000801,-0.00467773207000004,-0.0005556278899999967,-0.005918763031999994,-0.0008722836708379841,-0.004785454720024263,0.28466701383297965,-0.9586243229588196,2,2,instant_velocity,dbscan_kmeans_fallback,False
220,75,3.61600104848,8.51633629297,0.019909999371,-0.00451067021500009,0.017599092466999994,-0.0019856495338,0.0185011565487151,-0.0020880203168418396,0.9752838442645934,-0.22095348701531048,1,1,instant_velocity,dbscan_kmeans_fallback,False
220,76,3.97547545572,8.10393215907,0.025150580600999995,0.0006682474390000692,0.025011673627999994,0.0021527113934000043,0.024516469611988157,0.0019796048500415435,0.999646810691037,0.026560477141522217,1,1,instant_velocity,dbscan_kmeans_fallback,False
220,77,1.08978833764,7.29320481944,0.0246454643371,-0.002887783577000036,0.0246454643371,-0.002887783577000036,0.0161876503021794,-0.001905793964739008,0.9932047292124666,-0.11637680128026437,1,1,instant_velocity,dbscan_kmeans_fallback,False
220,78,1.09041973297,7.88794504033,0.026160813126500003,0.001288762918999975,0.026160813126500003,0.001288762918999975,0.017190748061191804,0.0008467172374260023,0.9987883960011116,0.04920341896367911,1,1,instant_velocity,dbscan_kmeans_fallback,False
220,217,6.41118816941,5.06125837252,0.0007155813719999848,-0.01317402094400002,-0.01127251127160001,-0.003231453688199988,-0.008741005940745544,-0.004567685990501207,0.05423761939346858,-0.998527297944072,-1,-1,instant_velocity,dbscan_kmeans_fallback,False
220,219,8.2365520652,3.71999029813,0.04859639381299994,-0.012959227124999995,0.024548650386799997,-0.004019031027200004,0.027710500359575205,-0.00519859370532393,0.9662338130289699,-0.2576661035195488,-1,-1,instant_velocity,dbscan_kmeans_fallback,False
220,220,7.17307186626,4.50637433819,-0.004335581257999976,0.0010501031189999565,-0.004335581258199994,0.0010501031187999921,-0.005057449965211347,0.001485725286083847,-0.9718965072591133,0.23539901408485245,5,5,instant_velocity,dbscan_kmeans_fallback,False
220,273,12.8209030831,12.8604219674,-0.020688720270000082,0.028806237830000116,-0.018449371508,0.029636773930000013,-0.018024656817606042,0.029579139069732856,-0.5833427817159216,0.8122257291520049,-1,-1,instant_velocity,dbscan_kmeans_fallback,False
220,274,14.775282091,11.2611626495,0.010207557809999912,0.013746804469999851,0.0074673020879999896,0.01564653647,0.0063813506454315095,0.015400215621201764,0.5961597736778036,0.8028650921378617,-1,-1,instant_velocity,dbscan_kmeans_fallback,False
220,409,8.51857531209,2.69685573676,-0.004819651010999948,-0.001980876337999993,-0.005943534695799997,-0.0018615464378000013,-0.006733597521094349,-0.002310014981513844,-0.9249251598494297,-0.3801441970352273,5,5,instant_velocity,dbscan_kmeans_fallback,False
230,3,13.4527193422,9.06549249212,0.023403720189999967,0.02042927885600001,0.025491534077999988,0.01609521689280001,0.02632385318376366,0.01815145117056211,0.753357211741077,0.657611030720374,-1,-1,instant_velocity,dbscan_kmeans_fallback,False
230,4,3.14013943561,6.60013676108,0.001410116234000025,0.0001909278400000325,0.0014016976300000028,0.00018615464379999835,0.0014130877372036694,0.00019174012688959153,0.9909507775474377,0.13417340141300835,-1,-1,instant_velocity,dbscan_kmeans_fallback,False
230,5,2.63818014916,12.6489693848,-0.035042440751999984,0.028973299680000154,-0.026139766615399997,0.03394696991,-0.029991369721862907,0.03295156170282112,-0.7706894196704255,0.6372106233793727,-1,-1,instant_velocity,dbscan_kmeans_fallback,False
230,7,5.86019051241,6.61612696766,-0.030475347874000035,0.007780309470999924,-0.026333394516399995,0.003923567107399997,-0.02913281489326052,0.008146777889104149,-0.968922206594377,0.2473643500903181,0,0,instant_velocity,dbscan_kmeans_fallback,False
230,8,6.63701723204,6.83569398339,-0.03889395225900003,0.007541649670999994,-0.0323190222342,0.007450958946999986,-0.03424982009539759,0.009349042270626148,-0.981714619201685,0.19035729991171188,0,0,instant_velocity,dbscan_kmeans_fallback,False
230,9,12.7207216909,12.3141296858,-0.003641046390000113,0.022219227349999926,-0.009698232252000026,0.014534381801999991,-0.00828085419703243,0.0179680337215406,-0.1617122449412531,0.9868375051460047,1,1,instant_velocity,dbscan_kmeans_fallback,False
230,10,6.88220908475,8.37695896994,0.01906813893200008,-0.005966494992999926,0.022490301614400004,-0.004739783622400005,0.022323704377022118,-0.004609002441546868,0.9543696940202228,-0.2986259970702477,2,2,instant_velocity,dbscan_kmeans_fallback,False
230,11,7.62725557283,8.09056721029,0.038494068551000016,0.0034128351360001473,0.0380057894962,0.0010691959028000042,0.03761765830769505,0.001582869626868351,0.9960925760602871,0.08831230031669732,2,2,instant_velocity,dbscan_kmeans_fallback,False
230,12,6.43728584301,8.14903886122,0.029023138617999943,-0.011527268326000062,0.03349341754579999,-0.0076275671988000225,0.03140104974867287,-0.007349644504591595,0.9293789425191621,-0.36912618541911657,2,2,instant_velocity,dbscan_kmeans_fallback,False
230,13,6.7039451369,7.61038369326,0.03095941762600001,0.0027923196559999754,0.0333839756888,0.001193298998600003,0.03273232114651117,0.0014248937238153959,0.9959569483349695,0.08982824538113895,2,2,instant_velocity,dbscan_kmeans_fallback,False
230,14,13.8235588653,10.1898188086,0.01323825539000012,-0.001766082510000011,0.017338115730000006,0.002257721705999991,0.01653692135648995,0.0020465734951298437,0.9912175254922054,-0.13223584859222587,3,3,instant_velocity,dbscan_kmeans_fallback,False
230,15,14.5220925642,9.29579919884,0.027360464259999873,-0.008353092990000022,0.02339530158599999,0.0010835154907999822,0.02398640981373938,-0.0005441046221203402,0.9564200706479514,-0.2919930638495959,3,3,instant_velocity,dbscan_kmeans_fallback,False
230,16,13.3676914379,10.3652337614,0.016268952979999973,-0.0017183505499998475,0.013785464681999997,-0.00028161856199997,0.015112518677911376,0.0006362744439072064,0.994467686361644,-0.10503712795269321,3,3,instant_velocity,dbscan_kmeans_fallback,False
230,17,4.82975333569,6.11255479026,-0.05556278894099993,-0.003818556796000028,-0.0477419054674,0.008147845562199994,-0.04834325179038498,0.006896028277799069,-0.9976465856674329,-0.0685633356841004,-1,-1,instant_velocity,dbscan_kmeans_fallback,False
230,19,11.7599484654,4.30279752903,-0.026623836369999942,0.004892525894000066,-0.02561360384199997,0.003374649567799999,-0.024324123594474598,0.00286702849428211,-0.9835308260875371,0.18073841678214014,4,4,instant_velocity,dbscan_kmeans_fallback,False
230,20,11.4105763835,3.9185552515,-0.037904766239999964,0.00999984560799998,-0.03261367338599999,0.007422319771200003,-0.03220979152789844,0.006823028039114165,-0.9669177372440644,0.2550873952593817,4,4,instant_velocity,dbscan_kmeans_fallback,False
230,23,7.62767650305,7.39081667753,0.027697208426999964,0.006276752733000013,0.0237488829702,0.0232359181002,0.026856191267215473,0.015497893641399503,0.9752698107887626,0.22101604450191978,2,2,instant_velocity,dbscan_kmeans_fallback,False
230,24,11.5557973091,3.21283822374,0.024982208509999992,-0.026849227468000024,0.0538453936466,-0.003093031004400002,0.050074986196974106,-0.006321895008902291,0.6811941331878423,-0.7321024570148177,-1,-1,instant_velocity,dbscan_kmeans_fallback,False
230,25,6.06139515722,9.06501517252,-0.03638941745400004,0.0030071134770000897,-0.029591394413199995,-0.0003675360913999981,-0.031695200981754046,-0.0002987452600298429,-0.9966026761492931,0.08235628785350249,-1,-1,instant_velocity,dbscan_kmeans_fallback,False
230,26,10.5337787368,9.06907238911,-0.04983813795999996,0.001312628897999879,-0.050536882122000006,0.006205154792599999,-0.04754854645208877,0.004443282949489615,-0.9996531389282197,0.026328704318500387,-1,-1,instant_velocity,dbscan_kmeans_fallback,False
230,27,12.4408030951,2.61738202346,-0.018710348239999952,0.0039856186549999785,-0.04048506848799999,0.010887660062999993,-0.03170493069314901,0.008065025361248718,-0.9780554491185339,0.20834224962726944,4,4,instant_velocity,dbscan_kmeans_fallback,False
230,28,13.3594832986,2.76845367668,-0.020583487719999915,-0.020930464433999995,-0.02020044122199998,-0.014319587982800001,-0.019132468635373295,-0.014942976567944164,-0.7011720004103684,-0.7129916861682324,5,5,instant_velocity,dbscan_kmeans_fallback,False
230,29,12.4258600723,3.44147431187,-0.03575802211999992,0.016157268440999982,-0.045713021810000004,0.014892371502200002,-0.03523720853209978,0.012740497566031291,-0.9112892437023908,0.4117662013990447,4,4,instant_velocity,dbscan_kmeans_fallback,False
230,30,13.7993553777,2.41046397711,-0.023929882970000094,-0.02386597997100002,-0.023929882970000094,-0.02386597997100002,-0.01777341229929302,-0.0148176089331036,-0.7080513395748016,-0.7061605403551994,5,5,instant_velocity,dbscan_kmeans_fallback,False
230,31,14.8664134835,5.35242332817,-0.024876975960000002,0.08026129064300003,-0.024876975960000002,0.08026129064300003,-0.007463092788000001,0.02407838719290001,-0.29605504399036703,0.9551707558926711,-1,-1,instant_velocity,dbscan_kmeans_fallback,False
230,73,12.1133193845,12.4625760812,0.0,0.0,0.0,0.0,0.0,0.0,0.0,0.0,6,6,instant_velocity,dbscan_kmeans_fallback,False
230,74,12.1905600797,11.8697451387,0.0013680232100000468,-0.004653866099999959,0.00018520929600001067,-0.005436670237999977,-0.0002001916065865747,-0.004745978134016972,0.28202135962567376,-0.9594059775036825,6,6,instant_velocity,dbscan_kmeans_fallback,False
230,75,3.81510104218,8.47122959083,0.019909999369999997,-0.004510670214000001,0.018424115696599994,-0.0028877835766000005,0.01892380939510057,-0.0028148152859892883,0.9752838442727586,-0.22095348697926898,2,2,instant_velocity,dbscan_kmeans_fallback,False
230,76,4.22677079661,8.11037597366,0.02512953408900005,0.0006443814589999874,0.0250495573476,0.00165152581400001,0.024700388955091725,0.0015790378327290766,0.9996709981347754,0.025633959388846474,2,2,instant_velocity,dbscan_kmeans_fallback,False
230,77,1.33624298101,7.26408832388,0.02464546433700001,-0.00291164955599994,0.02464546433700001,-0.00291164955599994,0.018724994512625583,-0.0022075506421172877,0.9930931189586453,-0.117325407196386,2,2,instant_velocity,dbscan_kmeans_fallback,False
230,78,1.35034414336,7.90011669011,0.025992441039000003,0.001217164977999996,0.025992441039000003,0.001217164977999996,0.019831255954534263,0.0009578515595982005,0.9989050015272171,0.046776375577179626,2,2,instant_velocity,dbscan_kmeans_fallback,False
230,217,6.41855444825,4.92951816308,0.0007366278840000185,-0.01317402094400002,-0.00482386031259999,-0.006916360995800001,-0.005897715793321875,-0.007149586476550852,0.055827942452698835,-0.9984396451821852,7,7,instant_velocity,dbscan_kmeans_fallback,False
230,219,8.7307241426,3.45030472446,0.04941720774,-0.02696855736699999,0.0339522314848,-0.010090536331799998,0.034222512573702644,-0.011729582803826749,0.8777929708470242,-0.4790398157497622,-1,-1,instant_velocity,dbscan_kmeans_fallback,False
230,220,7.16696837808,4.48107639942,-0.0006103488179999949,-0.0025297938769999638,-0.003590534770199998,0.00033412371960000797,-0.003723319621047941,0.0002810695371587035,-0.23453393593720184,-0.9721039798632656,7,7,instant_velocity,dbscan_kmeans_fallback,False
230,273,12.6178042523,13.1403699124,-0.020309883080000014,0.027994794499999996,-0.020406697028000024,0.029178547112000006,-0.018710224696324235,0.029103835698812995,-0.587226197609716,0.8094225191915962,1,1,instant_velocity,dbscan_kmeans_fallback,False
230,409,8.47037880199,2.67704697339,-0.004819651010000037,-0.0019808763369999925,-0.005143767279199985,-0.001952237161600001,-0.006159413567766055,-0.0022112733881596886,-0.924925159889175,-0.3801441969385222,7,7,instant_velocity,dbscan_kmeans_fallback,False
240,3,13.4916553874,9.26883064147,0.0038936045199999825,0.02033381493499995,0.020827627247999983,0.017971082918400008,0.019594778584634553,0.018806160299893463,0.18806730057946527,0.9821556518297532,-1,-1,instant_velocity,dbscan_kmeans_fallback,False
240,4,3.15424059796,6.60204603947,0.0014101162349999807,0.0001909278390000324,0.0014059069324000007,0.00018615464379999835,0.0014121962865425628,0.0001914964405227238,0.9909507776535302,0.13417340062948266,-1,-1,instant_velocity,dbscan_kmeans_fallback,False
240,5,2.29070225316,12.8876291845,-0.0347477896,0.023865979969999885,-0.029263068842399997,0.031197609017999995,-0.031418295685304035,0.03022588718297475,-0.8242977489689318,0.5661561150413008,-1,-1,instant_velocity,dbscan_kmeans_fallback,False
240,7,5.540704476,6.71350016594,-0.03194860364099998,0.009737319828000057,-0.0283328130578,0.0058710310730000085,-0.02997755151758236,0.00862394047077292,-0.9565581642681129,0.291540528162867,0,0,instant_velocity,dbscan_kmeans_fallback,False
240,8,6.28890794072,6.93664707867,-0.03481092913200001,0.01009530952800004,-0.0332408594142,0.006410402220200009,-0.03441815280637832,0.009572922447838316,-0.9604278399519716,0.27852793836263157,0,0,instant_velocity,dbscan_kmeans_fallback,False
240,9,12.684521692,12.5363219593,-0.0036199998899999032,0.022219227350000103,-0.008060813699999976,0.015961567404000013,-0.006882597904922671,0.01924339181007845,-0.16080173108708923,0.9869862789685638,1,1,instant_velocity,dbscan_kmeans_fallback,False
240,10,7.09877768256,8.29963319483,0.02165685978099994,-0.007732577511000116,0.02110965049539999,-0.005775567153200001,0.022123650998215463,-0.0055460749623828425,0.9417692568246109,-0.33625852729869044,2,2,instant_velocity,dbscan_kmeans_fallback,False
240,11,8.01219625833,8.12469556164,0.03849406855000002,0.003412835134999881,0.038174161583800006,0.001875866025599997,0.03788058138038654,0.0021318592793078102,0.9960925760623621,0.08831230029329205,3,3,instant_velocity,dbscan_kmeans_fallback,False
240,12,6.68900211412,8.03090226036,0.025171627111000027,-0.011813660085999978,0.030862603675599995,-0.009307732188800023,0.029532222957371013,-0.008688849179014111,0.9052586596428072,-0.4248600238581557,2,2,instant_velocity,dbscan_kmeans_fallback,False
240,13,7.00406838323,7.52852338196,0.03001232463300001,-0.008186031129999983,0.031767603647,-5.7278352000000866e-05,0.031916322192457824,-0.0014583837323292183,0.9647565610513548,-0.26314280343863816,2,2,instant_velocity,dbscan_kmeans_fallback,False
240,14,13.9561518844,10.1721579834,0.013259301909999976,-0.0017660825200000118,0.016016394841999997,0.000973731983999997,0.015553635522542958,0.0009027766905908869,0.9912450182094192,-0.1320296129901421,4,4,instant_velocity,dbscan_kmeans_fallback,False
240,15,14.7956972067,9.21226826894,0.02736046425000005,-0.008353092989999844,0.02628709219200001,-0.002892556772599981,0.02499862614461758,-0.0028868011324841916,0.9564200706181499,-0.29199306394721025,4,4,instant_velocity,dbscan_kmeans_fallback,False
240,16,13.5350112,10.3468569568,0.01673197621,-0.0018376804600000796,0.013911743745999985,-0.0010882886859999985,0.015598355937537962,-0.0001059120272649796,0.9940220689387633,-0.10917389015924364,4,4,instant_velocity,dbscan_kmeans_fallback,False
240,17,4.27770335314,6.07078932531,-0.05520499825500007,-0.004176546495000011,-0.04996862632720001,0.004639546506399999,-0.050401775729769505,0.0035742558459593444,-0.997150190475026,-0.0754396207709301,-1,-1,instant_velocity,dbscan_kmeans_fallback,False
240,19,11.4939205669,4.35196144777,-0.026602789850000086,0.0049163918739999705,-0.02590825499400001,0.003828103187400007,-0.025007723471132247,0.0034818375081974683,-0.9833480938002546,0.18172998414573863,5,5,instant_velocity,dbscan_kmeans_fallback,False
240,20,10.9961705826,4.02284958397,-0.04144058009000009,0.01042943324700003,-0.03566962677999999,0.009073845585200004,-0.03497902809652893,0.007904949601479925,-0.9697595603910002,0.24406131812760562,5,5,instant_velocity,dbscan_kmeans_fallback,False
240,23,7.85034858903,7.48437131901,0.02226720859800002,0.009355464147999992,0.0239930224972,0.015560618941200009,0.025479496466450837,0.01365516479337965,0.9219338748958619,0.3873462304650808,3,3,instant_velocity,dbscan_kmeans_fallback,False
240,24,11.7736286976,3.0013856412,0.021783138849999873,-0.021145258253999977,0.044972184625599994,-0.007775536274599997,0.04158743199288184,-0.010768903982431598,0.717534359056271,-0.6965226376621699,-1,-1,instant_velocity,dbscan_kmeans_fallback,False
240,25,5.69308121537,9.11489507066,-0.03683139418499994,0.0049879898139998605,-0.033379766386599986,0.0015847010701999765,-0.03323605894272781,0.0012872752621790682,-0.9909536516163545,0.1342025418744911,-1,-1,instant_velocity,dbscan_kmeans_fallback,False
240,26,10.0339241014,9.06907238911,-0.04998546354000002,0.0,-0.05034746352399999,0.003990391851199994,-0.04827962157846215,0.0031102980646427305,-0.9999997999418773,0.0,-1,-1,instant_velocity,dbscan_kmeans_fallback,False
240,27,12.267800775,2.73933718111,-0.017300232010000017,0.012195515764999998,-0.032920952446000025,0.009465247656599996,-0.027383521088204313,0.009304172482374102,-0.8173326300911233,0.5761652774230741,5,5,instant_velocity,dbscan_kmeans_fallback,False
240,28,13.1405995846,2.52979387696,-0.02188837140000004,-0.023865979972000018,-0.020192022618000002,-0.017503309711000004,-0.019959239464761316,-0.01761987758916092,-0.675912722086599,-0.7369812579175605,6,6,instant_velocity,dbscan_kmeans_fallback,False
240,29,12.1733019407,3.61641194506,-0.025255813160000074,0.01749376331899999,-0.040064138269999994,0.015608350901399995,-0.03224278992046987,0.0141664772919219,-0.8220552665097863,0.5694071371352993,5,5,instant_velocity,dbscan_kmeans_fallback,False
240,30,13.559846083,2.17180417739,-0.023950929469999948,-0.023865979972000018,-0.023327952749999988,-0.018987773665200002,-0.0196266674505051,-0.017532120244772527,-0.7083616698219394,-0.7058492425556347,6,6,instant_velocity,dbscan_kmeans_fallback,False
240,31,14.5540832608,6.01709087038,-0.03123302227,0.06646675422099993,-0.03123302227,0.06646675422099993,-0.014594071632600004,0.03679489730132999,-0.4252902344224013,0.9050568734456703,-1,-1,instant_velocity,dbscan_kmeans_fallback,False
240,73,11.9843042723,12.3549405116,-0.012901511220000116,-0.01076355695999993,-0.012901511220000116,-0.01076355695999993,-0.0038704533660000357,-0.0032290670879999797,-0.7678607411253932,-0.6406158692199204,7,7,instant_velocity,dbscan_kmeans_fallback,False
240,74,12.2042403119,11.822967818,0.0013680232199998698,-0.00467773207000004,0.0009260464839999827,-0.004959350637999975,0.0002702728413893587,-0.004725504314811892,0.28069611860110666,-0.959794553710175,7,7,instant_velocity,dbscan_kmeans_fallback,False
240,75,3.96221615381,8.39461979512,0.014711511163000023,-0.007660979570999871,0.0182094412848,-0.0044199794907999745,0.017660119925470404,-0.004268664571492463,0.8869448136390113,-0.46187410814614915,2,2,instant_velocity,dbscan_kmeans_fallback,False
240,76,4.4538626499,8.10846669526,0.022709185328999924,-0.00019092783999994368,0.024607580617599992,0.0009880515708000103,0.024103027867264183,0.0010480481309103704,0.9999642183914508,-0.008407215209561175,2,2,instant_velocity,dbscan_kmeans_fallback,False
240,77,1.59637785651,7.27983987066,0.026013487549999992,0.0015751546779999791,0.02491485967748,-0.002009515513599993,0.020911542423837907,-0.0010727390460821074,0.998171403069518,0.06044073682810572,2,2,instant_velocity,dbscan_kmeans_fallback,False
240,78,1.59511506585,7.90584452531,0.024477092248999986,0.0005727835200000087,0.02579460383566,0.0011312474506000036,0.02122500684287398,0.0008423311477187429,0.9997259053748947,0.02339438513736134,2,2,instant_velocity,dbscan_kmeans_fallback,False
240,217,6.43328700592,4.83691816079,0.001473255766999948,-0.009260000229000021,-0.002150953420400015,-0.008978381665199996,-0.0036864243252253278,-0.0077827106022856024,0.15712256932867402,-0.9875780299352763,8,8,instant_velocity,dbscan_kmeans_fallback,False
240,219,9.22468575489,3.18038049098,0.049396161229000056,-0.026992423347999984,0.043351603280800004,-0.016171588028599998,0.03877460717029187,-0.01630843496707872,0.8775287530170894,-0.4795236514770622,-1,-1,instant_velocity,dbscan_kmeans_fallback,False
240,220,7.18548930773,4.43215114048,0.0018520929650000183,-0.004892525893999977,-0.002352999925599999,-0.0008544020829999965,-0.002050695845233553,-0.001271009092188901,0.3540363835656166,-0.9352296060434905,8,8,instant_velocity,dbscan_kmeans_fallback,False
240,273,12.4144949564,13.4200791977,-0.02033092958999987,0.027970928529999918,-0.020684510974000005,0.028815784218000004,-0.019196436164426928,0.028763963548169073,-0.5879527789326926,0.8088948951271879,1,1,instant_velocity,dbscan_kmeans_fallback,False
240,419,11.5212810311,1.69878045436,0.0,0.0,0.0,0.0,0.0,0.0,0.0,0.0,9,9,instant_velocity,dbscan_kmeans_fallback,False
240,420,11.0534170924,2.70735676795,0.0,0.0,0.0,0.0,0.0,0.0,0.0,0.0,9,9,instant_velocity,dbscan_kmeans_fallback,False
250,3,13.5305914327,9.47216879083,0.0038936045299999833,0.02033381493600004,0.016462580874,0.020181072663799995,0.014884426368244181,0.019264456690725434,0.18806730103647468,0.9821556517422433,-1,-1,instant_velocity,dbscan_kmeans_fallback,False
250,4,3.16813129519,6.60395531787,0.0013890697229999916,0.00019092783999994368,0.001401697629999994,0.00018615464379999835,0.0014052583174797915,0.00019132586036588975,0.990678437834639,0.1361688986077535,-1,-1,instant_velocity,dbscan_kmeans_fallback,False
250,5,1.94322435717,13.1262889842,-0.034747789599000004,0.023865979970000062,-0.0323863710692,0.028453021322000005,-0.03241714385941283,0.028317915019082342,-0.824297748961326,0.5661561150523744,-1,-1,instant_velocity,dbscan_kmeans_fallback,False
250,7,5.22100797448,6.81063470442,-0.03196965015200002,0.009713453847999976,-0.030332231599200003,0.007813721842600003,-0.030575181107907655,0.008950794483941038,-0.9568105382331904,0.2907111889000976,0,0,instant_velocity,dbscan_kmeans_fallback,False
250,8,5.9407986494,7.03760017395,-0.03481092913200001,0.010095309527999951,-0.03552651050480002,0.007899639370599995,-0.034535985704064825,0.009729638571886808,-0.9604278399519723,0.27852793836262935,0,0,instant_velocity,dbscan_kmeans_fallback,False
250,9,12.5877077416,12.7616168103,-0.009681395040000141,0.022529485099999923,-0.007500976506000008,0.018524773653999987,-0.0077222370454459125,0.020229219797054894,-0.3948113190990155,0.9187617790826615,-1,-1,instant_velocity,dbscan_kmeans_fallback,False
250,10,7.31555674547,8.22254607953,0.02167790629100006,-0.007708711529999945,0.0201120458758,-0.006668154804000004,0.021989927586050843,-0.006194865932667973,0.942200402627926,-0.33504855172862796,1,1,instant_velocity,dbscan_kmeans_fallback,False
250,11,8.39082299055,8.13829917023,0.0378626732219999,0.0013603608590001316,0.038216254605799985,0.0022720412932000045,0.037875208932870545,0.0019004097532155067,0.9993549206881569,0.0359056348288538,-1,-1,instant_velocity,dbscan_kmeans_fallback,False
250,12,6.92430210668,7.9115723605,0.023529999255999988,-0.011932989985999943,0.027903464234199992,-0.011011763158799983,0.027731555846959702,-0.00966209142110986,0.8918653887322338,-0.4523000887850813,1,1,instant_velocity,dbscan_kmeans_fallback,False
250,13,7.30313930401,7.43425276107,0.02990709207800002,-0.00942706208900006,0.030555324615600003,-0.0018376804578000084,0.03131355315812048,-0.0038489872393304716,0.9537404939867989,-0.30063005892241185,1,1,instant_velocity,dbscan_kmeans_fallback,False
250,14,14.118630949,10.0370765367,0.01624790645999994,-0.013508144669999922,0.015553371602000005,-0.002429556761999976,0.015761916803780054,-0.0034204997175863567,0.7689600356015666,-0.6392961106666962,2,2,instant_velocity,dbscan_kmeans_fallback,False
250,15,14.9678576663,9.22300795993,0.017216045960000058,0.0010739690989998607,0.02539472012600001,-0.003493979467800017,0.02266385208923232,-0.0016985700630389757,0.9980593332515854,0.06226080514486518,2,2,instant_velocity,dbscan_kmeans_fallback,False
250,16,13.7023309622,10.3284801522,0.01673197622,-0.0018376804600000796,0.014820953019999977,-0.0013269484860000346,0.015938442022276574,-0.0006254425570855097,0.9940220689458447,-0.10917389009477273,2,2,instant_velocity,dbscan_kmeans_fallback,False
250,17,3.73407197498,6.02114808697,-0.054363137815999975,-0.004964123833999956,-0.052237440209,0.0005345979514000021,-0.05159018435563865,0.0010127419419715539,-0.9958565730905351,-0.09093579856365969,-1,-1,instant_velocity,dbscan_kmeans_fallback,False
250,19,11.1967438321,4.42451402689,-0.029717673480000074,0.0072552579119999905,-0.02682167357000001,0.0047493300144000015,-0.026420708473792597,0.004613863629338225,-0.9714669809899451,0.2371734619406696,3,3,instant_velocity,dbscan_kmeans_fallback,False
250,20,10.5817647818,4.12738257624,-0.041440580079999914,0.010453299226999935,-0.037904766242,0.00999507241199999,-0.03691749369157023,0.008669454489135928,-0.9696272516855876,0.24458643631329802,3,3,instant_velocity,dbscan_kmeans_fallback,False
250,23,8.01872067673,7.60847441486,0.01683720876999999,0.012410309584999979,0.023100650432399998,0.009255227032800004,0.02288681015751558,0.013281708230865748,0.8049653678961223,0.5933209926454032,-1,-1,instant_velocity,dbscan_kmeans_fallback,False
250,24,11.9594693894,2.84697275078,0.018584069180000107,-0.015441289042000017,0.03545916167000002,-0.0113172477024,0.03468642314901732,-0.012170619500302123,0.7691449688942623,-0.6390736961245184,-1,-1,instant_velocity,dbscan_kmeans_fallback,False
250,25,5.32476727353,9.164536309,-0.036831394184000034,0.004964123834000134,-0.036439929080399995,0.0032744124522000105,-0.03431465951510948,0.0023903298337253883,-0.9910388525659383,0.13357190780955733,-1,-1,instant_velocity,dbscan_kmeans_fallback,False
250,26,9.53406946604,9.06907238911,-0.049985463536000016,0.0,-0.0500149286512,0.001823360869799977,-0.04879137416572351,0.002177208645249911,-0.9999997999418773,0.0,-1,-1,instant_velocity,dbscan_kmeans_fallback,False
250,27,12.150782174,3.19016554277,-0.011701860099999984,0.04508283616600002,-0.025706208490000007,0.0156894952332,-0.022679022791743015,0.02003777158746188,-0.25123805712831776,0.967925105187347,-1,-1,instant_velocity,dbscan_kmeans_fallback,False
250,28,12.9151914522,2.28397428326,-0.022540813240000013,-0.024581959369999982,-0.020448790049999985,-0.020486557207400002,-0.020733711597332925,-0.01970850212341264,-0.6758441763821949,-0.7370441300137495,4,4,instant_velocity,dbscan_kmeans_fallback,False
250,29,11.8658124156,3.76199442288,-0.030748952509999938,0.014558247782000011,-0.0355180919,0.015732453997000004,-0.03179463869732889,0.014284008438945332,-0.9038176766838526,0.42791707075666907,3,3,instant_velocity,dbscan_kmeans_fallback,False
250,30,13.3519065546,1.93314437768,-0.020793952840000074,-0.023865979970999995,-0.022965952764000014,-0.0211070726866,-0.01997685306735359,-0.019432278162640766,-0.6569144350730719,-0.7539647161243949,4,4,instant_velocity,dbscan_kmeans_fallback,False
250,31,14.2257576898,6.64715274162,-0.03283255710000006,0.06300618712400005,-0.03283255710000006,0.06300618712400005,-0.020065617272820024,0.04465828424813101,-0.4621207314993529,0.8868168627270265,-1,-1,instant_velocity,dbscan_kmeans_fallback,False
250,73,11.8552891601,12.2470662821,-0.01290151121999994,-0.010787422950000014,-0.01290151121999994,-0.010787422950000014,-0.006579770722200007,-0.005496573846599991,-0.7671622031559673,-0.641452231105163,-1,-1,instant_velocity,dbscan_kmeans_fallback,False
250,74,12.3242054243,11.639438432,0.011996511240000096,-0.0183529386,0.003497930122000028,-0.007408000183999981,0.00378814436097258,-0.008813734600368325,0.5471376990015329,-0.8370420695342369,2,2,instant_velocity,dbscan_kmeans_fallback,False
250,75,4.05713591825,8.28698422545,0.009491976444000016,-0.01076355696700002,0.016786697143800006,-0.006391309436399979,0.015209676881029286,-0.0062171322901447305,0.6614142981947296,-0.7500198214153194,1,1,instant_velocity,dbscan_kmeans_fallback,False
250,76,4.64475450433,8.09366978768,0.019089185443000024,-0.0014796907580000962,0.0234416039102,6.205154779998168e-05,0.022598875139984934,0.0002897264642372303,0.9970086928283364,-0.0772827396343841,1,1,instant_velocity,dbscan_kmeans_fallback,False
250,77,1.86261622019,7.31492286122,0.02662383636800001,0.0035082990560000304,0.025310534083640004,-0.000725525790999999,0.022625230607086537,0.00030157238454253416,0.991429042726906,0.13064344020948113,1,1,instant_velocity,dbscan_kmeans_fallback,False
250,78,1.83988598835,7.9113337007,0.02447709225000001,0.0005489175390000156,0.025453650358180004,0.0009832783748000117,0.02220063246501179,0.0007543070651031248,0.9997482289803037,0.022420119672159677,1,1,instant_velocity,dbscan_kmeans_fallback,False
250,217,6.44886142404,4.7483753751,0.001557441812000082,-0.008854278568999962,0.0005387906808000054,-0.0109544848068,-0.0021132644840577046,-0.008104180992299911,0.1732373434694972,-0.9848789764174982,5,5,instant_velocity,dbscan_kmeans_fallback,False
250,219,9.66034853181,2.70449285035,0.04356627769199992,-0.047588764063000034,0.047893440346399994,-0.025188155261800002,0.04021210832680428,-0.025692533695855113,0.6752463678998484,-0.7375920502908697,-1,-1,instant_velocity,dbscan_kmeans_fallback,False
250,220,7.20401023737,4.38298722174,0.0018520929640000183,-0.004916391874000059,-0.001115465081,-0.0020477010813999994,-0.0008798592024634814,-0.002364623926732249,0.3525318080000019,-0.93579779733872,5,5,instant_velocity,dbscan_kmeans_fallback,False
250,419,11.5661100995,1.72049849613,0.004482906840000034,0.002171804177000003,0.004482906840000034,0.002171804177000003,0.0013448720520000104,0.000651541253100001,0.8999483118829191,0.4359919963965636,6,6,instant_velocity,dbscan_kmeans_fallback,False
250,420,11.1780124373,2.76057790329,0.012459534489999946,0.005322113534000028,0.012459534489999946,0.005322113534000028,0.0037378603469999843,0.0015966340602000086,0.9196163505501574,0.39281584952302084,6,6,instant_velocity,dbscan_kmeans_fallback,False
260,3,13.5604774783,9.67121106379,0.0029886045599999632,0.01990422729599999,0.011945999621999982,0.020295629367600015,0.011315679825770914,0.0194563878723078,0.14848471359488227,0.9889142006040548,-1,-1,instant_velocity,dbscan_kmeans_fallback,False
260,4,3.18223245754,6.60586459627,0.0014101162350000252,0.0001909278400000325,0.0014016976302000028,0.00018615464379999835,0.0014067156927358617,0.00019120645425613257,0.9909507775600939,0.13417340131957137,-1,-1,instant_velocity,dbscan_kmeans_fallback,False
260,5,1.59553599607,13.364948784,-0.03476883611000001,0.023865979979999886,-0.0348782779672,0.026023464561999995,-0.03312265153458899,0.026982334507357604,-0.8244576832258045,0.5659231876492091,-1,-1,instant_velocity,dbscan_kmeans_fallback,False
260,7,4.88573705485,6.87507285035,-0.03352709196300001,0.006443814592999963,-0.0315445106306,0.008128752778399998,-0.03146075436443536,0.008198700516658716,-0.9820262686381896,0.1887427399770773,0,0,instant_velocity,dbscan_kmeans_fallback,False
260,8,5.60300214845,7.1588393522,-0.03377965009499997,0.012123917825000063,-0.03632627792140001,0.009422288892600009,-0.034309085021345366,0.010447922347820784,-0.9412131062655774,0.33781256833876994,0,0,instant_velocity,dbscan_kmeans_fallback,False
260,9,12.4506949552,12.9892982592,-0.01370127863999997,0.02276814489000003,-0.007740906731999999,0.021140485057999994,-0.00951594952381213,0.020990897324938435,-0.5156128006524926,0.8568212690837356,-1,-1,instant_velocity,dbscan_kmeans_fallback,False
260,10,7.53212534328,8.14522030442,0.02165685978099994,-0.007732577510999939,0.02062979004559999,-0.0070213713076000064,0.021890007244535572,-0.006656179406167563,0.9417692568246134,-0.3362585272986836,1,1,instant_velocity,dbscan_kmeans_fallback,False
260,11,8.76566135079,8.13829917023,0.037483836024,0.0,0.03816153367719998,0.002319773253200026,0.03775779706020938,0.0013302868272508546,0.9999997332184111,0.0,1,1,instant_velocity,dbscan_kmeans_fallback,False
260,12,7.15960209924,7.79224246064,0.023529999255999988,-0.011932989986000031,0.0260555805716,-0.011742062145999998,0.02647108886967179,-0.010343360990576912,0.8918653887322324,-0.452300088785084,1,1,instant_velocity,dbscan_kmeans_fallback,False
260,13,7.60221022478,7.33998214019,0.02990709207700002,-0.009427062087999972,0.030344859505800004,-0.004286330002799996,0.030891614833784345,-0.005522409693931322,0.9537404939930613,-0.300630058902545,1,1,instant_velocity,dbscan_kmeans_fallback,False
260,14,14.2941588504,9.85139921257,0.017552790140000062,-0.018567732413000117,0.015347115793999997,-0.006844763056600023,0.016299178804646056,-0.007964669526210486,0.6869665404857241,-0.7266885092732779,2,2,instant_velocity,dbscan_kmeans_fallback,False
260,15,15.140018126,9.23398631071,0.017216045969999882,0.0010978350780000313,0.023336371354,-0.0030882578083999946,0.02102951025346259,-0.0008596485207272733,0.9979724140595124,0.06363883582444406,3,3,instant_velocity,dbscan_kmeans_fallback,False
260,16,13.8696507243,10.3101033476,0.01673197621,-0.0018376804599999018,0.015730162292000003,-0.0015703814819999805,0.016176502278593602,-0.0009891139279598275,0.9940220689387645,-0.1091738901592332,3,3,instant_velocity,dbscan_kmeans_fallback,False
260,17,3.1902301317,5.97150684863,-0.054384184328000004,-0.004964123834000045,-0.0545146726952,-0.003575123799800011,-0.05242838434734705,-0.000780317790819926,-0.9958597595017296,-0.09090089754125195,-1,-1,instant_velocity,dbscan_kmeans_fallback,False
260,19,10.7758136128,4.59085990729,-0.042093021929999884,0.016634588039999974,-0.030214371137999976,0.007541649670999994,-0.031122402510654783,0.00822008095253675,-0.9300121704379872,0.36752812266957624,4,4,instant_velocity,dbscan_kmeans_fallback,False
260,20,10.1768299108,4.25912278569,-0.0404934871,0.01317402094500002,-0.039129673181999995,0.010720598203199998,-0.037990291714099164,0.010020824425895157,-0.9509396594922133,0.3093756524510729,4,4,instant_velocity,dbscan_kmeans_fallback,False
260,23,8.18709276443,7.73257751072,0.01683720876999999,0.012410309585999979,0.021766301637400006,0.009770732200399994,0.021071929741260903,0.013020288637406017,0.8049653678732888,0.5933209926763817,-1,-1,instant_velocity,dbscan_kmeans_fallback,False
260,24,12.2341263574,2.79375161545,0.027465696799999863,-0.005322113532999983,0.029431440929999973,-0.013388814763800001,0.03252020524431208,-0.010116067710111481,0.9817383176999684,-0.19023448866207776,-1,-1,instant_velocity,dbscan_kmeans_fallback,False
260,25,4.90383705427,9.15498991701,-0.04209302192599997,-0.0009546391989999847,-0.03764378950779999,0.0027398145008000084,-0.03664816823837663,0.0013868391239077764,-0.9997426869728558,-0.02267343883211081,-1,-1,instant_velocity,dbscan_kmeans_fallback,False
260,26,9.04579041171,9.13589713303,-0.04882790543300004,0.006682474391999982,-0.04967818447580001,0.0020286082975999875,-0.04880233354590647,0.0035287883692749324,-0.990764320135398,0.1355937171398196,-1,-1,instant_velocity,dbscan_kmeans_fallback,False
260,27,11.9502089245,3.4939794678,-0.020057324949999965,0.030381392503000003,-0.02163581326999999,0.020047423175799998,-0.0218925134392201,0.023140857862123318,-0.5509493155811708,0.8345383767604958,-1,-1,instant_velocity,dbscan_kmeans_fallback,False
260,28,12.6310635542,1.97371654363,-0.02841278979999995,-0.031025773963000013,-0.022406115569999975,-0.023383887176000005,-0.02303743505813303,-0.023103683675288852,-0.6753691476712166,-0.7374795176653572,5,5,instant_velocity,dbscan_kmeans_fallback,False
260,29,11.5446426583,3.90017844692,-0.03211697572999998,0.013818402404000008,-0.032828347799999984,0.015517660177400004,-0.031891339807130215,0.014144326628461736,-0.9185848015609659,0.39522321581204267,4,4,instant_velocity,dbscan_kmeans_fallback,False
260,30,13.1519647005,1.69448457797,-0.019994185409999865,-0.023865979970999995,-0.022443999290000002,-0.023231144904000002,-0.019982052770147474,-0.020762388705148536,-0.6421887887004247,-0.7665460959994762,5,5,instant_velocity,dbscan_kmeans_fallback,False
260,31,13.9071135138,7.2500073957,-0.03186441759999994,0.06028546540799997,-0.03186441759999994,0.06028546540799997,-0.023605257370974,0.049346438596091696,-0.46729858009099334,0.8840993969801331,-1,-1,instant_velocity,dbscan_kmeans_fallback,False
260,32,14.9640692944,6.47555634563,0.0,0.0,0.0,0.0,0.0,0.0,0.0,0.0,-1,-1,instant_velocity,dbscan_kmeans_fallback,False
260,73,11.7631054421,12.1000518455,-0.009218371799999936,-0.014701443660000101,-0.009218371799999936,-0.014701443660000101,-0.007371351045539985,-0.008258034790620025,-0.5312400221601388,-0.8472206833450284,-1,-1,instant_velocity,dbscan_kmeans_fallback,False
260,74,12.4704786755,11.4215420349,0.014627325120000024,-0.02178963971000005,0.006149790502000024,-0.010830381710000019,0.007039898588680814,-0.012706506133257843,0.5573588182235666,-0.830271272337926,2,2,instant_velocity,dbscan_kmeans_fallback,False
260,75,4.1522661478,8.17910999598,0.00951302295499996,-0.010787422947000103,0.0147073018606,-0.007646659982800017,0.01350068070322049,-0.007588219487201342,0.6614142992148568,-0.7500198225711491,1,1,instant_velocity,dbscan_kmeans_fallback,False
260,76,4.83543589365,8.0786342203,0.01906813893199999,-0.0015035567380000004,0.022229324878799996,-0.0003723092875999967,0.02153965427758945,-0.000248258496433939,0.9969050992932963,-0.07860774376221626,1,1,instant_velocity,dbscan_kmeans_fallback,False
260,77,2.12885458386,7.35000585178,0.026623836366999987,0.0035082990559999415,0.025710417791819998,0.000558463931399995,0.023824812335060574,0.0012635903859797566,0.991429042726271,0.13064344021430124,1,1,instant_velocity,dbscan_kmeans_fallback,False
260,78,2.08465691084,7.91682287609,0.02447709224900001,0.0005489175390000156,0.025116906182700002,0.0008353092990000022,0.022883570400208254,0.0006926902072721921,0.9997482289802833,0.02242011967307518,1,1,instant_velocity,dbscan_kmeans_fallback,False
260,217,6.46822421412,4.6677083628,0.0019362790079999748,-0.008066701230000018,0.0012838371686000017,-0.010505804383200009,-0.0008984014364404006,-0.008092937063609943,0.23340352613519513,-0.9723787241312407,6,6,instant_velocity,dbscan_kmeans_fallback,False
260,219,10.0812787511,2.17681603319,0.042093021928999975,-0.05276768171599997,0.04661381248059998,-0.0334553307238,0.04077638240746299,-0.03381507810189857,0.6236001826147853,-0.7817432544938266,-1,-1,instant_velocity,dbscan_kmeans_fallback,False
260,220,7.29703581583,4.30041093104,0.009302557845999981,-0.008257629069999961,0.0016121627398000093,-0.003909247519200001,0.002174865912075558,-0.004132525469712563,0.7478600814126007,-0.6638551730393876,6,6,instant_velocity,dbscan_kmeans_fallback,False
260,419,11.6107287027,1.74221653791,0.004461860319999999,0.002171804178000003,0.004461860319999999,0.002171804178000003,0.002279968532400007,0.0011076201305700016,0.8991405516322997,0.43765538734844484,7,7,instant_velocity,dbscan_kmeans_fallback,False
260,420,11.3028182473,2.81356037882,0.01248058099999998,0.00529824755299999,0.01248058099999998,0.00529824755299999,0.006360676542899984,0.0027071181080400033,0.9204894453906214,0.39076553820717047,7,7,instant_velocity,dbscan_kmeans_fallback,False
270,3,13.5766832917,9.86404818196,0.0016205813400000935,0.019283711816999904,0.007160023027999998,0.020056969567999978,0.008407150280039667,0.019404585055715434,0.08374362532785093,0.9964868146223369,-1,-1,instant_velocity,dbscan_kmeans_fallback,False
270,4,3.19633361988,6.60777387467,0.0014101162339999807,0.0001909278400000325,0.0014059069322000005,0.0001909278398000147,0.0014077358551150975,0.00019112286997930255,0.9909507775474372,0.1341734014130125,0,0,instant_velocity,dbscan_kmeans_fallback,False
270,5,1.24805810008,13.6036085837,-0.034747789599000004,0.023865979970000062,-0.034810929132,0.02488744391400001,-0.03361019295391229,0.02604742814615034,-0.824297748961326,0.5661561150523744,-1,-1,instant_velocity,dbscan_kmeans_fallback,False
270,7,4.53994287973,6.91779295449,-0.034579417512,0.004272010414000072,-0.03250002222840001,0.007589381630799998,-0.03239635330870475,0.007020693485861123,-0.992454661201933,0.12260983420574545,1,1,instant_velocity,dbscan_kmeans_fallback,False
270,8,5.27572890298,7.30036461343,-0.03272732454699998,0.014152526122999998,-0.035004557033000004,0.01080174253500001,-0.03383455687904175,0.011559303480374549,-0.9178550460831415,0.39691504565746055,1,1,instant_velocity,dbscan_kmeans_fallback,False
270,9,12.3136821689,13.2167410483,-0.01370127862999997,0.02274427890999995,-0.00886899971800002,0.022496072719999986,-0.010771548255668482,0.021516911800456888,-0.5160098361892248,0.8565822177277436,-1,-1,instant_velocity,dbscan_kmeans_fallback,False
270,10,7.79204975367,8.06121205492,0.025992441039000003,-0.008400824950000007,0.022010441164800002,-0.007508237298999987,0.0231207373828749,-0.0071795730693172966,0.9515351998939316,-0.3075386661867647,0,0,instant_velocity,dbscan_kmeans_fallback,False
270,11,9.14028924593,8.13829917023,0.03746278951399997,0.0,0.037959487172199984,0.001637206226000032,0.03766929479634656,0.0009312007790755982,0.9999997330685338,0.0,0,0,instant_velocity,dbscan_kmeans_fallback,False
270,12,7.39469162669,7.66861668439,0.023508952745000044,-0.012362577624999992,0.024952743397199998,-0.011913897201800002,0.025582448032270267,-0.010949125980903834,0.8850816207225845,-0.4654350348707433,0,0,instant_velocity,dbscan_kmeans_fallback,False
270,13,7.89686137826,7.2433249213,0.029465115347999938,-0.00966572188899999,0.0300502083524,-0.006782711508000005,0.030463664988049026,-0.006765403352451922,0.9501812190398086,-0.31169697789807516,0,0,instant_velocity,dbscan_kmeans_fallback,False
270,14,14.4694762868,9.66572188839,0.01753174364000003,-0.018567732418000027,0.015565999508000026,-0.010835154906200017,0.01666894825525225,-0.011145588393747349,0.6865311938942332,-0.7270998120092403,2,2,instant_velocity,dbscan_kmeans_fallback,False
270,16,14.1342053671,10.194114685,0.026455464280000028,-0.011598866259999951,0.01858406918,-0.003766051637999972,0.01926019087901553,-0.004172039627571865,0.915844008077274,-0.4015333865352449,2,2,instant_velocity,dbscan_kmeans_fallback,False
270,17,2.77813944706,6.00826045779,-0.041209068463999986,0.003675360915999981,-0.05214483556079999,-0.002849598008600012,-0.04906258958234293,0.0005563858212260463,-0.9960460672122269,0.08883551418216087,1,1,instant_velocity,dbscan_kmeans_fallback,False
270,19,10.3548833936,4.75720578769,-0.042093021920000064,0.016634588040000065,-0.033426068710000006,0.010066670352000014,-0.03441358833345837,0.010744433078775744,-0.930012170408143,0.36752812274509594,3,3,instant_velocity,dbscan_kmeans_fallback,False
270,20,9.7933624811,4.45530114105,-0.03834674296999996,0.019617835535999984,-0.03992523129599999,0.01273488691259999,-0.03809722709086941,0.012899927758926606,-0.8902614017402264,0.45544941788281923,3,3,instant_velocity,dbscan_kmeans_fallback,False
270,23,8.3765113631,7.97123731043,0.018941859867000053,0.02386597997100006,0.020516138886400005,0.012863763204600006,0.02043290877898265,0.01627399603748423,0.6216698565246755,0.7832789624972651,-1,-1,instant_velocity,dbscan_kmeans_fallback,False
270,24,12.5496135568,2.74196243891,0.03154871994000015,-0.005178917654000026,0.024872766655999995,-0.014787361190200006,0.0322287596530185,-0.008634922693278044,0.9867923978059916,-0.16198808000925954,4,4,instant_velocity,dbscan_kmeans_fallback,False
270,25,4.48290683502,9.14544352502,-0.042093021925000064,-0.0009546391990001623,-0.03884764993480001,0.0022099897453999873,-0.03828162434436366,0.0006843956270353946,-0.9997426869728436,-0.022673438832653353,-1,-1,instant_velocity,dbscan_kmeans_fallback,False
270,26,8.55751135737,9.20272187695,-0.04882790543399995,0.006682474391999982,-0.0494929751806,0.0029355155363999684,-0.04881000511233451,0.004474894176092447,-0.990764320135771,0.13559371713709392,-1,-1,instant_velocity,dbscan_kmeans_fallback,False
270,27,11.6239880046,3.5775103977,-0.03262209199000008,0.008353092989999977,-0.020078371458,0.019999691215799996,-0.025111387004454096,0.018704528400486316,-0.9687460167265772,0.248053544937881,3,3,instant_velocity,dbscan_kmeans_fallback,False
270,28,12.354301935,1.6656067422,-0.02767616192000002,-0.03081098014299999,-0.024220324815999988,-0.0262430315764,-0.024429053116693127,-0.025415872615602193,-0.668247636285811,-0.7439385819364648,5,5,instant_velocity,dbscan_kmeans_fallback,False
270,29,11.2283135985,4.01306453218,-0.031632905980000105,0.011288608525999954,-0.031102533900000003,0.01466325809439999,-0.03181380965899118,0.0132876111977232,-0.9418251369707784,0.3361023890100839,3,3,instant_velocity,dbscan_kmeans_fallback,False
270,30,12.9362379631,1.4142979731,-0.02157267374000007,-0.02801866048699999,-0.02204832488600001,-0.024696516074400002,-0.02045923906110325,-0.022939270239703973,-0.6100633376813088,-0.7923522943919776,5,5,instant_velocity,dbscan_kmeans_fallback,False
270,31,13.6107786395,7.78913988325,-0.029633487430000115,0.05391324875499999,-0.030088092072000024,0.06478658923019999,-0.025413726388681834,0.05071648164376418,-0.4816840447609741,0.87634477001254,6,6,instant_velocity,dbscan_kmeans_fallback,False
270,32,14.5827065157,7.03258831816,-0.03813627786999998,0.05570319725299999,-0.03813627786999998,0.05570319725299999,-0.011440883360999994,0.0167109591759,-0.564921563403014,0.8251444303500206,6,6,instant_velocity,dbscan_kmeans_fallback,False
270,73,11.7570019539,11.8613920458,-0.0006103488200000839,-0.023865979969999885,-0.0006103488200000839,-0.023865979969999885,-0.005343050377878014,-0.012940418344433983,-0.025565640707987967,-0.9996727265843991,2,2,instant_velocity,dbscan_kmeans_fallback,False
270,74,12.55592751,11.2253636795,0.00854488344999993,-0.019617835540000073,0.0075809532479999935,-0.013818402404000025,0.0074913940470765494,-0.014779904955280511,0.39933070938425835,-0.9168064407914199,2,2,instant_velocity,dbscan_kmeans_fallback,False
270,75,4.24444986582,8.10989865406,0.009218371802000025,-0.006921134191999911,0.012568976346800004,-0.008128752778199981,0.01221598803285435,-0.007388093898640913,0.7996929257115599,-0.600407769411285,0,0,instant_velocity,dbscan_kmeans_fallback,False
270,76,5.01685681814,8.05023370413,0.018142092449000023,-0.00284005161700005,0.020827627248400003,-0.0010739690988000206,0.020520385729012623,-0.0010257964326037725,0.9879670196236889,-0.15466117480729935,0,0,instant_velocity,dbscan_kmeans_fallback,False
270,77,2.39256736622,7.4115800801,0.02637127823600003,0.006157422832000048,0.026055580571600005,0.0023675052132000117,0.024588752105342407,0.0027317401197858443,0.9738071359786267,0.22737397252340621,0,0,instant_velocity,dbscan_kmeans_fallback,False
270,78,2.32921736823,7.92231205149,0.024456045739,0.0005489175399999268,0.024775952705200003,0.0006873402231999926,0.023355313001845776,0.0006495584070905125,0.9997477959676254,0.022439404417197377,0,0,instant_velocity,dbscan_kmeans_fallback,False
270,217,6.50295095721,4.61711248526,0.0034726743090000233,-0.005059587754000017,0.0018352557560000094,-0.008882917745200008,0.0004129212871917268,-0.007182932270726965,0.5658867947116536,-0.8244809740012348,-1,-1,instant_velocity,dbscan_kmeans_fallback,False
270,219,10.3487799054,1.73529540372,0.026750115430000145,-0.044152062947000026,0.04224455680400002,-0.0396938978882,0.036568502314224136,-0.036916173555429005,0.5181782047559269,-0.8552724482261059,-1,-1,instant_velocity,dbscan_kmeans_fallback,False
270,220,7.68807998951,4.0844238123,0.03910441736800001,-0.02159871187400002,0.010300162465000007,-0.008439010517799996,0.013253731348852894,-0.009372381390998802,0.8753514720880232,-0.4834866622915741,-1,-1,instant_velocity,dbscan_kmeans_fallback,False
270,419,11.655347306,1.76393457968,0.00446186033,0.002171804176999981,0.00446186033,0.002171804176999981,0.0029345360716800054,0.0014268753444989955,0.8991405520975962,0.4376553863925248,4,4,instant_velocity,dbscan_kmeans_fallback,False
270,420,11.4566682425,2.81690161602,0.015384999519999987,0.00033412371999999026,0.015384999519999987,0.00033412371999999026,0.009067973436029986,0.001995219791627999,0.9997636088172309,0.021712365714693798,4,4,instant_velocity,dbscan_kmeans_fallback,False
280,3,13.5928891052,10.0566466403,0.0016205813499999167,0.01925984583400009,0.002803395259999988,0.019823082963599994,0.006371179601027742,0.01936116328920083,0.08384666823843447,0.9964781490092322,-1,-1,instant_velocity,dbscan_kmeans_fallback,False
280,4,3.21022431712,6.60968315306,0.0013890697239999916,0.0001909278389999436,0.001401697630199994,0.00019092783959999692,0.0014021360157805657,0.00019106436068549486,0.9906784379440787,0.1361688978115715,0,0,instant_velocity,dbscan_kmeans_fallback,False
280,7,4.19435916973,6.96027439884,-0.03455837099999996,0.00424814443499999,-0.0333166268536,0.006882948623600012,-0.033044958616093315,0.006188928770602783,-0.9925287992199414,0.12200823050899652,1,1,instant_velocity,dbscan_kmeans_fallback,False
280,8,4.94824519241,7.44165121487,-0.032748371057000014,0.014128660144000004,-0.033775440792599996,0.012119144629600011,-0.03350870113242923,0.012330110479462187,-0.9181914588348427,0.3961361939627865,1,1,instant_velocity,dbscan_kmeans_fallback,False
280,9,12.1766693825,13.4444224973,-0.01370127863999997,0.02276814490000003,-0.01088104616799999,0.02260585623000001,-0.011650467370967928,0.021892281730319832,-0.5156128004862368,0.8568212691837841,-1,-1,instant_velocity,dbscan_kmeans_fallback,False
280,10,8.08059741896,7.97266926923,0.02885476652900003,-0.008854278569000052,0.023967766684199993,-0.008085794014200011,0.024840946126712442,-0.007681984719222124,0.9560029520074023,-0.29335591543783923,0,0,instant_velocity,dbscan_kmeans_fallback,False
280,11,9.51512760617,8.13829917023,0.037483836024,0.0,0.03775744066679998,0.0009546391988000025,0.03761365716464259,0.0006518405453529186,0.9999997332184111,0.0,0,0,instant_velocity,dbscan_kmeans_fallback,False
280,12,7.62999161925,7.53544451615,0.023529999255999988,-0.013317216823999977,0.023854115524800008,-0.012271886901399985,0.024966713399389183,-0.011659553233832678,0.8702827042432697,-0.4925517992793545,0,0,instant_velocity,dbscan_kmeans_fallback,False
280,13,8.15173462602,7.12399502145,0.025487324776,-0.011932989985000031,0.028955789782399998,-0.009727773436200007,0.028970762924434318,-0.008315679342216355,0.905652342969058,-0.4240201917432334,0,0,instant_velocity,dbscan_kmeans_fallback,False
280,14,14.6473193044,9.47694198682,0.0177843017599999,-0.018877990156999935,0.01647520878199998,-0.014257536435600002,0.017003554306676546,-0.013465308922723126,0.6857074716012076,-0.7278767012705583,2,2,instant_velocity,dbscan_kmeans_fallback,False
280,16,14.3987600099,10.0783646821,0.026455464280000028,-0.011575000290000049,0.02062137144000001,-0.005737381586000012,0.02141877289931088,-0.00639292782630032,0.9161476749758134,-0.40084004919712185,2,2,instant_velocity,dbscan_kmeans_fallback,False
280,17,2.38057085497,6.05456045893,-0.03975685920899998,0.004630000114000055,-0.04898364961440001,-0.0011598866265999951,-0.04627087047034004,0.0017784701090582489,-0.9932867382289924,0.1156760821336182,1,1,instant_velocity,dbscan_kmeans_fallback,False
280,19,9.93395317432,4.92355166809,-0.04209302192800006,0.016634588039999974,-0.036519905821600036,0.012415082781199994,-0.03671741841182087,0.012511479567143012,-0.930012170432019,0.3675281226846788,3,3,instant_velocity,dbscan_kmeans_fallback,False
280,20,9.41010551647,4.65124083662,-0.03832569646300001,0.01959396955700008,-0.0400094173406,0.01465371170240001,-0.038165767902508585,0.014908140298348648,-0.8903847579409642,0.45520821410133633,3,3,instant_velocity,dbscan_kmeans_fallback,False
280,23,8.56592996176,8.20989711014,0.018941859865999965,0.023865979970999974,0.018765069174200004,0.016381608652199998,0.019985594105087844,0.01855159121753895,0.6216698565045392,0.7832789625132469,-1,-1,instant_velocity,dbscan_kmeans_fallback,False
280,24,13.0290530765,2.47681140143,0.04794395196999997,-0.02651510374799999,0.02946511534799999,-0.014720536446199998,0.036943317348112945,-0.01399897700969463,0.8750886325118219,-0.48396231279109575,-1,-1,instant_velocity,dbscan_kmeans_fallback,False
280,25,4.09586149842,9.08530125549,-0.03870453366,-0.006014226952999913,-0.039310673176000004,0.0004057216593999868,-0.03840849713905456,-0.001325191146975198,-0.9881413234492441,-0.15354547953133635,-1,-1,instant_velocity,dbscan_kmeans_fallback,False
280,26,8.0704950937,9.22706517652,-0.04870162636700002,0.002434329957000081,-0.04926567286200001,0.003159855748200009,-0.04877749148873416,0.0038627249103647373,-0.9987529024487461,0.049922236513218275,-1,-1,instant_velocity,dbscan_kmeans_fallback,False
280,27,11.2529380163,3.64361916223,-0.03710499882999994,0.006610876453000003,-0.023757301575999996,0.0205247427754,-0.028709470552117852,0.015076432816240421,-0.9844961864930504,0.1754044700870084,3,3,instant_velocity,dbscan_kmeans_fallback,False
280,28,12.1438368254,1.37658972475,-0.02104651096000012,-0.028901701744999998,-0.02431292946400003,-0.0278372790386,-0.023414290469685226,-0.02646162135442154,-0.5886670285920834,-0.808375265611421,4,4,instant_velocity,dbscan_kmeans_fallback,False
280,29,10.9126159341,4.12332535965,-0.03156976644,0.011026082747000033,-0.03026488276400002,0.013637020955599998,-0.03174059669329382,0.01260915266250625,-0.9440754570402587,0.32972857523420335,3,3,instant_velocity,dbscan_kmeans_fallback,False
280,30,12.7167228538,1.12384899685,-0.021951510929999963,-0.029044897625,-0.021652650477999982,-0.0257322996052,-0.020906920621772265,-0.024770958455292782,-0.6029461733969419,-0.7977815256336755,4,4,instant_velocity,dbscan_kmeans_fallback,False
280,31,13.3146542302,8.3282723708,-0.029612440929999907,0.05391324875500007,-0.031035185066000004,0.0595169808526,-0.026673340751077256,0.05167551177713495,-0.4814212498925447,0.8764891642250681,5,5,instant_velocity,dbscan_kmeans_fallback,False
280,32,14.2407007126,7.58938163089,-0.03420058030999993,0.055679331272999996,-0.03420058030999993,0.055679331272999996,-0.018268792445699976,0.028401470805030003,-0.5233909429924846,0.8520924918822369,5,5,instant_velocity,dbscan_kmeans_fallback,False
280,73,11.7506880006,11.622732246,-0.0006313953299999398,-0.023865979980000063,-0.007252627678000004,-0.016796876704,-0.003929553863514591,-0.01621808683510381,-0.026446608147392574,-0.9996498082819807,6,6,instant_velocity,dbscan_kmeans_fallback,False
280,74,12.5801309976,11.0509033659,0.0024203487599999463,-0.017446031359999913,0.007791418357999973,-0.016376835456000015,0.005970080460953568,-0.015579742876696332,0.13741727684515165,-0.9905126735728609,6,6,instant_velocity,dbscan_kmeans_fallback,False
280,75,4.33263474675,8.09892030328,0.00881848809300001,-0.0010978350780000313,0.010350674091400008,-0.007446185750999987,0.01119673805089805,-0.005501016252448648,0.992338626809384,-0.12353865450365503,0,0,instant_velocity,dbscan_kmeans_fallback,False
280,76,5.16123588335,7.96861205263,0.014437906520999988,-0.0081621651499999,0.01868930173479999,-0.002835278420599998,0.018695641966608834,-0.003166707047822611,0.870520745976844,-0.4921304958464289,0,0,instant_velocity,dbscan_kmeans_fallback,False
280,77,2.65059759062,7.53472853675,0.02580302243999997,0.012314845665000008,0.026287092192199997,0.005412804257400001,0.024953033205739675,0.005606671783350094,0.9024838930639392,0.43072279164482236,7,7,instant_velocity,dbscan_kmeans_fallback,False
280,78,2.5954557319,8.04044865235,0.026623836366999987,0.011813660085999978,0.024902231770799997,0.002806639244799989,0.02433587001139204,0.003998788910763352,0.9140551537470923,0.40558906452749394,7,7,instant_velocity,dbscan_kmeans_fallback,False
280,217,6.53746723519,4.56651660772,0.00345162779799999,-0.005059587754000017,0.0023782557388000035,-0.007260031107200007,0.001324533240434206,-0.00654592891570888,0.5635486432845015,-0.8260809047828848,-1,-1,instant_velocity,dbscan_kmeans_fallback,False
280,219,10.599443851,1.30355982603,0.025066394559999948,-0.04317355776899998,0.03737439416800001,-0.04293489796859999,0.03311786998795688,-0.0387933888195003,0.5021036153810553,-0.8648072379451839,-1,-1,instant_velocity,dbscan_kmeans_fallback,False
280,220,8.07091602392,3.87869906494,0.038283603441000034,-0.02057247473599997,0.018078952916800013,-0.012047546689599998,0.02076269297649704,-0.012732409394499152,0.8808718026929855,-0.4733544201105334,-1,-1,instant_velocity,dbscan_kmeans_fallback,False
280,419,11.7452159078,1.84221499399,0.008986860180000101,0.007828041431000021,0.008986860180000101,0.007828041431000021,0.004750233304176035,0.0033472251704493037,0.7540487103755313,0.6568172228770258,-1,-1,instant_velocity,dbscan_kmeans_fallback,False
280,420,11.6399833529,2.77084027467,0.01833151104000006,-0.004606134135000018,0.01833151104000006,-0.004606134135000018,0.01184703471722101,1.4813613639593805e-05,0.9698517879721318,-0.2436933549406531,-1,-1,instant_velocity,dbscan_kmeans_fallback,False
290,3,13.7118018921,10.2206059227,0.011891278690000107,0.016395928240000045,0.004402930094000013,0.019035505624600012,0.008027209327719451,0.018471592774440597,0.587104188791443,0.8095107683350284,-1,-1,instant_velocity,dbscan_kmeans_fallback,False
290,4,3.28746501235,6.60848985407,0.0077240695230000435,-0.00011932989899996472,0.0026644882878000065,0.0001288762919999975,0.003298716067946409,9.794608277985698e-05,0.9998793897156516,-0.015447233641751672,0,0,instant_velocity,dbscan_kmeans_fallback,False
290,7,3.85572080834,6.999414606,-0.033863836139000014,0.003914020716,-0.0336996733532,0.0057182888012,-0.033290621872965324,0.005506456354221947,-0.9933863960222796,0.11481673006756396,1,1,instant_velocity,dbscan_kmeans_fallback,False
290,8,4.66453822463,7.47005173103,-0.02837069677799997,0.0028400516159999612,-0.03248739432179999,0.010668093047199996,-0.031967299826100457,0.009483092820423518,-0.9950264810349595,0.09960723162842633,1,1,instant_velocity,dbscan_kmeans_fallback,False
290,9,12.0396565961,13.6718652864,-0.01370127863999997,0.02274427890999995,-0.012897301918000004,0.022710866541999976,-0.012265710751677542,0.022147880884223866,-0.5160098364655594,0.8565822175612782,-1,-1,instant_velocity,dbscan_kmeans_fallback,False
290,10,8.36935554937,7.88388782373,0.028875813041000065,-0.008878144549999956,0.02541155733620002,-0.00831490742199998,0.026051406200998727,-0.008040832668455473,0.9558412048633078,-0.29388250892099094,0,0,instant_velocity,dbscan_kmeans_fallback,False
290,11,9.86029038596,8.18674710957,0.034516277979000164,0.004844793933999903,0.03696188255260001,0.0012410309586000068,0.036684443408949864,0.0019097265619470141,0.9902920974188602,0.13899995675611115,-1,-1,instant_velocity,dbscan_kmeans_fallback,False
290,12,7.86529161182,7.40203368811,0.02352999925699999,-0.013341082803999971,0.023525789954,-0.012577371444999983,0.024535699156672426,-0.012164012104882868,0.8699042305240838,-0.4932199208429277,0,0,instant_velocity,dbscan_kmeans_fallback,False
290,13,8.40639740866,7.00466512159,0.025466278264000053,-0.011932989985999943,0.028046580508600004,-0.010477165207399998,0.027919417526304037,-0.009400872535351431,0.9055177467383516,-0.4243075525978616,0,0,instant_velocity,dbscan_kmeans_fallback,False
290,14,14.8483134841,9.26000022888,0.020099417970000033,-0.02169417579400008,0.017843231993999994,-0.018243155090400018,0.01793231340567359,-0.015933968984106213,0.6796302059415156,-0.7335544334972448,2,2,instant_velocity,dbscan_kmeans_fallback,False
290,16,14.6633146527,9.96237601944,0.026455464280000028,-0.011598866265999952,0.022566069054000017,-0.007689618747199986,0.022929780313517625,-0.00795470935821021,0.9158440080008902,-0.401533386709466,2,2,instant_velocity,dbscan_kmeans_fallback,False
290,17,1.98300226289,6.10109911987,-0.039756859208000025,0.004653866093999958,-0.045894021805,0.0006061958911999987,-0.044316667091638035,0.0026410889045407615,-0.9932180578013781,0.11626431099517556,1,1,instant_velocity,dbscan_kmeans_fallback,False
290,19,9.45325086394,5.10994497166,-0.04807023103799999,0.018639330357000005,-0.040813394059200016,0.015159670477800003,-0.04012326219967461,0.01434983480410011,-0.9323620890674895,0.3615253061033479,3,3,instant_velocity,dbscan_kmeans_fallback,False
290,20,8.99738343649,4.80899496423,-0.041272207998,0.015775412760999964,-0.03997574292219998,0.015722907605199996,-0.03909769993115601,0.015168322037144043,-0.9340904041456121,0.3570359424967129,3,3,instant_velocity,dbscan_kmeans_fallback,False
290,23,8.84647995289,8.37886824834,0.028054999113000002,0.016897113819999986,0.0199226272772,0.017889938586599995,0.02240641560746149,0.018055247998277263,0.856627782387727,0.5159343289258012,-1,-1,instant_velocity,dbscan_kmeans_fallback,False
290,24,13.6133042208,2.12693613505,0.05842511442999996,-0.03498752663800002,0.03679351046400001,-0.01748899012300001,0.04338785647267905,-0.020295541898186248,0.8579300507769511,-0.5137662253287144,-1,-1,instant_velocity,dbscan_kmeans_fallback,False
290,25,3.74249057936,8.97456310842,-0.035337091905999964,-0.011073814707000019,-0.039011812720200004,-0.002806639244799989,-0.03748707556913818,-0.004249778214982645,-0.954241293227192,-0.29903681081271394,-1,-1,instant_velocity,dbscan_kmeans_fallback,False
290,26,7.58474162068,9.20868837194,-0.04857534730199999,-0.0018376804580000794,-0.04898364961440001,0.002792319656599993,-0.04871684823271391,0.002152603299855292,-0.9992849487516331,-0.03780449393140784,-1,-1,instant_velocity,dbscan_kmeans_fallback,False
290,27,10.8143287279,3.68323668898,-0.043860928840000035,0.00396175267500003,-0.029069440942,0.018877990157400007,-0.03325490803848251,0.011742028773868303,-0.9959452345565531,0.08995907750953944,3,3,instant_velocity,dbscan_kmeans_fallback,False
290,28,11.9384228784,1.14270312103,-0.020541394699999847,-0.023388660372000002,-0.02404353412399999,-0.027741815118599997,-0.02255242173877961,-0.025539733059695077,-0.6598918363557793,-0.7513601811458713,4,4,instant_velocity,dbscan_kmeans_fallback,False
290,29,10.5758717587,4.21520938254,-0.03367441753999998,0.009188402289000041,-0.03194860364,0.011975948749600009,-0.03232074294730567,0.011582927550454387,-0.9647310282370439,0.2632365289642549,3,3,instant_velocity,dbscan_kmeans_fallback,False
290,30,12.4708996058,0.943660848067,-0.024582324800000065,-0.018018814878300003,-0.021778929544000007,-0.024562866586459994,-0.022009541875240603,-0.022745315382194948,-0.8065333752333371,-0.591188006005841,4,4,instant_velocity,dbscan_kmeans_fallback,False
290,31,13.033893774,8.84401619798,-0.02807604562000012,0.05157438271799997,-0.03040378973600003,0.05653850655200001,-0.027094152211754118,0.05164517305939445,-0.47812430358068003,0.878291984327068,5,5,instant_velocity,dbscan_kmeans_fallback,False
290,32,13.8906972353,8.13328731443,-0.03500034773000014,0.054390568353999934,-0.03500034773000014,0.054390568353999934,-0.023288259030990025,0.036198200069720986,-0.5411401555679687,0.840932234375651,5,5,instant_velocity,dbscan_kmeans_fallback,False
290,73,11.7445845124,11.3840724463,-0.0006103488200000839,-0.023865979970000062,-0.0047943951979999965,-0.019417361306000025,-0.0029337923504602387,-0.018512454775572687,-0.025565640707987773,-0.999672726584399,6,6,instant_velocity,dbscan_kmeans_fallback,False
290,74,12.6043344853,10.8764430523,0.0024203487700001245,-0.017446031359999913,0.008001883468000024,-0.01893049531399999,0.004905160953667535,-0.016139629421687406,0.13741727740219847,-0.9905126734955798,6,6,instant_velocity,dbscan_kmeans_fallback,False
290,75,4.42081962768,8.08770329269,0.00881848809300001,-0.0011217010590000242,0.009172069477400005,-0.006138330048600018,0.010483263063528639,-0.004187221694414061,0.992005978736844,-0.12618196511108815,0,0,instant_velocity,dbscan_kmeans_fallback,False
290,76,5.30561494855,7.88675174133,0.014437906519999988,-0.008186031129999983,0.017035045973000002,-0.004434299078600006,0.017418321332626177,-0.004672504272475822,0.8699040279905828,-0.4932198060278959,0,0,instant_velocity,dbscan_kmeans_fallback,False
290,77,2.90841734992,7.65787699341,0.025781975930000024,0.012314845666000006,0.026240789868200002,0.007560742455000007,0.02520171602301778,0.007619123948145068,0.9023471898855325,0.431009105382759,7,7,instant_velocity,dbscan_kmeans_fallback,False
290,78,2.86716618843,8.18674710957,0.027171045653000013,0.014629845722000035,0.025441022451600005,0.005618051685199994,0.02518642270387443,0.007188105954134358,0.8804805175625293,0.47408164918173823,7,7,instant_velocity,dbscan_kmeans_fallback,False
290,217,6.57219397828,4.51592073018,0.0034726743089999344,-0.0050595877539999275,0.0027781394472000008,-0.006419948612199989,0.0019689755610039247,-0.006100026567196194,0.5658867947116506,-0.8244809740012369,-1,-1,instant_velocity,dbscan_kmeans_fallback,False
290,219,10.8179066348,0.948195384262,0.021846278379999973,-0.035536444176800006,0.031864417598199996,-0.04464370213436,0.029736392505569805,-0.03781630542669021,0.5237094524500558,-0.8518966662482824,-1,-1,instant_velocity,dbscan_kmeans_fallback,False
290,220,8.38240438617,3.76414236108,0.031148836224999955,-0.011455670385999994,0.0239383015688,-0.013360175588000001,0.023878535951047913,-0.012349387691949404,0.9385402812601708,-0.345168854092566,-1,-1,instant_velocity,dbscan_kmeans_fallback,False
290,419,11.8403461373,1.92693922289,0.009513022949999872,0.008472422889999987,0.006381302124000001,0.004563175370599999,0.006179070197923187,0.004884784486314509,0.7467690309224224,0.6650822839789664,-1,-1,instant_velocity,dbscan_kmeans_fallback,False
290,420,11.8232984634,2.72454027353,0.01833151105000006,-0.004630000113999966,0.015397627420000006,0.00034367011160000514,0.013792377617054725,-0.0013786305046522744,0.9695527279579761,-0.24488048086872752,-1,-1,instant_velocity,dbscan_kmeans_fallback,False
300,3,13.8566018875,10.3771667513,0.014479999539999965,0.015656082859999997,0.006520209096000009,0.018099959209400007,0.009963046391403605,0.017626939800108418,0.6789942271015386,0.7341429709025646,-1,-1,instant_velocity,dbscan_kmeans_fallback,False
300,4,3.51203128432,6.60061408067,0.022456627196999968,-0.0007875773400000341,0.006877999782600001,-6.682474399999805e-05,0.009046089406662478,-0.0001677109440541104,0.9993851329492083,-0.03504947905751704,0,0,instant_velocity,dbscan_kmeans_fallback,False
300,7,3.51897663294,7.03760017395,-0.03367441754000002,0.003818556794999939,-0.0340406268308,0.0045393093905999925,-0.03340576057307573,0.005000086486455344,-0.9936316862995174,0.11267422882487271,1,1,instant_velocity,dbscan_kmeans_fallback,False
300,8,4.39177544256,7.47005173103,-0.027276278207000005,0.0,-0.030980464136799987,0.008649031141600006,-0.03055999334037032,0.006638164974296462,-0.9999996333812018,0.0,1,1,instant_velocity,dbscan_kmeans_fallback,False
300,10,8.66148112153,7.79916359484,0.02921255721599998,-0.008472422888999987,0.026918487521200005,-0.008467649693799989,0.026999751505499103,-0.008170309734618826,0.960421951456858,-0.27854805262184834,0,0,instant_velocity,dbscan_kmeans_fallback,False
300,11,10.1759880504,8.28364298825,0.031569766444,0.009689587867999982,0.03570330119700003,0.002906876360399977,0.035150040319464906,0.004243684953762905,0.9559843501886974,0.2934166262527656,2,2,instant_velocity,dbscan_kmeans_fallback,False
300,12,8.10038113927,7.26862286007,0.023508952745000044,-0.01334108280400006,0.02352158065180001,-0.012858990008600007,0.024227675233170713,-0.012517133314618026,0.86971475514749,-0.49355395325940454,0,0,instant_velocity,dbscan_kmeans_fallback,False
300,13,8.66127065642,6.88533522173,0.02548732477599991,-0.011932989986000031,0.027162627048199984,-0.010978350786799993,0.0271897897012128,-0.010160507770546012,0.905652342955412,-0.4240201917723794,0,0,instant_velocity,dbscan_kmeans_fallback,False
300,14,15.0493076638,9.04305847094,0.020099417970000033,-0.021694175793999904,0.01861353429600001,-0.01988036131520001,0.01858244477497152,-0.01766203102707432,0.6796302059415185,-0.733554433497242,3,3,instant_velocity,dbscan_kmeans_fallback,False
300,16,14.9280797606,9.84638735678,0.026476510789999887,-0.01159886626600013,0.024514975967999994,-0.009641855908399997,0.023993799456462305,-0.009047956430547186,0.9159613615083596,-0.4012656131778347,3,3,instant_velocity,dbscan_kmeans_fallback,False
300,17,1.61258366995,6.15837747181,-0.03704185929399999,0.005727835193999997,-0.042429766100599994,0.0027445876967999894,-0.04213422475234662,0.0035671127913785325,-0.988254512943149,0.1528151957745271,1,1,instant_velocity,dbscan_kmeans_fallback,False
300,19,8.96581367005,5.29824755364,-0.048743719388999907,0.01883025819800004,-0.044618603240999984,0.01747467053500001,-0.042709399356472194,0.015693961822270088,-0.9328143119778715,0.3603568739831749,4,4,instant_velocity,dbscan_kmeans_fallback,False
300,20,8.55540670628,4.92832486408,-0.044197673021000125,0.011932989985000031,-0.04052716151040002,0.016018845756800015,-0.040627691858109244,0.014197722421500839,-0.9654309700202105,0.26065802357934514,4,4,instant_velocity,dbscan_kmeans_fallback,False
300,23,9.12724040913,8.54807804634,0.028076045623999946,0.01692097980000007,0.02217039464799999,0.018792072629600014,0.02410730461242303,0.017714967538794105,0.8564768785072284,0.5161847987595346,2,2,instant_velocity,dbscan_kmeans_fallback,False
300,24,14.4429576829,1.5794505545,0.08296534620999996,-0.054748558054999986,0.04966976586999998,-0.0253504439256,0.05526110339387533,-0.03063144674523037,0.8346489592752057,-0.5507820926433513,-1,-1,instant_velocity,dbscan_kmeans_fallback,False
300,25,3.38933012541,8.86358630156,-0.035316045395000016,-0.01109768068600001,-0.038708742962400004,-0.0060190001488000175,-0.03683576651689673,-0.006304148956287855,-0.9540061909285764,-0.29978600267886807,-1,-1,instant_velocity,dbscan_kmeans_fallback,False
300,26,7.09919861278,9.19031156737,-0.04855430078999996,-0.0018376804569999905,-0.04869741706519999,0.002424783565199995,-0.048668083999899726,0.000955518172798707,-0.9992843294754455,-0.03782085733673207,-1,-1,instant_velocity,dbscan_kmeans_fallback,False
300,27,10.3759299045,3.72309287553,-0.043839882340000004,0.0039856186549999785,-0.03549704539,0.010658546655199998,-0.03643040032893776,0.009415105738207806,-0.9958926221864881,0.09053966392016809,4,4,instant_velocity,dbscan_kmeans_fallback,False
300,28,11.7525821866,1.12862219284,-0.018584069180000107,-0.0014080928190000064,-0.023252185312000007,-0.0231070418084,-0.021361915971145756,-0.018300240987486557,-0.9971413090889676,-0.07555221105006847,5,5,instant_velocity,dbscan_kmeans_fallback,False
300,29,10.1900892127,4.26508928068,-0.03857825459999997,0.004987989813999949,-0.03351446405800001,0.010061897155999998,-0.034197996443113964,0.009604446229518055,-0.9917444598420846,0.1282279697480975,4,4,instant_velocity,dbscan_kmeans_fallback,False
300,30,12.1991891492,0.873972186551,-0.027171045659999928,-0.006968866151600006,-0.02305434810799998,-0.02118344382258,-0.0235579930106684,-0.018012380613016465,-0.968646953022655,-0.2484398667699298,5,5,instant_velocity,dbscan_kmeans_fallback,False
300,31,12.763235643,9.34400847838,-0.027065813099999936,0.0499992280399999,-0.029250440936000002,0.05393711473519998,-0.027085650478227863,0.051151389553576086,-0.4760504815403421,0.8794177546835783,6,6,instant_velocity,dbscan_kmeans_fallback,False
300,32,13.469767016,8.56096567552,-0.042093021929999884,0.042767836109000076,-0.042093021929999884,0.042767836109000076,-0.028929687900692985,0.03816909088150471,-0.701461567956708,0.7127070473824446,6,6,instant_velocity,dbscan_kmeans_fallback,False
300,73,11.759106605,11.1368208938,0.0014522092600000036,-0.024725155249999985,-0.001923651102000008,-0.02220490776600002,-0.001617991867322166,-0.02037626491790088,0.05863301098187352,-0.9982792006861141,-1,-1,instant_velocity,dbscan_kmeans_fallback,False
300,74,12.6167519267,10.9079461459,0.0012417441399998452,0.0031503093599999587,0.005850930047999974,-0.014629845721999999,0.003806135909567228,-0.010352647787181197,0.3667057479694629,0.930333804671008,-1,-1,instant_velocity,dbscan_kmeans_fallback,False
300,75,4.50879404351,8.0767249419,0.008797441582999976,-0.0010978350789999426,0.009033162505199997,-0.004205185671000002,0.00997751661937004,-0.003260405709789825,0.9923023509814765,-0.12382967475301972,0,0,instant_velocity,dbscan_kmeans_fallback,False
300,76,5.44978354864,7.80489143003,0.014416860009000044,-0.008186031130000071,0.016100580886200005,-0.005775567153,0.01651788293553834,-0.005726562329733098,0.8695950350414864,-0.4937643857885288,0,0,instant_velocity,dbscan_kmeans_fallback,False
300,77,3.1595022257,7.77744555306,0.025108487577999973,0.011956855964999935,0.025937720110199996,0.009250453836799987,0.02517374748951244,0.008920443553201528,0.9028541460159077,0.4299461266943874,7,7,instant_velocity,dbscan_kmeans_fallback,False
300,78,3.13866617985,8.33304556679,0.027149999141999982,0.014629845722000035,0.02597560383,0.008434237321799997,0.025775495635312097,0.009420627884494062,0.8803270940677013,0.4743664816984726,7,7,instant_velocity,dbscan_kmeans_fallback,False
300,79,2.02341156394,13.4205565173,0.0,0.0,0.0,0.0,0.0,0.0,0.0,0.0,-1,-1,instant_velocity,dbscan_kmeans_fallback,False
300,217,6.60692072136,4.46556351244,0.0034726743080000233,-0.005035721774000024,0.003161185946399989,-0.005656237253200001,0.002420085185102754,-0.0057807351292373434,0.5677057423658628,-0.8232295673310818,-1,-1,instant_velocity,dbscan_kmeans_fallback,False
300,219,11.0283717444,0.611923726465,0.02104651095999994,-0.0336271657797,0.027360464251799995,-0.0418513824777,0.027129428041898846,-0.036559563532593146,0.5305340301713632,-0.8476633404107397,-1,-1,instant_velocity,dbscan_kmeans_fallback,False
300,220,8.69389274841,3.64958565722,0.031148836224000043,-0.011455670386000039,0.029797650220800005,-0.014668031290399997,0.026059626032933554,-0.012081272500164594,0.9385402812565808,-0.34516885410232734,-1,-1,instant_velocity,dbscan_kmeans_fallback,False
300,419,11.9354763669,2.01166345178,0.009513022960000051,0.00847242288900001,0.007387325348000005,0.005823299113,0.007179256026546246,0.0059610760071201595,0.7467690313086476,0.665082283545305,8,8,instant_velocity,dbscan_kmeans_fallback,False
300,420,12.0175577596,2.75556604749,0.019425929620000025,0.0031025773959999724,0.016790906446000023,-0.00010023711600000596,0.015482443217938315,-3.426813445660021e-05,0.9874842738535037,0.15771427400874743,8,8,instant_velocity,dbscan_kmeans_fallback,False
310,3,14.0011914178,10.5339662398,0.014458953029999933,0.015679948849999903,0.008814278790000003,0.017255103520199988,0.011311818382982505,0.017042842515075863,0.6779038755520995,0.7351499151991967,-1,-1,instant_velocity,dbscan_kmeans_fallback,False
310,4,3.73638709118,6.59249964748,0.022435580686000024,-0.0008114433189999381,0.0110830926728,-0.0002672989757999922,0.013062936790463742,-0.0003608306565378587,0.9993461446285739,-0.03614405010400368,0,0,instant_velocity,dbscan_kmeans_fallback,False
310,7,3.19759641054,7.06433007152,-0.032138022239999973,0.0026729897570000106,-0.0337628128862,0.003785144423400002,-0.03302543907315301,0.0043019574676187436,-0.996558726408247,0.08288597375549711,1,1,instant_velocity,dbscan_kmeans_fallback,False
310,8,4.11248824208,7.46599451444,-0.027928720047999976,-0.000405721658999969,-0.02981027812739999,0.006143103244799999,-0.029770611352659217,0.004524998984307533,-0.9998941412603224,-0.01452550310645327,1,1,instant_velocity,dbscan_kmeans_fallback,False
310,10,8.9845450648,7.7478517379,0.03230639432700002,-0.005131185694000085,0.02904839443040002,-0.007947371330400016,0.028591744351949378,-0.007258572522433204,0.9876201391991243,-0.1568625170011507,2,2,instant_velocity,dbscan_kmeans_fallback,False
310,11,10.4916857148,8.38077752674,0.03156976643999983,0.009713453848999975,0.03452048728019999,0.004849567130199972,0.03407595815562538,0.005884615622334026,0.955781446195784,0.2940768974327974,3,3,instant_velocity,dbscan_kmeans_fallback,False
310,12,8.4247078732,7.21110584834,0.032432673392999864,-0.00575170117299999,0.025302115479199985,-0.011622732245999998,0.026689174681119456,-0.010487503672132614,0.9846359295926737,-0.17461809461684608,2,2,instant_velocity,dbscan_kmeans_fallback,False
310,13,8.93824274069,6.77793831186,0.02769720842700014,-0.010739690987000028,0.026720650318200007,-0.011240876566600005,0.027342015318949003,-0.010334262735482217,0.932361481789474,-0.36152647762289064,2,2,instant_velocity,dbscan_kmeans_fallback,False
310,17,1.30488367968,6.24095376251,-0.030769999026999995,0.00825762907000005,-0.037706929040399996,0.005388938277600008,-0.03872495703474263,0.004974267674964988,-0.965824750281785,0.25919476069707215,1,1,instant_velocity,dbscan_kmeans_fallback,False
310,19,8.47837647615,5.48655013561,-0.048743719389999995,0.01883025819699995,-0.045948742733,0.017913804566400005,-0.04451969536653054,0.016634850734689045,-0.9328143119867902,0.360356873960088,4,4,instant_velocity,dbscan_kmeans_fallback,False
310,20,8.11342997606,5.04765476394,-0.04419767302199986,0.011932989985999943,-0.041267998694799995,0.015770639565,-0.04169868620727643,0.01351830269085057,-0.9654309700161979,0.26065802359420737,4,4,instant_velocity,dbscan_kmeans_fallback,False
310,23,9.4370450505,8.67790897738,0.030980464137000042,0.012983093103999898,0.024999045721400003,0.018906629333199997,0.026169252469796133,0.016295405208355842,0.9222866026700073,0.3865059212181308,3,3,instant_velocity,dbscan_kmeans_fallback,False
310,25,3.05048129891,8.77122495907,-0.03388488265,-0.009236134248999939,-0.03706711510720001,-0.007675299158800009,-0.035950501356827716,-0.00718374454410148,-0.9648011020294116,-0.26297958868471194,1,1,instant_velocity,dbscan_kmeans_fallback,False
310,26,6.61344513976,9.22969043432,-0.04857534730200008,0.003937886695000082,-0.048646905439,0.0018758660258000148,-0.04864026299052983,0.0018502287294591194,-0.9967299260892273,0.0808025002899685,-1,-1,instant_velocity,dbscan_kmeans_fallback,False
310,27,9.93079619768,3.80566916623,-0.04451337068200001,0.008257629070000005,-0.04038825453640001,0.0062337939685999984,-0.038855291434856436,0.009067862737745465,-0.9832247419208814,0.1823969986283754,4,4,instant_velocity,dbscan_kmeans_fallback,False
310,28,11.453932196,1.22026755593,-0.029864999059999953,0.009164536309000004,-0.023542627164000008,-0.015068979753999998,-0.023912840897802014,-0.010060807798540588,-0.9560006185639749,0.2933635578777086,-1,-1,instant_velocity,dbscan_kmeans_fallback,False
310,29,9.80409620169,4.31473051902,-0.03859930110100009,0.004964123834000045,-0.03481092913220003,0.008291041442000005,-0.0355183878404798,0.008212349510862652,-0.991831111081479,0.127556000170551,4,4,instant_velocity,dbscan_kmeans_fallback,False
310,30,11.9278996229,0.826001566808,-0.027128952630000036,-0.004797061974299998,-0.024481301552000012,-0.01736966022324,-0.02462928089646789,-0.014047785021401525,-0.9847235092498474,-0.17412318735069757,-1,-1,instant_velocity,dbscan_kmeans_fallback,False
310,31,12.557821696,9.81058838682,-0.020541394700000028,0.046657990844,-0.02698583635600002,0.05121161982239999,-0.02512237374475951,0.049803369940703265,-0.40293374185945224,0.915228937128449,-1,-1,instant_velocity,dbscan_kmeans_fallback,False
310,32,13.0488367968,8.98864403661,-0.042093021920000064,0.0427678361089999,-0.038304649951999996,0.050261753819599984,-0.03287868810648511,0.03954871444975327,-0.701461567872063,0.7127070474657539,-1,-1,instant_velocity,dbscan_kmeans_fallback,False
310,73,11.7759438138,10.8886147021,0.001683720880000017,-0.024820619169999957,0.0002567674339999826,-0.02422874286799999,-0.0006274780431255109,-0.0217095711935306,0.06768000236770251,-0.9977066770077845,-1,-1,instant_velocity,dbscan_kmeans_fallback,False
310,74,12.6279065775,10.9623605802,0.0011154650799999998,0.005441443429999993,0.003148558039999969,-0.00918362909399999,0.0029989346606970595,-0.005614420422026839,0.20081793335237988,0.9796267437313986,-1,-1,instant_velocity,dbscan_kmeans_fallback,False
310,75,4.5917172967,8.05930277652,0.008292325318999972,-0.0017422165380001076,0.008789022978,-0.002396144389200003,0.00947195922925902,-0.00280494895825291,0.9786326779056239,-0.2056106062515317,0,0,instant_velocity,dbscan_kmeans_fallback,False
310,76,5.5451242433,7.82446153361,0.009534069465999995,0.001957010358000044,0.014193766993000007,-0.005083453733799992,0.014422738894676835,-0.0034214905234131554,0.9795753165677685,0.20107248513352674,0,0,instant_velocity,dbscan_kmeans_fallback,False
310,77,3.38322663723,7.88173988554,0.022372441153000012,0.01042943324800003,0.0250874410674,0.010634680675200006,0.024333355588558713,0.009373140461641078,0.9063540801471489,0.42251801282219936,5,5,instant_velocity,dbscan_kmeans_fallback,False
310,78,3.42447779872,8.43089608468,0.028581161886999995,0.009785051789000044,0.026796417757599996,0.010281464171800004,0.026617195510818467,0.009529955055845857,0.9460897840968864,0.3239034707907606,5,5,instant_velocity,dbscan_kmeans_fallback,False
310,79,2.29406969492,13.1422791908,0.027065813098000026,-0.027827732649999957,0.027065813098000026,-0.027827732649999957,0.008119743929400009,-0.00834831979499999,0.6972248383407155,-0.7168521532323208,-1,-1,instant_velocity,dbscan_kmeans_fallback,False
310,217,6.64143699934,4.4149676349,0.00345162779799999,-0.005059587754000017,0.003464255704399992,-0.005054814558000001,0.002729547968971925,-0.0055643909166661456,0.5635486432845015,-0.8260809047828848,-1,-1,instant_velocity,dbscan_kmeans_fallback,False
310,219,11.1413915082,0.436508773676,0.011301976380000056,-0.017541495278900004,0.021202255142000012,-0.034806145190280004,0.022381192543329206,-0.030854143056485206,0.5416149724573588,-0.8406261137790724,-1,-1,instant_velocity,dbscan_kmeans_fallback,False
310,220,9.02516483096,3.42810936308,0.03312720825499991,-0.022147629413999993,0.03456258030259999,-0.017446031359200004,0.028179900699553458,-0.015101179574315213,0.8313217286655981,-0.5557910412662865,-1,-1,instant_velocity,dbscan_kmeans_fallback,False
310,419,12.0806972925,2.11046860887,0.014522092560000033,0.009880515709000014,0.00939937179600001,0.007365041419200002,0.009382106986582383,0.007136907917684116,0.8267805933603463,0.5625235211001324,6,6,instant_velocity,dbscan_kmeans_fallback,False
310,420,12.2280228692,2.90258048411,0.02104651095999994,0.014701443662000014,0.018504092438000014,0.0017804021057999985,0.0171516635405568,0.004386445404480385,0.8198005693028351,0.5726484502151991,6,6,instant_velocity,dbscan_kmeans_fallback,False
320,3,14.1356786229,10.6876631508,0.0134487205100001,0.015369691100000082,0.011179906624000004,0.016472299376800024,0.011952889021087784,0.01654089709055313,0.6585109632414465,0.7525704830774617,-1,-1,instant_velocity,dbscan_kmeans_fallback,False
320,4,3.95295568899,6.61016047266,0.02165685978099998,0.0017660825179999229,0.0151324413822,4.77319597999859e-05,0.015641113687624615,0.0002772432958234759,0.9966909623548245,0.08127856495647948,0,0,instant_velocity,dbscan_kmeans_fallback,False
320,7,2.91199525678,7.06433007152,-0.028560115376000006,0.0,-0.032558952459,0.0029307423405999875,-0.03168584196400711,0.0030113702273331204,-0.999999649861481,0.0,1,1,instant_velocity,dbscan_kmeans_fallback,False
320,8,3.77574406668,7.42637698768,-0.03367441754000002,-0.003961752675999986,-0.029999696726,0.002520247485000002,-0.03094175320886146,0.001978973486215277,-0.9931501180685969,-0.11684285654693949,1,1,instant_velocity,dbscan_kmeans_fallback,False
320,10,9.30781947319,7.69677854076,0.032327440838999875,-0.005107319714000002,0.030315394390399996,-0.007288670283200016,0.029712453298064528,-0.006613196679903243,0.9877485998056079,-0.15605156997695555,2,2,instant_velocity,dbscan_kmeans_fallback,False
320,11,10.7547671019,8.42469092988,0.02630813871000015,0.004391340314000125,0.03228955711940003,0.005727835192999997,0.03174561232193781,0.005436633029833856,0.9863530900549242,0.16464152542081376,2,2,instant_velocity,dbscan_kmeans_fallback,False
320,12,8.7591369324,7.1619419296,0.03344290592000014,-0.0049163918739999705,0.027288906114200005,-0.010133495095799994,0.02871529405278366,-0.00881617013269282,0.9893660064360632,-0.14544522554617895,2,2,instant_velocity,dbscan_kmeans_fallback,False
320,13,9.26741017214,6.69846459856,0.03291674314499993,-0.007947371329999963,0.027410975877600007,-0.0108972064548,0.029014433666764282,-0.00961819531383754,0.9720687814184616,-0.23469489463773316,2,2,instant_velocity,dbscan_kmeans_fallback,False
320,17,0.997183689406,6.32353005321,-0.03076999902740001,0.008257629069999961,-0.03561911515308,0.006305391908400004,-0.03633846963253984,0.00595927609347548,-0.9658247502826294,0.25919476069392644,1,1,instant_velocity,dbscan_kmeans_fallback,False
320,19,7.99262300314,5.661249109,-0.048575347300999994,0.017469897338999996,-0.04724520780919999,0.018080866426199993,-0.045736390946871375,0.01688536471598233,-0.9409935425428391,0.338423943384691,3,3,instant_velocity,dbscan_kmeans_fallback,False
320,20,7.68829045462,5.12903775564,-0.04251395214400011,0.008138299169999997,-0.04210144052960002,0.013474732291800002,-0.04194326598829353,0.011904301634595398,-0.9821663586814137,0.18801271720363744,3,3,instant_velocity,dbscan_kmeans_fallback,False
320,23,9.76642294706,8.78172599026,0.03293778965600005,0.010381701288000044,0.0277982316792,0.016209773596599995,0.028199813625657308,0.014521294032249102,0.9537460993917578,0.3006123729579632,2,2,instant_velocity,dbscan_kmeans_fallback,False
320,25,2.71773596059,8.68650073017,-0.033274533831999964,-0.008472422890000076,-0.03530341748859999,-0.009178855896999991,-0.03514771109937939,-0.007570348047871059,-0.9690791943738728,-0.24674872351600258,1,1,instant_velocity,dbscan_kmeans_fallback,False
320,26,6.12769166675,9.27551311586,-0.048575347300999994,0.004582268154000068,-0.04859639381240001,0.0014558247782000323,-0.04862078828367088,0.0026698405568214042,-0.9955798961670576,0.09391624160091362,-1,-1,instant_velocity,dbscan_kmeans_fallback,False
320,27,9.48545202571,3.88824545693,-0.04453441719699995,0.008257629070000005,-0.04277071957779999,0.006214701184600004,-0.04055902916349949,0.008824792637421827,-0.9832401974251794,0.18231366543172492,3,3,instant_velocity,dbscan_kmeans_fallback,False
320,28,11.0420519765,1.4174005505,-0.04118802195000004,0.019713299457,-0.026244999170000016,-0.004964123834,-0.029095395213461422,-0.0011285756218784096,-0.9020088505274916,0.43171703183266796,4,4,instant_velocity,dbscan_kmeans_fallback,False
320,29,9.37895668024,4.42713928468,-0.042513952144999936,0.01124087656599997,-0.0369871383652,0.008281495050000007,-0.03761705713183584,0.009120907627403847,-0.9667770673046259,0.2556201230914934,3,3,instant_velocity,dbscan_kmeans_fallback,False
320,30,11.663134515,0.972300024033,-0.026476510790000064,0.014629845722500001,-0.025462068962000012,-0.00883995898134,-0.02518344986452754,-0.005444495798231066,-0.875267978510615,0.4836375756994041,4,4,instant_velocity,dbscan_kmeans_fallback,False
320,31,12.4174414679,10.2437559233,-0.014038022809999972,0.0433167536480001,-0.023866743431999994,0.049092320801000004,-0.02179706846433165,0.04785738505289231,-0.308292914872641,0.9512912484690629,5,5,instant_velocity,dbscan_kmeans_fallback,False
320,32,12.7150391329,9.43565384147,-0.033379766390000044,0.04470098048600004,-0.03735334765600001,0.04806131046619999,-0.03302901159153959,0.041094394260627304,-0.5983240451090688,0.8012540037649153,5,5,instant_velocity,dbscan_kmeans_fallback,False
320,73,11.786046139,10.624179644,0.0010102325200000094,-0.02644350581000001,0.0005808837020000012,-0.024744248036000015,-0.00013616487418785468,-0.023129751578471424,0.03817556316854317,-0.99927066933797,-1,-1,instant_velocity,dbscan_kmeans_fallback,False
320,74,12.6390612283,11.0167750146,0.0011154650799999998,0.005441443439999994,0.0016626743659999832,-0.004171773297999976,0.0024338937864879415,-0.002297661263418789,0.20081793299821094,0.9796267438040044,-1,-1,instant_velocity,dbscan_kmeans_fallback,False
320,75,4.6266545049,7.98460225921,0.003493720820000057,-0.007470051730999927,0.007644092781600005,-0.0025059278970000066,0.007678487706481331,-0.004204479790077016,0.4236512014188919,-0.905824063669558,-1,-1,instant_velocity,dbscan_kmeans_fallback,False
320,76,5.619418427,7.88770638053,0.007429418370000019,0.006324484691999999,0.012051232177200007,-0.003250546471999982,0.01232474273727379,-0.0004976979587892089,0.7614589066597385,0.6482116040473516,0,0,instant_velocity,dbscan_kmeans_fallback,False
320,77,3.60674058365,7.98627287781,0.022351394642000023,0.010453299227000024,0.0242834643486,0.011493855954200001,0.023738767304591103,0.009697188091248761,0.9058307218754823,0.42363887070299455,0,0,instant_velocity,dbscan_kmeans_fallback,False
320,78,3.71639290577,8.50774454019,0.02919151070499999,0.007684845550999952,0.027743510750799994,0.011708649774000008,0.027389490069072923,0.008976422204392084,0.9670508208207772,0.2545821034436047,0,0,instant_velocity,dbscan_kmeans_fallback,False
320,79,2.5647278259,12.8637632046,0.02706581309799998,-0.02785159862000004,0.02706581309799998,-0.02785159862000004,0.01380356467998,-0.014199303442500005,0.6969176303541641,-0.7171508220183509,-1,-1,instant_velocity,dbscan_kmeans_fallback,False
320,217,6.67616374243,4.36437175736,0.0034726743090000233,-0.005059587754000017,0.003464255704399992,-0.005054814558000001,0.002952485870980354,-0.005412949967866306,0.5658867947116536,-0.8244809740012348,-1,-1,instant_velocity,dbscan_kmeans_fallback,False
320,219,11.1895880184,0.368252070958,0.0048196510200000375,-0.0068256702718,0.016816162259999993,-0.02734086665524,0.017112730086330456,-0.023645601221079643,0.5768047793479493,-0.8168805622419162,-1,-1,instant_velocity,dbscan_kmeans_fallback,False
320,220,9.36948575031,3.13503512904,0.034432091935000034,-0.02930742340400001,0.033628115215999996,-0.018987773665200002,0.03005555807018743,-0.019363052723220656,0.7615008469682707,-0.6481635732947721,-1,-1,instant_velocity,dbscan_kmeans_fallback,False
320,315,7.56874627235,11.6814425568,0.0,0.0,0.0,0.0,0.0,0.0,0.0,0.0,-1,-1,instant_velocity,dbscan_kmeans_fallback,False
320,419,12.2385461247,2.21261500314,0.015784883219999914,0.01021463942699996,0.011663976373999994,0.0089736084692,0.011302939856607642,0.00806022737047887,0.839548084535741,0.5432844098773841,6,6,instant_velocity,dbscan_kmeans_fallback,False
320,420,12.4384879789,3.04935626094,0.021046510969999942,0.014677577682999977,0.019636394728000005,0.0046490928983999955,0.018320117769389743,0.0074737850880362625,0.820236982612998,0.572023175144446,6,6,instant_velocity,dbscan_kmeans_fallback,False
330,3,14.2632204793,10.8394507834,0.012754185639999882,0.01517876325999996,0.013406627481999998,0.015656082861999997,0.012193278006761413,0.01613225694138718,0.643310769590259,0.7656044964246744,-1,-1,instant_velocity,dbscan_kmeans_fallback,False
330,4,4.15121382225,6.68748624777,0.019825813325999996,0.007732577511000027,0.0188197901026,0.0015560618942000025,0.01689652357913723,0.0025138435603764414,0.9316459993993644,0.3633659202127742,0,0,instant_velocity,dbscan_kmeans_fallback,False
330,7,2.62639410302,7.06433007152,-0.028560115376000006,0.0,-0.03135930133420001,0.00208111345359999,-0.03074812398760498,0.002107959159133184,-0.999999649861481,0.0,1,1,instant_velocity,dbscan_kmeans_fallback,False
330,8,3.43899989128,7.38652080113,-0.03367441754000002,-0.003985618655000067,-0.0301849060226,-0.001102608274800012,-0.03176155250820303,0.00018959584385067345,-0.9930682030245703,-0.11753703389110258,1,1,instant_velocity,dbscan_kmeans_fallback,False
330,10,9.64056481151,7.62303266265,0.033274533832000054,-0.007374587810999955,0.031199347851,-0.006992732131599997,0.03078107745824519,-0.006841614019232257,0.9763093509894254,-0.21637805884594494,2,2,instant_velocity,dbscan_kmeans_fallback,False
330,11,10.89514733,8.34521721658,0.014038022809999972,-0.007947371330000053,0.027600394476600024,0.004138360926999987,0.02643333546835646,0.001421431721883682,0.8702212169898156,-0.4926599168749056,2,2,instant_velocity,dbscan_kmeans_fallback,False
330,12,9.09335552648,7.11277801086,0.03342185940799993,-0.004916391874000059,0.029267278144599996,-0.00845333010580001,0.030127263659348542,-0.007646236655084992,0.9893528226639646,-0.1455348763958916,2,2,instant_velocity,dbscan_kmeans_fallback,False
330,13,9.5965776036,6.61875222545,0.032916743146000016,-0.007971237311000046,0.02889685955160001,-0.010104855920000003,0.030185126510535003,-0.009124107912986292,0.9719077895674822,-0.23536069776676355,2,2,instant_velocity,dbscan_kmeans_fallback,False
330,17,0.554996494083,6.4108795399,-0.0442187195323,0.008734948668999997,-0.03651148721774001,0.007126381619399993,-0.038702544602467887,0.006791977866132835,-0.9810418930998939,0.19379463424097093,-1,-1,instant_velocity,dbscan_kmeans_fallback,False
330,19,7.52223348313,5.71017436794,-0.047038952001000035,0.004892525893999977,-0.04823439382379999,0.015732453996999993,-0.04612715926310998,0.013287513069387623,-0.9946342344924859,0.10345200180501209,3,3,instant_velocity,dbscan_kmeans_fallback,False
330,20,7.28019860706,5.17247383919,-0.04080918475599997,0.004343608355000051,-0.04259813818820001,0.010424660051399996,-0.041603041618605466,0.009636093650716795,-0.9943830157810036,0.10583917324595617,3,3,instant_velocity,dbscan_kmeans_fallback,False
330,23,10.0707554956,8.88721362173,0.030433254853999968,0.010548763146999995,0.0300965106768,0.013546330231799998,0.028869845994160107,0.013329534766674369,0.9448496619275666,0.32750342810890354,-1,-1,instant_velocity,dbscan_kmeans_fallback,False
330,25,2.38499062228,8.60177650127,-0.03327453383100001,-0.008472422889999897,-0.03421741752279999,-0.009670495084399988,-0.034585757918865576,-0.00784097050050971,-0.9690791943721009,-0.2467487235229614,1,1,instant_velocity,dbscan_kmeans_fallback,False
330,26,5.66151144893,9.36572652015,-0.04661802178199999,0.009021340428999913,-0.048179672895400004,0.0027732268725999985,-0.048019958333169604,0.0045752905184749575,-0.9817855466408125,0.1899913661273887,-1,-1,instant_velocity,dbscan_kmeans_fallback,False
330,27,9.01632529636,4.00280216079,-0.04691267293500001,0.011455670385999994,-0.0447322543988,0.007183659971200003,-0.04246512229494964,0.009614055961995277,-0.9714554835053298,0.23722105600609625,3,3,instant_velocity,dbscan_kmeans_fallback,False
330,28,10.6303822221,1.54412890415,-0.04116697544000001,0.01267283536499999,-0.03026909206599999,0.003350783587999997,-0.032716869281423,0.003011847674185111,-0.955739143523469,0.2942145904163373,4,4,instant_velocity,dbscan_kmeans_fallback,False
330,29,8.94918692639,4.54646918454,-0.04297697538499996,0.011932989986000031,-0.03926858015419999,0.008462876497800007,-0.03922503260778508,0.009964532334982703,-0.9635469358292433,0.2675385094760406,3,3,instant_velocity,dbscan_kmeans_fallback,False
330,30,11.3983694071,1.11859848126,-0.026476510789999887,0.014629845722700008,-0.026367068933999996,-0.00010501031180000008,-0.025571368142169246,0.0005778066580482571,-0.8752679785078147,0.4836375757044718,4,4,instant_velocity,dbscan_kmeans_fallback,False
330,31,12.2770612398,10.6769234598,-0.014038022809999972,0.043316753649999915,-0.020751859808000005,0.04697302177999998,-0.019469354768032146,0.04649519563202459,-0.30829291485976074,0.9512912484732371,5,5,instant_velocity,dbscan_kmeans_fallback,False
330,32,12.4184937935,9.89125539912,-0.02965453393999997,0.045560155765000054,-0.03644413838200002,0.046037475364600004,-0.0320166682960777,0.04243412271193913,-0.5455110132683864,0.8381034342443865,5,5,instant_velocity,dbscan_kmeans_fallback,False
330,73,11.786046139,10.3351626266,0.0,-0.028901701739999907,0.0007071627679999892,-0.025751392387999984,-9.531541193149828e-05,-0.02486133662692997,0.0,-0.9999996539997322,-1,-1,instant_velocity,dbscan_kmeans_fallback,False
330,74,12.650005414,11.0711894489,0.001094418570000144,0.005441443429999993,0.0013974883280000227,0.00040572166000000463,0.0020320512215416023,2.407014460684598e-05,0.19717758977608035,0.9803659494101465,-1,-1,instant_velocity,dbscan_kmeans_fallback,False
330,75,4.66180217821,7.9101404017,0.0035147673310000015,-0.007446185751000023,0.006583348629200003,-0.003775598031600005,0.006429371593836932,-0.005176991578353917,0.4268581123502791,-0.9043172689832348,-1,-1,instant_velocity,dbscan_kmeans_fallback,False
330,76,5.6937126107,7.95095122745,0.007429418369999929,0.006324484691999999,0.010649534546999994,-0.00035321650360000236,0.01085614542709163,0.0015489568364475538,0.7614589066597346,0.648211604047356,0,0,instant_velocity,dbscan_kmeans_fallback,False
330,77,3.83046499518,8.09056721029,0.022372441152999967,0.01042943324800003,0.0235973480912,0.011116773470800005,0.023328869459113763,0.009916861638274143,0.9063540801471487,0.4225180128222001,0,0,instant_velocity,dbscan_kmeans_fallback,False
330,78,4.00830801282,8.58483165549,0.02919151070499999,0.007708711529999945,0.028257045618399992,0.010887660062800002,0.027930096259851045,0.008596109002074442,0.9668559297960218,0.2553212654592353,0,0,instant_velocity,dbscan_kmeans_fallback,False
330,79,2.83517549177,12.5852472183,0.02704476658699999,-0.02785159863000004,0.02704476658699999,-0.02785159863000004,0.017775925252085996,-0.018294991998750017,0.6966387563251997,-0.7174217225671435,-1,-1,instant_velocity,dbscan_kmeans_fallback,False
330,80,0.413353475305,5.6655449854,0.0,0.0,0.0,0.0,0.0,0.0,0.0,0.0,-1,-1,instant_velocity,dbscan_kmeans_fallback,False
330,82,12.2757984491,13.7002658026,0.0,0.0,0.0,0.0,0.0,0.0,0.0,0.0,-1,-1,instant_velocity,dbscan_kmeans_fallback,False
330,217,6.71089048552,4.31377587982,0.0034726743090000233,-0.005059587754000017,0.0034684650065999988,-0.005054814558000001,0.0031085424023862547,-0.005306941303706419,0.5658867947116536,-0.8244809740012348,-1,-1,instant_velocity,dbscan_kmeans_fallback,False
330,219,11.2375740633,0.29999536824,0.004798604490000002,-0.0068256702718,0.012762604246000002,-0.0200712891558,0.013418492407431318,-0.01859962193629575,0.5751203278306848,-0.8180673636600905,-1,-1,instant_velocity,dbscan_kmeans_fallback,False
330,220,9.60815318462,2.89565934992,0.023866743431000082,-0.023937577911999998,0.030744743214000003,-0.019660794300400006,0.028198913678431223,-0.02073541027985446,0.7060580353955752,-0.7081535560784725,-1,-1,instant_velocity,dbscan_kmeans_fallback,False
330,315,7.43909976482,11.5714203891,-0.01296465075300004,-0.01100221677000004,-0.01296465075300004,-0.01100221677000004,-0.0038893952259000126,-0.0033006650310000124,-0.762453355957411,-0.6470422735696358,-1,-1,instant_velocity,dbscan_kmeans_fallback,False
330,419,12.3963949569,2.31500005722,0.01578488322000009,0.010238505407999999,0.013023580981999992,0.009455701264599993,0.012647522865625377,0.008713710781735207,0.8389690371442333,0.5441781801123603,6,6,instant_velocity,dbscan_kmeans_fallback,False
330,420,12.6893623895,3.23145368812,0.025087441059999983,0.018209742718,0.02098758073199999,0.009212268268999999,0.020350314756572816,0.010694572377025384,0.8092827983553018,0.5874186812799285,6,6,instant_velocity,dbscan_kmeans_fallback,False
340,3,14.3907623358,10.9914770758,0.01275418565000006,0.015202629240000043,0.013579208873999988,0.015417423061999997,0.012361550299733006,0.01585336863097104,0.6427182351398193,0.7661019921423046,-1,-1,instant_velocity,dbscan_kmeans_fallback,False
340,4,4.34926149041,6.76457336308,0.01980476681600001,0.007708711531000034,0.021235929561199997,0.0031216701802000025,0.017768996550196064,0.004072303951563519,0.9318951869768275,0.36272636988222845,0,0,instant_velocity,dbscan_kmeans_fallback,False
340,7,2.39319876155,7.03712285435,-0.02331953414700001,-0.0027207217169999964,-0.029250440935800003,0.0007541649669999906,-0.028519547035423486,0.0006593548962932296,-0.993262179675333,-0.11588524735881509,1,1,instant_velocity,dbscan_kmeans_fallback,False
340,8,3.1157254829,7.35597234677,-0.03232744083800001,-0.0030548454359999866,-0.03097625483460001,-0.0022815876852000016,-0.03193131900714212,-0.0007837365401045247,-0.9955645354604696,-0.09407783909142303,1,1,instant_velocity,dbscan_kmeans_fallback,False
340,10,9.99582991655,7.4960656492,0.03552651050400009,-0.012696701344999983,0.032529487343600005,-0.0077564434906000025,0.03220470737197166,-0.008598140216962574,0.9416689183373897,-0.3365399205377299,2,2,instant_velocity,dbscan_kmeans_fallback,False
340,11,11.035317093,8.26550484348,0.014016976299999939,-0.007971237309999957,0.02350053414079998,0.0015751546782000149,0.022708427717849505,-0.0013963689876814098,0.869268266177897,-0.49433939870157706,-1,-1,instant_velocity,dbscan_kmeans_fallback,False
340,12,9.45956481723,7.07125120571,0.03662092907499996,-0.004152680514999929,0.03188546410819999,-0.006615649648000001,0.03207536328404397,-0.006598169813059473,0.9936317098883629,-0.11267423151086374,2,2,instant_velocity,dbscan_kmeans_fallback,False
340,13,9.92595550016,6.53927851215,0.03293778965600005,-0.007947371329999963,0.03039116183000001,-0.009307732188800006,0.03101092545417452,-0.008771086938090393,0.9721029853906016,-0.23455318272983472,2,2,instant_velocity,dbscan_kmeans_fallback,False
340,17,0.0551418587219,6.5003769648,-0.04998546353611,0.008949742490000023,-0.038557208083362,0.007985556898600006,-0.042087420282560524,0.007439307253292992,-0.9843462826685344,0.17624415435315471,-1,-1,instant_velocity,dbscan_kmeans_fallback,False
340,19,7.05184396311,5.75933828668,-0.047038952002000034,0.004916391874000059,-0.04802813801659999,0.012987866300400004,-0.046400697084776996,0.010776176710771353,-0.9945821856225835,0.10395120569888934,3,3,instant_velocity,dbscan_kmeans_fallback,False
340,20,6.87210675949,5.21590992274,-0.040809184756999975,0.004343608354999961,-0.04250553354000001,0.008138299170199996,-0.04136488456012382,0.008048348062001744,-0.9943830157812769,0.10583917324338955,3,3,instant_velocity,dbscan_kmeans_fallback,False
340,23,10.3163682785,8.99651981,0.024561278290000033,0.01093061882700006,0.029397766512200007,0.012353031233200014,0.027577275682912086,0.012609859984772076,0.9136109901780997,0.4065885078082754,-1,-1,instant_velocity,dbscan_kmeans_fallback,False
340,25,2.03688133096,8.48292392101,-0.03481092913200001,-0.011885258026000045,-0.034112184968,-0.009832783748199993,-0.034653309282805904,-0.00905425675815681,-0.9463612430526854,-0.32310966239472755,1,1,instant_velocity,dbscan_kmeans_fallback,False
340,26,5.24058122968,9.55880229812,-0.042093021924999974,0.019307577796999986,-0.04688320782,0.007002278523600012,-0.04624187741071872,0.008994976702032467,-0.9089423715418924,0.4169212555659192,-1,-1,instant_velocity,dbscan_kmeans_fallback,False
340,27,8.51120903326,4.1650908246,-0.05051162630999997,0.016228866381000007,-0.04606239389279999,0.009637082712399998,-0.04487907349946474,0.011598499087696695,-0.9520668862621712,0.3058893053274079,4,4,instant_velocity,dbscan_kmeans_fallback,False
340,28,10.2185020025,1.38828405493,-0.04118802196000004,-0.015584484921999996,-0.03439841751800003,0.0049116186779999986,-0.03525821508499611,-0.0025670521046704223,-0.9352873380971598,-0.35388859976010084,-1,-1,instant_velocity,dbscan_kmeans_fallback,False
340,29,8.51626019589,4.70851918855,-0.04329267305000002,0.016205000401000015,-0.041192231256199995,0.009866196120200002,-0.04044532474044956,0.011836672754787898,-0.9365404054265055,0.35055903404165595,4,4,instant_velocity,dbscan_kmeans_fallback,False
340,30,11.1336042992,1.26489693848,-0.026476510790000064,0.01462984572199999,-0.026745906131999994,0.006424721808259998,-0.02584291093651849,0.004793418377233777,-0.8752679785176122,0.4836375756867409,-1,-1,instant_velocity,dbscan_kmeans_fallback,False
340,31,12.1269996166,11.1406394506,-0.015006162320000094,0.04637159908000008,-0.018137883148,0.0459324650524,-0.01813039703362253,0.046458116666417235,-0.30788682798660916,0.9514227718554958,5,5,instant_velocity,dbscan_kmeans_fallback,False
340,32,12.1560438018,10.3330146884,-0.02624499917000005,0.04417592892800002,-0.03469306867,0.04399454747940002,-0.03028516755825441,0.0429566645767574,-0.5107622580718083,0.8597217727282925,5,5,instant_velocity,dbscan_kmeans_fallback,False
340,73,11.7950961387,10.0766940635,0.00090499997000002,-0.0258468563100001,0.00101023252600001,-0.026147567655999994,0.00020477920264795727,-0.025156992531851007,0.0349924712415021,-0.9993871890524988,-1,-1,instant_velocity,dbscan_kmeans_fallback,False
340,74,12.6611600649,11.125842543,0.0011154650900000007,0.005465309409999897,0.001136511591999998,0.004987989813999966,0.0017570753820791217,0.0016564419242247614,0.19997614531807528,0.9797989364081156,-1,-1,instant_velocity,dbscan_kmeans_fallback,False
340,75,4.69694985151,7.83543988439,0.0035147673300000015,-0.007470051730999927,0.005522604476600001,-0.005045268165999986,0.005554990314685853,-0.005864909624147721,0.42574186499309596,-0.9048433244515256,-1,-1,instant_velocity,dbscan_kmeans_fallback,False
340,76,5.77558353834,8.01109349698,0.00818709276400007,0.006014226952999913,0.009399371795800011,0.0024868351129999767,0.010055429628164162,0.002888537871413262,0.8059176526306928,0.5920259862771835,0,0,instant_velocity,dbscan_kmeans_fallback,False
340,77,4.18341498403,8.19056566637,0.035294998884999984,0.00999984560799998,0.02549995268219999,0.0106537734592,0.02691870828687963,0.009941756829191895,0.9621293529764909,0.27259230170364773,0,0,instant_velocity,dbscan_kmeans_fallback,False
340,78,4.32968823522,8.69962701915,0.03213802224000002,0.011479536366000076,0.029250440935799996,0.01025759819160001,0.029192474053895738,0.009461137211252132,0.9417261228984718,0.33637973095836826,0,0,instant_velocity,dbscan_kmeans_fallback,False
340,79,3.10856966917,12.3086405104,0.027339417740000017,-0.027660670789999918,0.027339417740000017,-0.027660670789999918,0.0206449729984602,-0.021104695636124986,0.7029644301120628,-0.7112246450647951,-1,-1,instant_velocity,dbscan_kmeans_fallback,False
340,80,0.758305789981,5.75838364749,0.034495231467599995,0.009283866208999925,0.034495231467599995,0.009283866208999925,0.01034856944028,0.002785159862699978,0.96563875523139,0.2598869649045199,-1,-1,instant_velocity,dbscan_kmeans_fallback,False
340,81,0.396305801425,4.98393259742,0.0,0.0,0.0,0.0,0.0,0.0,0.0,0.0,-1,-1,instant_velocity,dbscan_kmeans_fallback,False
340,82,12.2614868217,13.5181683754,-0.0014311627399999694,-0.018209742720000043,-0.0014311627399999694,-0.018209742720000043,-0.0004293488219999909,-0.0054629228160000135,-0.07835158792160332,-0.9969252397920099,-1,-1,instant_velocity,dbscan_kmeans_fallback,False
340,217,6.74561722861,4.26341866208,0.0034726743089999344,-0.005035721773999935,0.0034684650065999988,-0.005050041362000002,0.003217781974370359,-0.0052255754447944735,0.5677057424766503,-0.823229567254682,-1,-1,instant_velocity,dbscan_kmeans_fallback,False
340,219,11.2821926666,0.237943820314,0.00446186033,-0.006205154792600001,0.009285720636000007,-0.01420503127896,0.010731502784201923,-0.014881281793187024,0.5837996510201541,-0.8118961452219902,-1,-1,instant_velocity,dbscan_kmeans_fallback,False
340,220,9.68834039139,2.73671192331,0.00801872067699989,-0.015894742660999973,0.02611872010439999,-0.020548608755400002,0.02214485577800182,-0.019283209994198112,0.4504166617235444,-0.892817846724269,-1,-1,instant_velocity,dbscan_kmeans_fallback,False
340,315,7.3096637224,11.4611595616,-0.012943604242000006,-0.011026082749999944,-0.012943604242000006,-0.011026082749999944,-0.006605657930730011,-0.005618290346699992,-0.761241345495602,-0.6484677614694178,-1,-1,instant_velocity,dbscan_kmeans_fallback,False
340,419,12.7910170375,2.52382738197,0.03946220805999996,0.02088273247500001,0.01901341800400001,0.011937763181599998,0.02069192842393775,0.012364417289714649,0.8838712899446467,0.46772972414983616,6,6,instant_velocity,dbscan_kmeans_fallback,False
340,420,12.9503391255,3.42238152789,0.026097673599999992,0.019092783977000004,0.02254081324199998,0.013956825087199993,0.02207452240960097,0.01321403585701777,0.807075388488136,0.5904478798277767,6,6,instant_velocity,dbscan_kmeans_fallback,False
350,3,14.5241972153,11.1120002747,0.013343487949999932,0.012052319889999908,0.013351906555999982,0.01469667046799998,0.012656131594813085,0.014713054008679699,0.7420984338000637,0.6702900881344396,0,0,instant_velocity,dbscan_kmeans_fallback,False
350,4,4.54730915857,6.84189913819,0.01980476681600001,0.007732577510999939,0.020705557485000005,0.004825701150399997,0.018379727629937247,0.005170386019394445,0.9315152346539618,0.36370101307225877,1,1,instant_velocity,dbscan_kmeans_fallback,False
350,7,2.2128301626,6.98246976022,-0.01803685989499999,-0.0054653094129999856,-0.026122929406799996,-0.0011026082745999944,-0.025374740893296437,-0.0011780443964947353,-0.9570298710362173,-0.28998752516486204,2,2,instant_velocity,dbscan_kmeans_fallback,False
350,8,2.9147313032,7.4089548223,-0.020099417969999988,0.005298247553000035,-0.029540882787200004,-0.0012219381745999947,-0.02838174869599948,0.0010408586878268436,-0.9669682892611956,0.25489481237982153,2,2,instant_velocity,dbscan_kmeans_fallback,False
350,10,10.3508845565,7.36933729555,0.035505463994999965,-0.01267283536499999,0.0337880686994,-0.008596525985800003,0.03319493435888016,-0.0098205487613738,0.9418062331527658,-0.33615545314818546,3,3,instant_velocity,dbscan_kmeans_fallback,False
350,11,11.1232915088,8.17887133618,0.008797441579999976,-0.008663350730000019,0.01894606916799997,-0.0020954330413999857,0.018535131876494648,-0.003576463510376993,0.7125154486762284,-0.701655268329217,-1,-1,instant_velocity,dbscan_kmeans_fallback,False
350,12,9.85797526975,7.03712285435,0.03984104525200003,-0.003412835136000059,0.035151882609599984,-0.004630000114400001,0.03440506787443079,-0.005642569409941648,0.9963508918149052,-0.08534869780305782,3,3,instant_velocity,dbscan_kmeans_fallback,False
350,13,10.2507031643,6.4963197482,0.032474766414000024,-0.004295876394999976,0.03178865015760003,-0.007780309470599996,0.03145007774212217,-0.007428523775163267,0.9913634130484643,-0.13114104134542848,3,3,instant_velocity,dbscan_kmeans_fallback,False
350,19,6.5814544431,5.80850220543,-0.047038952000999945,0.00491639187499997,-0.047687184539,0.01020509303579999,-0.04659217355964389,0.009018241260039939,-0.9945821856201691,0.103951205721989,4,4,instant_velocity,dbscan_kmeans_fallback,False
350,20,6.46611956303,5.2435944595,-0.040598719645999995,0.0027684536759999823,-0.04178574286499998,0.006305391908399987,-0.04113503508588667,0.0064643797462012155,-0.997682848484525,0.06803265653332612,4,4,instant_velocity,dbscan_kmeans_fallback,False
350,23,10.5617705963,9.10582599827,0.024540231779999998,0.010930618826999883,0.028690603743400017,0.011154959038599976,0.026666162512038457,0.012106087637440418,0.9134814310889919,0.4068795037589548,-1,-1,instant_velocity,dbscan_kmeans_fallback,False
350,25,1.67824878415,8.34163731958,-0.035863254681000004,-0.014128660143000005,-0.0342216268252,-0.010438979639599992,-0.035016292902264136,-0.01057657777360977,-0.9304018581520214,-0.3665403981644163,-1,-1,instant_velocity,dbscan_kmeans_fallback,False
350,26,4.87184635761,9.76118580828,-0.03687348720700001,0.020238351016000068,-0.04454704510340001,0.011417484818200024,-0.043431360349603106,0.012367988996222747,-0.876637674431557,0.4811506128888124,-1,-1,instant_velocity,dbscan_kmeans_fallback,False
350,27,8.00609277016,4.3273794884,-0.05051162630999997,0.016228866380000005,-0.047396742686799984,0.012085732257400004,-0.04656883934262531,0.012987609275387689,-0.9520668862676603,0.30588930531032293,5,5,instant_velocity,dbscan_kmeans_fallback,False
350,28,9.80683224811,1.23267786552,-0.04116697543899992,-0.015560618941000004,-0.038914998769799994,0.0020811134535999986,-0.03703084319119725,-0.006465122155569297,-0.9354068840557761,-0.3535724915994388,-1,-1,instant_velocity,dbscan_kmeans_fallback,False
350,29,8.08038695385,4.9130506369,-0.04358732420399995,0.020453144835000003,-0.04219404517699999,0.012959227124400013,-0.04138792457951468,0.01442161437885153,-0.9052863717707452,0.42480132967830875,5,5,instant_velocity,dbscan_kmeans_fallback,False
350,30,10.8004380307,1.26489693848,-0.03331662684999994,0.0,-0.027975022369999998,0.00781849503858,-0.028085025710562928,0.0033553928640636436,-0.9999996998496563,0.0,-1,-1,instant_velocity,dbscan_kmeans_fallback,False
350,31,11.9744124121,11.6119925551,-0.015258720449999963,0.04713531045000004,-0.015776464618000006,0.04535968153440002,-0.01726889405853576,0.04666127480149208,-0.30798578211216854,0.9513907474491524,6,6,instant_velocity,dbscan_kmeans_fallback,False
350,32,11.928110088,10.7606930495,-0.022793371379999882,0.04276783610999999,-0.03083313856,0.0439945474796,-0.02803762870477805,0.042900016036730174,-0.4703288111124492,0.8824910179420976,6,6,instant_velocity,dbscan_kmeans_fallback,False
350,33,14.842420461,9.77455075706,0.0,0.0,0.0,0.0,0.0,0.0,0.0,0.0,-1,-1,instant_velocity,dbscan_kmeans_fallback,False
350,73,11.8134066033,9.84829663518,0.0018310464600000743,-0.02283974283199992,0.0010859999660000241,-0.02577048517239998,0.0006926593798535924,-0.02446181762189568,0.07991288313541942,-0.996801413644397,-1,-1,instant_velocity,dbscan_kmeans_fallback,False
350,74,12.6737879714,11.1988724418,0.0012627906499998788,0.0073029898800001545,0.0011407208940000047,0.005818525918000006,0.0016087899624553487,0.00335040631095738,0.1703855211717048,0.9853761087125816,0,0,instant_velocity,dbscan_kmeans_fallback,False
350,75,4.73188705971,7.76097802688,0.003493720819999968,-0.007446185751000023,0.004461860324,-0.006314938300400002,0.004936609466280087,-0.006339292462203411,0.42476438587014137,-0.9053025930098647,-1,-1,instant_velocity,dbscan_kmeans_fallback,False
350,76,5.87555446542,8.06479195192,0.009997092707999932,0.005369845494000103,0.008515418335599989,0.005198010437800011,0.010037928552114894,0.0036329301581893144,0.8809555805317972,0.47319710766985,1,1,instant_velocity,dbscan_kmeans_fallback,False
350,77,4.53657543798,8.29080278225,0.035316045395000016,0.010023711587999884,0.0275414642456,0.01026714458379999,0.029437909419315747,0.009966343256834292,0.9620013451343616,0.2730437092557365,1,1,instant_velocity,dbscan_kmeans_fallback,False
350,78,4.67085217792,8.83948166179,0.034116394269999975,0.013985464263999959,0.030643719961399994,0.010128721899999995,0.030669650118727007,0.01081843532707648,0.9252731418064767,0.379300765396315,1,1,instant_velocity,dbscan_kmeans_fallback,False
350,79,3.39206617183,12.0387162769,0.028349650265999983,-0.02699242334999994,0.027373092157799997,-0.02763680480799998,0.022956376178722135,-0.022871013950287473,0.7242301529219939,-0.6895579559918112,-1,-1,instant_velocity,dbscan_kmeans_fallback,False
350,80,1.10325810466,5.85122230957,0.03449523146790001,0.009283866208000013,0.03449523146790001,0.009283866208000013,0.017592568048566005,0.0047347717662899885,0.9656387552389817,0.25988696487631185,7,7,instant_velocity,dbscan_kmeans_fallback,False
350,81,0.768197650133,5.02378878397,0.0371891848708,0.0039856186549999785,0.0371891848708,0.0039856186549999785,0.011156755461240002,0.0011956855964999936,0.994305876774659,0.1065611968914322,7,7,instant_velocity,dbscan_kmeans_fallback,False
350,82,12.2473856593,13.336309608,-0.0014101162399999367,-0.01818587673999996,-0.0014101162399999367,-0.01818587673999996,-0.0007235790473999747,-0.009279808993199998,-0.0773069938322807,-0.9970067864574463,-1,-1,instant_velocity,dbscan_kmeans_fallback,False
350,217,6.93882419924,4.14456608182,0.019320697063000037,-0.011885258026000045,0.006638069557600002,-0.006419948612400006,0.008048656500959263,-0.0072234802191561455,0.8517445429928058,-0.5239564407380184,-1,-1,instant_velocity,dbscan_kmeans_fallback,False
350,219,11.2939787127,0.231261345922,0.0011786046099999225,-0.0006682474391999982,0.005312139366000004,-0.0076132476108600015,0.007865633331941322,-0.010617371486990915,0.8698981308742514,-0.4932164641046344,-1,-1,instant_velocity,dbscan_kmeans_fallback,False
350,220,9.79462527175,2.57752583691,0.01062848803600005,-0.01591860864000001,0.02201465046679999,-0.021441196406199996,0.01868994545540129,-0.018273829587938682,0.5552814565230998,-0.8316618658741052,-1,-1,instant_velocity,dbscan_kmeans_fallback,False
350,315,7.17601837779,11.3182023416,-0.013364534460999966,-0.014295722000000132,-0.013364534460999966,-0.014295722000000132,-0.008633320889810999,-0.008221519842690036,-0.6829146751048061,-0.7304974500614402,-1,-1,instant_velocity,dbscan_kmeans_fallback,False
350,419,13.185639118,2.73265470672,0.03946220804999996,0.02088273247500001,0.02500325502199999,0.014419825098799998,0.026323012311756416,0.014919911845300258,0.8838712898956465,0.46772972424243203,8,8,instant_velocity,dbscan_kmeans_fallback,False
350,420,13.1986879548,3.63311813104,0.024834882930000114,0.021073660315,0.023622603903999995,0.017551041671,0.022902630565720714,0.015571923194412439,0.7624840846883214,0.6470064965317436,8,8,instant_velocity,dbscan_kmeans_fallback,False
360,3,14.671522792,11.1597322346,0.014732557670000012,0.004773195990000012,0.013406627483999997,0.012515319896,0.013279059417369163,0.011731096603075792,0.9513155961461611,0.30821639327404876,-1,-1,instant_velocity,dbscan_kmeans_fallback,False
360,4,4.64833241119,6.90323470671,0.01010232526200001,0.006133556852000055,0.0182389064002,0.0062147011845999954,0.015896506919556075,0.0054593372691761274,0.8547867083079879,0.5189778329017165,0,0,instant_velocity,dbscan_kmeans_fallback,False
360,7,2.03246156365,6.92805532588,-0.01803685989499999,-0.005441443433999993,-0.023302696937800002,-0.002725494912799995,-0.0231733765938075,-0.002457064107746313,-0.9573807346690746,-0.28882705431155803,1,1,instant_velocity,dbscan_kmeans_fallback,False
360,8,2.7135266584,7.46217595764,-0.02012046447999998,0.005322113534000028,-0.027979231673600006,-7.637113599999523e-05,-0.025903363431199627,0.002325235141678799,-0.9667510043710092,0.25571768531911515,1,1,instant_velocity,dbscan_kmeans_fallback,False
360,10,10.7015194291,7.25454193189,0.03506348725999988,-0.011479536365999988,0.034339487285999976,-0.009866196120199984,0.03375550022921607,-0.010318245042761656,0.9503631081352958,-0.3111421228540958,2,2,instant_velocity,dbscan_kmeans_fallback,False
360,11,11.0891961611,8.0757703027,-0.0034095347699999224,-0.010310103347999977,0.011950208926000024,-0.006100144480799976,0.011951731882546276,-0.005596555461663889,-0.3139750747133404,-0.9494302558441506,-1,-1,instant_velocity,dbscan_kmeans_fallback,False
360,12,10.2563857223,7.00299450299,0.03984104525499994,-0.00341283513599997,0.036633556982,-0.0041622269069999975,0.03603586108860154,-0.004973649127759145,0.9963508918154518,-0.08534869779667591,2,2,instant_velocity,dbscan_kmeans_fallback,False
360,13,10.5689264101,6.50777541859,0.031822324579999874,0.0011455670389999284,0.032613673388199975,-0.005403257865400004,0.031561751793485485,-0.004856296530914309,0.9993523567142105,0.03597553400980058,2,2,instant_velocity,dbscan_kmeans_fallback,False
360,19,6.13358468982,5.80969550442,-0.044786975328,0.00011932989899996472,-0.0468958357266,0.006462907376199993,-0.046050614090150724,0.006348567851727946,-0.9999962272584733,0.0026643783806605216,3,3,instant_velocity,dbscan_kmeans_fallback,False
360,20,6.06918236627,5.20970476794,-0.039693719676000064,-0.0033889691559999767,-0.040884952195800024,0.0032410000800000027,-0.04070264046292069,0.0035083750755408576,-0.9963748565964466,-0.0850684613178466,3,3,instant_velocity,dbscan_kmeans_fallback,False
360,23,10.791598496,9.20630177395,0.022982789970000007,0.010047577568000144,0.027091068910000012,0.010567855931400026,0.02556115074942692,0.011488534616608335,0.9162651693021514,0.4005712697821842,-1,-1,instant_velocity,dbscan_kmeans_fallback,False
360,25,1.31961623735,8.20011205835,-0.03586325468,-0.014152526123000086,-0.0346173012312,-0.011422258014400022,-0.0352703814355849,-0.011649362278426865,-0.9301906010153255,-0.36707618696916733,-1,-1,instant_velocity,dbscan_kmeans_fallback,False
360,26,4.71147194408,9.99984560799,-0.01603744135299996,0.023865979970999974,-0.03803946391359998,0.015403103473400001,-0.03521318465062216,0.015817386288655914,-0.5577489488848941,0.8300092857669704,-1,-1,instant_velocity,dbscan_kmeans_fallback,False
360,27,7.56159045863,4.45530114105,-0.044450231153000085,0.012792165264999955,-0.047384114781,0.012992639496399994,-0.045933256885737746,0.012928976072271368,-0.9609960139554636,0.27656143760446533,4,4,instant_velocity,dbscan_kmeans_fallback,False
360,28,9.55090667481,0.81621651502,-0.025592557330000078,-0.04164613504999999,-0.038060510423800015,-0.0080810208182,-0.0335993574328381,-0.017019426023898505,-0.5235655036583132,-0.8519851842752642,-1,-1,instant_velocity,dbscan_kmeans_fallback,False
360,29,7.64430324671,5.11758208526,-0.043608370714000075,0.020453144835999915,-0.04319585909959999,0.016057031324799985,-0.0420540584198603,0.016231073515996043,-0.905365207012911,0.42463328497079617,4,4,instant_velocity,dbscan_kmeans_fallback,False
360,30,10.467061297,1.26489693848,-0.03333767336999997,0.0,-0.029216766517999985,0.00877790743344,-0.02966082000839404,0.0023487750048445505,-0.9999997000391452,0.0,-1,-1,instant_velocity,dbscan_kmeans_fallback,False
360,31,11.8218252077,12.0833456595,-0.015258720439999962,0.047135310440000036,-0.014719929765999992,0.045455145453600035,-0.01666584197297502,0.046803485493044465,-0.30798578198861476,0.9513907474891494,5,5,instant_velocity,dbscan_kmeans_fallback,False
360,32,11.7085949787,11.1893260498,-0.021951510929999963,0.04286330002999996,-0.02680483636199998,0.044013640263800016,-0.026211793372344624,0.04288900123471111,-0.4558286910773914,0.8900672946949818,5,5,instant_velocity,dbscan_kmeans_fallback,False
360,33,14.4370646599,9.6595167336,-0.04053558010999989,-0.01150340234599998,-0.04053558010999989,-0.01150340234599998,-0.012160674032999969,-0.0034510207037999944,-0.9620123722314775,-0.27300498351270824,-1,-1,instant_velocity,dbscan_kmeans_fallback,False
360,73,11.8702321829,9.60414766007,0.00568255795999999,-0.024414897511000077,0.0018857673820000186,-0.025689340840600004,0.0021896289538975116,-0.024447741588627,0.22669032135413086,-0.9739664780465851,-1,-1,instant_velocity,dbscan_kmeans_fallback,False
360,74,12.6923089011,11.3461255382,0.0018520929700001076,0.014725309640000007,0.0012880464720000262,0.007675299160000009,0.0016817808647187763,0.0067628773096701685,0.1247928638746982,0.9921821372807194,-1,-1,instant_velocity,dbscan_kmeans_fallback,False
360,75,4.76808705857,7.70704091215,0.0036199998859999917,-0.005393711473000007,0.0035273952374000037,-0.007045237287399982,0.004541626592196059,-0.006055618165442389,0.557274995388895,-0.8303261411332309,0,0,instant_velocity,dbscan_kmeans_fallback,False
360,76,5.97552539249,8.11849040685,0.009997092707000022,0.005369845493000014,0.008608022983799994,0.0058805774648000055,0.010025677798580431,0.004154004758632524,0.8809555805488052,0.4731971076381859,0,0,instant_velocity,dbscan_kmeans_fallback,False
360,77,4.88952542682,8.39080123833,0.035294998883999985,0.009999845608000157,0.030125975791799996,0.010181227055800015,0.03119503625872102,0.009976393962184051,0.962129352974464,0.2725923017108015,6,6,instant_velocity,dbscan_kmeans_fallback,False
360,78,5.01201612062,8.97933630442,0.03411639427000006,0.013985464263000047,0.031750766438000004,0.010968804394799995,0.031703673364108925,0.01176854400785355,0.9252731418159946,0.37930076537309715,6,6,instant_velocity,dbscan_kmeans_fallback,False
360,79,3.67577313961,11.7690307033,0.028370696778000016,-0.026968557360000034,0.027634068893799997,-0.027464969749999995,0.0245806723585055,-0.02410027697320124,0.7247900621231809,-0.6889694150721144,-1,-1,instant_velocity,dbscan_kmeans_fallback,False
360,80,1.44821041933,5.94406097166,0.034495231466999995,0.009283866209000013,0.034495231466999995,0.009283866209000013,0.022663367074096205,0.006099500099102996,0.965638755230255,0.2598869649087373,7,7,instant_velocity,dbscan_kmeans_fallback,False
360,81,1.14008949884,5.06364497052,0.03718918487070001,0.003985618655000067,0.03718918487070001,0.003985618655000067,0.018966484284078006,0.0020326655140500156,0.9943058767746284,0.10656119689171781,7,7,instant_velocity,dbscan_kmeans_fallback,False
360,82,12.2330740319,13.1542121808,-0.001431162740000147,-0.018209742720000043,-0.001431162740000147,-0.018209742720000043,-0.0009358541551800265,-0.011958789111240011,-0.07835158792161298,-0.9969252397920091,-1,-1,instant_velocity,dbscan_kmeans_fallback,False
360,217,7.20001140029,3.9963583462,0.026118720105000028,-0.014820773561999978,0.011171488019000008,-0.008372185773999999,0.013469675582171492,-0.009502668222009295,0.8697337216018701,-0.49352060496368766,-1,-1,instant_velocity,dbscan_kmeans_fallback,False
360,219,11.3057647589,0.22457887153,0.001178604620000101,-0.000668247439200001,0.003287465014000013,-0.00423859804292,0.005859524718358955,-0.00763263427265364,0.8698981326698089,-0.49321646093786115,-1,-1,instant_velocity,dbscan_kmeans_fallback,False
360,220,9.96110317347,2.4183397505,0.016647790172000042,-0.01591860864100001,0.01871876685020002,-0.0201953922516,0.018077298870380915,-0.01756726330385708,0.7227578686053431,-0.6911007126869341,-1,-1,instant_velocity,dbscan_kmeans_fallback,False
360,315,7.03290210325,11.0986353259,-0.014311627454000053,-0.021956701569999914,-0.014311627454000053,-0.021956701569999914,-0.010336812859067717,-0.012342074360882999,-0.5460544595449729,-0.8377492250782086,-1,-1,instant_velocity,dbscan_kmeans_fallback,False
360,419,13.5057565498,2.97990625922,0.032011743179999996,0.024725155249999985,0.028501185145999985,0.017388753006999994,0.02802963157222949,0.017861484866710176,0.7914186580052016,0.6112740901642225,8,8,instant_velocity,dbscan_kmeans_fallback,False
360,420,13.4171507386,3.89015473533,0.021846278379999973,0.02570366042900001,0.023782557388,0.0197514850244,0.02258572491000449,0.01861144436478871,0.6476166818504652,0.761965905079715,8,8,instant_velocity,dbscan_kmeans_fallback,False
370,3,14.8188483687,11.2074641945,0.014732557670000012,0.004773195990000012,0.01366339491599998,0.010396020873999988,0.013715108893158417,0.009643726419153058,0.9513155961461611,0.30821639327404876,-1,-1,instant_velocity,dbscan_kmeans_fallback,False
370,4,4.73841147811,6.96289965664,0.009007906691999957,0.005966494993000016,0.015709115782399995,0.007054783679600014,0.01382992685128924,0.005611484586323294,0.8337021927960768,0.552212642631906,0,0,instant_velocity,dbscan_kmeans_fallback,False
370,7,1.8520929647,6.87340223175,-0.018036859895000014,-0.0054653094129999856,-0.0211980458416,-0.0038185567953999923,-0.021632421584165253,-0.003359537699322415,-0.9570298710362175,-0.2899875251648617,1,1,instant_velocity,dbscan_kmeans_fallback,False
370,8,2.51253247871,7.51515843318,-0.020099417969000034,0.0052982475539999465,-0.025264231759400006,0.0017756289099999912,-0.024162179792539748,0.0032171388653751435,-0.9669682892462134,0.2548948124366583,1,1,instant_velocity,dbscan_kmeans_fallback,False
370,10,11.0119554658,7.2485754369,0.03104360367000005,-0.0005966494990000016,0.03408271985220001,-0.008964062077199984,0.032941931261451264,-0.007401766379633159,0.999815030248178,-0.019216169077262472,2,2,instant_velocity,dbscan_kmeans_fallback,False
370,11,11.0551008133,7.97243060943,-0.0034095347800001006,-0.010333969327000059,0.006006674227999973,-0.009045206409000013,0.007343351883782361,-0.007017779621264739,-0.3133212196771014,-0.9496462369688212,-1,-1,instant_velocity,dbscan_kmeans_fallback,False
370,12,10.5371461785,6.98223110042,0.02807604562000012,-0.002076340257000009,0.035560184922,-0.003594216583600005,0.03364791644802111,-0.004104456466531404,0.9972762034144907,-0.07375271989950656,2,2,instant_velocity,dbscan_kmeans_fallback,False
370,13,10.8871496558,6.51946974877,0.031822324570000046,0.00116943301800001,0.0323947896732,-0.0035798969958000092,0.03163992362643985,-0.0030485776662400126,0.9993251312821394,0.03672402377984189,2,2,instant_velocity,dbscan_kmeans_fallback,False
370,19,5.69560679669,5.79036406065,-0.043797789313000025,-0.0019331443769999624,-0.04594032412900001,0.0025822990330000017,-0.045374766657005516,0.003864054183109573,-0.9990271140050291,-0.04409500292600582,3,3,instant_velocity,dbscan_kmeans_fallback,False
370,20,5.67224516952,5.17557641659,-0.039693719674999975,-0.00341283513499997,-0.040320905702,0.0009307732190000095,-0.040399964226544474,0.001432012012378609,-0.9963239041702214,-0.08566315411689814,3,3,instant_velocity,dbscan_kmeans_fallback,False
370,23,11.0195322098,9.30582291043,0.022793371379999882,0.009952113647999994,0.025062185254799977,0.010481938403400014,0.024730816938598812,0.011027608326025834,0.9164518067823298,0.4001440761859216,-1,-1,instant_velocity,dbscan_kmeans_fallback,False
370,25,0.970875550703,8.10202288067,-0.0348740686647,-0.009808917767999858,-0.03493720819774,-0.011689556989999978,-0.03515148760431943,-0.011097228925298764,-0.9626464587112642,-0.27076049095220445,-1,-1,instant_velocity,dbscan_kmeans_fallback,False
370,26,4.55804287916,10.2487677791,-0.015342906492000008,0.024892217110999936,-0.03139297575179999,0.019465093264799976,-0.029252101203035515,0.018539835535359123,-0.5247077889645597,0.8512820051108834,-1,-1,instant_velocity,dbscan_kmeans_fallback,False
370,27,7.1238230306,4.5794042369,-0.04377674280299999,0.012410309585000067,-0.047232579902200006,0.013823175599400005,-0.04528630266091642,0.012773376126089976,-0.9620867372507702,0.2727428651015682,4,4,instant_velocity,dbscan_kmeans_fallback,False
370,28,9.3867438893,0.439134031473,-0.01641627855099994,-0.037708248354700005,-0.033106161743999996,-0.01956533038054,-0.02844443376828665,-0.02322607272313896,-0.3991633405030207,-0.9168795674987352,-1,-1,instant_velocity,dbscan_kmeans_fallback,False
370,29,7.22989744586,5.2469356967,-0.041440580085,0.012935361144000002,-0.0429811846876,0.016395928240399992,-0.041870014919402204,0.01524235980439723,-0.9545768973387204,0.2979639011198307,4,4,instant_velocity,dbscan_kmeans_fallback,False
370,30,10.1353682842,1.18828714277,-0.03316930128000006,-0.007660979571000004,-0.030555324615999985,0.004319742374739999,-0.030713364389875847,-0.0006541513679088164,-0.9743488941550189,-0.2250414294270606,-1,-1,instant_velocity,dbscan_kmeans_fallback,False
370,31,11.6692380032,12.5546987639,-0.015258720449999963,0.047135310439999856,-0.014964069293999991,0.046218856811999984,-0.016243705516082504,0.04690303297713108,-0.30798578217131245,0.9513907474300063,5,5,instant_velocity,dbscan_kmeans_fallback,False
370,32,11.5661100995,11.6282214214,-0.01424848792000013,0.04388953715999992,-0.022978580668,0.04385135159859999,-0.022622801736641277,0.04318916201229775,-0.30877998929015793,0.9511332634245333,5,5,instant_velocity,dbscan_kmeans_fallback,False
370,33,14.0317088587,9.54472136994,-0.04053558012000007,-0.011479536366000076,-0.04053558012000007,-0.011479536366000076,-0.0206731458591,-0.005859575402460019,-0.9621610085087586,-0.27248067634472983,-1,-1,instant_velocity,dbscan_kmeans_fallback,False
370,73,12.0806972925,9.29579919884,0.02104651095999994,-0.030834846123000047,0.005893023070000006,-0.02656760890320001,0.007846693555728241,-0.026363872948938917,0.5637526391413357,-0.8259433552856357,-1,-1,instant_velocity,dbscan_kmeans_fallback,False
370,74,12.7108298307,11.4936172944,0.0018520929599999292,0.01474917561999991,0.001435372048000012,0.009536845595999993,0.0017328744933031222,0.009158766802769091,0.12459407035075247,0.9922071216198253,-1,-1,instant_velocity,dbscan_kmeans_fallback,False
370,75,4.80618124341,7.70155173675,0.003809418484000027,-0.0005489175400000157,0.003590534770199998,-0.005661010449199999,0.004321964159737249,-0.0044036079778096765,0.9897746880492944,-0.1426214235060392,0,0,instant_velocity,dbscan_kmeans_fallback,False
370,76,6.07549631956,8.17218886179,0.009997092707000022,0.005369845493999925,0.009121557851199995,0.0056896496251999905,0.010017102271106307,0.004518756979242745,0.8809555805120738,0.4731971077065693,0,0,instant_velocity,dbscan_kmeans_fallback,False
370,77,5.26709983349,8.4977208286,0.037757440667,0.010691959026999953,0.03320718499679999,0.010228959015800001,0.03316375758120471,0.010191063481628822,0.9621664553428486,0.2724613781005222,6,6,instant_velocity,dbscan_kmeans_fallback,False
370,78,5.38138238802,9.08410795649,0.036936626739999937,0.010477165206999928,0.033299789644999994,0.011527268325999991,0.03327355937687623,0.011381130367597463,0.9620459093794672,0.2728866932066568,6,6,instant_velocity,dbscan_kmeans_fallback,False
370,79,3.82772894876,11.4057904881,0.015195580914999996,-0.03632402152000012,0.0252600224572,-0.02915945433000001,0.021765144925453846,-0.027767400337240906,0.385925690944036,-0.9225295947148777,-1,-1,instant_velocity,dbscan_kmeans_fallback,False
370,80,1.79400459445,6.09560994448,0.034579417512,0.015154897281999969,0.034579417512,0.015154897281999969,0.026238182205467343,0.008816119253972087,0.9159001087024465,0.40140560676423526,7,7,instant_velocity,dbscan_kmeans_fallback,False
370,81,1.50124762696,5.13524291043,0.03611581281199998,0.00715979399099993,0.03611581281199998,0.00715979399099993,0.024111282842454597,0.00357080405713499,0.9809099933406012,0.19446090034275212,7,7,instant_velocity,dbscan_kmeans_fallback,False
370,82,12.2187624044,12.9721147536,-0.0014311627499999703,-0.018209742720000043,-0.0014311627499999703,-0.018209742720000043,-0.0010844467336260095,-0.01383407519386802,-0.07835158846571051,-0.9969252397492466,-1,-1,instant_velocity,dbscan_kmeans_fallback,False
370,217,7.46140906644,3.84815061058,0.02613976661499997,-0.014820773562000022,0.0157049064802,-0.0103244229356,0.017270702892020033,-0.011098099824006512,0.86990426262412,-0.4932199390629753,-1,-1,instant_velocity,dbscan_kmeans_fallback,False
370,219,11.317550805,0.217896397138,0.0011786046099999225,-0.000668247439200001,0.00255925573199999,-0.0030071134764000002,0.004455248685851245,-0.005543318222617548,0.8698981308742504,-0.4932164641046359,-1,-1,instant_velocity,dbscan_kmeans_fallback,False
370,220,10.1277915403,2.25939232389,0.01666883668299999,-0.015894742660999973,0.01516611579980001,-0.01751285610299999,0.017654760214166638,-0.01706550711099995,0.7237111941935712,-0.6901023395545977,-1,-1,instant_velocity,dbscan_kmeans_fallback,False
370,315,6.8897858287,10.8790683101,-0.014311627454999965,-0.02195670158000009,-0.013579208873000006,-0.016047484934000024,-0.011529257237847392,-0.015226462526618127,-0.5460544593972044,-0.8377492251745259,-1,-1,instant_velocity,dbscan_kmeans_fallback,False
370,419,13.7764146808,3.25269441029,0.027065813100000113,0.027278815107000032,0.030757371122000023,0.020801588143000007,0.027740486030560674,0.020686683938797135,0.7043297057969673,0.7098726259512639,8,8,instant_velocity,dbscan_kmeans_fallback,False
370,420,13.6356135224,4.14719133962,0.021846278379999973,0.02570366042900001,0.023942510870000006,0.021956701573600003,0.022363890951003135,0.020739109184052102,0.6476166818504652,0.761965905079715,8,8,instant_velocity,dbscan_kmeans_fallback,False
380,4,4.82070333597,7.01635945178,0.008229185786000048,0.005345979513999932,0.013389790274400007,0.006577464080199995,0.012149704531702481,0.005531833064626285,0.8385820187692758,0.5447734939677821,0,0,instant_velocity,dbscan_kmeans_fallback,False
380,7,1.66646273801,6.79607645664,-0.018563022668999986,-0.007732577511000027,-0.019198627300199996,-0.005365072297599998,-0.020711601909615674,-0.004671449642825698,-0.9231120398551241,-0.38452980028072276,1,1,instant_velocity,dbscan_kmeans_fallback,False
380,8,2.31132783391,7.56814090871,-0.02012046447999998,0.005298247553000035,-0.0225534411474,0.0036324021516000115,-0.022949665198777818,0.0038414714716626113,-0.9670339788875951,0.2546454838257836,-1,-1,instant_velocity,dbscan_kmeans_fallback,False
380,10,11.3223915025,7.2426089419,0.03104360367000005,-0.0005966495000000016,0.03363653381980001,-0.007608474414999993,0.0323724329840159,-0.005360231315743211,0.9998150302475591,-0.019216169109457375,2,2,instant_velocity,dbscan_kmeans_fallback,False
380,11,11.0210054655,7.86932957595,-0.0034095347799999232,-0.010310103347999977,0.002517162709999994,-0.009517752812599999,0.004117485884647675,-0.008005476739285311,-0.313975075543434,-0.9494302555696403,-1,-1,instant_velocity,dbscan_kmeans_fallback,False
380,12,10.7671845433,6.96743419283,0.02300383648000004,-0.0014796907590000075,0.03347658033640002,-0.002906876360599995,0.03045469245761479,-0.003317026754271985,0.9979371986501433,-0.06419096450232502,2,2,instant_velocity,dbscan_kmeans_fallback,False
380,13,11.2053729016,6.53116407896,0.03182232458000005,0.0011694330190000102,0.03217590596000001,-0.001751762929799998,0.03169464391250791,-0.0017831744606680055,0.9993251312814107,0.036724023799678054,2,2,instant_velocity,dbscan_kmeans_fallback,False
380,19,5.25762890356,5.77103261687,-0.043797789313000025,-0.0019331443779999624,-0.045292091591400005,0.001217164978600014,-0.04490167345380387,0.0021248946147767126,-0.9990271140040244,-0.044095002948771465,3,3,instant_velocity,dbscan_kmeans_fallback,False
380,20,5.27551843787,5.14144806523,-0.039672673165000026,-0.003412835136000059,-0.040093603383800004,-0.0006205154792000122,-0.04018177690808114,-2.1442132134991522e-05,-0.9963200244077006,-0.0857082650281006,3,3,instant_velocity,dbscan_kmeans_fallback,False
380,23,11.2708275507,9.37097703575,0.02512953409000005,0.006515412531999942,0.024001441101999994,0.009675268280400004,0.024850432084019186,0.009673949587818066,0.9679932674292893,0.25097462781890956,-1,-1,instant_velocity,dbscan_kmeans_fallback,False
380,25,0.623187189601,8.00870689898,-0.034768836110200006,-0.009331598169000088,-0.035236068653580005,-0.011861392045800017,-0.0350366921560836,-0.010567539698409161,-0.9658191090481676,-0.2592159197107887,1,1,instant_velocity,dbscan_kmeans_fallback,False
380,26,4.46796381224,10.5895739731,-0.009007906692000045,0.03408061940000007,-0.0238709527338,0.024476949059000008,-0.023178842849724872,0.023202070694751407,-0.2555363360841268,0.9667991588642874,-1,-1,instant_velocity,dbscan_kmeans_fallback,False
380,27,6.67174397513,4.68560784777,-0.04520790554699996,0.010620361086999975,-0.04689162642459999,0.013656113739600002,-0.045262783526741485,0.012127471614362976,-0.9734975219676218,0.22869662010435549,4,4,instant_velocity,dbscan_kmeans_fallback,False
380,28,9.33412761189,0.164675261802,-0.005261627740999942,-0.027445876967100002,-0.025925092204199984,-0.027589072846959998,-0.021489591960100637,-0.024492013996327274,-0.18828049041874328,-0.9821149328127917,-1,-1,instant_velocity,dbscan_kmeans_fallback,False
380,29,6.82454164472,5.34430889498,-0.04053558011399998,0.009737319828000057,-0.042492905633400004,0.015956794208799998,-0.041469684477781536,0.013590847811478079,-0.9723392519082528,0.23357204338809917,4,4,instant_velocity,dbscan_kmeans_fallback,False
380,30,9.80472759701,1.06036549013,-0.03306406871899999,-0.012792165264,-0.03187283620180001,-0.0011646598226000026,-0.03141857568861309,-0.004295555536736172,-0.9326326682586172,-0.3608264707033415,-1,-1,instant_velocity,dbscan_kmeans_fallback,False
380,31,11.5614798671,12.9353611445,-0.010775813610000106,0.03806623806000005,-0.014311627454000019,0.04516875369400001,-0.014603337944257784,0.04425199450199177,-0.2723773919387515,0.9621902362973731,5,5,instant_velocity,dbscan_kmeans_fallback,False
380,32,11.4234147551,12.0668781333,-0.014269534439999986,0.043865671190000025,-0.019901580768000002,0.04351245468359998,-0.02011682154764889,0.04339211476560843,-0.30934464400108114,0.950949766104566,5,5,instant_velocity,dbscan_kmeans_fallback,False
380,33,13.6025705002,9.44352961486,-0.04291383584999995,-0.010119175508000034,-0.04291383584999995,-0.010119175508000034,-0.027345352856369985,-0.007137455434122024,-0.9733065882326293,-0.22950780312076688,-1,-1,instant_velocity,dbscan_kmeans_fallback,False
380,34,14.5742879113,9.19675538196,0.0,0.0,0.0,0.0,0.0,0.0,0.0,0.0,-1,-1,instant_velocity,dbscan_kmeans_fallback,False
380,73,12.2911624021,8.98745073761,0.02104651095999994,-0.03083484612299987,0.010102325261999993,-0.026954237779800005,0.011806638777009751,-0.027705164901157202,0.5637526391413378,-0.8259433552856341,-1,-1,instant_velocity,dbscan_kmeans_fallback,False
380,74,12.7293507604,11.6408703908,0.00185209296999993,0.014725309640000007,0.0015869069279999693,0.011393618837999995,0.0017686400363121648,0.010828729653938367,0.12479286387468642,0.9921821372807209,-1,-1,instant_velocity,dbscan_kmeans_fallback,False
380,75,4.84448589336,7.69630122116,0.0038304649949999713,-0.0005250515590000226,0.003653674302999992,-0.004276783610799999,0.004174514410316066,-0.00324004105216678,0.9907333411493651,-0.13580233365995797,0,0,instant_velocity,dbscan_kmeans_fallback,False
380,76,6.26638817399,8.22875123432,0.019089185443000024,0.005656237253000107,0.011453511265800013,0.0055560001374000125,0.012738727222674422,0.0048600010613699535,0.9587951369469517,0.28409660473927434,0,0,instant_velocity,dbscan_kmeans_fallback,False
380,77,5.64719982147,8.60559505807,0.038009998798000044,0.010787422946999924,0.03633469652580001,0.01030055695559998,0.03461762994624331,0.010369971321240153,0.9620074148704778,0.2730223938576894,0,0,instant_velocity,dbscan_kmeans_fallback,False
380,78,5.76274516666,9.17360538139,0.03813627786400007,0.008949742490000112,0.03508874307680001,0.011775474518000024,0.034732374923013384,0.010651714004318257,0.9735505012553913,0.22847080982360934,0,0,instant_velocity,dbscan_kmeans_fallback,False
380,79,3.96495220024,11.0322879016,0.013722325148000003,-0.0373502586499999,0.0225955341694,-0.031059186333999983,0.019352298992217694,-0.030642257831068602,0.3448577197299771,-0.9386547024970564,-1,-1,instant_velocity,dbscan_kmeans_fallback,False
380,80,2.14064063,6.30634654763,0.034663603555,0.021073660315,0.034545743093899996,0.012816031244599983,0.02876580861032714,0.01249338157228046,0.8544820467856438,0.5194804507458427,6,6,instant_velocity,dbscan_kmeans_fallback,False
380,81,1.8520929647,5.23858260371,0.035084533774000004,0.01033396932800006,0.035084533774000004,0.01033396932800006,0.02740325812191822,0.005599753638394512,0.959254228653886,0.28254340902799,6,6,instant_velocity,dbscan_kmeans_fallback,False
380,82,12.204450777,12.7902559862,-0.0014311627399999694,-0.01818587673999996,-0.0014269534419999986,-0.01820019632800001,-0.0011884615355381976,-0.015139615657707602,-0.07845377900455355,-0.9969172022771067,-1,-1,instant_velocity,dbscan_kmeans_fallback,False
380,217,7.88633812278,3.73001400972,0.04249290563399999,-0.011813660085999978,0.02350895274519999,-0.011675237401999992,0.024837363714614022,-0.011312767902604551,0.9634587581125621,-0.2678558715955255,-1,-1,instant_velocity,dbscan_kmeans_fallback,False
380,219,11.3293368511,0.211213922746,0.0011786046100001,-0.0006682474391999982,0.0018352557560000094,-0.00177562890988,0.0034722554630959015,-0.0040807969875922825,0.8698981308742832,-0.4932164641045781,-1,-1,instant_velocity,dbscan_kmeans_fallback,False
380,220,10.1934566545,2.0842160309,0.006566511419999976,-0.017517629299000026,0.011706069397599989,-0.016228866380399998,0.01432828557591664,-0.017201143767399972,0.3510014270773423,-0.9363743530900452,-1,-1,instant_velocity,dbscan_kmeans_fallback,False
380,315,6.65069746417,10.6783554186,-0.02390883645299997,-0.02007128914999985,-0.01576804601299999,-0.017861299409999986,-0.015243131002393166,-0.016679910513632643,-0.7658960105252332,-0.642963965072186,-1,-1,instant_velocity,dbscan_kmeans_fallback,False
380,419,13.9786716511,3.55722431473,0.020225697030000055,0.030452990443999982,0.031645533884000016,0.024844485150200005,0.025486049330392488,0.02361657589035799,0.5532543484593566,0.8330120520318194,7,7,instant_velocity,dbscan_kmeans_fallback,False
380,420,13.7381100308,4.43907227467,0.01024965083999998,0.029188093505000002,0.020974952826000006,0.024152371731000002,0.01872961891770219,0.023273804480336474,0.33132402530840804,0.9435166897016776,7,7,instant_velocity,dbscan_kmeans_fallback,False
390,4,4.832278917,7.01516615278,0.0011575581029999783,-0.0001193298999999648,0.0096603485318,0.005011855793999995,0.00885206060309173,0.00383648417523841,0.9947199029887999,-0.10254329890136875,0,0,instant_velocity,dbscan_kmeans_fallback,False
390,7,1.48062204622,6.71898934133,-0.018584069179000018,-0.0077087115309999454,-0.0182515343066,-0.006362670260399987,-0.020073342090430976,-0.005582628209277973,-0.9236867458238047,-0.3831472321793692,-1,-1,instant_velocity,dbscan_kmeans_fallback,False
390,8,2.05876970236,7.60489451787,-0.02525581315500003,0.003675360915999981,-0.0211391156108,0.004978443422000005,-0.023641509585644482,0.0037916383049638224,-0.9895760695726935,0.14400839866826104,-1,-1,instant_velocity,dbscan_kmeans_fallback,False
390,10,11.6328275392,7.23664244691,0.031043603669999875,-0.0005966494990000016,0.03273995245299997,-0.005188464045799996,0.031973784189811096,-0.003931156770720248,0.999815030248178,-0.019216169077262583,1,1,instant_velocity,dbscan_kmeans_fallback,False
390,11,11.0630984875,7.78174142946,0.004209302199999954,-0.008758814648999991,0.0005556278899999967,-0.009675268280400004,0.004145030779253359,-0.008231478112199715,0.4331547001500102,-0.9013184496368898,-1,-1,instant_velocity,dbscan_kmeans_fallback,False
390,12,10.9974333733,6.95239862545,0.023024882999999895,-0.0015035567380000004,0.030757371121400007,-0.002377051605200009,0.02822574962033032,-0.0027729857493903895,0.9978742269828264,-0.06516256858532472,1,1,instant_velocity,dbscan_kmeans_fallback,False
390,13,11.5048647526,6.53235737796,0.029949185099999907,0.00011932990000005362,0.03157818504879998,-0.00013842268379999468,0.031171006268755512,-0.0012124231524675876,0.9999917284305316,0.003984379292994402,1,1,instant_velocity,dbscan_kmeans_fallback,False
390,19,4.81965101042,5.75170117309,-0.043797789313999934,-0.0019331443780000513,-0.044643859053799986,-0.0001527422718000082,-0.04457050821186269,0.0009074829169436833,-0.9990271140040686,-0.04409500294776875,2,2,instant_velocity,dbscan_kmeans_fallback,False
390,20,4.90383705427,5.05004136194,-0.03716813835999995,-0.009140670328999966,-0.0393653941044,-0.003317371215999998,-0.03927768534365678,-0.0027572105911944844,-0.9710655979685373,-0.23881181276531468,2,2,instant_velocity,dbscan_kmeans_fallback,False
390,23,11.5454845187,9.40224146951,0.02746569680000004,0.0031264433760000545,0.024582324803999994,0.008114433190200004,0.02563501149881344,0.007709697724272662,0.9935831990340326,0.11310041153315616,1,1,instant_velocity,dbscan_kmeans_fallback,False
390,25,0.0772406952326,7.97123731043,-0.05459464943683999,-0.00374695885499996,-0.039192812714548005,-0.0102337322116,-0.04090407934031051,-0.0085213654453864,-0.9976529061707771,-0.06847125917197587,-1,-1,instant_velocity,dbscan_kmeans_fallback,False
390,26,4.37767428021,10.9306188269,-0.00902895320299999,0.03410448537999997,-0.017258138989400002,0.027436330575600004,-0.01893387595570741,0.026472795100325977,-0.2559267991172309,0.9666958707841916,-1,-1,instant_velocity,dbscan_kmeans_fallback,False
390,27,6.19819747847,4.76532022088,-0.047354649666000004,0.007971237310999957,-0.0462602310958,0.012004587925599991,-0.04589034336851904,0.01088060132335407,-0.9861263404411901,0.16599525355434103,2,2,instant_velocity,dbscan_kmeans_fallback,False
390,28,9.2775124974,-0.00572783519312,-0.005661511449000045,-0.017040309699512,-0.018819790101999984,-0.0278802378024624,-0.016741167806770457,-0.02225650270728269,-0.3152955807797851,-0.9489929309114074,3,3,instant_velocity,dbscan_kmeans_fallback,False
390,29,6.41918584358,5.44144343347,-0.04053558011399998,0.009713453848999975,-0.0419414870462,0.014658484898399991,-0.04118945316864707,0.012427629622734648,-0.9724691353903888,0.23303068661225415,2,2,instant_velocity,dbscan_kmeans_fallback,False
390,30,9.47387644468,0.93244383748,-0.03308511523300002,-0.012792165264999988,-0.0331945570904,-0.006649062019999998,-0.031918537551929166,-0.0068445384552153175,-0.9327098957131167,-0.3606267968612786,-1,-1,instant_velocity,dbscan_kmeans_fallback,False
390,31,11.4650868469,13.293350844,-0.009639302019999896,0.03579896995000009,-0.013238255393999978,0.04305422786800001,-0.013114127166980417,0.04171608713639427,-0.26000151601682775,0.9656079288239777,4,4,instant_velocity,dbscan_kmeans_fallback,False
390,32,11.2809298759,12.505773505,-0.014248487919999952,0.043889537170000104,-0.017502278517999983,0.043455176332,-0.01835632145935421,0.043541341486925934,-0.3087799892265073,0.9511332634451971,4,4,instant_velocity,dbscan_kmeans_fallback,False
390,33,13.1572263282,9.35188425177,-0.044534417200000044,-0.009164536308999872,-0.044534417200000044,-0.009164536308999872,-0.03250207215945901,-0.007745579696585379,-0.9794755647986512,-0.20156184680857092,-1,-1,instant_velocity,dbscan_kmeans_fallback,False
390,34,14.1257867627,8.97885898482,-0.04485011486000001,-0.021789639713999876,-0.04485011486000001,-0.021789639713999876,-0.013455034458000005,-0.0065368919141999635,-0.8994662158878663,-0.43698984585190054,-1,-1,instant_velocity,dbscan_kmeans_fallback,False
390,73,12.5420368128,8.75022289669,0.025087441069999983,-0.023722784092000106,0.014938813481999986,-0.026529423336200005,0.015790879464906822,-0.026510450658410074,0.7265922385053033,-0.6870685116465076,-1,-1,instant_velocity,dbscan_kmeans_fallback,False
390,74,12.7430309925,11.7377662695,0.0013680232100000468,0.009689587869999983,0.0016374185519999784,0.012238474530000012,0.0016484549884185293,0.010486987118756851,0.13979828991362941,0.9901789708624887,-1,-1,instant_velocity,dbscan_kmeans_fallback,False
390,75,4.88279054331,7.69081204577,0.0038304649949999713,-0.0005489175389999268,0.0037168138359999856,-0.002892556772399999,0.004071299585721238,-0.0024327039982167237,0.9898850372631767,-0.14185360243642114,0,0,instant_velocity,dbscan_kmeans_fallback,False
390,76,6.66858699848,8.29199608124,0.04021988244900001,0.006324484691999999,0.017860069202800002,0.005618051685200029,0.0209830737905721,0.005299346150558967,0.9878609919263939,0.15533888566642864,5,5,instant_velocity,dbscan_kmeans_fallback,False
390,77,6.02751027457,8.71346928754,0.03803104530999999,0.010787422947000103,0.0368819058108,0.010458072423400005,0.035641654555370314,0.010495206808968137,0.9620470906157633,0.2728825562592241,5,5,instant_velocity,dbscan_kmeans_fallback,False
390,78,6.14431841041,9.26310280628,0.03815732437500001,0.008949742488999846,0.03629260350380001,0.011269515742599979,0.035759859758609375,0.010141122549722733,0.9735785248220922,0.22835136458589983,5,5,instant_velocity,dbscan_kmeans_fallback,False
390,79,4.10238591682,10.6406471702,0.013743371658000037,-0.039164073140000075,0.019876324953000006,-0.033359866804000014,0.017669620791952396,-0.03319880242374804,0.3311217764338288,-0.9435877740345097,-1,-1,instant_velocity,dbscan_kmeans_fallback,False
390,80,2.48727666555,6.51684449098,0.034663603555,0.021049794335000004,0.03457941751138,0.0151692168698,0.030535147093729,0.015060305401096322,0.8547431629809293,0.519050702892103,-1,-1,instant_velocity,dbscan_kmeans_fallback,False
390,81,2.20293830245,5.34192229699,0.035084533775000024,0.01033396932799997,0.03613265002050001,0.0071597939914000005,0.02970764081784276,0.007020018345276149,0.9592542286560692,0.28254340902057723,-1,-1,instant_velocity,dbscan_kmeans_fallback,False
390,82,12.1901391495,12.6081585591,-0.0014311627499999703,-0.018209742710000042,-0.0014269534439999988,-0.01820019632600001,-0.0012612718998767296,-0.016060653773395335,-0.07835158850847365,-0.9969252397458855,-1,-1,instant_velocity,dbscan_kmeans_fallback,False
390,217,8.3525183406,3.61903720285,0.04661802178199999,-0.011097680687000011,0.0321380222398,-0.012887629184600007,0.03137156113482981,-0.011248241737923189,0.9728147016858999,-0.23158397791769453,-1,-1,instant_velocity,dbscan_kmeans_fallback,False
390,219,11.3411228973,0.204531448354,0.0011786046199999233,-0.000668247439200001,0.0011786046139999938,-0.0006682474391999999,0.002784160210167108,-0.003057032123074598,0.8698981326697769,-0.4932164609379173,-1,-1,instant_velocity,dbscan_kmeans_fallback,False
390,220,10.248177583,1.90760777911,0.00547209285000001,-0.017660825179000007,0.011196743832200014,-0.016582082884000003,0.01167142775814165,-0.01733904819087998,0.2959622731875857,-0.9551990636170187,3,3,instant_velocity,dbscan_kmeans_fallback,False
390,315,6.38761607713,10.4821770632,-0.02630813870400006,-0.019617835540000073,-0.0184409529054,-0.01957964996800001,-0.018562633312875235,-0.017561288021542873,-0.8016534179825405,-0.597788581359016,-1,-1,instant_velocity,dbscan_kmeans_fallback,False
390,419,14.1127379259,3.89349597253,0.013406627479999855,0.03362716577999998,0.026434417767999995,0.0273933718112,0.021862222775274696,0.026619752857250586,0.3703368625424663,0.9288972256250618,6,6,instant_velocity,dbscan_kmeans_fallback,False
390,420,13.7907263082,4.7459887771,0.00526162774000003,0.030691650243000003,0.016807743654000014,0.026472144984200002,0.014689221564391541,0.025499158209135533,0.16897006211186782,0.9856208580570172,6,6,instant_velocity,dbscan_kmeans_fallback,False
400,4,4.84364403292,7.01397285378,0.0011365115920000334,-0.0001193298999999648,0.005926697487000005,0.0034414743118000145,0.006537395899764221,0.0026497399526668975,0.9945243107714973,-0.10442171235847209,0,0,instant_velocity,dbscan_kmeans_fallback,False
400,7,1.29499181953,6.64166356623,-0.018563022668999986,-0.0077325775100000275,-0.018356766861399997,-0.006816123879799995,-0.01962024626400168,-0.006227612999494589,-0.9231120398727759,-0.3845298002383472,-1,-1,instant_velocity,dbscan_kmeans_fallback,False
400,8,1.77169529283,7.63114709584,-0.028707440952999975,0.0026252577970000248,-0.022860720207399998,0.004443845470800003,-0.025161288995851128,0.003441724152574683,-0.9958442684273395,0.09106865131471968,-1,-1,instant_velocity,dbscan_kmeans_fallback,False
400,10,11.9354763669,7.23306254992,0.030264882770000057,-0.0003579896990000719,0.031691836207999986,-0.0027254949126000127,0.03146111376386779,-0.0028592066492041947,0.9999297196652303,-0.011827719343390716,1,1,instant_velocity,dbscan_kmeans_fallback,False
400,11,11.1559136008,7.70441565435,0.009281511330000037,-0.007732577511000027,0.0006524418400000087,-0.009489113636600006,0.0056859749444773625,-0.008081807931839808,0.7683026795192714,-0.640085413901203,-1,-1,instant_velocity,dbscan_kmeans_fallback,False
400,12,11.2209473197,6.98843625521,0.022351394640000067,0.003603762976000002,0.027259440999000014,-0.0009737319827999968,0.026463443126231244,-0.0008599611317732718,0.9872497142801567,0.15917637470470608,1,1,instant_velocity,dbscan_kmeans_fallback,False
400,13,11.7605798608,6.50968469698,0.025571510820000042,-0.0022672680980000415,0.030197533929999985,0.00026729897559999214,0.02949115763412887,-0.0015288766361273238,0.9960919986637012,-0.08831733201610284,1,1,instant_velocity,dbscan_kmeans_fallback,False
400,19,4.49279869518,5.64502024262,-0.032685231524000005,-0.01066809304699996,-0.0417731149584,-0.0032696392561999943,-0.04100492520550388,-0.0025651898722394103,-0.9506449552943754,-0.31027985315921036,2,2,instant_velocity,dbscan_kmeans_fallback,False
400,20,4.54309985638,4.93405269928,-0.03607371978900007,-0.01159886626600004,-0.038460394133000016,-0.006190835204400003,-0.03831649567725977,-0.0054097072936361516,-0.9519995358504119,-0.30609860491820146,2,2,instant_velocity,dbscan_kmeans_fallback,False
400,23,11.8230879983,9.45212136765,0.027760347959999977,0.0049879898139998605,0.025226348039999992,0.006925907387599999,0.0262726124371694,0.006893185351190822,0.9842377759196017,0.17684821558846392,-1,-1,instant_velocity,dbscan_kmeans_fallback,False
400,26,4.20235684389,11.2389672881,-0.01753174363200003,0.03083484611999996,-0.013389790274400007,0.02955562959639998,-0.018513236258595196,0.027781410406228172,-0.49426381570238337,0.8693116337868991,-1,-1,instant_velocity,dbscan_kmeans_fallback,False
400,27,5.72465098181,4.84479393418,-0.047354649666000004,0.007947371330000053,-0.04562883576700001,0.010348288915600001,-0.04632963525776333,0.010000632325347864,-0.9862075824362224,0.16551189632619545,3,3,instant_velocity,dbscan_kmeans_fallback,False
400,28,9.21479389473,-0.0198087633762,-0.006271860266999951,-0.0014080928183079998,-0.01184076706759999,-0.025049732577924,-0.013600375544839305,-0.016001979740590283,-0.975710605008531,-0.21905639430271395,4,4,instant_velocity,dbscan_kmeans_fallback,False
400,29,5.95153236999,5.47676508382,-0.046765347359000044,0.003532165035000023,-0.042577091677200016,0.011274288938399995,-0.04286222142575296,0.00975899024641426,-0.9971595780669587,0.07531500127488412,3,3,instant_velocity,dbscan_kmeans_fallback,False
400,30,9.14428808301,0.848912907581,-0.032958836166999995,-0.008353092989900002,-0.033122998953800005,-0.008319680617979998,-0.03223062713645042,-0.0072971048156207224,-0.9693524941595172,-0.24567285940190906,-1,-1,instant_velocity,dbscan_kmeans_fallback,False
400,31,11.3686938266,13.6513405436,-0.009639302030000074,0.03579896995999991,-0.01211437171,0.04078695976999999,-0.012071679625886313,0.03994095198347596,-0.2600015162006116,0.9656079287744918,5,5,instant_velocity,dbscan_kmeans_fallback,False
400,32,11.1952705763,12.8592286684,-0.008565929959999963,0.03534551633999996,-0.014656790234,0.04197071237799999,-0.015419204009547934,0.04108259394284814,-0.23553035919143156,0.9718667089553041,5,5,instant_velocity,dbscan_kmeans_fallback,False
400,33,12.7120926214,9.26000022888,-0.04451337068000001,-0.009188402289000131,-0.04260655679199999,-0.010291010563600019,-0.03610546171562131,-0.008178426474309806,-0.9793529069090248,-0.2021569778723801,-1,-1,instant_velocity,dbscan_kmeans_fallback,False
400,34,13.6665518935,8.77003166007,-0.045923486920000124,-0.020882732475000054,-0.045923486920000124,-0.020882732475000054,-0.02319557019660004,-0.01084064408243999,-0.9103034104060007,-0.41394118490401083,-1,-1,instant_velocity,dbscan_kmeans_fallback,False
400,35,14.8887227851,9.42085693389,0.0,0.0,0.0,0.0,0.0,0.0,0.0,0.0,-1,-1,instant_velocity,dbscan_kmeans_fallback,False
400,37,15.1082378945,4.43000320228,0.0,0.0,0.0,0.0,0.0,0.0,0.0,0.0,-1,-1,instant_velocity,dbscan_kmeans_fallback,False
400,73,12.8030135487,8.53065588096,0.02609767358999999,-0.021956701573000004,0.01979213890799997,-0.02635281508440002,0.018882917702434773,-0.025144325932787055,0.7652039674769702,-0.6437874662822557,-1,-1,instant_velocity,dbscan_kmeans_fallback,False
400,74,12.755448434,11.8220131788,0.0012417441500000236,0.00842469093000009,0.0016332092520000075,0.01246281474,0.0015264417368929775,0.009868298262129822,0.14581784062242995,0.9893102692080012,-1,-1,instant_velocity,dbscan_kmeans_fallback,False
400,75,4.92109519326,7.68532287037,0.00383046499500006,-0.0005489175400000157,0.0037841626710000045,-0.0015131031301999975,0.0039990492085048845,-0.0018675680607517114,0.9898850372268861,-0.14185360268966452,0,0,instant_velocity,dbscan_kmeans_fallback,False
400,76,7.07099628809,8.35524092817,0.040240928960999955,0.00632448469299991,0.023908836453400008,0.005808979524999991,0.026760430341700454,0.00560688771329125,0.9878734562114267,0.15525960045517878,6,6,instant_velocity,dbscan_kmeans_fallback,False
400,77,6.4086625881,8.78268062945,0.03811523135300003,0.006921134191,0.03744174300240001,0.009837556944000028,0.03638372759465923,0.009422985023577695,0.9839101019077674,0.17866279714049668,6,6,instant_velocity,dbscan_kmeans_fallback,False
400,78,6.51031723605,9.33947394219,0.03659988256399993,0.007637113591000144,0.0367893011626,0.009999845608000015,0.036011866600226546,0.009389919862105956,0.9789152866099565,0.20426533409591502,6,6,instant_velocity,dbscan_kmeans_fallback,False
400,79,4.24003009852,10.2365961293,0.013764418169999982,-0.04040510408999989,0.016959278533800005,-0.036042402952,0.01649806000536667,-0.03536069292362359,0.32246293225696976,-0.946581844731143,-1,-1,instant_velocity,dbscan_kmeans_fallback,False
400,80,2.8425417706,6.70419243375,0.035526510505,0.018734794277000068,0.034785673318799996,0.01705940248360001,0.0320325561171103,0.016162652063867446,0.8845418197291705,0.46646036400611274,7,7,instant_velocity,dbscan_kmeans_fallback,False
400,81,2.58872084839,5.52187178597,0.038578254593999974,0.01799494889800002,0.03641046396514,0.00996166004000001,0.03236882495068992,0.01031249751109331,0.9062570603375697,0.4227264727461946,7,7,instant_velocity,dbscan_kmeans_fallback,False
400,82,12.1663565921,12.4754637104,-0.002378255740000057,-0.013269484869999992,-0.0016205813440000228,-0.01721691795200002,-0.0015963670519137277,-0.015223303102376733,-0.17641623551806448,-0.9843149030008251,-1,-1,instant_velocity,dbscan_kmeans_fallback,False
400,217,8.81848809331,3.50829905579,0.04659697527100004,-0.011073814706000018,0.0375932778814,-0.012725340520600002,0.03593918537568088,-0.011195913628346238,0.9729033242597267,-0.23121138393737728,-1,-1,instant_velocity,dbscan_kmeans_fallback,False
400,219,11.3529089434,0.197848973962,0.0011786046099999225,-0.000668247439200001,0.0011786046139999938,-0.0006682474392000004,0.002302493530116952,-0.002340396717912219,0.8698981308742504,-0.4932164641046359,4,4,instant_velocity,dbscan_kmeans_fallback,False
400,220,10.305845023,1.73267014592,0.005766743999999946,-0.01749376331899999,0.010224395024999992,-0.0168971138198,0.009900022630699138,-0.017385462729315983,0.3130738314870718,-0.9497282191488596,-1,-1,instant_velocity,dbscan_kmeans_fallback,False
400,315,6.1245346901,10.2862373676,-0.026308138702999972,-0.01959396955999999,-0.021029673753800004,-0.020639299479999984,-0.020886284929912655,-0.018171092483080006,-0.8020019390817722,-0.59732091877854,-1,-1,instant_velocity,dbscan_kmeans_fallback,False
400,419,14.2392274568,4.25196299169,0.012648953090000071,0.035846701916000034,0.02107176677600002,0.030386165699400003,0.019098241869692306,0.029387837574875425,0.33275396662553125,0.9430133994584983,8,8,instant_velocity,dbscan_kmeans_fallback,False
400,420,13.8433425856,5.05266661973,0.00526162774000003,0.030667784263000007,0.012893092615999998,0.028390969773800005,0.011860943417074088,0.027049746025294877,0.1690977977463598,0.9855989509120503,8,8,instant_velocity,dbscan_kmeans_fallback,False
410,4,4.85500914884,7.01254089498,0.0011365115919999447,-0.00014319588000004656,0.0041335347529999926,0.002186123765399994,0.004917130607434938,0.0018118592028668141,0.9921471191068522,-0.12500653826153285,0,0,instant_velocity,dbscan_kmeans_fallback,False
410,7,1.04580112973,6.61636562746,-0.024919068980000004,-0.0025297938770000527,-0.0197332086784,-0.006233793968400007,-0.021209893078801178,-0.005118267262746228,-0.9948859009644516,-0.10100121567918827,1,1,instant_velocity,dbscan_kmeans_fallback,False
410,8,1.48483134841,7.65716101401,-0.028686394442000007,0.0026013918169999427,-0.024573906199800002,0.003899701127399986,-0.026218820629695792,0.0031896244519022607,-0.995913064204246,0.0903132005976711,1,1,instant_velocity,dbscan_kmeans_fallback,False
410,10,12.1663565921,7.25048471529,0.023088022519999994,0.0017422165370000187,0.029296743260000008,-8.114433200001158e-05,0.028949186390707447,-0.0014787796933429305,0.9971645834188199,0.0752457957730285,2,2,instant_velocity,dbscan_kmeans_fallback,False
410,11,11.2487287142,7.62732853904,0.009281511340000038,-0.007708711531000034,0.0031906510620000007,-0.008968835273200018,0.006764635863134166,-0.007969879011587876,0.7692745680097031,-0.6389170379359191,2,2,instant_velocity,dbscan_kmeans_fallback,False
410,12,11.4377263826,7.07506976251,0.021677906289999882,0.008663350730000019,0.023626813206000002,0.001441505190400001,0.025027782075361833,0.001997032426758716,0.9285916361198748,0.37110202992076285,2,2,instant_velocity,dbscan_kmeans_fallback,False
410,13,12.0160845039,6.48701201601,0.02555046431000001,-0.0022672680969999526,0.02894316187600001,-0.00041526805159998405,0.028308949636890214,-0.0017503940743891124,0.996085595879162,-0.08838951284866144,2,2,instant_velocity,dbscan_kmeans_fallback,False
410,19,4.16615684504,5.53810065235,-0.032664185014000056,-0.010691959027000042,-0.03934855689560001,-0.005431897041399996,-0.038502703148052736,-0.005003220618667601,-0.9503808353379634,-0.31108790704939765,3,3,instant_velocity,dbscan_kmeans_fallback,False
410,20,4.18215219337,4.81830269641,-0.03609476630099993,-0.011575000286999959,-0.03774060345799999,-0.0078280414306,-0.03764997686438182,-0.007259295191645294,-0.9522347532769553,-0.3053660868879694,3,3,instant_velocity,dbscan_kmeans_fallback,False
410,23,12.1137403147,9.5771791027,0.02906523163999992,0.012505773505000128,0.026442836373999974,0.007417546574999996,0.027110398198018554,0.008576961797333613,0.9185802878110881,0.39523363060743627,-1,-1,instant_velocity,dbscan_kmeans_fallback,False
410,26,4.02682894247,11.5470770895,-0.017552790141999973,0.030810980140000055,-0.01369286003220001,0.030944629630199998,-0.018225102423616628,0.028690281326359736,-0.4950013515971091,0.8688918792937812,-1,-1,instant_velocity,dbscan_kmeans_fallback,False
410,27,5.36033587705,4.87223981115,-0.03643151047600002,0.0027445876969999896,-0.0440250916316,0.008338773402000009,-0.04336019782323434,0.0078238189368435,-0.9971740270458505,0.07512264879055504,4,4,instant_velocity,dbscan_kmeans_fallback,False
410,28,9.15228575718,-0.034128351359,-0.0062508137550000955,-0.00143195879828,-0.007972418352599995,-0.01700689732758,-0.011395507007887542,-0.011630973457897199,-0.9747484291226258,-0.22329886058039042,5,5,instant_velocity,dbscan_kmeans_fallback,False
410,29,5.4838788964,5.51208673418,-0.046765347358999954,0.0035321650360000236,-0.04320848700619999,0.007890092978400017,-0.044033159205727056,0.007890942683289989,-0.9971595780653573,0.07531500129608595,4,4,instant_velocity,dbscan_kmeans_fallback,False
410,30,8.81491018645,0.776121668668,-0.03293778965600005,-0.007279123891299999,-0.03304302221100002,-0.009775505396239998,-0.032442775892315305,-0.0072917105383245055,-0.9764396308610679,-0.21578937505049628,-1,-1,instant_velocity,dbscan_kmeans_fallback,False
410,32,11.1094008116,13.2129224915,-0.008586976469999997,0.035369382310000044,-0.011983883342000005,0.04047192883400001,-0.013369535747683552,0.039368630452993714,-0.2359264164071328,0.9717706398853274,-1,-1,instant_velocity,dbscan_kmeans_fallback,False
410,33,12.3067368202,9.15403527781,-0.04053558012000007,-0.010596495106999981,-0.04260655679400003,-0.010109629115800019,-0.03743449723693494,-0.008903847064116859,-0.9674886886288077,-0.25291334488820366,6,6,instant_velocity,dbscan_kmeans_fallback,False
410,34,13.1094507484,8.64378062602,-0.055710114509999895,-0.012625103405000004,-0.055710114509999895,-0.012625103405000004,-0.032949933490620004,-0.011375981879207995,-0.9752697781651526,-0.22101698956113833,6,6,instant_velocity,dbscan_kmeans_fallback,False
410,35,14.6035425616,9.67502962058,-0.028518022350000116,0.02541726866899996,-0.028518022350000116,0.02541726866899996,-0.008555406705000036,0.007625180600699989,-0.7465256708923234,0.6653562197441629,-1,-1,instant_velocity,dbscan_kmeans_fallback,False
410,36,14.7653902309,10.1855229322,0.0,0.0,0.0,0.0,0.0,0.0,0.0,0.0,-1,-1,instant_velocity,dbscan_kmeans_fallback,False
410,37,14.9867995262,4.02595216137,-0.012143836829999977,-0.040405104090999976,-0.012143836829999977,-0.040405104090999976,-0.0036431510489999936,-0.012121531227299994,-0.287832814239655,-0.9576804253025148,-1,-1,instant_velocity,dbscan_kmeans_fallback,False
410,73,13.0833530748,8.29891721544,0.02803395261000006,-0.023173866552,0.024262417837999983,-0.026104608892600006,0.02162822817470436,-0.024553188118550937,0.770753820451757,-0.637132637986333,-1,-1,instant_velocity,dbscan_kmeans_fallback,False
410,74,12.7678658754,11.9062600881,0.0012417441400000228,0.008424690929999912,0.0015111394859999906,0.01120269099799998,0.001441032457825091,0.009435216062490849,0.14581783947310317,0.9893102693774042,-1,-1,instant_velocity,dbscan_kmeans_fallback,False
410,75,5.08462658344,7.69821049956,0.016353139018000017,0.001288762918999975,0.006330790497400009,-0.00017660825180000118,0.007705276151353425,-0.0009206687668262053,0.99690840955407,0.07856464685210349,0,0,instant_velocity,dbscan_kmeans_fallback,False
410,76,7.47340557769,8.41848577509,0.04024092896000005,0.006324484691999999,0.02995760370400001,0.005999907364799988,0.03080457992719033,0.005822166806903875,0.9878734562146,0.1552596004349886,7,7,instant_velocity,dbscan_kmeans_fallback,False
410,77,6.79002536674,8.84234557938,0.03813627786399998,0.005966494992999926,0.03800999879840001,0.009030886820999982,0.03690949267546145,0.008386038014404365,0.9879813263077238,0.15457160390990968,7,7,instant_velocity,dbscan_kmeans_fallback,False
410,78,6.86116257379,9.40319610871,0.035084533774000004,0.006372216651999984,0.03698292906339999,0.008477196085800004,0.03573366675235858,0.008484608899074165,0.9839031278435092,0.17870107482646688,7,7,instant_velocity,dbscan_kmeans_fallback,False
410,79,4.37767428021,9.83278374819,0.013764418168999981,-0.04038123811100007,0.014038022812,-0.03872493910220001,0.015677967454456664,-0.036866856479836535,0.32263368031444345,-0.9465236603133773,-1,-1,instant_velocity,dbscan_kmeans_fallback,False
410,80,3.27673129176,6.68175841258,0.043418952116,-0.0022434021170000483,0.0365704174486,0.014753948818399998,0.03544847491677721,0.010640835809607197,0.998667608185338,-0.05159988708149324,-1,-1,instant_velocity,dbscan_kmeans_fallback,False
410,81,3.00965106765,5.77819241086,0.04209302192600002,0.025632062488999983,0.0373912313762,0.014290948806799993,0.03528608404328295,0.014908367004465312,0.8541062390258919,0.520098189420652,-1,-1,instant_velocity,dbscan_kmeans_fallback,False
410,82,12.1381542674,12.3642482438,-0.0028202324700000504,-0.011121546659999915,-0.0018983952900000034,-0.015799278739999992,-0.0019635266773396247,-0.013992776169663688,-0.24580258768802404,-0.9693190108264484,-1,-1,instant_velocity,dbscan_kmeans_fallback,False
410,217,9.12471482781,3.10687327267,0.030622673449999915,-0.040142578311999966,0.03849406855039998,-0.017789701470599998,0.03434423179797659,-0.01987991303344236,0.6065173314202402,-0.7950700161393746,-1,-1,instant_velocity,dbscan_kmeans_fallback,False
410,219,11.3646949896,0.19116649957,0.001178604620000101,-0.0006682474391999982,0.0011786046139999938,-0.0006682474391999999,0.0019653268570818967,-0.0018387519342985526,0.8698981326698096,-0.49321646093785954,5,5,instant_velocity,dbscan_kmeans_fallback,False
410,220,10.3759299045,1.56560828612,0.007008488149999969,-0.01670618598,0.008296534620599977,-0.017054629287599998,0.009032562286489389,-0.01718167970452119,0.38685171195880813,-0.9221413389512926,-1,-1,instant_velocity,dbscan_kmeans_fallback,False
410,315,5.8774486514,10.120130147,-0.02470860387,-0.016610722060000072,-0.023109069036999993,-0.019570103578000014,-0.02203298061193886,-0.017702981356156024,-0.8298995821724435,-0.5579121900090039,-1,-1,instant_velocity,dbscan_kmeans_fallback,False
410,419,14.3486693138,4.6624578472,0.01094418570000002,0.041049485550999965,0.016858255280000022,0.0336510317596,0.01665202501878462,0.03288633196771279,0.25761108287568885,0.9662484459015552,-1,-1,instant_velocity,dbscan_kmeans_fallback,False
410,420,13.8195600282,5.32306817281,-0.002378255740000057,0.027040155308000014,0.008048185791999991,0.028658268749600008,0.007589183669951844,0.027046868810106418,-0.08761448110673695,0.9961540874304559,-1,-1,instant_velocity,dbscan_kmeans_fallback,False
420,4,4.86658472987,7.01134759598,0.0011575581029999783,-0.0001193298999999648,0.0025634650351999966,0.0009689587867999982,0.00378925885610445,0.0012325024720067804,0.9947199029887999,-0.10254329890136875,0,0,instant_velocity,dbscan_kmeans_fallback,False
420,7,0.754517418008,6.62567335964,-0.029128371172200008,0.0009307732180000805,-0.021951510933840002,-0.0049545774421999944,-0.02358543650682083,-0.003303555118522335,-0.9994895128662851,0.03193786788654209,1,1,instant_velocity,dbscan_kmeans_fallback,False
420,8,1.19775693888,7.68317493218,-0.028707440952999996,0.0026013918170000316,-0.026295510796599995,0.003360329980000003,-0.026965406726687055,0.003013154661431592,-0.99591901771079,0.09024752806455974,1,1,instant_velocity,dbscan_kmeans_fallback,False
420,10,12.3974472825,7.26814554047,0.02310906904000003,0.0017660825180000118,0.027709836334000003,0.00039140207139999107,0.027197151185495223,-0.0005053210299400477,0.9970920026053657,0.07620154457935516,2,2,instant_velocity,dbscan_kmeans_fallback,False
420,11,11.3663787104,7.5760166821,0.011764999619999906,-0.005131185693999995,0.006225557942000002,-0.007928278546600005,0.00826474499019389,-0.007118271016311511,0.9166138249820471,-0.3997718569982014,2,2,instant_velocity,dbscan_kmeans_fallback,False
420,12,11.6547159106,7.1619419296,0.021698952800000094,0.008687216709000013,0.022351394641999995,0.003594216583600005,0.024029133292753312,0.004004087711431105,0.928363602836664,0.37167212062833205,2,2,instant_velocity,dbscan_kmeans_fallback,False
420,13,12.2715891469,6.46433933504,0.02555046430000001,-0.0022672680970000415,0.027688789822000005,-0.0011026082745999944,0.027481404035823154,-0.0019054562811723912,0.9960855958761158,-0.08838951288298869,2,2,instant_velocity,dbscan_kmeans_fallback,False
420,19,3.83930452979,5.43141972188,-0.032685231524999955,-0.01066809304699996,-0.03712604533799999,-0.007178886775399995,-0.0367574616611369,-0.0067026823471673085,-0.9506449552971754,-0.3102798531506317,3,3,instant_velocity,dbscan_kmeans_fallback,False
420,20,3.82099406525,4.71830424033,-0.03611581281200005,-0.00999984560799998,-0.037025022085400004,-0.009145443525200001,-0.037189727648667285,-0.0080814603165517,-0.9637397597372678,-0.266842915977833,3,3,instant_velocity,dbscan_kmeans_fallback,False
420,23,12.4086019333,9.68266673417,0.02948616186000006,0.010548763146999995,0.02778139447000001,0.007536876474799996,0.027823127296613008,0.009168502202233527,0.9415595063534921,0.3368457471164816,-1,-1,instant_velocity,dbscan_kmeans_fallback,False
420,26,3.77090336916,11.8177173024,-0.025592557330999986,0.027064021290000007,-0.015742790200000006,0.03137899046600001,-0.020435338895831635,0.02820240331545182,-0.687078605096035,0.726582723083267,-1,-1,instant_velocity,dbscan_kmeans_fallback,False
420,27,4.99602077229,4.89992434792,-0.03643151047600002,0.0027684536769999823,-0.0425560451662,0.006410402220399991,-0.04128159161906404,0.0063072093588904445,-0.997124883435349,0.07577215476128285,4,4,instant_velocity,dbscan_kmeans_fallback,False
420,28,9.08956715451,-0.0482092795421,-0.006271860266999951,-0.00140809281831,-0.005943534695799997,-0.009746866220301999,-0.009858412985621266,-0.008564109266021039,-0.9757106050084645,-0.21905639430301016,5,5,instant_velocity,dbscan_kmeans_fallback,False
420,29,5.0465323986,5.52354240457,-0.04373464978000001,0.0011455670389999284,-0.043667300945199994,0.005532134157400001,-0.04394360637800894,0.0058673299900029695,-0.9996568961197714,0.026184592680275152,4,4,instant_velocity,dbscan_kmeans_fallback,False
420,30,8.63054275041,0.714786100142,-0.01843674360400005,-0.006133556852600008,-0.03009651067580002,-0.00947002085256,-0.028240966205820728,-0.006944264432607156,-0.9488683004041559,-0.3156705864747251,5,5,instant_velocity,dbscan_kmeans_fallback,False
420,32,11.023741512,13.5663776549,-0.008565929959999963,0.03534551633999996,-0.010847371749999972,0.03876312467000002,-0.011928454011378474,0.038161696219095584,-0.23553035919143156,0.9718667089553041,-1,-1,instant_velocity,dbscan_kmeans_fallback,False
420,33,11.9013810191,9.04783166694,-0.04053558010999989,-0.010620361086999885,-0.04260655679199999,-0.00993779405999998,-0.038364822098854424,-0.009418801270981767,-0.9673491798875681,-0.25344641817731733,6,6,instant_velocity,dbscan_kmeans_fallback,False
420,34,12.559715882,8.56024969612,-0.05497348663999997,-0.008353092990000022,-0.05497348663999997,-0.008353092990000022,-0.03955699943543399,-0.010469115212445604,-0.9886519031805165,-0.15022334923174446,6,6,instant_velocity,dbscan_kmeans_fallback,False
420,35,14.318362338,9.92896364748,-0.02851802235999994,0.025393402689999966,-0.02851802235999994,0.025393402689999966,-0.014544191401500008,0.012955647227489982,-0.746836034408907,0.6650078299871311,7,7,instant_velocity,dbscan_kmeans_fallback,False
420,36,14.5157786109,10.4418435571,-0.02496116199999996,0.025632062490000072,-0.02496116199999996,0.025632062490000072,-0.0074883485999999895,0.007689618747000023,-0.6976685321253976,0.7164203097894578,7,7,instant_velocity,dbscan_kmeans_fallback,False
420,37,14.865361158,3.62213978025,-0.012143836819999976,-0.04038123811200003,-0.012143836819999976,-0.04038123811200003,-0.006193356780299988,-0.020599443292710004,-0.2879888229131108,-0.9576335225862297,-1,-1,instant_velocity,dbscan_kmeans_fallback,False
420,73,13.4085216691,8.03853937395,0.032516859430000086,-0.026037784148999953,0.026556487532000014,-0.025145196497799987,0.02489481755129308,-0.024998566927685643,0.7805840275558742,-0.6250504746133421,-1,-1,instant_velocity,dbscan_kmeans_fallback,False
420,74,12.7802833169,11.9905069974,0.0012417441500000236,0.00842469093000009,0.0013890697240000094,0.009937794060000015,0.0013812459654775709,0.009132058522743621,0.14581784062242995,0.9893102692080012,-1,-1,instant_velocity,dbscan_kmeans_fallback,False
420,75,5.26225913597,7.71324606694,0.017763255252999953,0.0015035567380000004,0.009121557851199995,0.00023388660380000204,0.010722669881847384,-0.0001934011153783435,0.9964362550830809,0.08434256131429681,0,0,instant_velocity,dbscan_kmeans_fallback,False
420,76,7.9612637018,8.37576567094,0.048785812410999975,-0.004272010414999983,0.0377153476448,0.004071536183000006,0.036198949672333225,0.0027939136403327173,0.9961877459458534,-0.08723282888318744,-1,-1,instant_velocity,dbscan_kmeans_fallback,False
420,77,7.17159861049,8.90201052931,0.03815732437500001,0.005966494992999926,0.038089975540000015,0.008085794014199977,0.03728384218532302,0.007660175107983034,0.9879943431000584,0.15448838192336561,8,8,instant_velocity,dbscan_kmeans_fallback,False
420,78,7.21200791154,9.46691827523,0.035084533775,0.006372216651999984,0.036612510470400005,0.007656206374800014,0.03553892685915101,0.007850891224951912,0.9839031278444046,0.17870107482153608,8,8,instant_velocity,dbscan_kmeans_fallback,False
420,79,4.73967426877,9.54639198854,0.036199998856000004,-0.028639175964999986,0.0182389064002,-0.037187969991199984,0.021834576874919666,-0.03439855232538557,0.7842475823233668,-0.6204476580131721,-1,-1,instant_velocity,dbscan_kmeans_fallback,False
420,80,3.71071034781,6.6593243914,0.04339790560500001,-0.00224340211799996,0.0383341150672,0.011274288938400013,0.03783330412324405,0.00677556443132505,0.9986663182371508,-0.05162484461578075,-1,-1,instant_velocity,dbscan_kmeans_fallback,False
420,81,3.4305812869,6.03451303575,0.042093021924999974,0.025632062488999983,0.0385866731988,0.017985402506400003,0.037328165407798056,0.018125475649825716,0.8541062390204028,0.520098189429666,-1,-1,instant_velocity,dbscan_kmeans_fallback,False
420,82,12.1101624079,12.2527941173,-0.0027991859499998384,-0.011145412649999997,-0.002171999929999977,-0.014386412725999982,-0.0022142244591376887,-0.013138567113764581,-0.24358629694265407,-0.9698783302736529,-1,-1,instant_velocity,dbscan_kmeans_fallback,False
420,217,9.43073109721,2.70544748955,0.03060162694000006,-0.04014257831200001,0.0393864406154,-0.022854062420599997,0.03322145034058363,-0.025958712617009654,0.6062537250640168,-0.7952710384660342,-1,-1,instant_velocity,dbscan_kmeans_fallback,False
420,219,11.3764810357,0.184484025178,0.0011786046099999225,-0.000668247439200001,0.0011786046139999938,-0.0006682474391999999,0.0017293101829573042,-0.001487600585768987,0.8698981308742504,-0.4932164641046359,5,5,instant_velocity,dbscan_kmeans_fallback,False
420,220,10.446014786,1.39854642632,0.007008488149999969,-0.01670618598,0.006364464913999974,-0.017216917951400002,0.008425340045542563,-0.017039031587164834,0.38685171195880813,-0.9221413389512926,-1,-1,instant_velocity,dbscan_kmeans_fallback,False
420,315,5.6303626127,9.95426158625,-0.02470860387,-0.0165868560749999,-0.025188464320000003,-0.01849613447699998,-0.022835667589357202,-0.01736814377180919,-0.830270713306175,-0.5573597317498711,-1,-1,instant_velocity,dbscan_kmeans_fallback,False
420,419,14.4581111708,5.07295270271,0.01094418570000002,0.041049485551000055,0.013633929800000005,0.036405165848400006,0.01493967322314924,0.03533527804269897,0.25761108287568835,0.9662484459015555,-1,-1,instant_velocity,dbscan_kmeans_fallback,False
420,420,13.7871484013,5.58917384949,-0.00324116269000001,0.026610567667999963,0.0030306975779999944,0.028839650197399997,0.004340079761966288,0.026915978467474483,-0.12090625480660747,0.9926635540209997,-1,-1,instant_velocity,dbscan_kmeans_fallback,False
430,4,4.87794984579,7.00991563718,0.0011365115920000334,-0.00014319588000004656,0.0011449301963999937,-0.0001288762919999975,0.002993434676873125,0.0008197929664047322,0.9921471191068533,-0.12500653826152325,0,0,instant_velocity,dbscan_kmeans_fallback,False
430,7,0.463023241176,6.63474243203,-0.029149417683199997,0.0009069072389999988,-0.02406878993668,-0.003226680492199989,-0.025254630859734582,-0.0020404164112656346,-0.9995160188186372,0.03109730433776438,1,1,instant_velocity,dbscan_kmeans_fallback,False
430,8,0.91068252935,7.70918885034,-0.028707440952999996,0.0026013918160000316,-0.0280129060912,0.0028209588326000025,-0.027488016994580936,0.0028896258078021236,-0.9959190177139081,0.09024752803015028,1,1,instant_velocity,dbscan_kmeans_fallback,False
430,10,12.6283275078,7.28556770585,0.023088022529999995,0.0017422165380000187,0.02611872010599999,0.0008591752789999951,0.02596441258884665,0.0001689402404419723,0.9971645834180247,0.07524579578356735,2,2,instant_velocity,dbscan_kmeans_fallback,False
430,11,11.5835787036,7.62828317824,0.021719999320000127,0.005226649614000056,0.011251464762000013,-0.0048209279541999986,0.012301321289135761,-0.0034147948272180407,0.9722460046528923,0.23395899466041542,2,2,instant_velocity,dbscan_kmeans_fallback,False
430,12,11.8687589271,7.23616512731,0.021404301649999978,0.007422319770999941,0.022031487675999984,0.005374618689599995,0.023241683799927314,0.0050295573293017565,0.9448062454170094,0.32762825855254657,2,2,instant_velocity,dbscan_kmeans_fallback,False
430,13,12.5119403021,6.44787180886,0.024035115519999907,-0.001646752617999958,0.026131348009999975,-0.001665845401999988,0.026447517481076183,-0.0018278451822206611,0.9976607024766715,-0.06835417006055407,2,2,instant_velocity,dbscan_kmeans_fallback,False
430,19,3.52823709776,5.3285573482,-0.03110674320300002,-0.010286237367999985,-0.034587836116,-0.008849505373399999,-0.03506224612369584,-0.007777748853417112,-0.9494373283811499,-0.31395564820255384,3,3,instant_velocity,dbscan_kmeans_fallback,False
430,20,3.45731035582,4.68202795078,-0.03636837094300001,-0.0036276289549999952,-0.036364161641,-0.009188402288999989,-0.036943320636967106,-0.006745310908086189,-0.9950618313050869,-0.09925424256464896,3,3,instant_velocity,dbscan_kmeans_fallback,False
430,23,12.7419786669,9.61297807266,0.03333767335999997,-0.006968866150999986,0.029423022323999994,0.00484002073820001,0.029477491115629098,0.004327291696263473,0.978842036673486,-0.20461593293833114,-1,-1,instant_velocity,dbscan_kmeans_fallback,False
430,26,3.46088826268,12.0628209167,-0.031001510647999986,0.02451036142999996,-0.020141510991199995,0.02946493887199999,-0.023605190421482142,0.02709479074981626,-0.7844456880917274,0.6201971108970349,-1,-1,instant_velocity,dbscan_kmeans_fallback,False
430,27,4.65127892272,4.89252589413,-0.03447418495699992,-0.0007398453789999593,-0.040409301048199994,0.004138360927200004,-0.0392393696204448,0.004193092937523323,-0.9997695054941943,-0.021455905328220514,3,3,instant_velocity,dbscan_kmeans_fallback,False
430,28,9.02684855184,-0.0625288675249,-0.006271860266999951,-0.0014319587982800004,-0.0061455812009999986,-0.004544082586538,-0.00878244717003487,-0.006424464125698727,-0.974911299888963,-0.22258672132157745,4,4,instant_velocity,dbscan_kmeans_fallback,False
430,29,4.68011264274,5.47939034162,-0.036641975586,-0.004415206294999941,-0.0428885800396,0.002701628932800002,-0.04175311714040626,0.002782569104502096,-0.992818213823754,-0.11963048272812186,3,3,instant_velocity,dbscan_kmeans_fallback,False
430,30,8.59139624002,0.664906202002,-0.003914651038999928,-0.004987989813999993,-0.024266627139800007,-0.007909185762559999,-0.020943071655774487,-0.006357382047025007,-0.6173832557539971,-0.7866605121006666,4,4,instant_velocity,dbscan_kmeans_fallback,False
430,33,11.4848705672,8.95141310785,-0.04165104519000007,-0.009641855909000085,-0.04235399866000002,-0.00984233014019999,-0.039350689026198114,-0.009485717662387263,-0.9742366018815949,-0.2255273281562566,5,5,instant_velocity,dbscan_kmeans_fallback,False
430,34,12.0209252014,8.54115691214,-0.05387906806,-0.0019092783979999695,-0.051067254198,-0.013111969396399985,-0.043853620022803796,-0.007901164168111914,-0.9993725373088262,-0.03541413141952108,5,5,instant_velocity,dbscan_kmeans_fallback,False
430,35,14.0331821145,10.1831363342,-0.02851802234999994,0.02541726867200005,-0.02851802234999994,0.02541726867200005,-0.01873634068604999,0.016694133660843002,-0.7465256708533128,0.6653562197879324,6,6,instant_velocity,dbscan_kmeans_fallback,False
430,36,14.266377456,10.698164182,-0.024940115489999925,0.025632062489999895,-0.024940115489999925,0.025632062489999895,-0.01272387866699997,0.013072351869899985,-0.6973664201481983,0.716714389988825,6,6,instant_velocity,dbscan_kmeans_fallback,False
430,37,14.6483716299,3.22190729613,-0.021698952810000095,-0.040023248412,-0.021698952810000095,-0.040023248412,-0.01084503558921002,-0.026426584828497003,-0.4766174468776204,-0.8791105562055062,-1,-1,instant_velocity,dbscan_kmeans_fallback,False
430,73,13.7418984028,7.79343575964,0.03333767336999997,-0.02451036143099996,0.02901472001400002,-0.023880299559400006,0.02742767429690515,-0.024852105278679936,0.8056811941225025,-0.5923489934925291,-1,-1,instant_velocity,dbscan_kmeans_fallback,False
430,74,12.7924902933,12.0747539067,0.0012206976399999903,0.008424690929999912,0.0012627906580000214,0.008677670317999996,0.0013330814678342968,0.008919848244920509,0.14339760183402714,0.9896639724435585,-1,-1,instant_velocity,dbscan_kmeans_fallback,False
430,75,5.43989168849,7.72804297452,0.017763255252000044,0.0014796907580000075,0.011908115902600009,0.0006348350672000081,0.012834845492893182,0.00030852644663516185,0.9965478939023438,0.08301309008919636,0,0,instant_velocity,dbscan_kmeans_fallback,False
430,76,8.45880322096,8.32158989641,0.049753951916,-0.005417577453,0.043848300939399995,0.001856773241799985,0.04026545034543326,0.0003304663123329017,0.9941237710116488,-0.10824753250589694,7,7,instant_velocity,dbscan_kmeans_fallback,False
430,77,7.53591371525,8.9120342409,0.03643151047600002,0.0010023711590001483,0.037774277875600004,0.0061287836566000205,0.03702814267252612,0.005662833923288168,0.9996214344802536,0.027503435425809332,7,7,instant_velocity,dbscan_kmeans_fallback,False
430,78,7.57400790009,9.52181002917,0.036199998855000005,0.005489175393999979,0.03622525466859999,0.006964092955599988,0.03573724845790571,0.0071423764756663325,0.9886977229680258,0.1499208669800908,7,7,instant_velocity,dbscan_kmeans_fallback,False
430,79,5.10167425732,9.26000022888,0.036199998855000005,-0.028639175966000074,0.0227344411416,-0.03544575345440002,0.02614420346894377,-0.03267073941756992,0.7842475823044844,-0.6204476580370393,-1,-1,instant_velocity,dbscan_kmeans_fallback,False
430,80,4.14489986897,6.63689037023,0.043418952115999956,-0.0022434021170000483,0.04008518477939999,0.006610876452000003,0.03950899852107083,0.00406987446682752,0.998667608185338,-0.05159988708149329,8,8,instant_velocity,dbscan_kmeans_fallback,False
430,81,3.88897429566,6.09990582088,0.045839300876000036,0.006539278513000024,0.0407376266192,0.017226464343399996,0.03988150604825865,0.014649616508778008,0.9899770562360996,0.1412267545205337,8,8,instant_velocity,dbscan_kmeans_fallback,False
430,82,12.0741728741,12.1776162804,-0.0035989533800000473,-0.007517783690000002,-0.002605558057999993,-0.01225279411599999,-0.0026296431353963964,-0.011452332086635209,-0.43179588335529684,-0.9019700192108494,-1,-1,instant_velocity,dbscan_kmeans_fallback,False
430,217,9.57216365088,2.17061087839,0.014143255367000052,-0.05348366111599998,0.03371651056200001,-0.031188062626599997,0.027497991848508554,-0.03421619716670675,0.2556528996914169,-0.9667684486784978,-1,-1,instant_velocity,dbscan_kmeans_fallback,False
430,219,11.3882670818,0.177801550787,0.0011786046100001,-0.0006682474391000004,0.0011786046139999938,-0.0006682474391800003,0.001564098511070143,-0.0012417946417682911,0.8698981309059498,-0.4932164640487266,4,4,instant_velocity,dbscan_kmeans_fallback,False
430,220,10.5278857137,1.25654384549,0.00818709277000007,-0.014200258083000006,0.006688581183999993,-0.0165534437082,0.008353865862879815,-0.016187399535915387,0.49947661172586727,-0.8663266671313952,-1,-1,instant_velocity,dbscan_kmeans_fallback,False
430,315,5.45420331595,9.78218787065,-0.017615929674999985,-0.017207371559999983,-0.023929882964400004,-0.017923350959000005,-0.021269746215050036,-0.017319912108266427,-0.7153532621936427,-0.698762404614567,-1,-1,instant_velocity,dbscan_kmeans_fallback,False
430,410,5.96331841613,0.0546530941344,0.0,0.0,0.0,0.0,0.0,0.0,0.0,0.0,4,4,instant_velocity,dbscan_kmeans_fallback,False
430,419,14.5608181443,5.45289910385,0.010270697350000014,0.03799464011399998,0.011642929863999996,0.037913495782400004,0.013538980461204471,0.03613308666408927,0.26095337130379076,0.9653511432914071,9,9,instant_velocity,dbscan_kmeans_fallback,False
430,420,13.8023018892,5.87580426895,0.0015153487900001039,0.02866304194599998,0.0012838371680000194,0.028734639885599992,0.0034926604703764325,0.02744009751103213,0.052793942814897896,0.9986050785034374,9,9,instant_velocity,dbscan_kmeans_fallback,False
440,4,4.88952542682,7.00872233818,0.0011575581029999783,-0.0001193298999999648,0.0011449301963999937,-0.0001288762919999975,0.002442671704711181,0.000538056106483323,0.9947199029887999,-0.10254329890136875,0,0,instant_velocity,dbscan_kmeans_fallback,False
440,7,0.177422087414,6.73712748611,-0.028560115376200002,0.010238505407999999,-0.026063999176119998,0.0003627628955999995,-0.026246276214674208,0.001643260134514056,-0.9413393715545317,0.33746041006738897,1,1,instant_velocity,dbscan_kmeans_fallback,False
440,8,0.621293003615,7.73377080971,-0.02893895257350001,0.0024581959369999852,-0.028749533974899998,0.002577525836800003,-0.027923297668256658,0.0027601968465614823,-0.9964113062788077,0.08463935308143651,1,1,instant_velocity,dbscan_kmeans_fallback,False
440,10,12.8594181981,7.30298987123,0.02310906903000003,0.0017422165380000187,0.02453181317800002,0.0013269484863999992,0.025107809521192667,0.0006409231297093863,0.9971697234714673,0.0751776534645149,2,2,instant_velocity,dbscan_kmeans_fallback,False
440,11,11.8005682316,7.68031101458,0.021698952799999914,0.005202783633999975,0.014749394882000005,-0.0020286082976000053,0.015120610742395008,-0.0008295212888526358,0.9724373369164306,0.23316245296405938,2,2,instant_velocity,dbscan_kmeans_fallback,False
440,12,12.0722786881,7.26003110728,0.02035197610000008,0.0023865979970000063,0.02149690629600002,0.006152649636599996,0.022374771489949142,0.004236669529611232,0.9931939490966876,0.1164680362191793,2,2,instant_velocity,dbscan_kmeans_fallback,False
440,13,12.6140158803,6.48892129441,0.010207557820000091,0.004104948554999943,0.022183022554000013,-0.00086872167100001,0.021575529582753356,-4.800706105447948e-05,0.9277870680529346,0.3731076768322919,2,2,instant_velocity,dbscan_kmeans_fallback,False
440,19,3.27946733818,5.24192384091,-0.024876975958,-0.008663350729000019,-0.03080367344480001,-0.010195546643599993,-0.032006665073987084,-0.008043429416091985,-0.9443728150595896,-0.32887570135562594,3,3,instant_velocity,dbscan_kmeans_fallback,False
440,20,3.0938371115,4.64599032102,-0.03634732443199997,-0.003603762976000002,-0.036199998855400005,-0.008081020818399995,-0.03676452177547696,-0.005802846528460333,-0.9951205126706444,-0.09866416624227116,3,3,instant_velocity,dbscan_kmeans_fallback,False
440,23,13.0751449355,9.54352807094,0.03331662685999994,-0.006945000171999993,0.030593208335999975,0.002825732028600001,0.03062923183894035,0.0009456041357844324,0.9789564452243703,-0.20406785804076943,4,4,instant_velocity,dbscan_kmeans_fallback,False
440,26,3.15108362131,12.3081631908,-0.030980464136999997,0.024534227410000043,-0.024531813177999996,0.027550887278000005,-0.025817772536137498,0.026326621747871395,-0.783946770504201,0.6208276370499743,-1,-1,instant_velocity,dbscan_kmeans_fallback,False
440,27,4.33558125829,4.8328609442,-0.031569766443000004,-0.005966494993000016,-0.03725232440359999,0.0013508144664000099,-0.03693848866721136,0.0011452165583663207,-0.982604962099691,-0.1857063971965089,3,3,instant_velocity,dbscan_kmeans_fallback,False
440,28,8.96434041428,-0.076609795708,-0.0062508137560000065,-0.00140809281831,-0.006263441662399991,-0.0014176392102976,-0.00802295714582441,-0.004919552733482108,-0.9755527289469199,-0.21975839388820825,5,5,instant_velocity,dbscan_kmeans_fallback,False
440,29,4.31369288688,5.43523827867,-0.036641975586,-0.004415206295000029,-0.042109859134,-0.0001241030959999989,-0.040219774674084385,0.0006232364846514582,-0.9928182138237536,-0.11963048272812421,3,3,instant_velocity,dbscan_kmeans_fallback,False
440,30,8.55224972963,0.615026303862,-0.003914651038999928,-0.0049879898140000045,-0.01843253430099999,-0.006348350672360001,-0.01583454547074212,-0.005946564377117506,-0.6173832557539963,-0.7866605121006675,5,5,instant_velocity,dbscan_kmeans_fallback,False
440,33,11.0422624416,8.87742856994,-0.04426081255999996,-0.007398453791000037,-0.042299277732,-0.009489113636600023,-0.04082372608633867,-0.008859538500971095,-0.9863153506807975,-0.16486838183266023,6,6,instant_velocity,dbscan_kmeans_fallback,False
440,34,11.4821345207,8.52206412817,-0.05387906807,-0.0019092783970000582,-0.05287304484,-0.009135897133000021,-0.04686125443696266,-0.0061035984367783565,-0.9993725373097152,-0.0354141313944329,6,6,instant_velocity,dbscan_kmeans_fallback,False
440,35,13.7454763096,10.4005554117,-0.028770580489999985,0.02174190774999989,-0.028770580489999985,0.02174190774999989,-0.021746612627234988,0.018208465887590067,-0.7978119371117941,0.6029059283166848,7,7,instant_velocity,dbscan_kmeans_fallback,False
440,36,14.0169763011,10.9544848068,-0.024940115490000102,0.02563206248000007,-0.024940115490000102,0.02563206248000007,-0.01638874971390001,0.01684026505293001,-0.6973664202879543,0.7167143898528419,7,7,instant_velocity,dbscan_kmeans_fallback,False
440,37,14.3678216388,2.82406141001,-0.028054999109999913,-0.03978458861199998,-0.028054999109999913,-0.03978458861199998,-0.01600802464544699,-0.030433985963547898,-0.5762958383294278,-0.8172409044408631,-1,-1,instant_velocity,dbscan_kmeans_fallback,False
440,73,14.1483065295,7.68651616937,0.04064081266999988,-0.010691959027000042,0.032125394333999996,-0.02127413454639999,0.03139161580883357,-0.020604061403175968,0.9670918257337978,-0.2544266587396581,4,4,instant_velocity,dbscan_kmeans_fallback,False
440,74,12.8110112229,12.1835827754,0.0018520929599999292,0.010882886869999987,0.001359604607999998,0.008916330117999997,0.0014887849154839865,0.009508759832444352,0.16777161344545158,0.985824971293173,-1,-1,instant_velocity,dbscan_kmeans_fallback,False
440,75,5.46304285055,7.71205276794,0.0023151162059999566,-0.0015990206579999723,0.011605046144800006,0.000424814443399999,0.009678926706825214,-0.0002637376847553785,0.8228128671934537,-0.5683061476139764,0,0,instant_velocity,dbscan_kmeans_fallback,False
440,76,8.97633692553,8.21490896594,0.0517533704569999,-0.01066809304700005,0.04615499854099998,-0.0015417423060000246,0.04371182637890325,-0.0029691014954669843,0.9794082854602987,-0.20188866209157302,-1,-1,instant_velocity,dbscan_kmeans_fallback,False
440,77,7.8890741692,8.88888424033,0.035316045394999926,-0.0023150000570000273,0.037231277892599994,0.0035082990557999947,0.03651451348926826,0.003269483729201709,0.9978581541705156,-0.06541054237374333,8,8,instant_velocity,dbscan_kmeans_fallback,False
440,78,7.94737300457,9.56787137051,0.037336510448000036,0.004606134133999973,0.036061091883199996,0.006095371284600013,0.03621702705493401,0.006381503773166425,0.992475670197961,0.12243983186458185,8,8,instant_velocity,dbscan_kmeans_fallback,False
440,79,5.51271261642,9.00630486179,0.04110383591,-0.025369536708999975,0.028206533991999995,-0.0326868461682,0.03063209320126064,-0.030480378604998935,0.8509655579383564,-0.5252211012004251,-1,-1,instant_velocity,dbscan_kmeans_fallback,False
440,80,4.6245498538,6.63474243203,0.047964998482999996,-0.00021479381999993662,0.04274546376499999,0.0023579588210000148,0.04204579850964958,0.0027844739807792824,0.999989764815518,-0.0044780908649812825,9,9,instant_velocity,dbscan_kmeans_fallback,False
440,81,4.35662776925,6.11756664605,0.046765347358999995,0.0017660825170000116,0.043073789336,0.015512886981200005,0.04194665844148106,0.010784556311244609,0.9992874594391965,0.03773785957420634,9,9,instant_velocity,dbscan_kmeans_fallback,False
440,82,12.0346054335,12.1179513305,-0.003956744060000084,-0.005966494990000015,-0.003110674320000015,-0.009804144571999985,-0.0030277734127775024,-0.00980658095764465,-0.5526748682539969,-0.8333952822150243,-1,-1,instant_velocity,dbscan_kmeans_fallback,False
440,217,9.67234504306,1.60236189528,0.010018139217999966,-0.056824898311000016,0.026396534049200008,-0.040333506151399995,0.022254036059355976,-0.04099880750999473,0.17362085910169267,-0.9848123936424799,-1,-1,instant_velocity,dbscan_kmeans_fallback,False
440,219,11.400053128,0.171119076395,0.0011786046199999233,-0.0006682474391999982,0.0011786046139999938,-0.0006682474391799997,0.001448450343749077,-0.001069730480997803,0.8698981326697779,-0.4932164609379158,5,5,instant_velocity,dbscan_kmeans_fallback,False
440,220,10.6558485003,1.21501704034,0.012796278659999948,-0.0041526805149999955,0.008153418345999981,-0.013851814775399998,0.009686589702015854,-0.01257698382964077,0.9511667767741561,-0.3086750332166808,5,5,instant_velocity,dbscan_kmeans_fallback,False
440,315,5.30856146008,9.60796621686,-0.014564185587000011,-0.0174221653790001,-0.021581092340999995,-0.01748421692680001,-0.01925807802663503,-0.01735058808948653,-0.6413714424797444,-0.7672299472909723,-1,-1,instant_velocity,dbscan_kmeans_fallback,False
440,410,5.89112888353,0.22505619113,-0.00721895325999995,0.01704030969956,-0.00721895325999995,0.01704030969956,-0.0021656859779999853,0.005112092909868001,-0.39007933013864016,0.9207806663315873,-1,-1,instant_velocity,dbscan_kmeans_fallback,False
440,419,14.661841397,5.82520839141,0.010102325269999924,0.03723092875600002,0.010982069422000008,0.03863424837760001,0.012507983903843107,0.0364624392916625,0.2618730016306068,0.9651020736564615,10,10,instant_velocity,dbscan_kmeans_fallback,False
440,420,13.928580955,6.20992798854,0.012627906579999858,0.033412371959,0.002757092935999985,0.02927878422879999,0.00623323430326346,0.029231779845422492,0.3535341111049034,0.9354213341378391,10,10,instant_velocity,dbscan_kmeans_fallback,False
450,4,4.90089054274,7.00729037939,0.0011365115920000334,-0.00014319587900004648,0.0011449301963999937,-0.00013364948780001385,0.0020508236708978366,0.0003336805108383121,0.992147119215125,-0.12500653740218917,0,0,instant_velocity,dbscan_kmeans_fallback,False
450,8,0.310646501807,7.7449878203,-0.031064650180799996,0.0011217010590000242,-0.029220975820460002,0.0022768144892000033,-0.028865703422019662,0.0022686481102930445,-0.9993483997753257,0.036085072640888644,-1,-1,instant_velocity,dbscan_kmeans_fallback,False
450,10,12.989696101,7.24046100371,0.013027790289999962,-0.00625288675200002,0.021084394682000004,0.00014796907580000963,0.021483803751834854,-0.0014272198348034358,0.9015346514924518,-0.43270531328042455,1,1,instant_velocity,dbscan_kmeans_fallback,False
450,11,12.0175577596,7.73257751072,0.021698952800000094,0.005226649613999967,0.017232883176000014,0.0005632371273999936,0.017094113359676533,0.0009873299820031454,0.9721943657636677,0.23417348078436276,1,1,instant_velocity,dbscan_kmeans_fallback,False
450,12,12.2757984491,7.28389708725,0.0203519760999999,0.0023865979970000063,0.02109702258799999,0.0059092166407999965,0.02176793287296437,0.003681648069827864,0.9931939490966873,0.1164680362191803,1,1,instant_velocity,dbscan_kmeans_fallback,False
450,13,12.7163019236,6.52973212016,0.010228604329999946,0.004081082575000039,0.01911444125599999,0.000400948463600006,0.01817145200692733,0.0011907198297618762,0.9287998573245618,0.3705792883465472,1,1,instant_velocity,dbscan_kmeans_fallback,False
450,19,3.03069757861,5.15505167381,-0.024876975957000003,-0.008687216710000011,-0.029242022331400008,-0.009799371376200003,-0.029867758338890958,-0.008236565604264393,-0.9440911687344103,-0.3296833421783014,2,2,instant_velocity,dbscan_kmeans_fallback,False
450,20,2.73036386717,4.60971403147,-0.03634732443300002,-0.0036276289549999952,-0.036254719784199994,-0.0064867733561999865,-0.03663936257273388,-0.005150281256422232,-0.9950561533749084,-0.09931114793573263,2,2,instant_velocity,dbscan_kmeans_fallback,False
450,23,13.3790565538,9.54830126694,0.03039116183000008,0.0004773195999998592,0.031119371109999995,0.0019235979858000006,0.03055781083625827,0.0008051187750490604,0.9998763566944315,0.015703926861907053,-1,-1,instant_velocity,dbscan_kmeans_fallback,False
450,26,2.84127897994,12.5535054649,-0.030980464137000042,0.024534227410000043,-0.027221557278999997,0.02629076353600002,-0.02736658001639626,0.02578890344650999,-0.7839467705042014,0.6208276370499737,-1,-1,instant_velocity,dbscan_kmeans_fallback,False
450,27,4.01988359385,4.77319599427,-0.031569766444,-0.005966494993000016,-0.03409534775919999,-0.0014319587982000038,-0.03532787200024795,-0.0009882969070435805,-0.9826049621007643,-0.18570639719082935,2,2,instant_velocity,dbscan_kmeans_fallback,False
450,28,8.90162181161,-0.0909293836908,-0.006271860267000129,-0.0014319587982800004,-0.006263441662400027,-0.0014224124062920001,-0.0074976280821771255,-0.0038732745529214754,-0.9749112998889643,-0.22258672132157142,3,3,instant_velocity,dbscan_kmeans_fallback,False
450,29,4.00031033865,5.4175774535,-0.03133825482299999,-0.0017660825170000116,-0.03902444062679999,-0.0011837526064000059,-0.03755531871875907,-9.355921584398294e-05,-0.9984154841167775,-0.056266187800177746,2,2,instant_velocity,dbscan_kmeans_fallback,False
450,30,8.51310321924,0.564907745922,-0.003914651039000105,-0.005011855793999998,-0.012623697275400012,-0.00568010323318,-0.012258577141219517,-0.005666151802182254,-0.6155589676100368,-0.7880888354107358,3,3,instant_velocity,dbscan_kmeans_fallback,False
450,33,10.599443851,8.80320537223,-0.04428185906,-0.007422319770999941,-0.042252975408,-0.009135897132999986,-0.04186116597843707,-0.008428372881979748,-0.9862415584380051,-0.16530923438100567,4,4,instant_velocity,dbscan_kmeans_fallback,False
450,34,11.0247938375,8.48268526122,-0.04573406832,-0.003937886694999904,-0.052835161119999974,-0.005746927976999991,-0.04652309860187386,-0.0054538849142448205,-0.9963133183429819,-0.08578657234039029,4,4,instant_velocity,dbscan_kmeans_fallback,False
450,35,13.4552449235,10.5816981997,-0.029023138610000034,0.01811427880000007,-0.028669557232,0.023216825316199986,-0.023929570422064502,0.018180209761313067,-0.8483287129028705,0.529469366702921,5,5,instant_velocity,dbscan_kmeans_fallback,False
450,36,13.761471658,11.167608008,-0.02555046431000001,0.021312320120000016,-0.02555046431000001,0.021312320120000016,-0.019137264092730012,0.018181881573051013,-0.7679214012001883,0.640543613251362,5,5,instant_velocity,dbscan_kmeans_fallback,False
450,37,13.9896158368,2.54745470214,-0.03782058020000001,-0.02766067078700001,-0.022372441153999993,-0.0376509700028,-0.022551791311812897,-0.029601991410583534,-0.8071615840135928,-0.5903302045935677,-1,-1,instant_velocity,dbscan_kmeans_fallback,False
450,73,14.5547146562,7.5795965791,0.04064081267000006,-0.010691959026999953,0.03503402215000001,-0.01902118603719998,0.03416637486718352,-0.017630430690323162,0.9670918257337986,-0.25442665873965503,-1,-1,instant_velocity,dbscan_kmeans_fallback,False
450,74,12.8320577339,12.3029126752,0.002104651099999977,0.01193298998000003,0.0015321859979999886,0.009617989927999986,0.0016735447708387835,0.010236028876711056,0.17369149581865828,0.9847992758587345,6,6,instant_velocity,dbscan_kmeans_fallback,False
450,75,5.42010796819,7.68293627238,-0.004293488235999998,-0.0029116495560000287,0.009980255498599995,-4.773195980000366e-05,0.00548720222397765,-0.0010581112461287736,-0.8276343660852332,-0.5612641987316803,0,0,instant_velocity,dbscan_kmeans_fallback,False
450,76,9.50249969959,8.08555535449,0.052616277406000125,-0.012935361145000001,0.04863006823000001,-0.005393711473600007,0.04638316168703231,-0.00595897939032689,0.9710846409862262,-0.23873468730205277,-1,-1,instant_velocity,dbscan_kmeans_fallback,False
450,77,8.24202415805,8.86573423976,0.035294998885000074,-0.0023150000570000273,0.036667231399,0.0016610722061999894,0.036148659107987806,0.001594138593341188,0.9978556074116545,-0.06544937982750618,7,7,instant_velocity,dbscan_kmeans_fallback,False
450,78,8.32073810905,9.61417137166,0.037336510447999946,0.004630000114999966,0.03620841746,0.005493948589399977,0.03655287207285379,0.005856052675716488,0.9923983877135739,0.12306465157312964,7,7,instant_velocity,dbscan_kmeans_fallback,False
450,79,5.97257888095,8.78530588725,0.04598662645299996,-0.022099897453999873,0.03465097564859999,-0.029025804840999994,0.03523845317678244,-0.027966234259699217,0.9013215612930232,-0.4331501485113927,-1,-1,instant_velocity,dbscan_kmeans_fallback,False
450,80,5.10925100127,6.63474243203,0.048470114747000005,0.0,0.04533418461339999,-0.0013890000343999987,0.04397309338085471,0.0019491317865454976,0.9999997936873476,0.0,8,8,instant_velocity,dbscan_kmeans_fallback,False
450,81,4.82238705685,6.13045427524,0.04657592876000001,0.001288762918999975,0.04467332416920001,0.012171649785399996,0.04333543953703674,0.007935818293571218,0.9996171865551745,0.027659557147334254,8,8,instant_velocity,dbscan_kmeans_fallback,False
450,82,11.995248458,12.0582863805,-0.003935697549999872,-0.005966495000000016,-0.0034221626819999785,-0.008343546597999988,-0.0033001506539442134,-0.008654555170351259,-0.5506280765207044,-0.8347490181049395,6,6,instant_velocity,dbscan_kmeans_fallback,False
450,83,12.4986810002,12.3728399965,0.0,0.0,0.0,0.0,0.0,0.0,0.0,0.0,6,6,instant_velocity,dbscan_kmeans_fallback,False
450,217,9.73927294792,1.23983765951,0.0066927904859999995,-0.036252423577,0.0184156970922,-0.0453692279256,0.017585662387349182,-0.03957489233009631,0.18154835787689483,-0.9833817423732778,-1,-1,instant_velocity,dbscan_kmeans_fallback,False
450,219,11.4118391741,0.182574746781,0.0011786046100001,0.0011455670385999983,0.0011786046140000294,-0.0003054845436199999,0.0013674966236243838,-0.0004051412251184626,0.7170813369809766,0.6969807657892625,3,3,instant_velocity,dbscan_kmeans_fallback,False
450,220,10.7840217521,1.17349023519,0.012817325179999983,-0.0041526805149999955,0.009563534581999988,-0.011183598214599999,0.010625810345411093,-0.010049692835248538,0.9513155043257495,-0.3082163636290719,3,3,instant_velocity,dbscan_kmeans_fallback,False
450,315,5.15113355808,9.43302858367,-0.015742790200000023,-0.01749376331899999,-0.019468022640400005,-0.01706417567860001,-0.018203491678644525,-0.01739354065834057,-0.6689269608384815,-0.7433275665838672,-1,-1,instant_velocity,dbscan_kmeans_fallback,False
450,410,5.81914981604,0.395459288125,-0.007197906749000005,0.017040309699499996,-0.007197906749000005,0.017040309699499996,-0.003675352209299991,0.0086905579467576,-0.38911447849042086,0.9211888196464043,-1,-1,instant_velocity,dbscan_kmeans_fallback,False
450,419,14.7565506963,6.17221974019,0.009470929929999983,0.03470113487799997,0.010346464789999992,0.03840513497,0.011596867711690169,0.03593404796756374,0.2632980473679178,0.9647142490080863,9,9,instant_velocity,dbscan_kmeans_fallback,False
450,420,14.0548600208,6.54405170814,0.012627906580000037,0.03341237196,0.004230348703999987,0.02982770176819999,0.008151635986284433,0.030485957479795742,0.35353411109564936,0.9354213341413368,9,9,instant_velocity,dbscan_kmeans_fallback,False
460,4,4.91225565866,7.00609708039,0.0011365115920000334,-0.0001193298999999648,0.0011449301964000114,-0.00012887629179999749,0.0017765300472284955,0.000197777387586829,0.9945243107714973,-0.10442171235847209,0,0,instant_velocity,dbscan_kmeans_fallback,False
460,8,0.0,7.75644349069,-0.0310646501807,0.0011455670389999284,-0.0296966269682,0.0019856495336,-0.029525387449623762,0.0019317237889051096,-0.9993204195064588,0.0368518083199733,-1,-1,instant_velocity,dbscan_kmeans_fallback,False
460,10,13.1199740038,7.17793213618,0.013027790279999962,-0.00625288675300002,0.019072348233999996,-0.0014510515821999981,0.018946999710284386,-0.002874919910262411,0.9015346513358886,-0.4327053136066208,1,1,instant_velocity,dbscan_kmeans_fallback,False
460,11,12.2225507764,7.78913988325,0.02049930167999996,0.005656237253000018,0.019476441244,0.003236226884200004,0.01811566985577356,0.0023880021633022074,0.9639770044187982,0.26598382367086465,1,1,instant_velocity,dbscan_kmeans_fallback,False
460,12,12.4681635593,7.29773935564,0.01923651102000008,0.0013842268390000356,0.020608743534000027,0.0044533918626,0.021008506317075085,0.0029924217005795157,0.9974204947722874,0.0717726939774596,1,1,instant_velocity,dbscan_kmeans_fallback,False
460,13,12.8185879669,6.57054294591,0.010228604329999946,0.00408108257499995,0.01605006925999998,0.0016706185979999866,0.015788597703849116,0.0020578286533332983,0.9287998573245646,0.37057928834654025,1,1,instant_velocity,dbscan_kmeans_fallback,False
460,19,2.78192781903,5.06817950671,-0.024876975958,-0.008687216710000011,-0.027684580520199998,-0.009398422912799997,-0.02837052362462367,-0.008371760935985078,-0.9440911687385353,-0.32968334216648937,2,2,instant_velocity,dbscan_kmeans_fallback,False
460,20,2.47043945678,4.57319908211,-0.025992441039000003,-0.0036514949359999884,-0.03423425473180001,-0.004902072285999992,-0.03344528611261372,-0.004700645360295559,-0.9902755891428902,-0.13911684145302516,2,2,instant_velocity,dbscan_kmeans_fallback,False
460,23,13.6705507306,9.58505487609,0.029149417680000057,0.00367536091500007,0.031136208318000024,0.00015751546779998904,0.030135292889380806,0.0016661914170343632,0.9921442444032401,0.12509643307296212,1,1,instant_velocity,dbscan_kmeans_fallback,False
460,26,2.60155922008,12.8384652658,-0.023971975985999983,0.02849598008999994,-0.0285053944478,0.025827763525999997,-0.026348198807277377,0.026601026439556974,-0.6437483625059446,0.7652368971023829,-1,-1,instant_velocity,dbscan_kmeans_fallback,False
460,27,3.7412277887,4.77391197367,-0.027865580515000054,7.159793999997888e-05,-0.032382161767,-0.0019665567496000057,-0.03308918455467358,-0.0006703284529305126,-0.9999963402341725,0.002569394810552886,2,2,instant_velocity,dbscan_kmeans_fallback,False
460,28,8.83911367405,-0.105010311874,-0.0062508137560000065,-0.0014080928183200004,-0.0062634416626000085,-0.0014176392103000001,-0.0071235837843239905,-0.003133720032541033,-0.9755527289465853,-0.21975839388969362,3,3,instant_velocity,dbscan_kmeans_fallback,False
460,29,3.72228592884,5.4175774535,-0.027802440981000043,0.0,-0.03523185935120001,-0.0018901856136000106,-0.03462945539743136,-6.549145109078805e-05,-0.9999996403194809,0.0,2,2,instant_velocity,dbscan_kmeans_fallback,False
460,30,8.4619601976,0.524096920171,-0.005114302163999973,-0.004081082575100004,-0.007058999776999997,-0.005040494969940001,-0.010115294648053653,-0.005190631034057579,-0.7816393272607726,-0.6237282304027834,3,3,instant_velocity,dbscan_kmeans_fallback,False
460,33,10.1374729353,8.71800382373,-0.04619709157000003,-0.008520154850000062,-0.04338527769799999,-0.008720629081600002,-0.04316194365590596,-0.00845590747238584,-0.9834144072607248,-0.18137165667423846,4,4,instant_velocity,dbscan_kmeans_fallback,False
460,34,10.5762926889,8.44139711586,-0.04485011486000001,-0.004128814536000114,-0.05066316119,-0.004047670203200013,-0.046021203479311705,-0.005056363800771409,-0.9957891795730808,-0.09167041940130635,4,4,instant_velocity,dbscan_kmeans_fallback,False
460,35,13.1650135373,10.7628409877,-0.029023138620000034,0.01811427880000007,-0.028770580485999987,0.02175622734240001,-0.025457640881445164,0.018160430472919167,-0.8483287129848118,0.5294693665716331,5,5,instant_velocity,dbscan_kmeans_fallback,False
460,36,13.5057565498,11.3807312091,-0.025571510820000042,0.021312320110000015,-0.02519267362200001,0.023904165538000014,-0.02106753811091102,0.019121013134135716,-0.7681807473385517,0.6402325660325701,5,5,instant_velocity,dbscan_kmeans_fallback,False
460,37,13.5137542239,2.39184851273,-0.04758616129000011,-0.015560618940999981,-0.02946090604600002,-0.0326820729728,-0.03006210230526906,-0.025389579669708468,-0.9504738678282978,-0.3108038402282835,-1,-1,instant_velocity,dbscan_kmeans_fallback,False
460,73,14.9611227828,7.47243832903,0.04064081266000006,-0.010715825007000034,0.03755539416000001,-0.01652957772819999,0.036108706205028485,-0.015556048985326225,0.9669519619441223,-0.2549576973534996,-1,-1,instant_velocity,dbscan_kmeans_fallback,False
460,74,12.8531042448,12.4222425751,0.0021046510900001535,0.011932989990000031,0.0017047673880000148,0.01031964974000001,0.0018028766665871944,0.010745117210697748,0.173691494877131,0.9847992760247946,-1,-1,instant_velocity,dbscan_kmeans_fallback,False
460,75,5.37717308582,7.65358111701,-0.0042934882369999984,-0.002935515537000022,0.0058509300475999915,-0.0008925876510000031,0.002552995085684355,-0.001621332533390148,-0.8254968692697318,-0.5644032897547623,0,0,instant_velocity,dbscan_kmeans_fallback,False
460,76,10.0067741023,7.95644040285,0.05042744027099992,-0.01291149516399992,0.050667370492199985,-0.00924090744479999,0.0475964452622226,-0.0080447341224288,0.9687496722177322,-0.24803969110363366,-1,-1,instant_velocity,dbscan_kmeans_fallback,False
460,77,8.62906949465,8.89413475592,0.03870453366,0.0028400516159999612,0.03678088255820001,0.0010357835307999964,0.03691542147359146,0.00196791250013882,0.9973184188119274,0.07318098215301791,6,6,instant_velocity,dbscan_kmeans_fallback,False
460,78,8.6806334465,9.64185590842,0.035989533745000024,0.002768453676000071,0.036389417454200004,0.004773195994199995,0.03638387057449766,0.004929772975801563,0.9970541499511121,0.07669724887688402,6,6,instant_velocity,dbscan_kmeans_fallback,False
460,79,6.43244514549,8.56430691272,0.04598662645400005,-0.022099897453000138,0.0410954173056,-0.02536953670940001,0.03846290515994772,-0.026206333217689493,0.9013215613043507,-0.4331501484878221,-1,-1,instant_velocity,dbscan_kmeans_fallback,False
460,80,5.59395214874,6.63474243203,0.048470114747000005,0.0,0.0463444171396,-0.000940319610999989,0.04532219979069829,0.0013643922505818483,0.9999997936873476,0.0,7,7,instant_velocity,dbscan_kmeans_fallback,False
460,81,5.27151960079,6.09847386208,0.044913254393999937,-0.003198041316000033,0.04523737066279999,0.006405629024399993,0.043808783994125695,0.004595660410699843,0.9974743127807205,-0.07102500379815804,7,7,instant_velocity,dbscan_kmeans_fallback,False
460,82,11.9556810174,11.9986214306,-0.003956744060000084,-0.005966494990000015,-0.003649464999999985,-0.007312536264000009,-0.0034971286757609745,-0.007848137116245886,-0.5526748682539969,-0.8333952822150243,-1,-1,instant_velocity,dbscan_kmeans_fallback,False
460,83,12.4911042563,12.1597167954,-0.0007576743899999627,-0.021312320110000015,-0.0007576743899999627,-0.021312320110000015,-0.00022730231699998884,-0.0063936960330000054,-0.0355285432068988,-0.9993681928030206,-1,-1,instant_velocity,dbscan_kmeans_fallback,False
460,217,9.79188922533,0.965378889841,0.005261627740999942,-0.027445876966900006,0.013343487950400003,-0.04282988765658,0.01388845199344441,-0.03593618772113742,0.18828049042006664,-0.982114932812538,-1,-1,instant_velocity,dbscan_kmeans_fallback,False
460,219,11.42320429,0.221714953934,0.0011365115899998556,0.003914020715300001,0.0011701860079999804,0.00061096908728,0.0012982011135370254,0.0008906073570070768,0.2788509194218376,0.9603318476476449,3,3,instant_velocity,dbscan_kmeans_fallback,False
460,220,10.8381112853,1.24413353591,0.005408953320000087,0.007064330072000002,0.009243627616000012,-0.006429495004199998,0.00906075323778779,-0.0049154859630739746,0.6079328912142251,0.7939869973147572,3,3,instant_velocity,dbscan_kmeans_fallback,False
460,315,4.88805217105,9.25403373389,-0.026308138702999972,-0.017899484978000046,-0.019787929606999998,-0.017321928262200005,-0.020634885785951157,-0.017545323954238412,-0.8267808043408321,-0.5625236644244225,-1,-1,instant_velocity,dbscan_kmeans_fallback,False
460,410,5.74696028343,0.565862385121,-0.007218953261000039,0.0170403096996,-0.007218953261000039,0.0170403096996,-0.004738432524810005,0.01119548347261032,-0.3900793301836812,0.920780666312506,-1,-1,instant_velocity,dbscan_kmeans_fallback,False
460,411,8.65264158692,2.55747841373,0.0,0.0,0.0,0.0,0.0,0.0,0.0,0.0,3,3,instant_velocity,dbscan_kmeans_fallback,False
460,419,14.8363169728,6.46028211844,0.00797662765000009,0.028806237825000025,0.009752953180000006,0.03595648542480001,0.010510795693183146,0.033795704924794626,0.2668639431119323,0.9637338671812656,8,8,instant_velocity,dbscan_kmeans_fallback,False
460,420,14.1299960649,6.79464449784,0.0075136044100000635,0.025059278970000064,0.006208720734000011,0.029431526500600002,0.007960226513399123,0.02885795392685704,0.28720121318877123,0.9578698756406605,8,8,instant_velocity,dbscan_kmeans_fallback,False
470,4,4.92383123969,7.00490378139,0.0011575581029999783,-0.0001193298999999648,0.0011449301964000114,-0.00012887629179999749,0.0015908384639599404,0.00010264520131079086,0.9947199029887999,-0.10254329890136875,0,0,instant_velocity,dbscan_kmeans_fallback,False
470,10,13.2502519067,7.11540326866,0.013027790290000141,-0.00625288675200002,0.01705609248400002,-0.0030548454362000045,0.017171236884199113,-0.0038883099627836934,0.9015346514924542,-0.4327053132804197,1,1,instant_velocity,dbscan_kmeans_fallback,False
470,11,12.4273333281,7.84570225578,0.020478255169999925,0.005656237253000018,0.021219092354000005,0.005393711473600007,0.01882444545004147,0.003368472690211551,0.9639068842293664,0.26623782064150037,1,1,instant_velocity,dbscan_kmeans_fallback,False
470,12,12.6161205314,7.27124811787,0.014795697209999936,-0.0026491237770000175,0.019228092415999997,0.002186123765399994,0.01914466358495254,0.0012999580573056558,0.9843458216419696,-0.17624407176567053,1,1,instant_velocity,dbscan_kmeans_fallback,False
470,13,12.8949868016,6.59059036909,0.007639883470000086,0.0020047423180000303,0.012467953093999996,0.002525020681000001,0.013343983433694407,0.002041902752733318,0.9672523434404682,0.2538116860936602,1,1,instant_velocity,dbscan_kmeans_fallback,False
470,19,2.50453480454,5.03572177395,-0.027739301448999987,-0.0032457732760000193,-0.026695394505000004,-0.007913958958600009,-0.028181156971936565,-0.00683396463798956,-0.9932234864474416,-0.11621699469735175,2,2,instant_velocity,dbscan_kmeans_fallback,False
470,20,2.22230109254,4.53644547295,-0.02481383642399999,-0.00367536091600007,-0.0319738594542,-0.0036371753476000103,-0.0308558512060296,-0.004393060027006912,-0.9892074770117792,-0.14651883879220226,2,2,instant_velocity,dbscan_kmeans_fallback,False
470,23,13.9628867679,9.61560333045,0.029233603730000012,0.0030548454359999866,0.031085696692000012,-0.0013412680744000127,0.02986478614156657,0.0020827876227240503,0.9945840856180204,0.10393178626658589,1,1,instant_velocity,dbscan_kmeans_fallback,False
470,26,2.36183946022,13.1236637264,-0.023971975985999983,0.02851984606000002,-0.028181278178799996,0.02611892848,-0.025635331960894157,0.02717667232568989,-0.6434327415051248,0.7655022993685205,-1,-1,instant_velocity,dbscan_kmeans_fallback,False
470,27,3.48719640139,4.81520011902,-0.025403138730999995,0.004128814535000025,-0.030176487417999994,-0.0016944845779999973,-0.030783370807571504,0.0007694144434486487,-0.9870474017618833,0.16042646155985651,2,2,instant_velocity,dbscan_kmeans_fallback,False
470,28,8.77639507138,-0.119329899857,-0.006271860266999951,-0.0014319587982999996,-0.0062634416626000085,-0.001422412406298,-0.006868066729126779,-0.002623191662268723,-0.9749112998882884,-0.22258672132453214,3,3,instant_velocity,dbscan_kmeans_fallback,False
470,29,3.44405105391,5.4175774535,-0.02782348749299999,0.0,-0.032049626893800004,-0.002119299021399996,-0.03258766502610195,-4.5844015763551634e-05,-0.9999996405915538,0.0,2,2,instant_velocity,dbscan_kmeans_fallback,False
470,30,8.3634625263,0.518846404577,-0.009849767130000053,-0.0005250515593999916,-0.005341604482199998,-0.003918793911299998,-0.010035636392637572,-0.003790957191660303,-0.9985812441999244,-0.053230358904409074,3,3,instant_velocity,dbscan_kmeans_fallback,False
470,33,9.64624736947,8.61561876966,-0.04912255658299998,-0.010238505406999998,-0.045102672992600006,-0.008644257945600024,-0.04495012753403417,-0.008990686852770088,-0.9789617594979548,-0.20404282604734736,4,4,instant_velocity,dbscan_kmeans_fallback,False
470,34,10.0326613107,8.35309298997,-0.05436313782000006,-0.00883041258899997,-0.050541091426000016,-0.004143134123000003,-0.04852378378151821,-0.006188578437239977,-0.9870628941007984,-0.16033240456175024,4,4,instant_velocity,dbscan_kmeans_fallback,False
470,35,12.8922507552,10.9038889293,-0.027276278210000095,0.014104794160000012,-0.028522231656000017,0.01949850563640002,-0.02600323208001164,0.01694373957904342,-0.8882655293848652,0.4593296180269794,5,5,instant_velocity,dbscan_kmeans_fallback,False
470,36,13.2803484174,11.5852626575,-0.022540813239999836,0.020453144839999916,-0.024708603869999984,0.022868382007999982,-0.021509520649637667,0.019520652645894976,-0.740569153421109,0.671979666291675,5,5,instant_velocity,dbscan_kmeans_fallback,False
470,37,13.0433647039,2.26321088068,-0.047038951999999946,-0.012863763205000022,-0.036439929082000014,-0.0271785779914,-0.03515515721368832,-0.021631834730295934,-0.9645814226612999,-0.2637845123134762,-1,-1,instant_velocity,dbscan_kmeans_fallback,False
470,74,12.8741507558,12.5415724749,0.002104651099999977,0.01193298998000003,0.0018773487780000054,0.011021309549999999,0.0018934089966110292,0.011101479041488432,0.17369149581865828,0.9847992758587345,-1,-1,instant_velocity,dbscan_kmeans_fallback,False
470,75,5.33423820346,7.62446462145,-0.004293488235999998,-0.0029116495560000287,0.001439581349800001,-0.0017756289098000088,0.0004990500891790489,-0.0020084276401731126,-0.8276343660852332,-0.5612641987316803,0,0,instant_velocity,dbscan_kmeans_fallback,False
470,76,10.4601159484,7.8280414306,0.04533418461000007,-0.01283989722500003,0.049977044932,-0.0109544848068,0.04691776706655584,-0.009483283053200169,0.9621531721309969,-0.27250843819400383,-1,-1,instant_velocity,dbscan_kmeans_fallback,False
470,77,9.0499997139,8.97360846923,0.042093021924999974,0.007947371330999963,0.0375680220682,0.0014319587984000038,0.038468701609014014,0.0037617501493971634,0.9826389103470397,0.18552710039995807,6,6,instant_velocity,dbscan_kmeans_fallback,False
470,78,9.02011366833,9.64185590842,0.03394802218299997,0.0,0.0361621151358,0.0034987526637999975,0.03565311605704835,0.0034508410830610937,0.9999997054321161,0.0,6,6,instant_velocity,dbscan_kmeans_fallback,False
470,79,6.89609978199,8.31610072102,0.04636546365000003,-0.024820619169999957,0.043128510264400004,-0.024605825350400002,0.04083367270696341,-0.02579061900338263,0.8816224053245624,-0.47195503402024735,-1,-1,instant_velocity,dbscan_kmeans_fallback,False
470,80,6.06371027342,6.64595944262,0.04697581246800002,0.0011217010589999355,0.047059998512199996,-0.0002672989756000099,0.045818283593888814,0.0012915848931072745,0.9997148232476735,0.023871458885330293,7,7,instant_velocity,dbscan_kmeans_fallback,False
470,81,5.72044167962,6.06673210872,0.04489220788300008,-0.0031741753359999514,0.04579720785440001,0.0006443814594000052,0.04413381116078801,0.0022647096866899043,0.997509400747089,-0.07053049708607703,7,7,instant_velocity,dbscan_kmeans_fallback,False
470,82,11.9163240419,11.9389564807,-0.00393569755000005,-0.005966494990000015,-0.0038767673200000275,-0.006276752732000013,-0.0036286993380326973,-0.007283644478372125,-0.5506280771637818,-0.8347490176807424,-1,-1,instant_velocity,dbscan_kmeans_fallback,False
470,83,12.4835275123,11.9465935943,-0.0007576743999999636,-0.021312320110000015,-0.0007576743999999636,-0.021312320110000015,-0.00038641394189998124,-0.01086928325610001,-0.03552854367522266,-0.9993681927863712,-1,-1,instant_velocity,dbscan_kmeans_fallback,False
470,217,9.83440317747,0.936262394276,0.00425139521400002,-0.0029116495564999955,0.008073441605199995,-0.03538370190548,0.010997334959611093,-0.026028826271746193,0.8250523204093605,-0.5650529066078013,3,3,instant_velocity,dbscan_kmeans_fallback,False
470,219,11.4347798711,0.260855161087,0.0011575581100000676,0.003914020715300001,0.0011659767080000093,0.0015274227181800003,0.0012560082124759382,0.0017976313644949542,0.2836029672626779,0.9589392352722617,3,3,instant_velocity,dbscan_kmeans_fallback,False
470,220,10.8837822141,1.32718714621,0.00456709287999999,0.008305361029999991,0.008755348562000016,-0.0014271856022000007,0.0077126551304514505,-0.0009492318651517844,0.4818489278868179,0.8762531030501972,3,3,instant_velocity,dbscan_kmeans_fallback,False
470,315,4.62497078402,9.0750388841,-0.026308138702999972,-0.017899484978999958,-0.020107836573599994,-0.017584454043000016,-0.0223368616610658,-0.017651572261666876,-0.8267808043262173,-0.562523664445903,-1,-1,instant_velocity,dbscan_kmeans_fallback,False
470,410,5.62573238029,0.753210327896,-0.012122790314000032,0.0187347942775,-0.012122790314000032,0.0187347942775,-0.0069537398615670135,0.013457276714077225,-0.5432597645831552,0.8395641321086424,-1,-1,instant_velocity,dbscan_kmeans_fallback,False
470,411,8.57434856614,2.62406449785,-0.007829302078000033,0.006658608411999989,-0.007829302078000033,0.006658608411999989,-0.0023487906234000103,0.001997582523599997,-0.7617608220769474,0.6478568545804891,-1,-1,instant_velocity,dbscan_kmeans_fallback,False
470,419,14.9160832494,6.7483444967,0.007976627659999912,0.028806237825999937,0.009159441571999985,0.03350783587979999,0.009750545283228176,0.032298864795156215,0.26686394341405456,0.9637338670976062,8,8,instant_velocity,dbscan_kmeans_fallback,False
470,420,14.1922937374,7.02447388497,0.006229767249999974,0.022982938712999966,0.008102906722000007,0.028706000709600003,0.007441088734379378,0.02709544936269992,0.26161964654952297,0.9651706173716884,8,8,instant_velocity,dbscan_kmeans_fallback,False
480,4,4.93519635561,7.00347182259,0.0011365115919999447,-0.00014319588000004656,0.0011449301963999937,-0.00012887629179999749,0.0014545404023719416,2.889287691753962e-05,0.9921471191068522,-0.12500653826153285,0,0,instant_velocity,dbscan_kmeans_fallback,False
480,10,13.3805298096,7.05287440113,0.013027790289999962,-0.006252886752999931,0.015044046036000012,-0.004653866094399994,0.015928202905939368,-0.004597682999848565,0.901534651465459,-0.4327053133366637,1,1,instant_velocity,dbscan_kmeans_fallback,False
480,11,12.6323263448,7.90226462831,0.02049930166999996,0.005656237253000018,0.02097495282399997,0.0054796290014,0.019326902316029015,0.004054802059048092,0.963977004385529,0.2659838237914376,1,1,instant_velocity,dbscan_kmeans_fallback,False
480,12,12.7642879686,7.2447568801,0.01481674371999997,-0.0026491237770000175,0.017910580829999995,0.00017183505580000257,0.01784628762546677,0.00011523350701395367,0.9843892260484967,-0.17600148546996147,1,1,instant_velocity,dbscan_kmeans_fallback,False
480,13,12.9543379626,6.59679552388,0.005935116100000038,0.0006205154789999945,0.008847953210000021,0.0029784743003999914,0.011121323233586096,0.0016154865706133207,0.9945773986773822,0.10398291466326334,1,1,instant_velocity,dbscan_kmeans_fallback,False
480,19,2.22398481341,5.00923053619,-0.028054999113000002,-0.0026491237760000175,-0.026085045687,-0.006386536240200016,-0.028143309614255596,-0.005578512379392698,-0.9955710965489559,-0.09400788258603598,2,2,instant_velocity,dbscan_kmeans_fallback,False
480,20,1.97395226318,4.4996918638,-0.024834882936000002,-0.003675360914999981,-0.029667161852799998,-0.0036467217396000074,-0.029049560725020723,-0.004177750293404833,-0.9892254669017019,-0.14639733259635454,2,2,instant_velocity,dbscan_kmeans_fallback,False
480,23,14.2646937351,9.59173735048,0.03018069671999992,-0.0023865979969999174,0.030454301364000003,-0.000424814443599999,0.029959559315096577,0.0007419719368068599,0.9968876745577823,-0.07883085501326077,-1,-1,instant_velocity,dbscan_kmeans_fallback,False
480,26,2.12211970035,13.4086235273,-0.023971975987000026,0.02849598008999994,-0.026775371246600007,0.026916052211999997,-0.025136325168725916,0.027572464654982906,-0.6437483625216708,0.7652368970891533,-1,-1,instant_velocity,dbscan_kmeans_fallback,False
480,27,3.23316501407,4.85624960457,-0.025403138731999998,0.004104948555000032,-0.02836227817300001,-0.000725525791199999,-0.029169301184900055,0.0017700746769140638,-0.9871938498580426,0.15952280583245254,2,2,instant_velocity,dbscan_kmeans_fallback,False
480,28,8.3655671774,-0.0625288675249,-0.04108278939799988,0.0056801032332100005,-0.013225627488799994,0.0,-0.01713248352978871,-0.00013220319362510554,-0.990576741508448,0.1369570624252377,-1,-1,instant_velocity,dbscan_kmeans_fallback,False
480,29,3.22537780501,5.48320889842,-0.021867324890000005,0.006563144492000017,-0.029094696754600004,7.637113599999523e-05,-0.029371562985271365,0.0019368525365655194,-0.9577903317947059,0.28746617943578245,2,2,instant_velocity,dbscan_kmeans_fallback,False
480,30,8.26496485499,0.513834548783,-0.009849767130999965,-0.0005011855794000098,-0.006528627700600005,-0.0030214330643800013,-0.00997987561414629,-0.002804025707982215,-0.9987069564900327,-0.05081719374501212,-1,-1,instant_velocity,dbscan_kmeans_fallback,False
480,33,9.14344622257,8.56788680971,-0.050280114689999954,-0.004773195994999924,-0.04682848689259998,-0.007670525962799993,-0.04654912368082391,-0.007725439595439039,-0.9955239825367638,-0.09450716482386884,3,3,instant_velocity,dbscan_kmeans_fallback,False
480,34,9.42567993458,8.23376309011,-0.060698137612000026,-0.011932989986000031,-0.05190490533640002,-0.006147876440600015,-0.05217608993066276,-0.007911901901867992,-0.9812176424489121,-0.19290312293065454,3,3,instant_velocity,dbscan_kmeans_fallback,False
480,35,12.6312740193,11.0184456332,-0.02609767358999999,0.011455670389999995,-0.028038161904000027,0.016706185980000007,-0.026031564533008145,0.015297318822330392,-0.9156675325870609,0.40193565161920447,4,4,instant_velocity,dbscan_kmeans_fallback,False
480,36,13.1751158626,11.7556657545,-0.01052325548000006,0.017040309700000124,-0.02182523186800001,0.02115003145000003,-0.018213641098746385,0.018776549762126518,-0.525433282066494,0.8508342185664134,4,4,instant_velocity,dbscan_kmeans_fallback,False
480,37,12.5948635553,2.24244747811,-0.04485011486000001,-0.002076340257000009,-0.041070161492,-0.0195891963604,-0.03806364450758183,-0.015765186388307154,-0.9989298791514144,-0.04624555206773968,-1,-1,instant_velocity,dbscan_kmeans_fallback,False
480,74,12.9461298233,12.6005214455,0.007197906749999916,0.005894897059999948,0.0030727905999999904,0.010515350776000005,0.0034847583226276955,0.009539504447041887,0.7736560851837099,0.6336040657932356,-1,-1,instant_velocity,dbscan_kmeans_fallback,False
480,75,5.2913033211,7.59510946608,-0.004293488235999998,-0.002935515536999933,-0.0029717673478000073,-0.002658670168799997,-0.0009387114083746654,-0.0022865540092211587,-0.8254968692084922,-0.5644032898443305,0,0,instant_velocity,dbscan_kmeans_fallback,False
480,76,10.9134577945,7.69964245836,0.0453341846099999,-0.01283989722400003,0.04909309147079998,-0.012438948761000006,0.04644269232958906,-0.010490267304440127,0.9621531721365615,-0.2725084381743573,-1,-1,instant_velocity,dbscan_kmeans_fallback,False
480,77,9.45619737547,9.04639970814,0.040619766156999935,0.007279123890999983,0.038405673204399984,0.002687309344799971,0.03911402097340979,0.004816962271878009,0.9843198236936863,0.1763916098714141,5,5,instant_velocity,dbscan_kmeans_fallback,False
480,78,9.35959389016,9.64185590842,0.03394802218299997,0.0,0.03571171980139999,0.002400917585000002,0.035141587894833834,0.0024155887581427653,0.9999997054321161,0.0,5,5,instant_velocity,dbscan_kmeans_fallback,False
480,79,7.36038581382,8.06097339512,0.04642860318299995,-0.02551273259000002,0.04517423112999999,-0.023980536675199993,0.042512151849774374,-0.02570725307936785,0.8763990012988236,-0.48158531227290824,-1,-1,instant_velocity,dbscan_kmeans_fallback,False
480,80,6.52336607284,6.6648135668,0.04596557994200001,0.0018854124180000653,0.047569324077400006,0.0005584639314000128,0.04586247249832217,0.0014697331505751118,0.9991596080147871,0.04098344750337528,6,6,instant_velocity,dbscan_kmeans_fallback,False
480,81,6.17778236284,6.03260375736,0.045734068322,-0.00341283513599997,0.045776161343600005,-0.0013460412703999935,0.04461388830915161,0.0005614462398829418,0.9972270260440816,-0.07441654674344454,6,6,instant_velocity,dbscan_kmeans_fallback,False
480,82,11.8824391592,11.8933724589,-0.00338848826999989,-0.004558402179999988,-0.003834674297999996,-0.00568487643000001,-0.0035566360176228547,-0.006466071788860483,-0.5965778101048339,-0.8025530482717539,-1,-1,instant_velocity,dbscan_kmeans_fallback,False
480,83,12.5388798362,11.7678374043,0.0055352323899999336,-0.017875618999999964,0.0055352323899999336,-0.017875618999999964,0.0013900799576699934,-0.012971183979269996,0.29579586297073995,-0.955250615636972,-1,-1,instant_velocity,dbscan_kmeans_fallback,False
480,217,9.87270782742,1.01215621058,0.0038304649949999713,0.007589381630399994,0.006010883530799979,-0.023169093356200005,0.008847273970227755,-0.015943363901102334,0.4505763860643064,0.8927365612144141,7,7,instant_velocity,dbscan_kmeans_fallback,False
480,219,11.446144987,0.29975670844,0.0011365115900000334,0.0038901547353,0.001157558103999996,0.0024391031530600006,0.0012201592257331667,0.002425388375736468,0.28042750276643774,0.9598726378102133,7,7,instant_velocity,dbscan_kmeans_fallback,False
480,220,10.9060915157,1.42957220028,0.0022309301599999997,0.010238505406999998,0.007564116040000002,0.0034605670958,0.0060681376393160145,0.0024070893164937508,0.21290036010069446,0.9770729389588813,7,7,instant_velocity,dbscan_kmeans_fallback,False
480,315,4.29348823636,8.96764197423,-0.03314825476600003,-0.01073969098699994,-0.0232143015918,-0.016290917928400005,-0.025580279592546072,-0.015578007879266796,-0.9513159373598835,-0.3082165040173606,-1,-1,instant_velocity,dbscan_kmeans_fallback,False
480,410,5.43084168878,0.965140230041,-0.01948906915099995,0.021192990214500006,-0.010649534546999994,0.018209742718132,-0.010714338648396896,0.01577799076420406,-0.6768967300765413,0.7360775245647456,-1,-1,instant_velocity,dbscan_kmeans_fallback,False
480,411,8.49584508025,2.69065058197,-0.007850348588999977,0.006658608411999989,-0.007850348588999977,0.006658608411999989,-0.003999258013080001,0.003395890290119995,-0.7626182933974369,0.6468472738492891,7,7,instant_velocity,dbscan_kmeans_fallback,False
480,419,14.996059991,7.03640687495,0.007997674159999945,0.028806237825000025,0.008704836933999972,0.031670155421999996,0.009224683946259707,0.03125107670410936,0.2675177398006765,0.9635525880320205,8,8,instant_velocity,dbscan_kmeans_fallback,False
480,420,14.2627995491,7.25143935449,0.007050581170000037,0.022696546952000053,0.009209953197999993,0.027512701710800017,0.007323936465065575,0.02577577863948996,0.29666102832803576,0.954982404418705,8,8,instant_velocity,dbscan_kmeans_fallback,False
490,4,4.94656147153,7.00227852359,0.0011365115920000334,-0.0001193298999999648,0.0011407208942000046,-0.00012887629179999749,0.0013591317592603692,-1.5573956157711707e-05,0.9945243107714973,-0.10442171235847209,0,0,instant_velocity,dbscan_kmeans_fallback,False
490,10,13.5547949203,6.77316511587,0.01742651107000004,-0.027970928526000007,0.013907534444000013,-0.0105964951072,0.016377695355157568,-0.011609656657693998,0.5287911511164738,-0.8487516195093505,-1,-1,instant_velocity,dbscan_kmeans_fallback,False
490,11,12.847632152,7.94140483547,0.021530580720000005,0.003914020716,0.02094127840799999,0.005221876417800004,0.01998800583722031,0.004012567656133664,0.9838745295554605,0.17885747443159652,1,1,instant_velocity,dbscan_kmeans_fallback,False
490,12,12.9871705197,7.25597389069,0.022288255109999967,0.0011217010590000242,0.01829783663199997,-8.11443317999938e-05,0.01917887787082673,0.00041717377260977483,0.998735549503522,0.050263365975043946,1,1,instant_velocity,dbscan_kmeans_fallback,False
490,13,13.0136891235,6.60300067867,0.005935116090000037,0.0006205154789999945,0.007993464864000011,0.0022815876852000016,0.009565461090510277,0.0013169952431293227,0.9945773986592603,0.10398291483656819,1,1,instant_velocity,dbscan_kmeans_fallback,False
490,19,1.94322435717,4.98273929842,-0.02807604562399999,-0.0026491237769999286,-0.026724859620199996,-0.005183690849799998,-0.028123130417178916,-0.004699695798674867,-0.9955776898647588,-0.0939380340590728,2,2,instant_velocity,dbscan_kmeans_fallback,False
490,20,1.72581389893,4.46293825464,-0.024813836424999992,-0.003675360915999981,-0.0273604642514,-0.003661041327600003,-0.0277788434350145,-0.004027033480183377,-0.9892074770126357,-0.14651883878642083,2,2,instant_velocity,dbscan_kmeans_fallback,False
490,23,14.5662902372,9.56787137051,0.030159650210000066,-0.002386597997000095,0.029822906034000028,0.00048686599139998067,0.030019586583567626,-0.00019659904333522678,0.9968833497740998,-0.07888552384552362,-1,-1,instant_velocity,dbscan_kmeans_fallback,False
490,26,1.88239994049,13.693821988,-0.023971975985999983,0.02851984607000002,-0.025373673616400003,0.027713175943999992,-0.024787020413908137,0.027856679079488043,-0.6434327413729193,0.765502299479644,-1,-1,instant_velocity,dbscan_kmeans_fallback,False
490,27,2.96187548776,4.94550836966,-0.027128952630999993,0.008925876508999942,-0.02747411541060001,0.0022529485091999923,-0.028557196618730032,0.003916815226539827,-0.9499059271707054,0.3125348448360012,2,2,instant_velocity,dbscan_kmeans_fallback,False
490,28,7.9545288183,-0.00572783519312,-0.04110383591000009,0.005680103233178,-0.02019623191960001,0.0014176392102976,-0.024323889243852124,0.0016114887344158262,-0.9905862531509174,0.136888250322528,-1,-1,instant_velocity,dbscan_kmeans_fallback,False
490,29,3.02143711378,5.56530786952,-0.020394069123000014,0.008209897109999975,-0.02584511546200001,0.002601391816999996,-0.026678314826589958,0.0038187659085958565,-0.9276541603800859,0.3734392172768902,2,2,instant_velocity,dbscan_kmeans_fallback,False
490,30,8.16646718369,0.508822692989,-0.009849767130000053,-0.0005011855793999986,-0.00771565091880003,-0.0021240722174600004,-0.00994084306890242,-0.0021131736694075497,-0.9987069564897709,-0.05081719375015644,-1,-1,instant_velocity,dbscan_kmeans_fallback,False
490,33,8.61349507653,8.64736052302,-0.05299511460400001,0.007947371330999963,-0.04857534730139999,-0.004601360938399992,-0.048482920957776746,-0.003023596317507337,-0.9889413577351459,0.14830582504130016,-1,-1,instant_velocity,dbscan_kmeans_fallback,False
490,34,8.81848809331,8.11443319026,-0.06071918412699997,-0.011932989984999942,-0.05327292854780001,-0.008152618758199993,-0.05473901818956392,-0.009118228326807578,-0.9812302966088796,-0.19283874562480563,-1,-1,instant_velocity,dbscan_kmeans_fallback,False
490,35,12.3732437949,11.128229141,-0.02580302243999988,0.010978350779999957,-0.027444650294000006,0.014553474586000021,-0.025963001905105663,0.014001628409631262,-0.9201756188898134,0.391504938883275,3,3,instant_velocity,dbscan_kmeans_fallback,False
490,36,13.0698833077,11.9260688515,-0.01052325549000006,0.017040309699999943,-0.018941859868,0.019431680894000002,-0.01590652541612249,0.018255677743488546,-0.525433282427956,0.8508342183431922,3,3,instant_velocity,dbscan_kmeans_fallback,False
490,37,12.1465728718,2.22168407553,-0.04482906834999998,-0.002076340258000009,-0.04442497534000001,-0.012047546689600007,-0.040093271660307274,-0.01165853254921501,-0.9989288758247457,-0.046267217144913345,-1,-1,instant_velocity,dbscan_kmeans_fallback,False
490,74,13.0399972622,12.6334564978,0.009386743890000026,0.0032935052299999158,0.00457972078600001,0.008997474447999991,0.005255353992839395,0.007665704681929296,0.9436018323154913,0.33107940369816197,4,4,instant_velocity,dbscan_kmeans_fallback,False
490,75,5.32392541309,7.55692389813,0.003262209198999955,-0.0038185567950000275,-0.0027823487492000076,-0.003102577396200008,0.0003215647738377209,-0.0027461548449548194,0.6495450240548097,-0.7603205110277124,0,0,instant_velocity,dbscan_kmeans_fallback,False
490,76,11.3440694088,7.64427338482,0.04306116143000001,-0.0055369073539999645,0.047354649665400005,-0.01141271162239999,0.045428233059712345,-0.009004259319308077,0.9918341708341553,-0.12753241510606628,-1,-1,instant_velocity,dbscan_kmeans_fallback,False
490,77,9.72980201799,9.05833269812,0.02736046425200005,0.0011932989980000031,0.03681455697580001,0.003388969155799977,0.03558795395698687,0.0037298632897146073,0.9990498998783969,0.04357255174826747,5,5,instant_velocity,dbscan_kmeans_fallback,False
490,78,9.69191829826,9.63517343403,0.033232440809999986,-0.0006682474390000692,0.03489090587379998,0.0013460412703999935,0.034568843769383684,0.0014904378989999147,0.9997975889084681,-0.020104216302568,5,5,instant_velocity,dbscan_kmeans_fallback,False
490,79,7.82488231077,7.80584606923,0.046449649694999984,-0.025512732588999932,0.046243393886999995,-0.024009175851199983,0.04369340120334206,-0.025648896932257473,0.8764910921630042,-0.48141768555473774,-1,-1,instant_velocity,dbscan_kmeans_fallback,False
490,80,6.98302187227,6.68366769098,0.04596557994300001,0.0018854124179999766,0.04716944036940001,0.0009785051789999956,0.045893404731725526,0.0015944369308025712,0.9991596080148237,0.04098344750248324,6,6,instant_velocity,dbscan_kmeans_fallback,False
490,81,6.71110095063,5.97675736422,0.05333185877899993,-0.005584639314000039,0.04708946362759999,-0.0028161856366000037,0.047229279450106104,-0.0012823794262819528,0.9945618915622229,-0.10414543139853387,6,6,instant_velocity,dbscan_kmeans_fallback,False
490,82,11.8491856719,11.8494590558,-0.0033253487299999664,-0.004391340309999947,-0.0037083952319999724,-0.005369845493999996,-0.0034872498313359883,-0.005843652345202322,-0.6036923020950808,-0.797215136298448,4,4,instant_velocity,dbscan_kmeans_fallback,False
490,83,12.6359042517,11.6117538953,0.009702441549999996,-0.015608350900000012,0.009702441549999996,-0.015608350900000012,0.0038837884353689943,-0.013762334055489,0.5279319952571401,-0.8492860060889094,-1,-1,instant_velocity,dbscan_kmeans_fallback,False
490,84,12.1798263591,12.4761796898,0.0,0.0,0.0,0.0,0.0,0.0,0.0,0.0,4,4,instant_velocity,dbscan_kmeans_fallback,False
490,217,9.91101247738,1.08805002689,0.00383046499600006,0.007589381631000003,0.004773348686399999,-0.010286237367800002,0.0073422312779594465,-0.008883540241471631,0.45057638612967316,0.8927365611814227,7,7,instant_velocity,dbscan_kmeans_fallback,False
490,219,11.457720568,0.338896915593,0.0011575580999998892,0.003914020715299999,0.0011533487999999892,0.0033555567839599998,0.0012013788880131833,0.0028719780776055273,0.2836029650096837,0.9589392359385752,7,7,instant_velocity,dbscan_kmeans_fallback,False
490,220,10.9130368643,1.54508354334,0.0006945348600000401,0.011551134306000011,0.00514376728000002,0.006601330060000001,0.0044560568055212225,0.005150302813345629,0.06001853812828006,0.9981963968943266,7,7,instant_velocity,dbscan_kmeans_fallback,False
490,315,3.93275103846,8.89103217852,-0.03607371978999998,-0.0076609795710000485,-0.027516208432399995,-0.014338680766799996,-0.028728311651782246,-0.013202899386786772,-0.9781844125649558,-0.2077371240048326,-1,-1,instant_velocity,dbscan_kmeans_fallback,False
490,410,5.23595099726,1.17730879199,-0.01948906915200004,0.0212168561949,-0.013103557725400013,0.0190450520172,-0.013346757799477839,0.017409650393412843,-0.6764838692350974,0.7364569780008019,-1,-1,instant_velocity,dbscan_kmeans_fallback,False
490,411,8.41755205947,2.75723666609,-0.007829302078000033,0.006658608411999989,-0.007829302078000033,0.006658608411999989,-0.00514827123255601,0.004374705726683994,-0.7617608220769474,0.6478568545804891,7,7,instant_velocity,dbscan_kmeans_fallback,False
490,420,14.4069681492,7.45239090585,0.014416860010000043,0.02009515513599993,0.009567743884000031,0.024849258346200002,0.009451813528545915,0.02407159158844295,0.5829282069930248,0.8125231669413345,-1,-1,instant_velocity,dbscan_kmeans_fallback,False
500,4,4.95813705256,7.00084656479,0.0011575581029999783,-0.00014319588000004656,0.0011449301963999937,-0.0001288762919999975,0.0012986596623822519,-5.3860533310412165e-05,0.9924267239626257,-0.12276828066348401,0,0,instant_velocity,dbscan_kmeans_fallback,False
500,10,13.7400042168,6.43904139627,0.01852092964999983,-0.03341237196,0.015006162315999987,-0.016028392148799996,0.017020665643610246,-0.0181504712483858,0.484812485756393,-0.8746178194648535,-1,-1,instant_velocity,dbscan_kmeans_fallback,False
500,11,13.1041891206,7.9115723605,0.02565569686,-0.0029832474970000076,0.02173262721999997,0.0035798969956000095,0.021688313144054217,0.001913823110193562,0.9933068760950792,-0.11550184226270678,1,1,instant_velocity,dbscan_kmeans_fallback,False
500,12,13.2847681847,7.30537646923,0.02975976650000014,0.004940257853999963,0.020179394712000018,0.0004295876395999976,0.022353144459578755,0.0017740989970268313,0.986499306351976,0.16376341347203924,1,1,instant_velocity,dbscan_kmeans_fallback,False
500,13,13.0730402844,6.60896717366,0.005935116089999859,0.0005966494990000016,0.007134767215999993,0.001584701069999994,0.008476357590357152,0.0011008915198905264,0.9949833019520223,0.10002437688174276,-1,-1,instant_velocity,dbscan_kmeans_fallback,False
500,19,1.66562087758,4.96674909184,-0.027760347959,-0.001599020658000061,-0.027301534020599996,-0.0037660516394000076,-0.028014295679725243,-0.0037694932564724254,-0.9983448265878975,-0.057505547260404084,2,2,instant_velocity,dbscan_kmeans_fallback,False
500,20,1.39012204908,4.40613722231,-0.033569184985000014,-0.005680103233000011,-0.026804836361799998,-0.004071536183200006,-0.029515945900010155,-0.004522954406028367,-0.985984634157941,-0.1668343902502062,2,2,instant_velocity,dbscan_kmeans_fallback,False
500,23,14.8678867393,9.54400539054,0.03015965020999989,-0.0023865979969999174,0.029776603709999988,-8.591752799997466e-05,0.030061605671497307,-0.0008535987294346341,0.9968833497741003,-0.07888552384551825,1,1,instant_velocity,dbscan_kmeans_fallback,False
500,27,2.68321968262,5.05505321773,-0.02786558051400001,0.010954484807000054,-0.02673327822460001,0.005637144469200006,-0.028349711787311025,0.006028116100677896,-0.9306682684779832,0.365863234116979,2,2,instant_velocity,dbscan_kmeans_fallback,False
500,28,7.5784276674,0.132217529041,-0.03761011509000003,0.013794536423412001,-0.02646388288419999,0.004462938254636,-0.028309756997696497,0.005266403041114679,-0.9388425061884278,0.3443461184969127,-1,-1,instant_velocity,dbscan_kmeans_fallback,False
500,29,2.81749642256,5.64716818082,-0.02039406912199997,0.008186031129999983,-0.023656278321800003,0.004591814546399995,-0.02479304111521296,0.0051289454750170944,-0.9280299110807849,0.3725044617742976,2,2,instant_velocity,dbscan_kmeans_fallback,False
500,30,8.06796951238,0.503810837195,-0.009849767130999965,-0.0005011855793999986,-0.008902674137200002,-0.0012219381745400004,-0.009913520287531683,-0.0016295772424052843,-0.9987069564900327,-0.05081719374501099,-1,-1,instant_velocity,dbscan_kmeans_fallback,False
500,33,8.08333346539,8.72707289612,-0.05301616111400005,0.007971237309999957,-0.0503222077122,-0.0015226495222000124,-0.04984289300464374,0.00027485377074485144,-0.9888846302677086,0.148683606931206,3,3,instant_velocity,dbscan_kmeans_fallback,False
500,34,8.24812764622,8.18364453217,-0.057036044708999964,0.006921134191,-0.05553332382560001,-0.005980814581000011,-0.05542812614539473,-0.0043064195714653045,-0.9927176445726484,0.12046298208291749,3,3,instant_velocity,dbscan_kmeans_fallback,False
500,35,12.1408903139,11.193860586,-0.023235348100000053,0.0065631444999999285,-0.02628709219200001,0.012243247725999993,-0.025144705763573978,0.011770083236741861,-0.9623454905595235,0.2718277551204604,4,4,instant_velocity,dbscan_kmeans_fallback,False
500,36,12.9776995897,12.0516039061,-0.009218371799999936,0.012553505460000025,-0.015675441365999986,0.017679917962000004,-0.013900079331285722,0.01654502605844199,-0.5918837296960743,0.806022559474646,4,4,instant_velocity,dbscan_kmeans_fallback,False
500,37,11.8134066033,2.31285211902,-0.03331662684999994,0.009116804349000019,-0.04352418466999999,-0.004692051662400001,-0.03806027821721507,-0.005425931479750501,-0.964539403710779,0.26393779508720977,-1,-1,instant_velocity,dbscan_kmeans_fallback,False
500,74,13.1340751662,12.66663021,0.00940779040000006,0.003317371219999998,0.006040348646000027,0.007274350695999985,0.006501084914987595,0.006361204643350506,0.9430845331629765,0.3325500840603307,5,5,instant_velocity,dbscan_kmeans_fallback,False
500,75,5.37569983006,7.51635173218,0.005177441697000074,-0.004057216594999957,-0.0008881627625999933,-0.0033316908039999938,0.0017783278507864269,-0.003139473369968361,0.7871121595333905,-0.6168074316772129,0,0,instant_velocity,dbscan_kmeans_fallback,False
500,76,11.7649996281,7.62040740485,0.042093021930000064,-0.0023865979970000063,0.04524999857019999,-0.00930295899279999,0.04442766972079866,-0.007018960922615655,0.9983962860012542,-0.056607258569967796,1,1,instant_velocity,dbscan_kmeans_fallback,False
500,77,10.0141403811,9.06596981171,0.02843383631100007,0.0007637113590000411,0.035442324461000006,0.00400471143899999,0.03344171866319083,0.002840017710500237,0.9996391341046148,0.026849551825031532,6,6,instant_velocity,dbscan_kmeans_fallback,False
500,78,10.0076159627,9.61273941286,0.031569766444,-0.0022434021169999594,0.03373755707299999,-2.863917599999155e-05,0.03366912057176858,0.0003702858941999522,0.9974843228266657,-0.07088295839860134,6,6,instant_velocity,dbscan_kmeans_fallback,False
500,79,8.3196857835,7.63711359083,0.0494803472730001,-0.016873247839999994,0.046942138051000025,-0.02296384592840001,0.04542948502423948,-0.02301620220458023,0.9464810988007536,-0.32275865138592286,-1,-1,instant_velocity,dbscan_kmeans_fallback,False
500,80,7.44267767169,6.70252181515,0.04596557994200001,0.0018854124169999764,0.04666853340840001,0.0013555876623999907,0.04591505729480787,0.0016817295766617926,0.9991596080156774,0.040983447481672736,7,7,instant_velocity,dbscan_kmeans_fallback,False
500,81,7.24420907331,5.92114963089,0.05331081226800007,-0.0055607733330000466,0.048436440329200005,-0.004186092887000008,0.0490537392954743,-0.002565897598297381,0.9946036719357667,-0.10374566322494756,7,7,instant_velocity,dbscan_kmeans_fallback,False
500,82,11.8159321846,11.8055456526,-0.0033253487300001438,-0.004391340320000126,-0.0035863254680000268,-0.005054814558000018,-0.003438679500935235,-0.005407958737641662,-0.6036923012213695,-0.7972151369600705,5,5,instant_velocity,dbscan_kmeans_fallback,False
500,83,12.7331391323,11.4556703862,0.00972348806000003,-0.015608350910000013,0.004689162642000006,-0.018343392206000005,0.005635698322758306,-0.014316139111842303,0.5287572565837011,-0.8487724524410323,5,5,instant_velocity,dbscan_kmeans_fallback,False
500,84,12.1592007784,12.3771358729,-0.002062558069999909,-0.009904381690000009,-0.002062558069999909,-0.009904381690000009,-0.0006187674209999728,-0.0029713145070000033,-0.20387307566847998,-0.9789963187484794,5,5,instant_velocity,dbscan_kmeans_fallback,False
500,85,11.8066717198,12.4279704103,0.0,0.0,0.0,0.0,0.0,0.0,0.0,0.0,5,5,instant_velocity,dbscan_kmeans_fallback,False
500,217,9.94931712733,1.1639438432,0.0038304649949999713,0.007589381631000003,0.004200883588199993,-0.0015178763262000006,0.006288701393071604,-0.00394166367973014,0.4505763860359162,0.8927365612287431,8,8,instant_velocity,dbscan_kmeans_fallback,False
500,219,11.469296149,0.378037122746,0.0011575581000000668,0.003914020715299999,0.0011491394979999826,0.0039092475193,0.0011882326516092483,0.003184590868913869,0.28360296500972365,0.9589392359385635,8,8,instant_velocity,dbscan_kmeans_fallback,False
500,220,10.9197717478,1.66059488641,0.0006734883500000066,0.011551134306999989,0.0027149999140000246,0.009742093024399998,0.0033212862688648576,0.0070705522614419375,0.05820605237141143,0.998303724811932,8,8,instant_velocity,dbscan_kmeans_fallback,False
500,315,3.57180337545,8.81418372302,-0.03609476630100002,-0.007684845550000041,-0.03158660365259999,-0.012376897213000006,-0.03093824804654758,-0.011547483235750751,-0.9780774804172301,-0.208240006605372,-1,-1,instant_velocity,dbscan_kmeans_fallback,False
500,316,9.43346714364,11.3680822398,0.0,0.0,0.0,0.0,0.0,0.0,0.0,0.0,5,5,instant_velocity,dbscan_kmeans_fallback,False
500,410,4.95645333168,1.23339384492,-0.02794976655800001,0.005608505292999988,-0.017253929687200013,0.0167586911359,-0.01772766042703449,0.013869306863288987,-0.9804549804407893,0.1967417844417176,-1,-1,instant_velocity,dbscan_kmeans_fallback,False
500,411,8.33925903869,2.82406141001,-0.007829302077999856,0.006682474392000026,-0.007829302077999856,0.006682474392000026,-0.005952580486189164,0.005067036326278804,-0.7606153878234596,0.6492012698774209,8,8,instant_velocity,dbscan_kmeans_fallback,False
500,420,14.5509262842,7.65334245721,0.014395813499999832,0.02009515513600002,0.00992132526799999,0.022185814981400008,0.01093501351998209,0.022878660652710072,0.5823659697969953,0.8129262378258693,-1,-1,instant_velocity,dbscan_kmeans_fallback,False
510,4,4.96950216848,6.9996532658,0.0011365115920000334,-0.00011932989899996472,0.0011449301963999937,-0.00012887629179999749,0.0012500152412675864,-7.350134301727793e-05,0.9945243108623738,-0.1044217114929463,0,0,instant_velocity,dbscan_kmeans_fallback,False
510,10,13.9197414204,6.14334190442,0.01797372036000002,-0.029569949185000066,0.015995348332,-0.020691804635200005,0.017306582058527177,-0.02157631462937008,0.5194115535638706,-0.8545238791611853,-1,-1,instant_velocity,dbscan_kmeans_fallback,False
510,11,13.3605356241,7.88173988554,0.025634650350000142,-0.0029832474960000076,0.022759696954000007,0.0018520000458000041,0.022872214305837996,0.0004447019283354909,0.9932959918665293,-0.11559540465987479,1,1,instant_velocity,dbscan_kmeans_fallback,False
510,12,13.5821553846,7.35477904777,0.02973871998999993,0.004940257854000052,0.02227983650599999,0.0011407938426000008,0.024568817118705108,0.002723946654118798,0.9864805764648805,0.16387619969312392,1,1,instant_velocity,dbscan_kmeans_fallback,False
510,13,13.2033181872,6.60204603947,0.01302779028000014,-0.0006921134189999733,0.007694604406000032,0.0006300618712000095,0.00984178739725005,0.0005629900382233763,0.9985910327215849,-0.053051073051173105,1,1,instant_velocity,dbscan_kmeans_fallback,False
510,19,1.39517321171,4.97510218483,-0.027044766587000012,0.00083530929900002,-0.0277350921464,-0.0018615464376000013,-0.027723436951907675,-0.0023880524898306915,-0.9995229937909063,0.030871438605027987,2,2,instant_velocity,dbscan_kmeans_fallback,False
510,20,1.05443019922,4.34933618998,-0.03356918498599999,-0.005680103233000011,-0.028320185151199998,-0.004477257842600011,-0.030731917625807105,-0.004870099054119861,-0.9859846341587586,-0.16683439024537475,2,2,instant_velocity,dbscan_kmeans_fallback,False
510,27,2.40435341236,5.1648367256,-0.027886627025999998,0.010978350786999958,-0.0267374875268,0.007818495038600002,-0.028210786358917717,0.007513186506574515,-0.9304910111511822,0.36631381468414265,2,2,instant_velocity,dbscan_kmeans_fallback,False
510,28,7.20590442336,0.278993305865,-0.03725232440399999,0.014677577682399998,-0.03266418501379999,0.00768007235478,-0.030992527219587545,0.008089755433500274,-0.9303875513540252,0.36657673791411305,-1,-1,instant_velocity,dbscan_kmeans_fallback,False
510,29,2.58135456956,5.69800271816,-0.02361418529999999,0.00508345373400001,-0.022818627185599995,0.005608505293199997,-0.02443938437064907,0.00511529795271197,-0.9776041951589715,0.21045001693346374,2,2,instant_velocity,dbscan_kmeans_fallback,False
510,30,7.88802184366,0.530063415164,-0.017994766871999968,0.0026252577969000045,-0.0114787670788,0.00011932989986000119,-0.012337894262872167,-0.0003531267306136974,-0.9895244184871974,0.1443617865868878,-1,-1,instant_velocity,dbscan_kmeans_fallback,False
510,33,7.55780208665,8.83781104319,-0.052553137874000025,0.011073814707000019,-0.051593416973,0.002396144389200003,-0.05065596646545062,0.003514542051621402,-0.9785120655020587,0.20618866427944665,3,3,instant_velocity,dbscan_kmeans_fallback,False
510,34,7.67797766425,8.25309453389,-0.057014998197000025,0.006945000171999993,-0.05796630049300001,-0.00376605163939999,-0.05590418776087632,-0.0009309936484257143,-0.9926625333468347,0.1209162796254278,3,3,instant_velocity,dbscan_kmeans_fallback,False
510,35,11.9087472979,11.2597306907,-0.02321430160000002,0.00658701047000001,-0.025125324788000006,0.00993779405999998,-0.02456558451450179,0.010215161406719306,-0.9620216419991411,0.2729716679572621,4,4,instant_velocity,dbscan_kmeans_fallback,False
510,36,12.9050891269,12.1091209179,-0.007261046280000016,0.00575170117999999,-0.012013348457999982,0.014567794176,-0.01190836941590001,0.013307028594909391,-0.7838677439018065,0.6209260833362903,4,4,instant_velocity,dbscan_kmeans_fallback,False
510,37,11.4932891715,2.4166691319,-0.032011743179999996,0.010381701288,-0.040409301047999974,0.0004964123833999956,-0.03624571770605055,-0.0006836416494253499,-0.9512267714369924,0.30849154770107423,-1,-1,instant_velocity,dbscan_kmeans_fallback,False
510,74,13.2279426051,12.6995652624,0.009386743890000026,0.003293505240000094,0.0074967672060000014,0.005546453745999998,0.007366782607491324,0.005440894822345383,0.9436018320014383,0.3310794045932382,4,4,instant_velocity,dbscan_kmeans_fallback,False
510,75,5.42726378191,7.47601822602,0.005156395184999951,-0.004033350616000053,0.0010018139217999966,-0.0035512578198,0.0027917480510504843,-0.0034076365437778686,0.7876586552678387,-0.6161093958942444,0,0,instant_velocity,dbscan_kmeans_fallback,False
510,76,12.1859298473,7.59654142488,0.042093021920000064,-0.0023865979970000063,0.04358311490000002,-0.007197979559400007,0.04372727538055908,-0.0056292520449309595,0.998396286000494,-0.05660725858337284,1,1,instant_velocity,dbscan_kmeans_fallback,False
510,77,10.3942403691,9.03518269755,0.03800999879999996,-0.003078711415999891,0.035303417489,0.0028209588326000203,0.03481220270423357,0.0010643989725501984,0.9967355012162311,-0.08073299298096234,1,1,instant_velocity,dbscan_kmeans_fallback,False
510,78,10.3233136271,9.59030539169,0.03156976644,-0.0022434021169999594,0.03285360361199999,-0.0010310103345999976,0.033039314332238,-0.00041382050916002146,0.9974843228260308,-0.07088295840753735,1,1,instant_velocity,dbscan_kmeans_fallback,False
510,79,8.81785669798,7.47792750442,0.04981709144799993,-0.01591860864100001,0.0477082310498,-0.021727588165999984,0.04674576695136762,-0.020886924135506166,0.9525507670521403,-0.30437912834022285,-1,-1,instant_velocity,dbscan_kmeans_fallback,False
510,80,7.89875556425,6.73211563032,0.045607789255999974,0.002959381517000015,0.04609606831020001,0.0019474639657999938,0.045822876883165505,0.0020650251587632593,0.9979012037405871,0.06475144764341878,5,5,instant_velocity,dbscan_kmeans_fallback,False
510,81,7.77226603336,5.87866818654,0.05280569600499998,-0.00424814443499999,0.05001492865140001,-0.0043961135108,0.050179326308332,-0.003070571649308164,0.9967794462385431,-0.08018951321197798,5,5,instant_velocity,dbscan_kmeans_fallback,False
510,82,11.7881507901,11.7561430741,-0.0027781394499999832,-0.004940257849999874,-0.0033506045460000066,-0.00484956712999999,-0.0032405174856546598,-0.005267648471349125,-0.49015910160349924,-0.8716309577064563,4,4,instant_velocity,dbscan_kmeans_fallback,False
510,83,12.7979623861,11.1435033682,0.00648232538000002,-0.031216701800000024,0.0061371625960000035,-0.020324268544000004,0.005889686439930821,-0.01938630791828962,0.2033182463335517,-0.9791123854837124,-1,-1,instant_velocity,dbscan_kmeans_fallback,False
510,84,12.1387856628,12.2780920561,-0.0020415115600000535,-0.009904381680000008,-0.0020415115600000535,-0.009904381680000008,-0.0010455906626999972,-0.005051234658900005,-0.20187794110681398,-0.9794096789216302,4,4,instant_velocity,dbscan_kmeans_fallback,False
510,85,11.8016205571,12.3671121614,-0.0005051162700000944,-0.0060858248900000685,-0.0005051162700000944,-0.0060858248900000685,-0.00015153488100002834,-0.0018257474670000209,-0.08271426947908306,-0.9965716605285404,4,4,instant_velocity,dbscan_kmeans_fallback,False
510,217,9.97604619625,1.29640003204,0.002672906891999993,0.013245618883999999,0.003683139418400003,0.00662042284398,0.00520396304275012,0.0012145210893889026,0.19780806890972974,0.9802400153930599,6,6,instant_velocity,dbscan_kmeans_fallback,False
510,219,11.3566973154,0.570874240915,-0.01125988335999999,0.019283711816900008,-0.0013301394919999865,0.006983185739620002,-0.0025462021518735238,0.008014327153309712,-0.5042400106540483,0.8635630353459777,6,6,instant_velocity,dbscan_kmeans_fallback,False
510,220,10.8311659367,1.89734540772,-0.008860581110000076,0.023675052131000008,-0.00013890697200000802,0.013064237436199999,-0.000333273944794623,0.01205190222230936,-0.3505140984297687,0.9365570327672529,6,6,instant_velocity,dbscan_kmeans_fallback,False
510,315,3.29756733761,8.73733526751,-0.027423603784000015,-0.007684845550999952,-0.0318096966688,-0.010333969327599987,-0.02988385476778331,-0.010388691930325511,-0.9629068039353798,-0.26983288288929075,-1,-1,instant_velocity,dbscan_kmeans_fallback,False
510,316,9.41010551647,11.2091348131,-0.002336162716999901,-0.015894742669999927,-0.002336162716999901,-0.015894742669999927,-0.0007008488150999704,-0.004768422800999979,-0.14541472783507525,-0.9893701592562033,-1,-1,instant_velocity,dbscan_kmeans_fallback,False
510,410,4.64075566724,1.22265415393,-0.031569766444,-0.0010739690989999939,-0.022124092323800006,0.01313583537618,-0.021880292232124145,0.009386324074602291,-0.9994215421867874,-0.033999233256523625,-1,-1,instant_velocity,dbscan_kmeans_fallback,False
510,411,8.26917415719,2.89971656652,-0.007008488150000147,0.0075655156509999875,-0.007669348594600009,0.006844763055799996,-0.006269352785332459,0.005816580123695159,-0.6795838678751497,0.7335965016330155,-1,-1,instant_velocity,dbscan_kmeans_fallback,False
510,420,14.6948844192,7.85453266837,0.01439581350000001,0.020119021116000013,0.011297767085999978,0.021197763410599996,0.011973253513987467,0.022050768791697054,0.5819091625871288,0.8132532926801476,-1,-1,instant_velocity,dbscan_kmeans_fallback,False
520,4,4.9808672844,6.998221307,0.0011365115920000334,-0.00014319588000004656,0.0011407208942000046,-0.00013364948780001385,0.0012159641464873205,-9.440970411210851e-05,0.9921471191068533,-0.12500653826152325,0,0,instant_velocity,dbscan_kmeans_fallback,False
520,10,14.0866402523,5.93761715707,0.01668988319000011,-0.020572474734999967,0.016727766911999994,-0.023555722231799994,0.017121572397969055,-0.021275162661059045,0.6300180244513411,-0.7765800241421416,-1,-1,instant_velocity,dbscan_kmeans_fallback,False
520,11,13.6170925928,7.85190741057,0.02565569687,-0.0029832474970000076,0.023795185294000022,0.0001241030957999989,0.023707259075086598,-0.0005836828992651588,0.9933068761002445,-0.11550184221828744,1,1,instant_velocity,dbscan_kmeans_fallback,False
520,12,13.795987936,7.30752440743,0.021383255139999946,-0.004725464034000026,0.02359734809199999,0.000725525791199999,0.02361314852509356,0.0004891234476831503,0.9764409417117159,-0.21578270105155942,1,1,instant_velocity,dbscan_kmeans_fallback,False
520,13,13.3639030659,6.58963572989,0.016058487869999992,-0.001241030957999989,0.009378325286000013,-1.9092783999994366e-05,0.011706797539075033,2.178373935636665e-05,0.9970264428030614,-0.07705212915935684,1,1,instant_velocity,dbscan_kmeans_fallback,False
520,19,1.12451508073,4.98369393762,-0.027065813098,0.0008591752790000129,-0.0276003944762,-0.0010405567265999948,-0.027526149795735373,-0.00141388415918148,-0.9994961728137423,0.03172793664196802,2,2,instant_velocity,dbscan_kmeans_fallback,False
520,20,0.718527884262,4.29253515765,-0.0335902314958,-0.005680103233000011,-0.03007546416556,-0.004878206305999999,-0.03158941178680497,-0.005113100307783906,-0.986001824653809,-0.16673276433537793,2,2,instant_velocity,dbscan_kmeans_fallback,False
520,27,2.12569760722,5.27438157367,-0.02786558051400001,0.010954484807000054,-0.027229975883400002,0.009183629093000007,-0.028107224605442405,0.008545575996702177,-0.9306682684779832,0.365863234116979,2,2,instant_velocity,dbscan_kmeans_fallback,False
520,28,6.82454164472,0.456556196852,-0.03813627786399998,0.0177562890987,-0.03903706853319999,0.01151772193418,-0.033135652412911276,0.010989715533060194,-0.9065527917529715,0.4220918861301527,-1,-1,instant_velocity,dbscan_kmeans_fallback,False
520,29,2.32353481027,5.72783519312,-0.02578197592900002,0.0029832474960000076,-0.0224103248728,0.006205154792399998,-0.024842161838154353,0.004475682815698381,-0.9933716301325232,0.11494361162818899,2,2,instant_velocity,dbscan_kmeans_fallback,False
520,30,7.62641371239,0.588057746494,-0.026160813127000006,0.005799433132999998,-0.01474097627819999,0.001384226838339999,-0.01648476992211052,0.0014926412284704115,-0.9762978468842135,0.2164295908315352,-1,-1,instant_velocity,dbscan_kmeans_fallback,False
520,33,7.03542768456,8.96955125263,-0.052237440208999966,0.01317402094400002,-0.0522163936982,0.007078649659400007,-0.05113040858851542,0.006412385719334988,-0.9696394629998039,0.24453821899732966,3,3,instant_velocity,dbscan_kmeans_fallback,False
520,34,7.10761721716,8.32230587581,-0.057036044709000054,0.006921134192000089,-0.058500881870800006,-0.0006157422831999782,-0.05624374484531344,0.001424644703702027,-0.9927176445705669,0.12046298210007134,3,3,instant_velocity,dbscan_kmeans_fallback,False
520,35,11.6890217235,11.3377724452,-0.021972557439999995,0.0078041754500000945,-0.024064580633999987,0.008677670317999996,-0.02378767639215125,0.009491865619703542,-0.9423264486189005,0.3346938997100831,4,4,instant_velocity,dbscan_kmeans_fallback,False
520,36,12.8324786641,12.1666379296,-0.007261046280000016,0.0057517011699999895,-0.008957395066000018,0.011627505442000014,-0.010514172475130014,0.011040430367436571,-0.7838677444272508,0.620926082672959,4,4,instant_velocity,dbscan_kmeans_fallback,False
520,37,11.3253380141,2.40545212131,-0.0167951157400001,-0.00112170105899998,-0.03436053379600001,0.0028448248126000043,-0.03041053711623541,-0.0008150594722977389,-0.9977765665832985,-0.06663884004778185,-1,-1,instant_velocity,dbscan_kmeans_fallback,False
520,74,13.321810044,12.7327389745,0.00938674388999985,0.0033173712099999974,0.008953185763999975,0.0038233299919999907,0.007972770992243881,0.004803837738641767,0.9428505101434811,0.33321300488617517,4,4,instant_velocity,dbscan_kmeans_fallback,False
520,75,5.47882773377,7.43544606007,0.00515639518600004,-0.004057216594999957,0.0028917906062000042,-0.0037803712275999856,0.0035011421915353514,-0.003602510559144495,0.7858902323874509,-0.6183635616889496,0,0,instant_velocity,dbscan_kmeans_fallback,False
520,76,12.559715882,7.54260431014,0.037378603470000014,-0.005393711474000007,0.04199199867200001,-0.005708742409200003,0.04182267380739136,-0.005558589873651674,0.9897483917516556,-0.1428201366926017,1,1,instant_velocity,dbscan_kmeans_fallback,False
520,77,10.7745508222,9.00439558339,0.03803104530999999,-0.003078711416000068,0.034491022166,0.0006157422832000136,0.035777855485963496,-0.00017853414401488178,0.9967390955931323,-0.08068860604179277,1,1,instant_velocity,dbscan_kmeans_fallback,False
520,78,10.6423787333,9.56954198911,0.03190651062000001,-0.002076340258000009,0.032445301299399994,-0.0014462783861999996,0.0326994732185666,-0.0009125764338120177,0.9978889625812097,-0.06493837733300933,1,1,instant_velocity,dbscan_kmeans_fallback,False
520,79,9.31581714735,7.31898007781,0.04979604493699998,-0.015894742661000015,0.04839434730719999,-0.019942412864199996,0.047660850347057325,-0.01938926969315432,0.9526457962259056,-0.30408157509800976,-1,-1,instant_velocity,dbscan_kmeans_fallback,False
520,80,8.35378113126,6.76433470328,0.04550255670099999,0.003221907296000026,0.0458014171568,0.0023675052132000117,0.04572678082851585,0.0024120897999342895,0.9975023406891675,0.07063031843159932,5,5,instant_velocity,dbscan_kmeans_fallback,False
520,81,8.25528345995,5.95599396165,0.048301742659,0.007732577511000027,0.050696835606599995,-0.0022147629414000034,0.0496160512135324,0.00017037309878429382,0.9874267168975918,0.15807615221560173,5,5,instant_velocity,dbscan_kmeans_fallback,False
520,82,11.8098286964,11.6582925562,0.002167790630000077,-0.009785051790000132,-0.002129906909999981,-0.005613278490000013,-0.0016180250509582384,-0.0066228694669444275,0.21629644363219072,-0.9763267142333554,4,4,instant_velocity,dbscan_kmeans_fallback,False
520,83,12.8625751748,10.83157501,0.006461278869999987,-0.03119283581999994,0.0075809532499999934,-0.022300371685999992,0.006061164168951571,-0.022928266288802717,0.20283398222493512,-0.9792128204890808,-1,-1,instant_velocity,dbscan_kmeans_fallback,False
520,84,12.118160082,12.179286899,-0.0020625580800000876,-0.009880515710000103,-0.0020625580800000876,-0.009880515710000103,-0.0013506808878900245,-0.006500018974230035,-0.20434498384726252,-0.9788979242526391,4,4,instant_velocity,dbscan_kmeans_fallback,False
520,85,11.7967798596,12.3060152526,-0.0004840697499998825,-0.006109690879999974,-0.0004840697499998825,-0.006109690879999974,-0.0002512953416999846,-0.003110930490900007,-0.07898218529264273,-0.9968743908600867,4,4,instant_velocity,dbscan_kmeans_fallback,False
520,217,9.97604619625,1.56059643033,0.0,0.026419639828999995,0.0028328603755999994,0.01248668072108,0.003642774129925084,0.008776056711272231,0.0,0.9999996214938477,6,6,instant_velocity,dbscan_kmeans_fallback,False
520,219,11.2304182496,0.780894864662,-0.012627906580000037,0.02100206237469999,-0.0040872324300000075,0.010400794071499998,-0.005570713480311478,0.011910647719726795,-0.5152955155788304,0.8570120859723491,6,6,instant_velocity,dbscan_kmeans_fallback,False
520,220,10.6470089657,2.25533510729,-0.018415697100000017,0.03579896995700001,-0.004735464968000009,0.018562959221600003,-0.0057580008913562415,0.019176022542716553,-0.4574421541647614,0.8892391010280922,-1,-1,instant_velocity,dbscan_kmeans_fallback,False
520,315,3.0328022297,8.6602481522,-0.026476510790999976,-0.007708711531000034,-0.0318433710864,-0.008295814638000004,-0.028861651574748307,-0.009584697810527868,-0.96013215225006,-0.27954521091388795,-1,-1,instant_velocity,dbscan_kmeans_fallback,False
520,316,9.3867438893,11.0499487267,-0.002336162717000079,-0.01591860864000001,-0.002336162717000079,-0.01591860864000001,-0.001191442985670003,-0.008113478552699989,-0.14520131481716386,-0.9894015034860212,4,4,instant_velocity,dbscan_kmeans_fallback,False
520,410,4.3117987009,1.21716497854,-0.03289569663399998,-0.0005489175389999934,-0.026278673587799995,0.009279093012880001,-0.025184913552686896,0.006405751590521605,-0.9998605037456817,-0.016684278590170003,-1,-1,instant_velocity,dbscan_kmeans_fallback,False
520,411,8.21129625204,2.98921399141,-0.005787790514999891,0.008949742489000023,-0.007261046281999981,0.007302989871200003,-0.006124884104232689,0.006756528833286618,-0.5430378405811082,0.8397071079867264,-1,-1,instant_velocity,dbscan_kmeans_fallback,False
520,420,14.8388425541,8.05548421973,0.01439581349000001,0.02009515513599993,0.012930976333999986,0.02062020669519999,0.01270002150679123,0.021464084694987916,0.5823659695296626,0.8129262380173815,-1,-1,instant_velocity,dbscan_kmeans_fallback,False
530,4,4.99244286543,6.997028008,0.0011575581029999783,-0.0001193298999999648,0.0011449301964000114,-0.00012887629179999749,0.001198442333441118,-0.0001018857628784654,0.9947199029887999,-0.10254329890136875,0,0,instant_velocity,dbscan_kmeans_fallback,False
530,10,14.2535390843,5.73189240972,0.016689883199999932,-0.020572474734999967,0.017460185493999986,-0.0264196398282,0.01699206563857832,-0.021064356283241322,0.6300180246789896,-0.7765800239574565,1,1,instant_velocity,dbscan_kmeans_fallback,False
530,11,13.8509193296,7.6662300864,0.02338267367999993,-0.018567732417000028,0.024371859696000017,-0.00472069083820001,0.023609883456560597,-0.00597889775458562,0.7831246347106449,-0.6218642429631763,1,1,instant_velocity,dbscan_kmeans_fallback,False
530,12,13.9538367682,7.19559296136,0.01578488322000009,-0.011193144606999984,0.023790975992000016,-0.000983278374799994,0.021264668933565517,-0.0030155569687217907,0.8157269242538183,-0.5784362985611152,1,1,instant_velocity,dbscan_kmeans_fallback,False
530,13,13.5246984096,6.5769867605,0.01607953436999985,-0.0012648969390000708,0.011407208939999976,-0.00039617526760000744,0.013018618588352479,-0.0003642204641505646,0.9969195754674667,-0.07842270120649399,1,1,instant_velocity,dbscan_kmeans_fallback,False
530,19,0.843544159379,4.98798981401,-0.028097092135099998,0.000429587638999962,-0.027608813080620003,-0.000424814443599999,-0.027697432497544763,-0.0008608426197270474,-0.9998827818093984,0.01528760632768893,2,2,instant_velocity,dbscan_kmeans_fallback,False
530,20,0.382836034409,4.23573412531,-0.033569184985299996,-0.005680103234000011,-0.031822324575419995,-0.005279154769800005,-0.03218334374635348,-0.005283201185648737,-0.9859846341533546,-0.16683439027731098,2,2,instant_velocity,dbscan_kmeans_fallback,False
530,27,1.83862319769,5.2455037379,-0.028707440952999975,-0.002887783577000036,-0.027890836327599998,0.0077850826665999935,-0.028287289509709677,0.005115568124591513,-0.9949782007042077,-0.10008839562435445,2,2,instant_velocity,dbscan_kmeans_fallback,False
530,28,6.42192189,0.705717027753,-0.040261975471999986,0.024916083090100006,-0.038872905748000015,0.015364917905558002,-0.03527354933063789,0.015167625800172137,-0.8503405468485499,0.5262323935121878,-1,-1,instant_velocity,dbscan_kmeans_fallback,False
530,29,2.06571505097,5.75766766809,-0.02578197592999998,0.0029832474970000076,-0.023193255080799995,0.005489175393399996,-0.02512410606570804,0.004027952220088869,-0.9933716301286328,0.11494361166181043,2,2,instant_velocity,dbscan_kmeans_fallback,False
530,30,7.36501604624,0.645813418025,-0.02613976661499997,0.005775567153100003,-0.017998976174999994,0.0026395773848400016,-0.019381268929977352,0.002777519005859289,-0.9764491569835209,0.21574590778901712,-1,-1,instant_velocity,dbscan_kmeans_fallback,False
530,33,6.51284281736,9.10105280227,-0.05225848672,0.013150154964000117,-0.05261206810420001,0.010663319851200014,-0.05146883202796079,0.008433716492734528,-0.9697676987394404,0.2440291772288316,3,3,instant_velocity,dbscan_kmeans_fallback,False
530,34,6.51494746846,8.46263783804,-0.05926697486999997,0.014033196222999856,-0.058214649322399996,0.004577494958599999,-0.0571507138527194,0.005207210159491377,-0.9730938193671529,0.23040852921075777,3,3,instant_velocity,dbscan_kmeans_fallback,False
530,35,11.5193868451,11.4635461596,-0.016963487840000013,0.01257737143999993,-0.022237743483999994,0.008902010527999984,-0.021740419826505878,0.01041751736579246,-0.8032889049430317,0.5955887743365929,4,4,instant_velocity,dbscan_kmeans_fallback,False
530,36,12.7160914585,12.2239162815,-0.01163872056000006,0.005727835189999908,-0.009180488082000018,0.009365010539999972,-0.010851536900591027,0.009446651814205571,-0.8972309644522858,0.4415597973380102,4,4,instant_velocity,dbscan_kmeans_fallback,False
530,37,11.2588310394,2.31762531502,-0.006650697469999934,-0.008782680629000028,-0.02672065031799999,0.0015035567382000003,-0.023282585222364767,-0.003205345819308426,-0.6036928502585134,-0.7972158598023424,-1,-1,instant_velocity,dbscan_kmeans_fallback,False
530,74,13.4156774829,12.7656740269,0.009386743890000026,0.0032935052399999166,0.009390953191999998,0.0033030516279999845,0.008396962861570725,0.004350737989049212,0.9436018320014439,0.3310794045932223,-1,-1,instant_velocity,dbscan_kmeans_fallback,False
530,75,5.53039168563,7.39487389412,0.005156395185999951,-0.004057216595000046,0.004781767290599994,-0.004004711439200008,0.003997718089874732,-0.0037389223699011605,0.7858902323874392,-0.6183635616889647,0,0,instant_velocity,dbscan_kmeans_fallback,False
530,76,12.9132972662,7.47577956622,0.03535813842,-0.006682474391999982,0.03999678943400003,-0.004477257842799993,0.03988331319117395,-0.005895755229156166,0.9826049948721707,-0.18570640336569377,1,1,instant_velocity,dbscan_kmeans_fallback,False
530,77,11.1546508102,8.97360846923,0.03800999879999996,-0.003078711416000068,0.03396906869460001,-0.0014558247781999967,0.03644749848017444,-0.0010485873256104378,0.9967355012162308,-0.08073299298096696,1,1,instant_velocity,dbscan_kmeans_fallback,False
530,78,10.9906984898,9.56118889612,0.03483197565000005,-0.0008353092990001088,0.03262209199280001,-0.0016133402460000211,0.03333922394799664,-0.000889396293368445,0.9997122903162006,-0.02397420636764305,1,1,instant_velocity,dbscan_kmeans_fallback,False
530,79,9.8459787585,7.18795584777,0.05301616111499996,-0.013102423004000042,0.04971185889359999,-0.017460350947,0.04926744357744012,-0.017503215686408037,0.97079205097014,-0.23992171128989434,-1,-1,instant_velocity,dbscan_kmeans_fallback,False
530,80,8.80880669827,6.79655377624,0.04550255670100008,0.0032219072959999372,0.04570881250860001,0.002634804188799986,0.04565951359026112,0.002655035048753984,0.9975023406891675,0.07063031843159723,5,5,instant_velocity,dbscan_kmeans_fallback,False
530,81,8.73809042143,6.03308107696,0.04828069614799997,0.007708711531000034,0.05120616117179999,9.546391999997183e-06,0.04921544469387267,0.0024318746284490165,0.9874920678890338,0.15766739293013698,5,5,instant_velocity,dbscan_kmeans_fallback,False
530,82,11.8312961376,11.5602033785,0.0021467441200000437,-0.00980891776999986,-0.0010228604319999946,-0.0066633816079999875,-0.0004885942996707537,-0.007578683957861057,0.2137958285203862,-0.9768773474154975,6,6,instant_velocity,dbscan_kmeans_fallback,False
530,83,12.9284507541,10.4914847954,0.00658755793000001,-0.03400902146,0.007791418358000009,-0.025527052177999998,0.006219082297266101,-0.0262524928401619,0.1901656127336099,-0.9817517315420978,-1,-1,instant_velocity,dbscan_kmeans_fallback,False
530,84,12.1049007801,12.0718899891,-0.0013259301899999798,-0.01073969098999985,-0.0013259301899999798,-0.01073969098999985,-0.001343255678523011,-0.00777192057896098,-0.12253031939499176,-0.992463839448604,6,6,instant_velocity,dbscan_kmeans_fallback,False
530,85,11.7919391621,12.2449183439,-0.00048406975000006016,-0.006109690869999973,-0.00048406975000006016,-0.006109690869999973,-0.0003211276641900073,-0.004010558604629997,-0.07898218542113851,-0.9968743908499033,6,6,instant_velocity,dbscan_kmeans_fallback,False
530,217,9.97604619625,1.82479282861,0.0,0.026419639827999997,0.002066767376600005,0.0162527323606,0.0025499418909475584,0.014069131646290561,0.0,0.9999996214938477,7,7,instant_velocity,dbscan_kmeans_fallback,False
530,219,11.0704647663,1.06036549013,-0.01599534832999989,0.027947062546799996,-0.007513604413999992,0.015212175633799998,-0.008698103935218002,0.016721572167848756,-0.49673794299693713,0.8679002217330436,7,7,instant_velocity,dbscan_kmeans_fallback,False
530,220,10.4538019951,2.62263253905,-0.019320697060000037,0.036729743175999995,-0.009045790412000017,0.0238612067754,-0.009826809741949381,0.02444213873270159,-0.4655435309628318,0.8850247108792968,7,7,instant_velocity,dbscan_kmeans_fallback,False
530,315,2.76803712179,8.58339969669,-0.026476510791000017,-0.007684845550999952,-0.0305090222914,-0.0076848455508000055,-0.028146109339623818,-0.009014742132669493,-0.9603641679411994,-0.27874708875353077,-1,-1,instant_velocity,dbscan_kmeans_fallback,False
530,316,9.35517412285,10.8745337739,-0.0031569766449999646,-0.017541495280000062,-0.0031569766449999646,-0.017541495280000062,-0.0017811030834689917,-0.010941883570890012,-0.1771261334228161,-0.9841875891992938,-1,-1,instant_velocity,dbscan_kmeans_fallback,False
530,317,9.34254621628,11.1136708933,0.0,0.0,0.0,0.0,0.0,0.0,0.0,0.0,6,6,instant_velocity,dbscan_kmeans_fallback,False
530,410,3.96979289776,1.21716497854,-0.03420058031399997,0.0,-0.0292209758204,0.00504049496998,-0.027889613581080823,0.004484026113365123,-0.999999707607386,0.0,-1,-1,instant_velocity,dbscan_kmeans_fallback,False
530,411,8.15341834689,3.0787114163,-0.005787790515000069,0.00894974248899998,-0.006848534667199999,0.007761216686600001,-0.006023756027462903,0.007414492930000627,-0.5430378405811218,0.8397071079867177,-1,-1,instant_velocity,dbscan_kmeans_fallback,False
540,4,5.00380798135,6.995834709,0.0011365115919999447,-0.0001193298999999648,0.0011449301963999937,-0.00012887629179999749,0.001179863111008766,-0.00010711900401491522,0.9945243107714964,-0.10442171235848015,0,0,instant_velocity,dbscan_kmeans_fallback,False
540,10,14.3886576847,5.48989137281,0.013511860040000023,-0.024200103691000053,0.016677255287999983,-0.02566547486120001,0.01594800395900483,-0.02200508050556894,0.48749872298348274,-0.873123286542744,-1,-1,instant_velocity,dbscan_kmeans_fallback,False
540,11,14.0847460664,7.48055276222,0.02338267367999993,-0.018567732417999937,0.024742278288000002,-0.009217041464999997,0.023541720523592397,-0.009755548153609916,0.7831246346943361,-0.6218642429837145,1,1,instant_velocity,dbscan_kmeans_fallback,False
540,12,14.1116856004,7.08366151529,0.015784883219999914,-0.011193144606999984,0.022490301614000004,-0.0034462475079999953,0.019620733219495836,-0.005468833260205249,0.8157269242538151,-0.5784362985611194,1,1,instant_velocity,dbscan_kmeans_fallback,False
540,13,13.6852832883,6.56433779112,0.016058487870000172,-0.0012648969379999819,0.013431883296000003,-0.0007732577510000027,0.013930579372846787,-0.0006344234063053898,0.9969115338768588,-0.07852484971598328,1,1,instant_velocity,dbscan_kmeans_fallback,False
540,19,0.552049982548,4.98798981401,-0.029149417683099997,0.0,-0.02782348749244,0.00010501031179998676,-0.028133028053211336,-0.0006025898338089331,-0.9999996569400912,0.0,2,2,instant_velocity,dbscan_kmeans_fallback,False
540,27,1.55175925327,5.21662590214,-0.028686394442000007,-0.002887783576000036,-0.0282023246898,0.005422350649599998,-0.028407020989396778,0.002714562614414048,-0.9949708850254247,-0.10016109156499205,2,2,instant_velocity,dbscan_kmeans_fallback,False
540,28,6.01930213529,0.954639198854,-0.04026197547099999,0.02489221711009999,-0.0387045336602,0.0192073406809424,-0.036770077172746524,0.018085003193150494,-0.8505660810115078,0.5258677774088736,-1,-1,instant_velocity,dbscan_kmeans_fallback,False
540,29,1.80789529168,5.78750014305,-0.02578197592900002,0.0029832474960000076,-0.024270836441999996,0.004443845470600003,-0.025321467024695635,0.0037145408028622104,-0.9933716301325232,0.11494361162818899,2,2,instant_velocity,dbscan_kmeans_fallback,False
540,30,7.09456838037,0.731253626322,-0.02704476658699999,0.008544020829699994,-0.02143797606639998,0.00444861866666,-0.021680318227084144,0.004507469553011501,-0.953546195642042,0.30124565991125946,-1,-1,instant_velocity,dbscan_kmeans_fallback,False
540,33,6.01425097266,9.26095486808,-0.04985918447,0.015990206580999988,-0.051984882077400006,0.01227188690120002,-0.05098593776057255,0.010700663519214166,-0.9522282534782815,0.3053865932071982,3,3,instant_velocity,dbscan_kmeans_fallback,False
540,34,5.91996260355,8.61060691386,-0.05949848649099998,0.014796907582000075,-0.0579705097952,0.009923474472000003,-0.05785504564420357,0.008084119386243987,-0.9704398534748084,0.24134242184342825,3,3,instant_velocity,dbscan_kmeans_fallback,False
540,35,11.3499624319,11.5895585339,-0.01694244131999998,0.012601237430000013,-0.02046562726000001,0.009226587857999995,-0.02030102627455411,0.011072633385054726,-0.8023936549509361,0.5967943324924712,4,4,instant_velocity,dbscan_kmeans_fallback,False
540,36,12.5557170449,12.2807173139,-0.01603744135999996,0.0056801032400001,-0.010283325255999998,0.007092969248000003,-0.012407308238413708,0.00831668724194393,-0.9426234139850788,0.3338561424910872,4,4,instant_velocity,dbscan_kmeans_fallback,False
540,37,11.217790343,2.23743562231,-0.004104069639999963,-0.008018969270999987,-0.018575650575999986,0.00031503093560000475,-0.017529030547655325,-0.004649432854815894,-0.4555932915539851,-0.8901867964026988,-1,-1,instant_velocity,dbscan_kmeans_fallback,False
540,74,13.5280658514,12.801234337,0.011238836849999956,0.0035560310100001048,0.009761371783999984,0.003355556784000022,0.009249525058099495,0.00411232589533448,0.9534130236938656,0.3016652277137882,4,4,instant_velocity,dbscan_kmeans_fallback,False
540,75,5.62552191518,7.34952853218,0.00951302295500005,-0.004534536193999994,0.0060319300418000136,-0.004147907319000002,0.005652309549412328,-0.00397760651713081,0.9026929127658873,-0.4302831712240069,0,0,instant_velocity,dbscan_kmeans_fallback,False
540,76,13.2121577219,7.36098420256,0.029886045569999985,-0.011479536365999988,0.037361766262000023,-0.005665783645199997,0.03688413290482176,-0.007570889570209313,0.9335032168098709,-0.3585681518167775,1,1,instant_velocity,dbscan_kmeans_fallback,False
540,77,11.4745577768,8.88769094133,0.03199069665999996,-0.008591752789999952,0.03489511517619999,-0.0034128351357999875,0.0351104579341221,-0.0033115369649272925,0.9657753963970481,-0.25937864200634314,1,1,instant_velocity,dbscan_kmeans_fallback,False
540,78,11.3390182462,9.55307446293,0.03483197564000005,-0.0008114433189998493,0.03294199895880002,-0.0016419794219999773,0.03378704945559766,-0.0008660104010578662,0.9997284732472066,-0.023289606045164432,1,1,instant_velocity,dbscan_kmeans_fallback,False
540,79,10.3797182765,7.06003419512,0.05337395180000008,-0.012792165264999955,0.05109671931460001,-0.014916237482200003,0.05049939604420811,-0.016089900559985614,0.9724597767588438,-0.2330699856079248,-1,-1,instant_velocity,dbscan_kmeans_fallback,False
540,80,9.26088575374,6.8309207874,0.04520790554699996,0.0034367011160000515,0.045557277629400005,0.002945061928400001,0.045524031177282764,0.0028895348689278043,0.9971227302919036,0.07580118473793374,5,5,instant_velocity,dbscan_kmeans_fallback,False
540,81,9.22089738291,6.11040685206,0.04828069614799997,0.007732577509999938,0.0501959286456,0.0026729897567999926,0.04893502013011086,0.0040220854929142935,0.9874159588060325,0.1581433377156233,5,5,instant_velocity,dbscan_kmeans_fallback,False
540,82,11.8529740439,11.4623528606,0.0021677906299998996,-0.009785051790000132,7.576743999997859e-05,-0.007742123904000024,0.0003083211792304424,-0.008240594307502779,0.2162964436321739,-0.9763267142333593,4,4,instant_velocity,dbscan_kmeans_fallback,False
540,83,12.9957995892,10.1096291159,0.006734883510000067,-0.03818556794999992,0.007197906750000023,-0.03004249558799998,0.006373822661086291,-0.029832415373113305,0.17369159405526935,-0.9847998346657705,-1,-1,instant_velocity,dbscan_kmeans_fallback,False
540,84,12.1211065936,11.9310807073,0.0016205813500000943,-0.014080928180000108,-0.001174395309999987,-0.010901979650000015,-0.00045410456996607926,-0.00966462285927272,0.11433569467938055,-0.9934414617264875,4,4,instant_velocity,dbscan_kmeans_fallback,False
540,85,11.7870984646,12.1838214352,-0.00048406975000006016,-0.006109690869999973,-0.00048406975000006016,-0.006109690869999973,-0.00037001028993302316,-0.00464029828424099,-0.07898218542113851,-0.9968743908499033,4,4,instant_velocity,dbscan_kmeans_fallback,False
540,217,9.84450550273,2.19567015736,-0.013154069351999986,0.037087732875,-0.0013301394930000042,0.0221524026094,-0.002161261481936705,0.020974712014903397,-0.3342722152191477,0.9424763009704916,6,6,instant_velocity,dbscan_kmeans_fallback,False
540,219,10.8599996567,1.44436910787,-0.02104651096000012,0.03840036177400001,-0.011954418225999994,0.022109443845540002,-0.012402626042652638,0.023225209049694134,-0.48062616371087,0.8769253297909604,6,6,instant_velocity,dbscan_kmeans_fallback,False
540,220,10.181039213,3.07346090071,-0.027276278209999914,0.04508283616600002,-0.014639953026000008,0.030567547147400002,-0.01506165028236454,0.03063434796269112,-0.5176539310946896,0.8555898714096533,6,6,instant_velocity,dbscan_kmeans_fallback,False
540,300,13.1199740038,12.637991034,0.0,0.0,0.0,0.0,0.0,0.0,0.0,0.0,4,4,instant_velocity,dbscan_kmeans_fallback,False
540,305,14.7536041847,11.9568559656,0.0,0.0,0.0,0.0,0.0,0.0,0.0,0.0,4,4,instant_velocity,dbscan_kmeans_fallback,False
540,315,2.52158247842,8.54664608754,-0.02464546433699999,-0.00367536091500007,-0.028223371200800002,-0.00688772181960001,-0.027095915838836672,-0.007412927767368666,-0.9890619308608511,-0.14749811622510375,-1,-1,instant_velocity,dbscan_kmeans_fallback,False
540,316,9.24994156804,10.5532976835,-0.010523255480999971,-0.03212360903999993,-0.010523255480999971,-0.03212360903999993,-0.004403748802728286,-0.01729640121162299,-0.3113081510792419,-0.9503087095329666,-1,-1,instant_velocity,dbscan_kmeans_fallback,False
540,317,9.32149970531,11.0339585202,-0.0021046510970000654,-0.007971237309999957,-0.0021046510970000654,-0.007971237309999957,-0.0006313953291000197,-0.0023913711929999873,-0.2552821046411235,-0.9668653583442736,4,4,instant_velocity,dbscan_kmeans_fallback,False
540,410,3.63494290834,1.20022013276,-0.033484998942000035,-0.0016944845780000107,-0.0320201617784,0.000458226815399998,-0.029568229189356587,0.002630472905955583,-0.998721758956277,-0.05053960494954026,-1,-1,instant_velocity,dbscan_kmeans_fallback,False
540,411,8.09554044175,3.1682088412,-0.00578779051399998,0.008949742489999978,-0.006440232354399988,0.008219443502199998,-0.005952966373424026,0.007875067798000433,-0.5430378404721757,0.8397071080571729,-1,-1,instant_velocity,dbscan_kmeans_fallback,False
550,4,5.01517309727,6.9944027502,0.0011365115920000334,-0.00014319588000004656,0.0011407208942000046,-0.00012887629179999749,0.001166857655306146,-0.00011794206681045462,0.9921471191068533,-0.12500653826152325,0,0,instant_velocity,dbscan_kmeans_fallback,False
550,10,14.4755797749,5.19371456136,0.008692209019999985,-0.029617681144999963,0.014711511162000014,-0.024906536698200005,0.013771265477303377,-0.024288860697398246,0.28160341226859303,-0.9595305468062909,1,1,instant_velocity,dbscan_kmeans_fallback,False
550,11,14.25501234,7.33425430499,0.017026627360000112,-0.014629845723000034,0.023016464388000025,-0.011546361110200003,0.02158719257451471,-0.011217837424426952,0.7584722580365733,-0.6517046438872945,1,1,instant_velocity,dbscan_kmeans_fallback,False
550,12,14.2855297809,6.97602594562,0.01738441804999997,-0.01076355696700002,0.020015231923999968,-0.0065870104721999926,0.01894983866864708,-0.007057250372243681,0.8502258911577728,-0.5264170930527675,1,1,instant_velocity,dbscan_kmeans_fallback,False
550,13,13.8027228195,6.35598778597,0.011743953119999873,-0.02083500051499998,0.014593650702000005,-0.005059587753799999,0.013274591496992713,-0.0066945965389137675,0.4910315536262414,-0.8711413072027054,1,1,instant_velocity,dbscan_kmeans_fallback,False
550,19,0.260555805716,4.98798981401,-0.029149417683199997,0.0,-0.028101301437280003,0.000424814443399999,-0.028437944942207936,-0.00042181288366625316,-0.9999996569400912,0.0,2,2,instant_velocity,dbscan_kmeans_fallback,False
550,27,1.26468484374,5.18750940657,-0.028707440952999996,-0.00291164955699994,-0.0283706967776,0.0026491237768,-0.028497146978477744,0.0010266989629898514,-0.994895495553499,-0.10090718408625204,2,2,instant_velocity,dbscan_kmeans_fallback,False
550,28,5.78252888696,1.2529639485,-0.023677324833000047,0.0298324749646,-0.0359179756088,0.02241492838918,-0.03284225147082258,0.021609244724585346,-0.6216698973080091,0.783279013929749,3,3,instant_velocity,dbscan_kmeans_fallback,False
550,29,1.4846208833,5.80301303003,-0.03232744083799999,0.0015512886979999862,-0.0266575107852,0.0031168969842000037,-0.027423259168686938,0.0030655651714035434,-0.9988503121219879,0.04793157639522146,2,2,instant_velocity,dbscan_kmeans_fallback,False
550,30,6.78855211097,0.926477342488,-0.03060162693999997,0.019522371616599997,-0.02558834802819998,0.00845333010586,-0.02435671084095889,0.009011940172088052,-0.843054162675386,0.5378281582525053,3,3,instant_velocity,dbscan_kmeans_fallback,False
550,33,5.52597191833,9.43278992387,-0.04882790543300004,0.017183505578999992,-0.0511472309412,0.014114340555000026,-0.0503385280623008,0.012645516137149914,-0.94329214617718,0.33196316148977484,4,4,instant_velocity,dbscan_kmeans_fallback,False
550,34,5.32476727353,8.75881464948,-0.05951953300200001,0.014820773561999978,-0.058467207453800005,0.011503402346199999,-0.0583543918515425,0.010105115638970784,-0.9703686678370917,0.2416284801359219,4,4,instant_velocity,dbscan_kmeans_fallback,False
550,35,11.1803275535,11.7155709081,-0.016963487840000013,0.012601237420000012,-0.019211255208000003,0.010434206442000011,-0.01929976474418788,0.011531214595538311,-0.8027482407828126,0.5963172942971585,5,5,instant_velocity,dbscan_kmeans_fallback,False
550,36,12.3460937957,12.3231987582,-0.020962324919999987,0.004248144429999989,-0.012632115880000008,0.005431897041999995,-0.014973813242889593,0.007096124398360748,-0.980076397933487,0.19861852665413215,5,5,instant_velocity,dbscan_kmeans_fallback,False
550,37,11.1876938324,2.16082582661,-0.0030096510599999958,-0.007660979570000004,-0.012514255417999998,-0.0030405258482,-0.013173216701358726,-0.005552896869371127,-0.3656498773734383,-0.9307511683201313,-1,-1,instant_velocity,dbscan_kmeans_fallback,False
550,74,13.7143274734,12.8472956784,0.018626162199999997,0.004606134139999973,0.01160504614399997,0.003613309368000017,0.012062516200669646,0.004260468368734128,0.9707569796254025,0.24006216726147833,-1,-1,instant_velocity,dbscan_kmeans_fallback,False
550,75,5.76400795731,7.29917131444,0.013848604212999938,-0.005035721774000024,0.007766162544999986,-0.0043436083548000146,0.008111197948488611,-0.004295041094191574,0.9397957128521081,-0.3417347814647417,0,0,instant_velocity,dbscan_kmeans_fallback,False
550,76,13.2923449286,7.05406770013,0.008018720669999979,-0.030691650243000003,0.030546906010000006,-0.011326794094399996,0.028224509234375222,-0.01450711777204652,0.25278198251957357,-0.9675229396939341,1,1,instant_velocity,dbscan_kmeans_fallback,False
550,77,11.7944647434,8.80177341343,0.03199069666000014,-0.008591752789999952,0.035606487246,-0.005283927965599986,0.034174529551885505,-0.0048956017124490905,0.9657753963970485,-0.25937864200634186,6,6,instant_velocity,dbscan_kmeans_fallback,False
550,78,11.670711259,9.52706054476,0.03316930128000006,-0.0026013918170001205,0.033261905926000035,-0.0017135773620000094,0.03360172500291839,-0.0013866248258405426,0.9969383640232252,-0.07818757713136551,6,6,instant_velocity,dbscan_kmeans_fallback,False
550,79,10.9126159341,6.93473780027,0.053289765759999955,-0.012529639485000032,0.05185860301199998,-0.014047515811200012,0.05133650695894566,-0.01502182223748994,0.9734541569408265,-0.2288812770649943,-1,-1,instant_velocity,dbscan_kmeans_fallback,False
550,80,9.68707760073,6.88318728354,0.042619184698999925,0.005226649613999967,0.04488799858079998,0.0036133093677999995,0.04465257723379791,0.003590669292449453,0.9925637370661726,0.12172412282980649,7,7,instant_velocity,dbscan_kmeans_fallback,False
550,81,9.64077527662,6.17245839999,0.041987789370999985,0.006205154793000034,0.04793132406619998,0.005026175382000009,0.0468508509023776,0.004677006282940016,0.9892552817969442,0.14619684068393984,7,7,instant_velocity,dbscan_kmeans_fallback,False
550,82,11.8881217172,11.3406363628,0.0035147673300000904,-0.01217164977999996,0.0014437906520000255,-0.009298185795999992,0.001270255024461337,-0.009419910949251934,0.2774310959869609,-0.9607447154787209,8,8,instant_velocity,dbscan_kmeans_fallback,False
550,83,13.0631484242,9.72777343632,0.006734883499999888,-0.0381855679580001,0.006600185837999995,-0.0345579389976,0.00648214091276037,-0.032338361148579346,0.173691593769855,-0.9847998347161098,-1,-1,instant_velocity,dbscan_kmeans_fallback,False
550,84,12.137312407,11.7905100852,0.0016205813399999159,-0.014057062210000026,-0.0004377674280000221,-0.01173251575400002,0.00016830120302371935,-0.010982354664490913,0.11452726806732293,-0.9934193935392293,8,8,instant_velocity,dbscan_kmeans_fallback,False
550,85,11.7919391621,12.0203394724,0.00048406975000006016,-0.01634819628000006,-0.0002946511540000074,-0.00815261875800001,-0.00011378627795309812,-0.008152667682968712,0.029596989234977604,-0.999561301466168,8,8,instant_velocity,dbscan_kmeans_fallback,False
550,86,0.71368718674,3.28276554506,0.0,0.0,0.0,0.0,0.0,0.0,0.0,0.0,-1,-1,instant_velocity,dbscan_kmeans_fallback,False
550,217,9.5814241157,2.67298975679,-0.026308138702999882,0.04773195994299999,-0.007357860232599976,0.030180918271799997,-0.00940532464825566,0.029001886393332378,-0.4827011386584957,0.8757849300931558,9,9,instant_velocity,dbscan_kmeans_fallback,False
550,219,10.6404845473,1.82407684921,-0.021951510939999964,0.037970774133999984,-0.016576232034,0.028920794529279998,-0.015267291511856837,0.02764887857498589,-0.5004969761738186,0.8657380209039072,9,9,instant_velocity,dbscan_kmeans_fallback,False
550,220,9.90827643095,3.52428926237,-0.027276278205000004,0.04508283616599997,-0.02022990633700001,0.0372738875192,-0.01872603865915518,0.034968894423683776,-0.5176539310252278,0.8555898714516794,9,9,instant_velocity,dbscan_kmeans_fallback,False
550,300,13.16059377,12.3442008206,0.004061976620000074,-0.029379021340000123,0.004061976620000074,-0.029379021340000123,0.0012185929860000224,-0.008813706402000038,0.13695822174567637,-0.9905764842522953,-1,-1,instant_velocity,dbscan_kmeans_fallback,False
550,305,14.5665007023,12.0363296789,-0.018710348239999952,0.007947371329999875,-0.018710348239999952,0.007947371329999875,-0.005613104471999987,0.0023842113989999626,-0.9204106060309813,0.39095182881526364,5,5,instant_velocity,dbscan_kmeans_fallback,False
550,315,2.27996853257,8.52015484977,-0.024161394585000016,-0.0026491237769999286,-0.025836696857600004,-0.005880577464999988,-0.026215559462685674,-0.005983786570258044,-0.9940424723722874,-0.10898963384108895,-1,-1,instant_velocity,dbscan_kmeans_fallback,False
550,316,9.14470901323,10.2320615931,-0.010523255480999971,-0.03212360904000011,-0.005775162608199978,-0.022720412934000008,-0.006239600806209791,-0.021744563560136126,-0.31130815107924037,-0.9503087095329671,-1,-1,instant_velocity,dbscan_kmeans_fallback,False
550,317,9.30045319435,10.9544848068,-0.0021046510959999765,-0.007947371340000054,-0.0021046510959999765,-0.007947371340000054,-0.0010733720591700067,-0.004058171237100007,-0.25599854628107244,-0.9666759082598531,8,8,instant_velocity,dbscan_kmeans_fallback,False
550,410,3.36302198671,1.03124899456,-0.02719209216299996,-0.016897113819999986,-0.03186862689939999,-0.004042897007199997,-0.0288553880814496,-0.0032278031118310882,-0.849370180743663,-0.52779699823422,-1,-1,instant_velocity,dbscan_kmeans_fallback,False
550,411,8.07323114013,3.26152482288,-0.002230930162,0.009331598168,-0.005320557971200017,0.008749268257399993,-0.004836355509996818,0.008312026909000302,-0.23251983502206622,0.9725905828313307,-1,-1,instant_velocity,dbscan_kmeans_fallback,False
560,4,5.0267486783,6.9932094512,0.0011575581029999783,-0.0001193298999999648,0.0011449301963999937,-0.0001288762919999975,0.0011640677896142958,-0.00011835841676730767,0.9947199029887999,-0.10254329890136875,0,0,instant_velocity,dbscan_kmeans_fallback,False
560,10,14.5627123303,4.89753774992,0.00871325554000002,-0.02961768114400005,0.012859418198000015,-0.02491608309,0.01225386249611237,-0.025887506831378786,0.28223100917640787,-0.9593461365114722,1,1,instant_velocity,dbscan_kmeans_fallback,False
560,11,14.2769007114,7.27960121086,0.002188837139999933,-0.0054653094129999856,0.01832730174599998,-0.012042773493599999,0.015767685944160278,-0.009492079020998861,0.37178732466056,-0.9283161035459689,2,2,instant_velocity,dbscan_kmeans_fallback,False
560,12,14.4831565189,6.87483419055,0.01976267380000003,-0.010119175507000033,0.01802002268599999,-0.00959889714440001,0.019193689208052964,-0.007975827912670586,0.8901008806154685,-0.4557625714534233,2,2,instant_velocity,dbscan_kmeans_fallback,False
560,13,13.9155321182,6.12591973904,0.011280929870000022,-0.02300680469299996,0.014244278619999981,-0.009522526008599996,0.012676493008894906,-0.011588258985139627,0.4402540958456839,-0.8978727919717948,1,1,instant_velocity,dbscan_kmeans_fallback,False
560,27,0.93299183097,5.20684085035,-0.033169301277,0.0019331443779999624,-0.029427231627799998,0.0008400824950000008,-0.02989879326803442,0.0012986325874928847,-0.998305668801633,0.05818238301292057,3,3,instant_velocity,dbscan_kmeans_fallback,False
560,28,5.54575563863,1.55128869814,-0.023677324832999957,0.02983247496400001,-0.03320297569459999,0.0254459078455,-0.030092773479475792,0.024076213796409743,-0.6216698973156786,0.7832790139236618,4,4,instant_velocity,dbscan_kmeans_fallback,False
560,29,1.11756973211,5.80921818483,-0.03670511511900001,0.0006205154799999946,-0.029275696749000005,0.002224309333400001,-0.03020781595378086,0.0023320502639824787,-0.9998568616027967,0.01690300271221845,3,3,instant_velocity,dbscan_kmeans_fallback,False
560,30,6.48232537647,1.12170105865,-0.030622673450000006,0.019522371616200008,-0.028113929343799988,0.01183275286972,-0.026236499623671226,0.012165069605321639,-0.8432217573840959,0.5375653608231112,4,4,instant_velocity,dbscan_kmeans_fallback,False
560,33,5.08315332768,9.62753632044,-0.044281859065,0.019474639657000026,-0.049492975179399996,0.015794505545000028,-0.04852152736311056,0.014694253193104946,-0.9153862945588115,0.4025761024920361,5,5,instant_velocity,dbscan_kmeans_fallback,False
560,34,4.88384286886,8.92921774648,-0.04409244046699996,0.017040309700000124,-0.0558826959078,0.013522464251800023,-0.05407580643617974,0.012185673857279585,-0.9327652611490542,0.360483764541846,5,5,instant_velocity,dbscan_kmeans_fallback,False
560,35,11.0546798831,11.8434925608,-0.012564767039999935,0.012792165269999956,-0.017081348295999988,0.011675237402,-0.017279265432931495,0.011909499797876805,-0.7007369559869349,0.713418953431038,-1,-1,instant_velocity,dbscan_kmeans_fallback,False
560,36,12.062386828,12.3439621608,-0.028370696770000058,0.0020763402600000092,-0.016854045978000016,0.004696824858,-0.018992878301022732,0.005590189156852526,-0.9973322583397787,0.07299084465127884,6,6,instant_velocity,dbscan_kmeans_fallback,False
560,37,11.1575973217,2.0839773711,-0.0030096510699999966,-0.0076848455509999965,-0.006713836995999998,-0.0066538352159999994,-0.010124147011951107,-0.006192481473859788,-0.36466553283098607,-0.9311372755178724,-1,-1,instant_velocity,dbscan_kmeans_fallback,False
560,74,13.9003786303,12.8931183599,0.01860511569000014,0.004582268150000068,0.013448720503999994,0.003871061950000012,0.014025296047468794,0.004357008303113911,0.9709835088345196,0.23914426982569845,-1,-1,instant_velocity,dbscan_kmeans_fallback,False
560,75,5.90249399945,7.2490527565,0.013848604214000027,-0.005011855793999942,0.009504604350800002,-0.004539309390399993,0.009832419828142036,-0.004510085504134085,0.9403150617332371,-0.340303139400062,0,0,instant_velocity,dbscan_kmeans_fallback,False
560,76,13.3645344612,6.73521820771,0.00721895325999995,-0.031884949242000006,0.023572092277999987,-0.017226464343399996,0.02192284244206264,-0.01972046721303257,0.22081742245791397,-0.9753148487374897,1,1,instant_velocity,dbscan_kmeans_fallback,False
560,77,12.0644914791,8.73709660771,0.027002673570000014,-0.006467680571999956,0.03340502220000001,-0.005961721796799999,0.032022972757319856,-0.00536722537031435,0.972492779609652,-0.2329314777215069,7,7,instant_velocity,dbscan_kmeans_fallback,False
560,78,11.935686832,9.42968734648,0.02649755729999992,-0.009737319827999968,0.032247464098000014,-0.0032123609042000113,0.031470474692042845,-0.003891833326488371,0.9386290247882708,-0.3449273044578766,7,7,instant_velocity,dbscan_kmeans_fallback,False
560,79,11.4387787081,6.832591406,0.052616277399999946,-0.010214639427000006,0.05241844020239998,-0.01290672196840001,0.05172043809126195,-0.013579667394342961,0.9816721533156634,-0.19057652074880882,-1,-1,instant_velocity,dbscan_kmeans_fallback,False
560,80,10.1130589826,6.93569243947,0.04259813818700007,0.005250515593000049,0.044286068367000005,0.004071536183000006,0.04403624551975856,0.004088623182614632,0.9924891042834774,0.12233115670565496,8,8,instant_velocity,dbscan_kmeans_fallback,False
560,81,10.0335031712,6.22830479312,0.039272789458000015,0.00558463931300004,0.04522474275679999,0.0069927321316000145,0.04457743246906433,0.004949296191958023,0.9900399515212965,0.14078490759153867,8,8,instant_velocity,dbscan_kmeans_fallback,False
560,82,11.9773589237,11.1236946048,0.00892372065,-0.021694175799999903,0.0037841626720000222,-0.012648969385999997,0.003566294712122936,-0.013102190404476325,0.38041518300982347,-0.924815352350171,9,9,instant_velocity,dbscan_kmeans_fallback,False
560,83,13.1090298181,9.26000022888,0.004588139390000023,-0.04677732074400005,0.0062213486399999955,-0.037670062786400005,0.005913940455932266,-0.03667004902720556,0.09761623757173497,-0.9952239168382224,-1,-1,instant_velocity,dbscan_kmeans_fallback,False
560,84,12.1535182204,11.6497008034,0.0016205813400000935,-0.01408092817999993,0.00029465115200000725,-0.012567825054000004,0.0006039852441166317,-0.01191192671914362,0.11433569398308227,-0.9934414618066247,9,9,instant_velocity,dbscan_kmeans_fallback,False
560,85,11.7990949758,11.8308435914,0.0007155813699998958,-0.018949588099999914,-5.0511626000009355e-05,-0.010725371399999978,0.00013502401643280008,-0.011391743808078073,0.03773545503179992,-0.9992872363610888,9,9,instant_velocity,dbscan_kmeans_fallback,False
560,86,1.01970345614,3.34768101058,0.030601626940000005,0.006491546551999993,0.030601626940000005,0.006491546551999993,0.009180488082000003,0.0019474639655999984,0.9782319153236237,0.2075130851515249,-1,-1,instant_velocity,dbscan_kmeans_fallback,False
560,217,9.31834272867,3.15030935622,-0.026308138703000063,0.04773195994300004,-0.013154069351599986,0.037078186483600006,-0.014476168864678982,0.03462090845823268,-0.4827011386584979,0.8757849300931547,10,10,instant_velocity,dbscan_kmeans_fallback,False
560,219,10.3399403708,2.1648830432,-0.030054417649999898,0.03408061939900002,-0.020335138891999983,0.0318801760457,-0.019703429353299756,0.029578400822190133,-0.6614146134653319,0.7500201790284486,-1,-1,instant_velocity,dbscan_kmeans_fallback,False
560,220,9.61278341704,3.94409185006,-0.029549301391000073,0.041980258769,-0.02436765039320001,0.0409349288468,-0.021973017478708647,0.03707230372727865,-0.5755927932714551,0.8177362329948948,10,10,instant_velocity,dbscan_kmeans_fallback,False
560,300,13.201003071,12.0504106071,0.004040930100000039,-0.029379021349999944,0.004040930100000039,-0.029379021349999944,0.0020652941202000275,-0.01498330088640001,0.13626180284887593,-0.9906725224191752,9,9,instant_velocity,dbscan_kmeans_fallback,False
560,301,13.6486623592,11.7444487439,0.0,0.0,0.0,0.0,0.0,0.0,0.0,0.0,-1,-1,instant_velocity,dbscan_kmeans_fallback,False
560,305,14.3802390803,12.1270204028,-0.018626162199999997,0.009069072389999988,-0.018626162199999997,0.009069072389999988,-0.00951702179039999,0.0043896696962999705,-0.8990884636022572,0.4377658840221386,6,6,instant_velocity,dbscan_kmeans_fallback,False
560,315,2.0290941219,8.48889041601,-0.025087441066999984,-0.0031264433760000545,-0.025369464314199997,-0.004968897030000008,-0.025877123943979966,-0.005126583611980647,-0.9923235994185791,-0.12366520507074362,-1,-1,instant_velocity,dbscan_kmeans_fallback,False
560,316,9.06788924822,9.92466777108,-0.007681976501000065,-0.03073938220199999,-0.00684432536500001,-0.025689340840400022,-0.006672313514646873,-0.024443009152695285,-0.24245032414600626,-0.9701634960680556,-1,-1,instant_velocity,dbscan_kmeans_fallback,False
560,317,9.2796171485,10.8726244955,-0.0020836045850000317,-0.008186031129999983,-0.0020836045850000317,-0.008186031129999983,-0.0013764418169190142,-0.0052965292049700005,-0.24666648854559128,-0.9690992084095283,-1,-1,instant_velocity,dbscan_kmeans_fallback,False
560,410,3.09110106507,0.862039196565,-0.027192092164000002,-0.016920979799500004,-0.030993092043399992,-0.007212299147299999,-0.028356399306214718,-0.007335756118131764,-0.8490359488482253,-0.5283344897797227,-1,-1,instant_velocity,dbscan_kmeans_fallback,False
560,411,8.10395904613,3.36032997997,0.003072790600000097,0.009880515709000014,-0.0033043022211999683,0.009212268268999999,-0.002463611676997743,0.008782573549000215,0.2969651414899533,0.954887308467034,-1,-1,instant_velocity,dbscan_kmeans_fallback,False
570,4,5.12208937296,6.98223110042,0.009534069465999995,-0.0010978350780000313,0.002824441771199986,-0.00031980413159999444,0.0036750682925300055,-0.0004122014151371248,0.9934345682398559,-0.11439263376471923,0,0,instant_velocity,dbscan_kmeans_fallback,False
570,10,14.6027007011,4.5822681545,0.003998837079999973,-0.03152695954199993,0.010321208975999988,-0.027106980051399995,0.00977735487127865,-0.02757934264456513,0.12583046858010968,-0.9920514421347815,1,1,instant_velocity,dbscan_kmeans_fallback,False
570,11,14.298999548,7.22494811673,0.002209883659999967,-0.0054653094129999856,0.013638139103999976,-0.012539185876799995,0.011700345258912184,-0.008284048138599199,0.37486191491083454,-0.9270788273702218,2,2,instant_velocity,dbscan_kmeans_fallback,False
570,12,14.6809937219,6.77364243547,0.019783720300000064,-0.010119175507999945,0.017700115718000013,-0.010677639439199993,0.019370698535637096,-0.008618832191269394,0.8902975344414117,-0.4553783044209457,2,2,instant_velocity,dbscan_kmeans_fallback,False
570,13,14.0184495568,5.88177076394,0.010291743860000046,-0.02441489751000008,0.013090929817999992,-0.014157299319000014,0.011961068264226448,-0.015436250542597764,0.3884346985443398,-0.9214758434813778,1,1,instant_velocity,dbscan_kmeans_fallback,False
570,27,0.582356958334,5.2464583771,-0.0350634872636,0.003961752674999985,-0.030866812977719996,-0.0005584639314000128,-0.031448201466704094,0.002097568613745015,-0.993677050076213,0.1122735648519561,3,3,instant_velocity,dbscan_kmeans_fallback,False
570,28,5.3089823903,1.84961344778,-0.023677324833000047,0.02983247496399999,-0.030311185088400007,0.027861145018559998,-0.02816813888553307,0.025803092146686815,-0.6216698973156803,0.7832790139236605,4,4,instant_velocity,dbscan_kmeans_fallback,False
570,29,0.750729046034,5.81542333962,-0.0366840686076,0.0006205154789999945,-0.031456115284720004,0.0017517629299999983,-0.0321506917499266,0.0018185898284877335,-0.999856697504044,0.01691269755870367,3,3,instant_velocity,dbscan_kmeans_fallback,False
570,30,6.17609864196,1.31692477482,-0.030622673451000004,0.01952237161699999,-0.02900630140859999,0.014577340566519999,-0.02755235177186986,0.014372260208825146,-0.843221757382068,0.5375653608262921,4,4,instant_velocity,dbscan_kmeans_fallback,False
570,33,4.82217659174,9.9139280801,-0.026097673593999993,0.028639175965999897,-0.0442650218564,0.018887536549400005,-0.041794371232377385,0.018877730024973435,-0.6735490799035007,0.7391421519475413,-1,-1,instant_velocity,dbscan_kmeans_fallback,False
570,34,4.44291846419,9.09985950327,-0.044092440467000046,0.017064175678999937,-0.05329397505939999,0.015551072549199994,-0.05108079664542583,0.013649224403795691,-0.9325954246454693,0.36092291547101535,-1,-1,instant_velocity,dbscan_kmeans_fallback,False
570,35,10.9582868629,11.9728461722,-0.009639302020000073,0.01293536114000009,-0.014614697212000004,0.01270147454,-0.014987276409052069,0.012217258200513791,-0.5975283761937693,0.8018469928037569,-1,-1,instant_velocity,dbscan_kmeans_fallback,False
570,36,11.7824682322,12.3957513373,-0.02799185957999999,0.005178917649999981,-0.02100020863800001,0.004582268153999997,-0.02169257268471591,0.005466807704796763,-0.9833115850095863,0.18192752462555775,-1,-1,instant_velocity,dbscan_kmeans_fallback,False
570,37,10.973861281,1.92001808869,-0.018373604070000125,-0.016395928241000002,-0.007029534662000003,-0.009708680652400003,-0.012598984129365814,-0.009253515504001853,-0.7461204215528644,-0.6658104117362398,-1,-1,instant_velocity,dbscan_kmeans_fallback,False
570,38,14.6957262796,5.92472952789,0.0,0.0,0.0,0.0,0.0,0.0,0.0,0.0,2,2,instant_velocity,dbscan_kmeans_fallback,False
570,74,13.9923518832,12.9181776389,0.009197325289999902,0.0025059278999998826,0.013410836784000004,0.003708773287999989,0.012576904820228127,0.0038016841821797024,0.9648275833003698,0.2628795093624315,-1,-1,instant_velocity,dbscan_kmeans_fallback,False
570,75,6.04098004158,7.19869553876,0.013848604213000026,-0.005035721774000024,0.011243046156199999,-0.004735010426200006,0.011037275143599434,-0.004667776385093867,0.9397957128521087,-0.34173478146473973,0,0,instant_velocity,dbscan_kmeans_fallback,False
570,76,13.3645344612,6.30825582603,0.0,-0.042696238168000014,0.016096371583999982,-0.024686969682199997,0.015345989709443848,-0.026613198499522803,0.0,-0.9999997657873834,-1,-1,instant_velocity,dbscan_kmeans_fallback,False
570,77,12.2844275186,8.69366052416,0.02199360394999985,-0.004343608355000051,0.030197533927999985,-0.0062147011845999954,0.029014162115123854,-0.00506014026572006,0.9810501495490411,-0.19375167598465795,5,5,instant_velocity,dbscan_kmeans_fallback,False
570,78,12.200662405,9.33255280799,0.02649755729999992,-0.009713453848999975,0.031165673433999997,-0.004739783622400005,0.029978599474429966,-0.005638319483241852,0.9389025178626785,-0.3441821513098126,5,5,instant_velocity,dbscan_kmeans_fallback,False
570,79,11.9649414822,6.73020635192,0.05261627741000012,-0.010238505407999999,0.052982486697000016,-0.011775474517800007,0.051989189886883405,-0.012577318798440072,0.981588763450481,-0.1910055662947699,-1,-1,instant_velocity,dbscan_kmeans_fallback,False
570,80,10.5392508296,6.98795893561,0.042619184700000014,0.005226649613999967,0.04370939396680001,0.0044724846465999946,0.04361112727383099,0.004430031112030232,0.9925637370665178,0.12172412282699248,6,6,instant_velocity,dbscan_kmeans_fallback,False
570,81,10.4264415308,6.28391252646,0.039293835960000044,0.005560773333999958,0.043423161417,0.006558371296200001,0.04299235351634504,0.005132739334570603,0.9901340627848576,0.14012149638492738,6,6,instant_velocity,dbscan_kmeans_fallback,False
570,82,12.0665961302,10.9067528469,0.00892372065,-0.021694175790000082,0.0051353486760000065,-0.015030794185999986,0.005173522493486056,-0.01567978602013345,0.38041518315979794,-0.9248153522884802,7,7,instant_velocity,dbscan_kmeans_fallback,False
570,83,13.1525960958,8.78268062945,0.00435662777000001,-0.047731959942999856,0.00580041842,-0.040977887610999984,0.005446746650152589,-0.03998862230194385,0.09089491726075305,-0.9958602797301962,-1,-1,instant_velocity,dbscan_kmeans_fallback,False
570,84,12.1945589168,11.4886054386,0.004104069639999963,-0.016109536479999954,0.0015279766960000175,-0.013813629207999974,0.001654010562881631,-0.01317120964740052,0.24687461379627973,-0.9690468110421986,7,7,instant_velocity,dbscan_kmeans_fallback,False
570,85,11.8064612547,11.6415863702,0.0007366278900001078,-0.01892572212000001,0.0001936279019999887,-0.013288577647999986,0.00031550517850299244,-0.013651937301654654,0.03889258024180975,-0.9992428689961581,7,7,instant_velocity,dbscan_kmeans_fallback,False
570,86,1.32593019064,3.4128351359,0.030622673450000006,0.0065154125319999865,0.030622673450000006,0.0065154125319999865,0.015613143692400005,0.0033178485355199946,0.9781059410252605,0.20810605305852617,-1,-1,instant_velocity,dbscan_kmeans_fallback,False
570,217,9.03316250513,3.60089905808,-0.028518022353999938,0.04505897018599998,-0.018857673822399973,0.040806052555,-0.018688724911475267,0.03775232697656287,-0.5347932994154954,0.8449826932215546,8,8,instant_velocity,dbscan_kmeans_fallback,False
570,219,10.0391857291,2.50592789699,-0.03007546417000011,0.034104485378999974,-0.023824650409999995,0.034500660646559995,-0.02281503979830986,0.030936226189233085,-0.6614146136787248,0.7500201790455993,8,8,instant_velocity,dbscan_kmeans_fallback,False
570,220,9.28340552047,4.31759443662,-0.03293778965699996,0.037350258656000036,-0.0272720689046,0.04124518658660001,-0.02526244913219604,0.03715569020589507,-0.6614146262611211,0.7500201934304465,8,8,instant_velocity,dbscan_kmeans_fallback,False
570,300,13.1980565595,11.8115121476,-0.00029465115000011367,-0.023889845949999967,-0.00029465115000011367,-0.023889845949999967,0.001357310539139985,-0.017655264405479997,-0.01233279689286326,-0.9999235295807529,7,7,instant_velocity,dbscan_kmeans_fallback,False
570,301,13.6135146859,11.5933770907,-0.0035147673299999126,-0.015107165319999893,-0.0035147673299999126,-0.015107165319999893,-0.001054430198999974,-0.004532149595999969,-0.22660344629666684,-0.9739864417385342,7,7,instant_velocity,dbscan_kmeans_fallback,False
570,305,14.1973449,12.2618631897,-0.01828941803000017,0.013484278690000018,-0.01828941803000017,0.013484278690000018,-0.012148740662280045,0.007118052394409985,-0.8048901474674706,0.593423095556337,-1,-1,instant_velocity,dbscan_kmeans_fallback,False
570,315,1.69529645803,8.4149058781,-0.033379766387,-0.0073984537909998595,-0.0267501154334,-0.004906845481999973,-0.028127916676885974,-0.005808144665686411,-0.97630599398634,-0.21639320954616492,-1,-1,instant_velocity,dbscan_kmeans_fallback,False
570,316,9.01927180789,9.63087755764,-0.004861744033000015,-0.029379021343999945,-0.007349441628199997,-0.02838142338120001,-0.006129142670152816,-0.025923812810086683,-0.1632631049853287,-0.9865822251221881,-1,-1,instant_velocity,dbscan_kmeans_fallback,False
570,317,9.26172761418,10.7704781013,-0.0017889534320000068,-0.010214639420000005,-0.0017889534320000068,-0.010214639420000005,-0.001500195301443312,-0.006771962269479002,-0.17251036346792847,-0.985006723773693,-1,-1,instant_velocity,dbscan_kmeans_fallback,False
570,410,2.97029409215,0.750107750499,-0.012080697292000009,-0.011193144606600003,-0.026830092174999997,-0.00934114456082,-0.023473688701950303,-0.008492972664672235,-0.7335387994573268,-0.6796466841624106,-1,-1,instant_velocity,dbscan_kmeans_fallback,False
570,411,8.13468695214,3.45937379685,0.003072790600999831,0.009904381688000008,-0.0015321859980000241,0.009403196108799996,-0.0008026909935984708,0.009119115990700153,0.29631246147875867,0.9550900463056275,-1,-1,instant_velocity,dbscan_kmeans_fallback,False
580,4,5.25363006647,6.96743419283,0.013154069351000075,-0.0014796907590000075,0.005223744020800006,-0.000591876303400003,0.006518768610071027,-0.0007324482182959897,0.9937317575004385,-0.11178409199936618,0,0,instant_velocity,dbscan_kmeans_fallback,False
580,10,14.5957553525,4.2481444349,-0.0006945348600000401,-0.03341237196,0.0068443253639999925,-0.029674959496399998,0.006635787951895043,-0.02932925143919559,-0.02078226146685924,-0.9997837261914198,1,1,instant_velocity,dbscan_kmeans_fallback,False
580,11,14.3208879194,7.17029502259,0.0021888371400001104,-0.005465309413999986,0.00939937179600001,-0.009918701276199987,0.008846892823238561,-0.0074384265212194345,0.37178732460196234,-0.9283161035694374,2,2,instant_velocity,dbscan_kmeans_fallback,False
580,12,14.8758844134,6.67937181458,0.019489069149999948,-0.00942706208900006,0.018440952903999986,-0.010324422935600009,0.01940620971994595,-0.008861301160588595,0.9002155611631096,-0.4354434746601886,2,2,instant_velocity,dbscan_kmeans_fallback,False
580,13,14.0329716494,5.51137075478,0.0014522092600000036,-0.037040000915999995,0.010165464796000024,-0.0213123201144,0.008808410562958514,-0.021917375654618435,0.03917640349802735,-0.9992320400522131,1,1,instant_velocity,dbscan_kmeans_fallback,False
580,27,0.231511620588,5.28631456365,-0.0350845337746,0.003985618655000067,-0.03214223154204,0.0008162165150000078,-0.03253910115907287,0.0026639836261215305,-0.9936089766282997,0.11287442205922334,3,3,instant_velocity,dbscan_kmeans_fallback,False
580,28,5.20753820746,2.25700572589,-0.010144418283999989,0.04073922781100001,-0.024287673650800007,0.03102577396274,-0.022761022705073145,0.030283932845980778,-0.24163003271260763,0.970368203781996,-1,-1,instant_velocity,dbscan_kmeans_fallback,False
580,29,0.383677894847,5.82138983461,-0.036705115118700005,0.0005966494990000016,-0.03364074312246,0.001274443330399997,-0.033517018760558626,0.0014520077296414139,-0.9998676378164982,0.016253062365838934,3,3,instant_velocity,dbscan_kmeans_fallback,False
580,30,5.90565097609,1.55844849213,-0.02704476658700008,0.024152371731,-0.02918730140300001,0.0182527014821,-0.02740007621640892,0.017306293665477604,-0.7458654000046684,0.6660962794503451,-1,-1,instant_velocity,dbscan_kmeans_fallback,False
580,33,4.5611998558,10.2003198398,-0.026097673593999993,0.028639175970000076,-0.03903285923120001,0.021985340750599994,-0.03708536194086416,0.021806163808481428,-0.6735490798521028,0.7391421519943778,-1,-1,instant_velocity,dbscan_kmeans_fallback,False
580,34,4.20930219251,9.54639198854,-0.02336162716799999,0.044653248526999964,-0.046112905519,0.021675083010000016,-0.04276504580219807,0.022950431640756976,-0.4635682193364168,0.8860610075826315,-1,-1,instant_velocity,dbscan_kmeans_fallback,False
580,35,10.8616833776,12.1179513305,-0.009660348529999929,0.014510515829999982,-0.013154069349999986,0.01308810341800001,-0.013389198045336427,0.01290523548935965,-0.554170422767411,0.8324025439778164,4,4,instant_velocity,dbscan_kmeans_fallback,False
580,36,11.5370659143,12.7272497991,-0.02454023179,0.033149846180000074,-0.023580510883999997,0.010066670352000031,-0.022546870416301136,0.013771719247357758,-0.5949892643471351,0.8037333453344261,-1,-1,instant_velocity,dbscan_kmeans_fallback,False
580,37,10.7728671013,1.7465124143,-0.020099417970000033,-0.017350567439000007,-0.009719278762000023,-0.0114222580144,-0.01484911428155608,-0.0116826310845013,-0.7569721316867809,-0.6534465843676898,-1,-1,instant_velocity,dbscan_kmeans_fallback,False
580,38,14.5115693087,5.95456200285,-0.018415697090000016,0.0029832474960000076,-0.018415697090000016,0.0029832474960000076,-0.005524709127000006,0.0008949742488000024,-0.9871310368232026,0.15991011252166007,-1,-1,instant_velocity,dbscan_kmeans_fallback,False
580,74,14.0216065335,12.9291559897,0.0029254650300000406,0.0010978350800000315,0.012118581012000007,0.003269639256000012,0.0096814728831597,0.002990529451525801,0.9362434874143505,0.35134275520805924,-1,-1,instant_velocity,dbscan_kmeans_fallback,False
580,75,6.11422189973,7.19129708497,0.007324185815000028,-0.0007398453789999593,0.011676604282000014,-0.004071536182999988,0.009923348345019612,-0.0034893970832656947,0.994935448590025,-0.10050241933172183,0,0,instant_velocity,dbscan_kmeans_fallback,False
580,76,13.3742158563,5.86745117596,0.0009681395099999434,-0.044080465006999955,0.009218371801999971,-0.03216656780519999,0.011032634649610677,-0.031853378451765946,0.021957705579608005,-0.99975867366055,1,1,instant_velocity,dbscan_kmeans_fallback,False
580,77,12.4915251865,8.65189505921,0.02070976679000012,-0.004176546495000011,0.026737487526000015,-0.006434268200399984,0.026522843517586735,-0.004795062134504045,0.9802640607660987,-0.19769022358783908,5,5,instant_velocity,dbscan_kmeans_fallback,False
580,78,12.4479589088,9.26572806407,0.024729650380000124,-0.006682474391999982,0.029145208380000013,-0.005909216640999979,0.028403914746101017,-0.005951565955869291,0.9653749605050808,-0.26086472526398746,5,5,instant_velocity,dbscan_kmeans_fallback,False
580,79,12.4422763508,6.56744036851,0.047733486859999986,-0.016276598340999992,0.05192595184600002,-0.012410309585199997,0.05071247897881838,-0.013687102661208046,0.9464868721217814,-0.32274169908725714,-1,-1,instant_velocity,dbscan_kmeans_fallback,False
580,80,10.9652322115,7.04046409155,0.04259813818999998,0.00525051559399996,0.04312851026459999,0.004878206306199999,0.043307230548681686,0.00467617645662115,0.9924891042816949,0.12233115672011706,6,6,instant_velocity,dbscan_kmeans_fallback,False
580,81,10.8585264009,6.33952025979,0.04320848701000006,0.005560773332999957,0.04240871958940001,0.006128783656599985,0.04305719356444154,0.005261149534099409,0.9918198728428349,0.1276435691619427,6,6,instant_velocity,dbscan_kmeans_fallback,False
580,82,12.1560438018,10.689811089,0.008944767159999856,-0.021694175789999902,0.006494953283999969,-0.017407845789999998,0.006304895893440196,-0.017484102951093386,0.38118215598961086,-0.9244994925110956,7,7,instant_velocity,dbscan_kmeans_fallback,False
580,83,13.1961623735,8.30536103003,0.00435662777000001,-0.04773195994200012,0.005354232388,-0.04372247530740001,0.0051197109861068155,-0.042311623593960734,0.09089491726264111,-0.995860279730024,-1,-1,instant_velocity,dbscan_kmeans_fallback,False
580,84,12.2930565881,11.2797781139,0.009849767130000053,-0.020882732469999964,0.003763116160000024,-0.015842237503999997,0.004112737533017158,-0.015484666494180354,0.4265980002836636,-0.904440865919301,7,7,instant_velocity,dbscan_kmeans_fallback,False
580,85,11.8498170672,11.4079384263,0.004335581249999975,-0.02336479439000012,0.0011575581019999958,-0.016739598352000017,0.0015215279999520874,-0.016565794428158295,0.18244588332236022,-0.9832154687745553,7,7,instant_velocity,dbscan_kmeans_fallback,False
580,86,1.63215692515,3.47798926122,0.030622673451000004,0.0065154125319999865,0.030622673451000004,0.0065154125319999865,0.020116002619980006,0.004277117734463992,0.9781059410266437,0.20810605305202468,-1,-1,instant_velocity,dbscan_kmeans_fallback,False
580,217,8.73851135165,4.04003308955,-0.029465115348000025,0.043913403146999964,-0.02475069689199998,0.0443048052188,-0.021921642042432694,0.039600649827694,-0.5571786155030787,0.8303924447095281,8,8,instant_velocity,dbscan_kmeans_fallback,False
580,219,9.75884620312,2.86224697796,-0.028033952598000057,0.03563190809700001,-0.026232371263600028,0.0360376297566,-0.024380713638216922,0.03234493076156316,-0.6183320551536714,0.7859166803412713,8,8,instant_velocity,dbscan_kmeans_fallback,False
580,220,8.94013692667,4.68489186838,-0.03432685937999995,0.036729743175999995,-0.03027330136859998,0.04124518658660001,-0.027981772206537213,0.03702790609692655,-0.6828044864450418,0.7306008728884474,8,8,instant_velocity,dbscan_kmeans_fallback,False
580,300,13.166276328,11.6088899777,-0.003178023149999909,-0.02026221698999997,-0.003178023149999909,-0.02026221698999997,-3.289567601983388e-06,-0.01843735018083599,-0.15495038012443282,-0.987921760344737,7,7,instant_velocity,dbscan_kmeans_fallback,False
580,301,13.5785774777,11.4420667777,-0.003493720820000057,-0.015131031300000153,-0.003493720820000057,-0.015131031300000153,-0.001786217385299999,-0.007711814107200024,-0.22497823701608877,-0.9743631278784424,7,7,instant_velocity,dbscan_kmeans_fallback,False
580,305,14.0142402546,12.3967059765,-0.01831046453999985,0.013484278680000017,-0.01831046453999985,0.013484278680000017,-0.013997257825595986,0.009027920280086995,-0.8052159550649101,0.5929809324038978,4,4,instant_velocity,dbscan_kmeans_fallback,False
580,315,1.36149879417,8.34068268039,-0.033379766386,-0.007422319771000119,-0.0281307665524,-0.004854340326000006,-0.02970347158962018,-0.0062923971972805234,-0.976158316934233,-0.21705841471814422,-1,-1,instant_velocity,dbscan_kmeans_fallback,False
580,316,8.97065436757,9.33708734419,-0.0048617440319999265,-0.029379021345000034,-0.00769039510559999,-0.030748928594200003,-0.0057489230787069485,-0.026960375370560688,-0.16326310494723023,-0.9865822251284928,-1,-1,instant_velocity,dbscan_kmeans_fallback,False
580,317,9.24362761475,10.6680930472,-0.0018099999429999514,-0.010238505410000088,-0.0019783720306000064,-0.008911556922000017,-0.0015931366939103038,-0.007811925211635328,-0.17408409089437454,-0.984729813561684,-1,-1,instant_velocity,dbscan_kmeans_fallback,False
580,410,2.91431037298,0.662758263804,-0.005598371916999989,-0.008734948669499998,-0.0211096504956,-0.01108813429472,-0.018111093666465208,-0.008565565466120565,-0.5396004108773065,-0.8419201083696758,-1,-1,instant_velocity,dbscan_kmeans_fallback,False
580,411,8.16562532325,3.55841761373,0.003093837111000042,0.009904381688000008,0.00024413952719999797,0.009594123948600002,0.0003662674377810833,0.009354695699890109,0.2981621308979712,0.9545142305072336,-1,-1,instant_velocity,dbscan_kmeans_fallback,False
590,4,5.38517075999,6.95239862545,0.013154069351999986,-0.0015035567380000004,0.0076272555728000135,-0.00086872167100001,0.008509358832649715,-0.000963780774207193,0.9935299237480844,-0.11356399082911421,0,0,instant_velocity,dbscan_kmeans_fallback,False
590,10,14.5888100039,3.9140207153,-0.0006945348599998625,-0.03341237196000004,0.0040030463840000155,-0.0315174131502,0.004436691108326571,-0.030554187595436925,-0.0207822614668539,-0.9997837261914198,1,1,instant_velocity,dbscan_kmeans_fallback,False
590,11,14.3427762908,7.11564192846,0.002188837139999933,-0.005465309413000075,0.005160604488000011,-0.007298216675200014,0.006849476118266972,-0.006846491388753626,0.3717873246605547,-0.9283161035459708,2,2,instant_velocity,dbscan_kmeans_fallback,False
590,12,15.0469925476,6.64953933962,0.017110813420000072,-0.0029832474959999187,0.018706138944000018,-0.008682443513399996,0.01871759082996219,-0.007097885061211992,0.985138656083412,-0.1717576106310878,2,2,instant_velocity,dbscan_kmeans_fallback,False
590,13,14.047493742,5.14097074563,0.0014522092600000036,-0.037040000914999996,0.00724420907399999,-0.0284673409098,0.00660155017207096,-0.026454163232732905,0.0391764034990834,-0.9992320400521716,1,1,instant_velocity,dbscan_kmeans_fallback,False
590,28,5.13976844217,2.69184388097,-0.006776976528999956,0.043483815508,-0.0175906738624,0.03474409364232,-0.01796580885225119,0.034243897644586546,-0.1539915535967817,0.988071934104937,-1,-1,instant_velocity,dbscan_kmeans_fallback,False
590,30,5.6389916822,1.80498406523,-0.02666592938899992,0.024653557310000008,-0.029111533963399997,0.02147460877816,-0.02717983216818622,0.019510472758834326,-0.7342697949677439,0.6788573616604083,-1,-1,instant_velocity,dbscan_kmeans_fallback,False
590,33,4.36904521072,10.6050868601,-0.019215464507999956,0.04047670202999996,-0.0329041152388,0.02688263984039999,-0.0317243927110049,0.027407325274936986,-0.42885696637462795,0.9033721580973798,3,3,instant_velocity,dbscan_kmeans_fallback,False
590,34,3.99883708289,10.023711588,-0.021046510961999988,0.04773195994599995,-0.0384225104132,0.02826209348279999,-0.036249485350138645,0.03038489013232987,-0.40345227153058816,0.915000481533056,3,3,instant_velocity,dbscan_kmeans_fallback,False
590,35,10.7652903573,12.3267786552,-0.009639302030000074,0.020882732469999964,-0.011693441492000006,0.014744402426000001,-0.01226422924073552,0.015298484583551744,-0.419098060496145,0.9079404970192421,-1,-1,instant_velocity,dbscan_kmeans_fallback,False
590,36,11.2914531314,13.0587482609,-0.024561278289999856,0.0331498461799999,-0.02528527826999998,0.015560618939999991,-0.02315119277841075,0.019585157327150403,-0.5953187502267895,0.803489328408565,-1,-1,instant_velocity,dbscan_kmeans_fallback,False
590,37,10.4984205983,1.57300673991,-0.027444650300000005,-0.017350567438999986,-0.014387394894000032,-0.013288577648,-0.01862777508708926,-0.013383011990850907,-0.8452507262019643,-0.5343693422040394,-1,-1,instant_velocity,dbscan_kmeans_fallback,False
590,38,14.3274123378,5.98439447781,-0.018415697090000016,0.0029832474959999187,-0.018415697090000016,0.0029832474959999187,-0.00939200551590001,0.0015214562229599773,-0.9871310368232034,0.15991011252165543,2,2,instant_velocity,dbscan_kmeans_fallback,False
590,39,14.8403158099,5.46960528983,0.0,0.0,0.0,0.0,0.0,0.0,0.0,0.0,2,2,instant_velocity,dbscan_kmeans_fallback,False
590,74,14.0508611837,12.9401343405,0.0029254650200000397,0.0010978350800000315,0.010455906646000023,0.002778000069999997,0.007654670524211802,0.00242272114006807,0.9362434870192854,0.3513427562607847,-1,-1,instant_velocity,dbscan_kmeans_fallback,False
590,75,6.1594718983,7.20227543575,0.0045249998569999225,0.0010978350779999424,0.010678999662399989,-0.0029450619286000013,0.008303843798613705,-0.0021132274348860036,0.9718054467180219,0.23577505903078455,0,0,instant_velocity,dbscan_kmeans_fallback,False
590,76,13.4228332966,5.37175477195,0.004861744030000103,-0.04956964040100002,0.004213511493999995,-0.0397845886122,0.009181367463727505,-0.03716825703653617,0.09761068675319363,-0.9952244733152604,-1,-1,instant_velocity,dbscan_kmeans_fallback,False
590,77,12.6678949484,8.61323217166,0.01763697619000002,-0.0038662887550000137,0.02386674343200003,-0.005489175393399996,0.023857083319310718,-0.004516430120652836,0.9768045695789781,-0.21413015941684654,4,4,instant_velocity,dbscan_kmeans_fallback,False
590,78,12.6775763434,9.22969043432,0.022961743459999972,-0.003603762975000002,0.026771161943999998,-0.0064676805722000096,0.026771263360270702,-0.005247225061608504,0.9879064457248982,-0.15504836024621457,4,4,instant_velocity,dbscan_kmeans_fallback,False
590,79,12.8057495952,6.26362644348,0.036347324439999974,-0.030381392503000003,0.048520626373999995,-0.015928155032800005,0.046402932617172855,-0.018695389613745634,0.7672656174655668,-0.6413291277259706,-1,-1,instant_velocity,dbscan_kmeans_fallback,False
590,80,11.2634612718,7.07029656651,0.02982290603000006,0.0029832474960000076,0.040051510361200006,0.0047875155821999905,0.0392619331930772,0.004168297768434808,0.995033696677414,0.09953529616002081,5,5,instant_velocity,dbscan_kmeans_fallback,False
590,81,11.3076589449,6.39536665292,0.044913254399999936,0.00558463931300004,0.04173523123980001,0.005699196017200005,0.04361401181510906,0.005358196467769598,0.9923577190325216,0.12339252642240228,5,5,instant_velocity,dbscan_kmeans_fallback,False
590,82,12.1775112429,10.4461394335,0.002146744110000043,-0.024367165550000004,0.006490743979999998,-0.02032426854199997,0.00505745035840815,-0.01954902173076537,0.08775991388708612,-0.996141244957383,6,6,instant_velocity,dbscan_kmeans_fallback,False
590,83,12.849526338,8.09486308668,-0.034663603549999956,-0.021049794334999917,-0.0029254650240000046,-0.04029532058440001,-0.006815283374725218,-0.03593307481627249,-0.8547431629477136,-0.5190507029468007,-1,-1,instant_velocity,dbscan_kmeans_fallback,False
590,84,12.3917647245,11.0709507891,0.00987081363999991,-0.020882732480000145,0.005413162617999987,-0.017202598364000003,0.005840160365111984,-0.017104086289926292,0.42734321291630734,-0.9040889958971072,6,6,instant_velocity,dbscan_kmeans_fallback,False
590,85,11.897382182,11.1692786266,0.004756511479999936,-0.023865979969999885,0.002205674347999995,-0.020290856171999997,0.002492023043966442,-0.018755850090710773,0.19545677198464947,-0.9807118987940594,6,6,instant_velocity,dbscan_kmeans_fallback,False
590,86,1.93817319454,3.54290472675,0.030601626938999992,0.006491546552999994,0.030601626938999992,0.006491546552999994,0.023261689915686,0.004941446380024792,0.978231915315758,0.2075130851886042,-1,-1,instant_velocity,dbscan_kmeans_fallback,False
590,217,8.41186950151,4.42952588268,-0.03266418501400015,0.03894927931300005,-0.028652720024400013,0.0446771145064,-0.02514440493390293,0.03940523867328581,-0.6425780380244065,0.766219989039524,7,7,instant_velocity,dbscan_kmeans_fallback,False
590,219,9.52586132676,3.25436502889,-0.023298487635999975,0.03921180509300002,-0.0266827665988,0.036199918420400004,-0.02405604583755184,0.03440499306099422,-0.5108057288833441,0.8596959165028578,7,7,instant_velocity,dbscan_kmeans_fallback,False
590,220,8.47353577863,4.996342907,-0.04666011480400005,0.031145103861999958,-0.03415006868740001,0.03845764012579999,-0.03358527498577606,0.035263065426448574,-0.8317344143789308,0.555173403028378,7,7,instant_velocity,dbscan_kmeans_fallback,False
590,300,13.1342856313,11.4065064675,-0.003199069670000121,-0.020238351020000066,0.00028623254999999404,-0.024629691330000016,-0.0009620235983214249,-0.018977650432585213,-0.15613108955216562,-0.9877358486824306,6,6,instant_velocity,dbscan_kmeans_fallback,False
590,301,13.5392205022,11.2790621345,-0.00393569755000005,-0.016300464319999895,-0.00393569755000005,-0.016300464319999895,-0.0024310614347100145,-0.010288409171039986,-0.2347025318027358,-0.9720666277986952,6,6,instant_velocity,dbscan_kmeans_fallback,False
590,305,13.761471658,12.5024322678,-0.025276859660000105,0.010572629129999988,-0.019842650534000014,0.010911526043999977,-0.017381138375917222,0.009491332935060893,-0.9225495806024591,0.3858776248689585,-1,-1,instant_velocity,dbscan_kmeans_fallback,False
590,315,1.03822438578,8.26240226608,-0.03232744083900001,-0.00782804143099991,-0.0296671618528,-0.005684876429199974,-0.03049066236443413,-0.006753090467396339,-0.9719111424408208,-0.23534682897319456,-1,-1,instant_velocity,dbscan_kmeans_fallback,False
590,316,9.00959041285,9.19198218596,0.0038936045279999833,-0.014510515822999892,-0.004807023103799999,-0.027226309950799995,-0.0028561647966948685,-0.02322541750629245,0.25916187985046907,-0.9658332096249926,8,8,instant_velocity,dbscan_kmeans_fallback,False
590,317,9.22552761533,10.5657079931,-0.00180999994200004,-0.01023850540999991,-0.0019194417996000013,-0.009365010542000007,-0.0016581956683372247,-0.008539899271144702,-0.17408409080112142,-0.9847298135781696,8,8,instant_velocity,dbscan_kmeans_fallback,False
590,410,2.85811618871,0.575170117309,-0.005619418427000022,-0.008758814649500003,-0.015536534392599997,-0.012501000309019999,-0.014363591094625651,-0.008623540221134396,-0.5399920395937807,-0.8416689820217534,-1,-1,instant_velocity,dbscan_kmeans_fallback,False
590,411,8.2060346243,3.64194854363,0.004040930105000129,0.008353092989999977,0.0022098836510000197,0.0094747940486,0.0014686662379467972,0.00905421488692307,0.43548281967904273,0.9001958444728704,-1,-1,instant_velocity,dbscan_kmeans_fallback,False
600,4,5.50492540737,6.92662336708,0.011975464737999975,-0.00257752583699995,0.009795046202000002,-0.0013555876623999907,0.009549190604254793,-0.0014479042930450202,0.9776113034509545,-0.21041508186252392,0,0,instant_velocity,dbscan_kmeans_fallback,False
600,10,14.6620518621,3.68562328697,0.00732418581999994,-0.02283974283300001,0.003729441744000006,-0.03016182548780001,0.005302939521828582,-0.028239854166705852,0.30536053693502524,-0.9522363722528867,-1,-1,instant_velocity,dbscan_kmeans_fallback,False
600,11,14.4898914024,6.94786408926,0.014711511159999979,-0.016777783919999935,0.004697581247999984,-0.007727804314599993,0.009208086630786875,-0.00982587914812752,0.6592895229420076,-0.751888574622871,-1,-1,instant_velocity,dbscan_kmeans_fallback,False
600,12,15.2178902166,6.61970686465,0.017089766900000036,-0.0029832474970000076,0.01864720871400003,-0.007126381619399993,0.01822924365097354,-0.005863493791948397,0.9851028442961548,-0.17196288350393393,-1,-1,instant_velocity,dbscan_kmeans_fallback,False
600,13,14.0980053683,4.79897125264,0.00505116263000005,-0.03419994929899994,0.005905650976000026,-0.031140330666599995,0.006136433909449687,-0.028777899052613014,0.1461099785521519,-0.9892680605616365,-1,-1,instant_velocity,dbscan_kmeans_fallback,False
600,28,5.07220914198,3.12644337625,-0.006755930019000012,0.04345994952800001,-0.014206394899599992,0.037469588555,-0.014602845202275836,0.037008713209610584,-0.1536069271412461,0.9881318015336473,-1,-1,instant_velocity,dbscan_kmeans_fallback,False
600,30,5.37254285341,2.05175829814,-0.026644882879000065,0.024677423291000023,-0.028320185151200016,0.022505619113040005,-0.027019347381430373,0.021060557918484036,-0.7336748724031463,0.6795002802782945,-1,-1,instant_velocity,dbscan_kmeans_fallback,False
600,33,4.20635568098,11.0606884177,-0.01626895297400006,0.045560155759999964,-0.026392324747,0.032557969876599986,-0.027087760789903444,0.03285317442045588,-0.336289923755742,0.9417582883985083,1,1,instant_velocity,dbscan_kmeans_fallback,False
600,34,3.81004987955,10.4210801545,-0.018878720334,0.03973685665000008,-0.030294347879599996,0.033245310100400015,-0.031038255845297052,0.03319048008763094,-0.42912558561114894,0.903244583244726,1,1,instant_velocity,dbscan_kmeans_fallback,False
600,35,10.6688973371,12.5356059799,-0.009639302019999896,0.020882732469999964,-0.010228604327999982,0.01640070143599999,-0.011476751074514832,0.01697375894948621,-0.41909806013772444,0.9079404971846862,-1,-1,instant_velocity,dbscan_kmeans_fallback,False
600,37,10.1921938638,1.39950106552,-0.030622673449999915,-0.017350567439000007,-0.019909999372000015,-0.0152264952218,-0.022226244595962456,-0.014573278625295637,-0.8700497335054581,-0.49296337895248254,-1,-1,instant_velocity,dbscan_kmeans_fallback,False
600,38,14.1222088559,6.0762785007,-0.020520348189999992,0.009188402289000041,-0.020520348189999992,0.009188402289000041,-0.012730508318130006,0.003821540042771997,-0.9126810725600184,0.4086714698303318,2,2,instant_velocity,dbscan_kmeans_fallback,False
600,39,14.623536747,5.5781954987,-0.02167790629000006,0.010859020887000082,-0.02167790629000006,0.010859020887000082,-0.0065033718870000186,0.003257706266100025,-0.8940955030017244,0.4478754365013238,2,2,instant_velocity,dbscan_kmeans_fallback,False
600,74,14.0801158339,12.951351351,0.0029254650200000397,0.0011217010499999347,0.007315767210000033,0.00208111345199999,0.006235908872948274,0.0020324151130476295,0.9337140345124494,0.3580107797399934,-1,-1,instant_velocity,dbscan_kmeans_fallback,False
600,75,6.20493236198,7.21349244634,0.004546046368000045,0.0011217010590000242,0.00881848809340001,-0.0017135773619999916,0.007176504569429606,-0.0011427488867201952,0.9708801015401125,0.2395570018214967,0,0,instant_velocity,dbscan_kmeans_fallback,False
600,76,13.4714507369,4.87605836795,0.004861744029999926,-0.049569640400000024,0.0035821161659999844,-0.04356018664360001,0.007885480433609232,-0.04088867204557533,0.0976106867551405,-0.9952244733150695,-1,-1,instant_velocity,dbscan_kmeans_fallback,False
600,77,12.8444751753,8.5748079439,0.017658022689999876,-0.0038424227760000206,0.021000208637999975,-0.004539309390600011,0.021997365130517466,-0.004314227917256991,0.9771330472649616,-0.21262620067418317,3,3,instant_velocity,dbscan_kmeans_fallback,False
600,78,12.907193778,9.19341414476,0.022961743459999972,-0.0036276289559999952,0.02472965037999998,-0.006672927999999984,0.025628407390189484,-0.004761346229925951,0.9877486827536446,-0.1560502463173142,3,3,instant_velocity,dbscan_kmeans_fallback,False
600,79,13.1677495837,5.95814189985,0.036199998849999915,-0.030548454362999956,0.045102672991999986,-0.01953191800839999,0.04334205248702097,-0.022251309038521933,0.7642423595717243,-0.6449288283236583,-1,-1,instant_velocity,dbscan_kmeans_fallback,False
600,80,11.5614798671,7.10012904148,0.029801859529999853,0.0029832474970000076,0.037488045327399994,0.004338835158799998,0.03642391109415399,0.0038127826870043677,0.9950267321400592,0.09960489227582583,4,4,instant_velocity,dbscan_kmeans_fallback,False
600,81,11.7565810237,6.45097438625,0.044892207880000076,0.0055607733330000466,0.04231611494160003,0.005570319725200008,0.04399747063457636,0.005418969527338733,0.9924151310009997,0.12292992161329395,4,4,instant_velocity,dbscan_kmeans_fallback,False
600,82,12.1916124053,10.1996038604,0.0014101162400001143,-0.024653557310000095,0.0060698137620000025,-0.022820650047999998,0.0039632501228857395,-0.02108038240453579,0.05710391725805471,-0.9983678343757257,5,5,instant_velocity,dbscan_kmeans_fallback,False
600,83,12.4751089079,7.91944813389,-0.03744174301000012,-0.017541495279000063,-0.011760790326000005,-0.0361665060486,-0.01600322126530769,-0.030415600955090764,-0.905545340551839,-0.42424892751301796,-1,-1,instant_velocity,dbscan_kmeans_fallback,False
600,84,12.4858426285,10.8597368664,0.00940779040000006,-0.021121392269999893,0.006970604430000016,-0.018615464375999976,0.006910449375578406,-0.018309278083948374,0.4068786982810088,-0.9134817239019338,5,5,instant_velocity,dbscan_kmeans_fallback,False
600,85,11.9449472968,10.9306188269,0.004756511480000114,-0.023865979970000062,0.003060162694000006,-0.021794412909999998,0.0031713695747765435,-0.02028888905449756,0.19545677198465514,-0.9807118987940584,5,5,instant_velocity,dbscan_kmeans_fallback,False
600,86,2.27302318396,3.60972947067,0.03348499894199999,0.006682474392000026,0.031186719944399997,0.006539278512199998,0.026328682623580197,0.005463754783617363,0.9806621108188754,0.1957070225417309,-1,-1,instant_velocity,dbscan_kmeans_fallback,False
600,217,7.95726486472,4.62045372245,-0.04546046367899992,0.019092783976999962,-0.03248318501960002,0.0389492793132,-0.031239222557432028,0.03331150226440006,-0.9219863409929234,0.3872218761916017,-1,-1,instant_velocity,dbscan_kmeans_fallback,False
600,219,9.29287645041,3.64648307982,-0.023298487634999886,0.03921180509299997,-0.026952161937799986,0.0364481246122,-0.023828778376786253,0.035847036670595946,-0.5108057288671394,0.8596959165124863,-1,-1,instant_velocity,dbscan_kmeans_fallback,False
600,220,8.00672416548,5.30755528583,-0.046681161315,0.03112123788300005,-0.038031045309400005,0.035665320469200006,-0.03751404088454324,0.03402051716341402,-0.8320463316191755,0.5547058189333718,-1,-1,instant_velocity,dbscan_kmeans_fallback,False
600,300,13.1033472602,11.2153399679,-0.003093837109999953,-0.019116649959999954,-0.0011449301960000113,-0.02257721705399998,-0.0016015676518249832,-0.019019350290809634,-0.1597611161596424,-0.9871551818197766,5,5,instant_velocity,dbscan_kmeans_fallback,False
600,301,13.4901821317,11.0881342947,-0.004903837049999993,-0.01909278398000005,-0.004903837049999993,-0.01909278398000005,-0.0031728941192970084,-0.012929721613728004,-0.248767969061442,-0.9685625859924228,5,5,instant_velocity,dbscan_kmeans_fallback,False
600,305,13.5009158523,12.6045786621,-0.026055580569999924,0.010214639430000005,-0.021311697000000008,0.011364979664000003,-0.019983471034142032,0.009708324883542627,-0.9310121524097292,0.3649872017345581,-1,-1,instant_velocity,dbscan_kmeans_fallback,False
600,315,0.757674394652,8.16693834619,-0.028054999112799996,-0.009546391989000114,-0.030445882758359993,-0.007064330071600011,-0.02975996338894389,-0.007591080923877472,-0.9466932878870147,-0.32213528801722346,-1,-1,instant_velocity,dbscan_kmeans_fallback,False
600,316,9.05799738806,9.06358321372,0.004840697520999982,-0.012839897224000118,-0.0017342325034000084,-0.023369567587599994,-0.0005471061013864133,-0.02010976142160475,0.3527669370187009,-0.9357104416658012,6,6,instant_velocity,dbscan_kmeans_fallback,False
600,317,9.146182269,10.4072378861,-0.007934534632999934,-0.01584701069999994,-0.0030854185069999927,-0.010944938413999985,-0.003541097357736038,-0.010732032699801275,-0.44771114129663653,-0.8941776140379025,6,6,instant_velocity,dbscan_kmeans_fallback,False
600,410,2.80192200444,0.487581970815,-0.005619418426999978,-0.008758814649400004,-0.0112219996454,-0.010873340474900002,-0.011740339294337949,-0.00866412254961408,-0.539992039598145,-0.8416689820189535,-1,-1,instant_velocity,dbscan_kmeans_fallback,False
600,411,8.26917415719,3.68968050357,0.00631395328899984,0.0047731959940000126,0.003918860341199988,0.008563113613800005,0.00292225235326271,0.007769909219046152,0.7977050412262113,0.6030457199941859,-1,-1,instant_velocity,dbscan_kmeans_fallback,False
610,4,5.6128940086,6.88986975793,0.010796860122999963,-0.00367536091500007,0.011722906605999998,-0.0020667938654000116,0.009923491459878343,-0.002116141279631535,0.946653514423143,-0.3222504772055466,0,0,instant_velocity,dbscan_kmeans_fallback,False
610,10,14.8156913921,3.56319080972,0.015363952999999953,-0.012243247724999984,0.005059581235999993,-0.026686938803999992,0.008321243565279994,-0.02344087223419409,0.7820567300795358,-0.6232064287991009,1,1,instant_velocity,dbscan_kmeans_fallback,False
610,11,14.7622332542,6.666961505,0.027234185180000026,-0.028090258426000058,0.009706650856000002,-0.012252794117200008,0.014615916195550822,-0.015305192931489282,0.6960817244871436,-0.7179622007130531,2,2,instant_velocity,dbscan_kmeans_fallback,False
610,13,14.2922646645,4.56938052531,0.019425929619999848,-0.022959072733000064,0.007534650925999991,-0.031130784274600014,0.010123282622614735,-0.02703225115672913,0.6459230742362414,-0.7634020678240768,1,1,instant_velocity,dbscan_kmeans_fallback,False
610,28,4.92909286743,3.35555678397,-0.014311627455000054,0.022911340771999987,-0.012333255424000012,0.0360853617166,-0.014515479878093103,0.03277950147832741,-0.5297868209246896,0.8481304050769852,-1,-1,instant_velocity,dbscan_kmeans_fallback,False
610,30,5.13913704684,2.43432995708,-0.023340580656999954,0.03825716589399999,-0.026863766592600005,0.0262525779686,-0.025915717364101247,0.026219540311138823,-0.5208194099782966,0.8536666187170994,-1,-1,instant_velocity,dbscan_kmeans_fallback,False
610,33,4.01209638479,11.4344296641,-0.019425929618999936,0.037374124639999985,-0.02142113885779999,0.036137866873199975,-0.02478921143863239,0.03420945948631911,-0.46119162015102605,0.8873002956620066,3,3,instant_velocity,dbscan_kmeans_fallback,False
610,34,3.62673476907,10.798162638,-0.018331511048000015,0.03770824835000006,-0.025142161995800008,0.0373788978304,-0.027226232406107942,0.03454581056634168,-0.43721406535531754,0.8993572060351332,3,3,instant_velocity,dbscan_kmeans_fallback,False
610,37,9.84892527004,1.23912168011,-0.034326859375999955,-0.016037938540999996,-0.026173441033200007,-0.0168971138198,-0.025856429029973704,-0.015012676600006944,-0.9059932958417493,-0.4232914126547509,-1,-1,instant_velocity,dbscan_kmeans_fallback,False
610,38,13.9117437462,6.18367541058,-0.021046510969999942,0.010739690988000029,-0.021046510969999942,0.010739690988000029,-0.015225309113690987,0.0058969853263404065,-0.8907327898927995,0.4545264024979551,4,4,instant_velocity,dbscan_kmeans_fallback,False
610,39,14.4067576841,5.68654704777,-0.021677906289999882,0.010835154906999999,-0.021677906289999882,0.010835154906999999,-0.011055732207899977,0.005530940858370017,-0.8944895034082347,0.44708802605095954,4,4,instant_velocity,dbscan_kmeans_fallback,False
610,74,14.1093704842,12.9623297018,0.002925465029999863,0.0010978350800000315,0.004179837077999977,0.0013842268379999822,0.00524277572006375,0.0017520411031333501,0.9362434874143435,0.3513427552080779,-1,-1,instant_velocity,dbscan_kmeans_fallback,False
610,75,6.25018236055,7.22447079713,0.004524999857000012,0.0010978350790000313,0.0069537672220000065,-0.000491639187399997,0.006381053155700728,-0.0004705736970041271,0.9718054466688102,0.23577505923362313,0,0,instant_velocity,dbscan_kmeans_fallback,False
610,76,13.5141751542,4.4178315525,0.0042724417300000535,-0.04582268154499998,0.0029928138600000052,-0.0463477331042,0.006801568822526478,-0.042368874895402725,0.09283590100487363,-0.9956812044548153,-1,-1,instant_velocity,dbscan_kmeans_fallback,False
610,77,13.03578796,8.53208783976,0.01913127847000009,-0.004272010413999894,0.01942592961799999,-0.0041001753589999974,0.021137539132362253,-0.004301562666279862,0.9759633424347391,-0.21793240682274856,5,5,instant_velocity,dbscan_kmeans_fallback,False
610,78,13.1410205148,9.14806878282,0.02338267367999993,-0.004534536194000083,0.024106673655999986,-0.0056323712732000075,0.024954687277132615,-0.00469330321914819,0.9817099962136041,-0.19038026064786126,5,5,instant_velocity,dbscan_kmeans_fallback,False
610,79,13.5150170146,5.63595117023,0.03472674309000005,-0.032219072961999995,0.04152476613000001,-0.023932804715399988,0.04075745966791469,-0.02524163821556535,0.7330794594683475,-0.680142693783328,2,2,instant_velocity,dbscan_kmeans_fallback,False
610,80,11.918428693,7.14571306322,0.03569488259,0.004558402173999987,0.03610739420799998,0.004200412474999986,0.036205202542907794,0.0040364685331030535,0.9919438876314336,0.1266758382651715,6,6,instant_velocity,dbscan_kmeans_fallback,False
610,81,12.1438368254,6.53927851215,0.03872558016999985,0.00883041258999997,0.042206673083999995,0.006219474380599994,0.04241590349520341,0.0064424024461371045,0.9749737893820258,0.22231870476529658,6,6,instant_velocity,dbscan_kmeans_fallback,False
610,82,12.2055031025,9.95282962745,0.0013890697199999025,-0.02467742329499991,0.004562883575999983,-0.023417299547,0.0031909960020199885,-0.022159494671675026,0.056200104476543104,-0.9984191199495522,7,7,instant_velocity,dbscan_kmeans_fallback,False
610,83,12.0358682242,7.8258934924,-0.04392406836999996,-0.009355464148999992,-0.021463231878000002,-0.02868213472959999,-0.024379475396715374,-0.024097559913263532,-0.9780607365180157,-0.20831886698110136,-1,-1,instant_velocity,dbscan_kmeans_fallback,False
610,84,12.5384589059,10.6284755204,0.00526162774000003,-0.023126134600000015,0.007698813710000003,-0.020424505659999995,0.006415802884904893,-0.019754335038763865,0.2218490535570652,-0.9750805885486823,7,7,instant_velocity,dbscan_kmeans_fallback,False
610,85,12.0160845039,10.6664224286,0.00711372070999996,-0.02641963982999993,0.004339790562000019,-0.023288423256,0.004354074915343569,-0.02212811428714827,0.2599986223297894,-0.9656086088104591,7,7,instant_velocity,dbscan_kmeans_fallback,False
610,86,2.6150289871,3.67679287439,0.034200580314000015,0.006706340371999975,0.0319065106192,0.006582237276199994,0.028690251930706144,0.005836530460132147,0.9813116031010257,0.19242391681565962,-1,-1,instant_velocity,dbscan_kmeans_fallback,False
610,217,7.50266022793,4.81138156222,-0.04546046367900001,0.01909278397700005,-0.036313650014800004,0.03322144412,-0.035505594893902426,0.029045886778180055,-0.921986340992923,0.38722187619160253,8,8,instant_velocity,dbscan_kmeans_fallback,False
610,219,8.95781599588,4.02141762517,-0.033506045452999976,0.03749345453499999,-0.027642487498400002,0.03713069163939999,-0.02673195849965037,0.036340962029917157,-0.6663447422431984,0.7456435386556408,-1,-1,instant_velocity,dbscan_kmeans_fallback,False
610,220,7.61883696844,5.51304137338,-0.038788719703999955,0.020548608754999975,-0.03987892897199998,0.031378990466400004,-0.037896444530380255,0.029978944640889803,-0.8836614096072695,0.46812611286159755,8,8,instant_velocity,dbscan_kmeans_fallback,False
610,300,13.074303075,11.0506647061,-0.0029044185200000072,-0.016467526180000115,-0.002533999920000021,-0.019994918020000016,-0.0019924229122774903,-0.018253803057566777,-0.17369153532822995,-0.9847994996471909,7,7,instant_velocity,dbscan_kmeans_fallback,False
610,301,13.440933296,10.8972064549,-0.004924883569999849,-0.01909278398000005,-0.004154581263999972,-0.01694484578000001,-0.003698490954507861,-0.014778640323609617,-0.24976917018698175,-0.968304883448048,7,7,instant_velocity,dbscan_kmeans_fallback,False
610,315,0.477124403521,8.07147442631,-0.028054999113100006,-0.009546391988000025,-0.03103939436758,-0.008348319794000005,-0.029248474106190726,-0.008177674243114238,-0.9466932878983568,-0.32213528798389096,-1,-1,instant_velocity,dbscan_kmeans_fallback,False
610,316,9.11461250255,8.95833424204,0.005661511449000045,-0.010524897168000003,0.0009344650866000137,-0.0193266705808,0.0013154791637295246,-0.017234302145523326,0.47372698893636794,-0.880670804815237,-1,-1,instant_velocity,dbscan_kmeans_fallback,False
610,317,9.0260066914,10.2112981905,-0.01201755776000013,-0.01959396955999999,-0.005072209142000013,-0.013226526099999986,-0.0060840354784152655,-0.01339061375786089,-0.5228258949515013,-0.8524389793204837,-1,-1,instant_velocity,dbscan_kmeans_fallback,False
610,410,2.74593828528,0.400232484119,-0.005598371916000033,-0.008734948669600002,-0.006903255595800006,-0.009236134248920001,-0.009897749080836573,-0.008685370385609856,-0.5396004108046097,-0.8419201084162683,-1,-1,instant_velocity,dbscan_kmeans_fallback,False
610,411,8.35399159637,3.74194699971,0.008481743918000006,0.005226649614000012,0.0050006510047999695,0.007632340394800003,0.004590099822683899,0.0070069313375323095,0.8513385448985832,0.5246147867815771,-1,-1,instant_velocity,dbscan_kmeans_fallback,False
620,4,5.72086260984,6.85311614877,0.010796860124000052,-0.003675360915999981,0.01197546473760001,-0.0025822990330000017,0.010185502059114856,-0.002583907170542069,0.946653514405504,-0.3222504772573636,0,0,instant_velocity,dbscan_kmeans_fallback,False
620,10,14.969120457,3.44051967267,0.015342906490000096,-0.012267113705000022,0.0073283951180000174,-0.022834969636600012,0.010427742442696024,-0.020088744675435866,0.7810474572357557,-0.6244708571454051,1,1,instant_velocity,dbscan_kmeans_fallback,False
620,11,14.9943762702,6.22902077252,0.02321430160000002,-0.04379407324799996,0.013907534444000013,-0.0199185468842,0.01719543181688558,-0.023851857026442484,0.46834776751474433,-0.8835439803228001,-1,-1,instant_velocity,dbscan_kmeans_fallback,False
620,13,14.4865239606,4.34002845779,0.019425929610000024,-0.022935206751999983,0.009361488075999987,-0.030834846122999995,0.012914076718830322,-0.025803137835310387,0.6463145286690909,-0.7630706812721227,1,1,instant_velocity,dbscan_kmeans_fallback,False
620,28,4.78597659288,3.5846701917,-0.014311627454999965,0.02291134077299999,-0.010460115948399995,0.0347011348784,-0.014454324151165161,0.029819053266729185,-0.5297868209080541,0.8481304050873767,-1,-1,instant_velocity,dbscan_kmeans_fallback,False
620,30,4.90951961223,2.8321758432,-0.022961743460999974,0.03978458861199998,-0.025331580594599997,0.0303050213676,-0.025029525193170865,0.03028905480139717,-0.49987090839739984,0.8660996706750596,-1,-1,instant_velocity,dbscan_kmeans_fallback,False
620,33,3.78605685705,11.7260719393,-0.022603952774000024,0.029164227520000096,-0.020722394693799995,0.036242877184000016,-0.02413363383924268,0.03269588989642341,-0.6125998842598904,0.7903928388945921,2,2,instant_velocity,dbscan_kmeans_fallback,False
620,34,3.44341965858,11.1754837814,-0.018331511049000014,0.03773211433999997,-0.019989976112200002,0.0415124855626,-0.024557815998975566,0.035501701698439164,-0.4369903448981643,0.899465931373563,2,2,instant_velocity,dbscan_kmeans_fallback,False
620,37,9.46840435183,1.09234590329,-0.03805209182100011,-0.014677577681999999,-0.030109138583400002,-0.016553443708,-0.02951512786728163,-0.01491214692460486,-0.9329986118655912,-0.3598792851461027,-1,-1,instant_velocity,dbscan_kmeans_fallback,False
620,38,13.6859146836,6.21374654534,-0.02258290626000008,0.0030071134760000008,-0.02019623192000001,0.005780340348999999,-0.017432588257583717,0.005030023771238285,-0.9912501111180556,0.13199370944161165,3,3,instant_velocity,dbscan_kmeans_fallback,False
620,39,14.1897681561,5.79513725664,-0.021698952800000094,0.010859020886999993,-0.021698952800000094,0.010859020886999993,-0.014248698385530011,0.007129364866959011,-0.8942694259240966,0.4475280657191538,3,3,instant_velocity,dbscan_kmeans_fallback,False
620,74,14.1386251344,12.9733080526,0.0029254650200000397,0.0010978350800000315,0.0029254650240000046,0.001102608274000012,0.004547582510044636,0.0015557792961933543,0.9362434870192854,0.3513427562607847,4,4,instant_velocity,dbscan_kmeans_fallback,False
620,75,6.29543235912,7.23544914791,0.004524999857000012,0.0010978350779999424,0.0050890463508000035,0.0007350721829999963,0.005824237166090512,-5.10645029062071e-08,0.9718054467180229,0.23577505903078017,0,0,instant_velocity,dbscan_kmeans_fallback,False
620,76,13.5531111994,3.98466401602,0.0038936045199999825,-0.04331675364800001,0.0037715347640000017,-0.0464718362002,0.005929179531768529,-0.04265323852118191,0.08952584218125001,-0.9959842688119109,-1,-1,instant_velocity,dbscan_kmeans_fallback,False
620,77,13.2856100451,8.47242288983,0.024982208509999992,-0.005966494993000104,0.02002365053000002,-0.004424752686600008,0.022290939945653575,-0.004801042364295935,0.9726446234039839,-0.23229648704538589,5,5,instant_velocity,dbscan_kmeans_fallback,False
620,78,13.3908425999,9.06620847151,0.024982208509999992,-0.008186031130999893,0.023803603898,-0.005326886729599991,0.02496294364699283,-0.005741121592703701,0.9502838588367173,-0.3113837292891956,5,5,instant_velocity,dbscan_kmeans_fallback,False
620,79,13.888171654,5.31638569842,0.03731546394000009,-0.03195654718099998,0.03846460343600001,-0.028276413069999985,0.03972486094954031,-0.02725611090519574,0.7595393569841805,-0.6504610350368135,-1,-1,instant_velocity,dbscan_kmeans_fallback,False
620,80,12.3147344944,7.20179811615,0.03963058014000005,0.005608505293000032,0.03550967329599999,0.004276783610799999,0.03723281582203547,0.004508079561072147,0.9901337990513674,0.14012337526073412,6,6,instant_velocity,dbscan_kmeans_fallback,False
620,81,12.5045740233,6.64166356623,0.03607371979000007,0.010238505407999999,0.04156264985,0.007155020795400003,0.04051324838364241,0.007581233334695973,0.962003143918113,0.27303739256324094,6,6,instant_velocity,dbscan_kmeans_fallback,False
620,82,12.2069763583,9.71965900313,0.00014732558000005725,-0.023317062432000137,0.0028076045619999947,-0.02374187687540001,0.002277894875414009,-0.02250676499977256,0.006318230548786295,-0.9999796109118545,7,7,instant_velocity,dbscan_kmeans_fallback,False
620,83,11.5966275404,7.73257751072,-0.04392406837999996,-0.009331598168,-0.031119371107999994,-0.02100206237460002,-0.030242853291700747,-0.01966777138968447,-0.9781688935733406,-0.20781041902347525,-1,-1,instant_velocity,dbscan_kmeans_fallback,False
620,84,12.5910751833,10.3974528343,0.005261627739999853,-0.023102268610000108,0.00793032532999998,-0.021823052086000026,0.0060695503414333815,-0.02075871511013474,0.22206694013508865,-0.9750309892508237,7,7,instant_velocity,dbscan_kmeans_fallback,False
620,85,12.0933251991,10.3960208755,0.007724069520000043,-0.0270401553100001,0.005737278888000006,-0.02491130989400002,0.00536507329674051,-0.023601726594003822,0.274665497688298,-0.9615394704254306,7,7,instant_velocity,dbscan_kmeans_fallback,False
620,86,2.95703479024,3.7438562781,0.03420058031399997,0.006706340371000019,0.032622091991999995,0.006620422844,0.030343350445694292,0.0060974734333925085,0.9813116031064435,0.19242391678803064,-1,-1,instant_velocity,dbscan_kmeans_fallback,False
620,217,7.0581579164,4.93691661687,-0.044450231152999994,0.012553505464999937,-0.03950009177460002,0.026720351175799992,-0.0381889857716317,0.02409817238422602,-0.9623574335288861,0.27178619745541704,8,8,instant_velocity,dbscan_kmeans_fallback,False
620,219,8.52067996319,4.37940732474,-0.04371360326900007,0.03579896995700001,-0.030370115318199994,0.037469588555,-0.03182645193045528,0.036178364408042014,-0.7736682830377642,0.633590588511242,-1,-1,instant_velocity,dbscan_kmeans_fallback,False
620,220,7.2505230266,5.69203622317,-0.036831394184000034,0.017899484978999958,-0.0406576498774,0.027488835730999986,-0.03757692942646619,0.02635510674232285,-0.8994124217472083,0.43710045437225725,8,8,instant_velocity,dbscan_kmeans_fallback,False
620,300,13.0452588899,10.8862281041,-0.0029044185100000064,-0.016443660199999856,-0.0030559533919999994,-0.018505680869999992,-0.0022660215915942454,-0.017710760200296702,-0.17393600543489848,-0.9847563497027818,7,7,instant_velocity,dbscan_kmeans_fallback,False
620,301,13.3939995766,10.6967322232,-0.004693371940000013,-0.020047423169999946,-0.004390302185999993,-0.01793289735000002,-0.0039969552501555065,-0.016359275177526715,-0.2279498263893397,-0.9736723808757209,7,7,instant_velocity,dbscan_kmeans_fallback,False
620,302,14.7108797675,10.6943456252,0.0,0.0,0.0,0.0,0.0,0.0,0.0,0.0,4,4,instant_velocity,dbscan_kmeans_fallback,False
620,315,0.196363947281,7.97601050642,-0.028076045624000002,-0.009546391988999935,-0.02997865021498,-0.00877790743360002,-0.02889674556153351,-0.008588289566879948,-0.9467669119001796,-0.3219188408601256,-1,-1,instant_velocity,dbscan_kmeans_fallback,False
620,316,9.18974854669,8.90702238511,0.007513604413999886,-0.0051311856929999065,0.003409534775999994,-0.014477103450599991,0.003174916738810633,-0.0136033672097663,0.8258029583739945,-0.5639568031223879,-1,-1,instant_velocity,dbscan_kmeans_fallback,False
620,317,8.90562064869,10.0151198352,-0.012038604270999897,-0.019617835530000072,-0.007122139309799991,-0.015107165322,-0.007870406116190656,-0.015258780289502644,-0.5230282072958932,-0.852314862861539,-1,-1,instant_velocity,dbscan_kmeans_fallback,False
620,410,2.68974410101,0.312644337625,-0.005619418426999978,-0.0087588146494,-0.0056109998228,-0.00874926825748,-0.008614249884685593,-0.008707403664746899,-0.5399920395981452,-0.8416689820189532,-1,-1,instant_velocity,dbscan_kmeans_fallback,False
620,411,8.48932066186,3.80423720743,0.013532906549000145,0.006229020771999982,0.007092674194400033,0.006897268211599999,0.007272941840578773,0.0067735581678726115,0.9083908407726196,0.41812048252747563,-1,-1,instant_velocity,dbscan_kmeans_fallback,False
630,4,5.82883121108,6.81660119942,0.010796860123999963,-0.003651494934999988,0.011504022892199988,-0.0030166598681999977,0.010368909478580388,-0.0029041834998794445,0.9472904325956749,-0.3203733471463714,0,0,instant_velocity,dbscan_kmeans_fallback,False
630,10,15.122759987,3.31808719542,0.015363952999999953,-0.012243247724999984,0.010540092690000016,-0.018601144789600007,0.011908605609887202,-0.017735095590305103,0.7820567300795358,-0.6232064287991009,1,1,instant_velocity,dbscan_kmeans_fallback,False
630,11,15.2166274259,5.75170117309,0.022225115570000044,-0.04773195994300004,0.01791479013,-0.02837187699000001,0.01870433694281992,-0.03101588790140975,0.42210856542654135,-0.9065450783856978,-1,-1,instant_velocity,dbscan_kmeans_fallback,False
630,13,14.7275065112,4.11330164806,0.024098255060000007,-0.02267268097299997,0.013890697235999987,-0.02796138213439999,0.016269330221181228,-0.02486400077661726,0.7283208788656601,-0.6852357936863858,1,1,instant_velocity,dbscan_kmeans_fallback,False
630,28,4.66369636419,3.80614648583,-0.012228022869000021,0.02214762941299999,-0.0108768368654,0.030982815198799994,-0.013786433766515619,0.027517626110610427,-0.4833389819312119,0.8754328289496071,-1,-1,instant_velocity,dbscan_kmeans_fallback,False
630,30,4.67990217763,3.22978306952,-0.022961743460000062,0.03976072263199999,-0.024514975969199996,0.0334266915478,-0.024409190673219623,0.03313055515057802,-0.5000959283167217,0.8659697609561948,-1,-1,instant_velocity,dbscan_kmeans_fallback,False
630,33,3.56001732932,12.0179528744,-0.022603952773000025,0.029188093510000002,-0.0200236505296,0.036352660692,-0.023674729519369886,0.031643550980496385,-0.6122868177093799,0.7906353844266053,2,2,instant_velocity,dbscan_kmeans_fallback,False
630,34,3.1047812972,11.4742858506,-0.03386383613799997,0.029880206919999885,-0.022090417906199998,0.03855787724119999,-0.027349622040682885,0.03381525326490738,-0.7498338279936558,0.6616258667435576,2,2,instant_velocity,dbscan_kmeans_fallback,False
630,37,9.08809389874,0.945570126465,-0.0380310453089999,-0.014677577682499998,-0.033695464051199976,-0.016018845756699998,-0.03206990309979711,-0.014841776151973402,-0.932931729600531,-0.36005263127596543,-1,-1,instant_velocity,dbscan_kmeans_fallback,False
630,38,13.456297249,6.22472489613,-0.022961743459999972,0.0010978350789999426,-0.021105441194,0.0054032578655999865,-0.019091334818308596,0.0038503671635667816,-0.9988585522255264,0.047756911817369484,3,3,instant_velocity,dbscan_kmeans_fallback,False
630,39,13.9833018835,5.90683004291,-0.020646627260000015,0.01116927862699999,-0.020646627260000015,0.01116927862699999,-0.016168077047871012,0.008341338994971305,-0.8795467841541427,0.4758115199150174,3,3,instant_velocity,dbscan_kmeans_fallback,False
630,40,14.7956972067,10.4055672675,0.0,0.0,0.0,0.0,0.0,0.0,0.0,0.0,4,4,instant_velocity,dbscan_kmeans_fallback,False
630,41,15.1151832431,2.13481190844,0.0,0.0,0.0,0.0,0.0,0.0,0.0,0.0,-1,-1,instant_velocity,dbscan_kmeans_fallback,False
630,74,14.1678797847,12.9845250632,0.0029254650300000406,0.0011217010599999355,0.0029254650240000046,0.0011073814699999929,0.0040609472660312574,0.0014255558253353285,0.9337140338546273,0.3580107814556705,-1,-1,instant_velocity,dbscan_kmeans_fallback,False
630,75,6.3408928228,7.2464274987,0.004546046367999957,0.0010978350790000313,0.004533418461399989,0.0011026082745999944,0.005440779926663346,0.0003293147785479751,0.9720550784560081,0.23474379217971572,0,0,instant_velocity,dbscan_kmeans_fallback,False
630,76,13.5920472447,3.55149647954,0.0038936045299999833,-0.04331675364800001,0.00435662776800001,-0.04631909392840001,0.0053185070312379654,-0.042852293059227345,0.08952584240933766,-0.995984268791409,-1,-1,instant_velocity,dbscan_kmeans_fallback,False
630,77,13.5356425953,8.4127579399,0.025003255020000024,-0.005966494992999926,0.020882348176,-0.004782742386199992,0.023104634467957512,-0.005150678152907132,0.9726887878792304,-0.23211149020342992,5,5,instant_velocity,dbscan_kmeans_fallback,False
630,78,13.6408751502,8.98410950041,0.025003255030000025,-0.008209897110000064,0.023858324827999978,-0.0056323712732000075,0.024975037061894988,-0.00648175424789261,0.9500928756936918,-0.3119659718316797,5,5,instant_velocity,dbscan_kmeans_fallback,False
630,79,14.494942565,5.02164084577,0.06067709109999999,-0.029474485265000006,0.041053324284000006,-0.03091599045479999,0.04601052999467821,-0.02792162321313702,0.8994919724865141,-0.43693694619186446,-1,-1,instant_velocity,dbscan_kmeans_fallback,False
630,80,12.7108298307,7.25812182889,0.03960953363000001,0.0056323712740000255,0.034911952383999995,0.004353154746800012,0.037945831164424834,0.004845367074950511,0.9900404883316668,0.1407811477576399,6,6,instant_velocity,dbscan_kmeans_fallback,False
630,81,12.8655216863,6.7438099605,0.03609476629999993,0.010214639427000006,0.040139905707999975,0.008085794014200011,0.039187703758549665,0.008371255162387183,0.9622117996236617,0.27230115590360543,6,6,instant_velocity,dbscan_kmeans_fallback,False
630,82,12.2069763583,9.48768167781,0.0,-0.023197732531999905,0.0010186511300000233,-0.02404258822380001,0.0015945264127898062,-0.02271405525944076,0.0,-0.9999995689235714,7,7,instant_velocity,dbscan_kmeans_fallback,False
630,83,11.1834845302,7.48508729841,-0.04131430102000007,-0.02474902123099998,-0.04025355686600001,-0.01640547463239999,-0.03356428761019055,-0.021192146342079124,-0.857854924170351,-0.5138915389402819,-1,-1,instant_velocity,dbscan_kmeans_fallback,False
630,84,12.6436914608,10.1661914884,0.0052616277500000305,-0.023126134589999837,0.0070126974539999765,-0.02227173251,0.005827173564003377,-0.021468940954094268,0.22184905404915958,-0.9750805884367215,7,7,instant_velocity,dbscan_kmeans_fallback,False
630,85,12.1705658943,10.1256193224,0.007724069519999865,-0.027040155309999925,0.006414976541999984,-0.02564638207799998,0.006072772163718317,-0.024633255208802655,0.27466549768829385,-0.9615394704254319,7,7,instant_velocity,dbscan_kmeans_fallback,False
630,86,3.28620222169,3.65483617281,0.03291674314500002,-0.008902010528999993,0.0330809059308,0.0035369382318000044,0.03111536825548601,0.0015976282446747568,0.9653217820432607,-0.2610618137331563,-1,-1,instant_velocity,dbscan_kmeans_fallback,False
630,217,6.61807537217,5.03452847496,-0.04400825442300001,0.00976118580900005,-0.04240871958960001,0.01988990770820001,-0.03993476636704219,0.01979707641165823,-0.9762733281819971,0.21654086220186267,8,8,instant_velocity,dbscan_kmeans_fallback,False
630,219,8.0835439305,4.73739702431,-0.04371360326900007,0.03579896995700001,-0.0335060454524,0.037503000927,-0.035392597332018716,0.036064546072729416,-0.7736682830377642,0.633590588511242,-1,-1,instant_velocity,dbscan_kmeans_fallback,False
630,220,6.94534861764,5.79943313304,-0.030517440896000014,0.010739690987000028,-0.039895766180600006,0.022290825293199992,-0.03545908286732634,0.021670482015726,-0.9432920368381351,0.33196312301098835,8,8,instant_velocity,dbscan_kmeans_fallback,False
630,221,0.244770922494,8.27791515306,0.0,0.0,0.0,0.0,0.0,0.0,0.0,0.0,-1,-1,instant_velocity,dbscan_kmeans_fallback,False
630,232,0.224145341751,4.11640422546,0.0,0.0,0.0,0.0,0.0,0.0,0.0,0.0,-1,-1,instant_velocity,dbscan_kmeans_fallback,False
630,300,12.9869600546,10.7227461413,-0.005829883529999869,-0.01634819628000006,-0.003586325467999991,-0.01772287672800001,-0.0033351801731159323,-0.017301991024207708,-0.3358886538232564,-0.9419010881899577,7,7,instant_velocity,dbscan_kmeans_fallback,False
630,301,13.3519065546,10.47406263,-0.004209302200000131,-0.02226695931999991,-0.004533418462000008,-0.01936008295399997,-0.004060659335108894,-0.018131580420268675,-0.1857481912900747,-0.982596930013608,7,7,instant_velocity,dbscan_kmeans_fallback,False
630,302,14.6092251195,10.8015038752,-0.010165464800000024,0.010715824999999946,-0.010165464800000024,0.010715824999999946,-0.0030496394400000076,0.003214747499999984,-0.6882303655679529,0.7254912886139899,4,4,instant_velocity,dbscan_kmeans_fallback,False
630,316,9.26488459083,8.85594918797,0.0075136044140000635,-0.005107319714000092,0.005884604465199992,-0.009622763124400002,0.004476523041367463,-0.011054552961036437,0.82702442522484,-0.5621640318247375,-1,-1,instant_velocity,dbscan_kmeans_fallback,False
630,317,8.84900553421,9.80963374762,-0.005661511447999956,-0.020548608758000065,-0.007892441610799992,-0.017169185991599997,-0.007207737715733446,-0.01684572883005187,-0.26562060251677855,-0.9640771531266137,-1,-1,instant_velocity,dbscan_kmeans_fallback,False
630,410,2.67480107823,0.277561347067,-0.0014943022780000259,-0.0035082990558000017,-0.004790185895000008,-0.007703938334740002,-0.006478265602679923,-0.00714767228206283,-0.3918669761898054,-0.9200190368483614,-1,-1,instant_velocity,dbscan_kmeans_fallback,False
630,411,8.62464972734,3.86676607496,0.013532906547999879,0.00625288675300002,0.0091804880818,0.0061669692246000005,0.009150931252805104,0.006617356743410834,0.9077818233610653,0.4194410799908717,-1,-1,instant_velocity,dbscan_kmeans_fallback,False
640,4,5.89954748791,6.80824810643,0.007071627682999982,-0.00083530929900002,0.010287534558399987,-0.002883010380400002,0.009379724939906266,-0.002283521239615617,0.9930944586832419,-0.1173055303968702,0,0,instant_velocity,dbscan_kmeans_fallback,False
640,13,15.0000588281,3.88872277653,0.02725523169000006,-0.022457887153000032,0.019051301721999998,-0.025044959382,0.019565100661826876,-0.02414216668953209,0.7717576565929424,-0.6359163098799551,-1,-1,instant_velocity,dbscan_kmeans_fallback,False
640,28,4.56204171624,4.02022432617,-0.010165464794999935,0.02140778403400003,-0.011554534518599996,0.026567608904000003,-0.012700143075060913,0.025684673487627308,-0.428945336225034,0.9033299810170773,1,1,instant_velocity,dbscan_kmeans_fallback,False
640,30,4.45428358011,3.53646091215,-0.02256185975199996,0.030667784263000007,-0.023694162041800002,0.0346295369384,-0.023854991396853722,0.03239172388430461,-0.5925951668455919,0.8055001197543628,1,1,instant_velocity,dbscan_kmeans_fallback,False
640,33,3.20854059624,12.2757054581,-0.03514767330799997,0.025775258369999852,-0.023210092289600005,0.03341237195999998,-0.02711661265595891,0.029883063197347425,-0.8064015509792084,0.5913679731889047,2,2,instant_velocity,dbscan_kmeans_fallback,False
640,34,2.69942549606,11.7394368881,-0.040535580114000026,0.02651510375000008,-0.025988231736600004,0.03431450600200001,-0.03130540946267803,0.03162520841043519,-0.8368647407506602,0.5474093466361156,2,2,instant_velocity,dbscan_kmeans_fallback,False
640,37,8.62738577377,0.889485073532,-0.04607081249700009,-0.005608505293300004,-0.037420696490599994,-0.013670433327560001,-0.03627017591895801,-0.012071794894371383,-0.9926712388769202,-0.12084444784016782,-1,-1,instant_velocity,dbscan_kmeans_fallback,False
640,38,13.2475158603,6.26625170128,-0.020878138870000028,0.004152680515000018,-0.021597929550000002,0.005637144469400006,-0.019627376033816025,0.003941061168996752,-0.9807869725016451,0.1950794070024037,3,3,instant_velocity,dbscan_kmeans_fallback,False
640,39,13.8008286335,6.02615994276,-0.018247324999999925,0.011932989984999942,-0.020789743527999994,0.011131093058600001,-0.016791851433509686,0.009418834291979896,-0.8369262302796393,0.5473148707610969,3,3,instant_velocity,dbscan_kmeans_fallback,False
640,40,14.3474065232,10.5716744881,-0.04482906834999998,0.016610722059999895,-0.04482906834999998,0.016610722059999895,-0.013448720504999996,0.004983216617999969,-0.9376983908351315,0.3474497222352275,-1,-1,instant_velocity,dbscan_kmeans_fallback,False
640,41,14.7325576738,2.24340211731,-0.038262556930000004,0.010859020886999993,-0.038262556930000004,0.010859020886999993,-0.011478767079000004,0.0032577062660999983,-0.9620079400695953,0.2730205494051799,-1,-1,instant_velocity,dbscan_kmeans_fallback,False
640,74,14.1971344349,12.995503414,0.0029254650200000397,0.0010978350800000315,0.0029254650240000046,0.0011073814699999929,0.003720302592221892,0.0013272396017347393,0.9362434870192854,0.3513427562607847,-1,-1,instant_velocity,dbscan_kmeans_fallback,False
640,75,6.38782654224,7.25215533389,0.004693371944000014,0.0005727835190000085,0.004567092878800008,0.0009975979628000075,0.005216557531864346,0.0004023554006835851,0.9926330726200755,0.12114187223920479,0,0,instant_velocity,dbscan_kmeans_fallback,False
640,76,13.709697241,3.19684801716,0.011764999630000083,-0.03546484623799997,0.005737278888000006,-0.0434981350958,0.0072524548108666015,-0.04063605901285913,0.3148636803268761,-0.9491366221762778,-1,-1,instant_velocity,dbscan_kmeans_fallback,False
640,77,13.7854646805,8.35309298997,0.024982208519999993,-0.005966494993000104,0.022351394641999995,-0.00520278363380001,0.023667906683570255,-0.005395423204935024,0.9726446234249932,-0.23229648695741875,4,4,instant_velocity,dbscan_kmeans_fallback,False
640,78,13.8906972353,8.90201052931,0.024982208509999992,-0.008209897110000064,0.024262417837999983,-0.00655359810020002,0.024977188496326488,-0.007000197106524847,0.9500149534752538,-0.3122031832322311,4,4,instant_velocity,dbscan_kmeans_fallback,False
640,79,15.101503011,4.72689599312,0.06065604459999996,-0.029474485265000006,0.045915068316,-0.03073460900719999,0.05040418437627473,-0.028387481828695917,0.8994323825106584,-0.43705959859397536,-1,-1,instant_velocity,dbscan_kmeans_fallback,False
640,80,13.0587286569,7.31730945921,0.034789882619999976,0.0059187630319999405,0.035905347701999976,0.004940257853999998,0.036999046601097374,0.00516738586206534,0.9858345704562822,0.1677189105527424,5,5,instant_velocity,dbscan_kmeans_fallback,False
640,81,13.170275165,6.79559913704,0.030475347870000037,0.005178917653999982,0.03725232440199999,0.0080046496824,0.03657399699198478,0.007413553909871022,0.9858656358695488,0.1675359693302401,5,5,instant_velocity,dbscan_kmeans_fallback,False
640,82,12.2069763583,9.25594301229,0.0,-0.023173866552,0.0005893023080000148,-0.02380392842420001,0.0011161684889528644,-0.022851998647208535,0.0,-0.9999995684796206,6,6,instant_velocity,dbscan_kmeans_fallback,False
640,83,10.77034152,7.23759708611,-0.04131430101999989,-0.02474902122999998,-0.04158369636,-0.0171453200114,-0.035889291633133355,-0.02225920880845538,-0.8578549241795038,-0.5138915389250029,-1,-1,instant_velocity,dbscan_kmeans_fallback,False
640,84,12.6312740193,9.88791416193,-0.0012417441500000236,-0.027827732647000048,0.00479018589599999,-0.02366073254339998,0.0037064982498023562,-0.023376578461966002,-0.04457816599563845,-0.9990055400866531,6,6,instant_velocity,dbscan_kmeans_fallback,False
640,85,12.1859298473,9.93349818367,0.0015363953000001374,-0.019212113873000015,0.005770953306000024,-0.024715608858600007,0.004711859104602863,-0.023006912808061865,0.07971559817936896,-0.9968171275167349,6,6,instant_velocity,dbscan_kmeans_fallback,False
640,86,3.60695104876,3.46176039484,0.032074882707000006,-0.019307577796999986,0.0333755570844,-0.0016228866381999918,0.03140322259094021,-0.004673933567827667,0.856753550049158,-0.5157255280257022,-1,-1,instant_velocity,dbscan_kmeans_fallback,False
640,217,6.2447102677,5.11328620886,-0.03733651044699995,0.007875773389999985,-0.04334318467619998,0.013675206523599997,-0.03915528959102952,0.016220685505160756,-0.9784677999601602,0.2063982565493681,7,7,instant_velocity,dbscan_kmeans_fallback,False
640,219,7.60073696902,4.89037795593,-0.04828069614799997,0.015298093162000015,-0.038502487154799994,0.0327202585408,-0.03925902697681309,0.029834610199510593,-0.9532897079923367,0.30205684521486914,7,7,instant_velocity,dbscan_kmeans_fallback,False
640,220,6.73488350802,5.79943313304,-0.021046510961999942,0.0,-0.034773045412199985,0.016061804520800003,-0.03113531129572842,0.0151693374110082,-0.9999995248620891,0.0,-1,-1,instant_velocity,dbscan_kmeans_fallback,False
640,221,0.416299986839,8.26025432788,0.017152906434499997,-0.0017660825180000118,0.017152906434499997,-0.0017660825180000118,0.00514587193035,-0.0005298247554000036,0.994740700664747,-0.10241962014400169,-1,-1,instant_velocity,dbscan_kmeans_fallback,False
640,232,0.577095330593,4.17797845378,0.0352949988842,0.0061574228319999594,0.0352949988842,0.0061574228319999594,0.010588499665260001,0.001847226849599988,0.9851210587837034,0.171860237750401,-1,-1,instant_velocity,dbscan_kmeans_fallback,False
640,233,0.424297661005,3.44911142546,0.0,0.0,0.0,0.0,0.0,0.0,0.0,0.0,-1,-1,instant_velocity,dbscan_kmeans_fallback,False
640,300,12.8853054066,10.5611734569,-0.010165464800000024,-0.016157268439999938,-0.0049796044939999715,-0.016906660211999984,-0.00538426556118116,-0.016958574248945375,-0.5325267225194064,-0.8464125720271432,6,6,instant_velocity,dbscan_kmeans_fallback,False
640,301,13.3098135327,10.2511543771,-0.004209302189999953,-0.022290825289999993,-0.004588139389999988,-0.02055815514799999,-0.004105252191576212,-0.01937935388118807,-0.185556168156269,-0.9826332107206821,6,6,instant_velocity,dbscan_kmeans_fallback,False
640,302,14.5075704716,10.9084234655,-0.010165464790000023,0.010691959030000042,-0.010165464790000023,0.010691959030000042,-0.005184387045000013,0.005457910959000002,-0.6890376592243966,0.7247246018501395,-1,-1,instant_velocity,dbscan_kmeans_fallback,False
640,316,9.34023110007,8.80487599083,0.0075346509239999195,-0.005107319713999914,0.006612813744399979,-0.007742123902600007,0.0053939614061572,-0.00927038298692548,0.8277544391470176,-0.5610885770355233,-1,-1,instant_velocity,dbscan_kmeans_fallback,False
640,317,8.80838576805,9.60176106207,-0.004061976616000074,-0.020787268554999905,-0.008342836945599999,-0.019278938620599994,-0.006264009385813434,-0.01802819074753628,-0.19177970566490105,-0.9814375172304197,-1,-1,instant_velocity,dbscan_kmeans_fallback,False
640,410,2.67732665955,0.264912377682,0.00025255813200000257,-0.0012648969384999986,-0.0036157905832000024,-0.006205154792540001,-0.004459018482275945,-0.00538283967899398,0.19580057904459458,-0.9806358283883416,-1,-1,instant_velocity,dbscan_kmeans_fallback,False
640,411,8.75976832772,3.92929494248,0.013511860038000024,0.006252886751999975,0.01107467406839998,0.005746927977000001,0.010459209888363581,0.006508015745987576,0.9075329664231666,0.4199792513237582,-1,-1,instant_velocity,dbscan_kmeans_fallback,False
650,4,5.94542888181,6.81922645721,0.004588139390000023,0.0010978350780000313,0.008810069488799997,-0.0021479381974000055,0.007942249274934393,-0.0012691143443309223,0.9725446337257179,0.2327073183852812,0,0,instant_velocity,dbscan_kmeans_fallback,False
650,28,4.46038706829,4.23406350672,-0.010165464795000023,0.021383918054999996,-0.0122364414738,0.0221524026094,-0.011939739591042645,0.024394446857839116,-0.42933586510540356,0.9031444348715056,1,1,instant_velocity,dbscan_kmeans_fallback,False
650,30,4.2309800988,3.78228050586,-0.022330348131000034,0.02458195937100003,-0.022831255092199996,0.0346104441544,-0.023397598417097615,0.030048794530313234,-0.6723941298650999,0.7401929018158387,1,1,instant_velocity,dbscan_kmeans_fallback,False
650,33,2.82591502694,12.5253436086,-0.038262556930000004,0.024963815050000095,-0.02760881308079999,0.029293103818000005,-0.030460395938171236,0.028407288753143224,-0.8375105111452561,0.5464208139803797,2,2,instant_velocity,dbscan_kmeans_fallback,False
650,34,2.29406969492,12.0045879256,-0.04053558011399998,0.0265151037499999,-0.030319603692600002,0.03167015542199998,-0.03407446065807461,0.0300921770123046,-0.8368647407506615,0.5474093466361134,2,2,instant_velocity,dbscan_kmeans_fallback,False
650,37,8.1580485793,0.843662391987,-0.046933719446999866,-0.004582268154500002,-0.040682905689999986,-0.01111677347066,-0.03946923897737056,-0.009824936872409967,-0.9952675167048036,-0.09717070585370462,-1,-1,instant_velocity,dbscan_kmeans_fallback,False
650,38,13.0528356339,6.3280645894,-0.019468022640000093,0.006181288812000041,-0.021387464440000024,0.005035721774000006,-0.019579570015671243,0.004613129461897739,-0.9531101863322478,0.3026218656266556,3,3,instant_velocity,dbscan_kmeans_fallback,False
650,39,13.6185658485,6.14548984262,-0.01822627850000007,0.011932989986000031,-0.02009941797,0.011345886878399991,-0.017222179553456802,0.010173081000185937,-0.8366367161713306,0.5477573250069891,3,3,instant_velocity,dbscan_kmeans_fallback,False
650,40,13.8989053746,10.7375430489,-0.04485011486000001,0.01658685607999999,-0.04485011486000001,0.01658685607999999,-0.022869138811500003,0.008464308456599977,-0.9379139480869009,0.34686742098439305,-1,-1,instant_velocity,dbscan_kmeans_fallback,False
650,41,14.5473483773,2.22430933333,-0.018520929650000007,-0.001909278398000014,-0.018520929650000007,-0.001909278398000014,-0.013591415850300007,0.0017076108668699947,-0.9947279167103104,-0.1025441248983175,-1,-1,instant_velocity,dbscan_kmeans_fallback,False
650,74,14.22617862,13.0064817648,0.0029044185100000064,0.0010978350800000315,0.0029212557219999978,0.0011026082760000123,0.0034755373675553263,0.001258418245214327,0.9354040837604577,0.3535714338659534,-1,-1,instant_velocity,dbscan_kmeans_fallback,False
650,75,6.44086374987,7.23640378711,0.005303720763000008,-0.0015751546779999791,0.0047186277578,0.00045822681540000685,0.005242706501205044,-0.00019089762292148424,0.9586149206820175,-0.2846995240109055,0,0,instant_velocity,dbscan_kmeans_fallback,False
650,76,13.8359763068,2.85079130758,0.012627906579999858,-0.034605670958000004,0.007290511397999993,-0.04050534120739999,0.008865090341606579,-0.03882694259640139,0.3427983164875655,-0.9394087349452953,-1,-1,instant_velocity,dbscan_kmeans_fallback,False
650,77,14.0367600214,8.30679298883,0.02512953408999987,-0.004630000113999877,0.023845696921999993,-0.005360299101399981,0.02410639490549914,-0.0051657962776544795,0.9834466993411926,-0.18119549346816194,4,4,instant_velocity,dbscan_kmeans_fallback,False
650,78,14.183875133,8.8254007336,0.029317789770000147,-0.007660979570999871,0.02553362710000002,-0.007360268223199995,0.026279368878428584,-0.007198431845867354,0.9675132107700946,-0.2528191586245265,4,4,instant_velocity,dbscan_kmeans_fallback,False
650,80,13.2129995823,7.38890739913,0.015427092540000053,0.007159793992000019,0.03303039430400002,0.005775567153,0.030527460382768178,0.005765108301045744,0.9070709621775502,0.4209763575655895,5,5,instant_velocity,dbscan_kmeans_fallback,False
650,81,13.4691356207,6.84189913819,0.029886045569999985,0.004630000114999966,0.03425109193999997,0.007818495038799984,0.03456761156538934,0.006578487771409705,0.9882110726337967,0.15309544279526843,5,5,instant_velocity,dbscan_kmeans_fallback,False
650,82,12.1928751959,9.03398939855,-0.0014101162400001143,-0.022195361374000022,2.525581199996907e-05,-0.023312289236999996,0.00035828307026697067,-0.022655007465245982,-0.06340416498798068,-0.9979874811773226,6,6,instant_velocity,dbscan_kmeans_fallback,False
650,83,10.3641438584,6.98748161601,-0.04061976616000003,-0.02501154700999999,-0.04221930098999998,-0.018639330357599987,-0.03730843399119336,-0.023084910268918762,-0.851519926517126,-0.5243218434134584,-1,-1,instant_velocity,dbscan_kmeans_fallback,False
650,84,12.611490299,9.60462497967,-0.001978372029999953,-0.028328918226000078,0.002512953409999987,-0.025102237734600016,0.002001037165861663,-0.024862280391176227,-0.06966607755526301,-0.9975700142653514,6,6,instant_velocity,dbscan_kmeans_fallback,False
650,85,12.1859298473,9.76118580828,0.0,-0.017231237538999977,0.004819651010000001,-0.02338866037239999,0.003298301373222004,-0.0212742102273433,0.0,-0.9999994196589667,6,6,instant_velocity,dbscan_kmeans_fallback,False
650,86,3.93738127087,3.332884103,0.033043022210999994,-0.012887629184000016,0.033287161738200004,-0.0055369073534,0.031895162476958144,-0.007138042252679371,0.9316461745306801,-0.3633659884793026,-1,-1,instant_velocity,dbscan_kmeans_fallback,False
650,217,5.93764167276,5.17295115879,-0.03070685949400005,0.005966494993000016,-0.040392463839200005,0.011049948726800008,-0.03662076056192068,0.013144428351512534,-0.9816407217618206,0.19073765757326114,7,7,instant_velocity,dbscan_kmeans_fallback,False
650,219,7.11266837979,5.02044754677,-0.048806858923000004,0.01300695908399998,-0.04360416141240002,0.027479289339,-0.04212337656066917,0.024786314864857408,-0.9662751700202344,0.25751097033649833,-1,-1,instant_velocity,dbscan_kmeans_fallback,False
650,220,6.52441839839,5.79943313304,-0.02104651096300003,0.0,-0.029646115341799995,0.009837556944199992,-0.0281086711959099,0.01061853618770574,-0.9999995248620891,0.0,7,7,instant_velocity,dbscan_kmeans_fallback,False
650,221,0.587829051184,8.2425935027,0.017152906434499997,-0.0017660825180000118,0.017152906434499997,-0.0017660825180000118,0.008747982281594999,-0.0009007020841800063,0.994740700664747,-0.10241962014400169,-1,-1,instant_velocity,dbscan_kmeans_fallback,False
650,232,0.930045319435,4.23979134191,0.0352949988842,0.006181288813000041,0.0352949988842,0.006181288813000041,0.018000449430942003,0.003147445438620004,0.9850080825790043,0.1725065769667958,8,8,instant_velocity,dbscan_kmeans_fallback,False
650,233,0.757042999323,3.51068565378,0.0332745338318,0.006157422832000004,0.0332745338318,0.006157422832000004,0.009982360149540001,0.0018472268496000015,0.9833056629692546,0.18195983663084309,8,8,instant_velocity,dbscan_kmeans_fallback,False
650,300,12.7834402935,10.3993621127,-0.010186511310000057,-0.01618113442000002,-0.006398139333999992,-0.016319557103999998,-0.00682493928582683,-0.01672534230026177,-0.5327526777192799,-0.846270369555067,6,6,instant_velocity,dbscan_kmeans_fallback,False
650,301,13.2468844649,10.0616584961,-0.006292906779999896,-0.01894958810000009,-0.004865953335999968,-0.020529515972,-0.004761548568103317,-0.019250424146831674,-0.31516264437304775,-0.9490371467692653,6,6,instant_velocity,dbscan_kmeans_fallback,False
650,302,14.4059158236,11.0153430558,-0.010165464800000024,0.010691959030000042,-0.010165464800000024,0.010691959030000042,-0.006678710371500016,0.007028125380300013,-0.689037659580407,0.7247246015116603,-1,-1,instant_velocity,dbscan_kmeans_fallback,False
650,316,9.41263109778,8.75618939169,0.0072399997710000715,-0.004868659913999984,0.007092674194399997,-0.00614787644059998,0.005947772915610062,-0.007949866065047832,0.8298212266603296,-0.5580272748364155,-1,-1,instant_velocity,dbscan_kmeans_fallback,False
650,317,8.76755553678,9.39388837652,-0.004083023127000018,-0.02078726855500008,-0.007572534644400015,-0.020266990191600023,-0.00560971350816941,-0.01885591408977542,-0.1927365619913824,-0.9812500566035294,-1,-1,instant_velocity,dbscan_kmeans_fallback,False
650,410,2.67985224086,0.252263408297,0.00025255813100000246,-0.0012648969384999986,-0.0024413952716000067,-0.00470637125036,-0.0030455454982931604,-0.004147456856845785,0.1958005782990475,-0.9806358285372014,-1,-1,instant_velocity,dbscan_kmeans_fallback,False
650,411,8.89783343964,3.9949263874,0.01380651119199996,0.006563144492000017,0.012573185649000002,0.006104917676600001,0.011463400279454496,0.006524554369791309,0.9031488034087275,0.4293261354818604,-1,-1,instant_velocity,dbscan_kmeans_fallback,False
660,4,5.99131027571,6.8299661482,0.004588139390000023,0.0010739690989999494,0.007568325342200009,-0.0011980721946000016,0.006936016309454083,-0.0005661893113316607,0.9736790844512678,0.2279140104858973,0,0,instant_velocity,dbscan_kmeans_fallback,False
660,28,4.23729405209,4.47892846122,-0.02230930162,0.02448649544999997,-0.013835976306799988,0.022467433544999995,-0.015050608199729852,0.02442206143548737,-0.6734796242168675,0.7392053787676575,1,1,instant_velocity,dbscan_kmeans_fallback,False
660,30,4.00767661749,4.02833875936,-0.022330348131000034,0.02460582535000002,-0.022629208587000012,0.031880176045600006,-0.02307742333126834,0.02841590377621927,-0.672036576486642,0.7405175473680221,1,1,instant_velocity,dbscan_kmeans_fallback,False
660,33,2.43613364392,12.7100662935,-0.03897813830200003,0.018472268490000054,-0.03151925481740001,0.02551273258800002,-0.03301571864731988,0.025426782674200274,-0.9036574299523015,0.4282555144047453,2,2,instant_velocity,dbscan_kmeans_fallback,False
660,34,1.85756505755,12.1549435994,-0.04365046373700001,0.015035567380000003,-0.0353833942304,0.027135619227999966,-0.03694726158175223,0.02557519412261322,-0.9454816431943344,0.32567472910377276,2,2,instant_velocity,dbscan_kmeans_fallback,False
660,37,7.69797184966,0.808579401429,-0.04600767296400008,-0.0035082990558000017,-0.04301906840760001,-0.008610845573620001,-0.041430769173359416,-0.007929945527426976,-0.9971050161951387,-0.07603389525021326,-1,-1,instant_velocity,dbscan_kmeans_fallback,False
660,38,12.8579449424,6.38987747753,-0.019489069149999948,0.006181288812999952,-0.021075976076000025,0.004124041338999991,-0.019552419755969854,0.005083577267228403,-0.9532044110874918,0.30232494519920855,3,3,instant_velocity,dbscan_kmeans_fallback,False
660,39,13.4108367853,6.3268712904,-0.02077290631999986,0.018138144777999975,-0.019918417975999993,0.012806484852599987,-0.01828739758341972,0.012562600133530149,-0.7532615539346607,0.6577205380170512,3,3,instant_velocity,dbscan_kmeans_fallback,False
660,40,13.5699484082,10.9277549093,-0.032895696639999986,0.01902118604000016,-0.032895696639999986,0.01902118604000016,-0.025877106160049998,0.011631371731620032,-0.8656962705729491,0.5005691168941417,4,4,instant_velocity,dbscan_kmeans_fallback,False
660,41,14.3621390808,2.20521654935,-0.018520929650000007,-0.0019092783979999695,-0.018520929650000007,-0.0019092783979999695,-0.015070269990210008,0.0006225440874090053,-0.9947279167103105,-0.10254412489831513,-1,-1,instant_velocity,dbscan_kmeans_fallback,False
660,74,14.2554332703,13.0174601156,0.002925465029999863,0.0010978350800000315,0.0029212557219999978,0.0011026082760000123,0.0033105156662886874,0.0012102432956500383,0.9362434874143435,0.3513427552080779,-1,-1,instant_velocity,dbscan_kmeans_fallback,False
660,75,6.49411142261,7.22065224033,0.005324767273999953,-0.001575154678000068,0.004878581241199989,-7.6371136000013e-05,0.005267324733043517,-0.0006061747394450595,0.9589215804829396,-0.28366494451470636,0,0,instant_velocity,dbscan_kmeans_fallback,False
660,76,13.9527844426,2.81618563662,0.011680813580000126,-0.003460567096,0.008772185768000007,-0.032032918317599995,0.009709807313124643,-0.02821702994628097,0.9588065972822161,-0.28405680300074815,-1,-1,instant_velocity,dbscan_kmeans_fallback,False
660,77,14.2878448971,8.26073164748,0.025108487570000015,-0.004606134135000062,0.02504113874199998,-0.005427123845600015,0.0244070227048494,-0.004997897634858154,0.9835859366169185,-0.1804381384870962,5,5,instant_velocity,dbscan_kmeans_fallback,False
660,78,14.4770530307,8.7485522781,0.02931778976999997,-0.007684845550000041,0.026720650318000024,-0.007990330094399986,0.0271908951459,-0.007344355957107161,0.9673203170842655,-0.2535561954870261,5,5,instant_velocity,dbscan_kmeans_fallback,False
660,80,13.3672705076,7.46050533904,0.015427092530000052,0.007159793991000018,0.02897683629200003,0.006295845516400007,0.02599735002693774,0.006183514008032026,0.9070709620958007,0.42097635774173303,5,5,instant_velocity,dbscan_kmeans_fallback,False
660,81,13.7677856113,6.88796047953,0.02986499906000013,0.0046061341340000615,0.03247897571800003,0.006973639347600003,0.03315682781377258,0.0059867816801868114,0.9883140115244786,0.15242950098366456,5,5,instant_velocity,dbscan_kmeans_fallback,False
660,82,12.1579379877,8.827310012,-0.0034937208199998793,-0.02066793865500003,-0.0009513022959999873,-0.022510392309000017,-0.0007973180968130844,-0.022058886822172198,-0.16667593600555572,-0.9860112464932603,6,6,instant_velocity,dbscan_kmeans_fallback,False
660,83,9.97457294048,6.73116099112,-0.03895709179200004,-0.025632062488999983,-0.041225905674399994,-0.021894650025599986,-0.037803031331435366,-0.023849055934943127,-0.8353933026558437,-0.5496522546111581,-1,-1,instant_velocity,dbscan_kmeans_fallback,False
660,84,12.5917065787,9.32109713761,-0.001978372029999953,-0.02835278420599998,0.0010649534559999908,-0.02614756765580001,0.0008072144071031781,-0.02590943153562335,-0.06960772034733954,-0.9975740882667852,6,6,instant_velocity,dbscan_kmeans_fallback,False
660,85,12.1859298473,9.58887343289,0.0,-0.017231237538999977,0.003396906868000009,-0.0215509799142,0.0023088109612554026,-0.0200613184208403,0.0,-0.9999994196589667,6,6,instant_velocity,dbscan_kmeans_fallback,False
660,86,4.27728242292,3.26868461688,0.03399011520499999,-0.006419948612000015,0.0332450687164,-0.008162165150199997,0.032523648295370695,-0.006922614160475564,0.9826259607054564,-0.18559537484645539,-1,-1,instant_velocity,dbscan_kmeans_fallback,False
660,217,5.62720563606,5.25242487209,-0.031043603669999965,0.007947371329999963,-0.03750909183739999,0.00882086619739999,-0.034947613494344464,0.011585311245058762,-0.9687575474419574,0.248008447733842,7,7,instant_velocity,dbscan_kmeans_fallback,False
660,219,6.65469630125,5.09825064148,-0.04579720785400001,0.007780309471000013,-0.04606239389260002,0.021536660326200004,-0.04322552594866842,0.01968451324670019,-0.9858741801397318,0.16748632897901836,7,7,instant_velocity,dbscan_kmeans_fallback,False
660,220,6.30300910307,5.79322797824,-0.022140929531999996,-0.0006205154799999946,-0.026316557307400002,0.005603732097199998,-0.02631834869673693,0.007246820687394019,-0.9996070594191186,-0.02801470703343177,7,7,instant_velocity,dbscan_kmeans_fallback,False
660,221,0.753886022679,8.20918113074,0.0166056971495,-0.00334123719600008,0.0166056971495,-0.00334123719600008,0.0111052967419665,-0.0016328626177260284,0.9803512575793677,-0.1972567641984406,-1,-1,instant_velocity,dbscan_kmeans_fallback,False
660,232,1.28320577339,4.30136557024,0.0353160453955,0.006157422832999959,0.0353160453955,0.006157422832999959,0.0231951282203094,0.004050438656933991,0.9851383942135148,0.1717608405545921,8,8,instant_velocity,dbscan_kmeans_fallback,False
660,233,1.08957787253,3.57225988211,0.033253487320700006,0.006157422833000003,0.033253487320700006,0.006157422833000003,0.016963698300888005,0.003140285644620002,0.9832850514309626,0.18207118455391946,8,8,instant_velocity,dbscan_kmeans_fallback,False
660,300,12.6742089016,10.2432786037,-0.010923139189999986,-0.015608350900000012,-0.008001883467999989,-0.01614772204799998,-0.008054399257078777,-0.016390244880183244,-0.5733666946375054,-0.8192982263256641,6,6,instant_velocity,dbscan_kmeans_fallback,False
660,301,13.1349170266,9.94996570985,-0.011196743830000067,-0.01116927862499999,-0.006120325388000012,-0.018944814900999987,-0.006692107146672342,-0.01682608049028217,-0.7079741183082751,-0.7062374835697017,6,6,instant_velocity,dbscan_kmeans_fallback,False
660,302,14.2912123389,11.1816889362,-0.01147034846999997,0.016634588039999974,-0.01147034846999997,0.016634588039999974,-0.008116201801050002,0.009910064178210002,-0.5676729338344824,0.8232535759913842,4,4,instant_velocity,dbscan_kmeans_fallback,False
660,316,9.46082760789,8.72874351472,0.004819651010999948,-0.002744587697000078,0.006924302106799978,-0.004591814546399995,0.005609336344227028,-0.006388282554633506,0.8689783467845542,-0.4948464679498722,9,9,instant_velocity,dbscan_kmeans_fallback,False
660,317,8.75534856042,9.27742239426,-0.0012206976359999898,-0.011646598225999939,-0.005413162619599987,-0.018677515924800013,-0.004293008746518584,-0.016693119330642776,-0.10424042785384995,-0.9945512683209076,9,9,instant_velocity,dbscan_kmeans_fallback,False
660,410,2.68237782218,0.239614438912,0.00025255813200000257,-0.0012648969385000014,-0.0012712092619999993,-0.00321236090414,-0.0020561144092052113,-0.00328268888134205,0.19580057904459416,-0.9806358283883417,-1,-1,instant_velocity,dbscan_kmeans_fallback,False
660,411,9.0609438996,4.08728772989,0.01631104599600004,0.009236134248999984,0.01413904606460001,0.006906814603599995,0.01291769399441816,0.007338028333553911,0.8701770960109919,0.4927380182198863,-1,-1,instant_velocity,dbscan_kmeans_fallback,False
670,4,6.03719166961,6.84094449899,0.004588139390000023,0.0010978350790000313,0.006326581195400003,-0.0002434329955999992,0.006231653233617865,-6.698199423215302e-05,0.9725446336777452,0.23270731858577176,0,0,instant_velocity,dbscan_kmeans_fallback,False
670,28,3.93338243379,4.7440794987,-0.030391161830000034,0.02651510374799999,-0.017051883181800002,0.023188186139999997,-0.019652774288810907,0.025049974129241155,-0.7535238573280016,0.6574201856910412,1,1,instant_velocity,dbscan_kmeans_fallback,False
670,30,3.75995918346,4.25578154849,-0.02477174340299997,0.02274427891299995,-0.02299120857540001,0.0284721141058,-0.023585719352787828,0.02671441631725347,-0.7366079033184422,0.6763196005237893,1,1,instant_velocity,dbscan_kmeans_fallback,False
670,33,2.04151156337,12.8518302146,-0.039462208055,0.014176392109999903,-0.034890905873600005,0.02251516550599998,-0.034949665469623914,0.02205166550494016,-0.9411150088741342,0.33808588125152655,2,2,instant_velocity,dbscan_kmeans_fallback,False
670,34,1.42106042019,12.3050606134,-0.04365046373600001,0.0150117014000001,-0.0404471847678,0.022591536639999993,-0.038958222228026564,0.022406146305829284,-0.9456407341717816,0.32521249760185256,2,2,instant_velocity,dbscan_kmeans_fallback,False
670,37,7.26020442164,0.799033009441,-0.04377674280199999,-0.0009546391988000003,-0.044163998603799985,-0.005866257876980001,-0.042134561261951586,-0.005837353628838883,-0.9997620839377015,-0.021801806477874882,-1,-1,instant_velocity,dbscan_kmeans_fallback,False
670,38,12.5037321629,6.53927851215,-0.03542127794999992,0.014940103462000032,-0.023643650413999993,0.006510639336199997,-0.024313077214178875,0.008040535125659892,-0.9213941783512346,0.3886286760540774,-1,-1,instant_velocity,dbscan_kmeans_fallback,False
670,39,13.1441774914,6.65311923661,-0.02666592939000001,0.032624794621000056,-0.02091181329399998,0.0171596395994,-0.02080095712539381,0.018581258479771122,-0.6328525278018861,0.7742720474111798,-1,-1,instant_velocity,dbscan_kmeans_fallback,False
670,40,13.2921344635,11.128229141,-0.02778139447000001,0.020047423169999946,-0.02778139447000001,0.020047423169999946,-0.026448392653035002,0.014156187163134007,-0.8109133064502052,0.5851658103824156,3,3,instant_velocity,dbscan_kmeans_fallback,False
670,41,14.2078681555,2.17920263118,-0.015427092530000052,-0.0026013918170000316,-0.015427092530000052,-0.0026013918170000316,-0.015177316752147021,-0.0003446366839137059,-0.9860783748005728,-0.16627735979015948,-1,-1,instant_velocity,dbscan_kmeans_fallback,False
670,74,14.2846879205,13.0286771262,0.0029254650200000397,0.0011217010599999355,0.0029212557219999978,0.001107381471999993,0.003195000472402093,0.0011836806249550076,0.9337140334455329,0.35801078252258683,4,4,instant_velocity,dbscan_kmeans_fallback,False
670,75,6.54735909534,7.20490069355,0.005324767273000042,-0.0015751546779999791,0.005038534724399995,-0.0006109690871999973,0.005284557495030474,-0.0008968687210115354,0.9589215804684541,-0.2836649445636733,0,0,instant_velocity,dbscan_kmeans_fallback,False
670,76,14.0685402529,2.81618563662,0.011575581029999959,0.0,0.010308581070000003,-0.023369567587999997,0.010269539428187239,-0.01975192096239668,0.9999991361132253,0.0,-1,-1,instant_velocity,dbscan_kmeans_fallback,False
670,77,14.539140238,8.21443164634,0.02512953409000005,-0.004630000114000055,0.02507060385799999,-0.005159824869800005,0.024623776120394597,-0.004887528378600724,0.9834466993411914,-0.18119549346816738,5,5,instant_velocity,dbscan_kmeans_fallback,False
670,78,14.7702309284,8.67194248239,0.02931778976999997,-0.0076609795710000485,0.02758776657000002,-0.007885319782400018,0.027828963533129993,-0.007439343041275028,0.9675132107700928,-0.2528191586245334,5,5,instant_velocity,dbscan_kmeans_fallback,False
670,80,13.5316437583,7.55787853733,0.016437325069999887,0.009737319828999969,0.024338185277999996,0.007121608423599994,0.023129342539856382,0.007249655754322409,0.8603672252239829,0.509673612142978,6,6,instant_velocity,dbscan_kmeans_fallback,False
670,81,13.9563623495,6.98700429641,0.01885767382000001,0.009904381688000008,0.029035766524000018,0.006906814603600004,0.028867081615640805,0.0071620616825307706,0.8853181982545639,0.46498467597556836,6,6,instant_velocity,dbscan_kmeans_fallback,False
670,82,12.1227903144,8.62039196565,-0.0035147673300000904,-0.020691804634999932,-0.0016837208780000168,-0.02198534074959998,-0.0016125528667691863,-0.02164876216602052,-0.1674639243372734,-0.9858777211853686,7,7,instant_velocity,dbscan_kmeans_fallback,False
670,83,9.58479155746,6.47484036623,-0.0389781383019999,-0.025632062489000074,-0.040236719658799984,-0.025154742889800002,-0.038155563422604725,-0.02438395790116021,-0.8355295774099986,-0.5494450805640985,-1,-1,instant_velocity,dbscan_kmeans_fallback,False
670,84,12.5971786715,9.11179249326,0.0005472092799999828,-0.02093046443500004,0.00012206976400001679,-0.025713206820799996,0.0007292128689722195,-0.024415741405436356,0.026135210849733703,-0.9996579392652032,7,7,instant_velocity,dbscan_kmeans_fallback,False
670,85,12.1909810099,9.42276621229,0.0005051162599999159,-0.016610722060000072,0.0019531162159999837,-0.019465093264199994,0.0017677025508787566,-0.019026139512588233,0.030394980610628532,-0.9995373638186302,7,7,instant_velocity,dbscan_kmeans_fallback,False
670,86,4.61718357496,3.20448513075,0.03399011520400004,-0.00641994861299997,0.03320297569440001,-0.010787422946999995,0.0329635883679595,-0.006771814496232886,0.9826259606991888,-0.18559537487963948,-1,-1,instant_velocity,dbscan_kmeans_fallback,False
670,217,5.28519983292,5.51113209498,-0.034200580314000015,0.025870722289000003,-0.035459161669599996,0.011484309562200003,-0.03472350354024113,0.015870934558241137,-0.7975273463217454,0.6032824093960488,1,1,instant_velocity,dbscan_kmeans_fallback,False
670,219,6.20956259439,5.15314239541,-0.04451337068599992,0.005489175392999979,-0.04622234737599999,0.015474701413399999,-0.04361187936986787,0.015425911890590126,-0.9924820901807155,0.12238813155361909,-1,-1,instant_velocity,dbscan_kmeans_fallback,False
670,220,6.07696957533,5.78439756565,-0.022603952774000024,-0.0008830412590000059,-0.023471069025400002,0.0018472268496000056,-0.025204029919915858,0.004807862103475812,-0.9992373626222931,-0.03903599638310916,-1,-1,instant_velocity,dbscan_kmeans_fallback,False
670,221,0.914891831542,8.160017212,0.01610058088630001,-0.0049163918739999705,0.01610058088630001,-0.0049163918739999705,0.012603881985266553,-0.002617921394608211,0.9564046080573421,-0.2920428695408268,-1,-1,instant_velocity,dbscan_kmeans_fallback,False
670,232,1.5086139058,4.3333459834,0.02254081324100001,0.003198041316000033,0.02254081324100001,0.003198041316000033,0.022998833726516586,0.0037947194546538035,0.9900843492847219,0.14047100348527955,8,8,instant_velocity,dbscan_kmeans_fallback,False
670,233,1.41327321114,3.63049287324,0.032369533860999986,0.0058232991130000135,0.032369533860999986,0.0058232991130000135,0.0215854489689216,0.003945189685134006,0.98420007392875,0.17705820053309787,8,8,instant_velocity,dbscan_kmeans_fallback,False
670,300,12.5479298359,10.1000827239,-0.012627906570000036,-0.014319587980000038,-0.009946581079999994,-0.015722907604000014,-0.009426451450955154,-0.015769047810128282,-0.661414412500051,-0.7500199513302616,7,7,instant_velocity,dbscan_kmeans_fallback,False
670,301,13.0231600534,9.83803426379,-0.011175697320000033,-0.011193144605999983,-0.007416790464000016,-0.017173959188199993,-0.00803718419867065,-0.015136199724997513,-0.7065545892549736,-0.7076576488350901,7,7,instant_velocity,dbscan_kmeans_fallback,False
670,302,14.1752460635,11.3544786312,-0.011596627539999993,0.017278969499999873,-0.010712674080000007,0.013202660119999977,-0.009160329522735,0.012120735774746963,-0.5572694146613438,0.8303311618833064,3,3,instant_velocity,dbscan_kmeans_fallback,False
670,303,14.7209820928,11.1678466678,0.0,0.0,0.0,0.0,0.0,0.0,0.0,0.0,4,4,instant_velocity,dbscan_kmeans_fallback,False
670,316,9.5092345831,8.70129763775,0.004840697520999982,-0.0027445876969999007,0.006389720728199997,-0.004114494947199994,0.005378744697258914,-0.005295174097343424,0.8699029888089134,-0.49321921692293136,9,9,instant_velocity,dbscan_kmeans_fallback,False
670,317,8.75534856042,9.20009661915,0.0,-0.007732577510999939,-0.0030054417654000075,-0.016300464320999984,-0.003005106122563009,-0.014004956784749925,0.0,-0.9999987067718296,9,9,instant_velocity,dbscan_kmeans_fallback,False
670,410,2.6851138686,0.226965469527,0.00027360464199999157,-0.0012648969384999986,-9.260464820000536e-05,-0.0017135773619599997,-0.0013571986938436503,-0.0026773512984894347,0.21141487865236133,-0.9773885077605109,-1,-1,instant_velocity,dbscan_kmeans_fallback,False
670,411,9.22384389445,4.17964907238,0.016289999485000095,0.009236134249000027,0.0146904646518,0.0075082372990000045,0.01392938564159274,0.007907460108187745,0.8699040875793942,0.4932198398186208,-1,-1,instant_velocity,dbscan_kmeans_fallback,False
680,4,6.08328352862,6.85168418997,0.004609185900999968,0.0010739690980000383,0.0050890463508000035,0.0007016598110000061,0.005744913033832496,0.00027530333343750446,0.9739095967447439,0.22692701783250138,0,0,instant_velocity,dbscan_kmeans_fallback,False
680,28,3.62926035038,5.00923053619,-0.03041220834099998,0.026515103748999992,-0.020688720276199994,0.024061681007199996,-0.02288060450446763,0.02548951301516881,-0.7537492605374851,0.6571617430668403,1,1,instant_velocity,dbscan_kmeans_fallback,False
680,30,3.45436384428,4.44050423347,-0.030559533917999992,0.018472268497999968,-0.024510766666999997,0.024214423278999996,-0.02567786372235148,0.024241771971477418,-0.8558010401658129,0.5173045713730298,1,1,instant_velocity,dbscan_kmeans_fallback,False
680,33,1.64688948282,12.9935941356,-0.03946220805499998,0.014176392100000079,-0.03826255693,0.019512825223999997,-0.03630342824523673,0.019689083483458138,-0.9411150089500134,0.3380858810403046,2,2,instant_velocity,dbscan_kmeans_fallback,False
680,34,0.977610434211,12.459234844,-0.04434499859789999,0.01541742305999989,-0.04254341725978,0.019698979867999997,-0.04057425513898859,0.020309529332080464,-0.9445423493609018,0.3283889831687324,2,2,instant_velocity,dbscan_kmeans_fallback,False
680,37,6.82243699362,0.789486617452,-0.04377674280199999,-0.000954639198899998,-0.0453131381024,-0.003121670180260001,-0.042627215723966105,-0.004372539299857217,-0.9997620839376518,-0.02180180648015752,-1,-1,instant_velocity,dbscan_kmeans_fallback,False
680,38,12.1318403141,6.69846459856,-0.03718918488000007,0.01591860864100001,-0.02648913869800001,0.009474794048600011,-0.028175909513925235,0.010403957180261929,-0.9193202593677495,0.3935095504738527,-1,-1,instant_velocity,dbscan_kmeans_fallback,False
680,39,12.8777286627,6.97912852302,-0.026644882870000153,0.03260092864099997,-0.022111464416000003,0.021445969602199993,-0.022554134848775713,0.022787159528139776,-0.6328306056876202,0.7742899647380876,-1,-1,instant_velocity,dbscan_kmeans_fallback,False
680,40,13.0427333086,11.3301353316,-0.024940115489999925,0.020190619059999904,-0.03505927796199998,0.018491361281999977,-0.025995909504124476,0.015966516732193778,-0.7772293610676695,0.6292168918727201,3,3,instant_velocity,dbscan_kmeans_fallback,False
680,41,14.0845356012,2.14626757882,-0.012333255429999922,-0.003293505236000005,-0.020612952838,0.00022911340759999455,-0.014324098355502891,-0.0012292972495395959,-0.9661436860625443,-0.25800157199657986,-1,-1,instant_velocity,dbscan_kmeans_fallback,False
680,75,6.60060676808,7.18914914677,0.005324767273999953,-0.0015751546779999791,0.0051942789055999935,-0.0011455670385999994,0.005296620428721317,-0.0011003545081080686,0.958921580482944,-0.28366494451469165,0,0,instant_velocity,dbscan_kmeans_fallback,False
680,76,14.5968076781,2.75771398569,0.05282674251999993,-0.005847165093000007,0.020095208667999992,-0.015875649876999996,0.02303670035573105,-0.015580494201577675,0.9939298677098608,-0.11001382538707444,-1,-1,instant_velocity,dbscan_kmeans_fallback,False
680,77,14.8889332502,8.08722597309,0.034979301219999925,-0.012720567324999977,0.02706581309799997,-0.006510639336200014,0.027730433650276196,-0.0072374400625205,0.939786082871778,-0.34176246298005625,-1,-1,instant_velocity,dbscan_kmeans_fallback,False
680,80,13.7351635193,7.75787544949,0.02035197610000008,0.019999691216000048,0.02048667377200001,0.009995072411999999,0.02229613260789949,0.011074666392825701,0.713252651960161,0.7009065226937012,4,4,instant_velocity,dbscan_kmeans_fallback,False
680,81,14.1171576932,7.09941306208,0.01607953436999985,0.011240876566999968,0.025032720138,0.0071120620315999975,0.025030817441948516,0.00838570614787153,0.819585687051485,0.5729557418910317,4,4,instant_velocity,dbscan_kmeans_fallback,False
680,82,12.1196333378,8.46168319884,-0.0003156976599999695,-0.015870876681000113,-0.0017468604100000108,-0.02051996957940002,-0.0012234963047384213,-0.019915396520514397,-0.01988768666478776,-0.9998015903166577,5,5,instant_velocity,dbscan_kmeans_fallback,False
680,83,9.18932761647,6.20921200914,-0.039546394099,-0.026562835708999977,-0.03988313827459997,-0.0255175057854,-0.038572812625523305,-0.025037621243512137,-0.8301213031692948,-0.5575824622448832,-1,-1,instant_velocity,dbscan_kmeans_fallback,False
680,84,12.613384485,8.93446826207,0.0016205813499999167,-0.017732423118999918,-0.0006061395160000061,-0.024634464526600012,0.0009966234132805286,-0.022410745919505422,0.09101151901368809,-0.9958492758501177,5,5,instant_velocity,dbscan_kmeans_fallback,False
680,85,12.2156054278,9.28243425005,0.002462441790000014,-0.014033196223999945,0.0009007906700000134,-0.016863701446999998,0.001976124322615134,-0.017528256526011747,0.17283187302222636,-0.9849506281658463,5,5,instant_velocity,dbscan_kmeans_fallback,False
680,86,5.03011612005,3.18276708898,0.04129325450899994,-0.002171804177000025,0.03487827796719999,-0.009441381676600002,0.035462488210271634,-0.005391811400463027,0.9986195228533015,-0.052522042080598824,-1,-1,instant_velocity,dbscan_kmeans_fallback,False
680,217,4.94319402977,5.76960065807,-0.03420058031500002,0.02584685630900001,-0.033497626848,0.014701443662199996,-0.0345666265726688,0.0188637110834688,-0.7977951250414672,0.6029282477386374,1,1,instant_velocity,dbscan_kmeans_fallback,False
680,219,5.76926958505,5.20063569556,-0.04402930093400004,0.00474933001500002,-0.04628548690899999,0.009264773425000001,-0.04373710583910752,0.012222937327913094,-0.9942323592950923,0.10724534538857781,-1,-1,instant_velocity,dbscan_kmeans_fallback,False
680,220,5.85093004759,5.77556715307,-0.022603952773999937,-0.0008830412580000058,-0.021888371400999987,-0.00047731959940000123,-0.02442400677614108,0.0031005910950330662,-0.9992373626240174,-0.039035996338970355,-1,-1,instant_velocity,dbscan_kmeans_fallback,False
680,221,1.07589764041,8.11085329326,0.016100580886799998,-0.0049163918739999705,0.01662253435832,-0.0033412371960000087,0.013652891655726586,-0.003307462538425739,0.9564046080598753,-0.2920428695325312,-1,-1,instant_velocity,dbscan_kmeans_fallback,False
680,232,1.67909064459,4.35267742717,0.01704767387899999,0.0019331443769999624,0.02909890605678,0.004725464034199991,0.021213485772261606,0.003236246931357651,0.9936314003503892,0.11267419637608816,6,6,instant_velocity,dbscan_kmeans_fallback,False
680,233,1.65614994764,3.65793875021,0.024287673649999997,0.0027445876969999896,0.024287673649999997,0.0027445876969999896,0.02239611637324512,0.003585009088693801,0.9936752249808772,0.11228859694828008,6,6,instant_velocity,dbscan_kmeans_fallback,False
680,300,12.4216507701,9.95688684405,-0.012627906580000037,-0.014319587984999948,-0.011306185690000027,-0.015317185944999992,-0.010386887989668619,-0.015334209862589782,-0.6614144126647763,-0.7500199511849969,5,5,instant_velocity,dbscan_kmeans_fallback,False
680,301,12.9038263363,9.72109096193,-0.011933371709999996,-0.011694330185999923,-0.008961604365999989,-0.015059433361399997,-0.009206040452069453,-0.014103638863298235,-0.7142236041183481,-0.699916742406984,5,5,instant_velocity,dbscan_kmeans_fallback,False
680,302,14.059069323,11.5272683262,-0.011617674050000026,0.017278969500000053,-0.011003115930000007,0.014515289019999997,-0.009897532880914509,0.013668205892322892,-0.557966120713212,0.8298631499165633,3,3,instant_velocity,dbscan_kmeans_fallback,False
680,303,14.6056472127,11.1523337808,-0.01153348801000007,-0.0015512886999999864,-0.01153348801000007,-0.0015512886999999864,-0.0034600464030000214,-0.00046538660999999597,-0.9910745311926945,-0.1333024944200728,7,7,instant_velocity,dbscan_kmeans_fallback,False
680,304,14.9021925521,11.6690322472,0.0,0.0,0.0,0.0,0.0,0.0,0.0,0.0,7,7,instant_velocity,dbscan_kmeans_fallback,False
680,316,9.5574310932,8.67385176079,0.004819651010000037,-0.002744587695999989,0.005850930047399992,-0.003641948543599973,0.0052110165910812505,-0.004529998176940393,0.8689783468179448,-0.49484646789123526,8,8,instant_velocity,dbscan_kmeans_fallback,False
680,317,8.75534856042,9.12253218425,0.0,-0.007756443490000109,-0.0018731394758000164,-0.013742031267399995,-0.002103574285794106,-0.01213040279632498,0.0,-0.9999987107509878,8,8,instant_velocity,dbscan_kmeans_fallback,False
680,410,2.68763944992,0.214316500143,0.00025255813200000257,-0.0012648969384000009,0.00025676743380000035,-0.0012648969384799996,-0.0008742716460905544,-0.0022536149904626044,0.1958005790594802,-0.9806358283853688,-1,-1,instant_velocity,dbscan_kmeans_fallback,False
680,411,9.3867438893,4.27201041487,0.016289999484999918,0.009236134249000027,0.015241883239200006,0.008104886798200006,0.014637569794614894,0.00830606235043143,0.8699040875793919,0.4932198398186248,-1,-1,instant_velocity,dbscan_kmeans_fallback,False
690,4,6.12916492251,6.86266254076,0.004588139389000023,0.0010978350789999426,0.004592348692000012,0.0010882886865999986,0.005397880940382754,0.0005220628571062359,0.9725446336662702,0.2327073186337266,0,0,instant_velocity,dbscan_kmeans_fallback,False
690,28,3.25063361817,5.12569651845,-0.03786267322099999,0.011646598226000027,-0.026228161961400005,0.022109443845599996,-0.02737522511942734,0.021336638578418173,-0.9558032799238878,0.2940060972290893,1,1,instant_velocity,dbscan_kmeans_fallback,False
690,30,3.14876850511,4.62546557825,-0.030559533916999993,0.018496134478000047,-0.026110301500000002,0.021780093322000003,-0.027142364780746032,0.022518080723434208,-0.8555051164499378,0.5177938159479797,1,1,instant_velocity,dbscan_kmeans_fallback,False
690,33,1.25226740227,13.1353580566,-0.039462208055,0.014176392099999902,-0.0391254638794,0.017193051970000005,-0.037251062188165714,0.018035276068420668,-0.9411150089500149,0.33808588104030074,2,2,instant_velocity,dbscan_kmeans_fallback,False
690,34,0.518586030117,12.6217621676,-0.0459024404094,0.016252732360000088,-0.04361678931886,0.017646505589999997,-0.042172710720112014,0.01909249024045635,-0.9426553468309098,0.33376711397306064,2,2,instant_velocity,dbscan_kmeans_fallback,False
690,37,6.39813933262,0.957264456651,-0.042429766100000064,0.0167777839199,-0.044584928823,0.0013555876623800001,-0.04256798083677629,0.001972557666069949,-0.929936345669304,0.3677199405278125,-1,-1,instant_velocity,dbscan_kmeans_fallback,False
690,38,11.7601589305,6.85741202517,-0.03716813836000003,0.015894742661000015,-0.029747138596000013,0.01182320647780001,-0.030873578167747676,0.012051192824483355,-0.9194531653266066,0.39319890897296744,3,3,instant_velocity,dbscan_kmeans_fallback,False
690,39,12.5740275095,7.2476207977,-0.03037011531999987,0.026849227467999982,-0.024536022479999992,0.024429217098800003,-0.02489892899014296,0.02400577991009784,-0.7492001015852843,0.6623433508421751,3,3,instant_velocity,dbscan_kmeans_fallback,False
690,40,12.9069833129,11.5380080171,-0.013574999570000124,0.020787268549999995,-0.02880846420600001,0.019326670579999997,-0.022269636523887172,0.017412742277535642,-0.5467785302963768,0.8372767960717503,4,4,instant_velocity,dbscan_kmeans_fallback,False
690,41,13.9609925819,2.11333252646,-0.012354301930000134,-0.003293505236000005,-0.015431301838000025,-0.002601391817000005,-0.013733159427852065,-0.0018485596454777186,-0.9662531717337933,-0.25759123408495377,5,5,instant_velocity,dbscan_kmeans_fallback,False
690,42,14.4844193095,0.997359303003,0.0,0.0,0.0,0.0,0.0,0.0,0.0,0.0,5,5,instant_velocity,dbscan_kmeans_fallback,False
690,75,6.6536439757,7.17339759999,0.005303720762000008,-0.0015751546779999791,0.0053163486691999925,-0.001575154677999997,0.005298750528704924,-0.0012427945590756419,0.958614920667367,-0.28469952406023363,0,0,instant_velocity,dbscan_kmeans_fallback,False
690,77,15.2496704481,7.95071256765,0.03607371979000007,-0.013651340543999968,0.029284115351999988,-0.008047608446399988,0.03023341949219336,-0.00916161020696434,0.9352703533186166,-0.35393339439862576,-1,-1,instant_velocity,dbscan_kmeans_fallback,False
690,80,13.9388937454,7.95811102144,0.020373022609999937,0.02002355719499995,0.017603301770000003,0.012816031244600002,0.021719199608529624,0.013759333633477977,0.7131969313702797,0.7009632208223076,6,6,instant_velocity,dbscan_kmeans_fallback,False
690,81,14.2781635021,7.21182182774,0.01610058089000006,0.01124087656599997,0.022157766742000005,0.008324453813999995,0.022351746476363978,0.009242257273310062,0.8199373865301057,0.572452324348,6,6,instant_velocity,dbscan_kmeans_fallback,False
690,82,12.164251941,8.37481103174,0.004461860319999999,-0.008687216709999923,-0.0008544883460000108,-0.017622639611000003,0.00048211068268310515,-0.016546942577360054,0.4568736689471686,-0.8895304394550873,7,7,instant_velocity,dbscan_kmeans_fallback,False
690,83,8.79028576862,5.93761715707,-0.03990418478500004,-0.027159485206999977,-0.039601115027600005,-0.0259995985808,-0.03897222427336632,-0.025674180432558487,-0.8266889016273146,-0.5626589069670199,-1,-1,instant_velocity,dbscan_kmeans_fallback,False
690,84,12.6295902984,8.75690537109,0.0016205813400000935,-0.01775628909800009,-3.367441799998261e-05,-0.022620175816800023,0.0011838107912963982,-0.021014408873053822,0.09089020244496693,-0.9958603563758757,7,7,instant_velocity,dbscan_kmeans_fallback,False
690,85,12.2404403107,9.14210228782,0.0024834882900000464,-0.014033196223000033,0.0010902092679999952,-0.015827917917,0.002128333512830608,-0.01647973843510823,0.1742643925174011,-0.9846981863073503,7,7,instant_velocity,dbscan_kmeans_fallback,False
690,86,5.4510463393,3.1655835834,0.042093021925000064,-0.0017183505579999813,0.0368819058108,-0.005923536228800002,0.03745164832469017,-0.0042897731477241135,0.9991675566538281,-0.0407887115249348,-1,-1,instant_velocity,dbscan_kmeans_fallback,False
690,217,4.59319055247,6.02759190156,-0.03500034772999996,0.025799124349000023,-0.0330303943046,0.018286113854000002,-0.03469674291986814,0.020944335063128167,-0.8049524600697023,0.593338922589377,1,1,instant_velocity,dbscan_kmeans_fallback,False
690,219,5.37296378363,5.17963363318,-0.03963058014199996,-0.002100206238000002,-0.04455546370779999,0.005785113544999998,-0.04250514812997525,0.007925994258139165,-0.9985984860528974,-0.05292031461944212,1,1,instant_velocity,dbscan_kmeans_fallback,False
690,220,5.46619982719,5.86601921716,-0.03847302204000007,0.009045206408999995,-0.025373673616600013,0.0013317216823999977,-0.02863871135529878,0.004883975689223145,-0.9734579142307166,0.2288649889664719,1,1,instant_velocity,dbscan_kmeans_fallback,False
690,221,1.23690344927,8.06741720971,0.016100580885999992,-0.004343608355000051,0.016412069248619997,-0.0038567423634000165,0.014387198424808607,-0.0036183062833980324,0.9654820320985511,-0.2604673614522963,-1,-1,instant_velocity,dbscan_kmeans_fallback,False
690,232,1.8497778485,4.37200887095,0.017068720391000002,0.0019331443780000513,0.02545365035814,0.003880608343400009,0.019970056157883123,0.002845316165350371,0.9936469462475911,0.11253702467750791,8,8,instant_velocity,dbscan_kmeans_fallback,False
690,233,1.89902668415,3.68538462718,0.02428767365100002,0.0027445876969999896,0.029494580462900002,0.0047254640344,0.02296358355657159,0.003332882671185658,0.993675224981393,0.112288596943715,8,8,instant_velocity,dbscan_kmeans_fallback,False
690,300,12.2722205423,9.81965745921,-0.014943022779999992,-0.013722938484000125,-0.012261697286000022,-0.014830319953800028,-0.011753728426768032,-0.014850828449012886,-0.7365355587453573,-0.6763980964727675,7,7,instant_velocity,dbscan_kmeans_fallback,False
690,301,12.7158809934,9.55927961772,-0.018794534289999908,-0.01618113442100011,-0.01187865078599998,-0.013837495187600019,-0.012082588603448591,-0.014726887530608797,-0.7578292609572836,-0.6524523007862749,7,7,instant_velocity,dbscan_kmeans_fallback,False
690,302,13.8875402586,11.7659281259,-0.01715290643999996,0.023865979970000062,-0.012400604259999995,0.017150093208,-0.012074144948640144,0.016727538115626044,-0.5836186495911087,0.8120274572697964,4,4,instant_velocity,dbscan_kmeans_fallback,False
690,303,14.4901018675,11.1370595536,-0.011554534519999927,-0.0015274227199999046,-0.011554534519999927,-0.0015274227199999046,-0.005888392838099993,-0.0007839974429999686,-0.9913745933112417,-0.13105227867321007,9,9,instant_velocity,dbscan_kmeans_fallback,False
690,304,14.684992559,11.6766693608,-0.021719999310000127,0.0007637113599999523,-0.021719999310000127,0.0007637113599999523,-0.006515999793000039,0.0002291134079999857,-0.9993819414014952,0.03513993397208465,9,9,instant_velocity,dbscan_kmeans_fallback,False
690,316,9.60583806842,8.64664454362,0.0048406975220000705,-0.0027207217169999964,0.005312139367000022,-0.00316462894419999,0.005099920870356897,-0.003987215238958274,0.871740948970325,-0.4899633824841399,7,7,instant_velocity,dbscan_kmeans_fallback,False
690,317,8.75534856042,9.04520640914,0.0,-0.007732577510999939,-0.0010607441526000016,-0.011131093058600001,-0.001472502000055874,-0.010811055210727468,0.0,-0.9999987067718296,7,7,instant_velocity,dbscan_kmeans_fallback,False
690,410,2.69016503123,0.201428870958,0.00025255813100000246,-0.0012887629185,0.00025676743360000034,-0.00126967013448,-0.0005362227129633872,-0.001964159368873823,0.19230998622804255,-0.9813264697779399,-1,-1,instant_velocity,dbscan_kmeans_fallback,False
690,411,9.49744853696,4.49181609041,0.011070464766000043,0.021980567553999998,0.01475360418480001,0.01125042295860001,0.01356743828603044,0.012408413911502,0.4498178620874683,0.8931198566274732,-1,-1,instant_velocity,dbscan_kmeans_fallback,False
700,4,6.17504631641,6.87340223175,0.004588139389999935,0.0010739690990000383,0.004592348691999994,0.0010835154908,0.005154958475267908,0.0006876347296743766,0.9736790844512627,0.22791401048591936,0,0,instant_velocity,dbscan_kmeans_fallback,False
700,28,2.86358828156,5.22593363433,-0.03870453366100004,0.010023711587999973,-0.03193597573460001,0.01983740255219999,-0.03077401768189915,0.017942760481292713,-0.9680622272838654,0.2507090422667458,1,1,instant_velocity,dbscan_kmeans_fallback,False
700,30,2.83033479424,4.77892382946,-0.03184337108699999,0.015345825121,-0.028012906091199996,0.019932866472,-0.02855266667262222,0.020366404042703942,-0.9008484132760299,0.4341331253181302,1,1,instant_velocity,dbscan_kmeans_fallback,False
700,33,0.857645321724,13.2768833179,-0.039462208054600004,0.014152526129999999,-0.03936539410432,0.015030794185999986,-0.037914405948096,0.016870451086894465,-0.941296005290236,0.3375816247408844,2,2,instant_velocity,dbscan_kmeans_fallback,False
700,34,0.0593511609144,12.7845281511,-0.04592348692026,0.016276598349999994,-0.044694370680112006,0.015598804510000015,-0.043297943580156414,0.018247722673319443,-0.9425493054743842,0.3340664548603738,2,2,instant_velocity,dbscan_kmeans_fallback,False
700,37,5.97720911336,1.1694330186,-0.04209302192599997,0.02121685619489999,-0.04361678931880002,0.006515412532259999,-0.042425493163543396,0.007745847224718962,-0.8929768224818473,0.4501021775363067,-1,-1,instant_velocity,dbscan_kmeans_fallback,False
700,38,11.463403126,6.92113419169,-0.029675580450000006,0.006372216651999984,-0.031788650158,0.0118613920458,-0.030514178852423374,0.010347499972738343,-0.9777131482400814,0.2099436610714981,3,3,instant_velocity,dbscan_kmeans_fallback,False
700,39,12.1840356613,7.38079296594,-0.03899918482000011,0.013317216823999977,-0.028690603744,0.024706062466399992,-0.029129005739100107,0.020799210984268478,-0.9463464948125462,0.32315294589408833,3,3,instant_velocity,dbscan_kmeans_fallback,False
700,40,12.7712333172,11.7458807027,-0.013574999569999946,0.020787268559999995,-0.022553441147999998,0.020166753076,-0.019661245437721006,0.018425100162274947,-0.5467785301119754,0.8372767961921727,4,4,instant_velocity,dbscan_kmeans_fallback,False
700,41,13.9155321182,2.11213922746,-0.004546046369999957,-0.0001193298999999648,-0.012636325182000014,-0.0022434021173999954,-0.010977025510496431,-0.0013297907218343924,-0.9996534705247515,-0.02624006421481739,-1,-1,instant_velocity,dbscan_kmeans_fallback,False
700,42,13.945839094,1.13077013104,-0.05385802154999997,0.0133410828037,-0.05385802154999997,0.0133410828037,-0.016157406464999993,0.00400232484111,-0.9706634546409887,0.24044146350360945,-1,-1,instant_velocity,dbscan_kmeans_fallback,False
700,43,14.8864076689,9.90223374991,0.0,0.0,0.0,0.0,0.0,0.0,0.0,0.0,5,5,instant_velocity,dbscan_kmeans_fallback,False
700,75,6.70689164844,7.15764605321,0.005324767274000042,-0.001575154678000068,0.0053205579713999996,-0.0015751546780000147,0.005306555552293459,-0.0013425025947529697,0.9589215804829408,-0.28366494451470203,0,0,instant_velocity,dbscan_kmeans_fallback,False
700,80,14.1367309484,8.16884762459,0.019783720300000064,0.021073660315000086,0.018474627322000003,0.015598804509200015,0.021138555815970756,0.01595363163793461,0.6844408958097992,0.7290678762775485,6,6,instant_velocity,dbscan_kmeans_fallback,False
700,81,14.4528495431,7.37792904834,0.01746860409999993,0.016610722060000072,0.019674278447999995,0.010720598203000016,0.020886803763454767,0.011452796709317065,0.7246769731288312,0.6890881329164248,6,6,instant_velocity,dbscan_kmeans_fallback,False
700,82,12.2088705443,8.28793886465,0.00446186033,-0.008687216709000013,0.0003199069680000122,-0.014921010678000002,0.001676035576878174,-0.014189024816852042,0.45687366979899846,-0.8895304390175777,7,7,instant_velocity,dbscan_kmeans_fallback,False
700,83,8.39103345566,5.666022305,-0.03992523129599999,-0.027159485206999977,-0.039462208054799996,-0.026429186220199997,-0.039258126380156425,-0.026119771864890937,-0.8268268637186842,-0.5624561522870282,-1,-1,instant_velocity,dbscan_kmeans_fallback,False
700,84,12.6457961118,8.5795811399,0.0016205813399999159,-0.017732423118999918,0.0006861162559999911,-0.02050087679539999,0.0013148419559074534,-0.02002981314683765,0.09101151845674185,-0.9958492759010175,7,7,instant_velocity,dbscan_kmeans_fallback,False
700,85,12.2650647285,9.00177032559,0.002462441780000013,-0.014033196223000033,0.0015826976239999978,-0.015188309653800011,0.0022285659929814293,-0.015745775771475772,0.1728318723532669,-0.9849506282832303,7,7,instant_velocity,dbscan_kmeans_fallback,False
700,86,5.87260795388,3.15317327381,0.04215616145799998,-0.0012410309590000334,0.038704533660200005,-0.003594216583800005,0.038863002264683116,-0.0033751504911068895,0.999566720071042,-0.02942614323247105,-1,-1,instant_velocity,dbscan_kmeans_fallback,False
700,217,4.2396091683,6.28534448525,-0.035358138416999994,0.025775258368999944,-0.03396065008919999,0.022247866529199987,-0.034895161569007696,0.0223936120548897,-0.8080804253670406,0.5890717859951764,-1,-1,instant_velocity,dbscan_kmeans_fallback,False
700,219,4.97686844731,5.15863157081,-0.03960953363200002,-0.002100206237000002,-0.04271599864959999,0.0027636804808000015,-0.04163646378058268,0.004918134109597415,-0.9985969995379578,-0.05294835496333031,1,1,instant_velocity,dbscan_kmeans_fallback,False
700,220,5.08168007191,5.95670994105,-0.03845197552799995,0.009069072388999988,-0.028854766529599996,0.003145536160199995,-0.03158269060710913,0.006139504699156199,-0.9732951782436784,0.22955607107699857,1,1,instant_velocity,dbscan_kmeans_fallback,False
700,221,1.40001390923,8.0750543233,0.016311045995999994,0.0007637113590000411,0.016243697160919997,-0.003350783588000006,0.014964352696166024,-0.0023037009906786104,0.9989050501421858,0.046770460554349184,-1,-1,instant_velocity,dbscan_kmeans_fallback,False
700,232,2.02046505241,4.39134031473,0.017068720391000002,0.0019331443779999624,0.0218083946595,0.003030979456399994,0.019099655427818184,0.0025716646291452485,0.9936469462475914,0.11253702467750279,8,8,instant_velocity,dbscan_kmeans_fallback,False
700,233,2.21346155793,3.70423875135,0.031443487378,0.0018854124170000208,0.02912837117214,0.0038710619514000033,0.02550755470300011,0.002898641594929967,0.9982067993497024,0.05985441346256568,8,8,instant_velocity,dbscan_kmeans_fallback,False
700,300,12.0684903161,9.69650900256,-0.020373022619999938,-0.012314845665000008,-0.014298999547999998,-0.014057062202800025,-0.014339516684737603,-0.014090033613809023,-0.8558009204310353,-0.5173044987800236,7,7,instant_velocity,dbscan_kmeans_fallback,False
700,301,12.5279356505,9.39722961372,-0.018794534290000088,-0.016205000399999926,-0.014378976288000018,-0.013288577647599987,-0.01409617230941404,-0.015170321391426135,-0.7573535420195916,-0.6530044459733609,7,7,instant_velocity,dbscan_kmeans_fallback,False
700,302,13.7160111943,12.0045879256,-0.01715290642999996,0.023865979969999885,-0.01379809258599998,0.019784897395999968,-0.013597773393048088,0.018869070671938198,-0.5836186493667578,0.8120274574310414,4,4,instant_velocity,dbscan_kmeans_fallback,False
700,303,14.3747669874,11.1215466666,-0.01153348801000007,-0.0015512886999999864,-0.01153348801000007,-0.0015512886999999864,-0.007581921389670017,-0.001014184820099974,-0.9910745311926945,-0.1333024944200728,5,5,instant_velocity,dbscan_kmeans_fallback,False
700,304,14.4677925659,11.6843064744,-0.02171999930999995,0.0007637113599999523,-0.02171999930999995,0.0007637113599999523,-0.011077199648100012,0.00038949279359997574,-0.9993819414014952,0.03513993397208493,5,5,instant_velocity,dbscan_kmeans_fallback,False
700,316,9.65403457852,8.61919866665,0.004819651009999859,-0.002744587697000078,0.004828069614799979,-0.0027398145008000084,0.0050158399122497855,-0.003614426976370815,0.8689783467403995,-0.4948464680274098,7,7,instant_velocity,dbscan_kmeans_fallback,False
700,317,8.74377297939,9.01895383117,-0.0011575581029999783,-0.0026252577970000248,-0.0004756511477999936,-0.00749869090699999,-0.0013780188309391052,-0.008355315986609236,-0.40345094272309917,-0.9149974678125046,7,7,instant_velocity,dbscan_kmeans_fallback,False
700,410,2.69269061255,0.188779901573,0.00025255813200000257,-0.0012648969384999986,0.00025676743380000035,-0.00126967013448,-0.0002995884594743702,-0.0017543806397616758,0.19580057904459458,-0.9806358283883416,-1,-1,instant_velocity,dbscan_kmeans_fallback,False
700,411,9.60836364973,4.71162176594,0.011091511276999987,0.021980567552999996,0.014210604201800016,0.014333907570800006,0.012824660183321304,0.0152800600039514,0.4504996043096148,0.8927761725005968,-1,-1,instant_velocity,dbscan_kmeans_fallback,False
710,4,6.22092771031,6.88414192273,0.004588139390000023,0.0010739690979999494,0.004592348691999994,0.0010835154906,0.004984912749687542,0.0008035350401720485,0.973679084498362,0.22791401028470434,0,0,instant_velocity,dbscan_kmeans_fallback,False
710,28,2.47675341007,5.32593209041,-0.03868348714899996,0.009999845608000069,-0.0352108128404,0.01694007258380001,-0.03314685852202939,0.015559886019304919,-0.9681739924134858,0.25027708615111693,1,1,instant_velocity,dbscan_kmeans_fallback,False
710,30,2.46054759663,4.80780166523,-0.036978719761,0.002887783577000036,-0.03094258041719999,0.0155892581174,-0.031080482599135553,0.01512281790299277,-0.9969643401113042,0.07785605523489454,1,1,instant_velocity,dbscan_kmeans_fallback,False
710,33,0.463023241176,13.4186472389,-0.039462208054799996,0.014176392100000079,-0.039462208054879995,0.014171618907999992,-0.038378746580107204,0.01606223339082615,-0.9411150089494683,0.33808588104182213,-1,-1,instant_velocity,dbscan_kmeans_fallback,False
710,37,5.5625928474,1.38947735393,-0.041461626595999945,0.022004433533000013,-0.04270758004519999,0.011617959050020001,-0.04213633319328036,0.012023423117203278,-0.8833101346181177,0.46878863040324725,-1,-1,instant_velocity,dbscan_kmeans_fallback,False
710,38,11.1748554607,6.97411666723,-0.028854766529999944,0.0052982475539999465,-0.033661789633999996,0.011684783793999998,-0.030016355155696346,0.008832724247116824,-0.9835565654398317,0.18059845196266736,2,2,instant_velocity,dbscan_kmeans_fallback,False
710,39,11.7940438132,7.51420379398,-0.038999184809999934,0.01334108280400006,-0.032335859442000014,0.023746650071600008,-0.03209005946037005,0.018561772530187953,-0.9461692802688272,0.3236714504717255,2,2,instant_velocity,dbscan_kmeans_fallback,False
710,40,12.6449542514,11.9403884395,-0.012627906580000037,0.019450773680000033,-0.018499883136000008,0.020252670603999975,-0.017551243780404714,0.01873280221759247,-0.5445304098100077,0.8387405858598058,3,3,instant_velocity,dbscan_kmeans_fallback,False
710,41,13.9218460715,2.13194799084,0.0006313953299999398,0.001980876337999993,-0.008805860186000025,-0.0014653711702000028,-0.0074944992583475195,-0.00033659060388407664,0.3036898043073103,0.9527659120384319,-1,-1,instant_velocity,dbscan_kmeans_fallback,False
710,42,13.4072588785,1.26418095908,-0.05385802154999997,0.013341082803999992,-0.05385802154999997,0.013341082803999992,-0.027467590990499988,0.006803952229976998,-0.9706634546397268,0.24044146350870355,-1,-1,instant_velocity,dbscan_kmeans_fallback,False
710,43,14.6102774451,9.92442911128,-0.027613022380000095,0.0022195361370000556,-0.027613022380000095,0.0022195361370000556,-0.00828390671400003,0.0006658608411000168,-0.9967847340633591,0.08012160739296834,4,4,instant_velocity,dbscan_kmeans_fallback,False
710,75,6.76013932117,7.14189450642,0.005324767272999953,-0.0015751546789999793,0.0053205579712,-0.001575154678199997,0.005312019068505407,-0.0014122982200270725,0.9589215804194666,-0.28366494472927384,0,0,instant_velocity,dbscan_kmeans_fallback,False
710,80,14.2819518741,8.47313886923,0.014522092570000034,0.03042912446399999,0.01829362733,0.02025267060380001,0.01915361684217954,0.020296279485754222,0.4307077502848609,0.902491130520829,5,5,instant_velocity,dbscan_kmeans_fallback,False
710,81,14.6483716299,7.62518060084,0.01955220868000005,0.024725155249999985,0.01761172037199998,0.0147444024262,0.020486425238418354,0.01543450427152194,0.6202761038464504,0.7843831465013066,5,5,instant_velocity,dbscan_kmeans_fallback,False
710,82,12.2589612404,8.19390690356,0.005009069609999983,-0.009403196108999978,0.0020204650539999845,-0.012668062168799992,0.002675945786814717,-0.012753276204496422,0.47015160481655527,-0.8825846085718786,6,6,instant_velocity,dbscan_kmeans_fallback,False
710,83,8.02419276958,5.36912951415,-0.03668406860799998,-0.02968927908500003,-0.039007603417999984,-0.027240629539400006,-0.03848590904850949,-0.027190624030923663,-0.7773208433987794,-0.6291040316400768,-1,-1,instant_velocity,dbscan_kmeans_fallback,False
710,84,12.6841007618,8.50416464319,0.0038304650000000606,-0.007541649670999994,0.001847883661999994,-0.016338649888399993,0.0020695288691352357,-0.016283364104086352,0.4528447918180363,-0.8915880383265479,6,6,instant_velocity,dbscan_kmeans_fallback,False
710,85,12.2941089137,8.85905176536,0.0029044185200000072,-0.014271856022999962,0.0021635813279999995,-0.014596433350600008,0.0024313217510870027,-0.015303599846933028,0.19941899931170398,-0.9799136132857881,6,6,instant_velocity,dbscan_kmeans_fallback,False
710,86,6.29985212642,3.18205110958,0.042724417254,0.002887783577000036,0.04045139407000001,-0.0017326701459999948,0.040021426761478185,-0.0014962702706748116,0.9977232964752971,0.06743705672619683,-1,-1,instant_velocity,dbscan_kmeans_fallback,False
710,217,3.88455452836,6.500138305,-0.03550546399400005,0.021479381975000055,-0.03485302215400001,0.024954268658200007,-0.0350782522965054,0.022119343030922806,-0.8556147924265128,0.5176126399332537,-1,-1,instant_velocity,dbscan_kmeans_fallback,False
710,219,4.580773111,5.13739084863,-0.03960953363100002,-0.002124072217999995,-0.04147846380499999,0.0007828041429999999,-0.041028384735707885,0.002805472211318191,-0.9985650067281026,-0.05354832521931391,1,1,instant_velocity,dbscan_kmeans_fallback,False
710,220,4.69084636333,6.03904757195,-0.039083370857999976,0.008233763090000058,-0.03224325479479999,0.004916391874200006,-0.03383289468237638,0.0067677822164093565,-0.9785208371059293,0.2061467210858449,1,1,instant_velocity,dbscan_kmeans_fallback,False
710,221,1.56291390408,8.0829300967,0.016289999485000005,0.0007875773400000341,0.01618055762802,-0.002525020680799983,0.015362046732816218,-0.001376317491475017,0.9988327022139071,0.04829085497756078,-1,-1,instant_velocity,dbscan_kmeans_fallback,False
710,222,12.9044577316,12.8859585659,0.0,0.0,0.0,0.0,0.0,0.0,0.0,0.0,-1,-1,instant_velocity,dbscan_kmeans_fallback,False
710,232,2.0530871444,4.39706814992,0.003262209198999999,0.0005727835190000085,0.015397627420200002,0.0019140515936000035,0.014348421559172729,0.0019720002961016764,0.9849300891019722,0.1729354826716065,-1,-1,instant_velocity,dbscan_kmeans_fallback,False
710,233,2.59924410388,3.71402380314,0.03857825459499997,0.0009785051789999778,0.030193324626999994,0.002835278420599998,0.02942876467060007,0.00232260067015097,0.9996782256685209,0.025356002530942313,-1,-1,instant_velocity,dbscan_kmeans_fallback,False
710,300,11.86476009,9.57336054591,-0.020373022609999937,-0.012314845664999829,-0.016188976231999986,-0.013398361155799988,-0.016149568462316303,-0.013557477229166264,-0.8558009203186271,-0.5173044989659854,7,7,instant_velocity,dbscan_kmeans_fallback,False
710,301,12.325468215,9.25474971329,-0.02024674354999991,-0.014247990043000059,-0.016188976231999986,-0.013904319931199999,-0.015941343681589802,-0.014893621986898312,-0.8178007353504136,-0.5755007814296572,7,7,instant_velocity,dbscan_kmeans_fallback,False
710,302,13.5707902687,12.2117446317,-0.014522092560000033,0.020715670610000105,-0.014408441403999994,0.020601113909999996,-0.013875069143133672,0.01942305065335677,-0.5740223493912344,0.8188391489474971,3,3,instant_velocity,dbscan_kmeans_fallback,False
710,303,14.1573565292,11.0976806867,-0.02174104581999998,-0.0023865979900000054,-0.02174104581999998,-0.0023865979900000054,-0.011829658718769006,-0.0014259087710699835,-0.9940283105132423,-0.10911830035754956,4,4,instant_velocity,dbscan_kmeans_fallback,False
710,304,14.2505925727,11.691943588,-0.02171999931999995,0.00076371136000013,-0.02171999931999995,0.00076371136000013,-0.014270039549669995,0.0005017583635200221,-0.9993819414020633,0.035139933955934476,4,4,instant_velocity,dbscan_kmeans_fallback,False
710,316,9.70244155374,8.59175278968,0.0048406975220000705,-0.002744587697000078,0.0048322789170000035,-0.0027398145008000084,0.004963297195174871,-0.003353475192559594,0.8699029888526202,-0.493219216845845,6,6,instant_velocity,dbscan_kmeans_fallback,False
710,317,8.73219739836,8.992939913,-0.0011575581029999783,-0.0026013918169999427,-0.00046302324119999126,-0.0056896496251999905,-0.001311880612557367,-0.006629138735726447,-0.4065428827774922,-0.9136278565854028,6,6,instant_velocity,dbscan_kmeans_fallback,False
710,410,2.69542665897,0.176130932189,0.00027360464199999157,-0.0012648969384000009,0.00026097673579999814,-0.0012696701344599999,-0.00012763052903206167,-0.0016075355293531733,0.21141487866832778,-0.9773885077570567,-1,-1,instant_velocity,dbscan_kmeans_fallback,False
710,411,9.7190682974,4.93142744148,0.011070464766999955,0.021980567553999998,0.013162487956,0.01688279423180001,0.0122984015584249,0.01729021226896598,0.44981786211987634,0.8931198566111509,-1,-1,instant_velocity,dbscan_kmeans_fallback,False
720,4,6.26680910421,6.89512027352,0.004588139390000023,0.0010978350790000313,0.004592348691999994,0.0010835154906,0.004865880741781287,0.0008918250518204433,0.9725446336777452,0.23270731858577176,0,0,instant_velocity,dbscan_kmeans_fallback,False
720,28,2.04908830731,5.35361662717,-0.04276651027600002,0.0027684536759999823,-0.0376858825296,0.012190742569400009,-0.03603275404822058,0.011722456316313436,-0.9979110743116396,0.06459892481686828,1,1,instant_velocity,dbscan_kmeans_fallback,False
720,30,2.09054993391,4.83691816079,-0.03699976627199999,0.00291164955599994,-0.03338818499099999,0.011622732245999998,-0.03285626770099488,0.01145946739889492,-0.996917687224184,0.07845116966512884,1,1,instant_velocity,dbscan_kmeans_fallback,False
720,33,0.0684011606283,13.5604111599,-0.03946220805477001,0.014176392099999902,-0.039462208054834,0.014171618905999992,-0.03870378502250604,0.015496481003578276,-0.9411150089493879,0.33808588104204595,-1,-1,instant_velocity,dbscan_kmeans_fallback,False
720,37,5.20585448659,1.67992633018,-0.035673836081000054,0.029044897625,-0.04108699870100001,0.01761786641478,-0.04019758405959627,0.017129865469542295,-0.775476108549758,0.6313765677545743,-1,-1,instant_velocity,dbscan_kmeans_fallback,False
720,38,10.887570586,7.01826873017,-0.028728487469999918,0.004415206294000029,-0.03232323153799999,0.009579804360399997,-0.02962999484998742,0.007507468861181785,-0.9883949290903499,0.15190383818272898,2,2,instant_velocity,dbscan_kmeans_fallback,False
720,39,11.4040519651,7.64761462202,-0.038999184809999934,0.013341082803999971,-0.034802510526,0.019889907708199994,-0.034162797065259015,0.016995565612331558,-0.9461692802688277,0.3236714504717236,2,2,instant_velocity,dbscan_kmeans_fallback,False
720,40,12.6055972759,12.0150889568,-0.00393569755000005,0.007470051730000015,-0.013730743752000016,0.017737196315999987,-0.013466579911283314,0.015353977071314735,-0.4661252902383867,0.8847173814822167,3,3,instant_velocity,dbscan_kmeans_fallback,False
720,41,13.9283704899,2.15199541402,0.0006524418400001508,0.0020047423179999856,-0.005589953311999985,-0.0005441443431999992,-0.005050416928843218,0.00036580927268114213,0.3094709439302478,0.9509039112026065,4,4,instant_velocity,dbscan_kmeans_fallback,False
720,42,12.8743612209,1.42265106609,-0.05328976576000013,0.01584701070100001,-0.05328976576000013,0.01584701070100001,-0.03521424342135003,0.009516869771283902,-0.9585160011843401,0.28503809523684304,-1,-1,instant_velocity,dbscan_kmeans_fallback,False
720,43,14.3339367562,9.94686313246,-0.027634068889999953,0.0022434021180000483,-0.027634068889999953,0.0022434021180000483,-0.014088955366800007,0.0011391232241700264,-0.9967205428698085,0.08091624095709816,5,5,instant_velocity,dbscan_kmeans_fallback,False
720,44,14.7247704647,4.17344391759,0.0,0.0,0.0,0.0,0.0,0.0,0.0,0.0,4,4,instant_velocity,dbscan_kmeans_fallback,False
720,45,15.2429355646,5.14908517882,0.0,0.0,0.0,0.0,0.0,0.0,0.0,0.0,4,4,instant_velocity,dbscan_kmeans_fallback,False
720,75,6.81338699391,7.12614295964,0.005324767274000042,-0.0015751546779999791,0.0053205579713999996,-0.001575154678199997,0.005315843530153797,-0.0014611551574189446,0.9589215804829453,-0.2836649445146873,0,0,instant_velocity,dbscan_kmeans_fallback,False
720,80,14.4269623346,8.77766877366,0.014501046049999999,0.030452990442999983,0.017906371526000022,0.024395804726600013,0.017757845604525677,0.023343292772927952,0.4299243182550658,0.9028646009323446,6,6,instant_velocity,dbscan_kmeans_fallback,False
720,81,14.8438937168,7.87243215335,0.01955220869000005,0.024725155250999987,0.017750627345999987,0.017708557138799996,0.020206160273892864,0.018221699565365353,0.6202761040262004,0.7843831463591637,6,6,instant_velocity,dbscan_kmeans_fallback,False
720,82,12.3583007721,8.03495947695,0.00993395317000001,-0.015894742661000015,0.0047102091540000045,-0.011708649774000008,0.004853348001770305,-0.013695716141447501,0.5299886442219917,-0.8480041096429732,7,7,instant_velocity,dbscan_kmeans_fallback,False
720,83,7.67103231563,5.06101971272,-0.035316045395000106,-0.030810980142999968,-0.03827518483660002,-0.028276413070199985,-0.037534949952456674,-0.028276730864546556,-0.7535333168768817,-0.657409395749318,-1,-1,instant_velocity,dbscan_kmeans_fallback,False
720,84,12.7282984348,8.45404608525,0.004419767299999933,-0.005011855793999942,0.0026223952659999838,-0.013154928160199973,0.002774600398394645,-0.01290191161106043,0.6614137690978563,-0.7500192218003155,7,7,instant_velocity,dbscan_kmeans_fallback,False
720,85,12.3242054243,8.71585588554,0.0030096510599999958,-0.014319587982000037,0.0026644882880000153,-0.014138206535000001,0.0026048205437609008,-0.015008396287453131,0.20568318754971593,-0.978617933381412,7,7,instant_velocity,dbscan_kmeans_fallback,False
720,86,6.72730676407,3.21116760514,0.04274546376499995,0.0029116495559999844,0.04220246378219999,0.00013364948779999607,0.040838637862534714,-0.0001738943226723726,0.9976879149075469,0.06795849941966615,-1,-1,instant_velocity,dbscan_kmeans_fallback,False
720,87,0.468495334026,6.93569243947,0.0,0.0,0.0,0.0,0.0,0.0,0.0,0.0,8,8,instant_velocity,dbscan_kmeans_fallback,False
720,217,3.52381733046,6.54261974934,-0.03607371978999998,0.004248144433999989,-0.035227650049200004,0.020629753087200005,-0.03537689254455377,0.01675798345184596,-0.9931369789004003,0.11695465157670958,1,1,instant_velocity,dbscan_kmeans_fallback,False
720,219,4.14048010166,5.18679342717,-0.04402930093400004,0.004940257853999963,-0.041381649854600015,0.0006730206351999967,-0.04192865959519553,0.0034459079041227227,-0.9937637427315096,0.11150413544855066,1,1,instant_velocity,dbscan_kmeans_fallback,False
720,220,4.24571265648,6.04811664434,-0.04451337068500001,0.0009069072389999988,-0.03662513837699999,0.0052743815738000065,-0.03703703748316347,0.005009519723186549,-0.9997922938363316,0.02036958457253219,1,1,instant_velocity,dbscan_kmeans_fallback,False
720,221,1.72581389893,8.09056721029,0.016289999485000005,0.0007637113590000411,0.01621844134776,-0.0013890000341999808,0.015640432558471355,-0.0007343088363324995,0.9989022244365543,0.04683075503072091,8,8,instant_velocity,dbscan_kmeans_fallback,False
720,222,12.8743612209,12.664243612,-0.0030096510700001744,-0.02217149538999994,-0.0030096510700001744,-0.02217149538999994,-0.0009028953210000524,-0.006651448616999983,-0.13451048138451982,-0.9909117198504281,-1,-1,instant_velocity,dbscan_kmeans_fallback,False
720,223,10.4552752509,12.8546941322,0.0,0.0,0.0,0.0,0.0,0.0,0.0,0.0,3,3,instant_velocity,dbscan_kmeans_fallback,False
720,232,2.08570923639,4.40279598511,0.003262209198999999,0.0005727835190000085,0.011541906611799999,0.0013890000341999986,0.011022557851120909,0.001552235262971176,0.9849300891019722,0.1729354826716065,-1,-1,instant_velocity,dbscan_kmeans_fallback,False
720,233,2.98481618471,3.72643411273,0.038557208083000026,0.001241030958999989,0.0314308594714,0.0019188247897999932,0.03216729769432006,0.001998129756805676,0.9994821498197285,0.03217007539093679,-1,-1,instant_velocity,dbscan_kmeans_fallback,False
720,300,11.6528217246,9.45880384204,-0.02119383654,-0.011455670387000082,-0.017902162225999982,-0.012825577637199999,-0.01766284888562141,-0.01292693517651641,-0.879714091601819,-0.4755021418217297,9,9,instant_velocity,dbscan_kmeans_fallback,False
720,301,12.0886949667,9.1578538346,-0.023677324830000047,-0.009689587869000071,-0.01868930173399999,-0.013603608583800018,-0.018262138026112876,-0.01333241175152884,-0.9254998832953856,-0.3787468603960497,9,9,instant_velocity,dbscan_kmeans_fallback,False
720,302,13.4866042248,12.3453941196,-0.008418604389999907,0.013364948789999965,-0.013772836773999977,0.019818309768000014,-0.012238129717193541,0.017605620094349725,-0.532977794773395,0.846128479658089,3,3,instant_velocity,dbscan_kmeans_fallback,False
720,303,13.9397356058,11.0738147067,-0.021762092340000018,-0.0023865980000000063,-0.015624929740000014,-0.001880639221999978,-0.01480938880513831,-0.0017141155397489903,-0.994039752094016,-0.1090140252694139,5,5,instant_velocity,dbscan_kmeans_fallback,False
720,304,13.9614135121,11.6542353396,-0.028917906060000043,-0.003770824840000131,-0.028917906060000043,-0.003770824840000131,-0.018664399502769012,-0.000780016597536024,-0.9916048023482797,-0.12930286212287073,5,5,instant_velocity,dbscan_kmeans_fallback,False
720,316,9.6033124871,8.56096567552,-0.009912906663999976,-0.003078711415999891,0.001881558080000012,-0.0028066392446000066,0.0005004360374224167,-0.003271046059591683,-0.9550006858250459,-0.2966003427042155,10,10,instant_velocity,dbscan_kmeans_fallback,False
720,317,8.72083228244,8.96668733503,-0.0011365115920000334,-0.0026252577970000248,-0.000690325559599998,-0.004668185682400008,-0.0012592699063901668,-0.005427974454108521,-0.39728225778509957,-0.9176926590116784,10,10,instant_velocity,dbscan_kmeans_fallback,False
720,410,2.69795224029,0.163481962804,0.00025255813200000257,-0.0012648969385000014,0.00025676743380000035,-0.0012696701344600003,-1.357393072244238e-05,-0.0015047439520972216,0.19580057904459416,-0.9806358283883417,-1,-1,instant_velocity,dbscan_kmeans_fallback,False
720,411,9.82872061951,5.14311868382,0.010965232210999964,0.02116912423399997,0.012097534501199974,0.019269392228799996,0.011898450754197418,0.01845388585847618,0.4599417030149842,0.887948642050126,-1,-1,instant_velocity,dbscan_kmeans_fallback,False
730,4,6.31290096322,6.90585996451,0.004609185900999968,0.0010739690990000383,0.004592348691999994,0.0010835154908,0.004788872289546891,0.0009464682659743218,0.9739095966980458,0.22692701803291795,0,0,instant_velocity,dbscan_kmeans_fallback,False
730,28,1.61132087929,5.36316301916,-0.04377674280199999,0.0009546391989999847,-0.040358789421800004,0.007078649659400007,-0.038355950674354405,0.0084921111811194,-0.999762083937602,0.021801806482439907,1,1,instant_velocity,dbscan_kmeans_fallback,False
730,30,1.7207627363,4.86579599656,-0.03697871976100002,0.002887783577000036,-0.0346720221596,0.008505835261800012,-0.03409300331899642,0.008887962252326454,-0.9969643401113042,0.0778560552348945,1,1,instant_velocity,dbscan_kmeans_fallback,False
730,37,4.84890566066,1.97061396623,-0.035694882593,0.029068763604999992,-0.03947062665920001,0.02362254697556,-0.038846773619617386,0.020711534910179602,-0.7754045195334793,0.6314644856399544,-1,-1,instant_velocity,dbscan_kmeans_fallback,False
730,38,10.6044950136,7.02638316336,-0.028307557240000135,0.0008114433190000269,-0.030546906010000006,0.006558371296000001,-0.029233263566991234,0.005498661198527257,-0.9995890516549147,0.028653474082348956,2,2,instant_velocity,dbscan_kmeans_fallback,False
730,39,10.9932240711,7.62112338425,-0.041082789400000055,-0.0026491237770000175,-0.03769009183199998,0.012839897224599994,-0.03623879476568133,0.011102158795532084,-0.9979272177672948,-0.06434891006458318,2,2,instant_velocity,dbscan_kmeans_fallback,False
730,40,12.5660298353,12.0895508143,-0.003956744059999906,0.007446185750000112,-0.009534069466000012,0.01518830965400003,-0.01061362915589829,0.012981639674920348,-0.46924326167396047,0.8830676018909095,3,3,instant_velocity,dbscan_kmeans_fallback,False
730,41,13.9346844432,2.17180417739,0.0006313953299999398,0.0019808763369999925,-0.002997023160000012,0.0005107319714000003,-0.0033458732511902705,0.0008503293919767973,0.3036898044464809,0.9527659119940696,-1,-1,instant_velocity,dbscan_kmeans_fallback,False
730,42,12.3923961199,1.80760932303,-0.04819651009999983,0.03849582569400001,-0.04819651009999983,0.03849582569400001,-0.03910892342494497,0.018210556548098736,-0.781353872032613,0.6240879765088958,-1,-1,instant_velocity,dbscan_kmeans_fallback,False
730,43,14.0578065323,9.96929715363,-0.02761302238999992,0.0022434021169999594,-0.02761302238999992,0.0022434021169999594,-0.018146175473759983,0.0014704068920190065,-0.9967155666817159,0.08097751056582482,4,4,instant_velocity,dbscan_kmeans_fallback,False
730,44,14.2072367602,4.87963826494,-0.05175337044999999,0.07061943473499994,-0.05175337044999999,0.07061943473499994,-0.015526011134999998,0.021185830420499988,-0.591109438728702,0.8065912242348272,-1,-1,instant_velocity,dbscan_kmeans_fallback,False
730,45,14.9668053408,5.28321198626,-0.027613022379999918,0.013412680744000038,-0.027613022379999918,0.013412680744000038,-0.008283906713999976,0.004023804223200012,-0.8994996554426362,0.43692072319213293,-1,-1,instant_velocity,dbscan_kmeans_fallback,False
730,75,6.88031489877,7.10776615507,0.0066927904859999995,-0.0018376804569999905,0.005594162613800009,-0.0016276598339999993,0.005728927616907659,-0.0015741127472932584,0.9643084316492659,-0.26477606957352573,0,0,instant_velocity,dbscan_kmeans_fallback,False
730,80,14.5532414004,9.08386929669,0.012627906579999858,0.030620052303000023,0.016361557621999978,0.026519876944000008,0.01621886389716793,0.025526320631949574,0.3812568858570176,0.9244688113475827,5,5,instant_velocity,dbscan_kmeans_fallback,False
730,81,14.9733297592,8.12779813904,0.012943604240000007,0.025536598568999924,0.01712344132000002,0.020567701539199987,0.018027393463725006,0.020416169266455723,0.45210529347198986,0.8919641837190552,5,5,instant_velocity,dbscan_kmeans_fallback,False
730,82,12.457850769,7.87577339054,0.009954999690000044,-0.01591860864100001,0.006764348624000007,-0.011718196165999988,0.006383843508239227,-0.014362583891313254,0.5302234374632622,-0.8478573235659614,6,6,instant_velocity,dbscan_kmeans_fallback,False
730,83,7.31808232679,4.75314857109,-0.035294998883999985,-0.030787114163000062,-0.03742490579360002,-0.029121268761000005,-0.03686296463191967,-0.02902984585408261,-0.7535915321337746,-0.6573426622940096,-1,-1,instant_velocity,dbscan_kmeans_fallback,False
730,84,12.7722856427,8.40416618711,0.004398720790000077,-0.0049879898140000375,0.0031780231540000157,-0.010606041499199996,0.0032618365158762746,-0.010527735071942313,0.6614137644446689,-0.7500192163570744,6,6,instant_velocity,dbscan_kmeans_fallback,False
730,85,12.354301935,8.57266000571,0.0030096510699999966,-0.014319587982999949,0.002773930144000012,-0.014195484886800003,0.0027262697016326295,-0.014801753796117176,0.20568318819046102,-0.9786179332467422,6,6,instant_velocity,dbscan_kmeans_fallback,False
730,86,7.15455093661,3.24004544091,0.042724417254,0.0028877835769999917,0.0424886963312,0.0011455670385999994,0.0414043716799743,0.0007446090472293368,0.9977232964752972,0.06743705672619581,-1,-1,instant_velocity,dbscan_kmeans_fallback,False
730,87,0.773880208093,7.01277955478,0.030538487406699993,0.0077087115309999454,0.030538487406699993,0.0077087115309999454,0.009161546222009999,0.002312613459299984,0.9695861785888027,0.2447488657721096,-1,-1,instant_velocity,dbscan_kmeans_fallback,False
730,217,3.16308013256,6.58533985349,-0.03607371978999998,0.004272010414999983,-0.03560227794419999,0.0163147839084,-0.03558594071818763,0.013012191540792166,-0.9930604558437887,0.1176026380086626,1,1,instant_velocity,dbscan_kmeans_fallback,False
730,219,3.68124523246,5.26650580028,-0.04592348691999999,0.007971237311000046,-0.0417604870518,0.001317402094400002,-0.04312710779263687,0.0048035067261859195,-0.985267467865824,0.17101926112118046,1,1,instant_velocity,dbscan_kmeans_fallback,False
730,220,3.80057894962,6.05742437653,-0.04451337068600001,0.0009307732189999917,-0.0410070219594,0.005637144469200006,-0.03927993744401443,0.0037858957719305816,-0.9997812336980699,0.020905395004777987,1,1,instant_velocity,dbscan_kmeans_fallback,False
730,221,1.75296389807,8.0829300967,0.002714999913999994,-0.0007637113590000411,0.0135413251532,-0.0005584639311999951,0.011762802765129947,-0.000743129593132762,0.962636655602175,-0.2707832676834454,-1,-1,instant_velocity,dbscan_kmeans_fallback,False
730,222,12.8444751753,12.4427673179,-0.0029886045599999632,-0.022147629410000036,-0.0029886045599999632,-0.022147629410000036,-0.001528608092700026,-0.0113003028549,-0.13372807087880415,-0.9910176124264525,7,7,instant_velocity,dbscan_kmeans_fallback,False
730,223,10.5200985046,12.6986106232,0.006482325370000019,-0.015608350900000012,0.006482325370000019,-0.015608350900000012,0.001944697611000006,-0.004682505270000004,0.38354839959519155,-0.923520136110532,7,7,instant_velocity,dbscan_kmeans_fallback,False
730,232,2.11812086327,4.40828516051,0.00324116268800001,0.0005489175400000157,0.008780604373600003,0.0011121546668000093,0.00868813930218464,0.0012512399460798279,0.9859572050936692,0.16697995616482494,-1,-1,instant_velocity,dbscan_kmeans_fallback,False
730,233,3.36744175401,3.75889184549,0.038262556930000004,0.0032457732760000193,0.0342258361274,0.002019061905599999,0.03399587546502404,0.0023724228125639787,0.9964210659224494,0.08452537224136158,-1,-1,instant_velocity,dbscan_kmeans_fallback,False
730,300,11.4072089417,9.37933012874,-0.024561278290000033,-0.007947371330000053,-0.020288836567999978,-0.01155113430620002,-0.019732377706935,-0.011433066022561502,-0.9514319486054298,-0.30785787700111056,8,8,instant_velocity,dbscan_kmeans_fallback,False
730,301,11.8519217183,9.06095795592,-0.02367732484000005,-0.009689587867999982,-0.02103809236,-0.013202660120200028,-0.01988669407027903,-0.012239564586470183,-0.92549988336516,-0.3787468602255505,8,8,instant_velocity,dbscan_kmeans_fallback,False
730,302,13.402418181,12.4790436074,-0.008418604380000083,0.013364948779999964,-0.013133022839999987,0.019035505623999995,-0.011092272116035504,0.016333418700044795,-0.5329777946056539,0.8461284797637485,3,3,instant_velocity,dbscan_kmeans_fallback,False
730,303,13.7223251476,11.0499487267,-0.02174104581999998,-0.0023865980000000063,-0.017666441301999996,-0.0020477010819999818,-0.01688888590959681,-0.001915860277824295,-0.9940283104636499,-0.10911830080931839,4,4,instant_velocity,dbscan_kmeans_fallback,False
730,304,13.6415065455,11.5969569877,-0.03199069665999996,-0.005727835189999908,-0.025213720132000007,-0.0014415051900000008,-0.0226622886499383,-0.0022643621752751896,-0.9843461736476107,-0.1762441347396575,4,4,instant_velocity,dbscan_kmeans_fallback,False
730,316,9.50397295536,8.53041722116,-0.00993395317400001,-0.0030548454359999866,-0.0010691627567999973,-0.002868690792600006,-0.0026298807260043116,-0.003206185872514174,-0.9558255553567204,-0.293931256192735,9,9,instant_velocity,dbscan_kmeans_fallback,False
730,317,8.70925670141,8.94067341687,-0.0011575581029999783,-0.0026013918160000316,-0.0009218371801999936,-0.0036371753475999925,-0.0012287563653731104,-0.004579999662675974,-0.40654288290792956,-0.91362785652736,9,9,instant_velocity,dbscan_kmeans_fallback,False
730,410,2.70047782161,0.150832993419,0.00025255813200000257,-0.0012648969384999986,0.00025676743380000035,-0.00126967013448,6.626568809429112e-05,-0.0014327898480180545,0.19580057904459458,-0.9806358283883416,-1,-1,instant_velocity,dbscan_kmeans_fallback,False
730,411,9.93395317432,5.32211353361,0.010523255480999971,0.017899484978999958,0.010944185700399985,0.021002062374799985,0.011485892172238185,0.018287565594633313,0.5068104336468188,0.8620569709288912,-1,-1,instant_velocity,dbscan_kmeans_fallback,False
740,4,6.35878235712,6.9168383153,0.004588139390000023,0.0010978350789999426,0.004592348692199995,0.0010835154908,0.004728652419682831,0.000991878309882008,0.9725446336777495,0.23270731858575397,0,0,instant_velocity,dbscan_kmeans_fallback,False
740,28,1.2025976364,5.36483363776,-0.040872324289000006,0.00016706186000003953,-0.0409607196354,0.00478274238620001,-0.03911086275874809,0.005994596384783592,-0.9999914019929306,0.0040873727273187475,1,1,instant_velocity,dbscan_kmeans_fallback,False
740,30,1.31519647005,4.86293207896,-0.040556626624999995,-0.0002863917600000043,-0.0366714407012,0.004749330014200002,-0.036032090310797495,0.006135656048628517,-0.9999748217861316,-0.0070613503389970605,1,1,instant_velocity,dbscan_kmeans_fallback,False
740,37,4.65443589937,2.23433304492,-0.01944697612899997,0.02637190786900001,-0.03487406866499999,0.025541371765380003,-0.03302683437243216,0.022409646797825727,-0.5934963814312176,0.8048362782915505,-1,-1,instant_velocity,dbscan_kmeans_fallback,False
740,38,10.3214194411,7.03473625635,-0.02830755724999996,0.00083530929900002,-0.028774789787999994,0.0035464846236000014,-0.02895555167189385,0.004099655628669086,-0.999564559809526,0.029495500596744703,2,2,instant_velocity,dbscan_kmeans_fallback,False
740,39,10.5800810609,7.5769713213,-0.04131430102000007,-0.004415206294999941,-0.039878928972000016,0.00658701047200001,-0.03776144664197695,0.006446949268372476,-0.9943377525952795,-0.10626359871100065,2,2,instant_velocity,dbscan_kmeans_fallback,False
740,40,12.5266728598,12.1642513316,-0.00393569755000005,0.0074700517299998385,-0.007606209061999998,0.012524866289999999,-0.008610249674128819,0.011328163291444194,-0.46612529023839544,0.8847173814822122,3,3,instant_velocity,dbscan_kmeans_fallback,False
740,41,13.9409983965,2.19161294077,0.0006313953299999398,0.001980876337999993,-0.0003998837079999973,0.0015656082862,-0.0021526926768332074,0.001189493475783756,0.3036898043073103,0.9527659120384319,-1,-1,instant_velocity,dbscan_kmeans_fallback,False
740,42,11.9102205537,2.19256757997,-0.048217556620000046,0.03849582569399999,-0.05148397511599999,0.02390416553934,-0.041841513383461496,0.024296137291869115,-0.7814867125927325,0.6239216247981432,-1,-1,instant_velocity,dbscan_kmeans_fallback,False
740,43,13.8570228177,9.86906003775,-0.02007837146,-0.010023711588000061,-0.02007837146,-0.010023711588000061,-0.018725834269631987,-0.0019778286519867147,-0.8947024365857447,-0.4466616826610109,4,4,instant_velocity,dbscan_kmeans_fallback,False
740,44,13.6899135207,5.58559395249,-0.05173232395000014,0.07059556875500003,-0.05173232395000014,0.07059556875500003,-0.02638790497950004,0.03600875192085,-0.5910830022874733,0.8066105974328079,-1,-1,instant_velocity,dbscan_kmeans_fallback,False
740,45,14.6904646519,5.4175774535,-0.02763406889000013,0.013436546723999942,-0.02763406889000013,0.013436546723999942,-0.014088955366800025,0.006847626973439992,-0.8993250891763634,0.4372799253300105,-1,-1,instant_velocity,dbscan_kmeans_fallback,False
740,75,7.07225907875,7.06576203032,0.019194417998000014,-0.0042004124750000035,0.00837230206100001,-0.0021527113934000043,0.009768574731235366,-0.002362002665605282,0.9768821611855081,-0.21377611016265882,0,0,instant_velocity,dbscan_kmeans_fallback,False
740,80,14.6041739569,9.39651363432,0.005093255650000117,0.03126443376299992,0.013305604230000014,0.0287680522576,0.012881181423017586,0.02724775457126468,0.16078923769290418,0.9869884445429198,5,5,instant_velocity,dbscan_kmeans_fallback,False
740,81,15.0587785937,8.38889195993,0.00854488344999993,0.026109382089000023,0.015612301831999994,0.0235414026438,0.015182640459607483,0.022124133113219015,0.3110387751166395,0.9503968394109532,5,5,instant_velocity,dbscan_kmeans_fallback,False
740,82,12.5571903007,7.71658730413,0.00993395317000001,-0.01591860864100001,0.00785876719400001,-0.013164474552200005,0.007448876406767462,-0.01482939131621928,0.5294168876281543,-0.8483611808780915,6,6,instant_velocity,dbscan_kmeans_fallback,False
740,83,7.03311256836,4.37320216995,-0.028496975842999994,-0.03799464011399998,-0.035143464005200006,-0.0312882997424,-0.034353167995243766,-0.03171928413205782,-0.6000132918267512,-0.7999897677624551,-1,-1,instant_velocity,dbscan_kmeans_fallback,False
740,84,12.8162728506,8.35428628897,0.004398720790000077,-0.0049879898140000375,0.0037336510440000126,-0.008052381642399986,0.003602901798113415,-0.00886581149455963,0.6614137644446689,-0.7500192163570744,6,6,instant_velocity,dbscan_kmeans_fallback,False
740,85,12.4104961193,8.40082494991,0.005619418429999889,-0.01718350558000008,0.0034011161719999807,-0.014825546758200012,0.0035942143201428073,-0.015516279331282048,0.31082532991669215,-0.9504664686500219,6,6,instant_velocity,dbscan_kmeans_fallback,False
740,86,7.6200997591,3.26415008068,0.04655488224900006,0.002410463976999999,0.043381068396,0.0019713299455999954,0.04294952485068203,0.0012443655261605356,0.9986620550672382,0.051707550156848935,-1,-1,instant_velocity,dbscan_kmeans_fallback,False
740,87,1.07947554727,7.08962801029,0.0305595339177,0.007684845551000042,0.0305595339177,0.007684845551000042,0.015580942530716999,0.003924283086810002,0.9698055287893794,0.2438782516553913,-1,-1,instant_velocity,dbscan_kmeans_fallback,False
740,217,2.83791153819,6.61397902946,-0.032516859437,0.002863917597000043,-0.0351055802856,0.011727742558000003,-0.03466521633383134,0.009967709357654527,-0.9961435253207953,0.08773519401008577,1,1,instant_velocity,dbscan_kmeans_fallback,False
740,219,3.22201036326,5.34597951358,-0.04592348691999999,0.007947371329999963,-0.04301906840740001,0.003326917607999995,-0.043966021530845806,0.005746666107330133,-0.9853536275653272,0.17052213790442167,1,1,instant_velocity,dbscan_kmeans_fallback,False
740,220,3.37144059109,6.07102798511,-0.042913835853000036,0.0013603608579999538,-0.041895184721999996,0.0041001753589999974,-0.04037010696671011,0.0030582352977513933,-0.9994977062762971,0.031683897052142834,1,1,instant_velocity,dbscan_kmeans_fallback,False
740,221,1.78011389721,8.0750543233,0.002714999913999994,-0.0007875773400000341,0.0108642089588,0.0001527422718000082,0.00904846190979096,-0.0007564639171929435,0.9604042237364341,-0.278597652970364,-1,-1,instant_velocity,dbscan_kmeans_fallback,False
740,222,12.8251123853,12.2313147353,-0.0019362789999998852,-0.021145258259999977,-0.0019362789999998852,-0.021145258259999977,-0.0016509093648899838,-0.014253789476429992,-0.0911888041128867,-0.9958331487289029,7,7,instant_velocity,dbscan_kmeans_fallback,False
740,223,10.5847112933,12.5425271141,0.006461278869999987,-0.015608350910000013,0.006461278869999987,-0.015608350910000013,0.0032996719887000005,-0.007960258962000007,0.3824855457196104,-0.9239608343347274,7,7,instant_velocity,dbscan_kmeans_fallback,False
740,232,2.15074295526,4.4140129957,0.003262209198999999,0.0005727835190000085,0.006019302135200002,0.0008400824950000008,0.007060360271229247,0.001047703017955882,0.9849300891019722,0.1729354826716065,-1,-1,instant_velocity,dbscan_kmeans_fallback,False
740,233,3.75006732331,3.79134957825,0.038262556930000004,0.0032457732760000193,0.0370208127832,0.0021192990214000053,0.03527587990451683,0.0026344279515947908,0.9964210659224494,0.08452537224136158,-1,-1,instant_velocity,dbscan_kmeans_fallback,False
740,300,11.1615961588,9.29985641543,-0.024561278290000033,-0.007947371330999963,-0.02221248766999999,-0.010396020875599987,-0.021181047881854508,-0.01038735761509304,-0.9514319485940845,-0.3078578770361731,4,4,instant_velocity,dbscan_kmeans_fallback,False
740,301,11.6185159118,8.95905022144,-0.023340580650000043,-0.010190773447999924,-0.021947301632000028,-0.012004587925599991,-0.020922860044195333,-0.011624927244929105,-0.9164556229388736,-0.4001353594652619,4,4,instant_velocity,dbscan_kmeans_fallback,False
740,302,13.3651658565,12.505773505,-0.0037252324499998934,0.0026729897600000995,-0.010447488041999974,0.014796907582000004,-0.008882160216224821,0.012235290018031385,-0.8124806516785898,0.582984415411484,3,3,instant_velocity,dbscan_kmeans_fallback,False
740,303,13.5280658514,11.0131951176,-0.019425929620000025,-0.0036753609099999807,-0.019240720322000016,-0.002477288719999997,-0.017649999022717775,-0.0024437104674770007,-0.9825680392032332,-0.1859006098212605,4,4,instant_velocity,dbscan_kmeans_fallback,False
740,304,13.3373844621,11.5306095634,-0.030412208340000114,-0.006634742429999996,-0.026952161938000003,-0.0029211959479999907,-0.024987264556956847,-0.0035754762516926313,-0.9770197861765723,-0.2131471203217202,4,4,instant_velocity,dbscan_kmeans_fallback,False
740,316,9.40484388873,8.49963010699,-0.009912906663000065,-0.0030787114169999797,-0.004019883593800024,-0.0029402887326000025,-0.004814788507103038,-0.003167943535859916,-0.9550006857892807,-0.29660034281937325,4,4,instant_velocity,dbscan_kmeans_fallback,False
740,317,8.69768112038,8.9144208389,-0.0011575581029999783,-0.0026252577970000248,-0.0011533488007999893,-0.0026157114048000096,-0.0012073968866611708,-0.00399357710297319,-0.40345094272309917,-0.9149974678125046,4,4,instant_velocity,dbscan_kmeans_fallback,False
740,410,2.70300340292,0.138184024034,0.00025255813100000246,-0.0012648969384999986,0.00025676743380000035,-0.0012648969384799996,0.00012215342096600452,-0.0013824219751626377,0.1958005782990475,-0.9806358285372014,-1,-1,instant_velocity,dbscan_kmeans_fallback,False
740,411,10.0391857291,5.5011083834,0.01052325547800006,0.017899484979000048,0.010834743842799987,0.020185845859799992,0.011197101163966747,0.018171141409943335,0.5068104335394484,0.862056970992015,-1,-1,instant_velocity,dbscan_kmeans_fallback,False
750,4,6.48590328333,6.89726821172,0.012712092620999992,-0.0019570103579999555,0.006217139338400006,0.00047731959940000123,0.007123684480077979,0.00010721170951741874,0.9883556895087932,-0.15215609100909314,0,0,instant_velocity,dbscan_kmeans_fallback,False
750,28,0.861433693697,5.34836611158,-0.0341163942703,-0.001646752618000047,-0.04004309175726,0.002448649545000006,-0.03761252221221366,0.0037021916839484995,-0.9988368074775774,-0.04821251374446746,1,1,instant_velocity,dbscan_kmeans_fallback,False
750,30,0.905631366719,4.85648826437,-0.04095651033310001,-0.0006443814589999874,-0.03849406855042,0.001551288698200004,-0.03750941631748825,0.004101644796339965,-0.9998760103561125,-0.01573135887633596,1,1,instant_velocity,dbscan_kmeans_fallback,False
750,37,4.50079636934,2.49113098941,-0.01536395300300004,0.025679794449000017,-0.029528254880400003,0.026433959416200005,-0.02772796996160252,0.023390691093178012,-0.5134159161023699,0.8581395159031951,-1,-1,instant_velocity,dbscan_kmeans_fallback,False
750,38,10.0145613113,7.04786254534,-0.030685812980000015,0.001312628898999968,-0.028976836293999993,0.002534567072999998,-0.0294746300643257,0.0032635476097683503,-0.9990860177915595,0.042737312529237625,2,2,instant_velocity,dbscan_kmeans_fallback,False
750,39,10.1669380507,7.54976410414,-0.04131430101999989,-0.0027207217159999964,-0.040341952211999973,0.003379422764000015,-0.03882730295538383,0.0036966479730607335,-0.9978383963016352,-0.06571188491273855,2,2,instant_velocity,dbscan_kmeans_fallback,False
750,40,12.4871054192,12.2387131891,-0.003956744059999906,0.007446185750000112,-0.00568255795999999,0.009856649728000022,-0.007214197989890145,0.01016357002901097,-0.46924326167396047,0.8830676018909095,3,3,instant_velocity,dbscan_kmeans_fallback,False
750,41,13.9475228149,2.21166036394,0.0006524418399999731,0.00200474231700003,0.0006398139339999886,0.001990422729599999,-0.0013111523217832531,0.0014340681281486381,0.3094709440697498,0.9509039111572034,-1,-1,instant_velocity,dbscan_kmeans_fallback,False
750,42,11.4282554527,2.57752583691,-0.04819651010000001,0.03849582569400001,-0.050351672826,0.0289351141174,-0.04374801239842305,0.028556043812508383,-0.7813538720326141,0.6240879765088944,-1,-1,instant_velocity,dbscan_kmeans_fallback,False
750,43,13.68865073,9.71631776593,-0.01683720876999999,-0.015274227181999934,-0.02395513877799999,-0.0037183196795999864,-0.018159246619742386,-0.005966748210990681,-0.7406471160765085,-0.6718935701980769,4,4,instant_velocity,dbscan_kmeans_fallback,False
750,44,13.0989274929,6.01971612817,-0.05909860277999997,0.043412217567999976,-0.05909860277999997,0.043412217567999976,-0.03620111431965002,0.03822979161499499,-0.8059283157353121,0.5920129028626279,-1,-1,instant_velocity,dbscan_kmeans_fallback,False
750,45,14.2985786177,5.4999150844,-0.03918860341999988,0.008233763090000058,-0.03918860341999988,0.008233763090000058,-0.02161884978275998,0.0072634678084080116,-0.9786323709633371,0.2056165923638111,-1,-1,instant_velocity,dbscan_kmeans_fallback,False
750,46,14.7988541833,5.80635426723,0.0,0.0,0.0,0.0,0.0,0.0,0.0,0.0,5,5,instant_velocity,dbscan_kmeans_fallback,False
750,47,14.9354460395,6.47412438683,0.0,0.0,0.0,0.0,0.0,0.0,0.0,0.0,5,5,instant_velocity,dbscan_kmeans_fallback,False
750,75,7.26420325873,7.02351924577,0.019194417998000014,-0.004224278454999997,0.011146232205800004,-0.00268253614879999,0.01259632771126476,-0.0029206854024236965,0.9766278821697116,-0.21493478581281572,0,0,instant_velocity,dbscan_kmeans_fallback,False
750,80,14.6548960483,9.70939663174,0.005072209139999906,0.03128829974200009,0.010363301997999983,0.030810980143000002,0.010538489738112281,0.028459918122485304,0.16002286985340405,0.987112987527259,6,6,instant_velocity,dbscan_kmeans_fallback,False
750,81,15.1442274282,8.64998578081,0.008544883450000106,0.02610938208800011,0.013827557702000028,0.025441134649400007,0.01319131335672527,0.023319707805653345,0.31103877512740474,0.9503968394074298,6,6,instant_velocity,dbscan_kmeans_fallback,False
750,82,12.7394530856,7.54379760914,0.018226278489999893,-0.017278969498999965,0.010611650825999987,-0.014882825110199996,0.01068209703173719,-0.015564264771053486,0.7257144183577554,-0.6879954844686579,7,7,instant_velocity,dbscan_kmeans_fallback,False
750,83,6.7936032736,3.94528514906,-0.023950929476000037,-0.04279170208899998,-0.03194860364120002,-0.0344147431188,-0.031232496439470646,-0.03504100951914047,-0.4884103938217902,-0.8726138202918555,-1,-1,instant_velocity,dbscan_kmeans_fallback,False
750,84,12.9547588928,8.22875123432,0.013848604219999849,-0.012553505464999937,0.006179255619999999,-0.007016598111599989,0.006676612524679346,-0.009972119685691724,0.7409011519480803,-0.671613291292765,7,7,instant_velocity,dbscan_kmeans_fallback,False
750,85,12.5273042551,8.1621651502,0.011680813580000126,-0.023865979970999974,0.005244790532000003,-0.0167921035078,0.006020194098100003,-0.018021189523197426,0.43960483187465543,-0.8981908700810911,7,7,instant_velocity,dbscan_kmeans_fallback,False
750,86,8.09554044175,3.28730008125,0.04754406826499995,0.0023150000570000273,0.04445864975739999,0.0026825361488000076,0.044327887874977406,0.0015655558854123831,0.9988164545723007,0.04863404066264214,-1,-1,instant_velocity,dbscan_kmeans_fallback,False
750,87,1.3709697241,7.17411357939,0.02914941768300001,0.008448556909999993,0.02914941768300001,0.008448556909999993,0.019651485076401902,0.005281565233766999,0.960470892276794,0.27837924867128344,-1,-1,instant_velocity,dbscan_kmeans_fallback,False
750,217,2.56641154677,6.62161614305,-0.027149999142000024,0.0007637113589999522,-0.033463952430600005,0.006725433156000005,-0.032410651176281946,0.007206509958058154,-0.9996042369173519,0.028118200160724718,1,1,instant_velocity,dbscan_kmeans_fallback,False
750,219,2.81896967832,5.38822229813,-0.04030406849400001,0.004224278454999997,-0.04315797537980001,0.004591814546399995,-0.04286743561979207,0.005289949811631092,-0.9945520055605604,0.10423921868066363,1,1,instant_velocity,dbscan_kmeans_fallback,False
750,220,2.95871851112,6.08940478969,-0.041272207997,0.0018376804579999905,-0.0424592312158,0.0026538969727999983,-0.040640737275797076,0.0026920688458259723,-0.9990099536973648,0.04448177498501093,1,1,instant_velocity,dbscan_kmeans_fallback,False
750,221,1.80726389635,8.06741720971,0.002714999914000016,-0.0007637113590000411,0.008144999742400003,-0.0001527422718000082,0.007148423311053677,-0.0007586381497350728,0.9626366556021756,-0.2707832676834434,-1,-1,instant_velocity,dbscan_kmeans_fallback,False
750,222,12.9021426154,12.1119848355,0.007703023010000009,-0.01193298998000003,0.007703023010000009,-0.01193298998000003,0.0011552703475770144,-0.013557549627501003,0.5423412238181894,-0.8401574785849432,8,8,instant_velocity,dbscan_kmeans_fallback,False
750,223,10.6495345471,12.3864436051,0.00648232538000002,-0.015608350900000012,0.00648232538000002,-0.015608350900000012,0.004254468006090006,-0.010254686543400008,0.3835484000998327,-0.923520135900949,8,8,instant_velocity,dbscan_kmeans_fallback,False
750,232,2.18336504726,4.41974083089,0.003262209199999999,0.0005727835190000085,0.0032579998970000013,0.00056801032320001,0.005920914949860473,0.0009052271682691201,0.9849300891110027,0.1729354826201803,-1,-1,instant_velocity,dbscan_kmeans_fallback,False
750,233,4.1762591703,3.79469081544,0.042619184698999966,0.00033412371899999016,0.03925595224739999,0.001809041281799999,0.03747887134286178,0.0019443366818163504,0.99996903596113,0.00783950644621335,-1,-1,instant_velocity,dbscan_kmeans_fallback,False
750,235,1.322773214,13.4871426014,0.0,0.0,0.0,0.0,0.0,0.0,0.0,0.0,-1,-1,instant_velocity,dbscan_kmeans_fallback,False
750,300,10.9721775601,9.17241208239,-0.018941859869999966,-0.012744433303999969,-0.021926255119999995,-0.01048193840339998,-0.020509291478298143,-0.011094480321765118,-0.8296866996248541,-0.5582285413974414,4,4,instant_velocity,dbscan_kmeans_fallback,False
750,301,11.415417081,8.81418372302,-0.020309883080000014,-0.014486649842000076,-0.022250371390000013,-0.011660917814000022,-0.02073896695493674,-0.012483444024050397,-0.8141199100782764,-0.5806961084044099,4,4,instant_velocity,dbscan_kmeans_fallback,False
750,302,13.3396995783,12.505773505,-0.002546627820000147,0.0,-0.0075262323200000125,0.010023711588000027,-0.006981500497357418,0.00856470301262197,-0.9999960732539502,0.0,3,3,instant_velocity,dbscan_kmeans_fallback,False
750,303,13.3338065552,10.9764415084,-0.019425929619999848,-0.0036753609199999815,-0.02081920864399997,-0.002902103163999996,-0.018182778201902398,-0.002813205603233895,-0.9825680391108431,-0.18590061030958446,4,4,instant_velocity,dbscan_kmeans_fallback,False
750,304,13.0970333069,11.4284631691,-0.024035115519999907,-0.010214639430000005,-0.027415185179999996,-0.005116866105999982,-0.024701619845869768,-0.005567225205184843,-0.9203344898527528,-0.3911312579719569,4,4,instant_velocity,dbscan_kmeans_fallback,False
750,316,9.30550435698,8.46908165263,-0.009933953174999921,-0.0030548454359999866,-0.006970604430799981,-0.0030023402803999845,-0.0063505379074721025,-0.003134014105901937,-0.9558255553650326,-0.2939312561657052,9,9,instant_velocity,dbscan_kmeans_fallback,False
750,317,8.68610553936,8.88816826093,-0.001157558102000067,-0.0026252577970000248,-0.001153348800600007,-0.0026157114048000096,-0.0011924452512628396,-0.00358308131118124,-0.4034509424313212,-0.9149974679411581,9,9,instant_velocity,dbscan_kmeans_fallback,False
750,410,2.70573944935,0.125535054649,0.0002736046430000361,-0.0012648969385000014,0.00026097673600000704,-0.0012648969384800003,0.00016758878757621397,-0.0013471644641638468,0.21141487939055867,-0.9773885076008357,-1,-1,instant_velocity,dbscan_kmeans_fallback,False
750,411,10.144418284,5.68010323318,0.01052325549000006,0.01789948497799996,0.010721092685400002,0.019369629344799986,0.010994947461776742,0.018089644480360323,0.506810433989978,0.8620569707271452,-1,-1,instant_velocity,dbscan_kmeans_fallback,False
760,4,6.66711374272,6.85741202517,0.01812104593899999,-0.0039856186549999785,0.0089237206482,-0.0005345979511999843,0.010422892917754584,-0.0011206373998378005,0.9766553782309628,-0.21480966982186223,0,0,instant_velocity,dbscan_kmeans_fallback,False
760,28,0.520269750994,5.3318985854,-0.0341163942703,-0.001646752617999958,-0.039129673181520004,0.0001193298998000003,-0.036563683829639565,0.0020975083933639617,-0.9988368074775774,-0.04821251374446485,1,1,instant_velocity,dbscan_kmeans_fallback,False
760,30,0.496066263387,4.85004444978,-0.040956510333200004,-0.0006443814589999874,-0.03928962666486,0.0008448556909999993,-0.038543544522201774,0.0026778369197379788,-0.9998760103561131,-0.01573135887629756,1,1,instant_velocity,dbscan_kmeans_fallback,False
760,37,4.33031963055,2.7460196555,-0.01704767387899997,0.02548886660899998,-0.024645464337000007,0.0271308460314,-0.024523881136821756,0.0240201437479246,-0.5559432961170899,0.831219826087354,-1,-1,instant_velocity,dbscan_kmeans_fallback,False
760,38,9.65171946232,7.07244450471,-0.03628418489799987,0.0024581959369999852,-0.030462719967599982,0.0019665567496000057,-0.03151749651442795,0.0030219421079378406,-0.9977126718544858,0.06759344996010347,2,2,instant_velocity,dbscan_kmeans_fallback,False
760,39,9.75316364516,7.59105224949,-0.041377440553999986,0.0041288145349999365,-0.04081760336079999,0.0015369691101999904,-0.03959234423496868,0.0038262979416424942,-0.9950581895932294,0.09929107893953787,2,2,instant_velocity,dbscan_kmeans_fallback,False
760,40,12.4706891406,12.3625776252,-0.0016416278600001276,0.012386443609999987,-0.003485302216000008,0.008443783714000013,-0.00554242695092314,0.010830432103307674,-0.13138524249819075,0.9913305792641014,-1,-1,instant_velocity,dbscan_kmeans_fallback,False
760,41,13.9538367682,2.23146912732,0.0006313953300001174,0.001980876337999993,0.0006398139340000242,0.001990422729599999,-0.0007283880262482419,0.0015981105911040446,0.30368980430738785,0.9527659120384072,-1,-1,instant_velocity,dbscan_kmeans_fallback,False
760,42,10.9372403519,3.04482172474,-0.049101510080000035,0.04672958878299997,-0.04940037053200001,0.0356128153132,-0.045354061702896145,0.03400810730365586,-0.7243864657669347,0.6893939027559032,-1,-1,instant_velocity,dbscan_kmeans_fallback,False
760,43,13.5493228275,9.55355178253,-0.01393279025000016,-0.016276598339999993,-0.021219092352000004,-0.007417546574999996,-0.01689130970881972,-0.009059703249693475,-0.6502910244144554,-0.7596845727653941,3,3,instant_velocity,dbscan_kmeans_fallback,False
760,44,12.4999437909,6.42352850929,-0.059898370199999995,0.040381238111999986,-0.059898370199999995,0.040381238111999986,-0.04331029108375502,0.03887522556409649,-0.8291704221128161,0.5589956477774944,-1,-1,instant_velocity,dbscan_kmeans_fallback,False
760,45,13.9066925836,5.5822527153,-0.03918860341000006,0.008233763089999967,-0.03918860341000006,0.008233763089999967,-0.026889775870932005,0.007554556392885598,-0.9786323709527799,0.20561659241405825,4,4,instant_velocity,dbscan_kmeans_fallback,False
760,46,14.4088623352,5.87675890814,-0.038999184809999934,0.007040464091000054,-0.038999184809999934,0.007040464091000054,-0.011699755442999981,0.0021121392273000163,-0.9840922690654533,0.17765669503967507,4,4,instant_velocity,dbscan_kmeans_fallback,False
760,47,14.6149076775,6.49154655221,-0.03205383620000006,0.0017422165380000187,-0.03205383620000006,0.0017422165380000187,-0.00961615086000002,0.0005226649614000057,-0.9985258389364242,0.05427269982166372,4,4,instant_velocity,dbscan_kmeans_fallback,False
760,75,7.45593697359,6.98151512102,0.019173371485999978,-0.0042004124750000035,0.01391595304840001,-0.003207587707999995,0.014569440843685326,-0.0033046035241965886,0.9768331322099177,-0.21400003006898766,0,0,instant_velocity,dbscan_kmeans_fallback,False
760,80,14.688780931,10.0055734432,0.0033884882700000673,0.029617681145999875,0.00813658113799999,0.03064869147939998,0.008393489297678617,0.028807247029539677,0.1136661016999547,0.9935186693911694,5,5,instant_velocity,dbscan_kmeans_fallback,False
760,81,15.2298867278,8.9110796017,0.008565929959999963,0.026109382088999843,0.011630301958000012,0.02571798001719998,0.011803698337707677,0.024156610090657296,0.31173051601701696,0.9501701729405008,5,5,instant_velocity,dbscan_kmeans_fallback,False
760,82,13.0048495889,7.35692698597,0.026539650330000164,-0.018687062316999993,0.014917766970000024,-0.016739598351799997,0.015439363021216082,-0.016501104034837438,0.8176464631288863,-0.5757201100909923,6,6,instant_velocity,dbscan_kmeans_fallback,False
760,83,6.55409397885,3.51736812818,-0.02395092947499995,-0.04279170208799998,-0.029401975814600013,-0.037035227719399995,-0.029048026350129437,-0.037366217289798324,-0.48841039381495216,-0.872613820295683,-1,-1,instant_velocity,dbscan_kmeans_fallback,False
760,84,13.1873228389,8.02779968296,0.023256394610000085,-0.02009515513600011,0.010064441542000004,-0.009527299204600014,0.011650547150275567,-0.01300903032078424,0.7566603916794719,-0.6538076176918439,6,6,instant_velocity,dbscan_kmeans_fallback,False
760,85,12.6443228561,7.92350535049,0.011701860099999984,-0.023865979970999974,0.007004278847999998,-0.018710928297400002,0.007724693898669997,-0.01977462665753819,0.44024350758798586,-0.8978779992812989,6,6,instant_velocity,dbscan_kmeans_fallback,False
760,86,8.57077065928,3.31045008183,0.04752302175300009,0.002315000057999983,0.04541837065720001,0.002567979444999997,0.04528642803838421,0.001790389137188663,0.9988154079812117,0.04865552824956487,-1,-1,instant_velocity,dbscan_kmeans_fallback,False
760,87,1.64162785508,7.26957749927,0.027065813098,0.009546391988000025,0.027065813098,0.009546391988000025,0.02187578348288133,0.006561013260036907,0.943058308685186,0.3326264113940241,-1,-1,instant_velocity,dbscan_kmeans_fallback,False
760,217,2.29470109025,6.62925325664,-0.027171045652000014,0.0007637113590000411,-0.0317970687622,0.0025822990328000016,-0.030838769518997364,0.00527367037834072,-0.9996048491429147,0.028096437199345445,1,1,instant_velocity,dbscan_kmeans_fallback,False
760,219,2.50032550235,5.37461868955,-0.03186441759699998,-0.0013603608579999538,-0.041608952173,0.004744556818400003,-0.03956653021295444,0.0032948566107417776,-0.9990896202608522,-0.04265329529088464,1,1,instant_velocity,dbscan_kmeans_fallback,False
760,220,2.54578596603,6.10778159427,-0.04129325450899999,0.0018376804579999905,-0.04290120794600001,0.0013746804463999852,-0.040836492445757946,0.0024357523294781776,-0.9990109610424274,0.044459148165115606,1,1,instant_velocity,dbscan_kmeans_fallback,False
760,221,1.8344138955,8.05978009612,0.002714999914999994,-0.0007637113589998634,0.005429999828400001,-0.0004630000115999877,0.005818396292237571,-0.00076016011251451,0.9626366556281908,-0.27078326759096444,-1,-1,instant_velocity,dbscan_kmeans_fallback,False
760,222,12.9793833106,11.9926549356,0.007724069519999865,-0.011932989990000031,0.0014985115799999705,-0.017866072606000004,0.00312591009930387,-0.013070181736250712,0.5433859197262404,-0.8394821828067002,7,7,instant_velocity,dbscan_kmeans_fallback,False
760,223,10.6688973371,12.3205735004,0.0019362790000000628,-0.00658701047000001,0.0019362790000000628,-0.00658701047000001,0.0035590113042630227,-0.009154383721380008,0.28202152998634433,-0.9594065580349793,7,7,instant_velocity,dbscan_kmeans_fallback,False
760,224,10.3955031597,12.6568451582,0.0,0.0,0.0,0.0,0.0,0.0,0.0,0.0,7,7,instant_velocity,dbscan_kmeans_fallback,False
760,232,2.21598713925,4.42546866609,0.003262209198999999,0.0005727835199999199,0.0032579998970000013,0.0005680103233999922,0.005123303224602331,0.00080549407378836,0.9849300890505507,0.17293548296447223,-1,-1,instant_velocity,dbscan_kmeans_fallback,False
760,233,4.6070812497,3.79469081544,0.04308220794000004,0.0,0.04015674291640001,0.0016133402460000036,0.039159872322003256,0.0013610356772714451,0.9999997678856735,0.0,-1,-1,instant_velocity,dbscan_kmeans_fallback,False
760,235,1.6224755301,13.2630410495,0.02997023161000001,-0.022410155190000048,0.02997023161000001,-0.022410155190000048,0.008991069483000004,-0.0067230465570000154,0.8008649836869088,-0.5988445069163908,-1,-1,instant_velocity,dbscan_kmeans_fallback,False
760,300,10.7968601238,9.03327341915,-0.01753174363000003,-0.013913866324000069,-0.021357999324000013,-0.010801742535200028,-0.019616027123808707,-0.011940296122435603,-0.7832932505967743,-0.6216516629096398,3,3,instant_velocity,dbscan_kmeans_fallback,False
760,301,11.2125287153,8.66931722459,-0.02028883656999998,-0.014486649842999988,-0.022258789994000026,-0.011708649774000008,-0.02060392783945571,-0.013084405769735274,-0.813835131609689,-0.581095152542864,3,3,instant_velocity,dbscan_kmeans_fallback,False
760,302,13.3142333,12.505773505,-0.00254662782999997,0.0,-0.005131139374,0.005880577466000006,-0.005651038697150184,0.005995292108835378,-0.9999960732539657,0.0,7,7,instant_velocity,dbscan_kmeans_fallback,False
760,303,13.129865864,10.9155832595,-0.020394069120000146,-0.0060858248900000685,-0.020549813304000006,-0.003641948544000009,-0.01884616547733172,-0.0037949913892637473,-0.9582437613729229,-0.2859509644365949,8,8,instant_velocity,dbscan_kmeans_fallback,False
760,304,12.8564716866,11.326078115,-0.02405616202999994,-0.010238505410000088,-0.027882417721999994,-0.007317309460000025,-0.02450798250110882,-0.006968609266629417,-0.9201289151032226,-0.3916146251190627,8,8,instant_velocity,dbscan_kmeans_fallback,False
760,316,9.20637529035,8.43829453847,-0.009912906663000065,-0.003078711416000068,-0.009921325267800008,-0.0030691650241999823,-0.007419248534130491,-0.0031174232989313764,-0.9550006858165666,-0.29660034273151703,9,9,instant_velocity,dbscan_kmeans_fallback,False
760,317,8.67452995833,8.86215434276,-0.0011575581029999783,-0.0026013918169999427,-0.001153348800600007,-0.0026157114048000096,-0.0011819791067839813,-0.0032885744629268508,-0.4065428827774922,-0.9136278565854028,9,9,instant_velocity,dbscan_kmeans_fallback,False
760,410,2.70826503066,0.112886085264,0.00025255813099995806,-0.0012648969385,0.00025676743380000035,-0.0012648969385,0.0001930795906033372,-0.0013224842064646929,0.19580057829901423,-0.9806358285372082,-1,-1,instant_velocity,dbscan_kmeans_fallback,False
760,411,10.2873240934,5.91876303289,0.01429058094000002,0.02386597997100006,0.011365115920000016,0.0197467118282,0.011983637505243724,0.019822545127552244,0.5137286242571354,0.8579523189804061,-1,-1,instant_velocity,dbscan_kmeans_fallback,False
770,4,6.84832420211,6.81779449841,0.01812104593899999,-0.003961752676000074,0.011630301957999993,-0.0015465155022000054,0.012732338824128206,-0.0019729719826864825,0.9769245379196237,-0.21358223004244475,0,0,instant_velocity,dbscan_kmeans_fallback,False
770,28,0.179316273401,5.31543105922,-0.034095347759299996,-0.001646752618000047,-0.03739544067817999,-0.0007637113590000055,-0.03582318300853769,0.000974230089954759,-0.9988353736828824,-0.04824220530540532,1,1,instant_velocity,dbscan_kmeans_fallback,False
770,30,0.0865011600561,4.84360063518,-0.04095651033309,-0.0006443814600000763,-0.040080975477078,0.00013364948779999607,-0.03926743426546824,0.001681171405816562,-0.9998760103557284,-0.015731358900749046,1,1,instant_velocity,dbscan_kmeans_fallback,False
770,37,4.09354638222,2.99207790901,-0.023677324833000047,0.024605825350999977,-0.022246162087400004,0.026243031576599997,-0.024269914245675244,0.024195848228847214,-0.6933804910784176,0.720571237908062,-1,-1,instant_velocity,dbscan_kmeans_fallback,False
770,38,9.28866714821,7.09726512388,-0.03630523141100017,0.002482061916999978,-0.03197806875580003,0.0015799278741999957,-0.032953816983399616,0.0028599780506564816,-0.9976708965899761,0.06820727597331637,2,2,instant_velocity,dbscan_kmeans_fallback,False
770,39,9.33959970474,7.63210173504,-0.04135639404200013,0.004104948555000032,-0.041289045207200024,-0.0003102577395999973,-0.04012155917707812,0.003909893125649756,-0.9951097987310699,0.09877250241447597,2,2,instant_velocity,dbscan_kmeans_fallback,False
770,40,12.5077309999,12.6012374249,0.0037041859300000366,0.023865979970000062,-0.0019573255199999908,0.011722969362000022,-0.0027684430866461865,0.014741096463315392,0.15337139883123144,0.9881681971825385,-1,-1,instant_velocity,dbscan_kmeans_fallback,False
770,41,13.9601507215,2.2512778907,0.0006313953299999398,0.001980876337999993,0.000635604631999982,0.0019856495336,-0.00032045301937378735,0.001712940315172829,0.3036898043073103,0.9527659120384319,-1,-1,instant_velocity,dbscan_kmeans_fallback,False
770,42,10.446014786,3.51235627238,-0.04912255659000007,0.046753454764000016,-0.048566928698,0.041794104125799994,-0.04648461016902732,0.03783171154175911,-0.724358215996352,0.6894235853231504,-1,-1,instant_velocity,dbscan_kmeans_fallback,False
770,43,13.5259612003,9.35021363317,-0.0023361627199999903,-0.02033381493600004,-0.01615951111800001,-0.011932989985800013,-0.0125247656121738,-0.012441936755585446,-0.11413962875776634,-0.9934642258242091,-1,-1,instant_velocity,dbscan_kmeans_fallback,False
770,44,11.8778089268,6.75502697109,-0.06221348640999995,0.033149846180000074,-0.05693923075800001,0.05163166107,-0.048981249681628494,0.037157611748867565,-0.8825334617317658,0.4702493011291608,-1,-1,instant_velocity,dbscan_kmeans_fallback,False
770,45,13.5160693402,5.67533003719,-0.03906232434000003,0.009307732189000006,-0.034537324488,0.010524897167400002,-0.030541540411652413,0.00808050913171992,-0.9727656763812742,0.23178964773319327,3,3,instant_velocity,dbscan_kmeans_fallback,False
770,46,14.018870487,5.94692488926,-0.03899918482000011,0.007016598111999972,-0.03899918482000011,0.007016598111999972,-0.01988958425610002,0.0035834768927100035,-0.9841973950207373,0.1770733828312306,3,3,instant_velocity,dbscan_kmeans_fallback,False
770,47,14.2375437359,6.49154655221,-0.037736394160000054,0.0,-0.037736394160000054,0.0,-0.01805222385000003,0.00036586547298000395,-0.9999997350038982,0.0,3,3,instant_velocity,dbscan_kmeans_fallback,False
770,75,7.64514510715,6.92113419169,0.018920813356000023,-0.006038092932999994,0.016635162264800007,-0.0041001753589999974,0.015874852597379734,-0.00412465034683761,0.9526655057753076,-0.3040187939970683,0,0,instant_velocity,dbscan_kmeans_fallback,False
770,80,14.683098373,10.2635646867,-0.0005682558000000171,0.025799124350000112,0.005122720767999986,0.029717918260800006,0.005704965768375026,0.02790481022567781,-0.02202081656170745,0.9997571248089597,-1,-1,instant_velocity,dbscan_kmeans_fallback,False
770,82,13.2803484174,7.17172698139,0.027549882849999995,-0.018520000458000042,0.01844095290600002,-0.017264649911200004,0.01907251896985126,-0.01710677296178622,0.8299109523482266,-0.5578953384764905,4,4,instant_velocity,dbscan_kmeans_fallback,False
770,83,6.35604631069,3.10257739627,-0.01980476681600001,-0.04147907319100001,-0.026299720098799995,-0.039168846329,-0.02627504848989061,-0.038600074060158834,-0.4308701172740925,-0.9024137116215988,-1,-1,instant_velocity,dbscan_kmeans_fallback,False
770,84,13.469767016,7.83663318339,0.028244417710000035,-0.019116649956999954,0.014829371624000024,-0.012348258037200015,0.01662870831819291,-0.014841316211648956,0.8281452719563074,-0.5605129990670018,4,4,instant_velocity,dbscan_kmeans_fallback,False
770,85,12.8804647091,7.71730328353,0.023614185299999944,-0.020620206696000044,0.011125185695999988,-0.019971052040200003,0.012491541319068981,-0.020028300669076748,0.7532432442245043,-0.6577415731668268,4,4,instant_velocity,dbscan_kmeans_fallback,False
770,86,9.06220669026,3.34386245379,0.04914360309799992,0.003341237195999991,0.04669799852380001,0.0026538969729999985,0.046443580556268925,0.0022556435548320613,0.9976965099395755,0.06783264716430926,-1,-1,instant_velocity,dbscan_kmeans_fallback,False
770,87,1.91228598606,7.36504141916,0.027065813098,0.009546391988999935,0.02887581304068,0.008586979593799988,0.02343279236741693,0.007456626878725815,0.9430583086742573,0.3326264114250094,-1,-1,instant_velocity,dbscan_kmeans_fallback,False
770,217,2.01204644802,6.64190222603,-0.02826546422299998,0.001264896938999982,-0.0302354176488,0.0019856495338,-0.03006677793019815,0.004071038346538498,-0.9989998395204502,0.04470585832595868,1,1,instant_velocity,dbscan_kmeans_fallback,False
770,219,2.18168132638,5.36101508096,-0.03186441759699998,-0.0013603608590000427,-0.039175975505599994,0.003484433075800002,-0.03725589642816811,0.0018982913698192313,-0.9990896202595159,-0.042653295322184766,1,1,instant_velocity,dbscan_kmeans_fallback,False
770,220,2.19388830274,6.04954860314,-0.03518976632899999,-0.005823299112999969,-0.0410364870748,2.863917599999155e-05,-0.03914247461073056,-4.196310326526689e-05,-0.9865824039557319,-0.16326236395386873,1,1,instant_velocity,dbscan_kmeans_fallback,False
770,221,1.86156389464,8.05214298253,0.002714999913999994,-0.0007637113590000411,0.002714999914199998,-0.0007684845552000042,0.004887377378766298,-0.0007612254864601694,0.962636655602175,-0.2707832676834454,-1,-1,instant_velocity,dbscan_kmeans_fallback,False
770,222,13.0578867965,11.8757116337,0.007850348590000066,-0.011694330189999925,0.0036705115120000188,-0.015770639566,0.004543241646512729,-0.012657426272375476,0.5573575064840681,-0.8302717567220363,5,5,instant_velocity,dbscan_kmeans_fallback,False
770,223,10.6882601272,12.2544647359,0.001936279009999886,-0.006610876450000092,0.004659697525999995,-0.012004587926000027,0.0030721916159840816,-0.008391331539966034,0.28108397930773565,-0.9596816624469487,5,5,instant_velocity,dbscan_kmeans_fallback,False
770,224,10.4104461825,12.5773714449,0.001494302279999893,-0.007947371329999875,0.001494302279999893,-0.007947371329999875,0.00044829068399996794,-0.0023842113989999626,0.18478645400882968,-0.9827774382852569,5,5,instant_velocity,dbscan_kmeans_fallback,False
770,232,2.24839876613,4.43119650128,0.0032411626879999657,0.0005727835190000085,0.0032537905947999947,0.0005680103233999922,0.004558661063621621,0.0007356809073518546,0.9847382316036024,0.17402453498556467,6,6,instant_velocity,dbscan_kmeans_fallback,False
770,233,4.72830915285,3.79469081544,0.012122790314999942,0.0,0.03486985936279999,0.0013651340542000056,0.03104874771990226,0.0009527249740900115,0.9999991751080822,0.0,6,6,instant_velocity,dbscan_kmeans_fallback,False
770,235,1.92217784621,13.0387008377,0.029970231611000007,-0.02243402117999995,0.029970231611000007,-0.02243402117999995,0.015284818121400007,-0.011436338943899997,0.8005591364986363,-0.5992533143274438,-1,-1,instant_velocity,dbscan_kmeans_fallback,False
770,275,15.195580915,8.3301816492,0.0,0.0,0.0,0.0,0.0,0.0,0.0,0.0,-1,-1,instant_velocity,dbscan_kmeans_fallback,False
770,300,10.6137554784,8.89676001372,-0.018310464540000026,-0.013651340542999968,-0.02078132492400002,-0.011240876566400004,-0.019224358348666103,-0.012453609448604911,-0.8017093931798482,-0.5977132867880778,7,7,instant_velocity,dbscan_kmeans_fallback,False
770,301,11.0050101172,8.52445072616,-0.020751859810000006,-0.014486649842999988,-0.02167369699000002,-0.012668062168799992,-0.020648307430618996,-0.013505078991714688,-0.8199669874980761,-0.5724101232112252,7,7,instant_velocity,dbscan_kmeans_fallback,False
770,302,13.201003071,12.4461085551,-0.011323022899999913,-0.005966494990000015,-0.0057120230760000015,0.0020142887100000097,-0.007352633958005103,0.0024067559791847593,-0.884691715399899,-0.46617486639791716,5,5,instant_velocity,dbscan_kmeans_fallback,False
770,303,12.9116135453,10.818448721,-0.02182523186999994,-0.009713453850000064,-0.02056244120999999,-0.0051073197140000205,-0.019739885395132186,-0.005570530127484642,-0.9136036334903349,-0.40660492332724824,5,5,instant_velocity,dbscan_kmeans_fallback,False
770,304,12.6178042523,11.2265569785,-0.02386674343000017,-0.009952113649999993,-0.026872185196000018,-0.008553567221999998,-0.024315610779776224,-0.00786366058164059,-0.9229716753631011,-0.3848668770368734,5,5,instant_velocity,dbscan_kmeans_fallback,False
770,316,9.10703575861,8.40774608411,-0.00993395317400001,-0.0030548454359999866,-0.009925534569800014,-0.0030643918282000017,-0.008173659926091347,-0.0030986499400519596,-0.9558255553567204,-0.293931256192735,7,7,instant_velocity,dbscan_kmeans_fallback,False
770,317,8.49752880113,8.81251310442,-0.017700115719999944,-0.004964123833999956,-0.004466069626199989,-0.003083484612199996,-0.006137420090748771,-0.0037912392742487826,-0.9628491253125409,-0.270037912018239,7,7,instant_velocity,dbscan_kmeans_fallback,False
770,410,2.71079061198,0.10023711588,0.00025255813200000257,-0.0012648969383999994,0.00025676743380000035,-0.0012648969384799996,0.00021092315302233679,-0.0013052080260452848,0.19580057905948045,-0.9806358283853688,-1,-1,instant_velocity,dbscan_kmeans_fallback,False
770,411,10.4300194377,6.15742283261,0.014269534429999986,0.023865979971999973,0.012025976363800019,0.0202860829758,0.012669406582670602,0.021035575580886562,0.5131713822759241,0.8582857409735938,-1,-1,instant_velocity,dbscan_kmeans_fallback,False
780,4,7.02953466149,6.77793831186,0.018121045937999992,-0.0039856186549999785,0.014332673965399998,-0.0025584330530000086,0.014348950958289742,-0.002576765984380531,0.9766553782284759,-0.2148096698331694,0,0,instant_velocity,dbscan_kmeans_fallback,False
780,37,3.85677313389,3.23837482231,-0.023677324832999957,0.024629691330000016,-0.0198426505354,0.0253552171216,-0.024092137421872658,0.024326001159193054,-0.6930313914436373,0.7209070016840459,-1,-1,instant_velocity,dbscan_kmeans_fallback,False
780,38,8.8969915792,7.14070120743,-0.039167556900999934,0.004343608355000051,-0.03415006868799999,0.0022863608814,-0.03481793895867971,0.0033050671419595527,-0.9939066952946303,0.11022238217931919,1,1,instant_velocity,dbscan_kmeans_fallback,False
780,39,8.93024506652,7.68078833418,-0.040935463821999994,0.004868659913999984,-0.041259580091600016,0.001193298998600003,-0.04036573057055468,0.004197523162154824,-0.9930011528578245,0.11810260483420747,1,1,instant_velocity,dbscan_kmeans_fallback,False
780,40,12.4727937917,12.8172245436,-0.003493720820000057,0.021598711869999933,-0.0018647208720000209,0.014553474585999987,-0.0029860264066523473,0.016798381085320755,-0.15968037732283172,0.9871683053051323,-1,-1,instant_velocity,dbscan_kmeans_fallback,False
780,41,13.9666751399,2.27132531387,0.0006524418399999731,0.0020047423169999856,0.0006398139339999886,0.001990422729599999,-2.8584561561659162e-05,0.0018004809157209762,0.30947094406975595,0.9509039111572014,-1,-1,instant_velocity,dbscan_kmeans_fallback,False
780,42,9.98614852151,3.89850782832,-0.04598662644899996,0.038615155594000014,-0.04812495196780002,0.041817970105800004,-0.046335215053019116,0.03806674475743138,-0.7658163537576516,0.6430590791341807,-1,-1,instant_velocity,dbscan_kmeans_fallback,False
780,43,13.5025995731,9.14687548382,-0.0023361627199999903,-0.02033381493499995,-0.011104139184000026,-0.016448433396199995,-0.009468184744521657,-0.014809500209409798,-0.114139628763307,-0.9934642258235724,-1,-1,instant_velocity,dbscan_kmeans_fallback,False
780,44,11.2011635994,6.9168383153,-0.0676645327400001,0.016181134420999933,-0.06012146321600003,0.0407440010072,-0.05458623459913998,0.030864668550507277,-0.97257717405755,0.23257977777947839,-1,-1,instant_velocity,dbscan_kmeans_fallback,False
780,45,13.1372321428,5.86625787696,-0.03788371973999993,0.019092783976999962,-0.03659146396000001,0.011660917813999987,-0.032744194210156674,0.011384191585303932,-0.8929994118332601,0.4500573063768656,2,2,instant_velocity,dbscan_kmeans_fallback,False
780,46,13.6288786389,6.01709087038,-0.038999184809999934,0.007016598111999972,-0.038999184809999934,0.007016598111999972,-0.025622464422269994,0.004613413258496995,-0.9841973950128243,0.1770733828752121,2,2,instant_velocity,dbscan_kmeans_fallback,False
780,47,13.8601797944,6.49154655221,-0.03773639414999987,0.0,-0.03773639414999987,0.0,-0.023957474939999987,0.00025610583108600277,-0.999999735003898,0.0,2,2,instant_velocity,dbscan_kmeans_fallback,False
780,75,7.83309045004,6.85287748897,0.018794534289,-0.006825670272000028,0.019055511025400006,-0.0050977733220000055,0.016750757104865815,-0.004934956324386336,0.9399327071615159,-0.34135832462248394,0,0,instant_velocity,dbscan_kmeans_fallback,False
780,80,14.6774158151,10.5215559302,-0.0005682557900000163,0.025799124349999935,0.0024834882940000112,0.028753732670199986,0.003822999300862513,0.02727310446297445,-0.022020816174379565,0.999757124817491,-1,-1,instant_velocity,dbscan_kmeans_fallback,False
780,82,13.5960460818,6.9927321316,0.03156976644,-0.017899484978999958,0.022763906256000013,-0.017660825178799994,0.02282169321089588,-0.01734458656695034,0.8699043123868458,-0.4932199673484703,3,3,instant_velocity,dbscan_kmeans_fallback,False
780,83,6.17567771174,2.69351449957,-0.018036859895000035,-0.040906289670000005,-0.022848092301000003,-0.041192681430399995,-0.023803591911423436,-0.03929193874311118,-0.4034522586668804,-0.9150004522471316,-1,-1,instant_velocity,dbscan_kmeans_fallback,False
780,84,13.7854646805,7.65238781801,0.03156976645,-0.01842453653799998,0.02026358075600001,-0.015035567382000004,0.02111102575773504,-0.01591628230955426,0.8636733950409473,-0.5040513064622442,3,3,instant_velocity,dbscan_kmeans_fallback,False
780,85,13.1961623735,7.53305791816,0.03156976644,-0.01842453653699998,0.01683720876999999,-0.02079204175100001,0.018215008855348287,-0.019547171429453718,0.8636733949833502,-0.5040513065609348,3,3,instant_velocity,dbscan_kmeans_fallback,False
780,86,9.56058806985,3.38133204234,0.04983813795900005,0.0037469588550000043,0.048120742664800015,0.002825732028600001,0.04746194777708826,0.002703038144882444,0.9971855167533087,0.07497096109710942,-1,-1,instant_velocity,dbscan_kmeans_fallback,False
780,87,2.18273365193,7.46050533904,0.02704476658699999,0.009546391988000025,0.028177068876740003,0.008954515685200004,0.024516384633291848,0.008083556411508078,0.9429770886368196,0.3328565951890028,-1,-1,instant_velocity,dbscan_kmeans_fallback,False
780,88,0.399883708289,6.73020635192,0.0,0.0,0.0,0.0,0.0,0.0,0.0,0.0,4,4,instant_velocity,dbscan_kmeans_fallback,False
780,217,1.7032941322,6.665768206,-0.030875231582000007,0.0023865979970000063,-0.029195720007200006,0.001608567050200005,-0.030309314025738707,0.0035657062416769507,-0.9970254981893578,0.0770682173060649,5,5,instant_velocity,dbscan_kmeans_fallback,False
780,219,1.8628266853,5.34741147238,-0.031885464108000014,-0.0013603608579999538,-0.036368370943199994,0.0016181134420000022,-0.03564476673211768,0.0009206957014734757,-0.9990908198414216,-0.04262519247942674,5,5,instant_velocity,dbscan_kmeans_fallback,False
780,220,1.84872552295,5.98272385922,-0.03451627797900001,-0.006682474391999982,-0.039037068533400006,-0.0014940103462000032,-0.03775461562121139,-0.002034116489885682,-0.9817694640397646,-0.19007406610541341,5,5,instant_velocity,dbscan_kmeans_fallback,False
780,221,1.88871389378,8.04426720914,0.002714999914000016,-0.0007875773390001228,0.0027149999142000027,-0.0007732577512000204,0.004235664139336413,-0.0007691310422221554,0.9604042238310754,-0.27859765264410696,4,4,instant_velocity,dbscan_kmeans_fallback,False
780,222,13.1492286541,11.7802477139,0.00913418575999998,-0.009546391980000023,0.006095069576000007,-0.013250392079999998,0.0059205248805589035,-0.01172411598466284,0.6913349288073818,-0.7225333919485224,6,6,instant_velocity,dbscan_kmeans_fallback,False
780,223,10.7076229173,12.1885946312,0.0019362790100000637,-0.006587010469999832,0.003750488254000004,-0.010200319839999993,0.0027314178341888763,-0.007850035218976174,0.28202153132701874,-0.9594065576408831,6,6,instant_velocity,dbscan_kmeans_fallback,False
780,224,10.4255996704,12.4978977316,0.0015153487900001039,-0.007947371330000053,0.0015153487900001039,-0.007947371330000053,0.0007684081158000088,-0.00405315937829999,0.18729839007565036,-0.9823018075213483,6,6,instant_velocity,dbscan_kmeans_fallback,False
780,232,2.28102085812,4.43668567667,0.0032622091990000433,0.0005489175390000156,0.0032579998970000013,0.0005680103231999922,0.0041697255042351476,0.0006796518968463029,0.986134060216766,0.16593242445156664,7,7,instant_velocity,dbscan_kmeans_fallback,False
780,233,4.77166496543,3.79469081544,0.0043355812580000656,0.0,0.028084464228400004,0.0007159793990000018,0.0230347977813316,0.000666907481863008,0.9999976935095112,0.0,7,7,instant_velocity,dbscan_kmeans_fallback,False
780,234,0.148377902286,3.98180009842,0.0,0.0,0.0,0.0,0.0,0.0,0.0,0.0,7,7,instant_velocity,dbscan_kmeans_fallback,False
780,235,2.22209062743,12.8145992858,0.029991278121999997,-0.022410155190000048,0.029991278121999997,-0.022410155190000048,0.019696756121580006,-0.014728483817730013,0.8010665344996316,-0.5985748684209502,-1,-1,instant_velocity,dbscan_kmeans_fallback,False
780,275,14.9851158053,8.73113011272,-0.02104651097000012,0.04009484635200007,-0.02104651097000012,0.04009484635200007,-0.006313953291000036,0.012028453905600024,-0.4647769545275984,0.8854275469362738,-1,-1,instant_velocity,dbscan_kmeans_fallback,False
780,300,10.4188647869,8.76406516508,-0.019489069149999948,-0.013269484863999991,-0.019766883096000002,-0.012305299273199993,-0.01930377158906626,-0.012698372073223435,-0.826592358190592,-0.56280034214503,8,8,instant_velocity,dbscan_kmeans_fallback,False
780,301,10.7871787287,8.37958422774,-0.021783138849999873,-0.0144866498419999,-0.021294859791999982,-0.013627474563599975,-0.020988756856433262,-0.013799550246800251,-0.8326747497811494,-0.5537616784898961,8,8,instant_velocity,dbscan_kmeans_fallback,False
780,302,13.0000088913,12.3267786552,-0.020099417970000033,-0.011932989990000031,-0.008048185793999992,-0.0030452990439999894,-0.011176669161603583,-0.0018951678115706784,-0.8598738962740338,-0.5105056580352487,9,9,instant_velocity,dbscan_kmeans_fallback,False
780,303,12.6933612266,10.7210755227,-0.02182523186999994,-0.00973731982999997,-0.02057927841999998,-0.006577464080000013,-0.020365489337592513,-0.00682056703823924,-0.9132322888055328,-0.40743827731816884,9,9,instant_velocity,dbscan_kmeans_fallback,False
780,304,12.3820833295,11.1310930586,-0.02357209227999988,-0.009546391990000024,-0.025188464320000003,-0.009317278582000021,-0.02409255522984332,-0.00836848000414842,-0.926873857166963,-0.3753719042287394,9,9,instant_velocity,dbscan_kmeans_fallback,False
780,316,9.00790669197,8.37695896994,-0.009912906663999976,-0.0030787114169999797,-0.009921325267800008,-0.0030691650244000003,-0.008695433947463936,-0.0030926683831363658,-0.9550006857977551,-0.29660034279208725,8,8,instant_velocity,dbscan_kmeans_fallback,False
780,317,8.24939043688,8.75284815449,-0.024813836424999992,-0.005966494993000104,-0.009197325290599991,-0.0037565052476000106,-0.011740344991024138,-0.004443815989874179,-0.9722874734282332,-0.2337868374163056,8,8,instant_velocity,dbscan_kmeans_fallback,False
780,410,2.71331619329,0.0875881464948,0.00025255813100000246,-0.0012648969385200006,0.00025676743360000034,-0.001264896938484,0.00022341364641563648,-0.0012931146997876995,0.19580057829607003,-0.9806358285377962,-1,-1,instant_velocity,dbscan_kmeans_fallback,False
780,411,10.5863950142,6.37412593075,0.015637557650000033,0.021670309813999998,0.013048836797600032,0.021040247942800006,0.01355985190286943,0.021225995850820592,0.5851651302911309,0.8109136957048056,-1,-1,instant_velocity,dbscan_kmeans_fallback,False
790,4,7.28819628122,6.66887078339,0.025866161973000068,-0.01090675284699998,0.018588278482000006,-0.004959350638199993,0.01780411426270284,-0.005075762043166366,0.9214344227063442,-0.38853300012837494,0,0,instant_velocity,dbscan_kmeans_fallback,False
790,37,3.61999988556,3.48443307582,-0.023677324833000002,0.024605825351000022,-0.020688720276200005,0.025002000618000002,-0.023967693645210862,0.024409948416735147,-0.6933804910784163,0.7205712379080633,-1,-1,instant_velocity,dbscan_kmeans_fallback,False
790,38,8.46217066271,7.21229914734,-0.043482091649000056,0.007159793991000018,-0.03718497556780001,0.0035512578198,-0.03741718476577582,0.004461485196671692,-0.986712781174935,0.16247287040667646,1,1,instant_velocity,dbscan_kmeans_fallback,False
790,39,8.53099275356,7.7466584389,-0.03992523129599999,0.00658701047200001,-0.0409817661468,0.0033937423519999933,-0.040233580788188276,0.00491436935510838,-0.9866616377927546,0.16278304043570288,1,1,instant_velocity,dbscan_kmeans_fallback,False
790,40,12.3896600734,13.018176095,-0.008313371829999916,0.020095155139999932,-0.002740255727999994,0.017078495268000003,-0.004584230033656618,0.01778741330172451,-0.382278402430417,0.924046699774601,-1,-1,instant_velocity,dbscan_kmeans_fallback,False
790,41,13.9729890931,2.29113407725,0.0006313953200001166,0.001980876338000037,0.000639813932000024,0.0019904227296000075,0.00016940940290687359,0.0018545995424046945,0.3036897999411609,0.9527659134301149,-1,-1,instant_velocity,dbscan_kmeans_fallback,False
790,42,9.54690783772,4.23048360972,-0.04392406837900005,0.03319757814000002,-0.04726625431960002,0.04075832059500001,-0.04561187105081339,0.03660599477220197,-0.7977754060375276,0.6029544247035886,-1,-1,instant_velocity,dbscan_kmeans_fallback,False
790,43,13.5419565486,9.04520640914,0.00393569755000005,-0.01016690746800002,-0.006301325382000016,-0.016477072572199988,-0.005447020056165144,-0.013416722386986865,0.36100338120221576,-0.9325635229053661,-1,-1,instant_velocity,dbscan_kmeans_fallback,False
790,44,10.524728737,7.0788883193,-0.0676434862399999,0.016205000400000013,-0.06330369567399999,0.029865887336199996,-0.05850341009139795,0.026466768105355098,-0.9724831147489961,0.23297275376356716,-1,-1,instant_velocity,dbscan_kmeans_fallback,False
790,45,12.7583949455,6.05718571673,-0.03788371973000011,0.01909278397700005,-0.038641394128,0.012792165264600008,-0.03428605186610971,0.013696769302812767,-0.8929994117855145,0.4500573064716021,2,2,instant_velocity,dbscan_kmeans_fallback,False
790,46,13.327703067,6.13355685264,-0.030117557189999998,0.011646598226000027,-0.030117557189999998,0.011646598226000027,-0.026970992252588998,0.006723368748747904,-0.9326908913923891,0.36067586798519446,2,2,instant_velocity,dbscan_kmeans_fallback,False
790,47,13.523435619,6.52853882116,-0.03367441753999998,0.003699226894999974,-0.03367441753999998,0.003699226894999974,-0.02687255771999998,0.0012890421502601945,-0.9940199616754264,0.10919581228179376,2,2,instant_velocity,dbscan_kmeans_fallback,False
790,75,8.02103579294,6.78485944605,0.018794534289999908,-0.006801804292000035,0.018975534283799986,-0.005618051685400012,0.017363890260406044,-0.005495010714670446,0.9403152297470259,-0.34030320021972466,0,0,instant_velocity,dbscan_kmeans_fallback,False
790,80,14.6717332571,10.7797858335,-0.0005682558000000171,0.025822990330000017,0.0013511860039999845,0.027665443983600005,0.002505622770603754,0.026838070223082117,-0.02200047446873607,0.9997575730182898,-1,-1,instant_velocity,dbscan_kmeans_fallback,False
790,82,13.9117437462,6.81373728182,0.03156976644,-0.017899484978000046,0.027091068910000012,-0.0180570004462,0.025446115179627117,-0.01751105609026525,0.8699043123986673,-0.4932199673276203,3,3,instant_velocity,dbscan_kmeans_fallback,False
790,83,5.99530911279,2.28421294306,-0.018036859894999945,-0.040930155651,-0.020756069111399995,-0.0417797845378,-0.02207357230649639,-0.039783403815477826,-0.4032552739271353,-0.9150872837627229,-1,-1,instant_velocity,dbscan_kmeans_fallback,False
790,84,14.1072658331,7.47005173103,0.032180115259999906,-0.018233608698000038,0.025819859649999978,-0.017684691158800003,0.0244317526084145,-0.016611480226087993,0.8700427076865784,-0.4929758067779384,3,3,instant_velocity,dbscan_kmeans_fallback,False
790,85,13.5089135264,7.36098420256,0.031275115290000065,-0.017207371559999983,0.021968348142000025,-0.02079681494699999,0.02213304078574382,-0.018845231468617597,0.8761439894360097,-0.4820489077815351,3,3,instant_velocity,dbscan_kmeans_fallback,False
790,86,10.1037985178,3.40161812532,0.054321044794999905,0.002028608298000023,0.04967397517399998,0.0027493608928000055,0.04951967688246175,0.002500709190817718,0.999303227827519,0.03731877447938391,-1,-1,instant_velocity,dbscan_kmeans_fallback,False
790,87,2.52558131551,7.52733008296,0.03428476635800002,0.006682474391999982,0.028922115364800004,0.008754041453399992,0.0274468991507043,0.007663231805655649,0.9815292298599021,0.1913107376917495,4,4,instant_velocity,dbscan_kmeans_fallback,False
790,88,0.744204627636,6.84953625178,0.0344320919347,0.011932989986000031,0.0344320919347,0.011932989986000031,0.010329627580410002,0.00357989699580001,0.9448653918099718,0.32745815386324495,4,4,instant_velocity,dbscan_kmeans_fallback,False
790,217,1.39475228149,6.68963418597,-0.030854185070999997,0.0023865979970000063,-0.028863185134000005,0.0015131031301999975,-0.030472775339317096,0.003211973768273867,-0.9970214571589132,0.07712047513638544,5,5,instant_velocity,dbscan_kmeans_fallback,False
790,219,1.47788599979,5.30540734763,-0.038494068550999995,-0.0042004124750000035,-0.0348824872694,-0.0008114433189999915,-0.036499557277782375,-0.0006156367514685684,-0.9940989696338891,-0.10847452271517201,5,5,instant_velocity,dbscan_kmeans_fallback,False
790,220,1.48441041819,5.91756973389,-0.036431510476,-0.006515412533000031,-0.037740603458,-0.0030691650244000003,-0.037357684077647973,-0.0033785053028199865,-0.9843815193285359,-0.17604682332652333,5,5,instant_velocity,dbscan_kmeans_fallback,False
790,221,1.91586389292,8.03663009555,0.002714999913999994,-0.0007637113589998634,0.0027149999142000027,-0.0007684845549999863,0.0037794648717354874,-0.0007675051372554678,0.9626366556021915,-0.27078326768338706,-1,-1,instant_velocity,dbscan_kmeans_fallback,False
790,222,13.2403600465,11.684783794,0.009113139239999946,-0.009546391990000024,0.008304953223999973,-0.010930618826000008,0.006878309188391217,-0.011070798786263995,0.6905019508025944,-0.7233294826977006,6,6,instant_velocity,dbscan_kmeans_fallback,False
790,223,10.7269857074,12.1227245264,0.0019362790100000637,-0.006587010480000011,0.0028454882820000194,-0.00839605175399999,0.0024928761869322325,-0.0074711277972833254,0.2820215309329176,-0.9594065577567328,6,6,instant_velocity,dbscan_kmeans_fallback,False
790,224,10.4405426932,12.4181853585,0.001494302279999893,-0.007971237309999957,0.001494302279999893,-0.007971237309999957,0.000986176365059974,-0.00522858275780998,0.18425201137124417,-0.9828777799128454,6,6,instant_velocity,dbscan_kmeans_fallback,False
790,226,10.9039868646,12.6067266003,0.0,0.0,0.0,0.0,0.0,0.0,0.0,0.0,6,6,instant_velocity,dbscan_kmeans_fallback,False
790,232,2.45191852714,4.45100526466,0.01708976690199999,0.0014319587990000216,0.0060235114376,0.0007398453791999948,0.0080457379235646,0.0009053439674924185,0.9965073784940132,0.0834977748430233,7,7,instant_velocity,dbscan_kmeans_fallback,False
790,233,4.81523124312,3.79469081544,0.00435662776900001,0.0,0.021303278396200005,6.682474379999803e-05,0.017431346777632122,0.0004668352373041056,0.9999977046519518,0.0,7,7,instant_velocity,dbscan_kmeans_fallback,False
790,234,0.768829045462,3.78084854706,0.0620451143176,-0.020095155135999975,0.0620451143176,-0.020095155135999975,0.018613534295280003,-0.006028546540799993,0.9513467163592811,-0.30812192166339475,-1,-1,instant_velocity,dbscan_kmeans_fallback,False
790,235,2.57019991875,12.534412681,0.03481092913200001,-0.02801866048000008,0.03481092913200001,-0.02801866048000008,0.024231008024706006,-0.018715536816411034,0.7790103330021698,-0.6270107283845879,-1,-1,instant_velocity,dbscan_kmeans_fallback,False
790,275,14.7746506957,9.13207857624,-0.02104651095999994,0.04009484635199989,-0.02104651095999994,0.04009484635199989,-0.010733720591700007,0.020448371639519985,-0.46477695435446764,0.8854275470271533,-1,-1,instant_velocity,dbscan_kmeans_fallback,False
790,300,10.2239740954,8.63160897624,-0.019489069150000128,-0.01324561888399991,-0.01875244126800002,-0.013364948783799981,-0.01935936085734642,-0.012862546116456378,-0.8270632332979595,-0.5621081385117567,8,8,instant_velocity,dbscan_kmeans_fallback,False
790,301,10.5691368752,8.23471772931,-0.02180418535000008,-0.014486649842999988,-0.02098758073199999,-0.014486649842599987,-0.021233385404503306,-0.014005680125660173,-0.83292120897209,-0.5533909067227244,8,8,instant_velocity,dbscan_kmeans_fallback,False
790,302,12.793963549,12.1955157654,-0.02060453422999995,-0.013126288980000034,-0.011424046150000002,-0.006205154792000016,-0.014005028682122493,-0.0052645041620994855,-0.8433956823898678,-0.5372921963659334,9,9,instant_velocity,dbscan_kmeans_fallback,False
790,303,12.4856321634,10.6458976858,-0.02077290632000004,-0.007517783690000002,-0.02084867375999998,-0.007345948636000017,-0.02048771443231477,-0.007029732033767468,-0.9403152745660002,-0.3403032163960645,9,9,instant_velocity,dbscan_kmeans_fallback,False
790,304,12.1463624067,11.0356291387,-0.023572092280000057,-0.009546391990000024,-0.02382044110799999,-0.009899608494000027,-0.02393641634489034,-0.008721853599903902,-0.926873857166964,-0.37537190422873695,9,9,instant_velocity,dbscan_kmeans_fallback,False
790,306,14.6976204656,12.3239147376,0.0,0.0,0.0,0.0,0.0,0.0,0.0,0.0,-1,-1,instant_velocity,dbscan_kmeans_fallback,False
790,316,8.83069506967,8.30154247323,-0.017721162229999976,-0.007541649670999994,-0.011482976381199989,-0.003961752675200003,-0.011403152432224749,-0.004427362769495454,-0.9201405088069519,-0.39158703449879345,8,8,instant_velocity,dbscan_kmeans_fallback,False
790,317,8.00146253774,8.69318320456,-0.024792789914000045,-0.005966494992999926,-0.013924371652800005,-0.004424752686799991,-0.01565607846791691,-0.0049006196908119035,-0.9722423453484358,-0.23397443795658893,8,8,instant_velocity,dbscan_kmeans_fallback,False
790,410,2.71584177461,0.07493917711,0.00025255813200000257,-0.0012648969384799994,0.00025676743380000035,-0.0012648969384800003,0.0002321569920909463,-0.0012846493713953894,0.19580057904757167,-0.9806358283877472,-1,-1,instant_velocity,dbscan_kmeans_fallback,False
790,411,10.7968601238,6.50252490299,0.02104651095999994,0.01283989722400003,0.015153487894000008,0.020028330391800006,0.015805849620008583,0.018710166262774424,0.8536757530748246,0.5208040873346546,-1,-1,instant_velocity,dbscan_kmeans_fallback,False
800,4,7.54664743584,6.55980325492,0.025845115461999947,-0.01090675284699998,0.021214883050199997,-0.006749299135999998,0.020216414622491973,-0.00682505928431645,0.9213211253549022,-0.38880158309759866,0,0,instant_velocity,dbscan_kmeans_fallback,False
800,37,3.36596849824,3.61617328526,-0.025403138731999998,0.013174020943999975,-0.022696557421999993,0.022500845916999995,-0.024398327171247604,0.021039170174914593,-0.8877253289746555,0.4603727200725576,-1,-1,instant_velocity,dbscan_kmeans_fallback,False
800,38,8.02713928112,7.28389708725,-0.04350313815899991,0.00715979399099993,-0.039748440603599985,0.0047206908381999925,-0.039242970783743045,0.005270977834970164,-0.9867253796809352,0.16239634065905043,1,1,instant_velocity,dbscan_kmeans_fallback,False
800,39,8.13195090571,7.81228988382,-0.03990418478500004,0.006563144492000017,-0.04069974289980003,0.005250515593599996,-0.0401347619872318,0.0054090018961758714,-0.986742510464786,0.16229209310933235,1,1,instant_velocity,dbscan_kmeans_fallback,False
800,40,12.3067368202,13.2191276463,-0.008292325320000061,0.020095155130000108,-0.003607371980000025,0.019608289144000004,-0.005696658619559651,0.018479735850207187,-0.38145158099765725,0.9243883228078258,-1,-1,instant_velocity,dbscan_kmeans_fallback,False
800,41,13.9793030464,2.31094284063,0.0006313953299999398,0.001980876337999993,0.0006356046300000173,0.0019856495338,0.00030800518103479347,0.001892482581083284,0.3036898043073103,0.9527659120384319,2,2,instant_velocity,dbscan_kmeans_fallback,False
800,42,9.10324738663,4.55911815393,-0.044366045108999864,0.032863454420999985,-0.046500161321399995,0.0396318463404,-0.04523812326826933,0.03548323266684138,-0.80355949679292,0.5952241366688525,-1,-1,instant_velocity,dbscan_kmeans_fallback,False
800,43,13.6442425919,9.04520640914,0.010228604329999946,0.0,-0.0008881627620000288,-0.0134222271358,-0.000744332740315616,-0.009391705670890805,0.9999990223504692,0.0,-1,-1,instant_velocity,dbscan_kmeans_fallback,False
800,44,9.93395317432,7.25048471529,-0.05907755626800011,0.017159639599,-0.06329948637160002,0.0246153717424,-0.0586756539443786,0.023674629553448567,-0.9603108479415783,0.27893144359143623,-1,-1,instant_velocity,dbscan_kmeans_fallback,False
800,45,12.3949217012,6.17436767839,-0.03634732442999997,0.011718196166000006,-0.03807313833000002,0.013489051879799999,-0.03490443363527679,0.013103197361768938,-0.9517599759074756,0.3068426706925907,3,3,instant_velocity,dbscan_kmeans_fallback,False
800,46,13.06462168,6.26983159827,-0.026308138699999973,0.013627474562999975,-0.03468465006599999,0.0092695466208,-0.02677213618681229,0.008794600493023524,-0.8879442529698729,0.4599503544775279,3,3,instant_velocity,dbscan_kmeans_fallback,False
800,47,13.2809798127,6.65144861801,-0.024245580630000062,0.012290979685000014,-0.033089324536000005,0.0035464846236000014,-0.026084464593000005,0.00458962341068214,-0.8919382479087228,0.45215641780737137,3,3,instant_velocity,dbscan_kmeans_fallback,False
800,48,14.9657530153,3.03002481716,0.0,0.0,0.0,0.0,0.0,0.0,0.0,0.0,2,2,instant_velocity,dbscan_kmeans_fallback,False
800,75,8.22371369351,6.79058728125,0.020267790057000034,0.0005727835200000087,0.019190208695599988,-0.0046586392904000105,0.018235060199384243,-0.003674672444269309,0.9996004102517404,0.02824948551209693,0,0,instant_velocity,dbscan_kmeans_fallback,False
800,80,14.6856239543,10.9341987239,0.0013890697200000801,0.015441289039999972,0.0006145581200000194,0.02449604184319998,0.002170656855422652,0.023419035868157474,0.08959629001054492,0.9959775172151953,-1,-1,instant_velocity,dbscan_kmeans_fallback,False
800,82,14.2438576892,6.56529243032,0.033211394299999954,-0.02484448514999995,0.030088092072000024,-0.0195701035764,0.02777569891573897,-0.01971108480818566,0.8007405694600256,-0.5990108999113035,4,4,instant_velocity,dbscan_kmeans_fallback,False
800,83,5.98478585731,1.89114025293,-0.0010523255479999883,-0.03930726901299999,-0.016176348325799984,-0.0410828979226,-0.01576719827894747,-0.039640563374734476,-0.026762184038515376,-0.9996415742035658,-1,-1,instant_velocity,dbscan_kmeans_fallback,False
800,84,14.4379065203,7.29105688125,0.033064068720000075,-0.01789948497799996,0.02966295255000002,-0.018753887061400007,0.027021447441890174,-0.016997881651661582,0.8794055320949472,-0.47607287066222664,4,4,instant_velocity,dbscan_kmeans_fallback,False
800,85,13.8170344469,7.20752595135,0.03081209204999986,-0.015345825121,0.025794603835999973,-0.019092783976999997,0.024736756165020635,-0.01779540956433232,0.8951256298933568,-0.4458133305384723,4,4,instant_velocity,dbscan_kmeans_fallback,False
800,86,10.6579531514,3.4176083319,0.05541546335999996,0.0015990206579999723,0.051248254192999984,0.002606165012999995,0.05128841282572322,0.0022302026309723943,0.9995837700867514,0.02884312429883851,-1,-1,instant_velocity,dbscan_kmeans_fallback,False
800,87,2.87642665325,7.59105224949,0.03508453377399996,0.006372216652999985,0.030109138582999996,0.00833877340199999,0.029738189537693,0.00727592725985895,0.9839031278385784,0.1787010748536153,5,5,instant_velocity,dbscan_kmeans_fallback,False
800,88,1.08873601209,6.96886615163,0.0344531384454,0.011932989985000031,0.0344531384454,0.011932989985000031,0.017566680839907003,0.0060858248925600164,0.944927270934009,0.3272795504095629,5,5,instant_velocity,dbscan_kmeans_fallback,False
800,217,1.05758717587,6.6614723296,-0.033716510562,-0.002816185637000057,-0.030176487418,0.0007971237309999956,-0.03144589590612197,0.0014035259466916895,-0.9965296040818279,-0.08323555169506622,6,6,instant_velocity,dbscan_kmeans_fallback,False
800,219,1.08536857034,5.26030064548,-0.039251742945,-0.004510670215000001,-0.0346720221596,-0.002558433052999991,-0.037325212977947664,-0.0017841467905279982,-0.9934615413107944,-0.1141650547955965,6,6,instant_velocity,dbscan_kmeans_fallback,False
800,220,1.0910511283,5.85480220657,-0.039335928989,-0.006276752732000013,-0.0373533476564,-0.004692051662400001,-0.03795115755105358,-0.004247979531573995,-0.9875068600184279,-0.15757442472561764,6,6,instant_velocity,dbscan_kmeans_fallback,False
800,221,1.94301389206,8.02899298196,0.002714999913999994,-0.0007637113590000411,0.002714999914199998,-0.0007684845549999863,0.003460125384414839,-0.0007663670037788398,0.962636655602175,-0.2707832676834454,-1,-1,instant_velocity,dbscan_kmeans_fallback,False
800,222,13.3222309742,11.5986276063,0.00818709277000007,-0.008615618770000033,0.008401767175999986,-0.010267144584000007,0.007270944262873873,-0.010334244781384805,0.6888486009102717,-0.7249040779698832,7,7,instant_velocity,dbscan_kmeans_fallback,False
800,223,10.7465589626,12.0566157619,0.0019573255199999196,-0.006610876450000092,0.0019404883099999992,-0.006596556864000007,0.0023322109868525384,-0.007213052393098355,0.2838942161385352,-0.9588540938052835,7,7,instant_velocity,dbscan_kmeans_fallback,False
800,224,10.4556961811,12.3387116452,0.0015153487900001039,-0.007947371330000053,0.0015153487900001039,-0.007947371330000053,0.001144928092542013,-0.006044219329467002,0.18729839007565036,-0.9823018075213483,7,7,instant_velocity,dbscan_kmeans_fallback,False
800,226,10.9805961645,12.4656786586,0.007660929989999943,-0.014104794170000013,0.007660929989999943,-0.014104794170000013,0.002298278996999983,-0.004231438251000004,0.4772860438843746,-0.8787472823782778,7,7,instant_velocity,dbscan_kmeans_fallback,False
800,232,2.71499991417,4.47081402803,0.026308138702999972,0.001980876337000037,0.010632697338199994,0.0010214639428000006,0.013524458157395211,0.0012280036783447043,0.9971769355914719,0.07508262814845625,-1,-1,instant_velocity,dbscan_kmeans_fallback,False
800,233,4.85437775351,3.80185060944,0.003914651038999928,0.0007159794000000108,0.013562371664199997,0.00014319588000000216,0.013376338056042464,0.0005415784861128772,0.9836800629011032,0.1799125015771087,-1,-1,instant_velocity,dbscan_kmeans_fallback,False
800,234,1.38906972353,3.5798969957,0.0620240678068,-0.02009515513600002,0.0620240678068,-0.02009515513600002,0.031636694348736005,-0.010248529119360002,0.9513160644637894,-0.30821654520171554,-1,-1,instant_velocity,dbscan_kmeans_fallback,False
800,235,2.92378130292,12.2480209213,0.035358138416999994,-0.028639175969999896,0.0320201617784,-0.024782433602000005,0.027569147142394203,-0.021692628562487694,0.7770735553521947,-0.6294094454549961,-1,-1,instant_velocity,dbscan_kmeans_fallback,False
800,275,14.5119902389,9.46238373904,-0.026266045680000082,0.03303051628000002,-0.026266045680000082,0.03303051628000002,-0.01539341811819003,0.024223015031663995,-0.6224039885327622,0.7826958548093215,-1,-1,instant_velocity,dbscan_kmeans_fallback,False
800,300,9.99625084677,8.48650381801,-0.02277232486299994,-0.014510515823000069,-0.019518534266600013,-0.013718165287600002,-0.020383250059042474,-0.013356937028419485,-0.8433417090785589,-0.5373769822537238,8,8,instant_velocity,dbscan_kmeans_fallback,False
800,301,10.3319426966,8.06359865292,-0.023719417859999935,-0.017111907639000102,-0.021669487687999974,-0.015011701401999993,-0.021979195141152295,-0.014937548379662153,-0.8109836609263792,-0.5850682164469619,8,8,instant_velocity,dbscan_kmeans_fallback,False
800,302,12.5757112303,12.0363296789,-0.021825231870000118,-0.01591860865000001,-0.015279766959999996,-0.009388876522000019,-0.01635108963848578,-0.008460735508469644,-0.8079300882310375,-0.5892777207461483,9,9,instant_velocity,dbscan_kmeans_fallback,False
800,303,12.2825333326,10.5800275811,-0.020309883080000014,-0.00658701047000001,-0.021025464452000014,-0.007928278546000023,-0.020434365026620344,-0.006896915564637231,-0.9512220798226989,-0.30850545886487196,9,9,instant_velocity,dbscan_kmeans_fallback,False
800,304,11.9182182279,10.97453223,-0.022814417879999917,-0.006109690869999973,-0.023576301579999993,-0.00907861878200002,-0.02359981680542321,-0.007938204780932724,-0.9659615448111214,-0.25868406821272794,9,9,instant_velocity,dbscan_kmeans_fallback,False
800,306,14.6106983753,12.1675925688,-0.008692209029999986,-0.015632216879999918,-0.008692209029999986,-0.015632216879999918,-0.002607662708999996,-0.004689665063999976,-0.4859692015041355,-0.8739752954276389,9,9,instant_velocity,dbscan_kmeans_fallback,False
800,316,8.65411484269,8.22350071873,-0.017658022698000053,-0.0078041754500000945,-0.013027790285800016,-0.004911618678000025,-0.01327961351195734,-0.005440406573646846,-0.9146517867777635,-0.4042413548646194,8,8,instant_velocity,dbscan_kmeans_fallback,False
800,317,7.82319858989,8.67695433818,-0.017826394785000053,-0.0016228866380000539,-0.017258138989400002,-0.004224278454999997,-0.016307173363041855,-0.003917299774968348,-0.9958810300205216,-0.09066342556364687,8,8,instant_velocity,dbscan_kmeans_fallback,False
800,410,2.71857782103,0.0622902077252,0.00027360464199999157,-0.0012648969384800007,0.00025676743359999145,-0.001264896938476,0.0002445912870636599,-0.0012787236415207728,0.21141487865555436,-0.9773885077598201,-1,-1,instant_velocity,dbscan_kmeans_fallback,False
800,411,11.0073252334,6.63116253504,0.02104651095999994,0.012863763204999934,0.017258138987999983,0.0190211860372,0.01737804802200599,0.016956245345442076,0.8532452914084033,0.521509023767372,-1,-1,instant_velocity,dbscan_kmeans_fallback,False
810,4,7.80530905557,6.45073572645,0.025866161973000068,-0.010906752847000068,0.022763906257000012,-0.008133525974400015,0.0219113388276444,-0.008049567353121536,0.9214344227063431,-0.38853300012837766,-1,-1,instant_velocity,dbscan_kmeans_fallback,False
810,37,3.11193711092,3.7476748349,-0.025403138731999998,0.013150154964000026,-0.0243676503926,0.020033103588000003,-0.024699770639473324,0.018672465611640224,-0.8880660628187967,0.45971509534865773,-1,-1,instant_velocity,dbscan_kmeans_fallback,False
810,38,7.62094161954,7.30370585063,-0.040619766158000024,0.001980876338000037,-0.04061555685560002,0.004625226918400002,-0.03965600939602014,0.004283947385879125,-0.9988127942886245,0.048708419999320116,0,0,instant_velocity,dbscan_kmeans_fallback,False
810,39,7.72680556968,7.87028421515,-0.04051453360299995,0.005799433132999976,-0.04052716150960002,0.005584639313200004,-0.04024869347196224,0.005526131267223103,-0.9899093868402637,0.14170009589556334,0,0,instant_velocity,dbscan_kmeans_fallback,False
810,40,12.2236031019,13.4203178575,-0.008313371829999916,0.020119021120000014,-0.004941720773999982,0.02115480464600001,-0.006481672582691731,0.018971521431145034,-0.3818910974054838,0.9242068334432949,-1,-1,instant_velocity,dbscan_kmeans_fallback,False
810,41,13.9858274648,2.3309902638,0.0006524418399999731,0.0020047423169999856,0.0006398139319999885,0.001990422729599999,0.0004113361787243474,0.0019261605018582946,0.30947094406975595,0.9509039111572014,1,1,instant_velocity,dbscan_kmeans_fallback,False
810,42,8.64948461028,4.87987692474,-0.04537627763500005,0.032075877080999946,-0.045755114832399996,0.036701104,-0.04527956957828855,0.034461025991088946,-0.8165812287215977,0.5772302287511302,-1,-1,instant_velocity,dbscan_kmeans_fallback,False
810,43,13.7463181701,9.04520640914,0.010207557820000091,0.0,0.003939906852000022,-0.010166907467800001,0.0025412344277790967,-0.006574193969623563,0.9999990203346991,0.0,-1,-1,instant_velocity,dbscan_kmeans_fallback,False
810,44,9.42883691122,7.43186616308,-0.05051162630999997,0.018138144778999978,-0.061422137593600004,0.0201667530758,-0.05622644565406501,0.02201368412111399,-0.9411603259254402,0.3379598618963265,-1,-1,instant_velocity,dbscan_kmeans_fallback,False
810,45,12.0415507821,6.2426243811,-0.035337091909999965,0.006825670270999939,-0.03730283603,0.013207433315999993,-0.03503423111769374,0.011219939234538238,-0.9818508706983015,0.18965313602346198,2,2,instant_velocity,dbscan_kmeans_fallback,False
810,46,12.801540293,6.40634500371,-0.026308138699999973,0.013651340544000056,-0.032146440844,0.0105917219114,-0.026632936940768598,0.010251622508316485,-0.8876151662833779,0.4605851080963641,2,2,instant_velocity,dbscan_kmeans_fallback,False
810,47,13.0387344715,6.77435841487,-0.02422453412000003,0.012290979686000014,-0.03152346412,0.005656237253200001,-0.025526485451100013,0.006900030293277503,-0.8917797911748162,0.4524688583656026,2,2,instant_velocity,dbscan_kmeans_fallback,False
810,48,14.5279855872,3.03957120915,-0.04377674281000008,0.0009546391989999847,-0.04377674281000008,0.0009546391989999847,-0.013133022843000027,0.00028639175969999545,-0.9997620839376888,0.021801806478457576,-1,-1,instant_velocity,dbscan_kmeans_fallback,False
810,49,14.9886937122,3.43001864148,0.0,0.0,0.0,0.0,0.0,0.0,0.0,0.0,1,1,instant_velocity,dbscan_kmeans_fallback,False
810,75,8.42786484984,6.80466820943,0.02041511563300009,0.0014080928180000285,0.01943855752500001,-0.0035369382318000044,0.018889076829468998,-0.0021498428655885075,0.997629324975829,0.06880953861725674,-1,-1,instant_velocity,dbscan_kmeans_fallback,False
810,80,14.7125634884,11.019877592,0.0026939534100000272,0.008567886810000046,0.0004756511480000114,0.020286082976000017,0.0023276458217958646,0.018963691150710244,0.29994674222606615,0.9539547814307486,3,3,instant_velocity,dbscan_kmeans_fallback,False
810,82,14.6008065152,6.21231458654,0.0356948826,-0.03529778437800006,0.03191913852599999,-0.022892247988600012,0.03015145402101728,-0.02438709467912998,0.711050725322502,-0.7031404323558197,-1,-1,instant_velocity,dbscan_kmeans_fallback,False
810,83,5.9932044617,1.4997381814,0.0008418604390000084,-0.03914020715300002,-0.011217790342999993,-0.04035259893560001,-0.010784480663563224,-0.03949045650821414,0.021503860550314634,-0.9997685097642787,-1,-1,instant_velocity,dbscan_kmeans_fallback,False
810,84,14.7685472075,7.11206203146,0.033064068719999895,-0.017899484979000048,0.031624487371999986,-0.018314753029999995,0.02883423382532309,-0.01726836264986312,0.87940553208381,-0.47607287068279935,4,4,instant_velocity,dbscan_kmeans_fallback,False
810,85,14.1251553674,7.05406770013,0.030812092050000038,-0.015345825122,0.029616650225999984,-0.0173887530072,0.026559356930514456,-0.017060534231632625,0.8951256298817647,-0.4458133305617475,4,4,instant_velocity,dbscan_kmeans_fallback,False
810,86,11.2121077851,3.43359853848,0.05541546337000014,0.0015990206580000165,0.052826742516399995,0.0024629691330000014,0.0525265279890063,0.002040848039080681,0.9995837700869015,0.02884312429363866,-1,-1,instant_velocity,dbscan_kmeans_fallback,False
810,87,3.22706152589,7.65453575621,0.035063487264000014,0.006348350671999991,0.0317086734162,0.007699165138799984,0.031335778855585104,0.006997654283501262,0.9840018760579057,0.1781565228834238,5,5,instant_velocity,dbscan_kmeans_fallback,False
810,88,1.43453018721,7.00514244119,0.034579417512,0.0036276289559999952,0.034579417512,0.0036276289559999952,0.022670501841534903,0.00534836611159201,0.9945419643415525,0.10433458650801493,5,5,instant_velocity,dbscan_kmeans_fallback,False
810,217,0.654125560716,6.51230995478,-0.04034616151539999,-0.01491623748199995,-0.03281151059068,-0.0023388660372000024,-0.034115975588905376,-0.003492403081915803,-0.9379511902412343,-0.34676663589973883,6,6,instant_velocity,dbscan_kmeans_fallback,False
810,219,0.692851140887,5.21495528354,-0.039251742945300004,-0.004534536193999994,-0.03614948722926,-0.0031932681201999992,-0.03790317196815336,-0.002609263611569597,-0.9933928569128723,-0.11476116795144388,6,6,instant_velocity,dbscan_kmeans_fallback,False
810,220,0.697902303518,5.79179601945,-0.039314882478199996,-0.0063006187119999165,-0.03695767325024,-0.006319711496399982,-0.038360275029197505,-0.0048637712857017715,-0.9874002402355992,-0.15824115545331432,6,6,instant_velocity,dbscan_kmeans_fallback,False
810,221,1.9701638912,8.02135586837,0.002714999913999994,-0.0007637113590000411,0.002714999913999998,-0.0007684845550000219,0.0032365877432903854,-0.0007655703103452002,0.962636655602175,-0.2707832676834454,-1,-1,instant_velocity,dbscan_kmeans_fallback,False
810,222,13.319915858,11.5960023485,-0.00023151162000001335,-0.0002625257799998337,0.00681065094800001,-0.007933051741999968,0.005020207498011707,-0.007312729080969313,-0.6613958620064768,-0.749998918248262,3,3,instant_velocity,dbscan_kmeans_fallback,False
810,223,10.7659217527,11.9907456572,0.0019362790100000637,-0.00658701047000001,0.0019404883119999994,-0.006596556864000007,0.002213431393796796,-0.007025239816168851,0.28202153132701174,-0.9594065576408851,3,3,instant_velocity,dbscan_kmeans_fallback,False
810,224,10.5051554818,12.2263028795,0.004945930069999882,-0.01124087656999997,0.002193046441999975,-0.008610845573999982,0.0022852286857793737,-0.007603216501626892,0.40273449186889837,-0.9153159566568743,3,3,instant_velocity,dbscan_kmeans_fallback,False
810,225,11.4583519633,12.5508802071,0.0,0.0,0.0,0.0,0.0,0.0,0.0,0.0,3,3,instant_velocity,dbscan_kmeans_fallback,False
810,226,11.0569949993,12.324630717,0.007639883480000087,-0.014104794160000012,0.007639883480000087,-0.014104794160000012,0.003900760341900014,-0.007193445023700007,0.47627256808455937,-0.8792969885565879,3,3,instant_velocity,dbscan_kmeans_fallback,False
810,232,3.00965106765,4.498259905,0.029465115348000025,0.0027445876969999896,0.015873278568,0.0014558247782000145,0.018306655314576654,0.0016829788839412899,0.9956895070255217,0.09274551070779095,7,7,instant_velocity,dbscan_kmeans_fallback,False
810,233,4.89289286857,3.80972638283,0.003851511506000005,0.0007875773389999896,0.0057162323773999905,0.00030071134780000006,0.010518890091029725,0.0006153781419790109,0.9797240165870851,0.20033912211764196,-1,-1,instant_velocity,dbscan_kmeans_fallback,False
810,234,1.70897669016,3.51307225178,0.03199069666300001,-0.006682474391999982,0.03199069666300001,-0.006682474391999982,0.03174289504301521,-0.009178712701151996,0.9788715623801849,-0.2044745763923346,7,7,instant_velocity,dbscan_kmeans_fallback,False
810,235,3.32113942989,11.973084832,0.039735812696999995,-0.02749360893000006,0.0339732779958,-0.025799124350000008,0.031219146808775942,-0.023432922672741406,0.8223450198332783,-0.5689887999330202,-1,-1,instant_velocity,dbscan_kmeans_fallback,False
810,275,14.2360704802,9.77526673646,-0.027591975869999886,0.03128829974200009,-0.027591975869999886,0.03128829974200009,-0.019052985443732986,0.026342600444764823,-0.661414600509518,0.7500201642673128,-1,-1,instant_velocity,dbscan_kmeans_fallback,False
810,300,9.75463690092,8.33638680399,-0.024161394585000016,-0.015011701401999922,-0.02084446445760001,-0.013937732303199972,-0.021516693416829737,-0.013853366340493617,-0.8494039157342557,-0.5277426312390213,8,8,instant_velocity,dbscan_kmeans_fallback,False
810,301,10.0758066582,7.86646565836,-0.02561360384000011,-0.019713299455999957,-0.022734441142000003,-0.016057031324599985,-0.02306951775080664,-0.016370273702563495,-0.7924663130067061,-0.6099151776797889,8,8,instant_velocity,dbscan_kmeans_fallback,False
810,302,12.3574589117,11.8773822523,-0.02182523185999994,-0.015894742659999926,-0.01913548776599999,-0.012567825054000004,-0.01799333230494003,-0.010690937653928728,-0.8083507195229845,-0.5887005805144125,9,9,instant_velocity,dbscan_kmeans_fallback,False
810,303,12.0792240367,10.5141574764,-0.020330929590000046,-0.00658701047000001,-0.021012836545999995,-0.00802851566200001,-0.020403334395634253,-0.0068039440362460644,-0.9513157652694585,-0.3082164481641875,9,9,instant_velocity,dbscan_kmeans_fallback,False
810,304,11.6909159095,10.9172538781,-0.022730231840000135,-0.005727835189999908,-0.023311115542000032,-0.008176484737999985,-0.023338941315796287,-0.007275093903652879,-0.9696858994616513,-0.24435302980099854,9,9,instant_velocity,dbscan_kmeans_fallback,False
810,306,14.5235658199,12.0112704,-0.00871325554000002,-0.015632216879999918,-0.00871325554000002,-0.015632216879999918,-0.004439340558300003,-0.00797243060879996,-0.4868672192713137,-0.8734753535544344,9,9,instant_velocity,dbscan_kmeans_fallback,False
810,316,8.48384856901,8.12135432445,-0.017026627367999935,-0.010214639428000005,-0.01445053442679999,-0.006338804280400012,-0.014403717668770119,-0.006872676429952794,-0.8575221993747146,-0.5144459838582329,8,8,instant_velocity,dbscan_kmeans_fallback,False
810,317,7.6529323162,8.6657373276,-0.017026627368999937,-0.0011217010579999353,-0.020431952842599993,-0.003928340303199995,-0.01652300956482928,-0.0030786201598778243,-0.9978364170508897,-0.06573669232667234,8,8,instant_velocity,dbscan_kmeans_fallback,False
810,410,2.72110340235,0.0496412383404,0.00025255813200000257,-0.00126489693848,0.00025676743380000035,-0.001264896938472,0.0002469813405445627,-0.001274575630608541,0.19580057904757156,-0.9806358283877472,-1,-1,instant_velocity,dbscan_kmeans_fallback,False
810,411,11.1546508102,6.83593264319,0.014732557680000013,0.020477010814999995,0.017346534335999985,0.018343392205999988,0.016584400919404198,0.01801247498630945,0.5840201460772898,0.8117386747881058,-1,-1,instant_velocity,dbscan_kmeans_fallback,False
820,4,8.0989078835,6.38486562173,0.029359882793000038,-0.006587010471999921,0.025011673627800022,-0.008658577533599984,0.024145902017251093,-0.0076108002887850515,0.9757442142953923,-0.21891222805185928,0,0,instant_velocity,dbscan_kmeans_fallback,False
820,37,2.85958944448,3.86318617796,-0.025234766643999994,0.011551134305999966,-0.02467913875479999,0.017422165379,-0.024860269440831327,0.016536066219948145,-0.909266381646348,0.4162137991010459,-1,-1,instant_velocity,dbscan_kmeans_fallback,False
820,38,7.25809977055,7.2461888389,-0.03628418489899996,-0.00575170117299999,-0.04061134755319998,0.002978474300400009,-0.03864446204691409,0.0012732528182153905,-0.9876676617478614,-0.15656323173366643,1,1,instant_velocity,dbscan_kmeans_fallback,False
820,39,7.31261023394,7.91658421629,-0.04141953357399997,0.004630000114000055,-0.040539789415999984,0.005689649625000008,-0.04059994550257356,0.005257291921256188,-0.9938099888708438,0.11109107140343974,1,1,instant_velocity,dbscan_kmeans_fallback,False
820,41,13.9921414181,2.35079902718,0.0006313953299999398,0.001980876337999993,0.0006398139319999885,0.001990422729599999,0.0004773539241070251,0.001942575252700804,0.3036898043073103,0.9527659120384319,-1,-1,instant_velocity,dbscan_kmeans_fallback,False
820,42,8.19572183393,5.20063569556,-0.04537627763500005,0.032075877082000034,-0.0450058590414,0.0337655884636,-0.045308581995302,0.033745481318362275,-0.8165812287131144,0.5772302287631308,-1,-1,instant_velocity,dbscan_kmeans_fallback,False
820,43,13.8486042134,9.04520640914,0.010228604329999946,0.0,0.006452860262000009,-0.006100144480599994,0.004847445398445352,-0.004601935778736493,0.9999990223504692,0.0,-1,-1,instant_velocity,dbscan_kmeans_fallback,False
820,44,8.92372064812,7.61324761086,-0.05051162630999997,0.018138144778000066,-0.05908176557360001,0.017164412795399996,-0.0545119998508455,0.020851022318179813,-0.9411603259313662,0.3379598618798236,-1,-1,instant_velocity,dbscan_kmeans_fallback,False
820,45,11.6883903282,6.31088108382,-0.035316045389999925,0.006825670272000028,-0.03655358023999998,0.012711020932599997,-0.0351187753993856,0.009901658545776775,-0.9818298187245771,0.1897620906255024,2,2,instant_velocity,dbscan_kmeans_fallback,False
820,46,12.4812123961,6.41994861229,-0.03203278969000003,0.0013603608579999538,-0.03075316181799998,0.009460474460599997,-0.028252892765538027,0.007584244013221525,-0.9990991509319198,0.042429503997057916,2,2,instant_velocity,dbscan_kmeans_fallback,False
820,47,12.7962786652,6.89726821172,-0.024245580630000062,0.012290979685000014,-0.028825301414000002,0.008114433190200004,-0.025142214004770028,0.008517315110794257,-0.8919382479087228,0.45215641780737137,2,2,instant_velocity,dbscan_kmeans_fallback,False
820,48,14.0902181592,3.04911760114,-0.0437767427999999,0.0009546391989999847,-0.0437767427999999,0.0009546391989999847,-0.02232613883009999,0.0004868659914899923,-0.9997620839375801,0.02180180648343552,3,3,instant_velocity,dbscan_kmeans_fallback,False
820,49,14.6113297706,3.44648616766,-0.037736394160000054,0.0016467526180000025,-0.037736394160000054,0.0016467526180000025,-0.011320918248000017,0.0004940257854000008,-0.9990489420161974,0.043596811444141,3,3,instant_velocity,dbscan_kmeans_fallback,False
820,75,8.63222647129,6.81874913761,0.020436162144999947,0.0014080928180000285,0.019741627282799996,-0.0020477010815999996,0.01935320242412828,-0.0010824621605119466,0.9976341876126115,0.06873900904687771,0,0,instant_velocity,dbscan_kmeans_fallback,False
820,80,14.7395030224,11.1055564601,0.002693953399999849,0.008567886810000046,0.0011280929879999846,0.016839835468000004,0.00243753809525706,0.015844949848497186,0.29994674121281195,0.9539547817493402,4,4,instant_velocity,dbscan_kmeans_fallback,False
820,82,14.9577553411,5.85957540256,0.03569488259,-0.03527391839799998,0.03354813847399999,-0.0262430315766,0.031814482591712094,-0.027653141794790982,0.7112884571752776,-0.7028999446231278,5,5,instant_velocity,dbscan_kmeans_fallback,False
820,83,6.01130446112,1.15153353362,0.0018099999419999512,-0.03482046477799998,-0.006894836991400002,-0.039020877253,-0.007006136481894271,-0.03808945898914989,0.051910824701035994,-0.9986514370282802,-1,-1,instant_velocity,dbscan_kmeans_fallback,False
820,85,14.5010460532,6.77316511587,0.037589068579999996,-0.02809025842599997,0.03241162688199999,-0.018882763353199987,0.029868270425360118,-0.02036945148994283,0.8010373124052554,-0.5986140642576172,5,5,instant_velocity,dbscan_kmeans_fallback,False
820,86,11.6856542817,3.45149802346,0.047354649659999914,0.0017899484980000047,0.052468951828799994,0.0021527113934000043,0.050974964490304385,0.0019655781767564783,0.9992861794198479,0.03777180928941801,-1,-1,instant_velocity,dbscan_kmeans_fallback,False
820,87,3.63241732703,7.57315276451,0.040535580114000026,-0.008138299169999997,0.034402626819400005,0.0041622269069999975,0.034095719233109584,0.002456868247450884,0.9804351265712998,-0.19684125290360083,-1,-1,instant_velocity,dbscan_kmeans_fallback,False
820,88,1.78074529254,7.02041666837,0.034621510533,0.0015274227179999933,0.034621510533,0.0015274227179999933,0.026255804448974435,0.004202083093514405,0.9990279426768756,0.04407485265863789,-1,-1,instant_velocity,dbscan_kmeans_fallback,False
820,217,0.250874410674,6.36314757996,-0.0403251150042,-0.01491623748200004,-0.03522344074692,-0.005575092921400007,-0.03597871741349376,-0.006919553401941074,-0.9378923149977476,-0.34692584265642146,6,6,instant_velocity,dbscan_kmeans_fallback,False
820,219,0.300333711436,5.16984858139,-0.03925174294509999,-0.004510670215000001,-0.03762695229888,-0.0038233299913999906,-0.038307743261237356,-0.003179685592598718,-0.9934615413108275,-0.11416505479530949,6,6,instant_velocity,dbscan_kmeans_fallback,False
820,220,0.304543013628,5.72902849212,-0.039335928989,-0.006276752733000013,-0.03778690578224,-0.006410402220399991,-0.03865297121713825,-0.005287665719891244,-0.9875068600145215,-0.15757442475009878,6,6,instant_velocity,dbscan_kmeans_fallback,False
820,221,2.08507784106,8.00178576479,0.011491394986000002,-0.0019570103579999555,0.0044702789284,-0.0010071443548000047,0.005713029916103271,-0.0011230023246416268,0.9858057289073474,-0.16788492822653506,-1,-1,instant_velocity,dbscan_kmeans_fallback,False
820,222,13.3178112069,11.5936157505,-0.00021046510999997992,-0.00023865980000010724,0.005198488208,-0.005641917664000005,0.0034510057156082008,-0.0051905082966785514,-0.6613939741043506,-0.749996774197089,4,4,instant_velocity,dbscan_kmeans_fallback,False
820,223,10.7852845428,11.9248755525,0.001936279009999886,-0.00658701047000001,0.0019404883119999994,-0.006591783667999991,0.002130285678657723,-0.0068937710123181985,0.2820215313269879,-0.9594065576408921,4,4,instant_velocity,dbscan_kmeans_fallback,False
820,224,10.5695578054,12.0995745259,0.006440232360000131,-0.012672835360000079,0.0031822324580000226,-0.009555938380000023,0.003531729788045601,-0.009124102159138848,0.4530461179689789,-0.8914862915765863,4,4,instant_velocity,dbscan_kmeans_fallback,False
820,225,11.5591647509,12.462814741,0.010081278760000067,-0.008806546609999976,0.010081278760000067,-0.008806546609999976,0.0030243836280000208,-0.0026419639829999932,0.7531153703387777,-0.6578873344829317,4,4,instant_velocity,dbscan_kmeans_fallback,False
820,226,11.1336042992,12.1835827754,0.007660929989999943,-0.014104794160000012,0.007660929989999943,-0.014104794160000012,0.005028811236329993,-0.009266849764590008,0.4772860441456751,-0.8787472822363537,4,4,instant_velocity,dbscan_kmeans_fallback,False
820,232,3.4305812869,4.55553825693,0.042093021924999974,0.005727835192999997,0.0236436504154,0.0024868351130000123,0.02544256529770365,0.0028964357766589023,0.990868097479252,0.13483301746486842,-1,-1,instant_velocity,dbscan_kmeans_fallback,False
820,233,4.93161844875,3.81784081602,0.0038725580180000384,0.0008114433189999826,0.004066185918000009,0.0004630000115999966,0.008524990469120818,0.0006741976950853023,0.9787421147466996,0.20508246651015466,-1,-1,instant_velocity,dbscan_kmeans_fallback,False
820,234,2.02888365679,3.44624750786,0.03199069666300001,-0.006682474392000026,0.03199069666300001,-0.006682474392000026,0.031817235529010654,-0.008429841208406405,0.9788715623801845,-0.20447457639233585,-1,-1,instant_velocity,dbscan_kmeans_fallback,False
820,235,3.78416267107,11.7153322483,0.04630232411799997,-0.025775258370000033,0.03723969649719999,-0.026467371788000023,0.03574410000154315,-0.024135623381918995,0.8737422633069012,-0.48638881556204633,-1,-1,instant_velocity,dbscan_kmeans_fallback,False
820,275,13.9603611866,10.0879110741,-0.02757092936000003,0.03126443376400001,-0.024704394568000013,0.03515458849800002,-0.0216083686186131,0.02781915044053538,-0.6614146003780044,0.750020164139314,-1,-1,instant_velocity,dbscan_kmeans_fallback,False
820,300,9.51302295507,8.18603113017,-0.024161394585000016,-0.015035567382000004,-0.02201465046660001,-0.014214577670999979,-0.02231010376728082,-0.014208026652945533,-0.849027762630016,-0.5283475707208356,7,7,instant_velocity,dbscan_kmeans_fallback,False
820,301,9.80388573658,7.70011977795,-0.02719209216199996,-0.016634588040999976,-0.02402248761239999,-0.016486618964199985,-0.024306290074164634,-0.016449568004094438,-0.8530414152293807,-0.5218426165855083,7,7,instant_velocity,dbscan_kmeans_fallback,False
820,302,12.168040313,11.7475513213,-0.018941859869999966,-0.012983093100000075,-0.02065925516,-0.013971144676000016,-0.01827789057445801,-0.011378584287750132,-0.8248424325903377,-0.5653619110608968,4,4,instant_velocity,dbscan_kmeans_fallback,False
820,303,11.9278996229,10.4738239702,-0.01513244137999994,-0.004033350619999964,-0.019674278447999995,-0.006892495015999991,-0.018822066490943958,-0.005972766011372234,-0.9662655866696828,-0.25754521727272073,4,4,instant_velocity,dbscan_kmeans_fallback,False
820,304,11.5040228921,10.8511451136,-0.01868930173999992,-0.006610876450000092,-0.022275627203999983,-0.007508237298000004,-0.02194404944305738,-0.007075828667557044,-0.9427576599411167,-0.3334771142799233,4,4,instant_velocity,dbscan_kmeans_fallback,False
820,306,14.4557960546,11.8227291582,-0.006776976529999956,-0.01885412418000012,-0.006776976529999956,-0.01885412418000012,-0.00514063134980999,-0.011236938680160008,-0.3382549450365422,-0.9410539803386515,4,4,instant_velocity,dbscan_kmeans_fallback,False
820,312,14.6904646519,12.7682992847,0.0,0.0,0.0,0.0,0.0,0.0,0.0,0.0,4,4,instant_velocity,dbscan_kmeans_fallback,False
820,316,8.31337183021,8.01896927037,-0.017047673879999968,-0.01023850540799991,-0.01587327856799998,-0.0077755362747999966,-0.015196904532139073,-0.00788242512336693,-0.8572727574552095,-0.5148615479812413,7,7,instant_velocity,dbscan_kmeans_fallback,False
820,317,7.49045325157,8.49056103461,-0.016247906463000027,-0.01751762929900007,-0.020141510991200012,-0.0064390413962000185,-0.016440478634280505,-0.007410322901614499,-0.6800357381236096,-0.7331783942533683,7,7,instant_velocity,dbscan_kmeans_fallback,False
820,410,2.72362898366,0.0369922689556,0.00025255813100000246,-0.00126489693848,0.00025676743360000034,-0.0012648969384880001,0.00024865437768119465,-0.0012716720229699787,0.19580057830202452,-0.9806358285366069,-1,-1,instant_velocity,dbscan_kmeans_fallback,False
820,411,11.259883365,7.09153728869,0.01052325548000006,0.025560464550000005,0.016597278546,0.01868228912159999,0.014766057287582957,0.020276871855416618,0.38069888571265287,0.9246986724760875,-1,-1,instant_velocity,dbscan_kmeans_fallback,False
830,4,8.42786484984,6.36243160056,0.03289569663399998,-0.0022434021170000483,0.02796660376700002,-0.008310134225999999,0.02677084040227576,-0.006000580837249551,0.9976823326101738,-0.06803937554427326,0,0,instant_velocity,dbscan_kmeans_fallback,False
830,37,2.62197433571,3.8323990638,-0.023761510877000003,-0.0030787114159999797,-0.0246959759636,0.011880484829800001,-0.024530641871681927,0.010651632929163707,-0.9917099893081924,-0.1284930441186587,-1,-1,instant_velocity,dbscan_kmeans_fallback,False
830,38,6.89525792155,7.18867182717,-0.03628418490000005,-0.00575170117299999,-0.040034673153,0.000959412394800001,-0.03793637890283988,-0.0008342333791492239,-0.9876676617485286,-0.1565632317294569,1,1,instant_velocity,dbscan_kmeans_fallback,False
830,39,6.8984148982,7.96288421744,-0.04141953357399997,0.004630000114999966,-0.04063660336639998,0.005641917665200005,-0.04084582192400148,0.005069104379379322,-0.9938099888681952,0.11109107142713527,1,1,instant_velocity,dbscan_kmeans_fallback,False
830,41,14.0115042082,2.38707531673,0.0019362790100000637,0.0036276289549999952,0.0008965813660000066,0.0023150000572000006,0.0009150314498749367,0.0024480913633905615,0.4708793133246856,0.8821948812671828,-1,-1,instant_velocity,dbscan_kmeans_fallback,False
830,42,7.75984859189,5.52569034277,-0.04358732420399995,0.032505464721,-0.044525998592399994,0.032543650289,-0.04479220465791139,0.03337347633915359,-0.8016302924181687,0.5978197942945176,-1,-1,instant_velocity,dbscan_kmeans_fallback,False
830,43,13.9599402564,9.00320228439,0.011133604299999966,-0.004200412475000093,0.009146813666,-0.0028734639886000223,0.006733293068911736,-0.004481478787615573,0.9356272355614002,-0.35298724530761055,-1,-1,instant_velocity,dbscan_kmeans_fallback,False
830,44,8.78754972219,7.90799246351,-0.013617092592999924,0.029474485265000006,-0.04827227754419997,0.01982308296420001,-0.04224352767349182,0.02343806120222587,-0.4194003890884597,0.9078010231551008,-1,-1,instant_velocity,dbscan_kmeans_fallback,False
830,45,11.3470159204,6.27675273246,-0.03413744078000001,-0.00341283513599997,-0.035804324448,0.00820989711000001,-0.03482437501356992,0.0059073104412437506,-0.9950395229866816,-0.09947745841999807,1,1,instant_velocity,dbscan_kmeans_fallback,False
830,46,12.1547810111,6.41994861229,-0.03264313849999993,0.0,-0.02948195255599998,0.008057154838200003,-0.0295699664858766,0.005308970809255067,-0.9999996936570013,0.0,1,1,instant_velocity,dbscan_kmeans_fallback,False
830,47,12.5157286741,6.9118264595,-0.028054999109999913,0.0014558247780000143,-0.02688902240600001,0.008405598145800006,-0.026016049536338993,0.006398868010955984,-0.9986559773890767,0.051822069602655015,1,1,instant_velocity,dbscan_kmeans_fallback,False
830,48,13.6897030556,2.98539543462,-0.04005151036000001,-0.006372216651999984,-0.04005151036000001,-0.006372216651999984,-0.027643750289069995,-0.001570858801557001,-0.987578588019974,-0.1571242798879435,2,2,instant_velocity,dbscan_kmeans_fallback,False
830,49,14.2339658291,3.46295369384,-0.03773639414999987,0.0016467526180000025,-0.03773639414999987,0.0016467526180000025,-0.019245561018599977,0.0008398438351800014,-0.999048942015694,0.04359681145567223,2,2,instant_velocity,dbscan_kmeans_fallback,False
830,75,8.82501251171,6.85216150957,0.01927860404199997,0.003341237195999991,0.019838441233399992,-1.4319587999995775e-05,0.019330822909489787,0.0002446476464416349,0.9853108493648586,0.17076740890305042,0,0,instant_velocity,dbscan_kmeans_fallback,False
830,80,14.7666530215,11.1912353282,0.0027149999100000597,0.00856788680999987,0.001784744128,0.013393587959999991,0.00252077663967996,0.013661830936947991,0.30207699807885846,0.9532823621508519,3,3,instant_velocity,dbscan_kmeans_fallback,False
830,83,6.04434748334,0.868005691558,0.003304302222000022,-0.02835278420620001,-0.0026266045679999906,-0.03651017616024,-0.003913004870725982,-0.035168456554264926,0.11575890867841329,-0.9932769877561894,-1,-1,instant_velocity,dbscan_kmeans_fallback,False
830,85,14.9219762724,6.40729964291,0.042093021920000064,-0.03658654729600004,0.034516277978000005,-0.022515165505,0.0335356958737521,-0.025234580231759993,0.7547481375464626,-0.6560143979064442,-1,-1,instant_velocity,dbscan_kmeans_fallback,False
830,86,12.1389961279,3.46963616823,0.04533418462000007,0.0018138144769999976,0.051568161161,0.0017660825178000027,0.04928273052921309,0.0019200490668295342,0.999200344901173,0.03997786805248016,-1,-1,instant_velocity,dbscan_kmeans_fallback,False
830,87,4.04387661634,7.47554090642,0.04114592893100002,-0.009761185808999961,0.03722285928820001,0.00030071134760000005,0.036210782142476715,-0.00120854796948437,0.9729946226516555,-0.23082675612422443,-1,-1,instant_velocity,dbscan_kmeans_fallback,False
830,88,2.12696039788,7.03592955535,0.034621510534,0.0015512886979999862,0.034541533791820005,0.006114464068600008,0.0287655162744821,0.0034068447748600793,0.9989973836628057,0.04476215297093272,-1,-1,instant_velocity,dbscan_kmeans_fallback,False
830,221,2.23745458043,7.97696514562,0.015237673937000018,-0.002482061916999978,0.006974813733000001,-0.0013460412703999757,0.008570423122372295,-0.0015307202023491324,0.9869911113899787,-0.16077080137868202,-1,-1,instant_velocity,dbscan_kmeans_fallback,False
830,222,13.3154960907,11.5909904927,-0.00023151162000001335,-0.00026252578000001136,0.003325348732000002,-0.003785144424000002,0.0023462505149257364,-0.0037121135416749895,-0.6613958620062251,-0.7499989182484841,3,3,instant_velocity,dbscan_kmeans_fallback,False
830,223,10.8585264009,11.8501750352,0.007324185810000117,-0.007470051730000015,0.00301806967200001,-0.006768391920000028,0.0036884557180604416,-0.007066655227622743,0.700100262141362,-0.7140432138193477,3,3,instant_velocity,dbscan_kmeans_fallback,False
830,224,10.634170594,11.9728461722,0.006461278859999986,-0.012672835369999903,0.0041714184719999995,-0.010501031187999992,0.004410594509631917,-0.010188722122397164,0.4542215933013872,-0.8908879492948465,3,3,instant_velocity,dbscan_kmeans_fallback,False
830,225,11.6597670733,12.3745106151,0.010060232239999856,-0.008830412590000059,0.010060232239999856,-0.008830412590000059,0.005135138211599971,-0.004498498565100013,0.7515493644684348,-0.6596757223577479,3,3,instant_velocity,dbscan_kmeans_fallback,False
830,226,11.2102135991,12.0425348337,0.007660929989999943,-0.014104794170000013,0.007660929989999943,-0.014104794170000013,0.005818446862430978,-0.01071823308621301,0.4772860438843746,-0.8787472823782778,3,3,instant_velocity,dbscan_kmeans_fallback,False
830,232,3.85151150615,4.61281660886,0.042093021925000015,0.005727835192999997,0.0314098129606,0.0035226186438000085,0.030437702285892557,0.0037458556015612307,0.990868097479252,0.13483301746486828,4,4,instant_velocity,dbscan_kmeans_fallback,False
830,233,4.97013356381,3.82571658941,0.003851511506000005,0.0007875773389999896,0.003969371967599997,0.0006205154793999945,0.007122946780184574,0.0007082115882597085,0.9797240165870851,0.20033912211764196,-1,-1,instant_velocity,dbscan_kmeans_fallback,False
830,234,2.42350573734,3.44028101287,0.039462208055,-0.0005966494990000016,0.04550255670108,-0.010830381711000002,0.03411072728680746,-0.006079883695584484,0.9998854663569511,-0.015117784634042262,4,4,instant_velocity,dbscan_kmeans_fallback,False
830,235,4.24718591224,11.4575796646,0.04630232411700001,-0.025775258369999852,0.0405019056962,-0.027140392423999984,0.03891156723618021,-0.02462751387834325,0.8737422633024385,-0.4863888155700629,-1,-1,instant_velocity,dbscan_kmeans_fallback,False
830,275,13.6892821254,10.3492435548,-0.027107906120000004,0.026133248069999837,-0.025916673597999988,0.03236226884159997,-0.023258229869029173,0.02731337972937472,-0.7199306010725175,0.6940456746355365,-1,-1,instant_velocity,dbscan_kmeans_fallback,False
830,300,9.31308110093,8.19796412016,-0.019994185413999867,0.0011932989989999142,-0.022115673719399993,-0.011322020898399999,-0.021615328261296533,-0.009587628957361897,-0.9982232568844843,0.059576261225657616,1,1,instant_velocity,dbscan_kmeans_fallback,False
830,301,9.46903574716,7.65668369441,-0.033484998942000035,-0.00434360835400005,-0.026362859630800026,-0.014458010666600013,-0.027059902734515258,-0.01281778010906612,-0.9916910319544657,-0.12864021463597702,1,1,instant_velocity,dbscan_kmeans_fallback,False
830,302,11.9981949695,11.6375291536,-0.016984534350000045,-0.01100221677000004,-0.020036278436000005,-0.013784990032000018,-0.01788988370712062,-0.011265674032425104,-0.8392941289571325,-0.543676720850149,3,3,instant_velocity,dbscan_kmeans_fallback,False
830,303,11.7896240459,10.4396956189,-0.013827557699999993,-0.0034128351299999695,-0.018074743614000008,-0.005627598075999991,-0.017323713853660768,-0.0052047867469605545,-0.97086525225983,-0.23962315770402692,3,3,instant_velocity,dbscan_kmeans_fallback,False
830,304,11.3777438264,10.7714327405,-0.012627906570000036,-0.007971237309999957,-0.020086790062000013,-0.0071932063619999905,-0.019149206581140176,-0.007344451260289917,-0.8456177902062246,-0.5337876109493226,3,3,instant_velocity,dbscan_kmeans_fallback,False
830,306,14.4071786143,11.6024461631,-0.004861744030000103,-0.02202829950999998,-0.004861744030000103,-0.02202829950999998,-0.005056965153867023,-0.014474346929112002,-0.21551778968250113,-0.9764994601863516,5,5,instant_velocity,dbscan_kmeans_fallback,False
830,307,14.8624146464,11.988597719,0.0,0.0,0.0,0.0,0.0,0.0,0.0,0.0,3,3,instant_velocity,dbscan_kmeans_fallback,False
830,312,14.698462326,12.6031467033,0.0007997674100000296,-0.016515258139999923,0.0007997674100000296,-0.016515258139999923,0.00023993022300000894,-0.004954577441999977,0.04836926005490376,-0.9988289168315734,5,5,instant_velocity,dbscan_kmeans_fallback,False
830,316,8.25486252973,7.94593937166,-0.00585093004800008,-0.007302989871000065,-0.015060883244800004,-0.008620391965600015,-0.012393112186897376,-0.00770859454765687,-0.6252505728290694,-0.7804226956650191,1,1,instant_velocity,dbscan_kmeans_fallback,False
830,317,7.33028930315,8.27457391587,-0.016016394842000015,-0.02159871187399993,-0.018382022674600016,-0.009565484772399983,-0.016313253496596358,-0.01166683959333013,-0.5956438597262379,-0.803248186165329,-1,-1,instant_velocity,dbscan_kmeans_fallback,False
830,340,12.9646507529,12.458041545,0.0,0.0,0.0,0.0,0.0,0.0,0.0,0.0,3,3,instant_velocity,dbscan_kmeans_fallback,False
830,410,2.72615456498,0.0243432995708,0.00025255813200000257,-0.0012648969384799996,0.00025676743380000035,-0.0012648969384799998,0.000249825503976837,-0.001269639497622985,0.1958005790475716,-0.980635828387747,-1,-1,instant_velocity,dbscan_kmeans_fallback,False
830,411,11.3651159198,7.34738059398,0.010523255479999882,0.025584330529,0.015574418111999968,0.019465093264599994,0.013493216745308035,0.021869109457491633,0.38039516424837894,0.9248236567343967,-1,-1,instant_velocity,dbscan_kmeans_fallback,False
840,4,8.75661135108,6.34023623919,0.03287465012399995,-0.0022195361369999667,0.029368301397199995,-0.006572690883999996,0.028601983318793014,-0.0048662674271746755,0.9977283133727264,-0.0673617525383826,0,0,instant_velocity,dbscan_kmeans_fallback,False
840,37,2.38435922695,3.80161194964,-0.023761510876,-0.003078711416000024,-0.024712813172199997,0.006343577476399993,-0.024299902572977348,0.0065325296256145875,-0.9917099893075033,-0.12849304412397888,-1,-1,instant_velocity,dbscan_kmeans_fallback,False
840,38,6.5157893289,7.23353986951,-0.037946859264999945,0.004486804234000008,-0.03892762667619998,0.000424814443399999,-0.0379395230114879,0.0007620779047955459,-0.9930819440223145,0.11742116099863968,1,1,instant_velocity,dbscan_kmeans_fallback,False
840,39,6.49495328304,8.02374246637,-0.04034616151600003,0.006085824893000069,-0.04072078941039999,0.005541680549400016,-0.040695923801601044,0.005374120533465546,-0.9888138921674917,0.14915292987935805,1,1,instant_velocity,dbscan_kmeans_fallback,False
840,41,14.0506507186,2.44817222546,0.003914651040000017,0.006109690873000018,0.0015532325099999866,0.003140762964199997,0.0018149173269124607,0.0035465712162733986,0.5394878358630492,0.8419917569120002,-1,-1,instant_velocity,dbscan_kmeans_fallback,False
840,42,7.48624394938,5.89179447553,-0.02736046425099996,0.03661041327600003,-0.04121327776679998,0.0332262173162,-0.03956268253583796,0.034344557420207526,-0.5986358715848672,0.8010210082513305,-1,-1,instant_velocity,dbscan_kmeans_fallback,False
840,43,14.0714867645,8.96095949984,0.01115465081,-0.004224278454999997,0.01059060431799999,-0.0016849381860000179,0.008059700391238215,-0.004404318687830901,0.9351855437744596,-0.3541557876874414,-1,-1,instant_velocity,dbscan_kmeans_fallback,False
840,44,8.60339275127,8.18865638797,-0.018415697092000017,0.02806639244599989,-0.038426719714599995,0.02219536137339999,-0.03509517849904428,0.024826560575358075,-0.5485964554097857,0.8360869173236025,-1,-1,instant_velocity,dbscan_kmeans_fallback,False
840,45,11.0087984892,6.21708778254,-0.03382174312000004,-0.005966494992000015,-0.03499192912599998,0.0031980413161999976,-0.03452358544549896,0.00234516881127062,-0.9847934754087595,-0.17372745450562238,2,2,instant_velocity,dbscan_kmeans_fallback,False
840,46,11.828139161,6.41994861229,-0.032664185010000145,0.0,-0.02999127812000001,0.005727835192999997,-0.030498232043113662,0.0037162795664785466,-0.9999996938543871,0.0,2,2,instant_velocity,dbscan_kmeans_fallback,False
840,47,12.2349682179,6.92614604748,-0.028076045619999945,0.0014319587979999327,-0.025769348022000003,0.007952144526399998,-0.026634048361437276,0.004908795247069168,-0.9987015306012723,0.050936640532517195,2,2,instant_velocity,dbscan_kmeans_fallback,False
840,48,13.3453821362,2.81188976022,-0.03443209194000012,-0.017350567439999985,-0.03443209194000012,-0.017350567439999985,-0.02968025278434903,-0.006304771393089896,-0.893027030239858,-0.45000244948577783,-1,-1,instant_velocity,dbscan_kmeans_fallback,False
840,49,13.8566018875,3.47942122002,-0.037736394160000054,0.0016467526180000025,-0.037736394160000054,0.0016467526180000025,-0.024792810961019998,0.0010819164700260017,-0.9990489420161974,0.043596811444141,-1,-1,instant_velocity,dbscan_kmeans_fallback,False
840,75,9.0062229711,6.90514398511,0.01812104593899999,0.0052982475539999465,0.019703743563200007,0.0024056907812000008,0.018967889818342847,0.0017607276187091285,0.9598150150337916,0.2806315691055437,0,0,instant_velocity,dbscan_kmeans_fallback,False
840,83,6.07718004044,0.584716509298,0.003283255709999988,-0.028328918225999998,0.0016374185529999963,-0.03398992867524,-0.001754126696508191,-0.033116595055785444,0.11512700333582707,-0.9933504274953612,-1,-1,instant_velocity,dbscan_kmeans_fallback,False
840,86,12.5706600677,3.51880008698,0.043166393979999995,0.00491639187499997,0.04933723099800002,0.002343639233199992,0.04744782956444916,0.002818951909280665,0.9935762796232548,0.1131623445450578,-1,-1,instant_velocity,dbscan_kmeans_fallback,False
840,87,4.44270799909,7.26456564348,0.03988313827499992,-0.02109752629399999,0.03834253367159999,-0.005255288789599994,0.037312488982233674,-0.007175241466839057,0.8839441729108046,-0.46759197588279083,-1,-1,instant_velocity,dbscan_kmeans_fallback,False
840,88,2.49611620016,7.00156254419,0.03691558022799999,-0.0034367011160000515,0.03503823145048,0.003040525848199991,0.031210535460537467,0.0013537810076020397,0.9956942443190735,-0.09269537413503035,-1,-1,instant_velocity,dbscan_kmeans_fallback,False
840,221,2.3898313198,7.95238318625,0.015237673936999974,-0.0024581959370000737,0.009479348537599996,-0.0016849381860000179,0.010570598366760598,-0.0018089629227444148,0.9872353209772241,-0.15926432504874644,-1,-1,instant_velocity,dbscan_kmeans_fallback,False
840,222,13.3131809745,11.5883652349,-0.00023151162000001335,-0.00026252578000001136,0.00145641856000001,-0.0019283711819999994,0.0015729218744480113,-0.002677237213172496,-0.6613958620062251,-0.7499989182484841,3,3,instant_velocity,dbscan_kmeans_fallback,False
840,223,11.0130077914,11.7628255485,0.01544813904999991,-0.008734948669999909,0.005720441679999979,-0.0071979795580000075,0.007216360717642282,-0.007567143260335893,0.8704804649749293,-0.4922018215387377,3,3,instant_velocity,dbscan_kmeans_fallback,False
840,224,10.6985729176,11.8463564784,0.006440232359999953,-0.012648969379999996,0.005160604488000011,-0.011436577602,0.005019485864742328,-0.010926796299678014,0.45372507741992957,-0.8911409232481262,3,3,instant_velocity,dbscan_kmeans_fallback,False
840,225,11.7603693957,12.2862064892,0.010060232240000033,-0.008830412590000059,0.010060232240000033,-0.008830412590000059,0.00661266642011999,-0.005798072772570027,0.7515493644684405,-0.6596757223577413,3,3,instant_velocity,dbscan_kmeans_fallback,False
840,226,11.3571182456,11.9525600892,0.014690464650000123,-0.008997474449999921,0.009062627620000008,-0.013083330221999994,0.008480052198701722,-0.010202005495349083,0.8527651704746595,-0.5222934070499609,3,3,instant_velocity,dbscan_kmeans_fallback,False
840,232,4.30043358498,4.65386609441,0.04489220788300004,0.004104948554999943,0.03697030115680001,0.004057216594999993,0.0347740539650248,0.0038535834875928444,0.9958451673427023,0.09106019448500154,4,4,instant_velocity,dbscan_kmeans_fallback,False
840,233,5.00864867887,3.8335923628,0.003851511506000005,0.000787577339000034,0.003868348714999996,0.0007780309472000014,0.006141516197929203,0.0007320213134818062,0.9797240165870829,0.2003391221176528,-1,-1,instant_velocity,dbscan_kmeans_fallback,False
840,234,2.89305339691,3.4954114266,0.04695476595699999,0.005513041373000016,0.042484487028959995,-0.005708742409200003,0.03796393888786522,-0.0026020061750091335,0.993177486349981,0.11661070950697243,4,4,instant_velocity,dbscan_kmeans_fallback,False
840,235,4.71357659517,11.2917111038,0.04663906829300002,-0.01658685607999999,0.0428675335284,-0.024854031543999965,0.04122981755322615,-0.02221531653884027,0.9421885041744409,-0.3350827040710308,-1,-1,instant_velocity,dbscan_kmeans_fallback,False
840,275,13.4186239944,10.6050868601,-0.027065813099999936,0.025584330530000088,-0.02712053402599999,0.02946016567720001,-0.024400504838320403,0.02679466496956233,-0.7267156933264967,0.6869379623183502,-1,-1,instant_velocity,dbscan_kmeans_fallback,False
840,300,9.11313924679,8.20989711014,-0.019994185414000044,0.0011932989980000031,-0.022216696972199978,-0.008434237322000016,-0.021128985407107587,-0.006353350570753326,-0.9982232568874533,0.059576261175913046,2,2,instant_velocity,dbscan_kmeans_fallback,False
840,301,9.13418575775,7.61324761086,-0.03348499894099995,-0.004343608354999961,-0.028699022348999997,-0.012429402369000008,-0.028987431596460667,-0.010275528582846272,-0.9916910319501978,-0.12864021466887882,2,2,instant_velocity,dbscan_kmeans_fallback,False
840,302,11.828139161,11.5272683262,-0.01700558085000008,-0.011026082739999943,-0.01931648776000003,-0.013364948783999998,-0.01762459284998446,-0.011193796644697555,-0.8390636764925894,-0.544032315199383,3,3,instant_velocity,dbscan_kmeans_fallback,False
840,303,11.6513484689,10.4055672675,-0.013827557699999993,-0.0034128351399999703,-0.016685673889999995,-0.004806608365999985,-0.016274867007562536,-0.004667201264872379,-0.9708652520964867,-0.239623158365835,3,3,instant_velocity,dbscan_kmeans_fallback,False
840,304,11.2514647606,10.6919590272,-0.012627906580000037,-0.007947371330000053,-0.01789795292200001,-0.006873402229999996,-0.017192816580798135,-0.0075253272812029585,-0.8463390134855664,-0.5326433458011612,3,3,instant_velocity,dbscan_kmeans_fallback,False
840,306,14.358561174,11.3821631679,-0.004861744029999926,-0.022028299519999982,-0.006781185831999999,-0.018835031393999984,-0.004998398816706894,-0.016740532706378396,-0.2155177895892012,-0.9764994602069436,3,3,instant_velocity,dbscan_kmeans_fallback,False
840,307,14.748342557,11.8494590558,-0.011407208939999868,-0.01391386631999989,-0.011407208939999868,-0.01391386631999989,-0.003422162681999961,-0.004174159895999968,-0.6340074009732508,-0.7733262596864892,3,3,instant_velocity,dbscan_kmeans_fallback,False
840,312,14.7066704653,12.4377554621,0.0008208139300000638,-0.016539124120000005,0.0008208139300000638,-0.016539124120000005,0.00041419533510002543,-0.008429941445399986,0.04956758653234019,-0.998770167054976,3,3,instant_velocity,dbscan_kmeans_fallback,False
840,316,8.19635322926,7.87314813275,-0.005850930046999991,-0.007279123890999983,-0.012686836808200007,-0.008567886809600012,-0.01043045754492816,-0.007579753350659805,-0.6264967493201641,-0.7794226591289548,2,2,instant_velocity,dbscan_kmeans_fallback,False
840,317,7.28882767655,8.08841927209,-0.004146162659999941,-0.01861546437800001,-0.014252697223799994,-0.0120952786494,-0.012663126245617433,-0.013751427028731096,-0.21739964388296967,-0.9760821410931736,2,2,instant_velocity,dbscan_kmeans_fallback,False
840,340,12.9947472636,12.3897848423,0.0030096510699999966,-0.006825670270000117,0.0030096510699999966,-0.006825670270000117,0.0009028953209999991,-0.002047701081000035,0.40345180841780215,-0.9149994301815121,3,3,instant_velocity,dbscan_kmeans_fallback,False
840,410,2.7288906114,0.011694330186,0.00027360464200003597,-0.00126489693848,0.000260976735800007,-0.0012648969384800003,0.0002569592453837967,-0.0012682167298800895,0.21141487865558725,-0.977388507759813,-1,-1,instant_velocity,dbscan_kmeans_fallback,False
840,411,11.4897112647,7.56742492931,0.012459534490000123,0.02200443353300008,0.013857022818000005,0.021298000526400004,0.01318311206871566,0.021909706680144164,0.4927236527142081,0.8701853889476009,-1,-1,instant_velocity,dbscan_kmeans_fallback,False
850,4,9.05378808587,6.35694242517,0.029717673478999986,0.001670618597999951,0.030142813000600004,-0.004057216595000011,0.028936690366855103,-0.002905201619622287,0.9984232619873349,0.05612769355348431,0,0,instant_velocity,dbscan_kmeans_fallback,False
850,37,2.14674411818,3.77082483547,-0.023761510877000003,-0.0030787114169999797,-0.0243844876012,0.003093031004200002,-0.024138385064184142,0.003649157312830217,-0.9917099893028741,-0.12849304415970558,-1,-1,instant_velocity,dbscan_kmeans_fallback,False
850,38,6.11948352747,7.38079296594,-0.03963058014300005,0.014725309642999918,-0.038153115073,0.0019379175737999966,-0.03844684015094155,0.004951047426256858,-0.9373835092303234,0.3482982681013428,1,1,instant_velocity,dbscan_kmeans_fallback,False
850,39,6.11611608572,8.11920638625,-0.03788371973200002,0.009546391987999846,-0.040316696399799984,0.0061383300485999825,-0.039852262580720735,0.0066258019698258366,-0.969686064900965,0.24435307161842315,1,1,instant_velocity,dbscan_kmeans_fallback,False
850,41,14.0900076941,2.50926913419,0.00393569755000005,0.006109690873000018,0.0022140929540000087,0.003966525871200002,0.0024511513938387376,0.004315507113291385,0.5415393102378319,0.8406737913920149,-1,-1,instant_velocity,dbscan_kmeans_fallback,False
850,42,7.21263930687,6.25765994849,-0.027360464251000048,0.03658654729599995,-0.03781216159520001,0.033970835891199994,-0.035902017050386585,0.035017154382945254,-0.5988863418667176,0.8008337603713791,-1,-1,instant_velocity,dbscan_kmeans_fallback,False
850,43,14.1828228074,8.91895537509,0.011133604289999965,-0.004200412474999915,0.010771604309999993,-0.002525020681000001,0.00898187156086674,-0.004343146823981605,0.9356272354566951,-0.35298724558513994,-1,-1,instant_velocity,dbscan_kmeans_fallback,False
850,44,8.30705787692,8.43614660027,-0.02963348743500003,0.024749021230000067,-0.03253790594799998,0.0237132376996,-0.033456671179831005,0.02480329877175067,-0.7675270647082258,0.6410161362455076,-1,-1,instant_velocity,dbscan_kmeans_fallback,False
850,45,10.670581058,6.15742283261,-0.03382174312000004,-0.005966494993000016,-0.034486812863999995,-0.00033889691560000655,-0.03431303274784928,-0.00014833033001057107,-0.9847934754037779,-0.17372745453386076,2,2,instant_velocity,dbscan_kmeans_fallback,False
850,46,11.563374053,6.40443572531,-0.026476510799999887,-0.0015512886979999862,-0.030024952539999993,0.0026920825408000048,-0.02929171567017953,0.002136009087134986,-0.9982875700646119,-0.058490797238853254,2,2,instant_velocity,dbscan_kmeans_fallback,False
850,47,11.9544182267,6.94070429527,-0.02805499912000009,0.0014558247790000145,-0.026531231720000006,0.005785113545199998,-0.02706033358900612,0.003872904106648422,-0.9986559773881906,0.05182206961973348,2,2,instant_velocity,dbscan_kmeans_fallback,False
850,48,13.0193716814,2.67489903519,-0.03260104548000005,-0.013699072502999999,-0.03892762667800003,-0.0071025156394,-0.030556490593044335,-0.008523061726062927,-0.9219148596227247,-0.38739182494354635,3,3,instant_velocity,dbscan_kmeans_fallback,False
850,49,13.5409042231,3.42166554849,-0.03156976644,-0.005775567152999983,-0.03156976644,-0.005775567152999983,-0.026825897604714,-0.000975328616881794,-0.9836737364286153,-0.17995932064253414,3,3,instant_velocity,dbscan_kmeans_fallback,False
850,75,9.18743343048,6.95836512045,0.01812104593800008,0.005322113534000028,0.019274394739400017,0.0033555567840000047,0.018713836654240014,0.0028291433932963986,0.9594739373162136,0.2817955014728296,0,0,instant_velocity,dbscan_kmeans_fallback,False
850,83,6.09927887695,0.358944338769,0.0022098836509999663,-0.0225772170529,0.0022898603927999873,-0.03064391828322,-0.0005649235922557436,-0.029954781654919813,0.09741554977527157,-0.9952433516618309,-1,-1,instant_velocity,dbscan_kmeans_fallback,False
850,86,12.9158228475,3.69063514277,0.0345162779799999,0.017183505579000037,0.045157393922,0.005460536217400005,0.04356836408911438,0.007128318010196477,0.8951998830219108,0.44566428028944827,-1,-1,instant_velocity,dbscan_kmeans_fallback,False
850,87,4.83606728898,7.00514244119,0.03933592898900003,-0.025942320228999984,0.0391928127146,-0.011718196165999988,0.03791952098426358,-0.012805365095487336,0.8347983908264093,-0.5505553761684053,-1,-1,instant_velocity,dbscan_kmeans_fallback,False
850,88,2.87495339748,6.94571615106,0.03788371973200002,-0.00558463931299995,0.0357243477078,-0.0004630000114000055,0.033212490741976235,-0.0007277450885785575,0.9893080543704618,-0.14583912805262148,4,4,instant_velocity,dbscan_kmeans_fallback,False
850,89,0.368945337174,7.47387028783,0.0,0.0,0.0,0.0,0.0,0.0,0.0,0.0,-1,-1,instant_velocity,dbscan_kmeans_fallback,False
850,221,2.60976735936,7.95333782545,0.02199360395600003,9.546392000006065e-05,0.013335069346000004,-0.0015131031301999975,0.013997500043532427,-0.001237634869921072,0.9999901253595097,0.004340488149152463,4,4,instant_velocity,dbscan_kmeans_fallback,False
850,222,13.3108658583,11.5857399771,-0.00023151162000001335,-0.00026252578000001136,-0.00022730231800000667,-0.000257752583999995,0.0010315918261136038,-0.0019528237832207504,-0.6613958620062251,-0.7499989182484841,5,5,instant_velocity,dbscan_kmeans_fallback,False
850,223,11.1672787167,11.675237402,0.015427092530000052,-0.008758814649999992,0.008414395082000006,-0.007627567197999987,0.009679580261349614,-0.007924644677235122,0.8696153071549614,-0.4937287617456905,5,5,instant_velocity,dbscan_kmeans_fallback,False
850,224,10.7629752411,11.7196281247,0.006440232349999952,-0.01267283537000008,0.006145581199999981,-0.012381670410000005,0.005445709810319615,-0.011450608020774633,0.45304611712577514,-0.8914862920050959,5,5,instant_velocity,dbscan_kmeans_fallback,False
850,225,11.8611821832,12.1981410232,0.010081278750000066,-0.008806546599999975,0.010081278750000066,-0.008806546599999975,0.007653250119084012,-0.0067006149207990105,0.753115370385579,-0.6578873344293549,5,5,instant_velocity,dbscan_kmeans_fallback,False
850,226,11.5118101012,11.86831318,0.015469185559999942,-0.008424690920000089,0.010624278734000007,-0.01194730957200001,0.01057679220709119,-0.009668811122744385,0.878206255975722,-0.47828091801660216,5,5,instant_velocity,dbscan_kmeans_fallback,False
850,232,4.76156264017,4.68799444577,0.04611290551899998,0.003412835136000059,0.04093125452000001,0.004343608354799997,0.038175709431217356,0.003721358982115009,0.9972722139633626,0.07380852743205202,6,6,instant_velocity,dbscan_kmeans_fallback,False
850,233,5.04737425904,3.84170679599,0.0038725580169999495,0.0008114433189999826,0.0038599301106000006,0.0007971237309999956,0.005460828743650427,0.0007558479151372591,0.9787421147360682,0.20508246656088955,-1,-1,instant_velocity,dbscan_kmeans_fallback,False
850,234,3.36260105649,3.55054184034,0.04695476595799999,0.0055130413740000165,0.0394706266592,-0.0005871031071999955,0.040661187008905655,-0.00016749191030638808,0.993177486347819,0.11661070952538692,6,6,instant_velocity,dbscan_kmeans_fallback,False
850,235,5.18017774321,11.1361049144,0.046660114803999966,-0.015560618940000026,0.045127928805799994,-0.022238320137999992,0.042858906728458296,-0.020218907259188196,0.9486388925824477,-0.3163603086093062,-1,-1,instant_velocity,dbscan_kmeans_fallback,False
850,275,13.154911212,10.859020887,-0.026371278240000073,0.025393402689999966,-0.027141580537999987,0.027932742959199997,-0.024991736858824304,0.02637428628569362,-0.7203358691004185,0.693625035148011,-1,-1,instant_velocity,dbscan_kmeans_fallback,False
850,300,8.99443692496,8.20369195535,-0.011870232182999985,-0.0006205154790000833,-0.020036278436199987,-0.005656237253200018,-0.018351359439875307,-0.004633500043227353,-0.9986356199813008,-0.05220360061420737,2,2,instant_velocity,dbscan_kmeans_fallback,False
850,301,8.90625204402,7.59343884748,-0.02279337137299997,-0.001980876338000037,-0.028513813051600004,-0.009403196108799996,-0.027129213529422457,-0.007787132909392401,-0.9962445119276157,-0.0865794334785181,2,2,instant_velocity,dbscan_kmeans_fallback,False
850,302,11.6913368397,11.4437373963,-0.013680232129999937,-0.008353092990000022,-0.017687487811999993,-0.011851845652000002,-0.016441284633989105,-0.010341585548288295,-0.8534769105938801,-0.521129461200791,5,5,instant_velocity,dbscan_kmeans_fallback,False
850,303,11.5130728918,10.3714389161,-0.013827557709999994,-0.0034128351399999703,-0.015389208815999993,-0.004171773299999976,-0.015540674218293773,-0.004290891427410657,-0.9708652521368025,-0.2396231582024916,5,5,instant_velocity,dbscan_kmeans_fallback,False
850,304,11.1251856948,10.6124853139,-0.012627906579999858,-0.007947371329999875,-0.015860650661999997,-0.007240938321999977,-0.015823343580558653,-0.0076519404958420335,-0.8463390134855683,-0.5326433458011579,5,5,instant_velocity,dbscan_kmeans_fallback,False
850,306,14.3459332674,11.1991111016,-0.0012627906600000572,-0.018305206630000015,-0.005295302158000012,-0.019369629344000005,-0.003877716369694843,-0.01720993488346488,-0.06882172305121012,-0.997628428044423,5,5,instant_velocity,dbscan_kmeans_fallback,False
850,307,14.6342704676,11.7103203925,-0.011407208940000047,-0.01391386633000007,-0.011407208940000047,-0.01391386633000007,-0.005817676559399987,-0.007096071826199999,-0.6340074007007482,-0.7733262599098993,5,5,instant_velocity,dbscan_kmeans_fallback,False
850,312,14.6441623277,12.2623405093,-0.0062508137600000065,-0.017541495280000062,-0.0062508137600000065,-0.017541495280000062,-0.0015853073934299843,-0.011163407595780009,-0.33566909154896485,-0.9419793983828546,5,5,instant_velocity,dbscan_kmeans_fallback,False
850,316,8.13805439389,7.80011823403,-0.005829883536999958,-0.007302989871999977,-0.010321208975999988,-0.008467649693999988,-0.009050285342549699,-0.007496724307061857,-0.6238778384802853,-0.7815205066911776,2,2,instant_velocity,dbscan_kmeans_fallback,False
850,317,7.29829860648,7.9149135977,0.0009470929929999983,-0.01735056743900003,-0.010497999668199984,-0.015240814809599997,-0.008580060474032203,-0.014831169151811777,0.054504535285447166,-0.9985129466600431,2,2,instant_velocity,dbscan_kmeans_fallback,False
850,340,13.0248437743,12.3217667994,0.0030096510699999966,-0.006801804289999857,0.0030096510699999966,-0.006801804289999857,0.0015349220456999982,-0.003473932043699982,0.40463598572131837,-0.9144763693711468,5,5,instant_velocity,dbscan_kmeans_fallback,False
850,410,2.73141619272,-0.000954639198854,0.0002525581319999581,-0.0012648969384853998,0.00025676743380000035,-0.00126489693848108,0.00025563891136864514,-0.0012672207924616825,0.19580057904673462,-0.9806358283879143,-1,-1,instant_velocity,dbscan_kmeans_fallback,False
850,411,11.6193577722,7.77840019226,0.012964650750000039,0.02109752629499999,0.012240650776000023,0.022944753144400015,0.013117573673100973,0.021666052564600913,0.523556914000266,0.8519902288960334,-1,-1,instant_velocity,dbscan_kmeans_fallback,False
860,4,9.27709156718,6.46553263404,0.022330348130999943,0.010859020886999993,0.02943565023219998,0.0002959381518000015,0.026954787696098555,0.0012240651323643975,0.8993042917642556,0.43732251869731553,0,0,instant_velocity,dbscan_kmeans_fallback,False
860,37,1.84914645317,3.7462428761,-0.029759766501000005,-0.0024581959369999852,-0.025255813155,-2.8639176000000433e-05,-0.025824799495228902,0.001816951337881156,-0.9966055360976372,-0.08232093082936597,-1,-1,instant_velocity,dbscan_kmeans_fallback,False
860,38,5.72338819116,7.52828472216,-0.03960953363100002,0.014749175622000088,-0.037951068567600006,0.004491577430600007,-0.03879564819495909,0.007890485884979828,-0.9371385169275536,0.34895691267335494,1,1,instant_velocity,dbscan_kmeans_fallback,False
860,39,5.73727888839,8.21467030614,-0.03788371973300002,0.009546391989000114,-0.039790533625800005,0.00688772181980001,-0.03926169972640452,0.0075019789755781194,-0.9696860648964266,0.2443530716364327,1,1,instant_velocity,dbscan_kmeans_fallback,False
860,41,14.1291542045,2.57036604291,0.003914651040000017,0.006109690871999973,0.0028665347940000172,0.004787515582199999,0.0028902012876871213,0.004853762240903961,0.5394878359256526,0.8419917568718884,-1,-1,instant_velocity,dbscan_kmeans_fallback,False
860,42,6.9377718737,6.62686665864,-0.027486743316999983,0.03692067101500003,-0.0342342547316,0.03493979467800001,-0.033377434930370604,0.035588209372561685,-0.5971629649674011,0.8021196661107314,-1,-1,instant_velocity,dbscan_kmeans_fallback,False
860,43,14.2442786195,8.92420589069,0.006145581210000017,0.0005250515600000227,0.00995920898799998,-0.002420010368999996,0.008130984455606723,-0.0028826873087871166,0.996368620622361,0.08512537394210758,-1,-1,instant_velocity,dbscan_kmeans_fallback,False
860,44,8.01093346768,8.68363681257,-0.02961244092400008,0.024749021230000067,-0.028358068870800005,0.02503541298980002,-0.032303402103081726,0.02478701550922549,-0.7673029336952545,0.641284406260286,-1,-1,instant_velocity,dbscan_kmeans_fallback,False
860,45,10.3443601381,6.10969087266,-0.0326220919899999,-0.004773195995000012,-0.03394381287999998,-0.002658670168799997,-0.03380575052049447,-0.0015357900295074037,-0.9894641041856029,-0.1447763098927798,2,2,instant_velocity,dbscan_kmeans_fallback,False
860,46,11.2986089451,6.38916149813,-0.026476510790000064,-0.0015274227179999933,-0.03005862695800001,-0.00034367011160000514,-0.028447154206125688,0.001036979545594492,-0.9983397132941629,-0.05759394696913916,2,2,instant_velocity,dbscan_kmeans_fallback,False
860,47,11.6517693991,6.92185017109,-0.03026488275999988,-0.0018854124179999766,-0.02773930144799998,0.0029498351244,-0.028021698340304248,0.0021454091492539022,-0.9980648405382764,-0.06217647889940282,2,2,instant_velocity,dbscan_kmeans_fallback,False
860,48,12.7668135499,2.68444542718,-0.025255813149999896,0.0009546391989999847,-0.03522344074599999,-0.0071025156394,-0.028966287360131005,-0.005679751448544054,-0.9992859949074271,0.0377718023206999,3,3,instant_velocity,dbscan_kmeans_fallback,False
860,49,13.2515146974,3.3321681236,-0.028938952570000075,-0.008949742489000023,-0.03474358029600001,-0.0019570103576,-0.027459814094299824,-0.003367652778517263,-0.955355973016931,-0.29545609583303467,3,3,instant_velocity,dbscan_kmeans_fallback,False
860,75,9.36864388987,7.01134759598,0.01812104593899999,0.005298247553000035,0.018815580800599994,0.0041335877310000055,0.018535999439668008,0.0035698746412074897,0.9598150150480571,0.2806315690567525,0,0,instant_velocity,dbscan_kmeans_fallback,False
860,83,6.07823236599,0.363717534763,-0.0021046510959999765,0.00047731959940000015,0.0017005580857999902,-0.02272041293274,-0.0010268418433790137,-0.020825151278623867,-0.9752293952885405,0.22117495159503422,4,4,instant_velocity,dbscan_kmeans_fallback,False
860,86,13.2609856273,3.86247019856,0.03451627798000008,0.017183505578999992,0.04097755684399999,0.0085774332016,0.04085273825638009,0.010144874280837532,0.8951998830219121,0.4456642802894454,-1,-1,instant_velocity,dbscan_kmeans_fallback,False
860,87,5.23132076485,6.77173315707,0.03952534758700006,-0.02334092841200004,0.040085184779200006,-0.017656051982799993,0.03840126896508452,-0.015966034090441148,0.8610690356496489,-0.5084876401061346,-1,-1,instant_velocity,dbscan_kmeans_fallback,False
860,88,3.25379059481,6.89010841773,0.037883719732999976,-0.0055607733330000466,0.036385208152,-0.0023006804692000137,0.034613859439283357,-0.002177653561905004,0.9893977960183185,-0.14522905666613115,5,5,instant_velocity,dbscan_kmeans_fallback,False
860,89,0.712213930973,7.54284296994,0.0343268593799,0.006897268211000007,0.0343268593799,0.006897268211000007,0.010298057813970002,0.0020691804633000024,0.9804048145922326,0.19699194985364435,5,5,instant_velocity,dbscan_kmeans_fallback,False
860,90,0.327694175687,6.71278418654,0.0,0.0,0.0,0.0,0.0,0.0,0.0,0.0,-1,-1,instant_velocity,dbscan_kmeans_fallback,False
860,221,2.84654060769,7.96073627924,0.023677324833000002,0.0007398453789999593,0.017527534329800004,-0.0012123917825999976,0.0169014474803727,-0.0006443907952447625,0.9995117477494667,0.031231744001668987,5,5,instant_velocity,dbscan_kmeans_fallback,False
860,222,13.3087612072,11.5833533791,-0.00021046510999997992,-0.0002386597999999296,-0.000223093016,-0.0002529793880000142,0.0006589747452795286,-0.001438574588254504,-0.6613939741046276,-0.7499967741968447,6,6,instant_velocity,dbscan_kmeans_fallback,False
860,223,11.3276531303,11.5909904927,0.01603744135999996,-0.00842469093000009,0.011234627551999984,-0.007995103290000003,0.011586938590944718,-0.008074658553064612,0.8852830164837034,-0.4650514774791603,6,6,instant_velocity,dbscan_kmeans_fallback,False
860,224,10.9020926786,11.684783794,0.013911743750000127,-0.003484433070000037,0.00793874393600003,-0.010830381710000019,0.00798551999222377,-0.009060755535542255,0.9700351345327567,-0.24296181431805353,6,6,instant_velocity,dbscan_kmeans_fallback,False
860,225,11.9649414822,12.0974265877,0.010375929900000002,-0.010071443550000048,0.010131790378000004,-0.009069072388000024,0.00847005405335881,-0.007711863509559321,0.7175564139067185,-0.6964993968012433,6,6,instant_velocity,dbscan_kmeans_fallback,False
860,226,11.6665019568,11.7840662707,0.015469185559999942,-0.008424690929999912,0.012190139149999979,-0.010811288925999989,0.012044510212963815,-0.009295575064921043,0.8782062557372698,-0.4782809184544418,6,6,instant_velocity,dbscan_kmeans_fallback,False
860,232,5.18270332453,4.6657990844,0.042114068436000004,-0.0022195361370000556,0.043461045137600005,0.003350783587999988,0.03935721713265215,0.001939090446380489,0.9986138485922048,-0.05262990744357588,7,7,instant_velocity,dbscan_kmeans_fallback,False
860,233,5.28183239116,3.87034597195,0.02344581321200003,0.0028639175959999986,0.007778790451800006,0.0012123917823999974,0.01085632408415531,0.0013882688193960812,0.9926216695519899,0.121249224324019,7,7,instant_velocity,dbscan_kmeans_fallback,False
860,234,3.86056150586,3.43335987868,0.04979604493699998,-0.011718196166000006,0.043031696313999994,-0.0015942474620000001,0.04340164438733395,-0.0036327031870144735,0.9734105287453617,-0.229066696769174,-1,-1,instant_velocity,dbscan_kmeans_fallback,False
860,235,5.56974866113,10.9869425396,0.03895709179200004,-0.014916237480000127,0.0449721846248,-0.019722845848000006,0.041688362247520816,-0.018628106325431777,0.9338845460731807,-0.35757401354559687,-1,-1,instant_velocity,dbscan_kmeans_fallback,False
860,275,12.9524437766,11.0976806867,-0.02024674354000009,0.023865979970000062,-0.025672534072000028,0.026448279004799992,-0.02356823886317704,0.02562179439098555,-0.6469181846918262,0.7625589965903157,-1,-1,instant_velocity,dbscan_kmeans_fallback,False
860,300,8.87573460313,8.19772546036,-0.011870232182999985,-0.0005966494990000016,-0.017578045955799978,-0.002773226872600034,-0.01640702126281271,-0.0034224448799591474,-0.9987382959466838,-0.05020093075871934,2,2,instant_velocity,dbscan_kmeans_fallback,False
860,301,8.67810786519,7.57339142431,-0.022814417883000003,-0.00200474231700003,-0.027953975860199983,-0.005861484681000011,-0.02583477483549572,-0.006052415731674689,-0.9961610596155838,-0.0875343934261428,2,2,instant_velocity,dbscan_kmeans_fallback,False
860,302,11.5545345184,11.3602064664,-0.013680232129999937,-0.008353092990000022,-0.016058487865999994,-0.01034351571800002,-0.015612968882792354,-0.009745037780801814,-0.8534769105938801,-0.521129461200791,6,6,instant_velocity,dbscan_kmeans_fallback,False
860,306,14.3370937328,11.0201162518,-0.0008839534599999865,-0.017899484980000047,-0.0037294417420000057,-0.019823082964000028,-0.002979587496786386,-0.01741679991242543,-0.04932415872608105,-0.9987822642479837,6,6,instant_velocity,dbscan_kmeans_fallback,False
860,307,14.5416658194,11.5773868841,-0.009260464820000003,-0.013293350840000074,-0.009260464820000003,-0.013293350840000074,-0.006850513037579992,-0.00895525553034002,-0.5716012780061396,-0.8205307699800786,6,6,instant_velocity,dbscan_kmeans_fallback,False
860,312,14.47579024,12.0714126695,-0.01683720876999999,-0.01909278397999987,-0.01683720876999999,-0.01909278397999987,-0.006160877806400986,-0.013542220511045968,-0.6614144991987186,-0.7500200494598334,6,6,instant_velocity,dbscan_kmeans_fallback,False
860,316,8.12689974308,7.64284142602,-0.0011154650810000887,-0.015727680800999976,-0.007138976518600018,-0.009570257968599982,-0.006669839264084815,-0.009966011255243292,-0.0707459313477003,-0.9974937316805167,8,8,instant_velocity,dbscan_kmeans_fallback,False
860,317,7.32944744271,7.71467802574,0.0031148836229999864,-0.02002355719600004,-0.0064696974698,-0.019021186037200016,-0.005071577244922545,-0.016388885565068255,0.1537121369097387,-0.988115171432058,8,8,instant_velocity,dbscan_kmeans_fallback,False
860,340,13.054940285,12.2535100967,0.0030096510699999966,-0.006825670270000117,0.0030096510699999966,-0.006825670270000117,0.001977340752989998,-0.004479453511590022,0.40345180841780215,-0.9149994301815121,6,6,instant_velocity,dbscan_kmeans_fallback,False
860,410,2.73394177404,-0.0138422683834,0.00025255813200000257,-0.0012887629184546,0.00025676743380000035,-0.001269670134476,0.0002547146775580524,-0.0012736834302595579,0.19230998696785406,-0.9813264696329603,4,4,instant_velocity,dbscan_kmeans_fallback,False
860,411,11.7635263723,7.98269298082,0.014416860009999866,0.020429278855999922,0.012177511241999995,0.0229352067526,0.013507359574170642,0.021295020452020613,0.5765813305235158,0.8170392704276854,-1,-1,instant_velocity,dbscan_kmeans_fallback,False
870,4,9.50018458339,6.57388418311,0.02230930162100009,0.010835154906999999,0.02802553399779999,0.0037803712275999856,0.025561141873569015,0.0041073920647550785,0.8995203390258358,0.4368779615300737,0,0,instant_velocity,dbscan_kmeans_fallback,False
870,37,1.55154878816,3.72142225693,-0.029759766500999985,-0.0024820619170000226,-0.0261608131264,-0.002835278420599998,-0.027005289596960226,0.0005272473614168022,-0.9965396540906863,-0.08311466839350891,-1,-1,instant_velocity,dbscan_kmeans_fallback,False
870,38,5.33360680813,7.67386719999,-0.03897813830299999,0.014558247782999967,-0.03848985924840001,0.008553567221799998,-0.03885039522737136,0.00989081445438587,-0.9367908051346475,0.3498892778297873,1,1,instant_velocity,dbscan_kmeans_fallback,False
870,39,5.36159866771,8.31275948382,-0.03756802206799996,0.009808917768000035,-0.0390202313246,0.007923505350600006,-0.03875359642888315,0.008194060613304695,-0.9675631273429364,0.25262834264410017,1,1,instant_velocity,dbscan_kmeans_fallback,False
870,41,14.1697739706,2.63599748784,0.004061976609999895,0.0065631444930000175,0.0035526510500000085,0.005703969213200004,0.0032417338843809536,0.005366576916532778,0.5262675368182914,0.8503175221665648,-1,-1,instant_velocity,dbscan_kmeans_fallback,False
870,42,6.65069746417,7.02447388497,-0.028707440952999975,0.03976072263299999,-0.030900487395199985,0.0364767637882,-0.031976436737159414,0.03683996335069318,-0.5853746906056845,0.8107626433041062,-1,-1,instant_velocity,dbscan_kmeans_fallback,False
870,43,14.2724809441,8.96095949984,0.0028202324600000495,0.003675360914999892,0.008477534614,-0.0016849381860000179,0.006537758856924721,-0.0009152728416510138,0.6087640331206132,0.7933486212654833,-1,-1,instant_velocity,dbscan_kmeans_fallback,False
870,44,7.67145324585,8.85929042516,-0.03394802218299988,0.01756536125899988,-0.025045348045399988,0.024920856285999982,-0.03279678812705717,0.022620519234157806,-0.8881529254493165,0.4595474488810483,1,1,instant_velocity,dbscan_kmeans_fallback,False
870,45,10.0181392182,6.06195891272,-0.03262209199000008,-0.0047731959940000126,-0.03340502220000001,-0.004978443422000005,-0.03345065296134615,-0.0025070118188551867,-0.9894641041899479,-0.14477630986308362,2,2,instant_velocity,dbscan_kmeans_fallback,False
870,46,11.0338438372,6.37364861115,-0.026476510790000064,-0.0015512886979999862,-0.028947371178000017,-0.0009260000227999932,-0.027855961181288,0.0002604990725161485,-0.9982875700633219,-0.058490797260868865,2,2,instant_velocity,dbscan_kmeans_fallback,False
870,47,11.3396496415,6.88915377853,-0.031211975760000142,-0.003269639256000012,-0.029132580473999994,-0.0001622886638000054,-0.028978781566213016,0.0005208946276777278,-0.9945575317176805,-0.10418578987306602,2,2,instant_velocity,dbscan_kmeans_fallback,False
870,48,12.5142554183,2.69399181917,-0.025255813160000074,0.0009546391989999847,-0.031519254818000025,-0.0071025156394,-0.027853145100091726,-0.0036894342542808417,-0.9992859949079917,0.03777180230576529,3,3,instant_velocity,dbscan_kmeans_fallback,False
870,49,12.9497077301,3.29016399885,-0.03018069672999992,-0.004200412474999959,-0.033232440809999986,-0.003126443376199992,-0.028276078885009853,-0.003617480687462072,-0.990453232910822,-0.13784678838402242,3,3,instant_velocity,dbscan_kmeans_fallback,False
870,75,9.56584969759,7.12113110385,0.019720580771999962,0.010978350786999958,0.018672464526,0.006047639324799991,0.018891373839367596,0.005792417484945231,0.8737338705512835,0.4864033689623642,0,0,instant_velocity,dbscan_kmeans_fallback,False
870,83,6.05718585502,0.368490730758,-0.0021046510969999765,0.0004773195994999979,0.0009176278780000047,-0.01566085605724,-0.0013501846194653026,-0.014434410015186708,-0.9752293953012154,0.22117495153915598,-1,-1,instant_velocity,dbscan_kmeans_fallback,False
870,86,13.5644763154,4.10494855507,0.03034906881000001,0.024247835650999992,0.03757644067400001,0.013069010632199998,0.037701637422466065,0.01437576269188627,0.7812629970734962,0.6242015816644694,-1,-1,instant_velocity,dbscan_kmeans_fallback,False
870,87,5.62867889183,6.5772254203,0.03973581269799995,-0.019450773677000033,0.039925231295999994,-0.0199185468842,0.03880163208495915,-0.017011455966408816,0.8981666384624372,-0.4396546798159261,-1,-1,instant_velocity,dbscan_kmeans_fallback,False
870,88,3.76374755543,6.80991872502,0.05099569606200003,-0.008018969270999942,0.0396600452578,-0.004209958867000001,0.039528410426098365,-0.0039300482746334854,0.9878610060693943,-0.1553391298367323,-1,-1,instant_velocity,dbscan_kmeans_fallback,False
870,89,1.05569298988,7.61205431186,0.034347905890700005,0.006921134192,0.034347905890700005,0.006921134192,0.017513012236989006,0.003524766581910002,0.9802964264514675,0.19753061910087796,4,4,instant_velocity,dbscan_kmeans_fallback,False
870,90,0.657282537361,6.77626769326,0.032958836167399995,0.006348350671999991,0.032958836167399995,0.006348350671999991,0.00988765085022,0.0019045052015999977,0.9819502360186562,0.18913788123579078,4,4,instant_velocity,dbscan_kmeans_fallback,False
870,221,3.08331385601,7.96837339283,0.023677324832000003,0.0007637113590000411,0.019964720299000004,-0.0006682474391999982,0.01893421068586089,-0.00022196014897132136,0.9994797921552095,0.032238188890677026,4,4,instant_velocity,dbscan_kmeans_fallback,False
870,222,13.306446091,11.5807281213,-0.00023151162000001335,-0.00026252578000001136,-0.00022730231800000667,-0.000257752583999995,0.000391828835695666,-0.0010857599457781563,-0.6613958620062251,-0.7499989182484841,5,5,instant_velocity,dbscan_kmeans_fallback,False
870,223,11.4972880086,11.5112781196,0.016963487830000012,-0.007971237309999957,0.01424006931600001,-0.008271948657999992,0.013199903362661306,-0.008043632180145215,0.9050561189582772,-0.4252909057019068,5,5,instant_velocity,dbscan_kmeans_fallback,False
870,224,11.0599415108,11.672850804,0.015784883219999914,-0.0011932990000000031,0.009807674107999986,-0.008534474438000005,0.010325328960556613,-0.006700518574879579,0.9971540627926068,-0.07538243580216772,5,5,instant_velocity,dbscan_kmeans_fallback,False
870,225,12.070174037,11.9912229768,0.010523255479999882,-0.010620361089999975,0.010220185721999968,-0.009431835284000023,0.009086014481351132,-0.008584412783691518,0.7038513807741471,-0.7103463212238378,5,5,instant_velocity,dbscan_kmeans_fallback,False
870,226,11.8327693934,11.6487461642,0.01662674366000001,-0.013532010650000004,0.013983301883999993,-0.010696732223999987,0.013419180247074673,-0.01056650574044473,0.7755932797368309,-0.6312322326058657,5,5,instant_velocity,dbscan_kmeans_fallback,False
870,232,5.57732540508,4.60613413447,0.03946220805499996,-0.005966494992999926,0.0429348823636,0.0010119175508000032,0.0393887144093565,-0.000432585185433636,0.9887620705100822,-0.1494960427643676,-1,-1,instant_velocity,dbscan_kmeans_fallback,False
870,233,5.53796842958,3.90161040572,0.02561360384200002,0.00312644337700001,0.012126999616600003,0.001675391794000003,0.015283508011508722,0.0019097211866772597,0.9926322933892804,0.12116251499035126,-1,-1,instant_velocity,dbscan_kmeans_fallback,False
870,234,4.36167893188,3.29684647324,0.05011174260200004,-0.013651340544000013,0.0466559055018,-0.0029880206923999977,0.045414673851733776,-0.006638294394110136,0.9648393435591208,-0.26283960136419793,-1,-1,instant_velocity,dbscan_kmeans_fallback,False
870,235,5.9079660923,10.8420760412,0.033821743116999946,-0.014486649839999899,0.0424760684246,-0.01746512414199998,0.03932837650836456,-0.017385669379802213,0.9192272524185691,-0.39372670069390003,-1,-1,instant_velocity,dbscan_kmeans_fallback,False
870,275,12.7501868062,11.3363404864,-0.02022569703999988,0.023865979969999885,-0.024203487607999997,0.024968588245999967,-0.022565476316223892,0.02509505006468985,-0.6465268892839469,0.7628907799420445,-1,-1,instant_velocity,dbscan_kmeans_fallback,False
870,300,8.7570322813,8.19152030556,-0.011870232182999985,-0.0006205154799999946,-0.015119813475399972,0.00010978350779996759,-0.015045984538868892,-0.0025818660599714015,-0.9986356199769153,-0.05220360069810006,6,6,instant_velocity,dbscan_kmeans_fallback,False
870,301,8.52636252115,7.59988266208,-0.015174534404000007,0.0026491237770000175,-0.02555046430859999,-0.0020047423174000124,-0.022636702706047004,-0.003441953879072277,-0.9851005099731184,0.17197583228759403,6,6,instant_velocity,dbscan_kmeans_fallback,False
870,302,11.4177321972,11.2766755365,-0.013680232120000113,-0.008353092989999844,-0.015006162316000023,-0.009417515695999974,-0.015033147853954681,-0.009327454343561224,-0.8534769104244578,-0.5211294614782607,5,5,instant_velocity,dbscan_kmeans_fallback,False
870,306,14.4137030327,10.9260842907,0.00766092999000012,-0.00940319610999989,-0.0008418604379999906,-0.017932897349999984,0.00021256774924956635,-0.015012718771697768,0.6316261737838813,-0.7752720346030227,5,5,instant_velocity,dbscan_kmeans_fallback,False
870,307,14.5345100056,11.4704672938,-0.0007155813800000743,-0.010691959029999865,-0.0007155813800000743,-0.010691959029999865,-0.005010033540306017,-0.009476266580237973,-0.06677760813837738,-0.9977669490741113,5,5,instant_velocity,dbscan_kmeans_fallback,False
870,312,14.3074181523,11.8804848297,-0.01683720876999999,-0.01909278398000005,-0.007660929991999978,-0.017756289099999982,-0.009363777095480688,-0.015207389551732193,-0.6614144991987152,-0.7500200494598365,-1,-1,instant_velocity,dbscan_kmeans_fallback,False
870,316,8.18709276443,7.35859760456,0.006019302135000082,-0.02842438214600005,-0.0025255813156000073,-0.01320743331620001,-0.0028630968443593458,-0.01550352252247032,0.20717106926982634,-0.9783043798848804,7,7,instant_velocity,dbscan_kmeans_fallback,False
870,317,7.38206372012,7.48795121601,0.005261627740999942,-0.02267268097299997,-0.002167790629000006,-0.020052196371999998,-0.0019716157491457987,-0.01827402418744777,0.22606139784595394,-0.9741126141884147,7,7,instant_velocity,dbscan_kmeans_fallback,False
870,340,13.0698833077,12.2029142191,0.001494302269999892,-0.005059587759999928,0.001494302269999892,-0.005059587759999928,0.001832429208092966,-0.004653493786112994,0.2832451989800145,-0.9590455496250628,5,5,instant_velocity,dbscan_kmeans_fallback,False
870,410,2.78445340035,-0.0310257739627,0.005051162631000005,-0.00171835055793,0.001216488333800001,-0.001360360858366,0.0016936490635906384,-0.0014070835685606907,0.9467163907280385,-0.32206261351100796,-1,-1,instant_velocity,dbscan_kmeans_fallback,False
870,411,11.9662042729,8.1595398924,0.020267790060000124,0.01768469115800002,0.014126418158000007,0.0213600520742,0.015535488719919485,0.020211921663814435,0.7534899763396339,0.6574588291455338,0,0,instant_velocity,dbscan_kmeans_fallback,False
880,4,9.7234880647,6.68247439198,0.022330348130999943,0.010859020886999993,0.025912464297199983,0.006400855828399994,0.024591903750798297,0.0061328807114285535,0.8993042917642556,0.43732251869731553,0,0,instant_velocity,dbscan_kmeans_fallback,False
880,37,1.25816042534,3.68705524577,-0.029338836282000003,-0.0034367011160000072,-0.0272762782074,-0.0029068763606000035,-0.027705353602472158,-0.0006619371818082408,-0.9932087801129386,-0.11634277822836864,-1,-1,instant_velocity,dbscan_kmeans_fallback,False
880,38,5.00170333025,7.80226617223,-0.03319034778800001,0.01283989722400003,-0.037871091826,0.012271886901200003,-0.03715238099555995,0.010775539285270119,-0.9326432992197347,0.36079899448849057,1,1,instant_velocity,dbscan_kmeans_fallback,False
880,39,4.99328472587,8.41729247609,-0.036831394184000034,0.010453299226999845,-0.03810260344660001,0.009088165172999983,-0.038176935755418216,0.00887183219741324,-0.9620048686670224,0.27303133570695964,1,1,instant_velocity,dbscan_kmeans_fallback,False
880,41,14.2249158294,2.74411037711,0.005514185880000078,0.010811288927000007,0.004268232424000012,0.007140701207600007,0.0039234694830666906,0.006999990519672946,0.4543537293789127,0.8908204312066694,-1,-1,instant_velocity,dbscan_kmeans_fallback,False
880,42,6.36362305464,7.42231977109,-0.02870744095300006,0.03978458861199998,-0.027924510745000006,0.0379325885664,-0.030995738001911608,0.03772335092908522,-0.5851437928141168,0.810929302757728,-1,-1,instant_velocity,dbscan_kmeans_fallback,False
880,43,14.3006832688,8.9979517688,0.0028202324700000504,0.003699226896000063,0.006814860248000016,-0.00010501031179998676,0.0054225009408473196,0.0004690770796443095,0.6062831645069316,0.7952461410870971,-1,-1,instant_velocity,dbscan_kmeans_fallback,False
880,44,7.30313930401,8.98721207781,-0.036831394184000034,0.012792165265000044,-0.02968820836360001,0.02158439228599999,-0.034007169944140034,0.019672013043410475,-0.944645708347003,0.32809140912991414,1,1,instant_velocity,dbscan_kmeans_fallback,False
880,45,9.77252643524,6.02210272617,-0.024561278296000032,-0.0039856186549999785,-0.031489789703200016,-0.005093000125800007,-0.030783840561742316,-0.0029505938696986244,-0.987087875037489,-0.16017716185050543,2,2,instant_velocity,dbscan_kmeans_fallback,False
880,46,10.7290903585,6.32520067181,-0.030475347869999857,-0.004844793933999991,-0.028513813052000004,-0.0018949588095999914,-0.028641777187901556,-0.0012710888294386936,-0.9875978648939219,-0.15700257681978802,2,2,instant_velocity,dbscan_kmeans_fallback,False
880,47,11.027740349,6.85621872617,-0.031190929249999933,-0.003293505236000005,-0.029759766501999997,-0.0011121546666000093,-0.02964242587134909,-0.0006234253314255922,-0.9944710614380688,-0.10500795348688656,2,2,instant_velocity,dbscan_kmeans_fallback,False
880,48,12.2236031019,2.7455423359,-0.02906523163999992,0.005155051673000033,-0.029321999074000012,-0.0047970619743999965,-0.028216771062064182,-0.0010360884760965792,-0.9846327375446475,0.1746358915641572,3,3,instant_velocity,dbscan_kmeans_fallback,False
880,49,12.6188565778,3.35818204177,-0.03308511522999993,0.006801804291999991,-0.032302185026,-0.0020954330413999944,-0.029718789788506873,-0.0004916951936234527,-0.9795142354556764,0.2013734600735596,3,3,instant_velocity,dbscan_kmeans_fallback,False
880,75,9.7649496913,7.23711976651,0.019909999371,0.01159886626600004,0.018798743591800005,0.007699165138800002,0.019196961498857315,0.0075343521192616746,0.8640673792220231,0.5033753035174513,0,0,instant_velocity,dbscan_kmeans_fallback,False
880,83,6.03613934406,0.373263926752,-0.0021046510959999765,0.00047731959940000015,-0.00016416278559999497,-0.009894835296120001,-0.0015765245624257047,-0.009960891130810695,-0.9752293952885405,0.22117495159503422,-1,-1,instant_velocity,dbscan_kmeans_fallback,False
880,86,13.8500774691,4.37773670614,0.028560115370000007,0.027278815107000032,0.034221626824,0.018162010758200006,0.03495918080672625,0.0182466784164204,0.7231417707379817,0.6906992638002779,-1,-1,instant_velocity,dbscan_kmeans_fallback,False
880,87,6.02624748391,6.38271768354,0.039756859207999984,-0.019450773675999945,0.03964741735139999,-0.0218564644576,0.0390882002218714,-0.017743251279286155,0.8982585353221134,-0.4394668950501478,-1,-1,instant_velocity,dbscan_kmeans_fallback,False
880,88,4.32968823522,6.71946666093,0.056594067978999976,-0.009045206408999995,0.0440545567468,-0.006329257888399997,0.04464810769196885,-0.005464595714943439,0.9874672424108788,-0.15782299008876194,-1,-1,instant_velocity,dbscan_kmeans_fallback,False
880,89,1.39896158368,7.68102699398,0.03432685938,0.006897268212000008,0.03432685938,0.006897268212000008,0.0225571663798923,0.004536517070937003,0.9804048145868275,0.1969919498805453,4,4,instant_velocity,dbscan_kmeans_fallback,False
880,90,0.987081364144,6.83998985979,0.03297988267830001,0.006372216652999985,0.03297988267830001,0.006372216652999985,0.016815320398644,0.003244818637019994,0.9818405269362926,0.18970657407615205,4,4,instant_velocity,dbscan_kmeans_fallback,False
880,91,0.336744175401,6.15742283261,0.0,0.0,0.0,0.0,0.0,0.0,0.0,0.0,-1,-1,instant_velocity,dbscan_kmeans_fallback,False
880,221,3.36218012627,7.86384040056,0.027886627025999998,-0.010453299227000024,0.022494510916800003,-0.0022624949012000073,0.021619935587902622,-0.0032913618723799326,0.9363750646262584,-0.3510000951392853,-1,-1,instant_velocity,dbscan_kmeans_fallback,False
880,222,13.3041309748,11.5781028635,-0.00023151162000001335,-0.00026252578000001136,-0.00022730231800000667,-0.000257752583999995,0.00020482669898696216,-0.0008387896960447127,-0.6613958620062251,-0.7499989182484841,5,5,instant_velocity,dbscan_kmeans_fallback,False
880,223,11.6667124219,11.4318044063,0.01694244132999998,-0.007947371330000053,0.016163720419999982,-0.008367412578,0.01432266475286291,-0.008014753925101667,0.9053433769987804,-0.4246790564607223,5,5,instant_velocity,dbscan_kmeans_fallback,False
880,224,11.217790343,11.660917814,0.01578488322000009,-0.0011932990000000031,0.011672394980000007,-0.006238567164000024,0.011963195238389658,-0.005048352702415706,0.9971540627926068,-0.07538243580216687,5,5,instant_velocity,dbscan_kmeans_fallback,False
880,225,12.1754065918,11.8852580257,0.01052325548000006,-0.010596495109999892,0.010312790370000009,-0.00978505178799999,0.00951718678094581,-0.00918803748158403,0.7046499487487609,-0.709554163193031,5,5,instant_velocity,dbscan_kmeans_fallback,False
880,226,12.0104019459,11.4623528606,0.017763255250000044,-0.018639330360000095,0.016003766936000013,-0.011603639462000003,0.014722402747952284,-0.012988353126311341,0.6898893194388493,-0.7239143251548061,5,5,instant_velocity,dbscan_kmeans_fallback,False
880,227,10.4927380404,12.4434832973,0.0,0.0,0.0,0.0,0.0,0.0,0.0,0.0,5,5,instant_velocity,dbscan_kmeans_fallback,False
880,232,5.98057655512,4.54312794735,0.040325115004,-0.006300618712000006,0.042581300979399994,-0.0013937732301999971,0.03966963458774955,-0.002192995243403547,0.9880124662359755,-0.15437252520763228,6,6,instant_velocity,dbscan_kmeans_fallback,False
880,233,5.87197655855,3.87225525035,0.03340081289699999,-0.002935515537000022,0.0180368598948,0.0009307732188000007,0.020718699477156103,0.00045615016957407494,0.9961598231759485,-0.08755004398503254,6,6,instant_velocity,dbscan_kmeans_fallback,False
880,234,5.01138472529,3.18921090357,0.06497057934099999,-0.01076355696700002,0.051757579759,-0.005021402186000001,0.05128144549851364,-0.007875873165977102,0.9865530495162699,-0.1634404380743286,-1,-1,instant_velocity,dbscan_kmeans_fallback,False
880,235,6.24639398858,10.696970883,0.03384278962800007,-0.014510515819999981,0.03998416152680001,-0.015212175632000004,0.03768270044425521,-0.016523123311861544,0.9190812175841075,-0.39406747180749907,-1,-1,instant_velocity,dbscan_kmeans_fallback,False
880,275,12.6377984377,11.5750002861,-0.011238836849999956,0.023865979970000062,-0.021029673753999986,0.024515134626000013,-0.01916748447635671,0.024726329036282912,-0.42603854270849,0.9047045937613089,-1,-1,instant_velocity,dbscan_kmeans_fallback,False
880,300,8.62654391333,8.18913370757,-0.013048836797000085,-0.0002386597989998407,-0.013730743752000016,-0.0001766082517999834,-0.014446840216308252,-0.001878904181679933,-0.9998320186078786,-0.018286665110979067,7,7,instant_velocity,dbscan_kmeans_fallback,False
880,301,8.42533926853,7.65716101401,-0.010102325262000101,0.005727835192999997,-0.020873929572600005,9.546391999997183e-06,-0.018876389472832933,-0.0006910171574505946,-0.8699038030559468,0.49321967848438697,7,7,instant_velocity,dbscan_kmeans_fallback,False
880,302,11.2809298759,11.1931446066,-0.013680232129999937,-0.008353092990000022,-0.014345301872,-0.00888769093999997,-0.014627273136768258,-0.009035145937492862,-0.8534769105938801,-0.521129461200791,5,5,instant_velocity,dbscan_kmeans_fallback,False
880,306,14.575550702,10.9167765585,0.016184766929999837,-0.0009307732199999918,0.003367441753999998,-0.013713392091999985,0.005004227503474648,-0.010788135106188436,0.9983498199311605,-0.057414313137949376,5,5,instant_velocity,dbscan_kmeans_fallback,False
880,307,14.5271437268,11.3635477036,-0.0007366278799999293,-0.01069195902000004,-0.006705418391999984,-0.012501000307999988,-0.00372801184221419,-0.009840974312166594,-0.0687325079258149,-0.9976341895784767,5,5,instant_velocity,dbscan_kmeans_fallback,False
880,312,14.298999548,11.837287406,-0.0008418604300000964,-0.004319742370000057,-0.007989255560000004,-0.01531718594600001,-0.006807202095836511,-0.011941095397212552,-0.19128750231326125,-0.9815317351285698,5,5,instant_velocity,dbscan_kmeans_fallback,False
880,316,8.28369624975,7.10132234047,0.00966034853199993,-0.025727526408999956,0.0005766744003999946,-0.01689234062379999,0.0008939367685484373,-0.01857072368842921,0.3515228904157232,-0.9361788983679893,8,8,instant_velocity,dbscan_kmeans_fallback,False
880,317,7.50350208837,7.14738368182,0.012143836825000065,-0.03405675341899998,0.00346425570440001,-0.022543804681000007,0.0022630200230979607,-0.023008842956913432,0.3358631224434083,-0.9419105105268487,8,8,instant_velocity,dbscan_kmeans_fallback,False
880,340,13.0698833077,12.1699791668,0.0,-0.003293505230000093,0.0021046510959999765,-0.005761247564000023,0.0012827004456650761,-0.0042454972192791235,0.0,-0.9999969637304517,5,5,instant_velocity,dbscan_kmeans_fallback,False
880,410,3.0260673462,-0.0663474243203,0.024161394585000016,-0.0035321650357600003,0.005998255624400004,-0.001813814477822,0.008433972720013453,-0.0020446080087204834,0.9894820573571061,-0.1446528226759904,-1,-1,instant_velocity,dbscan_kmeans_fallback,False
880,411,12.1688821734,8.33638680399,0.020267790049999946,0.01768469115900011,0.01607532507200002,0.019780124200200023,0.016955179118943623,0.019453752512370137,0.7534899761605152,0.6574588293508152,0,0,instant_velocity,dbscan_kmeans_fallback,False
890,4,9.96720666165,6.78915532245,0.024371859694999998,0.01066809304700005,0.024211906211399993,0.008978381665199996,0.024525890534058806,0.007493444412100002,0.9160823789423707,0.4009891809478665,0,0,instant_velocity,dbscan_kmeans_fallback,False
890,37,1.00223485204,3.56438410872,-0.02559255733000001,-0.012267113704999976,-0.027642487498200002,-0.004744556818399994,-0.02707151472073051,-0.0041434901387657624,-0.9017605970350852,-0.43223502973464084,-1,-1,instant_velocity,dbscan_kmeans_fallback,False
890,38,4.66979985237,7.93090380428,-0.03319034778800001,0.012863763204999934,-0.03691978953060002,0.013947278695399988,-0.03596377103329197,0.011402006461189064,-0.9324175065844654,0.3613821129417515,1,1,instant_velocity,dbscan_kmeans_fallback,False
890,39,4.62497078402,8.52158680857,-0.03683139418499994,0.01042943324800003,-0.0373996499804,0.009956886843999974,-0.03777327328429274,0.009339112512589277,-0.9621684534712618,0.2724542983196867,1,1,instant_velocity,dbscan_kmeans_fallback,False
890,41,14.2800576881,2.85198460658,0.005514185869999899,0.01078742294699997,0.004588139389999988,0.008076247622399996,0.004400684399146653,0.008136220247871053,0.4551508763134321,0.8904134034007004,-1,-1,instant_velocity,dbscan_kmeans_fallback,False
890,42,6.07675911022,7.82016565721,-0.02868639444199994,0.03978458861199998,-0.0281896967832,0.03856742363359999,-0.030302934933938108,0.03834172223395965,-0.5848615791956355,0.8111328654532991,-1,-1,instant_velocity,dbscan_kmeans_fallback,False
890,43,14.3288855935,9.03494403775,0.0028202324700000504,0.003699226894999974,0.005147976580000027,0.0014796907582000074,0.004641820399593139,0.0014381220242510092,0.6062831646105907,0.7952461410080687,-1,-1,instant_velocity,dbscan_kmeans_fallback,False
890,44,6.93482536216,9.11513373046,-0.03683139418500003,0.012792165265000044,-0.03337134778220001,0.01852954684980002,-0.03485443721639803,0.017608058709887346,-0.944645708349764,0.3280914091219651,1,1,instant_velocity,dbscan_kmeans_fallback,False
890,45,9.52712411742,5.98248519942,-0.024540231782,-0.003961752674999985,-0.02963348743560001,-0.004692051662400001,-0.028910757927819622,-0.0032539415112890326,-0.9872176258346208,-0.15937551465288943,2,2,instant_velocity,dbscan_kmeans_fallback,False
890,46,10.4199171125,6.27293417567,-0.03091732460000003,-0.005226649614000056,-0.02816444096999998,-0.0029402887324000027,-0.029324441411531097,-0.0024577570648071025,-0.9860094819259992,-0.16668732320095106,2,2,instant_velocity,dbscan_kmeans_fallback,False
890,47,10.7520310554,6.79870171444,-0.02757092936000003,-0.00575170117299999,-0.029658743250000015,-0.002548886660799994,-0.029020976917944374,-0.0021619080838979118,-0.9789250407250502,-0.20421815425583925,2,2,instant_velocity,dbscan_kmeans_fallback,False
890,48,11.9167449721,2.81523099742,-0.030685812980000015,0.006968866151999986,-0.02857274328199999,6.682474399999805e-05,-0.02895748363744493,0.0013653979123323908,-0.9751681239309961,0.22146443165124324,3,3,instant_velocity,dbscan_kmeans_fallback,False
890,49,12.2882158906,3.42643874449,-0.033064068720000075,0.006825670271999984,-0.031367719938,-0.0010596495105999982,-0.030722373467954835,0.0017035144460635784,-0.9793491926466286,0.2021745940212062,3,3,instant_velocity,dbscan_kmeans_fallback,False
890,75,9.964049685,7.35334708897,0.019909999370000087,0.011622732245999945,0.019156534278000025,0.008964062077200002,0.019410872860200146,0.008760866157283156,0.8636167679058337,0.5041480047282061,0,0,instant_velocity,dbscan_kmeans_fallback,False
890,83,6.0150928331,0.378037122746,-0.0021046510960000655,0.00047731959940000015,-0.0012417441468000057,-0.0041335877310400004,-0.0017349625224980128,-0.0068294279117474856,-0.9752293952885425,0.22117495159502532,-1,-1,instant_velocity,dbscan_kmeans_fallback,False
890,86,14.1356786229,4.65052485722,0.028560115380000008,0.027278815107999944,0.031300371104,0.0226344954048,0.033039461178708374,0.02095631942389426,0.7231417708461291,0.6906992636870508,-1,-1,instant_velocity,dbscan_kmeans_fallback,False
890,87,6.4000335186,6.39274139512,0.037378603469000016,0.0010023711579999705,0.03914651039020001,-0.017436484967200006,0.03857532119600998,-0.012119564548100316,0.9996403585177102,0.026807065292900025,-1,-1,instant_velocity,dbscan_kmeans_fallback,False
890,88,4.89583938011,6.62901459684,0.05661511448900001,-0.009045206408999995,0.047994463599000003,-0.007450958946999986,0.048238209731078195,-0.006538778923160406,0.9874763843715844,-0.1577657804152179,-1,-1,instant_velocity,dbscan_kmeans_fallback,False
890,89,1.68435227233,7.71276874734,0.028539068864999996,0.0031741753360000403,0.028539068864999996,0.0031741753360000403,0.024351737125424613,0.004127814550455914,0.9938712749017118,0.11054045606305138,4,4,instant_velocity,dbscan_kmeans_fallback,False
890,90,1.31793251648,6.90228006751,0.03308511523359999,0.006229020771999938,0.03308511523359999,0.006229020771999938,0.021696258849130796,0.004140079277513978,0.9827340943340616,0.1850219061876708,4,4,instant_velocity,dbscan_kmeans_fallback,False
890,91,0.626133701136,6.06195891272,0.028938952573499998,-0.009546391989000026,0.028938952573499998,-0.009546391989000026,0.00868168577205,-0.002863917596700008,0.9496621446659527,-0.3132748867489219,-1,-1,instant_velocity,dbscan_kmeans_fallback,False
890,221,3.6690382561,7.68484555077,0.030685812982999973,-0.017899484978999958,0.025584138726000002,-0.005350752709599984,0.024339698806431827,-0.007673798804365941,0.8637856728244394,-0.5038588576539276,-1,-1,instant_velocity,dbscan_kmeans_fallback,False
890,222,13.3020263237,11.5757162655,-0.00021046510999997992,-0.0002386597999999296,-0.000223093016,-0.0002529793879999787,8.023915629087952e-05,-0.0006587507272312777,-0.6613939741046276,-0.7499967741968447,5,5,instant_velocity,dbscan_kmeans_fallback,False
890,223,11.8363473002,11.352330693,0.016963487830000012,-0.007947371329999875,0.016466790176000005,-0.008209897109999992,0.015114911676004041,-0.007994539146571129,0.9055459014569452,-0.4242470420800139,5,5,instant_velocity,dbscan_kmeans_fallback,False
890,224,11.3756391753,11.648984824,0.015784883229999915,-0.0011932990000000031,0.013541325153999998,-0.003947433088000025,0.013109701635872734,-0.0038918365916909953,0.9971540627961971,-0.07538243575468304,5,5,instant_velocity,dbscan_kmeans_fallback,False
890,225,12.2789554258,11.7704626621,0.01035488339999997,-0.011479536360000075,0.010371720601999996,-0.010314876541999994,0.009768495766662059,-0.009875487145108844,0.6697965773828732,-0.7425437705914023,5,5,instant_velocity,dbscan_kmeans_fallback,False
890,226,12.1878240333,11.2759595571,0.017742208740000008,-0.018639330349999917,0.01661411575399999,-0.013532010642000002,0.0156283445455666,-0.014683646293417913,0.6894605942548981,-0.7243226572265148,5,5,instant_velocity,dbscan_kmeans_fallback,False
890,227,10.221238049,12.1277363822,-0.027149999140000068,-0.03157469151000001,-0.027149999140000068,-0.03157469151000001,-0.008144999742000022,-0.009472407453000004,-0.6519806412396651,-0.7582352953855146,-1,-1,instant_velocity,dbscan_kmeans_fallback,False
890,228,11.1426542989,12.6303539204,0.0,0.0,0.0,0.0,0.0,0.0,0.0,0.0,5,5,instant_velocity,dbscan_kmeans_fallback,False
890,232,6.41834398314,4.46675681144,0.04377674280199999,-0.007637113591000055,0.04235820796319999,-0.0037421856593999967,0.04090176705202468,-0.0038262307476824996,0.9851211120531916,-0.1718602470647679,6,6,instant_velocity,dbscan_kmeans_fallback,False
890,233,6.2577591045,3.80256658883,0.03857825459499997,-0.006968866151999986,0.024982208512599993,-0.0006205154794000034,0.026076566012509263,-0.0017713547268981438,0.9840726737166647,-0.17776518971547825,6,6,instant_velocity,dbscan_kmeans_fallback,False
890,234,5.698132378,3.08873512789,0.06867476527100003,-0.010047577567999965,0.056101579621800006,-0.008133525974199998,0.05649944143025956,-0.008527384486583961,0.98946585066597,-0.144765473114061,-1,-1,instant_velocity,dbscan_kmeans_fallback,False
890,235,6.72478118275,10.5458992297,0.04783871941699998,-0.015107165330000071,0.0402240917516,-0.01491623748200002,0.04072950613607864,-0.016098335917303103,0.9535813228042348,-0.30113495667872026,-1,-1,instant_velocity,dbscan_kmeans_fallback,False
890,275,12.6156996012,11.8136600858,-0.002209883650000144,0.023865979970000062,-0.016058487864000028,0.024171464514000006,-0.01408020422844974,0.024468224316398057,-0.09220109635348327,0.995739987842407,-1,-1,instant_velocity,dbscan_kmeans_fallback,False
890,300,8.389770665,8.21896618253,-0.023677324832999957,0.0029832474959999187,-0.0144673716358,0.00018138144779999976,-0.017215985601315764,-0.0004202586783759774,-0.9921553646624249,0.1250075770023994,7,7,instant_velocity,dbscan_kmeans_fallback,False
890,301,8.30726834203,7.71181410814,-0.011807092649999972,0.0054653094129999856,-0.01653834831440001,0.0019713299455999867,-0.016755600425983043,0.0011558808136845798,-0.9074936697826311,0.4200639262114138,7,7,instant_velocity,dbscan_kmeans_fallback,False
890,302,11.2994508056,11.1649827502,0.00185209296999993,-0.0028161856400000574,-0.010573767107999999,-0.007245711519999993,-0.0096834633047378,-0.007169457848245021,0.5494780511846545,-0.8355046006364891,5,5,instant_velocity,dbscan_kmeans_fallback,False
890,306,14.7373983713,10.9077074861,0.016184766930000018,-0.0009069072400000877,0.007576743945999986,-0.009489113636000007,0.00835838933143226,-0.007823766746331931,0.9984331322523626,-0.0559468196367553,5,5,instant_velocity,dbscan_kmeans_fallback,False
890,307,14.5585030281,11.2776301757,0.0031359301300000197,-0.008591752789999952,-0.0037967905780000068,-0.011436577602,-0.0016688292505499269,-0.009466207855516601,0.34286805823730937,-0.9393824077203692,5,5,instant_velocity,dbscan_kmeans_fallback,False
890,312,14.3084704779,11.8105575084,0.0009470929900000869,-0.002672989759999922,-0.007963999748,-0.012543959073999992,-0.004480913570085531,-0.009160663706048762,0.33397414990671503,-0.942578492535613,5,5,instant_velocity,dbscan_kmeans_fallback,False
890,316,8.46553810447,6.90585996451,0.018184185472000004,-0.019546237596000004,0.005383697504199993,-0.019345763364799994,0.0060810113795839085,-0.01886337786070045,0.6811365967385635,-0.7321558491406264,-1,-1,instant_velocity,dbscan_kmeans_fallback,False
890,317,7.69397301258,6.69273676336,0.019047092420999955,-0.045464691845999994,0.00810290672059999,-0.027913650174600003,0.00729824174246856,-0.029745597623639403,0.38640315337363523,-0.9223297660427224,-1,-1,instant_velocity,dbscan_kmeans_fallback,False
890,340,13.0698833077,12.1368054546,0.0,-0.003317371219999998,0.001502720881999977,-0.005059587753999999,0.0008978903119655533,-0.003967059419495386,0.0,-0.9999969855740608,5,5,instant_velocity,dbscan_kmeans_fallback,False
890,410,3.26768129205,-0.101669074678,0.024161394584999975,-0.0035321650357700005,0.010775813612999991,-0.00226726809728,0.01315219927950941,-0.0024908751168353387,0.9894820573570473,-0.14465282267639157,-1,-1,instant_velocity,dbscan_kmeans_fallback,False
890,411,12.3833461201,8.47982134362,0.021446394670000046,0.014343453962999853,0.017872697108000005,0.01824792828619998,0.01830254378426055,0.01792066294755905,0.8312287393781104,0.5559298585822539,0,0,instant_velocity,dbscan_kmeans_fallback,False
900,4,10.2109252586,6.89607491272,0.024371859694999998,0.010691959026999953,0.023142743454599993,0.010782649750999997,0.024479681282341164,0.008452998796569987,0.91575266031812,0.4017416005802895,0,0,instant_velocity,dbscan_kmeans_fallback,False
900,37,0.746309278732,3.44195163147,-0.025592557330799993,-0.012243247725000028,-0.028008696788959998,-0.006577464080000004,-0.026627827503751356,-0.006573417414636042,-0.9020882259163583,-0.4315508402283816,-1,-1,instant_velocity,dbscan_kmeans_fallback,False
900,38,4.32737311901,8.01825329097,-0.03424267333599999,0.008734948668999997,-0.0358422081692,0.012749206500600003,-0.035447441724104384,0.010601889123532344,-0.9689707361391409,0.2471743242382966,1,1,instant_velocity,dbscan_kmeans_fallback,False
900,39,4.25855102816,8.61728938825,-0.036641975586,0.009570257968000106,-0.037151301151199995,0.009961660040000027,-0.03743388397480492,0.009408456149212527,-0.9675429245419561,0.25270568070892063,1,1,instant_velocity,dbscan_kmeans_fallback,False
900,41,14.3351995468,2.95985883605,0.005514185870000077,0.010787422947000015,0.004903837053999993,0.009011794037199997,0.004734734840402681,0.00893158105760974,0.45515087631344214,0.8904134034006951,-1,-1,instant_velocity,dbscan_kmeans_fallback,False
900,42,5.72907074912,8.1628811296,-0.034768836110000034,0.0342715472390001,-0.029671371155,0.03810442362220002,-0.03164270528675669,0.03712066973547179,-0.7121813589486596,0.7019952295419027,-1,-1,instant_velocity,dbscan_kmeans_fallback,False
900,43,14.3570879182,9.07169764691,0.0028202324699998726,0.003675360915999981,0.003485302216000008,0.0030548454363999865,0.004095344020715159,0.002109293691775701,0.608764034374939,0.7933486203029997,2,2,instant_velocity,dbscan_kmeans_fallback,False
900,44,6.53641490964,9.20200589755,-0.03984104525199994,0.008687216709000013,-0.03541285934559999,0.015317185945600009,-0.036350419627078606,0.014931806109621144,-0.9770429661951173,0.21304119727920762,1,1,instant_velocity,dbscan_kmeans_fallback,False
900,45,9.31476482181,6.02663726236,-0.021235929560999976,0.004415206294000029,-0.0271163247238,-0.002615711404999992,-0.02660830941777373,-0.0009531971697023136,-0.9790622379102133,0.20355886671322024,3,3,instant_velocity,dbscan_kmeans_fallback,False
900,46,10.1109543315,6.22090633933,-0.030896278099999997,-0.005202783633999975,-0.029048394430000003,-0.0036705877196,-0.029795992418071765,-0.0032812650355649644,-0.986115810627677,-0.16605712779243453,3,3,instant_velocity,dbscan_kmeans_fallback,False
900,47,10.4853717615,6.73497954791,-0.02666592939000001,-0.006372216652999985,-0.029380929304,-0.004114494947199994,-0.028314462659561064,-0.0034250006546285338,-0.9726149799571863,-0.23242067739685207,3,3,instant_velocity,dbscan_kmeans_fallback,False
900,48,11.617042656,2.9154681133,-0.029970231609999943,0.010023711588000018,-0.02804658050799997,0.004811381562200001,-0.029261308029211435,0.003962892015032679,-0.948363221309966,0.3171853836426775,4,4,instant_velocity,dbscan_kmeans_fallback,False
900,49,11.9680984589,3.51331091158,-0.032011743169999995,0.008687216709000013,-0.031456115284,0.0018329072618000009,-0.031109184378568383,0.0037986251249445087,-0.9650938248613203,0.2619032383386448,4,4,instant_velocity,dbscan_kmeans_fallback,False
900,50,14.9668053408,9.51130899798,0.0,0.0,0.0,0.0,0.0,0.0,0.0,0.0,2,2,instant_velocity,dbscan_kmeans_fallback,False
900,75,10.1705159575,7.47434760743,0.020646627249999838,0.012100051846000071,0.019661650540399974,0.01031964973960001,0.019781599177140053,0.00976262186389823,0.8627549116052011,0.5056215252209886,0,0,instant_velocity,dbscan_kmeans_fallback,False
900,83,5.99404632214,0.38281031874,-0.0021046510959999765,0.00047731959940000015,-0.002104651096199994,0.00047731959941999967,-0.001845869094548602,-0.004637403658403239,-0.9752293952885405,0.22117495159503422,-1,-1,instant_velocity,dbscan_kmeans_fallback,False
900,86,14.314363501,5.02665270156,0.017868487810000035,0.037612784434,0.027970813070000027,0.026720351175799992,0.02848816916809587,0.025953258926925984,0.42910403380272244,0.9032548078382474,-1,-1,instant_velocity,dbscan_kmeans_fallback,False
900,87,6.76350676293,6.49035325321,0.03634732443299997,0.00976118580900005,0.038548789479,-0.010295783759599999,0.03790692216710698,-0.005555339440970206,0.9657796115648596,0.2593630861717435,-1,-1,instant_velocity,dbscan_kmeans_fallback,False
900,88,5.42999982834,6.48987593361,0.053416044822999977,-0.013913866323000068,0.05110092861719999,-0.009116804349000009,0.04979156025865473,-0.008751305143112304,0.9677088677627949,-0.252069801690665,-1,-1,instant_velocity,dbscan_kmeans_fallback,False
900,89,1.9308069157,7.71968988153,0.02464546433700001,0.0006921134189999733,0.03123723157052,0.004916391874000006,0.024439855288897232,0.0030971042110191317,0.999605506077415,0.028071712303824794,5,5,instant_velocity,dbscan_kmeans_fallback,False
900,90,1.65825459874,6.95120532645,0.03403220822599999,0.004892525894000066,0.03403220822599999,0.004892525894000066,0.025397043662191553,0.004365813262459804,0.9898234766831889,0.14229864127541123,5,5,instant_velocity,dbscan_kmeans_fallback,False
900,91,0.915523226871,5.96649499284,0.028938952573499998,-0.009546391987999937,0.028938952573499998,-0.009546391987999937,0.014758865812484999,-0.004868659914089987,0.9496621446757165,-0.31327488671932385,-1,-1,instant_velocity,dbscan_kmeans_fallback,False
900,221,3.97652778126,7.50585070099,0.030748952516000027,-0.017899484978000046,0.027335208438,-0.008949742489200005,0.026262474919302288,-0.010741504656456173,0.8642358554625681,-0.5030862987690999,-1,-1,instant_velocity,dbscan_kmeans_fallback,False
900,222,13.2997112075,11.5730910077,-0.00023151162000001335,-0.00026252578000001136,-0.000223093016,-0.0002529793879999787,-1.3286076596388365e-05,-0.0005398832430618978,-0.6613958620062251,-0.7499989182484841,2,2,instant_velocity,dbscan_kmeans_fallback,False
900,223,11.9897763651,11.1084203777,0.015342906490000096,-0.024391031530000086,0.016449952968000014,-0.011336340486000011,0.015183310120202857,-0.012913486861599816,0.5324549334985104,-0.8464579432671875,6,6,instant_velocity,dbscan_kmeans_fallback,False
900,224,11.5539031231,11.4926626552,0.017826394779999966,-0.015632216879999918,0.01581855764,-0.004539309389999992,0.014524709579110904,-0.007413950678183673,0.7518627346901524,-0.6593190310052317,6,6,instant_velocity,dbscan_kmeans_fallback,False
900,225,12.3671403067,11.5781028635,0.00881848809000001,-0.01923597986000001,0.010119162469999984,-0.012400763193999999,0.009483493463663444,-0.012683634959576194,0.4167325131734605,-0.9090286394446857,6,6,instant_velocity,dbscan_kmeans_fallback,False
900,226,12.3570379814,11.0969647073,0.016921394809999945,-0.017899484980000047,0.01690455760399999,-0.015426969453999994,0.016016259624896605,-0.015648397899392555,0.686973489842491,-0.7266819196149895,6,6,instant_velocity,dbscan_kmeans_fallback,False
900,227,9.94952759244,11.812228127,-0.027171045655999926,-0.0315508255200001,-0.027171045655999926,-0.0315508255200001,-0.013852813516199994,-0.016095932873100034,-0.6525544101646316,-0.7577415531987256,-1,-1,instant_velocity,dbscan_kmeans_fallback,False
900,228,10.9780705832,12.5367992789,-0.016458371570000095,-0.009355464149999904,-0.016458371570000095,-0.009355464149999904,-0.004937511471000029,-0.002806639244999972,-0.8693626834274635,-0.49417352036081796,-1,-1,instant_velocity,dbscan_kmeans_fallback,False
900,232,6.85611141116,4.39038567553,0.04377674280199999,-0.007637113590999967,0.04189097541979999,-0.005952175404800002,0.041764259777017275,-0.00496949560067774,0.9851211120531919,-0.17186024706476596,7,7,instant_velocity,dbscan_kmeans_fallback,False
900,233,6.65911606855,3.73025266952,0.04013569640500005,-0.007231391930999998,0.03223483619020001,-0.0022290825293999994,0.0302943051302565,-0.0034093658881287,0.9841532852205861,-0.17731841634930953,7,7,instant_velocity,dbscan_kmeans_fallback,False
900,234,6.20872073395,3.12644337625,0.05105883559499995,0.0037708248359999974,0.0569223935492,-0.0084819692818,0.05486725967968168,-0.004837921689808773,0.997283811318766,0.07365194525959384,-1,-1,instant_velocity,dbscan_kmeans_fallback,False
900,235,7.23831605024,10.3931569579,0.05135348674899998,-0.015274227179999933,0.0411627661406,-0.014858959130000002,0.04391670031995504,-0.015851103296112154,0.9585006120883832,-0.2850898162526822,-1,-1,instant_velocity,dbscan_kmeans_fallback,False
900,275,12.5936007647,12.0523198855,-0.0022098836499999663,0.023865979969999885,-0.011226208946000007,0.023865979969999992,-0.010519108054914808,0.024287551012478606,-0.09220109635347659,0.9957399878424075,-1,-1,instant_velocity,dbscan_kmeans_fallback,False
900,300,8.15299741667,8.2487986575,-0.023677324832999957,0.0029832474970000076,-0.016828790165799995,0.000902134043000018,-0.01915438737082102,0.0006007931742368182,-0.9921553646572272,0.12500757704365142,3,3,instant_velocity,dbscan_kmeans_fallback,False
900,301,8.03534742039,7.7416465831,-0.02719209216399996,0.0029832474960000076,-0.017418092472600007,0.0029641547123999954,-0.019886547947388117,0.0017040908183792083,-0.9940352702397803,0.10905572153085469,3,3,instant_velocity,dbscan_kmeans_fallback,False
900,302,11.3179717352,11.1370595536,0.0018520929600001068,-0.0027923196599999754,-0.0074673020899999895,-0.006133556853999984,-0.006222796425316428,-0.005856316391771508,0.5527437887968507,-0.8333476676031594,2,2,instant_velocity,dbscan_kmeans_fallback,False
900,307,14.6799413964,11.2408765665,0.012143836829999977,-0.0036753609199999815,0.000913418575999998,-0.009388876519999983,0.002474970573615045,-0.007728953774861614,0.9571239902013942,-0.289675837910666,2,2,instant_velocity,dbscan_kmeans_fallback,False
900,312,14.3179414078,11.7838276109,0.0009470929899999092,-0.0026729897500000987,-0.0065244183980000155,-0.009570257968,-0.0028525116020598987,-0.0072143615192341625,0.3339741510167143,-0.9425784921423058,2,2,instant_velocity,dbscan_kmeans_fallback,False
900,316,8.64317065699,6.73259294992,0.017763255252000044,-0.01732670145900004,0.010102325261999993,-0.021350505682200004,0.009585684541308748,-0.018402374940190327,0.715848204209004,-0.6982553562582042,-1,-1,instant_velocity,dbscan_kmeans_fallback,False
900,317,7.88802184366,6.29441355764,0.019404883107999992,-0.039832320571999966,0.011794464743599988,-0.03241000080119999,0.010930234152127991,-0.03277161450814757,0.43795826347249883,-0.8989950545283647,-1,-1,instant_velocity,dbscan_kmeans_fallback,False
900,340,13.0698833077,12.1038704023,0.0,-0.0032935052299999158,0.0009007906679999778,-0.00435792794200001,0.0006285232183758872,-0.003764993162646745,0.0,-0.9999969637304517,2,2,instant_velocity,dbscan_kmeans_fallback,False
900,410,3.50592779614,-0.0964185590842,0.023824650409000014,0.0005250515593800007,0.015490232068400002,-0.00190927839770692,0.016353934618356592,-0.0015860971139707368,0.9997568285497709,0.022032805217262103,-1,-1,instant_velocity,dbscan_kmeans_fallback,False
900,411,12.6100170432,8.58984351129,0.02266709230999986,0.011002216767000129,0.01981318541999997,0.016228866380600008,0.019611908341982343,0.015845129093391374,0.8996249659321646,0.436662486252117,0,0,instant_velocity,dbscan_kmeans_fallback,False
910,4,10.4546438555,7.00275584319,0.024371859690000088,0.01066809304700005,0.023551045766400023,0.010744464183000008,0.02444733480463884,0.009117527071699006,0.9160823789121519,0.40098918101690245,0,0,instant_velocity,dbscan_kmeans_fallback,False
910,37,0.490383705427,3.31928049441,-0.025592557330500004,-0.012267113705999977,-0.02717525495486,-0.008539247633800002,-0.026317246451775952,-0.008281526302045223,-0.9017605970246428,-0.4322350297564264,-1,-1,instant_velocity,dbscan_kmeans_fallback,False
910,38,3.97442313017,8.06431463232,-0.035294998883999985,0.004606134135000062,-0.034979301219799995,0.010720598203199998,-0.035401708872073064,0.00880316262697266,-0.9915913434885165,0.12940651309337575,1,1,instant_velocity,dbscan_kmeans_fallback,False
910,39,3.91023127173,8.63375691443,-0.03483197564300004,0.001646752617999958,-0.0365409523332,0.008381732165799995,-0.036653311475263455,0.007079945089848756,-0.9988840243363722,0.047224277457394895,1,1,instant_velocity,dbscan_kmeans_fallback,False
910,41,14.3903414055,3.06797172532,0.005514185869999899,0.010811288927000007,0.005223744019999969,0.009952113648200003,0.004968570149281846,0.009495493418426822,0.4543537287250274,0.8908204315401765,-1,-1,instant_velocity,dbscan_kmeans_fallback,False
910,42,5.36622890012,8.4922316532,-0.03628418489999996,0.03293505235999987,-0.031430859471599994,0.037307299891199984,-0.033035149170729666,0.03586498452283021,-0.7404533670583519,0.6721074341732023,-1,-1,instant_velocity,dbscan_kmeans_fallback,False
910,43,14.385500708,9.10868991586,0.0028412789800000837,0.003699226894999974,0.0028244417700000212,0.003689680503399977,0.0037191245085006364,0.002586273652742983,0.6091328000897887,0.7930655358308822,-1,-1,instant_velocity,dbscan_kmeans_fallback,False
910,44,6.13063817828,9.27885435306,-0.040577673136000046,0.007684845550999952,-0.03760590578799999,0.011904350809799987,-0.037618595679755035,0.012757717942034787,-0.9825346596836488,0.1860783658754033,1,1,instant_velocity,dbscan_kmeans_fallback,False
910,45,9.12471482781,6.12663571844,-0.019004999400000066,0.00999984560799998,-0.024392906205800032,0.00033889691560000655,-0.02432731641244163,0.0023327156636083752,-0.884971266012798,0.46564463599216055,-1,-1,instant_velocity,dbscan_kmeans_fallback,False
910,46,9.84892527004,6.20515479255,-0.02620290614599998,-0.0015751546779999791,-0.028993673501199985,-0.0036801341115999973,-0.028718066536450232,-0.002769431928295469,-0.9981976711466037,-0.060005394917436686,2,2,instant_velocity,dbscan_kmeans_fallback,False
910,47,10.2187124676,6.67125738139,-0.02666592939000001,-0.006372216651999984,-0.028661138630000024,-0.005011855793999995,-0.02781990267869275,-0.004309165453839969,-0.9726149799654313,-0.23242067736234828,2,2,instant_velocity,dbscan_kmeans_fallback,False
910,48,11.3341775487,3.08682584949,-0.028286510730000103,0.017135773618999962,-0.02865272002400001,0.008047608446199997,-0.028968868839448034,0.007914756496222863,-0.8552989632922201,0.5181342284114513,3,3,instant_velocity,dbscan_kmeans_fallback,False
910,49,11.6585042826,3.61855988326,-0.030959417630000097,0.010524897168000003,-0.031860208296,0.005727835193200006,-0.0310642543539979,0.0058165067378611575,-0.946784615948656,0.32186686591442676,3,3,instant_velocity,dbscan_kmeans_fallback,False
910,50,14.5389297729,9.47956724462,-0.042787556790000104,-0.0031741753360000403,-0.042787556790000104,-0.0031741753360000403,-0.012836267037000033,-0.0009522526008000123,-0.9972594000951172,-0.07398123260255705,-1,-1,instant_velocity,dbscan_kmeans_fallback,False
910,51,14.9009297615,1.48541859342,0.0,0.0,0.0,0.0,0.0,0.0,0.0,0.0,-1,-1,instant_velocity,dbscan_kmeans_fallback,False
910,75,10.405605485,7.61467956966,0.023508952750000135,0.014033196222999944,0.020739231902600005,0.012066639473599991,0.02089980524899808,0.011043794171628745,0.8586534394066638,0.5125558901277488,0,0,instant_velocity,dbscan_kmeans_fallback,False
910,83,5.97299981117,0.387583514735,-0.0021046510969999765,0.0004773195995000035,-0.0021046510963999942,0.0004773195994400004,-0.0019235036952840144,-0.003102986681032266,-0.9752293953012148,0.22117495153915842,-1,-1,instant_velocity,dbscan_kmeans_fallback,False
910,86,14.4808414027,5.4144748761,0.016647790169999864,0.03878221745400001,0.024397115507999986,0.031040093550799997,0.02493605546866707,0.029801946485048192,0.394456405122318,0.9189143978486957,-1,-1,instant_velocity,dbscan_kmeans_fallback,False
910,87,7.1324521001,6.65860841201,0.03689453371700004,0.01682551588000001,0.03802262670499999,-0.0022624949011999895,0.03760320563207489,0.0011589171553208597,0.9098520598556135,0.4149322064611831,-1,-1,instant_velocity,dbscan_kmeans_fallback,False
910,88,5.9561626024,6.33880428039,0.052616277406000035,-0.015107165321999983,0.054047440151800005,-0.011026082746799996,0.05063897540285832,-0.010658063196778608,0.9611661577817295,-0.27596965736432505,-1,-1,instant_velocity,dbscan_kmeans_fallback,False
910,89,2.17747202419,7.72637235592,0.024666510849,0.0006682474389999804,0.029305161864340002,0.0036705877196,0.02450785195692806,0.002368447179413386,0.9996328279436965,0.027081336363418602,4,4,instant_velocity,dbscan_kmeans_fallback,False
910,90,1.99878714611,7.00036924519,0.03405325473700001,0.0049163918739999705,0.03342185940846,0.00575170117299999,0.02799390698463409,0.004530986845921854,0.9897379841983694,0.1428920618743373,4,4,instant_velocity,dbscan_kmeans_fallback,False
910,91,1.20491275261,5.87103107295,0.02893895257390001,-0.009546391989000026,0.02893895257390001,-0.009546391989000026,0.019012891840909506,-0.006271979536562999,0.949662144667241,-0.31327488674501663,-1,-1,instant_velocity,dbscan_kmeans_fallback,False
910,221,4.2854905622,7.3268558512,0.030896278093999953,-0.017899484978999958,0.02877899909019999,-0.01267760856079999,0.027652615871711587,-0.01288889875321931,0.8652782649635541,-0.5012912966166644,-1,-1,instant_velocity,dbscan_kmeans_fallback,False
910,222,13.2973960913,11.5704657499,-0.00023151162000001335,-0.00026252578000001136,-0.00022730231800000667,-0.000257752583999995,-7.875373961747588e-05,-0.0004566760041433318,-0.6613958620062251,-0.7499989182484841,5,5,instant_velocity,dbscan_kmeans_fallback,False
910,223,12.1389961279,10.8236992366,0.01492197627999996,-0.028472114110000037,0.016226859952000013,-0.015345825122,0.015104909968141988,-0.017581075036119883,0.4642024127391711,-0.8857287947415937,6,6,instant_velocity,dbscan_kmeans_fallback,False
910,224,11.7372182336,11.3000641968,0.01833151105000006,-0.019259845840000088,0.016702511099999987,-0.007694391944000003,0.01566675002037765,-0.010967719226728598,0.6894340159617808,-0.72434797262804,6,6,instant_velocity,dbscan_kmeans_fallback,False
910,225,12.4555356527,11.3855044051,0.008839534600000042,-0.01925984583999991,0.009811883409999993,-0.014238443651999973,0.009290305804564424,-0.01465649822370331,0.417126523039597,-0.9088479080694781,6,6,instant_velocity,dbscan_kmeans_fallback,False
910,226,12.5064682093,10.9351533631,0.014943022789999993,-0.01618113442000002,0.01679932505,-0.016978258152000016,0.01569428857442762,-0.015808218855574794,0.6784413513493153,-0.7346539489731808,6,6,instant_velocity,dbscan_kmeans_fallback,False
910,227,9.73274852952,11.5222564704,-0.02167790629200006,-0.02899716565999988,-0.02167790629200006,-0.02899716565999988,-0.016200341348940016,-0.01996630270916999,-0.5987622694623582,-0.8009264587034797,-1,-1,instant_velocity,dbscan_kmeans_fallback,False
910,228,10.8132764023,12.4434832973,-0.016479418089999955,-0.00933159816,-0.016479418089999955,-0.00933159816,-0.008400083456700007,-0.00476412691949998,-0.8701743121673124,-0.4927429455307775,-1,-1,instant_velocity,dbscan_kmeans_fallback,False
910,232,7.28209279304,4.3311980452,0.04259813818800007,-0.005918763033000029,0.0419877893702,-0.006692020783999997,0.04201442330031211,-0.005254275830374426,0.9904845802126433,-0.13762205973054947,7,7,instant_velocity,dbscan_kmeans_fallback,False
910,233,7.12213930973,3.64672173962,0.04630232411799993,-0.008353092990000022,0.03680613837139999,-0.004472484646600003,0.03509671082657953,-0.004892484018690097,0.9841138375675141,-0.17753740345728267,7,7,instant_velocity,dbscan_kmeans_fallback,False
910,234,6.68900211412,3.17417533619,0.04802813801700001,0.004773195993999968,0.0565688121652,-0.005183690849800007,0.05281552318087718,-0.00195458638466615,0.9950975562688247,0.09889610268755947,-1,-1,instant_velocity,dbscan_kmeans_fallback,False
910,235,7.69818231477,10.2342095313,0.04598662645300004,-0.015894742660000107,0.0425686730728,-0.015054660165999998,0.04453767815986854,-0.01586419510527854,0.9451363780778862,-0.3266753981944359,-1,-1,instant_velocity,dbscan_kmeans_fallback,False
910,275,12.5715019282,12.2909796852,-0.0022098836499999663,0.023865979970000062,-0.007618836967999983,0.023865979969999992,-0.008026340733440355,0.024161079699735043,-0.09220109635347591,0.9957399878424076,-1,-1,instant_velocity,dbscan_kmeans_fallback,False
910,300,7.92864160981,8.25762907009,-0.02243558068600011,0.000883041258999917,-0.01894185986640002,0.0011980721946000016,-0.02013874536537475,0.0006854675996657479,-0.9992258896281007,0.03932849788697935,2,2,instant_velocity,dbscan_kmeans_fallback,False
910,301,7.76363696387,7.77147905807,-0.027171045652000014,0.0029832474970000076,-0.01828941802640001,0.003961752675200003,-0.022071897258771685,0.0020878378219654483,-0.9940261091246854,0.10913918956153953,2,2,instant_velocity,dbscan_kmeans_fallback,False
910,302,11.33670313,11.1088976973,0.0018731394799999634,-0.0028161856300000566,-0.00435662776800001,-0.0050261753819999914,-0.00379401565372151,-0.004944277163240072,0.5538144790612219,-0.8326365410963474,5,5,instant_velocity,dbscan_kmeans_fallback,False
910,307,14.8013797646,11.2041229573,0.012143836819999976,-0.0036753609200001593,0.005194278903999994,-0.007465278535999999,0.005375630447530525,-0.006512875918403178,0.9571239901352538,-0.28967583812919984,5,5,instant_velocity,dbscan_kmeans_fallback,False
910,312,14.3274123378,11.7570977133,0.0009470930000000877,-0.002672989759999922,-0.0029675580440000006,-0.00628629912400001,-0.0017126302214419027,-0.0058519499914638905,0.33397415303970185,-0.9425784914255382,5,5,instant_velocity,dbscan_kmeans_fallback,False
910,316,8.78334042,6.75526563089,0.014016976301000027,0.0022672680970000415,0.013128813538400017,-0.0177515159026,0.010915072069216132,-0.012201482029033215,0.9871687456649129,0.159676106696558,0,0,instant_velocity,dbscan_kmeans_fallback,False
910,317,8.08733230247,5.98033726122,0.01993104588099994,-0.03140762964200006,0.015157697195199979,-0.03468681529039999,0.013630477670789577,-0.032362419048303316,0.5358105144879455,-0.8443379388017649,-1,-1,instant_velocity,dbscan_kmeans_fallback,False
910,340,13.0698833077,12.0709353499,0.0,-0.003293505240000094,0.0002988604539999784,-0.003651494936000006,0.00043996625286312104,-0.0036235467858527497,0.0,-0.9999969637304609,5,5,instant_velocity,dbscan_kmeans_fallback,False
910,410,3.74059639337,-0.0505958775393,0.02346685972300002,0.004582268154489999,0.020133092386600007,-0.0007350721831179998,0.01848781214974962,0.0002644124665674844,0.981463689615046,0.19164600047885488,-1,-1,instant_velocity,dbscan_kmeans_fallback,False
910,411,12.8366879663,8.70010433875,0.022667092310000036,0.011026082745999944,0.021463231880000003,0.014348227158600011,0.02052846353238765,0.014399415189173944,0.8992526997012723,0.43742860976022785,0,0,instant_velocity,dbscan_kmeans_fallback,False
920,4,10.708885708,7.09249192788,0.025424185249999988,0.008973608469000017,0.024174022492200003,0.010372154895400013,0.024740389938247186,0.00907435149088931,0.9429857161231295,0.3328320858718006,0,0,instant_velocity,dbscan_kmeans_fallback,False
920,37,0.234458132123,3.19684801716,-0.0255925573304,-0.012243247724999984,-0.026341813120740003,-0.010491484795399995,-0.026099839715363164,-0.009470042728931653,-0.902088225913733,-0.431550840233869,-1,-1,instant_velocity,dbscan_kmeans_fallback,False
920,38,3.62126267622,8.11061463346,-0.035316045394999974,0.004630000113999877,-0.03424688263819999,0.00873494866939998,-0.03537600982895114,0.007551213873080824,-0.9915150877401868,0.12998949678322744,1,1,instant_velocity,dbscan_kmeans_fallback,False
920,39,3.5619115153,8.65022444061,-0.034831975643,0.001646752617999958,-0.0359937430482,0.00674929913579998,-0.03610691072558442,0.0054499873482941165,-0.9988840243363722,0.04722427745739495,1,1,instant_velocity,dbscan_kmeans_fallback,False
920,41,14.4530600082,3.10711193247,0.00627186027000004,0.003914020714999999,0.005665720751999999,0.0094222888926,0.005359557185497304,0.007821051607398774,0.8483551509896315,0.5294250017866466,-1,-1,instant_velocity,dbscan_kmeans_fallback,False
920,42,5.00317658602,8.82134351701,-0.03630523140999999,0.03291118638100006,-0.032950417562999997,0.0359373926408,-0.034016173842510766,0.034978845080281165,-0.7408896108184981,0.6716265155846914,-1,-1,instant_velocity,dbscan_kmeans_fallback,False
920,43,14.4137030327,9.14568218482,0.0028202324700000504,0.003699226896000063,0.0028244417720000217,0.003694453699600011,0.0034494568969504606,0.002920159625720107,0.6062831645069316,0.7952461410870971,2,2,instant_velocity,dbscan_kmeans_fallback,False
920,44,5.72465098181,9.35546414877,-0.040598719646999994,0.0076609795710000485,-0.03893604528080001,0.00992347447220002,-0.03851263286992852,0.011228696430724366,-0.9826576947396756,0.1854275354036427,1,1,instant_velocity,dbscan_kmeans_fallback,False
920,45,8.93466483382,6.22663417452,-0.019004999398999977,0.00999984560799998,-0.02166948768760001,0.003293505236000005,-0.022730621308409135,0.004632854646925857,-0.8849712660027005,0.4656446360113509,1,1,instant_velocity,dbscan_kmeans_fallback,False
920,46,9.60731132419,6.20515479255,-0.024161394585000016,0.0,-0.028530650260199977,-0.003369876372,-0.027351064951015167,-0.001938602349806828,-0.999999586116777,0.0,1,1,instant_velocity,dbscan_kmeans_fallback,False
920,47,9.98109735888,6.66767748439,-0.023761510872000003,-0.0003579896999999832,-0.027171045652399996,-0.0044295258827999895,-0.026602385136684923,-0.0031238127276879734,-0.9998861071611294,-0.015064232635078865,1,1,instant_velocity,dbscan_kmeans_fallback,False
920,48,11.0513124413,3.25842224549,-0.028286510739999927,0.0171596396,-0.02925885953999998,0.011288608526399999,-0.028764161409613603,0.010688221427356004,-0.8549791203494029,0.5186618351613917,3,3,instant_velocity,dbscan_kmeans_fallback,False
920,49,11.3491205714,3.72380885493,-0.030938371119999884,0.010524897167000002,-0.032011743174,0.008672897121599998,-0.031026489383798494,0.007229023866602811,-0.9467178754411145,0.32206311853106007,3,3,instant_velocity,dbscan_kmeans_fallback,False
920,50,14.1110542051,9.44782549126,-0.04278755677999992,-0.0031741753360000403,-0.04278755677999992,-0.0031741753360000403,-0.021821653959900003,-0.0016188294213600209,-0.9972594000938415,-0.07398123261975309,-1,-1,instant_velocity,dbscan_kmeans_fallback,False
920,51,14.4799995422,1.57587065751,-0.042093021930000064,0.009045206409000018,-0.042093021930000064,0.009045206409000018,-0.012627906579000021,0.002713561922700006,-0.9776817601326535,0.21009024577566798,-1,-1,instant_velocity,dbscan_kmeans_fallback,False
920,75,10.6409054776,7.75501153189,0.02352999925999999,0.014033196223000033,0.02150111560020001,0.012677608560800007,0.021688863452298653,0.011940614787040131,0.8588551915152902,0.5122177564265824,0,0,instant_velocity,dbscan_kmeans_fallback,False
920,83,5.95195330021,0.392356710729,-0.0021046510960000655,0.00047731959940000015,-0.002104651096200012,0.0004773195994200008,-0.0019778479154988295,-0.0020288947969025863,-0.9752293952885425,0.22117495159502532,-1,-1,instant_velocity,dbscan_kmeans_fallback,False
920,86,14.6382693047,5.74120014191,0.015742790200000023,0.03267252658100004,0.021475859785999987,0.032725031736800005,0.022178075888066952,0.030663120513833745,0.4340745445584229,0.9008766498851352,-1,-1,instant_velocity,dbscan_kmeans_fallback,False
920,87,7.50665906501,6.89726821172,0.037420696490999994,0.023865979970999974,0.0375596034636,0.006400855828400011,0.03754845288975242,0.007971036000024594,0.8431219427881635,0.5377219904106381,-1,-1,instant_velocity,dbscan_kmeans_fallback,False
920,88,6.48232537647,6.18773262717,0.052616277407000034,-0.015107165321999983,0.05437155642080001,-0.012443721957000005,0.05123216600410083,-0.01199279383434502,0.9611661577831209,-0.2759696573594796,-1,-1,instant_velocity,dbscan_kmeans_fallback,False
920,89,2.42561038843,7.73424812931,0.02481383642399999,0.000787577339000034,0.027398347971,0.002443876349000007,0.02459964729704964,0.0018941862272893804,0.9994962815392178,0.031723454942812604,4,4,instant_velocity,dbscan_kmeans_fallback,False
920,90,2.33931969349,7.04953316394,0.034053254737999986,0.00491639187499997,0.033640743122579995,0.005465309413599986,0.029811711310643856,0.004646608354645289,0.9897379841948525,0.1428920618986979,4,4,instant_velocity,dbscan_kmeans_fallback,False
920,91,1.49430227834,5.77556715307,0.028938952572999988,-0.009546391988000025,0.028938952572999988,-0.009546391988000025,0.021990710060536652,-0.007254303271994107,0.9496621446741054,-0.313274886724208,-1,-1,instant_velocity,dbscan_kmeans_fallback,False
920,92,0.347267430882,7.48795121601,0.0,0.0,0.0,0.0,0.0,0.0,0.0,0.0,-1,-1,instant_velocity,dbscan_kmeans_fallback,False
920,221,4.59466380823,7.14786100142,0.030917324603000028,-0.017899484978000046,0.030226999044399995,-0.016410247828200008,0.028632028491098117,-0.01439207462065353,0.8654262706841682,-0.5010357374251829,-1,-1,instant_velocity,dbscan_kmeans_fallback,False
920,222,13.2952914402,11.5680791519,-0.00021046510999997992,-0.00023865980000010724,-0.000223093016,-0.0002529793880000142,-0.0001182671507322271,-0.00039127114290036445,-0.6613939741043506,-0.749996774197089,5,5,instant_velocity,dbscan_kmeans_fallback,False
920,223,12.2884263557,10.5387394357,0.014943022779999992,-0.02849598008999994,0.015822766942000008,-0.019450773677999997,0.015056343811699388,-0.020855546552283902,0.46441058528709833,-0.8856196625517276,6,6,instant_velocity,dbscan_kmeans_fallback,False
920,224,11.9205333441,11.1077043983,0.01833151105000006,-0.019235979850000008,0.017211836666000017,-0.011302928114000004,0.016466178329264374,-0.013448197413710021,0.6898824188335431,-0.7239209179949875,6,6,instant_velocity,dbscan_kmeans_fallback,False
920,225,12.5437205337,11.1931446066,0.008818488100000011,-0.019235979850000008,0.00947092993400002,-0.01596156740399998,0.009148760493195102,-0.01603034271159232,0.4167325137429772,-0.9090286391835978,6,6,instant_velocity,dbscan_kmeans_fallback,False
920,226,12.655687972,10.7735806787,0.014921976270000137,-0.016157268439999938,0.016458371572000027,-0.017503309710000005,0.015462594883099376,-0.015912933730902336,0.6784657266210261,-0.7346314371504781,6,6,instant_velocity,dbscan_kmeans_fallback,False
920,227,9.59784039425,11.2714250209,-0.013490813527000078,-0.02508314494999997,-0.013490813527000078,-0.02508314494999997,-0.015387483002358034,-0.021501355381418983,-0.47367783293726173,-0.8806977962736121,7,7,instant_velocity,dbscan_kmeans_fallback,False
920,228,10.5417764109,12.1780936,-0.02714999913999989,-0.026538969729999983,-0.02714999913999989,-0.026538969729999983,-0.014025058161689974,-0.011296579762649982,-0.7151078018849308,-0.6990138088052654,7,7,instant_velocity,dbscan_kmeans_fallback,False
920,232,7.70302301229,4.27917020886,0.042093021924999974,-0.005202783633999975,0.04251395214420001,-0.006539278512200006,0.04203800288771847,-0.005238828171462091,0.9924474588623651,-0.12266853650408184,8,8,instant_velocity,dbscan_kmeans_fallback,False
920,233,7.56769394681,3.56128153132,0.04455546370800008,-0.008544020829999966,0.0405945103446,-0.006806577487999998,0.037934336691005696,-0.005987945062083057,0.9821055797748539,-0.18833000113853354,8,8,instant_velocity,dbscan_kmeans_fallback,False
920,234,7.07162768342,3.17417533619,0.038262556930000004,0.0,0.0541989750308,-0.0024534227410000042,0.048449633305614026,-0.001368210469266305,0.999999738647958,0.0,8,8,instant_velocity,dbscan_kmeans_fallback,False
920,235,8.03303230419,10.0607038569,0.033484998941999945,-0.017350567439999943,0.0425013242378,-0.015627443686000008,0.04122187439450796,-0.01631010680569496,0.8878845552830616,-0.46006574114148724,-1,-1,instant_velocity,dbscan_kmeans_fallback,False
920,275,12.5576112309,12.5377539181,-0.001389069730000081,0.02467742329,-0.003851511506000023,0.024028268634000014,-0.006035159432408272,0.02431598277681453,-0.05620010489121127,0.9984191199262108,-1,-1,instant_velocity,dbscan_kmeans_fallback,False
920,300,7.7097578958,8.25762907009,-0.021888371400999952,0.0,-0.020945487710000012,0.0013221752906000005,-0.02066363317606231,0.0004798273197660235,-0.9999995431366158,0.0,1,1,instant_velocity,dbscan_kmeans_fallback,False
920,301,7.42941836978,7.81610844062,-0.03342185940900002,0.0044629382550000155,-0.021938883027400012,0.004324515570800003,-0.025476885903840188,0.0028003679518758184,-0.9912015940292797,0.13235862967034792,1,1,instant_velocity,dbscan_kmeans_fallback,False
920,302,11.3552240596,11.0807358409,0.0018520929599999292,-0.0028161856400000574,-0.0012501627520000013,-0.003918793912000034,-0.002100183069605078,-0.004305849706268067,0.5494780491136149,-0.8355046019985236,5,5,instant_velocity,dbscan_kmeans_fallback,False
920,312,14.3366728026,11.7303678157,0.0009260464800000534,-0.0026729897600000995,0.0005850930060000082,-0.0030023402800000197,-0.0009210272110093156,-0.0048982619220247535,0.3273558723760613,-0.9448973821887005,5,5,instant_velocity,dbscan_kmeans_fallback,False
920,316,8.92372064812,6.77793831186,0.014038022811999973,0.0022672680969999526,0.014732557673799995,-0.011613185854,0.011851957292051286,-0.007860856991223264,0.9872064557010318,0.1594428027464122,0,0,instant_velocity,dbscan_kmeans_fallback,False
920,317,8.36430438674,5.67890993418,0.02769720842700014,-0.030142732703999985,0.01964481333240002,-0.036180825636599995,0.017850496897652744,-0.03169651314501232,0.6766050061649703,-0.7363458270811697,-1,-1,instant_velocity,dbscan_kmeans_fallback,False
920,340,13.0698833077,12.0377616377,0.0,-0.003317371219999998,0.0,-0.00330305162800002,0.0003079763770041847,-0.0035316941160969243,0.0,-0.9999969855740608,5,5,instant_velocity,dbscan_kmeans_fallback,False
920,410,3.97526499061,-0.00453453619456,0.023466859723999978,0.004606134134474,0.0238162318052,0.0005298247553628,0.01998152642202473,0.0015669289669394393,0.9812755079557576,0.19260721995520175,-1,-1,instant_velocity,dbscan_kmeans_fallback,False
920,411,13.0587286569,8.75618939169,0.02220406906000001,0.005608505294000032,0.021850487679999978,0.011932989985800013,0.021031145190671358,0.01176214222062177,0.96954855617767,0.24489737423436692,2,2,instant_velocity,dbscan_kmeans_fallback,False
930,4,11.0060624428,7.11349399026,0.029717673479999894,0.002100206238000002,0.025651487561999992,0.008620391965600015,0.026233575000773,0.006982107915022517,0.9975117179103147,0.07049610844682275,-1,-1,instant_velocity,dbscan_kmeans_fallback,False
930,38,3.33208361559,8.12565020084,-0.028917906062999998,0.0015035567380000004,-0.03339239429319999,0.006467680572199974,-0.03343857869916579,0.005736916732556577,-0.9986507030968538,0.051923814617784295,0,0,instant_velocity,dbscan_kmeans_fallback,False
930,39,3.23632199071,8.64568990442,-0.03255895245899998,-0.00045345361900004375,-0.03513925470319999,0.004567948566600002,-0.03504252324560909,0.0036789550581058685,-0.9999027241897609,-0.013925801498153475,0,0,instant_velocity,dbscan_kmeans_fallback,False
930,41,14.5166204713,3.13861502603,0.006356046309999997,0.003150309356000003,0.005834092837999983,0.007890092978399998,0.005658503922848112,0.006419828931979142,0.8959831454017468,0.44408488360706033,-1,-1,instant_velocity,dbscan_kmeans_fallback,False
930,42,4.7118928743,9.23422497051,-0.029128371172000022,0.04128814535000007,-0.03303460360679999,0.036238103988400015,-0.03254983304135754,0.036871635161196833,-0.576469051347377,0.8171187410810825,-1,-1,instant_velocity,dbscan_kmeans_fallback,False
930,43,14.4419053574,9.18243579397,0.0028202324699998726,0.00367536091500007,0.002824441771999986,0.0036896805034000125,0.003260689568865284,0.0031467200125040963,0.6087640344791801,0.7933486202230112,1,1,instant_velocity,dbscan_kmeans_fallback,False
930,44,5.34581378449,9.54639198854,-0.03788371973200002,0.019092783976999962,-0.039146510390400006,0.011183598214600004,-0.03832395892854997,0.013587922694607046,-0.8929994117950639,0.450057306452654,-1,-1,instant_velocity,dbscan_kmeans_fallback,False
930,45,8.71578111981,6.29441355764,-0.021888371400999952,0.006777938312000043,-0.021134906308599995,0.005446216629400009,-0.02247794633618638,0.005276379746448113,-0.9552489014446663,0.2958017299679943,2,2,instant_velocity,dbscan_kmeans_fallback,False
930,46,9.36569737834,6.20515479255,-0.024161394585000016,0.0,-0.02726785960320001,-0.002400917585200002,-0.02639416384121062,-0.0013570216448647796,-0.999999586116777,0.0,2,2,instant_velocity,dbscan_kmeans_fallback,False
930,47,9.75063806384,6.67913315478,-0.02304592950399993,0.0011455670389999284,-0.025542045703199998,-0.003541711427800003,-0.025535448446879425,-0.0018429987976816024,-0.9987664093485742,0.04964667960176887,2,2,instant_velocity,dbscan_kmeans_fallback,False
930,48,10.7707624502,3.42405214649,-0.02805499911000009,0.016562990099999998,-0.029056813034000015,0.013570196211799992,-0.028551412719729552,0.012450652029149203,-0.861127363005153,0.5083886808326264,3,3,instant_velocity,dbscan_kmeans_fallback,False
930,49,11.0439461625,3.8295351462,-0.0305174408900001,0.010572629126999989,-0.03149820830600003,0.009427062088599997,-0.030873774835658976,0.008232105444721964,-0.9449005707219992,0.3273565215426649,3,3,instant_velocity,dbscan_kmeans_fallback,False
930,50,13.6829681721,9.41584507809,-0.042808603299999956,-0.0031980413170000334,-0.042808603299999956,-0.0031980413170000334,-0.02811773876192999,-0.0020925929900520246,-0.9972209321992046,-0.0744979629678866,-1,-1,instant_velocity,dbscan_kmeans_fallback,False
930,51,14.059069323,1.6665613814,-0.042093021920000064,0.009069072388999988,-0.042093021920000064,0.009069072388999988,-0.021467441181300034,0.004620215062590001,-0.977567770111564,0.2106200141473487,-1,-1,instant_velocity,dbscan_kmeans_fallback,False
930,75,10.875995005,7.89534349412,0.023508952739999957,0.014033196222999944,0.022220906274000002,0.013164474552199988,0.022234890238609042,0.012568389217828076,0.8586534393107071,0.512555890288499,4,4,instant_velocity,dbscan_kmeans_fallback,False
930,83,5.93090678925,0.397129906723,-0.0021046510959999765,0.00047731959940000015,-0.002104651096200012,0.0004773195994200008,-0.002015888869649174,-0.0012770304780118102,-0.9752293952885405,0.22117495159503422,-1,-1,instant_velocity,dbscan_kmeans_fallback,False
930,86,14.7864367419,6.00635117939,0.01481674371999997,0.02651510374799999,0.01872718545599998,0.032572289464999994,0.01996967623764686,0.02941871548408362,0.4878081476795959,0.8729504869133426,-1,-1,instant_velocity,dbscan_kmeans_fallback,False
930,87,7.88065556482,7.13592801143,0.03739964998099996,0.023865979970999974,0.0370881616182,0.015064206557799996,0.037503812017126686,0.012739519191317208,0.8429847487801527,0.5379370432735705,4,4,instant_velocity,dbscan_kmeans_fallback,False
930,88,7.03648001011,6.01422695278,0.05541546336399996,-0.01735056743900003,0.0541358354978,-0.014104794163000011,0.05248715521207057,-0.013600125915741524,0.9543167256074069,-0.29879632327632366,-1,-1,instant_velocity,dbscan_kmeans_fallback,False
930,89,2.68869177547,7.75143163489,0.026308138704000016,0.0017183505580000257,0.0257946038358,0.0014080928182000107,0.025112194719134756,0.001841435526502574,0.9978733123554399,0.06517740317518524,5,5,instant_velocity,dbscan_kmeans_fallback,False
930,90,2.71436851884,7.04953316394,0.03750488253500004,0.0,0.03454574309392,0.0041908660829999885,0.03211966267795071,0.003252625848251702,0.9999997333681201,0.0,5,5,instant_velocity,dbscan_kmeans_fallback,False
930,91,1.79884529197,5.68129653218,0.030454301363,-0.00942706208899997,0.02924202233138,-0.009522526008599996,0.02452978745127566,-0.007906130917095865,0.9552791165494345,-0.29570455209908797,-1,-1,instant_velocity,dbscan_kmeans_fallback,False
930,92,0.592880213815,7.46814245263,0.024561278293299998,-0.0019808763379999482,0.024561278293299998,-0.0019808763379999482,0.00736838348799,-0.0005942629013999845,0.9967631339854136,-0.08038932188806258,5,5,instant_velocity,dbscan_kmeans_fallback,False
930,221,4.90383705427,6.96886615163,0.03091732460400003,-0.017899484978999958,0.03083313856,-0.017899484978599993,0.029317617324968688,-0.015444297728157457,0.865426270679059,-0.5010357374340084,-1,-1,instant_velocity,dbscan_kmeans_fallback,False
930,222,13.2929763239,11.5654538941,-0.00023151163000001418,-0.00026252578000001136,-0.00022309301800000014,-0.0002529793880000142,-0.00015224049451256322,-0.0003526475340302585,-0.6613958780772821,-0.7499989040767423,1,1,instant_velocity,dbscan_kmeans_fallback,False
930,223,12.3993414685,10.3208430386,0.0110915112799999,-0.02178963971000005,0.014652580931999993,-0.022219227353999997,0.01386689405218954,-0.021135774499598747,0.4536375039340142,-0.8911858375413372,6,6,instant_velocity,dbscan_kmeans_fallback,False
930,224,12.0466019447,10.8597368664,0.012606860060000002,-0.024796753189999875,0.016576232034,-0.01602361895199998,0.015308382848485062,-0.016852764146596977,0.4531991397532685,-0.8914088964974247,6,6,instant_velocity,dbscan_kmeans_fallback,False
930,225,12.6931507615,11.0392090357,0.014943022779999992,-0.015393557089999987,0.010354883394000005,-0.0169209798,0.01088703917923657,-0.01583930702511462,0.6965282712109573,-0.7175286998849687,6,6,instant_velocity,dbscan_kmeans_fallback,False
930,226,12.7884914562,10.6177358295,0.013280348419999833,-0.01558448491999993,0.015561790205999983,-0.01689234062199997,0.014807920944169514,-0.015814399087631614,0.6485984703786901,-0.7611301120329977,6,6,instant_velocity,dbscan_kmeans_fallback,False
930,227,9.46293225898,11.0205935714,-0.013490813526999901,-0.025083144950000146,-0.020596115628400007,-0.028457794518000023,-0.014818482159750594,-0.02257589225199333,-0.47367783293725435,-0.8806977962736162,7,7,instant_velocity,dbscan_kmeans_fallback,False
930,228,10.2584903734,11.8936111187,-0.028328603749999993,-0.028448248129999954,-0.028328603749999993,-0.028448248129999954,-0.01831612183818298,-0.016442080272854973,-0.70561497106534,-0.708595099082832,7,7,instant_velocity,dbscan_kmeans_fallback,False
930,232,8.11342997606,4.17654649499,0.04104069637700007,-0.01026237138699999,0.04265706841880002,-0.0073316290472000036,0.04173881093450295,-0.006745891136123461,0.9701300483784354,-0.2425844522396359,8,8,instant_velocity,dbscan_kmeans_fallback,False
930,233,7.94274277216,3.46772688984,0.03750488253499995,-0.009355464147999992,0.041415324272199995,-0.008090567210199993,0.03780550044420397,-0.006998200787858138,0.9702684657071853,-0.24203013664654166,8,8,instant_velocity,dbscan_kmeans_fallback,False
930,234,7.45425325272,3.17417533619,0.038262556930000004,0.0,0.048857370548599996,-0.00030071134760000005,0.04539351039292982,-0.0009577473284864134,0.999999738647958,0.0,8,8,instant_velocity,dbscan_kmeans_fallback,False
930,235,8.37040787492,9.87550385234,0.03373755707299999,-0.01852000045600004,0.042480277726799985,-0.01642934061320002,0.03897657919805557,-0.016973074900786485,0.8766066004448937,-0.48120717824482545,-1,-1,instant_velocity,dbscan_kmeans_fallback,False
930,275,12.5472984405,12.788108048,-0.0010312790399998662,0.025035412989999985,-0.0018099999440000048,0.024262155238,-0.00453399531468575,0.024531811840770166,-0.041157890200851865,0.9991522556063328,-1,-1,instant_velocity,dbscan_kmeans_fallback,False
930,300,7.47698348456,8.26287958568,-0.023277441124000032,0.0005250515590001115,-0.0229912085754,0.001474917562199991,-0.021447775560443628,0.00049339459153625,-0.9997452756583834,0.02255049482420204,2,2,instant_velocity,dbscan_kmeans_fallback,False
930,301,7.06868117188,7.86718163775,-0.03607371978999998,0.005107319713000003,-0.02713316193299999,0.004200412474800004,-0.028655936069688127,0.0034924534802130737,-0.9901254713362588,0.1401820318929493,2,2,instant_velocity,dbscan_kmeans_fallback,False
930,302,11.3737449893,11.0528126443,0.0018520929700001076,-0.0027923196599999754,0.0018563022680000074,-0.0028066392460000243,-0.0009145002577235222,-0.0038517906923876397,0.5527437908694567,-0.8333476662284448,1,1,instant_velocity,dbscan_kmeans_fallback,False
930,308,14.7325576738,10.1342110752,0.0,0.0,0.0,0.0,0.0,0.0,0.0,0.0,1,1,instant_velocity,dbscan_kmeans_fallback,False
930,312,14.3461437325,11.7038765779,0.0009470929899999092,-0.002649123780000018,0.0009428836900000092,-0.002668216562000012,-0.0003605911507065481,-0.004223520479417333,0.33664328452559794,-0.9416284777001244,1,1,instant_velocity,dbscan_kmeans_fallback,False
930,316,9.13418575775,6.98414037881,0.02104651096300003,0.020620206695000042,0.017009790160000017,-0.002343639233200001,0.01461032339333591,0.0006834621146437287,0.7143037677920376,0.6998353010046661,4,4,instant_velocity,dbscan_kmeans_fallback,False
930,317,8.71872763135,5.38989291673,0.03544232446099986,-0.028901701744999998,0.02430451085959998,-0.0351498153018,0.02312804516665688,-0.030858069725008624,0.7749909342213162,-0.6319720045616756,-1,-1,instant_velocity,dbscan_kmeans_fallback,False
930,340,13.0698833077,12.0048265854,0.0,-0.0032935052299999158,0.0,-0.0033030516279999845,0.0002155834639029293,-0.003460237450267822,0.0,-0.9999969637304517,1,1,instant_velocity,dbscan_kmeans_fallback,False
930,411,13.2803484174,8.80654660943,0.022161976050000122,0.005035721774000024,0.022229324880000016,0.009403196108799996,0.021370394448469988,0.009744216086635246,0.9751427996354765,0.22157536032910224,1,1,instant_velocity,dbscan_kmeans_fallback,False
940,4,11.3032391775,7.13449605263,0.029717673470000074,0.002100206237000002,0.026720650317000008,0.006906814603600004,0.02727880454154112,0.005517537411615763,0.9975117179110069,0.07049610843702692,-1,-1,instant_velocity,dbscan_kmeans_fallback,False
940,38,3.13824524963,8.09438576708,-0.019383836596000004,-0.0031264433759998767,-0.03063109205479999,0.003269639256000012,-0.029222156068216053,0.0030779086999896403,-0.9872404728344547,-0.15923325712770398,0,0,instant_velocity,dbscan_kmeans_fallback,False
940,39,3.00186385859,8.55690845893,-0.02344581321199999,-0.008878144548999956,-0.032462138508600004,0.0007064330072000047,-0.03156351023552636,-8.817482402587954e-05,-0.9351966623255484,-0.35412766769032317,0,0,instant_velocity,dbscan_kmeans_fallback,False
940,41,14.5799704693,3.17011811959,0.006334999799999963,0.003150309356000003,0.005998255623999995,0.006362670260200005,0.005861452685993667,0.0054389730591854,0.8953957066839898,0.44526812330583243,-1,-1,instant_velocity,dbscan_kmeans_fallback,False
940,42,4.42860683674,9.65665281601,-0.028328603755999993,0.04224278454999997,-0.0329630454696,0.036729743176000015,-0.03128346425575028,0.03848297997783777,-0.5569676950896638,0.830533920684303,-1,-1,instant_velocity,dbscan_kmeans_fallback,False
940,43,14.4701076821,9.21942806293,0.0028202324700000504,0.0036992268959998853,0.002824441771999986,0.0036896805035999945,0.003128552439205714,0.003312472077552833,0.6062831645069501,0.7952461410870831,1,1,instant_velocity,dbscan_kmeans_fallback,False
940,44,4.96697658716,9.73731982831,-0.03788371973300002,0.019092783976999962,-0.0393569755,0.012443721956999988,-0.03819188716988499,0.015239381079324921,-0.8929994117998384,0.4500573064431803,-1,-1,instant_velocity,dbscan_kmeans_fallback,False
940,45,8.46806368578,6.3294965482,-0.024771743402999924,0.0035082990559999415,-0.02118120863279998,0.006940226975599995,-0.023166085456230442,0.004745955539313661,-0.9901191666141046,0.1402256628065607,2,2,instant_velocity,dbscan_kmeans_fallback,False
940,46,9.09609157291,6.30944912502,-0.026960580543000035,0.01042943324700003,-0.02647651079180001,0.0007302989870000153,-0.026564088851747443,0.002178914822694664,-0.932648347326322,0.3607857651971171,2,2,instant_velocity,dbscan_kmeans_fallback,False
940,47,9.50839272266,6.74046872331,-0.02422453411800003,0.006133556853000055,-0.024872766654799996,-0.0011646598225999937,-0.025142174148215606,0.0005499678975228951,-0.9694087179125129,0.24545047826914348,2,2,instant_velocity,dbscan_kmeans_fallback,False
940,48,10.5104171096,3.53717689155,-0.026034534059999892,0.011312474506000036,-0.02812655724999999,0.014438917882600003,-0.027796349121810653,0.012109198772204453,-0.9171584409913223,0.39852188088965995,3,3,instant_velocity,dbscan_kmeans_fallback,False
940,49,10.7793915197,3.93860267467,-0.02645546427999985,0.01090675284699998,-0.030176487417999987,0.010243278603599996,-0.029548281668961236,0.009034499665405368,-0.9245137286637949,0.38114782774072975,3,3,instant_velocity,dbscan_kmeans_fallback,False
940,50,13.3224414393,9.35212291157,-0.03605267328000004,-0.006372216651999984,-0.03605267328000004,-0.006372216651999984,-0.030498219117351007,-0.0033764800886364127,-0.9847366018039702,-0.17404964461623218,-1,-1,instant_velocity,dbscan_kmeans_fallback,False
940,51,13.6381391037,1.75701344549,-0.042093021929999884,0.009045206408999995,-0.042093021929999884,0.009045206408999995,-0.02765511540590999,0.005947712466512999,-0.9776817601326534,0.21009024577566834,-1,-1,instant_velocity,dbscan_kmeans_fallback,False
940,75,11.1843263906,8.03543679655,0.030833138560000074,0.01400933024300004,0.024405534112,0.013641794151600006,0.02481436473502635,0.013000671525379665,0.9104299655501332,0.41366252824684663,4,4,instant_velocity,dbscan_kmeans_fallback,False
940,83,5.90986027828,0.401903102717,-0.0021046510969999765,0.00047731959940000015,-0.0021046510963999942,0.0004773195994200008,-0.0020425175378544144,-0.000750725454788267,-0.97522939531121,0.22117495149508684,-1,-1,instant_velocity,dbscan_kmeans_fallback,False
940,86,14.9343937139,6.27150221687,0.014795697200000114,0.02651510374799999,0.01597430182,0.032419547193000005,0.018417482526352835,0.02854763196325853,0.48727985293951176,0.8732454902497757,-1,-1,instant_velocity,dbscan_kmeans_fallback,False
940,87,8.24012997206,7.30871770642,0.035947440724000045,0.01727896949900005,0.036801929069200004,0.018319526226000013,0.03703690062918869,0.014101354283622062,0.9012860129837879,0.43322398520083905,4,4,instant_velocity,dbscan_kmeans_fallback,False
940,88,7.59779045748,5.83523210299,0.056131044737000035,-0.017899484978999958,0.05403902154740001,-0.015875649877000006,0.05358032206954941,-0.014889933634719053,0.9527311848659351,-0.3038140054658828,-1,-1,instant_velocity,dbscan_kmeans_fallback,False
940,89,2.9517731625,7.76837648067,0.026308138702999972,0.001694484577999944,0.025348417803399997,0.0011121546665999915,0.02547097791429432,0.001797350241951785,0.9979317844832437,0.06427592760524689,5,5,instant_velocity,dbscan_kmeans_fallback,False
940,90,3.10436036698,7.02853110156,0.03899918481399998,-0.002100206238000002,0.03572855701,0.002525020681000001,0.034183519318765496,0.0016467762223761903,0.9985528411677254,-0.05377463441851837,5,5,instant_velocity,dbscan_kmeans_fallback,False
940,91,2.10359877071,5.58726457109,0.030475347874000015,-0.009403196108999978,0.02954930139148,-0.009493886832599987,0.02631345557809297,-0.008355250474667099,0.9555478081295873,-0.29483513915958615,5,5,instant_velocity,dbscan_kmeans_fallback,False
940,92,0.838282531638,7.44809502946,0.024540231782300005,-0.00200474231700003,0.024540231782300005,-0.00200474231700003,0.012519937976283002,-0.0010174067260799982,0.996679407088791,-0.08142080325885702,5,5,instant_velocity,dbscan_kmeans_fallback,False
940,221,5.22290216047,6.86099192216,0.03190651062000001,-0.010787422947000015,0.031077278087400007,-0.016477072572200005,0.030094285313478086,-0.014047235293810224,0.9473211605712208,-0.320284287662562,5,5,instant_velocity,dbscan_kmeans_fallback,False
940,222,13.2906612077,11.5628286363,-0.00023151162000001335,-0.0002625257799998337,-0.00022730232000000683,-0.000257752583999995,-0.00017602183215879825,-0.000325611007821131,-0.6613958620064768,-0.749998918248262,1,1,instant_velocity,dbscan_kmeans_fallback,False
940,223,12.4936298376,10.1315858174,0.009428836910000094,-0.01892572212000001,0.01314565074800001,-0.024414897512000024,0.012535476909532706,-0.020472758785719126,0.44592561547477866,-0.895069494278224,1,1,instant_velocity,dbscan_kmeans_fallback,False
940,224,12.1482565927,10.5883806741,0.010165464799999847,-0.027135619230000074,0.015452348347999988,-0.021212082997999992,0.013765507433939497,-0.019937620671617907,0.3508088758354945,-0.9364467109439499,1,1,instant_velocity,dbscan_kmeans_fallback,False
940,225,12.8423705242,10.8852734649,0.01492197626999996,-0.015393557080000165,0.011268301968000003,-0.017703783944000014,0.012097520306465586,-0.015705582041580284,0.6960226741543688,-0.7180191530735935,1,1,instant_velocity,dbscan_kmeans_fallback,False
940,226,12.8549984308,10.48599562,0.00665069746000011,-0.013174020950000021,0.013343487950000003,-0.015799278741999993,0.012360753898918692,-0.015022285646342136,0.4506623902593674,-0.892693707142994,1,1,instant_velocity,dbscan_kmeans_fallback,False
940,227,9.32802412371,10.7697621219,-0.013490813527000078,-0.02508314494999997,-0.01786427850580001,-0.027159485206000013,-0.01442018156992544,-0.02332806806139532,-0.47367783293726173,-0.8806977962736121,6,6,instant_velocity,dbscan_kmeans_fallback,False
940,228,9.99498805612,11.6425410094,-0.02635023172800004,-0.02510701093000005,-0.022953324855599994,-0.01975625821999998,-0.0207263548051281,-0.019041559469998498,-0.7239792026651573,-0.6898214005113207,6,6,instant_velocity,dbscan_kmeans_fallback,False
940,232,8.50805205661,3.9975516452,0.03946220805499987,-0.017899484979000003,0.041794161469399994,-0.009384103324799992,0.04105583007065203,-0.010091969288986424,0.9106953142175446,-0.41307818038370736,7,7,instant_velocity,dbscan_kmeans_fallback,False
940,233,8.31800206262,3.37441090815,0.03752592904599998,-0.009331598169,0.0412048591624,-0.008563113613599994,0.03772162902474278,-0.007698220002200697,0.9704450271887617,-0.2413212215939819,7,7,instant_velocity,dbscan_kmeans_fallback,False
940,234,7.98504625919,2.97370110443,0.05307930064699997,-0.02004742317599999,0.045738277623799985,-0.002300680469200005,0.047699247469150864,-0.0066846500827404875,0.9354996435351615,-0.35332713517970055,7,7,instant_velocity,dbscan_kmeans_fallback,False
940,235,8.72988228216,9.58720281429,0.035947440724000045,-0.02883010380499993,0.0401020219882,-0.01917392830819999,0.03806783765583891,-0.02053018357205052,0.7801042653363373,-0.625649183791663,-1,-1,instant_velocity,dbscan_kmeans_fallback,False
940,275,12.5369856502,13.0384621779,-0.001031279030000043,0.025035412989999985,-0.0015742790199999846,0.024496041841999983,-0.0034831804292800384,0.02468289218553911,-0.041157889802439396,0.9991522556227446,-1,-1,instant_velocity,dbscan_kmeans_fallback,False
940,300,7.18864628437,8.28937082345,-0.028833720018999996,0.0026491237769999286,-0.02402248761260001,0.001408092818399993,-0.02366355889801054,0.0011401133471753535,-0.9958055997127319,0.09149052878818105,2,2,instant_velocity,dbscan_kmeans_fallback,False
940,301,6.70773350888,7.91849349469,-0.03609476630000001,0.005131185693999995,-0.031990696663,0.0041335877310000055,-0.030887585138781693,0.00398407314434915,-0.9900457963963027,0.14074364091044245,2,2,instant_velocity,dbscan_kmeans_fallback,False
940,302,11.3922659189,11.024650788,0.0018520929599999292,-0.002816185629999879,0.0018563022660000072,-0.0028066392439999887,-8.452229240648668e-05,-0.0035411091736713115,0.5494780504756734,-0.8355046011027432,1,1,instant_velocity,dbscan_kmeans_fallback,False
940,308,14.5220925642,10.1838523136,-0.02104651096000012,0.004964123839999957,-0.02104651096000012,0.004964123839999957,-0.006313953288000037,0.0014892371519999873,-0.9732928148718586,0.22956517946317265,-1,-1,instant_velocity,dbscan_kmeans_fallback,False
940,309,14.7506576732,10.5573549001,0.0,0.0,0.0,0.0,0.0,0.0,0.0,0.0,1,1,instant_velocity,dbscan_kmeans_fallback,False
940,312,14.3556146624,11.6771466804,0.0009470929900000869,-0.0026729897499999213,0.0009428836900000092,-0.002668216560000012,3.17140915054424e-05,-0.0037583612605921095,0.3339741510167897,-0.9425784921422792,1,1,instant_velocity,dbscan_kmeans_fallback,False
940,316,9.34465086737,7.19010378597,0.021046510961999942,0.020596340715999962,0.017582255258000005,0.005684876429199992,0.016541179663935122,0.006657325695050599,0.714708790018569,0.6994216655920111,4,4,instant_velocity,dbscan_kmeans_fallback,False
940,317,9.05904971361,5.24025322231,0.03403220822600002,-0.014963969442000024,0.027301534020599993,-0.029049670821000007,0.026399294084459818,-0.02608983964010604,0.9154159187970222,-0.40250858083119584,7,7,instant_velocity,dbscan_kmeans_fallback,False
940,318,9.98278107976,10.634919335,0.0,0.0,0.0,0.0,0.0,0.0,0.0,0.0,1,1,instant_velocity,dbscan_kmeans_fallback,False
940,319,9.80977875965,11.0936234701,0.0,0.0,0.0,0.0,0.0,0.0,0.0,0.0,1,1,instant_velocity,dbscan_kmeans_fallback,False
940,340,13.0698833077,11.971891533,0.0,-0.0032935052399999166,0.0,-0.003298278431999968,0.0001509084247320505,-0.00341021778718745,0.0,-0.9999969637304609,1,1,instant_velocity,dbscan_kmeans_fallback,False
940,411,13.5434298044,8.79174970184,0.026308138699999973,-0.0014796907590000075,0.023201673686,0.006238567164400024,0.022851717723928983,0.00637704403294467,0.9984216364559262,-0.05615582637358912,-1,-1,instant_velocity,dbscan_kmeans_fallback,False
950,4,11.6004159123,7.15549811501,0.029717673480000074,0.002100206238000002,0.02778981307400002,0.005188464045800014,0.02801046522307881,0.004492338059531035,0.9975117179103148,0.07049610844682233,0,0,instant_velocity,dbscan_kmeans_fallback,False
950,38,2.94419641855,8.06288267352,-0.019404883108000037,-0.0031503093559999583,-0.0276635340092,0.0008925876510000208,-0.02627697418015125,0.0012094432831927602,-0.9870762536969567,-0.16024809527581851,1,1,instant_velocity,dbscan_kmeans_fallback,False
950,39,2.76740572647,8.46836567323,-0.02344581321200003,-0.008854278569999962,-0.02982290603380001,-0.002978474300400009,-0.02912820112846846,-0.0027180059478181047,-0.9355116656542923,-0.35329467219964983,1,1,instant_velocity,dbscan_kmeans_fallback,False
950,41,14.6435309324,3.20162121316,0.006356046309999997,0.003150309357000003,0.006166627711999979,0.004835247542200003,0.006009830773195566,0.004752373948529781,0.8959831453456576,0.44408488372022575,-1,-1,instant_velocity,dbscan_kmeans_fallback,False
950,42,4.1960428906,10.0871950947,-0.023256394613999996,0.043054227869,-0.030660557170399994,0.03848627930199999,-0.028875343363225194,0.03985435434518644,-0.475261333102652,0.8798444501973006,-1,-1,instant_velocity,dbscan_kmeans_fallback,False
950,43,14.4983100068,9.25642033189,0.0028202324700000504,0.003699226896000063,0.0028244417720000217,0.003694453699600011,0.003036056448444015,0.003428498523087002,0.6062831645069316,0.7952461410870971,-1,-1,instant_velocity,dbscan_kmeans_fallback,False
950,44,4.72894054818,10.0027095256,-0.02380360389799998,0.02653896972900007,-0.036149487229200014,0.016014072561,-0.033875402188319484,0.01862925767422747,-0.6677010178866797,0.7444291703747432,-1,-1,instant_velocity,dbscan_kmeans_fallback,False
950,45,8.22055671686,6.36457953876,-0.024750696892000157,0.0035082990560000304,-0.021884162099000015,0.006758845527999995,-0.023641468886961357,0.004374658594319572,-0.9901026044203819,0.14034255470010285,2,2,instant_velocity,dbscan_kmeans_fallback,False
950,46,8.82648576748,6.4139821173,-0.026960580543000035,0.010453299227999934,-0.025689371280400018,0.003861515559399997,-0.026683036359123218,0.004661230144286245,-0.9323703517687444,0.36150357603797056,2,2,instant_velocity,dbscan_kmeans_fallback,False
950,47,9.26130668396,6.82352233361,-0.02470860387000009,0.008305361029999948,-0.024481301550800014,0.0017708557139999926,-0.025012103064750952,0.0028765858372660114,-0.9478839867358982,0.3186144699157091,2,2,instant_velocity,dbscan_kmeans_fallback,False
950,48,10.2502822341,3.65030163662,-0.026013487550000037,0.011312474506999992,-0.02733520843800001,0.014696670466399997,-0.02726149065026747,0.011870181492643114,-0.9170405655581045,0.39879304917578795,3,3,instant_velocity,dbscan_kmeans_fallback,False
950,49,10.5148368769,4.04767020314,-0.026455464280000028,0.010906752847000023,-0.029065231639999994,0.0106871858312,-0.028620436452272875,0.009596175619883764,-0.9245137286637953,0.38114782774072886,3,3,instant_velocity,dbscan_kmeans_fallback,False
950,50,13.0067437749,9.26692136307,-0.03156976644,-0.008520154849999883,-0.039201231318000004,-0.0048877526981999965,-0.030819683314145706,-0.004919582517045454,-0.9654571190348181,-0.2605608176051942,-1,-1,instant_velocity,dbscan_kmeans_fallback,False
950,51,13.0909298187,1.72622633133,-0.0547209285000001,-0.003078711416000002,-0.0547209285000001,-0.003078711416000002,-0.03577485933413702,0.003239785301759098,-0.9984208564681867,-0.05617320051104579,-1,-1,instant_velocity,dbscan_kmeans_fallback,False
950,75,11.5109682407,8.17529143918,0.03266418500999997,0.013985464263000047,0.026809045664000025,0.014018876635000002,0.027169310817518437,0.01329610934666578,0.9192819950524695,0.3935988448966267,4,4,instant_velocity,dbscan_kmeans_fallback,False
950,83,5.90228353434,0.483524754219,-0.000757674393999963,0.008162165150199996,-0.0018352557559999916,0.00201428870958,-0.001657064594698079,0.0019231417267082122,-0.09243013080786634,0.9957179475546991,-1,-1,instant_velocity,dbscan_kmeans_fallback,False
950,86,15.05162278,6.48486407781,0.011722906610000017,0.02133618609400001,0.014745185579999997,0.02916422752500001,0.01640910975144699,0.026384198202480974,0.48154019794803266,0.8764235370088657,-1,-1,instant_velocity,dbscan_kmeans_fallback,False
950,87,8.59560554222,7.46503987524,0.035547557015999945,0.015632216881999915,0.0366419755858,0.019493732440599983,0.03659009754523207,0.014560613063135419,0.9153974425834503,0.4025506267351023,4,4,instant_velocity,dbscan_kmeans_fallback,False
950,88,8.17025555566,5.7507465339,0.05724650981800004,-0.008448556908999993,0.05480511454640002,-0.01478258799419999,0.054680178394084594,-0.012957520617003334,0.9892843263773139,-0.1460006026070858,-1,-1,instant_velocity,dbscan_kmeans_fallback,False
950,89,3.2666289665,7.77004709927,0.031485580400000004,0.00016706186000003953,0.026716441015999997,0.0010071443548000047,0.02727535866000602,0.0013082637273662615,0.9999856059886612,0.005305903629133429,5,5,instant_velocity,dbscan_kmeans_fallback,False
950,90,3.49435221511,7.00752903919,0.03899918481300002,-0.002100206237000002,0.036721952327400005,0.0011264742547999872,0.03562821896703585,0.0005226814845633325,0.9985528411690261,-0.053774634394362766,5,5,instant_velocity,dbscan_kmeans_fallback,False
950,91,2.40814178434,5.4929939502,0.030454301363,-0.00942706208900006,0.02985237114938,-0.009470020852800012,0.027555709313565078,-0.008676793958966988,0.955279116549434,-0.2957045520990906,-1,-1,instant_velocity,dbscan_kmeans_fallback,False
950,92,1.08389531457,7.42828626608,0.024561278293200005,-0.001980876338000037,0.024561278293200005,-0.001980876338000037,0.016132340071358102,-0.0013064476096560098,0.9967631339853872,-0.08038932188839133,5,5,instant_velocity,dbscan_kmeans_fallback,False
950,93,0.393780220109,5.85933674276,0.0,0.0,0.0,0.0,0.0,0.0,0.0,0.0,-1,-1,instant_velocity,dbscan_kmeans_fallback,False
950,221,5.54196726666,6.75335635249,0.031906510619,-0.01076355696700002,0.031308789708,-0.015049886969999999,0.03063795290513466,-0.013062131795767162,0.9475359917083019,-0.31964816669616797,5,5,instant_velocity,dbscan_kmeans_fallback,False
950,222,13.2885565566,11.5604420383,-0.00021046510999997992,-0.00023865980000010724,-0.00022309301800000014,-0.0002529793880000142,-0.00018635481551115276,-0.0002995256454748239,-0.6613939741043506,-0.749996774197089,6,6,instant_velocity,dbscan_kmeans_fallback,False
950,223,12.5879182067,9.94232859626,0.009428836909999915,-0.01892572211400001,0.011962836831999972,-0.02332183562880001,0.011603484909672869,-0.02000864778420339,0.44592561558803145,-0.8950694942218012,7,7,instant_velocity,dbscan_kmeans_fallback,False
950,224,12.2497007755,10.316785822,0.010144418279999989,-0.02715948520999998,0.013915953047999991,-0.023517536664000006,0.012679180687757644,-0.02210418003313253,0.3499016845545182,-0.9367860595169115,7,7,instant_velocity,dbscan_kmeans_fallback,False
950,225,12.9918007521,10.7313378941,0.014943022789999993,-0.015393557079999986,0.012493208908,-0.01693529938800001,0.012951171051525908,-0.015611974553106193,0.6965282716838983,-0.7175286994258697,7,7,instant_velocity,dbscan_kmeans_fallback,False
950,226,12.9215054055,10.3540167508,0.006650697469999934,-0.013197886920000101,0.011289348482000002,-0.014858959130000002,0.010647736970243063,-0.014474966028439524,0.4500126046768189,-0.8930214456288332,7,7,instant_velocity,dbscan_kmeans_fallback,False
950,227,9.14428808301,10.4055672675,-0.01837360406999995,-0.03641948543999991,-0.016104790188600015,-0.028133217189999976,-0.015606208319947794,-0.0272554932749767,-0.4504242146227467,-0.8928143908935643,-1,-1,instant_velocity,dbscan_kmeans_fallback,False
950,228,9.77715666765,11.4697513144,-0.02178313884699996,-0.017278969500000053,-0.024018278310999966,-0.021340959290000006,-0.021043390017689657,-0.018512782478998964,-0.7834503451756952,-0.6214538094871364,8,8,instant_velocity,dbscan_kmeans_fallback,False
950,232,8.90267413716,3.81855679542,0.039462208055000045,-0.017899484978,0.04093125452000001,-0.0114365776022,0.04057774346595643,-0.012434223995690497,0.9106953142262267,-0.41307818036456595,9,9,instant_velocity,dbscan_kmeans_fallback,False
950,233,8.64906368006,3.19326812017,0.03310616174399996,-0.018114278798000028,0.03979895223019998,-0.010739690987,0.03633698884051993,-0.010823037640940496,0.8772666231774902,-0.4800028561238189,9,9,instant_velocity,dbscan_kmeans_fallback,False
950,234,8.55267065985,2.64411192103,0.056762440065999974,-0.03295891834,0.046878998517999995,-0.009646629104400005,0.0504182052482056,-0.014566930559918343,0.864788271222504,-0.5021363771443104,-1,-1,instant_velocity,dbscan_kmeans_fallback,False
950,235,9.08956715451,9.29890177624,0.03596848723499999,-0.028830103805000108,0.037025022085400004,-0.021885103633200023,0.03743803252958724,-0.023020159641935396,0.7802829530975257,-0.625426317990482,-1,-1,instant_velocity,dbscan_kmeans_fallback,False
950,275,12.5268833249,13.288577648,-0.0010102325300000103,0.02501154701000008,-0.0013343487959999933,0.024725155250000023,-0.00274129605949603,0.0247814886328774,-0.040357722951972486,0.9991848954119591,-1,-1,instant_velocity,dbscan_kmeans_fallback,False
950,300,6.90009861907,8.31586206122,-0.028854766529999944,0.0026491237770001064,-0.025057975952000006,0.0013412680744000127,-0.02522092118760736,0.0015928164761227794,-0.9958116776053282,0.09142435409470091,2,2,instant_velocity,dbscan_kmeans_fallback,False
950,301,6.33668352061,7.98126102202,-0.037104998826999934,0.006276752733000013,-0.033973277995599994,0.004792288778400006,-0.032752809245247164,0.004671877020944409,-0.9859917900682265,0.1667922613845479,2,2,instant_velocity,dbscan_kmeans_fallback,False
950,302,11.4109973137,10.9964889316,0.0018731394799999634,-0.0028161856400000574,0.0018605115699999787,-0.0028114124400000053,0.0005027762393154485,-0.003323632113569935,0.5538144776978471,-0.8326365420031825,6,6,instant_velocity,dbscan_kmeans_fallback,False
950,308,14.3116274545,10.2334935519,-0.021046510969999942,0.004964123830000134,-0.021046510969999942,0.004964123830000134,-0.01073372059260001,0.002531703155400031,-0.9732928149995546,0.229565178921778,10,10,instant_velocity,dbscan_kmeans_fallback,False
950,309,14.4924169837,10.6225090254,-0.02582406894999991,0.006515412529999942,-0.02582406894999991,0.006515412529999942,-0.007747220684999974,0.001954623758999983,-0.9696151330263938,0.24463389558126736,10,10,instant_velocity,dbscan_kmeans_fallback,False
950,312,14.3650855924,11.6504167828,0.00094709299999991,-0.002672989759999922,0.0009428836920000094,-0.0026682165619999767,0.0003063277640537827,-0.003432749810414453,0.33397415303964617,-0.9425784914255579,6,6,instant_velocity,dbscan_kmeans_fallback,False
950,316,9.51302295507,7.20275275535,0.01683720876999999,0.0012648969379999819,0.017397045961599994,0.009403196108599996,0.016629988395754584,0.005039597067935414,0.997189408023543,0.0749139507649518,0,0,instant_velocity,dbscan_kmeans_fallback,False
950,317,9.38969040083,5.18345218998,0.03306406872200007,-0.005680103233000011,0.030033371143400007,-0.022219227353200015,0.028398726475721895,-0.01996691871797423,0.9855624453101642,-0.16931057332955565,-1,-1,instant_velocity,dbscan_kmeans_fallback,False
950,318,9.79483573686,10.5239425282,-0.018794534290000088,-0.01109768068000001,-0.018794534290000088,-0.01109768068000001,-0.005638360287000027,-0.0033293042040000035,-0.8610902421488601,-0.5084512548478737,8,8,instant_velocity,dbscan_kmeans_fallback,False
950,319,9.60667992886,10.9208337751,-0.020309883078999925,-0.017278969500000053,-0.020309883078999925,-0.017278969500000053,-0.006092964923699979,-0.005183690850000017,-0.7616508417719006,-0.6479870717834814,8,8,instant_velocity,dbscan_kmeans_fallback,False
950,340,13.0698833077,11.9387178209,0.0,-0.0033173712099999974,0.0,-0.0033030516279999845,0.00010563589731243535,-0.003382363814031214,0.0,-0.9999969855740517,6,6,instant_velocity,dbscan_kmeans_fallback,False
950,411,13.8443949112,8.75881464948,0.030096510679999966,-0.003293505236000094,0.02468755736000002,0.00337942276379998,0.025025155610750277,0.00347587925226124,0.9940652953076937,-0.10878202094030498,-1,-1,instant_velocity,dbscan_kmeans_fallback,False
960,4,11.9070635771,7.2492914163,0.030664766479999984,0.009379330128999986,0.029048394432000003,0.004930711462200001,0.028806755600155165,0.0059584356803717205,0.956268090164077,0.29249054009027,0,0,instant_velocity,dbscan_kmeans_fallback,False
960,38,2.75035805259,8.03161823976,-0.01938383659599996,-0.0031264433760000545,-0.024481301551599995,-0.0006539278512000024,-0.024209032904905864,-9.132271456508431e-05,-0.9872404728344533,-0.1592332571277132,1,1,instant_velocity,dbscan_kmeans_fallback,False
960,39,2.53273712923,8.37958422774,-0.023466859723999978,-0.008878144548999956,-0.027549882849999995,-0.005083453733799992,-0.027429798707127917,-0.00456604752817266,-0.935301816816402,-0.35384984715896634,1,1,instant_velocity,dbscan_kmeans_fallback,False
960,41,14.7070913955,3.23312430672,0.006356046310000174,0.003150309356000003,0.006334999800000034,0.0033030516280000023,0.006113695434236948,0.004271754570770847,0.8959831454017517,0.4440848836070504,-1,-1,instant_velocity,dbscan_kmeans_fallback,False
960,42,4.08176033608,10.5370688171,-0.011428255451999991,0.044987372239999955,-0.0256893712808,0.04089674327800001,-0.023641216989857633,0.04139425971363049,-0.24621230445821984,0.9692156985160595,2,2,instant_velocity,dbscan_kmeans_fallback,False
960,43,14.6327972118,9.4094012635,0.013448720499999922,0.015298093160999926,0.004945930075999989,0.006014226952800001,0.006159855663910788,0.00698937691446088,0.6602511627070231,0.751044219913011,-1,-1,instant_velocity,dbscan_kmeans_fallback,False
960,44,4.63191613264,10.3423224206,-0.009702441553999996,0.03396128950000001,-0.029974440912800004,0.02126936135080001,-0.026623513998023634,0.023228867221959233,-0.27470052783211407,0.9615295386822632,2,2,instant_velocity,dbscan_kmeans_fallback,False
960,45,7.98651951496,6.40133314791,-0.023403720189999876,0.003675360914999981,-0.022763906256999977,0.005493948589399995,-0.023570144277872913,0.004164869290523695,-0.9878920229252305,0.15514028111014075,3,3,instant_velocity,dbscan_kmeans_fallback,False
960,46,8.55666949694,6.51827644977,-0.02698162705399998,0.01042943324700003,-0.025845115462000016,0.006262433144399999,-0.026772613567586246,0.0063916910751003805,-0.9327430204491748,0.36054093583424934,3,3,instant_velocity,dbscan_kmeans_fallback,False
960,47,9.0062229711,6.91755429469,-0.02550837128599994,0.009403196108000066,-0.024249789929999998,0.004925938266000003,-0.02516098353112565,0.004834568918486228,-0.9382786191930232,0.3458793100231312,3,3,instant_velocity,dbscan_kmeans_fallback,False
960,48,9.98993689349,3.76318772188,-0.02603453406099998,0.011288608525999999,-0.026884813104199986,0.013527237447800005,-0.026893403673487224,0.011695709602650178,-0.9174655766788918,0.3978142918533583,4,4,instant_velocity,dbscan_kmeans_fallback,False
960,49,10.2502822341,4.15673773161,-0.026455464280000028,0.01090675284699998,-0.02816444096999998,0.010763556966999994,-0.02797094480059102,0.009989348788018628,-0.9245137286637959,0.3811478277407276,4,4,instant_velocity,dbscan_kmeans_fallback,False
960,50,12.6910461104,9.18148115478,-0.03156976645,-0.008544020829000054,-0.03695767324999998,-0.005961721796799999,-0.031044708254901993,-0.006006914010631834,-0.9652733100033071,-0.2612409337714971,-1,-1,instant_velocity,dbscan_kmeans_fallback,False
960,51,12.5296193713,1.68207426838,-0.05613104473999986,-0.004415206294999985,-0.047426207803999997,0.003933113499200003,-0.04188171495589588,0.0009432878227313725,-0.9969204936098274,-0.0784166704786798,-1,-1,instant_velocity,dbscan_kmeans_fallback,False
960,75,11.8376100909,8.31514608182,0.03266418501999997,0.013985464263999959,0.02864009211799999,0.014009330243200004,0.0288177730782629,0.013502915821866034,0.9192819950858873,0.39359884481857715,0,0,instant_velocity,dbscan_kmeans_fallback,False
960,83,5.94921725378,0.872540227752,0.004693371943999924,0.0389015473533,-0.0004756511478000114,0.00969913426034,0.0002480663669113222,0.013016663414685752,0.119778816055001,0.992800344886944,-1,-1,instant_velocity,dbscan_kmeans_fallback,False
960,86,15.161064637,6.68533830957,0.01094418570000002,0.020047423175999945,0.013604464686000028,0.025417268669399994,0.014769632536012899,0.024483165694536665,0.47916325944388444,0.8777252959498838,-1,-1,instant_velocity,dbscan_kmeans_fallback,False
960,87,8.95129157748,7.62136204405,0.03556860352599998,0.015632216881000006,0.036376789547599986,0.019255072640799984,0.03628364933946244,0.014882094208494796,0.9154852030202741,0.40235100134021656,0,0,instant_velocity,dbscan_kmeans_fallback,False
960,88,8.75955786261,5.80802488583,0.05893023069499996,0.005727835192999997,0.056067905204200005,-0.010615587891199993,0.0559551940843592,-0.007351913874002334,0.9953094216301844,0.09674098108734455,-1,-1,instant_velocity,dbscan_kmeans_fallback,False
960,89,3.70271267364,7.73591874791,0.04360837071399999,-0.003412835136000059,0.030504812988999996,0.00019092783979999696,0.03217526227620421,-0.00010806593164363481,0.996951375197917,-0.0780224215317156,5,5,instant_velocity,dbscan_kmeans_fallback,False
960,90,3.89570917917,6.98795893561,0.04013569640599997,-0.0019570103579999555,0.037938440661199994,-0.0002482061915999978,0.036980462198725084,-0.00022122606820565406,0.9988131057059844,-0.048701972772559284,5,5,instant_velocity,dbscan_kmeans_fallback,False
960,91,2.74446502952,5.40946302031,0.033632324518,-0.008353092989000022,0.0307910455382,-0.009231361052800011,0.029378693874895556,-0.008579683667976899,0.9705144284932424,-0.241041836523417,5,5,instant_velocity,dbscan_kmeans_fallback,False
960,92,1.34339879474,7.43019554448,0.02595034801699998,0.0001909278400000325,0.02595034801699998,0.0001909278400000325,0.019077742455050666,-0.000857234974759197,0.9999725498886362,0.0073572269198274075,-1,-1,instant_velocity,dbscan_kmeans_fallback,False
960,93,0.784824393794,5.92091097109,0.039104417368500004,0.006157422832999959,0.039104417368500004,0.006157422832999959,0.011731325210550004,0.001847226849899988,0.987828624567443,0.15554453786344277,-1,-1,instant_velocity,dbscan_kmeans_fallback,False
960,221,5.86103237285,6.64548212302,0.03190651061899992,-0.010787422947000015,0.031510836213,-0.013627474563600011,0.03101852021929424,-0.012379719141137018,0.9473211605681748,-0.3202842876715713,5,5,instant_velocity,dbscan_kmeans_fallback,False
960,222,13.2862414404,11.5578167805,-0.00023151162000001335,-0.00026252578000001136,-0.00022309301800000014,-0.0002529793880000142,-0.00019990185685781094,-0.0002884256858323801,-0.6613958620062251,-0.7499989182484841,6,6,instant_velocity,dbscan_kmeans_fallback,False
960,223,12.6449542514,9.76882292187,0.005703604470000023,-0.01735056743900003,0.010119162469999984,-0.02109752629460001,0.009833520777771016,-0.019211223680642382,0.31228672691976483,-0.9499873184098868,6,6,instant_velocity,dbscan_kmeans_fallback,False
960,224,12.3069472854,10.1191755079,0.005724650990000057,-0.01976103141000003,0.01139458103599999,-0.023617773777999992,0.010592821778430368,-0.021401235446192778,0.27825313352441566,-0.9605072730393395,6,6,instant_velocity,dbscan_kmeans_fallback,False
960,225,13.1113449343,10.649238923,0.01195441822000003,-0.008209897109999887,0.013116185631999996,-0.014725309642000006,0.012652145202068144,-0.013391351320174301,0.8243234252073529,-0.5661179307741366,6,6,instant_velocity,dbscan_kmeans_fallback,False
960,226,12.9880123801,10.2222765413,0.00665069746000011,-0.013174020950000021,0.009630883416000024,-0.014257536436000003,0.009448625117170177,-0.014084682504907672,0.4506623902593674,-0.892693707142994,6,6,instant_velocity,dbscan_kmeans_fallback,False
960,227,8.91214506709,9.92824766808,-0.023214301592000018,-0.04773195994200012,-0.016412069248600007,-0.031880176046400026,-0.01788863630156346,-0.033398433275083725,-0.4373642939859872,-0.8992842139948144,-1,-1,instant_velocity,dbscan_kmeans_fallback,False
960,228,9.5595357443,11.2967229596,-0.021762092335000104,-0.017302835479999955,-0.025074813159999997,-0.022935206754,-0.02125900071288279,-0.01814979837929926,-0.7827395330619648,-0.6223488603842052,7,7,instant_velocity,dbscan_kmeans_fallback,False
960,230,3.88644871435,-0.222192273533,0.0,0.0,0.0,0.0,0.0,0.0,0.0,0.0,-1,-1,instant_velocity,dbscan_kmeans_fallback,False
960,232,9.2884566831,3.67273565779,0.038578254593999974,-0.014582113763000004,0.040127277801199984,-0.013169247748199995,0.039977896804369493,-0.013078590925883348,0.9354068697964196,-0.353572486200155,8,8,instant_velocity,dbscan_kmeans_fallback,False
960,233,8.97528459998,3.0023402804,0.03262209199200008,-0.019092783977000004,0.03706290580500001,-0.012887629184399998,0.035222519785963975,-0.01330396154175835,0.8630497036880362,-0.5051184809965727,8,8,instant_velocity,dbscan_kmeans_fallback,False
960,234,9.15081250141,2.15414335221,0.05981418415600004,-0.04899685688199997,0.049236207745799995,-0.020400639679599993,0.053236998920543926,-0.024895908456542833,0.7735895661060911,-0.6336867716368653,-1,-1,instant_velocity,dbscan_kmeans_fallback,False
960,235,9.56206132562,9.18052651558,0.04724941711100002,-0.011837526065999882,0.037277580217,-0.02107366031439998,0.040381447904011075,-0.019665369569154743,0.9700205857601848,-0.2430219179533416,-1,-1,instant_velocity,dbscan_kmeans_fallback,False
960,300,6.62123234882,8.38173216594,-0.02788662702500009,0.00658701047200001,-0.026148185219800002,0.0024820619170000313,-0.02602063293882518,0.003091074674885949,-0.9732184346828409,0.2298807960909826,3,3,instant_velocity,dbscan_kmeans_fallback,False
960,301,5.96416027657,8.04569916794,-0.03725232440399999,0.006443814592000052,-0.03598953374599999,0.005484402197400016,-0.03410266379287301,0.005203458292261102,-0.9853667006288565,0.17044628558268943,3,3,instant_velocity,dbscan_kmeans_fallback,False
960,308,14.0632786252,10.3673816996,-0.024834882929999934,0.013388814769999868,-0.024834882929999934,0.013388814769999868,-0.014964069293819986,0.005788836639779983,-0.8802312085441596,0.474544318939977,9,9,instant_velocity,dbscan_kmeans_fallback,False
960,309,14.1908204816,10.7210755227,-0.030159650210000066,0.009856649730000023,-0.030159650210000066,0.009856649730000023,-0.014470949542500002,0.004325231550299995,-0.9505251428864503,0.3106466198299434,9,9,instant_velocity,dbscan_kmeans_fallback,False
960,312,14.3745565223,11.6236868852,0.0009470929900000869,-0.0026729897600000995,0.0009428836900000092,-0.002668216562000012,0.0004985573318376739,-0.003204821795290147,0.33397414990669533,-0.9425784925356199,6,6,instant_velocity,dbscan_kmeans_fallback,False
960,316,9.67087178729,7.16695378539,0.01578488322200009,-0.0035798969960000094,0.017750627345800005,0.008233763089999986,0.016376456843628238,0.0024537488487547865,0.9752333116901963,-0.2211758398093808,-1,-1,instant_velocity,dbscan_kmeans_fallback,False
960,317,9.69044504249,5.14359600342,0.030075464165999932,-0.003985618655999978,0.03206225480040001,-0.016734825156,0.02890174778280531,-0.015172528699381953,0.9913328062366817,-0.13137202155996608,-1,-1,instant_velocity,dbscan_kmeans_fallback,False
960,318,9.60689039397,10.4132043811,-0.018794534289,-0.01107381470999993,-0.018794534289,-0.01107381470999993,-0.009585212487600019,-0.005652657355799982,-0.8615688602362356,-0.5076398154619844,7,7,instant_velocity,dbscan_kmeans_fallback,False
960,319,9.40337063296,10.7478054203,-0.020330929590000046,-0.017302835479999955,-0.020330929590000046,-0.017302835479999955,-0.01036435432359,-0.008819434238999998,-0.7615406448365887,-0.6481165767954706,7,7,instant_velocity,dbscan_kmeans_fallback,False
960,340,13.070304238,11.9086466861,4.20930300000677e-05,-0.003007113480000001,8.41860600001354e-06,-0.003245773275999966,8.657303711872506e-05,-0.00326978871382185,0.013996401234565213,-0.9998987201416011,6,6,instant_velocity,dbscan_kmeans_fallback,False
960,411,14.2021855975,8.69914969956,0.03577906862999995,-0.005966494992000015,0.027309952624000003,-1.9092783800012113e-05,0.028251329516525182,0.000643166978982863,0.9863788194636243,-0.16448791184044326,-1,-1,instant_velocity,dbscan_kmeans_fallback,False
970,4,12.2162368231,7.36122286236,0.03091732459999985,0.011193144605999983,0.030147022301999976,0.005374618689599995,0.02943992630010857,0.0075288483580602,0.9402758744204107,0.3404125023133725,0,0,instant_velocity,dbscan_kmeans_fallback,False
970,38,2.49359061884,7.95882700084,-0.025676743375000033,-0.007279123891999984,-0.022553441147600006,-0.0030357526523999744,-0.024649346045934113,-0.0022476630677955543,-0.9620865881962682,-0.27274282287413315,1,1,instant_velocity,dbscan_kmeans_fallback,False
970,39,2.25134527766,8.30297443203,-0.028139185157,-0.0076609795710000485,-0.026211324752799997,-0.0069450001715999935,-0.027642614642089544,-0.005494527141020877,-0.9648795431440781,-0.2626914186484111,1,1,instant_velocity,dbscan_kmeans_fallback,False
970,41,14.769389068,3.27178719427,0.006229767249999974,0.003866288754999969,0.00632658119600002,0.003293505235999996,0.006148516978965856,0.004150114826039584,0.849667320945852,0.5273165234967504,-1,-1,instant_velocity,dbscan_kmeans_fallback,False
970,42,3.96747778155,10.9871811994,-0.011428255453000035,0.04501123823000004,-0.020713976089400007,0.04331675364780001,-0.019977328528800353,0.04247935326854135,-0.2460896650391806,0.9692468447676934,2,2,instant_velocity,dbscan_kmeans_fallback,False
970,43,14.7792809281,9.5755084841,0.014648371630000056,0.016610722060000072,0.00731155790799999,0.008596525985600003,0.00870641045373757,0.009875780458122638,0.6614144604353935,0.7500200053811166,-1,-1,instant_velocity,dbscan_kmeans_fallback,False
970,44,4.53468125199,10.6819353156,-0.009723488064999942,0.03396128950000001,-0.023799394596399993,0.026529423336600005,-0.021553506218116525,0.026448593905371468,-0.2752513068555688,0.9613720153597336,2,2,instant_velocity,dbscan_kmeans_fallback,False
970,45,7.87539393708,6.45431562345,-0.011112557788000021,0.005298247554000035,-0.021185417934799985,0.004553628978600006,-0.019832868330911045,0.004504882769566597,-0.9026530511184403,0.4303671046249443,3,3,instant_velocity,dbscan_kmeans_fallback,False
970,46,8.30074392363,6.67292799999,-0.025592557330999986,0.015465155021999966,-0.026131348011200012,0.009355464148799992,-0.02641859669661037,0.009113730259170257,-0.8558710698182721,0.5171885951995776,3,3,instant_velocity,dbscan_kmeans_fallback,False
970,47,8.73914274698,7.02757646236,-0.026708022411999897,0.01100221676699995,-0.024839092237999977,0.007197979559399989,-0.02562509519538792,0.006684863273040345,-0.9246193140040001,0.3808916273432563,3,3,instant_velocity,dbscan_kmeans_fallback,False
970,48,9.71128108834,3.85841298197,-0.027865580515000054,0.009522526008999988,-0.02680062705920001,0.011999814729600003,-0.027185056725941074,0.011043754524555121,-0.946272144022639,0.3233702990037186,4,4,instant_velocity,dbscan_kmeans_fallback,False
970,49,9.95036945288,4.25983876509,-0.029991278121999976,0.010310103347999977,-0.027975022370399998,0.01072059820319999,-0.028577044797013708,0.010085575156013032,-0.945680470301764,0.32509662787076393,4,4,instant_velocity,dbscan_kmeans_fallback,False
970,50,12.3416740284,9.12635074104,-0.034937208200000035,-0.005513041374000061,-0.03538760353400001,-0.006429495004400003,-0.032212458238431406,-0.005858752219642302,-0.9877773160468686,-0.15586984456488756,-1,-1,instant_velocity,dbscan_kmeans_fallback,False
970,51,12.0205042712,1.64675261802,-0.05091151001000007,-0.003532165036000001,-0.04918990541999999,0.001417639210199999,-0.04459065347212714,-0.00039934803488803983,-0.9976017687738246,-0.06921213075044394,-1,-1,instant_velocity,dbscan_kmeans_fallback,False
970,75,12.1577275226,8.32922701,0.032011743169999995,0.0014080928180000285,0.030336440899999994,0.011484309562200003,0.02977596410578403,0.00987446892070623,0.9990336723386857,0.043944252941483825,0,0,instant_velocity,dbscan_kmeans_fallback,False
970,83,5.99594050812,1.26131704149,0.004672325434000068,0.03887768137379999,0.0008797441582000154,0.017379206615219998,0.0015753440870379463,0.020774968802420024,0.1193215084971362,0.9928554108486702,-1,-1,instant_velocity,dbscan_kmeans_fallback,False
970,86,15.270506494,6.88581254133,0.010944185699999841,0.020047423176000036,0.012644743785999992,0.022892247988399995,0.013621998485208982,0.023152442938975677,0.4791632594438767,0.8777252959498879,-1,-1,instant_velocity,dbscan_kmeans_fallback,False
970,87,9.3168694729,7.73400946951,0.03655778954200013,0.01126474254600005,0.03620420815780001,0.0167348251558,0.03636589140022375,0.013796888709746373,0.9556597063318337,0.29447241445072164,0,0,instant_velocity,dbscan_kmeans_fallback,False
970,88,9.34886016957,5.86530323776,0.05893023069600005,0.005727835192999997,0.05733069586200001,-0.006448587788199998,0.05684770506785145,-0.003427989153901634,0.9953094216303425,0.09674098108571816,-1,-1,instant_velocity,dbscan_kmeans_fallback,False
970,89,4.13858591568,7.70179039655,0.04358732420400004,-0.00341283513599997,0.034259510545,-0.0006491546552000038,0.035598880854542964,-0.0010994966929505354,0.9969484439534757,-0.07805986580824972,5,5,instant_velocity,dbscan_kmeans_fallback,False
970,90,4.32358474704,6.97196872903,0.04278755678700001,-0.0015990206579999723,0.039685301071000004,-0.0015512886981999862,0.03872259057520756,-0.0006345644451439496,0.9993021953773962,-0.03734508286948197,5,5,instant_velocity,dbscan_kmeans_fallback,False
970,91,3.20748827069,5.36841353475,0.04630232411699997,-0.004104948555999943,0.034263719846999996,-0.008143072366399995,0.03445578294752688,-0.007237263134383812,0.9960929158423479,-0.08830896190430253,5,5,instant_velocity,dbscan_kmeans_fallback,False
970,92,1.60900576309,7.44165121487,0.02656069683500002,0.0011455670390000173,0.025234766644160002,-0.0009260000227999932,0.02132262876903547,-0.0002563943706314327,0.9990708145934695,0.04309008163208363,6,6,instant_velocity,dbscan_kmeans_fallback,False
970,93,1.17565810237,5.98224653962,0.03908337085759998,0.006133556853000055,0.03908337085759998,0.006133556853000055,0.019936938904664997,0.0031331258508300085,0.9879083149033626,0.15503759481464924,6,6,instant_velocity,dbscan_kmeans_fallback,False
970,221,6.23397654711,6.53164139856,0.03729441742600006,-0.011384072446000015,0.032786254777600006,-0.012324392057200005,0.03290128938130599,-0.012081025132595917,0.9564333069668765,-0.2919500238308475,-1,-1,instant_velocity,dbscan_kmeans_fallback,False
970,222,13.2839263242,11.5551915227,-0.00023151162000001335,-0.00026252578000001136,-0.00022730232000000683,-0.000257752583999995,-0.00020938478580047166,-0.0002806557140826695,-0.6613958620062251,-0.7499989182484841,7,7,instant_velocity,dbscan_kmeans_fallback,False
970,223,12.6923089011,9.59961312387,0.00473546497000008,-0.016920979799999892,0.008077650908000002,-0.018782526236599997,0.008304104035439736,-0.018524150516449636,0.2695026172786952,-0.9629990659649681,7,7,instant_velocity,dbscan_kmeans_fallback,False
970,224,12.3530391444,9.94018065807,0.004609185900000057,-0.01789948498299996,0.00865011600599999,-0.023350474804599983,0.008797731014901274,-0.020350710307234933,0.2493687771079653,-0.9684080394919705,7,7,instant_velocity,dbscan_kmeans_fallback,False
970,225,13.2273112097,10.5750157253,0.011596627539999993,-0.00742231977000003,0.013671813519999994,-0.01236257762600001,0.012335489903447698,-0.011600641855122018,0.8422550213478907,-0.5390779409590531,7,7,instant_velocity,dbscan_kmeans_fallback,False
970,226,13.0635693545,10.0735914861,0.007555697439999953,-0.014868505519999964,0.008157627649999988,-0.013999783852000007,0.008880746814019111,-0.01431982940943536,0.45302916630707096,-0.8914950225902254,7,7,instant_velocity,dbscan_kmeans_fallback,False
970,227,8.67979158607,9.45092806865,-0.023235348102000054,-0.047731959942999856,-0.0183609761636,-0.036409939045,-0.019492649841694437,-0.037698491275458566,-0.43768488320451343,-0.8991282257129645,-1,-1,instant_velocity,dbscan_kmeans_fallback,False
970,228,9.3583310995,11.1160574913,-0.020120464479999888,-0.018066546830000085,-0.023668906227999997,-0.02124072217400002,-0.02091743984301792,-0.01812482291450951,-0.744063309091275,-0.6681085633755918,8,8,instant_velocity,dbscan_kmeans_fallback,False
970,229,4.56498822778,-0.164675261802,0.0,0.0,0.0,0.0,0.0,0.0,0.0,0.0,-1,-1,instant_velocity,dbscan_kmeans_fallback,False
970,230,3.98073708346,0.0410494855507,0.009428836911000004,0.026324175908370002,0.009428836911000004,0.026324175908370002,0.0028286510733000017,0.007897252772511002,0.3372034629550508,0.9414314150862592,-1,-1,instant_velocity,dbscan_kmeans_fallback,False
970,232,9.67571248481,3.51044699399,0.03872558017099994,-0.016228866380000005,0.039453789450399984,-0.015374464297400001,0.039602201814358626,-0.014023673562118345,0.9222866575819559,-0.38650594423277557,9,9,instant_velocity,dbscan_kmeans_fallback,False
970,233,9.37853575002,2.79637687324,0.04032511500399991,-0.020596340716000007,0.03621683606419998,-0.015298093161600006,0.03675329835137476,-0.015491675294030848,0.8905621949700456,-0.45486100646141947,9,9,instant_velocity,dbscan_kmeans_fallback,False
970,234,9.83145666594,1.73028354792,0.06806441645299995,-0.04238598042900001,0.055196579650399986,-0.028877835765399994,0.05768522418028073,-0.03014293004827999,0.8488618304510777,-0.5286145508537404,-1,-1,instant_velocity,dbscan_kmeans_fallback,False
970,235,10.0833834022,9.13494249383,0.052132207658000064,-0.004558402175000076,0.04100702196020002,-0.018515227261400008,0.04390667583020777,-0.015133279350908342,0.9961987787875038,-0.08710689387543165,-1,-1,instant_velocity,dbscan_kmeans_fallback,False
970,300,6.3518370085,8.48674247781,-0.02693953403199991,0.010501031186999831,-0.027158417745999995,0.004582268154399998,-0.0262963032667776,0.0053140616285201146,-0.9317172887871208,0.36318342757520033,3,3,instant_velocity,dbscan_kmeans_fallback,False
970,301,5.60216028801,8.09557906608,-0.036199998856000004,0.0049879898140000375,-0.03654516163539998,0.00558941250920002,-0.034731864311811106,0.005138817748782783,-0.9906397895360952,0.1365000368979344,3,3,instant_velocity,dbscan_kmeans_fallback,False
970,308,13.8107204936,10.5105775794,-0.025255813160000074,0.014319587980000038,-0.025255813160000074,0.014319587980000038,-0.018051592453674013,0.008348062041845999,-0.8699042525756799,0.49321993317017343,10,10,instant_velocity,dbscan_kmeans_fallback,False
970,309,13.7882007269,10.8974451147,-0.04026197546999999,0.017636959200000035,-0.04026197546999999,0.017636959200000035,-0.022208257320749998,0.008318749845210008,-0.9159703532335886,0.4012453825179986,10,10,instant_velocity,dbscan_kmeans_fallback,False
970,312,14.3838169871,11.5969569877,0.0009260464799998758,-0.0026729897499999213,0.0009428836899999738,-0.0026682165599999762,0.0006268040762863346,-0.0030452721817030796,0.3273558734694615,-0.944897381809884,7,7,instant_velocity,dbscan_kmeans_fallback,False
970,316,10.0391857291,7.09941306208,0.03683139418099994,-0.006754072330999961,0.0223093016196,0.006429495004400003,0.02251293804483975,-0.0003085975051716381,0.9835984777709257,-0.1803704532844792,-1,-1,instant_velocity,dbscan_kmeans_fallback,False
970,317,9.96110317347,5.12092332245,0.027065813098000113,-0.0022672680969999526,0.0319359757346,-0.011159732234599993,0.02835096737736375,-0.011300950518667351,0.9965093932542363,-0.08347630080446586,-1,-1,instant_velocity,dbscan_kmeans_fallback,False
970,318,9.37116947119,10.2747816973,-0.02357209227799988,-0.01384226838,-0.02357209227799988,-0.01384226838,-0.013781276424719976,-0.008109540663059987,-0.8623120430347434,-0.5063765484294058,8,8,instant_velocity,dbscan_kmeans_fallback,False
970,319,9.15144389674,10.6096213963,-0.02519267362199997,-0.013818402400000096,-0.02519267362199997,-0.013818402400000096,-0.014812850113112992,-0.010319124687300028,-0.876767124095592,-0.4809144560688313,8,8,instant_velocity,dbscan_kmeans_fallback,False
970,340,13.0745135402,11.9045894695,0.00042093021999995984,-0.00040572166000014677,9.26046500000055e-05,-0.0026634433639999957,0.00018688019198309552,-0.002410568597675339,0.719981820607227,-0.6939682768006533,7,7,instant_velocity,dbscan_kmeans_fallback,False
970,341,12.3332554241,12.3625776252,0.0,0.0,0.0,0.0,0.0,0.0,0.0,0.0,7,7,instant_velocity,dbscan_kmeans_fallback,False
970,411,14.5338786103,8.658100214,0.03316930128000006,-0.004104948556000032,0.029502999068000014,-0.001961783553800025,0.029726721045567648,-0.0007812676815120058,0.992428606824719,-0.12282044599397864,0,0,instant_velocity,dbscan_kmeans_fallback,False
980,4,12.5254100691,7.47315430843,0.03091732460000003,0.011193144606999984,0.030386952526000002,0.007193206363399991,0.029883145790076008,0.008628137232742136,0.9402758744106767,0.3404125023402591,0,0,instant_velocity,dbscan_kmeans_fallback,False
980,38,2.19494062828,7.85882854476,-0.029864999055999996,-0.009999845608000069,-0.022742859746200005,-0.0053364331215999886,-0.026214041948953878,-0.004573317829856909,-0.9482549552650394,-0.3175089050527311,1,1,instant_velocity,dbscan_kmeans_fallback,False
980,39,1.94953831046,8.23137649212,-0.03018069672000001,-0.00715979399099993,-0.025735673605000002,-0.00828626824599997,-0.028404039265462682,-0.005994107196014593,-0.9729950694099276,-0.23082450070204202,1,1,instant_velocity,dbscan_kmeans_fallback,False
980,41,14.8304239498,3.31522327782,0.00610348817999995,0.004343608355000006,0.006276069570000011,0.003532165035799997,0.006135008339276085,0.004208162884727711,0.8147429774133894,0.5798199815421627,-1,-1,instant_velocity,dbscan_kmeans_fallback,False
980,42,3.85340569213,11.4372935817,-0.011407208942000003,0.04501123823000004,-0.017169743643400005,0.0440613722238,-0.01740629265276025,0.04323891875697896,-0.24566383612362083,0.9693548622172669,-1,-1,instant_velocity,dbscan_kmeans_fallback,False
980,43,14.9053495288,9.68266673417,0.012606860070000003,0.010715825007000034,0.009268883428000016,0.010004618803999997,0.0098765453386163,0.010127793822785856,0.7619390377678518,0.6476478162989785,-1,-1,instant_velocity,dbscan_kmeans_fallback,False
980,44,4.37977893131,10.9950569728,-0.015490232068000065,0.03131216571999999,-0.0193206970636,0.028973299685200012,-0.019734523973081588,0.027907665449760026,-0.44341142221452334,0.8963178778453652,-1,-1,instant_velocity,dbscan_kmeans_fallback,False
980,45,7.7644788243,6.50753675879,-0.011091511277999988,0.00532211353399994,-0.019026045910199994,0.004262464022999985,-0.017210461215037727,0.0047500519988966,-0.9015797730122793,0.43261101139992464,2,2,instant_velocity,dbscan_kmeans_fallback,False
980,46,8.04818579208,6.83998985979,-0.025255813154999984,0.016706185980000045,-0.026350231725200002,0.0126967013448,-0.026069761634127255,0.011391466975419193,-0.8340416414004849,0.5517008971672135,2,2,instant_velocity,dbscan_kmeans_fallback,False
980,47,8.47206252287,7.13783728983,-0.02670802241099999,0.011026082747000033,-0.02557151081939999,0.00917408270100001,-0.025949973360071543,0.007987229115228252,-0.9243281547137462,0.38159765490753983,2,2,instant_velocity,dbscan_kmeans_fallback,False
980,48,9.38969040083,3.9113954575,-0.03215906875099996,0.00529824755299999,-0.027621440987399985,0.0097468662202,-0.028677260333458743,0.009320102433088581,-0.9866983798563418,0.16255981530747415,3,3,instant_velocity,dbscan_kmeans_fallback,False
980,49,9.62688457938,4.35864392217,-0.032348487349999996,0.009880515708000016,-0.028341231662399977,0.010582175519399994,-0.029708477562909594,0.010024057321609126,-0.9563822197403898,0.2921171998788019,3,3,instant_velocity,dbscan_kmeans_fallback,False
980,50,11.9838833421,9.0786187811,-0.03577906862999995,-0.0047731959940000126,-0.03398169660000001,-0.0067445259397999995,-0.03328244135590197,-0.005533085351949615,-0.9912179929913142,-0.13223591151167646,-1,-1,instant_velocity,dbscan_kmeans_fallback,False
980,51,11.7199600946,1.64675261802,-0.030054417660000075,0.0,-0.046782184568,-0.00039617526759999855,-0.04022978272848902,-0.00027954362442162784,-0.9999996672703232,0.0,-1,-1,instant_velocity,dbscan_kmeans_fallback,False
980,75,12.4770030939,8.32922701,0.03192755713000004,0.0,0.03202016177800001,0.008677670317600014,0.030421442013048833,0.006912128244494361,0.999999686791043,0.0,0,0,instant_velocity,dbscan_kmeans_fallback,False
980,83,5.90964981318,1.72431705293,-0.008629069494000063,0.046300001144000014,-0.000425139521400002,0.02654374292414,-0.0014859799872734567,0.02843247850489402,-0.1832180792677025,0.9830720781185598,-1,-1,instant_velocity,dbscan_kmeans_fallback,False
980,87,9.68349969387,7.84188369898,0.03666302209700003,0.010787422947000015,0.036056882581000024,0.014119113751000008,0.03645503060925663,0.012894048980922465,0.9593356291657307,0.28226694331299795,0,0,instant_velocity,dbscan_kmeans_fallback,False
980,88,10.0172973577,5.97365478683,0.06684371881299996,0.010835154906999999,0.05961634695180001,-0.0008114433189999915,0.059846509191396,0.0008509540643688567,0.9871155199593554,0.16000829636341785,-1,-1,instant_velocity,dbscan_kmeans_fallback,False
980,89,4.57109171596,7.68031101458,0.04325058002799995,-0.0021479381969999878,0.03764799880979999,-0.0014224124062000064,0.037894390606580064,-0.0014140291441653713,0.9987688566645072,-0.049601503050707325,4,4,instant_velocity,dbscan_kmeans_fallback,False
980,90,4.75167078002,6.95621718225,0.04280860329800005,-0.001575154678000068,0.04074604522360001,-0.0018663196337999999,0.03994839439204531,-0.0009167415150007852,0.9993235068984082,-0.03677039135729056,4,4,instant_velocity,dbscan_kmeans_fallback,False
980,91,3.67051151187,5.327602709,0.04630232411800002,-0.004081082575000039,0.037433324398,-0.007073876463600009,0.03800974529866882,-0.00629040896656868,0.9961379504316386,-0.08779950702782152,4,4,instant_velocity,dbscan_kmeans_fallback,False
980,92,1.87461273143,7.45310688525,0.026560696833999996,0.001145567038000017,0.0256346503523,-0.00030071134760000005,0.022894049188524827,0.00016419405195800232,0.9990708145950189,0.04309008159615818,5,5,instant_velocity,dbscan_kmeans_fallback,False
980,93,1.56649181094,6.04358210814,0.039083370857,0.006133556851999966,0.039083370857,0.006133556851999966,0.0256808684903655,0.004033255151180996,0.9879083149068699,0.15503759479230053,5,5,instant_velocity,dbscan_kmeans_fallback,False
980,94,0.626133701136,4.26747587868,0.0,0.0,0.0,0.0,0.0,0.0,0.0,0.0,6,6,instant_velocity,dbscan_kmeans_fallback,False
980,95,0.346425570444,4.80875630443,0.0,0.0,0.0,0.0,0.0,0.0,0.0,0.0,6,6,instant_velocity,dbscan_kmeans_fallback,False
980,221,6.61281374443,6.4170846947,0.03788371973200002,-0.011455670385999994,0.034179533803200005,-0.011035629138600012,0.0343960184865142,-0.01189341870861714,0.957194016584256,-0.2894462113808313,-1,-1,instant_velocity,dbscan_kmeans_fallback,False
980,222,13.281611208,11.5525662649,-0.00023151162000001335,-0.00026252578000001136,-0.00022730231800000667,-0.000257752583999995,-0.00021602283606033418,-0.00027521673385787204,-0.6613958620062251,-0.7499989182484841,7,7,instant_velocity,dbscan_kmeans_fallback,False
980,223,12.7398740159,9.43016466608,0.004756511479999936,-0.016944845779000062,0.00681065094800001,-0.0178135674504,0.007239826268807796,-0.01805035909521476,0.2702595832590163,-0.9627869033590389,7,7,instant_velocity,dbscan_kmeans_fallback,False
980,224,12.3991310034,9.76118580828,0.004609185900000057,-0.017899484978999958,0.007050581174000001,-0.0219710211624,0.007541167480430909,-0.01961534270876444,0.24936877716022643,-0.968408039478513,7,7,instant_velocity,dbscan_kmeans_fallback,False
980,225,13.3434879503,10.5010311874,0.011617674060000027,-0.007398453789999948,0.013006743776,-0.010763556966000003,0.012120145150413396,-0.010339985435585397,0.8434836285333042,-0.537153531429433,7,7,instant_velocity,dbscan_kmeans_fallback,False
980,226,13.1528065609,9.90008581171,0.008923720639999999,-0.01735056743900003,0.007286302094000021,-0.014353000355800028,0.008893638961813378,-0.015229050818304762,0.457370949536543,-0.8892754294662983,7,7,instant_velocity,dbscan_kmeans_fallback,False
980,227,8.5821357752,8.95714094305,-0.009765581087000009,-0.04937871256000008,-0.017615929675600023,-0.04126905256699999,-0.016574529215286106,-0.041202557660821024,-0.19401126026643678,-0.9809990996698319,-1,-1,instant_velocity,dbscan_kmeans_fallback,False
980,228,9.18175087252,10.9236976927,-0.017658022698000053,-0.01923597986000001,-0.02153479001760001,-0.01939826852000003,-0.01993961469951256,-0.018458169998156658,-0.6762453155072291,-0.7366759853009887,8,8,instant_velocity,dbscan_kmeans_fallback,False
980,229,4.68032310785,-0.0568010323318,0.011533488006999982,0.01078742294702,0.011533488006999982,0.01078742294702,0.0034600464020999953,0.0032362268841060007,0.7303331528916487,0.6830901985324144,-1,-1,instant_velocity,dbscan_kmeans_fallback,False
980,230,4.07502545257,0.304529904434,0.009428836911000004,0.026348041888330002,0.009428836911000004,0.026348041888330002,0.004808706824610003,0.013432489507256703,0.33693271351828896,0.941528348949567,-1,-1,instant_velocity,dbscan_kmeans_fallback,False
980,232,10.067808984,3.28276554506,0.039209649919,-0.022768144892999987,0.03908758015879996,-0.0178756189986,0.039484436245751035,-0.016647014961382836,0.8647767707063682,-0.502156047203121,9,9,instant_velocity,dbscan_kmeans_fallback,False
980,233,9.79020550445,2.58898150729,0.041166975443000096,-0.020739536594999962,0.036949254645800005,-0.017574907651,0.03807740147886236,-0.017066033684321583,0.8930687786178556,-0.44991968481246125,9,9,instant_velocity,dbscan_kmeans_fallback,False
980,234,10.5943926883,1.37229384835,0.07629360223599999,-0.03579896995700001,0.06280278871159999,-0.0360376297568,0.06326773759699651,-0.031839742020896,0.9052930255348435,-0.4247873592749454,-1,-1,instant_velocity,dbscan_kmeans_fallback,False
980,235,10.499683389,9.02420434676,0.041629998679999856,-0.011073814707000019,0.04258551028159999,-0.0170259901116,0.043223672685145396,-0.013915439957735845,0.9663935700231028,-0.2570661462358741,10,10,instant_velocity,dbscan_kmeans_fallback,False
980,300,6.08244166818,8.59175278968,-0.026939534032,0.01050103118700001,-0.027890836327599988,0.006577464079999977,-0.02648927249634432,0.006870152496064083,-0.9317172887871191,0.3631834275752046,2,2,instant_velocity,dbscan_kmeans_fallback,False
980,301,5.26394285684,8.11276257166,-0.033821743117000036,0.0017183505579998481,-0.036094766300799996,0.00491161867819999,-0.034458827953367785,0.004112677591547902,-0.9987115688771088,0.05074063083396465,2,2,instant_velocity,dbscan_kmeans_fallback,False
980,308,13.490813527,10.6561600572,-0.03199069665999996,0.014558247779999967,-0.024834882936000006,0.010438979639999992,-0.0222333237155718,0.010211117763292189,-0.9101836872982578,0.41420416022293843,11,11,instant_velocity,dbscan_kmeans_fallback,False
980,309,13.3855809722,11.0738147067,-0.04026197546999999,0.017636959200000035,-0.04026197546999999,0.017636959200000035,-0.027624372765525,0.011114212651647016,-0.9159703532335886,0.4012453825179986,11,11,instant_velocity,dbscan_kmeans_fallback,False
980,312,14.3932879171,11.5702270901,0.0009470930000000877,-0.0026729897600000995,0.0009428836920000094,-0.002672989755999993,0.0007228907534004605,-0.0029335874551921857,0.3339741530396822,-0.9425784914255453,7,7,instant_velocity,dbscan_kmeans_fallback,False
980,316,10.4601159484,7.02423522517,0.042093021930000064,-0.007517783691000002,0.026518603813000006,0.0008018969271999943,0.028386963210387847,-0.002471353360920148,0.9844225990869985,-0.1758171739908639,10,10,instant_velocity,dbscan_kmeans_fallback,False
980,317,10.2075578168,5.03452847496,0.0246454643329999,-0.008639484749000026,0.029776603709000007,-0.007107288835399999,0.027239316464054593,-0.010502510787767153,0.9436958392472683,-0.3308132360872078,-1,-1,instant_velocity,dbscan_kmeans_fallback,False
980,318,9.08746250341,10.1089131365,-0.02837069677800006,-0.01658685607999999,-0.02837069677800006,-0.01658685607999999,-0.018158102530704004,-0.01065273528814199,-0.863284462904686,-0.5047170767199437,8,8,instant_velocity,dbscan_kmeans_fallback,False
980,319,8.82606483726,10.5227492292,-0.03253790594799995,-0.008687216709999923,-0.03253790594799995,-0.008687216709999923,-0.02013036686357908,-0.009829552294109997,-0.9661574181906619,-0.2579520292796291,8,8,instant_velocity,dbscan_kmeans_fallback,False
980,340,13.0787228423,11.9005322529,0.000420930209999959,-0.0004057216599999691,0.0001767906919999973,-0.002085886650000006,0.0002570951973881546,-0.0018091145163727281,0.719981812369535,-0.6939682853468333,7,7,instant_velocity,dbscan_kmeans_fallback,False
980,341,12.2406507758,12.2098353533,-0.009260464830000004,-0.015274227189999934,-0.009260464830000004,-0.015274227189999934,-0.0027781394490000015,-0.004582268156999981,-0.518438888777305,-0.8551140268534081,-1,-1,instant_velocity,dbscan_kmeans_fallback,False
980,411,14.8260041825,8.64473526522,0.02921255721999998,-0.0013364948779999608,0.030913115301999985,-0.003236226884200022,0.02957247189789735,-0.0009478358404583923,0.9989547353021851,-0.04570287623334531,0,0,instant_velocity,dbscan_kmeans_fallback,False
990,4,12.8493158729,7.58699503289,0.03239058038000007,0.011384072446000015,0.030921533908,0.009049979605199994,0.030635376167053224,0.0094549177967195,0.943427083127922,0.3315791855485956,0,0,instant_velocity,dbscan_kmeans_fallback,False
990,38,1.89629063773,7.75883008868,-0.029864999054999997,-0.00999984560799998,-0.024839092238000005,-0.006711113568000009,-0.027309329080767716,-0.006201276163299831,-0.9482549552618393,-0.31750890506228824,1,1,instant_velocity,dbscan_kmeans_fallback,False
990,39,1.64794180837,8.1597785522,-0.030159650209,-0.007159793992000019,-0.027078441004400003,-0.007942598134599983,-0.028930722548523878,-0.006343813234810221,-0.9729588819257143,-0.2309769877634719,1,1,instant_velocity,dbscan_kmeans_fallback,False
990,41,14.8916692967,3.35865936137,0.006124534689999983,0.004343608355000006,0.006233976548000016,0.0037708248355999975,0.006131866244493254,0.004248796525809399,0.8156842632851532,0.5784950466249095,-1,-1,instant_velocity,dbscan_kmeans_fallback,False
990,42,3.62673476907,11.7936126626,-0.022667092305999993,0.03563190808999987,-0.016037441353400003,0.04273919693179998,-0.018984532548732173,0.04095681555688523,-0.5367445986779492,0.8437444886935981,2,2,instant_velocity,dbscan_kmeans_fallback,False
990,43,15.0181588275,9.75092343689,0.011280929870000022,0.00682567027199994,0.010961022908000011,0.010629907479200007,0.010297860698031416,0.00913715675755008,0.8555753821389324,0.5176767800720924,-1,-1,instant_velocity,dbscan_kmeans_fallback,False
990,44,4.21835219222,11.3053147124,-0.016142673908999948,0.031025773959999902,-0.014972487898799987,0.0313598976818,-0.018656968953857093,0.02884309800283199,-0.4615612624630265,0.8871080143597598,2,2,instant_velocity,dbscan_kmeans_fallback,False
990,45,7.65335324642,6.56051923432,-0.011112557788000021,0.005298247553000035,-0.016294208787200015,0.0046204537224000045,-0.015381090186926415,0.0049145106651276305,-0.9026530511499953,0.4303671045587609,3,3,instant_velocity,dbscan_kmeans_fallback,False
990,46,7.79562766053,7.00705171959,-0.025255813154999984,0.016706185979999955,-0.026009278247599993,0.013952051891399985,-0.025825577090389074,0.01298588267679342,-0.8340416414004863,0.5517008971672115,3,3,instant_velocity,dbscan_kmeans_fallback,False
990,47,8.1864613691,7.23879038511,-0.028560115377000095,0.010095309527999951,-0.026438627071200003,0.009966433235999989,-0.02673301596515011,0.008619653239059763,-0.942831719524309,0.33326819292472015,3,3,instant_velocity,dbscan_kmeans_fallback,False
990,48,9.06809971333,3.96437793304,-0.032159068750000054,0.005298247554000035,-0.02884634792540002,0.0085440208298,-0.02972180285842114,0.008113545969362018,-0.9866983798506096,0.16255981534226735,4,4,instant_velocity,dbscan_kmeans_fallback,False
990,49,9.303610171,4.45768773905,-0.03232744083799997,0.009904381688000008,-0.029515626974,0.0103817012876,-0.030494166545436706,0.00998815463152639,-0.9561315471452324,0.29293663653489,4,4,instant_velocity,dbscan_kmeans_fallback,False
990,50,11.6260926557,9.03088682116,-0.03577906863999995,-0.0047731959940000126,-0.03392697567199999,-0.006424721808200005,-0.034031429541131364,-0.005305118544564735,-0.9912179929961586,-0.13223591147536376,-1,-1,instant_velocity,dbscan_kmeans_fallback,False
990,51,11.4450926614,1.64388870043,-0.027486743319999896,-0.0002863917590000042,-0.043860928846,-0.0022624949011999986,-0.03640687090594228,-0.00028159806479514075,-0.9999453600689552,-0.010418699197648044,-1,-1,instant_velocity,dbscan_kmeans_fallback,False
990,75,12.7962786652,8.32922701,0.03192755712999986,0.0,0.03223904549199997,0.005875804269000006,0.03087327654813414,0.004838489771146053,0.999999686791043,0.0,0,0,instant_velocity,dbscan_kmeans_fallback,False
990,83,5.69034516895,2.26130160228,-0.02193046442299993,0.05369845493500001,-0.004390302186599993,0.03718796999126,-0.0076193253179914,0.03601227143392582,-0.37808501682518547,0.9257706925847534,-1,-1,instant_velocity,dbscan_kmeans_fallback,False
990,87,10.0501299148,7.94975792846,0.036663022092999854,0.010787422948000013,0.036199998854799985,0.0128208044408,0.036517428054379596,0.012262061171045729,0.9593356291503056,0.28226694336542285,0,0,instant_velocity,dbscan_kmeans_fallback,False
990,88,10.6943636154,6.08797283089,0.06770662577,0.011431804406000001,0.0619314631584,0.005054814558000001,0.0622045441649772,0.004025209166858201,0.9860435420015393,0.1664867622594722,-1,-1,instant_velocity,dbscan_kmeans_fallback,False
990,89,4.99980914426,7.67148060199,0.04287174283000006,-0.0008830412590000059,0.04096071963520001,-0.0019379175735999964,0.039387596273606065,-0.0012547327786157616,0.9997877103598546,-0.020592906660913977,5,5,instant_velocity,dbscan_kmeans_fallback,False
990,90,5.14966030232,6.94213625406,0.03979895222999996,-0.0014080928189999398,0.0409059987068,-0.0017278969499999873,0.03990356174343171,-0.0010641469062005315,0.9993744585876486,-0.03535801622356484,5,5,instant_velocity,dbscan_kmeans_fallback,False
990,91,4.13353475305,5.28655322345,0.04630232411800002,-0.004104948554999943,0.0405987196468,-0.006014226952800001,0.04049751894446818,-0.005634770843098058,0.9960929158444082,-0.08830896188106506,5,5,instant_velocity,dbscan_kmeans_fallback,False
990,92,2.14021969978,7.46432389584,0.026560696834999974,0.0011217010589999355,0.026038743362839997,0.000324577327599993,0.02399404348246737,0.0004514461540705823,0.9991090606922445,0.04219398679172201,-1,-1,instant_velocity,dbscan_kmeans_fallback,False
990,93,1.94553947338,6.13618211043,0.03790476624400001,0.009260000229000021,0.03790476624400001,0.009260000229000021,0.029348037816455855,0.005601278674526704,0.9714319071537232,0.23731737652188545,6,6,instant_velocity,dbscan_kmeans_fallback,False
990,94,0.889215088168,4.25267897109,0.0263081387032,-0.0014796907590000075,0.0263081387032,-0.0014796907590000075,0.007892441610960001,-0.0004439072277000023,0.9984216364563093,-0.05615582636678007,6,6,instant_velocity,dbscan_kmeans_fallback,False
990,95,0.659176723347,4.84741919198,0.03127511529029999,0.0038662887550000137,0.03127511529029999,0.0038662887550000137,0.00938253458709,0.0011598866265000044,0.9924449805560858,0.12268792081704254,6,6,instant_velocity,dbscan_kmeans_fallback,False
990,221,6.9663951286,6.27341149527,0.035358138416999994,-0.014367319942999935,0.0348698593626,-0.011751608537799996,0.034684654465659936,-0.012635589078931978,0.9264382259812006,-0.37644613082055256,-1,-1,instant_velocity,dbscan_kmeans_fallback,False
990,222,13.275718185,11.5497023473,-0.000589302299999872,-0.00028639175999991553,-0.0002988604539999784,-0.00026252578000001136,-0.00032800667524219554,-0.0002785692417004851,-0.8993989122314998,-0.43709389462088427,7,7,instant_velocity,dbscan_kmeans_fallback,False
990,223,12.8211135482,9.33374610699,0.00812395322999997,-0.009641855908999908,0.006549674211999985,-0.01595679420819998,0.007505064357165449,-0.015527808139350304,0.6443438339068808,-0.7647348804816712,8,8,instant_velocity,dbscan_kmeans_fallback,False
990,224,12.477213559,9.5802816801,0.0078082555599999996,-0.01809041281799999,0.006579139326000032,-0.020161979879999983,0.0076212939043016365,-0.019157863741535105,0.39628551211246765,-0.9181267765660933,8,8,instant_velocity,dbscan_kmeans_fallback,False
990,225,13.2654053946,10.3850425247,-0.00780825557,-0.01159886627000013,0.008460697408000008,-0.010004618803999997,0.006141624934289377,-0.010717649685909816,-0.5584412514317423,-0.8295432106365207,8,8,instant_velocity,dbscan_kmeans_fallback,False
990,226,13.2420437674,9.72658013732,0.00892372065,-0.01735056743900003,0.007740906731999999,-0.015188309653600029,0.008902663468269364,-0.015865505804513343,0.45737094994186084,-0.8892754292578359,8,8,instant_velocity,dbscan_kmeans_fallback,False
990,227,8.57392763592,8.45213680685,-0.000820813927999886,-0.05050041362000002,-0.015081929755799982,-0.046352506301,-0.01184841462910024,-0.043991914448574726,-0.016251458293801393,-0.9998677383131152,-1,-1,instant_velocity,dbscan_kmeans_fallback,False
990,228,9.00517064555,10.7313378941,-0.017658022696999964,-0.01923597986000001,-0.019796348211399993,-0.018224062306000023,-0.01925513709875878,-0.018691512956709663,-0.6762453154864438,-0.7366759853200688,9,9,instant_velocity,dbscan_kmeans_fallback,False
990,229,4.79565798793,0.0510731971387,0.01153348800800007,0.010787422947049999,0.01153348800800007,0.010787422947049999,0.005882078883870018,0.0055015857029892005,0.7303331529202508,0.683090198501834,-1,-1,instant_velocity,dbscan_kmeans_fallback,False
990,230,4.16931382168,0.567771663518,0.009428836911000004,0.0263241759084,0.009428836911000004,0.0263241759084,0.006194745850527004,0.01729999542759969,0.33720346295471026,0.9414314150863811,-1,-1,instant_velocity,dbscan_kmeans_fallback,False
990,232,10.4601159484,3.05484543633,0.03923069644000012,-0.022792010873000024,0.03904127783580002,-0.018854124177400004,0.03940831430402576,-0.018490513734867993,0.8646652957026785,-0.5023479726214406,10,10,instant_velocity,dbscan_kmeans_fallback,False
990,233,10.1593613067,2.39686036852,0.0369155802249999,-0.019212113877000014,0.03682718488159999,-0.019551010792600004,0.03772885510270362,-0.017709857742125114,0.8870590453947232,-0.4616554661168513,10,10,instant_velocity,dbscan_kmeans_fallback,False
990,234,11.0900380215,1.07563971731,0.04956453332000006,-0.029665413103999994,0.062099835246200004,-0.037961227742399996,0.05915677631389758,-0.031187443345827195,0.8580521557658943,-0.5135622179923104,-1,-1,instant_velocity,dbscan_kmeans_fallback,False
990,235,10.8463194246,8.86979145635,0.03466360356000013,-0.015441289040999884,0.04232874284880001,-0.014348227158799994,0.04065565194760182,-0.014373194682715057,0.9134662935172178,-0.4069137544512739,11,11,instant_velocity,dbscan_kmeans_fallback,False
990,300,5.67982191346,8.61251619226,-0.040261975472000076,0.002076340258000009,-0.030176487418200004,0.006462907376199993,-0.03062108338904105,0.0054320088246448605,-0.9986726277470651,0.0515022960807263,12,12,instant_velocity,dbscan_kmeans_fallback,False
990,301,4.92572542568,8.12970741744,-0.03382174311600004,0.0016944845780001217,-0.035640161664,0.004224278455000015,-0.034267702502157465,0.003387219687483568,-0.9987470351960784,0.05003767672939645,12,12,instant_velocity,dbscan_kmeans_fallback,False
990,308,13.1641716769,10.7964920194,-0.03266418500999997,0.014033196220000122,-0.027158417745999978,0.012252794116000025,-0.02536258210390025,0.011357741300304569,-0.9187954932173196,0.3947331745280991,13,13,instant_velocity,dbscan_kmeans_fallback,False
990,309,13.1751158626,11.1420714094,-0.02104651095999994,0.00682567026999994,-0.03151083621199998,0.011694330185999994,-0.02565101422386748,0.009827649937152893,-0.9512253755404217,0.3084953500480729,13,13,instant_velocity,dbscan_kmeans_fallback,False
990,312,14.402758847,11.5434971925,0.0009470929899999092,-0.002672989759999922,0.0009428836919999739,-0.002672989757999993,0.0007901514243802951,-0.0028554081466345064,0.33397414990665936,-0.9425784925356326,7,7,instant_velocity,dbscan_kmeans_fallback,False
990,316,10.7739194268,6.93258986208,0.03138034783999988,-0.00916453630899996,0.02858537118859999,-0.00515027847779999,0.029284978599271455,-0.004479308245344092,0.9599015143192896,-0.2803363533730418,11,11,instant_velocity,dbscan_kmeans_fallback,False
990,317,10.4180229265,4.85266970757,0.02104651097000012,-0.018185876739000052,0.027179464257800028,-0.007751670294800003,0.025381474815838252,-0.012807520573137023,0.7566565245935554,-0.6538120408476656,-1,-1,instant_velocity,dbscan_kmeans_fallback,False
990,318,8.76944972277,9.93827137967,-0.031801278064000016,-0.01706417568299994,-0.024266627139800007,-0.013932959106599974,-0.022251055190692808,-0.012576167406599375,-0.8811591551202601,-0.4728191929077655,9,9,instant_velocity,dbscan_kmeans_fallback,False
990,319,8.4729043833,10.4234667525,-0.035316045396000105,-0.00992824767000009,-0.026737487527,-0.013403134352000023,-0.024686070423305388,-0.009859160906877025,-0.9626818613376749,-0.2706346036088069,9,9,instant_velocity,dbscan_kmeans_fallback,False
990,340,13.0829321445,11.8964750363,0.0004209302200001375,-0.0004057216599999691,0.0002609767360000248,-0.0015083299340000167,0.00030624570417174947,-0.0013880966594609005,0.7199818206075252,-0.693968276800344,7,7,instant_velocity,dbscan_kmeans_fallback,False
990,341,12.1480461276,12.0570930815,-0.009260464820000003,-0.01527422718000011,-0.009260464820000003,-0.01527422718000011,-0.0047228370603000025,-0.00778985586390002,-0.5184388886161244,-0.8551140269511281,8,8,instant_velocity,dbscan_kmeans_fallback,False
1000,4,13.1831135367,7.70202905635,0.033379766380000044,0.01150340234599998,0.031653952487999994,0.01093061882679999,0.03145869323093727,0.010069463161503645,0.9454325944120268,0.3258168856166854,0,0,instant_velocity,dbscan_kmeans_fallback,False
1000,38,1.58711739169,7.6593089522,-0.030917324603999985,-0.009952113647999994,-0.027141580537199995,-0.008071474426400016,-0.028391727737737397,-0.0073265274087098795,-0.951899001555412,-0.3064109578120335,1,1,instant_velocity,dbscan_kmeans_fallback,False
1000,39,1.3863336771,8.14378834562,-0.02616081312699998,-0.0015990206579999723,-0.027621440987399996,-0.0064915465521999845,-0.02809974972206671,-0.0049203754617671465,-0.9981368421793488,-0.06100886170500559,1,1,instant_velocity,dbscan_kmeans_fallback,False
1000,41,14.9529146436,3.40209544492,0.006124534689999983,0.004343608355000006,0.006187674224000013,0.004009484635199998,0.006129666778145273,0.00427724007456658,0.8156842632851532,0.5784950466249095,-1,-1,instant_velocity,dbscan_kmeans_fallback,False
1000,42,3.37186152131,12.1265430832,-0.025487324776,0.033293042060000035,-0.016483627385800004,0.04078695976999999,-0.02093537021691252,0.03865768350781967,-0.6078703527758673,0.7940359923945755,2,2,instant_velocity,dbscan_kmeans_fallback,False
1000,43,15.1309681263,9.81918013961,0.011280929880000023,0.00682567027199994,0.012653162390000005,0.011255196154399983,0.010592781452621998,0.008443710811885038,0.8555753823421831,0.5176767797361763,-1,-1,instant_velocity,dbscan_kmeans_fallback,False
1000,44,4.05713591825,11.6155724521,-0.016121627397000005,0.03102577397000008,-0.013436092598599991,0.03225725853,-0.017896366486799965,0.029497900792982416,-0.46108749163704377,0.8873543559620588,2,2,instant_velocity,dbscan_kmeans_fallback,False
1000,45,7.47340557769,6.5798506781,-0.017994766872999966,0.0019331443779999624,-0.014943022783399975,0.00430542278679999,-0.01616519319274848,0.00402010077898933,-0.9942785185085922,0.10681349426676844,3,3,instant_velocity,dbscan_kmeans_fallback,False
1000,46,7.57990092316,7.02566718396,-0.021572673736999982,0.0018615464369999835,-0.024931696886399984,0.012233701333199995,-0.024549706084372347,0.009648581804855389,-0.9962970606558781,0.08597234010342127,3,3,instant_velocity,dbscan_kmeans_fallback,False
1000,47,7.89601951782,7.33759554219,-0.02904418512799998,0.009880515708000016,-0.02730574332279998,0.010281464171600004,-0.02742636671400507,0.008997911979741839,-0.9467178565287048,0.32206311216003825,3,3,instant_velocity,dbscan_kmeans_fallback,False
1000,48,8.74650902582,4.01736040858,-0.03215906875099996,0.005298247553999991,-0.030075464165600002,0.0073411754392,-0.030452982626194787,0.0072689564447534095,-0.9866983798514206,0.1625598153373452,4,4,instant_velocity,dbscan_kmeans_fallback,False
1000,49,8.9801252975,4.55673155593,-0.032348487349999996,0.009904381688000008,-0.030694231587999995,0.010181227055799998,-0.031050462786805694,0.009963022748468475,-0.9561849159979297,0.2927623869977253,4,4,instant_velocity,dbscan_kmeans_fallback,False
1000,50,11.3196554561,9.02635228496,-0.030643719960000128,-0.00045345361999995506,-0.033741766376000015,-0.004811381562200019,-0.033015116666791994,-0.0038496190671953004,-0.9998902071816582,-0.014795978903372869,-1,-1,instant_velocity,dbscan_kmeans_fallback,False
1000,51,11.4021577791,1.61453354506,-0.0042934882300000865,-0.0029355155369999997,-0.033775440792,-0.002233855725399998,-0.02677285610315962,-0.0010777733064565986,-0.8254968688410073,-0.5644032903818113,-1,-1,instant_velocity,dbscan_kmeans_fallback,False
1000,75,13.1119763297,8.34617185578,0.03156976645,0.001694484577999944,0.03202016177999997,0.003417608331999986,0.0310822235186939,0.00389528821320222,0.9985623247774745,0.05359711679169555,0,0,instant_velocity,dbscan_kmeans_fallback,False
1000,83,5.44494285112,2.77251089327,-0.024540231783,0.05112092909900001,-0.0091468136644,0.04577972278102001,-0.01269559725749398,0.04054486873344808,-0.432762319393364,0.9015078603190941,-1,-1,instant_velocity,dbscan_kmeans_fallback,False
1000,87,10.4167601358,7.98364762001,0.03666302210000012,0.0033889691549999768,0.03642309187160002,0.010372154895400013,0.03656110626806575,0.009600133566232003,0.9957547413858222,0.09204320623916921,0,0,instant_velocity,dbscan_kmeans_fallback,False
1000,88,11.3396496415,6.1631506678,0.0645286026099999,0.007517783691000002,0.06338788171679997,0.008248082678,0.06290176169848401,0.005072981524100742,0.9932816707450216,0.1157204161079875,-1,-1,instant_velocity,dbscan_kmeans_fallback,False
1000,89,5.42852657257,7.6626501894,0.04287174283099997,-0.0008830412590000059,0.043237952121400004,-0.0021479381974000055,0.04043284024082423,-0.001143225322731035,0.9997877103598646,-0.02059290666043389,5,5,instant_velocity,dbscan_kmeans_fallback,False
1000,90,5.47798587333,6.93258986208,0.03283255710099997,-0.0009546391979999846,0.03967267316439999,-0.001498783542199984,0.03778226035070219,-0.0010312945937403675,0.9995772568320569,-0.02906370124829895,5,5,instant_velocity,dbscan_kmeans_fallback,False
1000,91,4.64791148097,5.27987074906,0.051437672792000025,-0.0006682474390000692,0.04479539393260001,-0.004262464022800003,0.043779565098727734,-0.0041448138218686615,0.9999154280520698,-0.012990302394014523,-1,-1,instant_velocity,dbscan_kmeans_fallback,False
1000,92,2.38709527337,7.47339296823,0.024687557359000013,0.0009069072389999988,0.026063999175999997,0.0009021340430000002,0.024202097645427162,0.0005880844795494073,0.9993255329134405,0.036710620930925544,5,5,instant_velocity,dbscan_kmeans_fallback,False
1000,93,2.31974643829,6.2423857213,0.037420696491000015,0.010620361086999975,0.03851932436362,0.007660979570799995,0.0317698354188191,0.007107003398268686,0.9620061618263032,0.2730267943829294,6,6,instant_velocity,dbscan_kmeans_fallback,False
1000,94,1.1522964752,4.23764340371,0.0263081387032,-0.0015035567380000004,0.0263081387032,-0.0015035567380000004,0.013417150738632002,-0.0007618020807900018,0.99837044859148,-0.05705863998722248,6,6,instant_velocity,dbscan_kmeans_fallback,False
1000,95,0.97213834136,4.88608207953,0.0312961618013,0.0038662887550000137,0.0312961618013,0.0038662887550000137,0.015956622751353,0.0019718072650500074,0.992455023682253,0.1226066545242164,6,6,instant_velocity,dbscan_kmeans_fallback,False
1000,221,7.28209279304,6.08582489269,0.031569766444,-0.01875866025800006,0.0348025105276,-0.013350629196000004,0.033750188059161954,-0.014472510432652404,0.8596857712301631,-0.5108226992983765,-1,-1,instant_velocity,dbscan_kmeans_fallback,False
1000,222,13.2641426039,11.5461224503,-0.0011575581100000676,-0.0003579896999999832,-0.0004882790539999959,-0.00028639175999998654,-0.0005768721056695572,-0.0003023953791903345,-0.9553484041380741,-0.29545375358549547,7,7,instant_velocity,dbscan_kmeans_fallback,False
1000,223,12.916875173,9.26859198167,0.009576162479999973,-0.00651541253200012,0.0065791393259999964,-0.013474732291800002,0.008126393794015805,-0.012824089457145249,0.8267803501350496,-0.5625233558569868,8,8,instant_velocity,dbscan_kmeans_fallback,False
1000,224,12.576974021,9.39818425292,0.0099760461999999,-0.018209742718000042,0.006545464910000014,-0.018372031381599995,0.008327719593011115,-0.018873427434474586,0.48046422652649334,-0.8770137762844786,8,8,instant_velocity,dbscan_kmeans_fallback,False
1000,225,13.1871123738,10.2692925219,-0.007829302080000034,-0.011575000279999869,0.0039062324340000034,-0.009240907443999974,0.0019503468300025532,-0.010974854864136832,-0.56026747317385,-0.8283108880711503,8,8,instant_velocity,dbscan_kmeans_fallback,False
1000,226,13.3306495786,9.55760899912,0.0088605811199999,-0.016897113819999986,0.008182883461999992,-0.015928155033600008,0.008890038763788525,-0.016174988209159337,0.46440613885177784,-0.8856217533151253,8,8,instant_velocity,dbscan_kmeans_fallback,False
1000,227,8.56592996176,7.94737133046,-0.00079976741600003,-0.05047654763899993,-0.011567162425,-0.049163918740800006,-0.008533820465170178,-0.04593730440570229,-0.015842345126395034,-0.9998743040638296,-1,-1,instant_velocity,dbscan_kmeans_fallback,False
1000,228,8.85447762706,10.478835826,-0.015069301849000105,-0.02525020681000001,-0.018453580811800024,-0.019818309768000014,-0.01799938652383118,-0.020659121112696768,-0.5124731346352218,-0.8587028625328746,-1,-1,instant_velocity,dbscan_kmeans_fallback,False
1000,229,4.91078240289,0.159186086409,0.011512441495999948,0.01081128892703,0.011512441495999948,0.01081128892703,0.007571187667508996,0.00709449667020144,0.7289559450253447,0.6845596860999009,-1,-1,instant_velocity,dbscan_kmeans_fallback,False
1000,230,4.37535916401,0.790202596851,0.02060453423299995,0.0222430933333,0.02060453423299995,0.0222430933333,0.010517682365268888,0.018782924799309784,0.6795689828966046,0.7336111625748762,-1,-1,instant_velocity,dbscan_kmeans_fallback,False
1000,232,10.8343229133,2.96654131044,0.037420696489999905,-0.008830412589000015,0.03863297552279999,-0.017040309699600006,0.038812028959818,-0.015592483391107598,0.973268596678321,-0.22966871476813194,9,9,instant_velocity,dbscan_kmeans_fallback,False
1000,233,10.5001043192,2.21500160114,0.034074301250000084,-0.018185876738000005,0.03702081278280001,-0.0195653303806,0.036632488946892555,-0.01785266344088758,0.8822138195683523,-0.47084844562234984,9,9,instant_velocity,dbscan_kmeans_fallback,False
1000,234,11.6818659098,0.930773218882,0.059182788830000096,-0.014486649842800004,0.06258390499900003,-0.034266774042959997,0.05916458006872834,-0.026177205294919036,0.97132404719942,-0.23775884228923921,-1,-1,instant_velocity,dbscan_kmeans_fallback,False
1000,235,11.2697752251,8.57170536651,0.04234558004999993,-0.029808608983999996,0.0436041614118,-0.014543928194599971,0.04116263037832125,-0.01900381897310054,0.8177165723408631,-0.5756207267881215,-1,-1,instant_velocity,dbscan_kmeans_fallback,False
1000,300,5.27720215875,8.63327959483,-0.04026197547099999,0.0020763402570000977,-0.03245792920640001,0.006348350672199992,-0.033513351013628734,0.004425308254351432,-0.9986726277482749,0.05150229605726583,10,10,instant_velocity,dbscan_kmeans_fallback,False
1000,301,4.59066497115,8.14736824262,-0.033506045452999976,0.0017660825180000118,-0.034920370989200006,0.0033221444120000144,-0.03403920538741022,0.002900878536638501,-0.9986134514506994,0.052636285034610854,10,10,instant_velocity,dbscan_kmeans_fallback,False
1000,308,12.8434228498,10.8874214031,-0.0320748827100001,0.009092938369999892,-0.029364092094000007,0.013078557023999977,-0.027376272285730203,0.010678300421213165,-0.962086660109229,0.27274284324178677,7,7,instant_velocity,dbscan_kmeans_fallback,False
1000,309,12.9646507529,11.2100894523,-0.021046510969999942,0.006801804290000035,-0.030555324615999985,0.011751608538000013,-0.02426966324770722,0.008919896243007035,-0.9515415097066152,0.3075188629631367,7,7,instant_velocity,dbscan_kmeans_fallback,False
1000,312,14.4122297769,11.516767295,0.0009470929900000869,-0.0026729897500000987,0.0009428836900000092,-0.0026729897560000284,0.0008372338940662327,-0.002800682627644184,0.33397415101676997,-0.9425784921422862,7,7,instant_velocity,dbscan_kmeans_fallback,False
1000,316,11.0759368592,6.83927388039,0.030201743240000134,-0.009331598169,0.031258278082600024,-0.007269577499199986,0.02956000799149006,-0.0059349952224408645,0.9554334483098794,-0.2952055100263738,-1,-1,instant_velocity,dbscan_kmeans_fallback,False
1000,317,10.6442729193,4.61090733046,0.022624999279999967,-0.02417623771099997,0.025091650369400007,-0.011450897190399996,0.024554532155086767,-0.01621813571449591,0.6832941148508463,-0.730142827529911,-1,-1,instant_velocity,dbscan_kmeans_fallback,False
1000,318,8.31337183021,9.74925281829,-0.045607789255999974,-0.018901856138000106,-0.029629278132999985,-0.015493794198199993,-0.02925807541028496,-0.014473874026019594,-0.9238041956785449,-0.38286473190760006,11,11,instant_velocity,dbscan_kmeans_fallback,False
1000,319,8.00819742125,10.2743043777,-0.046470696205000016,-0.01491623747999995,-0.03196965015220002,-0.012930587948000003,-0.031221458157813776,-0.011376283878813905,-0.9521522791048045,-0.30562334271037533,11,11,instant_velocity,dbscan_kmeans_fallback,False
1000,340,13.0871414467,11.8921791599,0.00042093021999995984,-0.0004295876400000509,0.00034516278000001676,-0.0009307732200000274,0.0003406510589202126,-0.0011005439536226455,0.6998612491965112,-0.714255541856428,7,7,instant_velocity,dbscan_kmeans_fallback,False
1000,341,11.9927228767,12.0489786483,-0.015532325090000043,-0.0008114433199999382,-0.015532325090000043,-0.0008114433199999382,-0.007965683469210016,-0.005696332100729995,-0.998637519534182,-0.0521710522817365,7,7,instant_velocity,dbscan_kmeans_fallback,False
1010,4,13.5169112006,7.81730173961,0.033379766389999864,0.011527268326000062,0.03219695246999997,0.011360206466200005,0.03203501517865605,0.01050680471085257,0.945224223326549,0.32642089591688667,0,0,instant_velocity,dbscan_kmeans_fallback,False
1010,38,1.26784182038,7.56050379512,-0.03192755713100002,-0.009880515708000016,-0.029650324644200005,-0.009422288892800008,-0.029452476555716183,-0.00809272389849692,-0.9553010141172289,-0.2956338512566303,1,1,instant_velocity,dbscan_kmeans_fallback,False
1010,39,1.14198368483,8.15142545921,-0.024434999227000008,0.0007637113589998634,-0.027815068888000002,-0.004563175370600021,-0.0270003245735467,-0.0032151494155370436,-0.9995115170047366,0.03123954668041219,1,1,instant_velocity,dbscan_kmeans_fallback,False
1010,41,15.0141599905,3.44529286866,0.006124534689999983,0.004319742374000013,0.006141371899999974,0.0042433712388,0.006128127151701686,0.00428999076439661,0.817184129077861,0.576374384082057,-1,-1,instant_velocity,dbscan_kmeans_fallback,False
1010,42,3.11719873866,12.459234844,-0.02546627826500001,0.03326917607999995,-0.019291231948400007,0.03844332053799999,-0.02229464263133877,0.037041131279473755,-0.6078285764892568,0.7940679720549968,2,2,instant_velocity,dbscan_kmeans_fallback,False
1010,44,3.69366267393,11.8613920458,-0.03634732443200002,0.024581959370000028,-0.018765069174199997,0.030381392504000005,-0.023431653870359982,0.028023118366087698,-0.8283460078975372,0.5602164183648148,2,2,instant_velocity,dbscan_kmeans_fallback,False
1010,45,7.22463581812,6.56529243032,-0.024876975957000003,-0.0014558247779999256,-0.0152376739368,0.0032791856482000093,-0.01877872802202394,0.002377323111892553,-0.9982916331047891,-0.05842099528721117,3,3,instant_velocity,dbscan_kmeans_fallback,False
1010,46,7.37364511573,7.00752903919,-0.020625580743000072,-0.0018138144769999976,-0.0236604876242,0.00978505178839999,-0.023372468481960663,0.006209862920298772,-0.9961550770095483,-0.08760192125160758,3,3,instant_velocity,dbscan_kmeans_fallback,False
1010,47,7.60578813165,7.43640069927,-0.02902313861700003,0.009880515708000016,-0.028008696788999997,0.010376928091599992,-0.027905398284903557,0.009262693098219291,-0.946646628946246,0.32227241204540175,-1,-1,instant_velocity,dbscan_kmeans_fallback,False
1010,48,8.40008345537,4.05363669813,-0.03464255704500001,0.0036276289549999952,-0.03179706876240001,0.005808979525,-0.031709854951836355,0.006176558197827385,-0.994561679477281,0.10414649072580341,4,4,instant_velocity,dbscan_kmeans_fallback,False
1010,49,8.65222065671,4.64073980543,-0.03279046407900008,0.008400824950000007,-0.031961231547800006,0.009680041476400003,-0.03157246317446401,0.009494363408927935,-0.9687132174323373,0.24818160995812663,4,4,instant_velocity,dbscan_kmeans_fallback,False
1010,50,11.0260566282,9.03255743975,-0.029359882790000034,0.0006205154790000833,-0.03329978964400002,-0.0029784743005999916,-0.031918546503754405,-0.002508578703336685,-0.9997763942949018,0.02113008190925671,-1,-1,instant_velocity,dbscan_kmeans_fallback,False
1010,51,11.3590124316,1.5854170495,-0.004314534749999943,-0.0029116495560000065,-0.023412138794000014,-0.0019331443776000024,-0.020035359697211718,-0.001627936181319621,-0.8289060007890293,-0.5593844826868413,-1,-1,instant_velocity,dbscan_kmeans_fallback,False
1010,75,13.4276739941,8.36335536136,0.03156976644,0.0017183505580000257,0.03180127806399998,0.0009641855907999996,0.031228486395085728,0.0032422069166415618,0.9985216410269657,0.05434979135163307,0,0,instant_velocity,dbscan_kmeans_fallback,False
1010,83,4.96255681986,3.05078821974,-0.048238603126000076,0.027827732646999958,-0.0197332086784,0.04356495983976,-0.023358499018045813,0.036729727907513644,-0.8662027682226662,0.4996923105179965,-1,-1,instant_velocity,dbscan_kmeans_fallback,False
1010,87,10.7831798917,7.9989218472,0.03664197558999991,0.0015274227189999933,0.036637766284400006,0.007551196063000009,0.036585367064646,0.0071783203120623995,0.9991320363527596,0.04164887255758187,0,0,instant_velocity,dbscan_kmeans_fallback,False
1010,88,11.9638891567,6.21255324634,0.06242395152000011,0.004940257853999963,0.0640866258818,0.008090567210199993,0.06275841864493883,0.005033164423070508,0.9968828716680355,0.07889373095354538,-1,-1,instant_velocity,dbscan_kmeans_fallback,False
1010,89,5.85093004759,7.78245740886,0.04224034750200003,0.011980721946000018,0.04296434747900001,0.0009307732190000095,0.040975092419176976,0.0027939588578882813,0.962051063279663,0.2728686426280363,-1,-1,instant_velocity,dbscan_kmeans_fallback,False
1010,90,5.80631144435,6.92304347009,0.03283255710200006,-0.0009546391990000735,0.03821204530360001,-0.0012983093104000077,0.03629734937609155,-0.0010082979753182793,0.9995772568311981,-0.029063701277836095,-1,-1,instant_velocity,dbscan_kmeans_fallback,False
1010,91,5.1841765803,5.28750786265,0.05362650993299996,0.0007637113590000411,0.048794231015599994,-0.0024391031531999906,0.0467336485490094,-0.0026722562676080508,0.9998984216346357,0.014239856060046695,-1,-1,instant_velocity,dbscan_kmeans_fallback,False
1010,92,2.6150289871,7.48007544262,0.022793371373000016,0.0006682474389999804,0.025432603847200003,0.0009975979627999897,0.023779479763699016,0.0006121333673845793,0.9995700770261763,0.029305017372945122,-1,-1,instant_velocity,dbscan_kmeans_fallback,False
1010,93,2.69395340321,6.34835067238,0.03742069649199999,0.010596495107999981,0.03818258018832,0.0085487940258,0.03346509374077337,0.008153850911188074,0.9621671704938635,0.2724588441959139,5,5,instant_velocity,dbscan_kmeans_fallback,False
1010,94,1.41874530399,4.23096092932,0.026644882879,-0.0006682474389999804,0.026644882879,-0.0006682474389999804,0.017385470380742403,-0.0007337356882529953,0.9996852758726757,-0.0250718732163921,5,5,instant_velocity,dbscan_kmeans_fallback,False
1010,95,1.28488949426,4.92474496709,0.03127511529,0.003866288755999925,0.03127511529,0.003866288755999925,0.020552170512947103,0.0025401517123349827,0.9924449805520791,0.12268792084945396,5,5,instant_velocity,dbscan_kmeans_fallback,False
1010,221,7.59779045748,5.89823829012,0.031569766444,-0.01875866025699997,0.03473516169260002,-0.014944876657999994,0.03309606157461337,-0.015758355379956675,0.8596857712421228,-0.5108226992782492,-1,-1,instant_velocity,dbscan_kmeans_fallback,False
1010,222,13.2525670229,11.5423038935,-0.0011575581000000668,-0.000381855680000065,-0.0006734883500000066,-0.0003102577399999973,-0.0007510779039687101,-0.00032623346943325365,-0.9496546649819891,-0.3132724205047768,6,6,instant_velocity,dbscan_kmeans_fallback,False
1010,223,13.0124263328,9.20367651615,0.009555115980000117,-0.006491546551999861,0.007349441628000015,-0.011302928114399969,0.0085550104498111,-0.010924326585601631,0.8271645053298206,-0.5619583167540371,7,7,instant_velocity,dbscan_kmeans_fallback,False
1010,224,12.676734483,9.21608682573,0.009976046200000078,-0.018209742718999954,0.007395743952000018,-0.018061773643399982,0.008822217575107804,-0.0186743220198322,0.4804642265062076,-0.8770137762955921,7,7,instant_velocity,dbscan_kmeans_fallback,False
1010,225,13.1090298181,10.1533038592,-0.00780825557,-0.01159886627000013,-4.630232400000267e-05,-0.009918701276000022,-0.0009772338899982132,-0.011162058285895822,-0.5584412514317423,-0.8295432106365207,7,7,instant_velocity,dbscan_kmeans_fallback,False
1010,226,13.4125205062,9.43159662488,0.00818709276000007,-0.012601237424000012,0.008490162521999984,-0.015813598328400003,0.008679154962651989,-0.01510286297361154,0.5448143466741082,-0.8385558995965047,7,7,instant_velocity,dbscan_kmeans_fallback,False
1010,227,8.55140786919,7.4946336904,-0.001452209257000092,-0.04527376400600005,-0.0072147439580000135,-0.04867227955359999,-0.006409337102719151,-0.04573824228579161,-0.03205968112194825,-0.9994857354242908,-1,-1,instant_velocity,dbscan_kmeans_fallback,False
1010,228,8.76439856014,10.0867177751,-0.009007906691999957,-0.039211805089999885,-0.015902743683199994,-0.02420010369,-0.015301942574281812,-0.026224926305887703,-0.22389248099442513,-0.974613595150453,-1,-1,instant_velocity,dbscan_kmeans_fallback,False
1010,229,5.02611728297,0.267060315879,0.01153348800799998,0.010787422946999997,0.01153348800799998,0.010787422946999997,0.008759877769656293,0.008202374553241007,0.7303331529218279,0.6830901985001481,-1,-1,instant_velocity,dbscan_kmeans_fallback,False
1010,230,4.6091859008,1.0023711588,0.023382673679000023,0.02121685619489999,0.014454743728999997,0.02449126864666,0.01437717975938823,0.019513104217986847,0.7405719720469115,0.6719765775547007,-1,-1,instant_velocity,dbscan_kmeans_fallback,False
1010,232,11.2085298782,2.87799852474,0.037420696490000085,-0.008854278569999962,0.03840146390200001,-0.015894742660999998,0.03839462921887263,-0.013571021944775307,0.9731296883442073,-0.230256573328062,8,8,instant_velocity,dbscan_kmeans_fallback,False
1010,233,10.9073543063,2.08827324749,0.040724998710000015,-0.01267283536499999,0.038641394126400004,-0.018281340658199995,0.03786024187582479,-0.016298715018121305,0.9548376909991191,-0.2971271023111732,8,8,instant_velocity,dbscan_kmeans_fallback,False
1010,234,12.3993414685,0.930773218882,0.07174755586999985,0.0,0.06497057934179999,-0.024467402666560004,0.06293947280910979,-0.018324043706443322,0.9999998606224494,0.0,-1,-1,instant_velocity,dbscan_kmeans_fallback,False
1010,235,11.7018600952,8.25762907009,0.04320848701000006,-0.03140762964200015,0.04279597539160001,-0.018457948909800025,0.041776387367824894,-0.022724962173770423,0.8088848372366986,-0.5879667896050166,-1,-1,instant_velocity,dbscan_kmeans_fallback,False
1010,300,4.90299519384,8.67289712159,-0.037420696490999994,0.0039617526759998965,-0.0343647430996,0.005823299112999969,-0.03468555465684012,0.004286241580845971,-0.9944421170916159,0.105282212463957,1,1,instant_velocity,dbscan_kmeans_fallback,False
1010,301,4.25876149327,8.1657450472,-0.03319034778800001,0.0018376804579999018,-0.03410797566600001,0.002400917585199984,-0.03378454810758716,0.002581919113046921,-0.9984704117004015,0.05528322797920011,1,1,instant_velocity,dbscan_kmeans_fallback,False
1010,308,12.5226740227,10.9783507868,-0.03207488270999992,0.00909293837000007,-0.030812092050000003,0.012219381744000017,-0.028785855413011117,0.010202691805849236,-0.962086660109227,0.27274284324179304,9,9,instant_velocity,dbscan_kmeans_fallback,False
1010,309,12.8057495952,11.3635477036,-0.01589011577000008,0.01534582513,-0.02770141772799999,0.012849443618000009,-0.021755799004395077,0.010847674909104925,-0.7193186930406444,0.6946795753988281,9,9,instant_velocity,dbscan_kmeans_fallback,False
1010,312,14.4242262882,11.5160513156,0.001199651129999957,-7.159793999989006e-05,0.0009933953179999833,-0.002152711391999986,0.00094595906484635,-0.0019819572213508954,0.9982154491654914,-0.05957579503660929,6,6,instant_velocity,dbscan_kmeans_fallback,False
1010,316,11.3834263843,6.80800944663,0.030748952509999938,-0.0031264433760000545,0.03425109194019999,-0.007178886775199995,0.02991669134704302,-0.005092429668508622,0.9948703674198633,-0.10115485622435529,0,0,instant_velocity,dbscan_kmeans_fallback,False
1010,317,10.9073543063,4.22905165092,0.026308138699999973,-0.03818556795400001,0.024338185276200016,-0.018290887050000003,0.025080614118560732,-0.02280836538634714,0.5673420441975086,-0.8234819813332238,-1,-1,instant_velocity,dbscan_kmeans_fallback,False
1010,318,7.85729393765,9.56023425692,-0.045607789256000064,-0.018901856137000017,-0.0349919291264,-0.01705940248360001,-0.03416298956399949,-0.015802268659313723,-0.9238041956857098,-0.3828647318903116,10,10,instant_velocity,dbscan_kmeans_fallback,False
1010,319,7.5434904592,10.1251420028,-0.046470696204999926,-0.014916237489999951,-0.03719760347519999,-0.012453268350000001,-0.03579622957196962,-0.012438269962169717,-0.9521522790451804,-0.30562334289613075,10,10,instant_velocity,dbscan_kmeans_fallback,False
1010,340,13.091561214,11.8881219433,0.00044197672999999325,-0.0004057216599999691,0.0004251395200000019,-0.000410494856000021,0.0003710487602441468,-0.0008920972655358426,0.736663188169688,-0.6762351754697131,6,6,instant_velocity,dbscan_kmeans_fallback,False
1010,341,11.7746810231,12.185253394,-0.021804185360000082,0.013627474569999975,-0.021804185360000082,0.013627474569999975,-0.012117234036447037,0.00010080990048899618,-0.8480004436832697,0.5299947826916845,9,9,instant_velocity,dbscan_kmeans_fallback,False
1020,4,13.7968297964,7.91706153589,0.027991859580000167,0.009975979627999986,0.031611859466000036,0.011116773470600005,0.03082206849905928,0.010347557185996795,0.9419664245533684,0.3357060946504053,0,0,instant_velocity,dbscan_kmeans_fallback,False
1020,38,0.948566249082,7.46193729784,-0.031927557129799986,-0.009856649728000022,-0.03090048739516,-0.009937794060000015,-0.030195000727941325,-0.00862190164734785,-0.9555025075530054,-0.2949819647299358,1,1,instant_velocity,dbscan_kmeans_fallback,False
1020,39,0.897633692553,8.1590625728,-0.024434999227700004,0.0007637113590000411,-0.027074231702140003,-0.0028782371846000033,-0.02623072696979269,-0.0020214911831759183,-0.9995115170047644,0.031239546679525398,1,1,instant_velocity,dbscan_kmeans_fallback,False
1020,41,15.0754053374,3.48872895221,0.006124534689999983,0.004343608354999961,0.006120325387999976,0.004338835158799998,0.006127049413191175,0.004306076041577615,0.815684263285156,0.5784950466249055,-1,-1,instant_velocity,dbscan_kmeans_fallback,False
1020,42,2.86232549091,12.7921652646,-0.025487324774999997,0.033293042060000035,-0.0221030458128,0.036099681303999986,-0.02325244727443714,0.03591670451363164,-0.60787035276083,0.794035992406087,-1,-1,instant_velocity,dbscan_kmeans_fallback,False
1020,44,3.30788012798,12.1000518455,-0.038578254595000014,0.023865979969999885,-0.02453602248020001,0.028362330597999977,-0.027975634087751992,0.026775976847261355,-0.8504207659641013,0.5261027275506058,-1,-1,instant_velocity,dbscan_kmeans_fallback,False
1020,45,6.97586605854,6.55073418253,-0.024876975958,-0.0014558247790000145,-0.017990557570799995,0.0019283711815999993,-0.020608202402816758,0.0012273787446247827,-0.9982916331025856,-0.05842099532486653,2,2,instant_velocity,dbscan_kmeans_fallback,False
1020,46,7.16717884319,6.98915223461,-0.020646627253999926,-0.0018376804579999905,-0.02267130160879999,0.0063244846923999985,-0.022554716113572442,0.0037955999068091427,-0.9960618370665026,-0.08865580563925111,2,2,instant_velocity,dbscan_kmeans_fallback,False
1020,47,7.36354279047,7.44618575106,-0.024224534117999942,0.0009785051789999778,-0.027511999130200006,0.008372185773999999,-0.026801139034832472,0.006777436722453497,-0.9991847816335557,0.04036021823346087,2,2,instant_velocity,dbscan_kmeans_fallback,False
1020,48,8.04292416434,4.0825145339,-0.03571592910299994,0.002887783577000036,-0.03336713847999999,0.0044820310386000095,-0.032911677197185435,0.0051899258115791795,-0.9967469592224993,0.08059119758488066,3,3,instant_velocity,dbscan_kmeans_fallback,False
1020,49,8.31947531839,4.70995114734,-0.033274533832000054,0.006921134191,-0.03261788268980002,0.009002247645000008,-0.03208308437172482,0.008722394643549555,-0.9790450600500935,0.20364228914082597,3,3,instant_velocity,dbscan_kmeans_fallback,False
1020,50,10.7326682654,9.03900125435,-0.029338836280000002,0.0006443814599998987,-0.03218011526000002,-0.0017469897337999995,-0.031144633436628086,-0.0015626906543357098,-0.9997585504315767,0.021958126362825243,-1,-1,instant_velocity,dbscan_kmeans_fallback,False
1020,51,11.3160775492,1.55606189413,-0.004293488240000087,-0.0029355155369999997,-0.014088534440000017,-0.001813814477800002,-0.015312798260048228,-0.0020202099880237347,-0.8254968694534813,-0.5644032894860114,-1,-1,instant_velocity,dbscan_kmeans_fallback,False
1020,75,13.7353739844,8.39676773332,0.03076999903000015,0.00334123719600008,0.03155292923600001,0.0013508144664000099,0.031090940185560054,0.003271916000449117,0.9941556869459457,0.10795287827601821,0,0,instant_velocity,dbscan_kmeans_fallback,False
1020,83,4.4801707886,3.329304206,-0.04823860312599999,0.02785159862600004,-0.030315394390400013,0.04135974329020001,-0.03082253025043207,0.03406628912305956,-0.8660172557698633,0.5000137534640156,-1,-1,instant_velocity,dbscan_kmeans_fallback,False
1020,87,11.1498101126,8.01443473418,0.03666302209000012,0.0015512886979999862,0.036658812794000004,0.005608505293399997,0.03660866357225223,0.005490210827843675,0.9991057718718892,0.042274242647175324,0,0,instant_velocity,dbscan_kmeans_fallback,False
1020,88,12.5879182067,6.26195582488,0.0624029049999999,0.004940257854000052,0.06478116074259997,0.007933051742400004,0.06265176455145716,0.005005292452349371,0.9968807785790835,0.07892017360212657,-1,-1,instant_velocity,dbscan_kmeans_fallback,False
1020,89,6.27186026684,7.93424504147,0.042093021924999974,0.01517876326099996,0.0426654870232,0.0046490928983999955,0.041310471270923875,0.006509400178821786,0.9407070491951429,0.3392193989571094,4,4,instant_velocity,dbscan_kmeans_fallback,False
1020,90,6.04918818086,7.13210945464,0.02428767365099995,0.020906598455000047,0.0345120686764,0.0032028145121999964,0.03269444665856407,0.005566170953777219,0.757888705561942,0.652383388728172,4,4,instant_velocity,dbscan_kmeans_fallback,False
1020,91,5.72065214473,5.29514497624,0.05364755644299999,0.0007637113589999522,0.0502632774808,-0.0014653711702000117,0.048807820917206576,-0.0016414659796256496,0.9998985012343304,0.014234270745416699,-1,-1,instant_velocity,dbscan_kmeans_fallback,False
1020,92,2.84296270082,7.48651925721,0.022793371371999972,0.0006443814590000763,0.024679138754599993,0.0008973608468000016,0.0234836472461893,0.0006218077948692284,0.9996001886141231,0.02825926088087084,-1,-1,instant_velocity,dbscan_kmeans_fallback,False
1020,93,3.08415571645,6.46171407724,0.03902023132400001,0.011336340486000029,0.03816995228160001,0.009589350752399995,0.03513163501574136,0.009108597783631659,0.9602940076044252,0.2789891158378019,-1,-1,instant_velocity,dbscan_kmeans_fallback,False
1020,94,1.716342969,4.29659237424,0.029759766501000005,0.006563144492000017,0.029759766501000005,0.006563144492000017,0.021097759216819684,0.001455328365822909,0.9765338738392112,0.21536233878461025,5,5,instant_velocity,dbscan_kmeans_fallback,False
1020,95,1.56543948539,4.96961300943,0.028054999113000002,0.004486804234000008,0.028054999113000002,0.004486804234000008,0.02280301909296297,0.00312414746883449,0.987451239861435,0.1579219584371991,5,5,instant_velocity,dbscan_kmeans_fallback,False
1020,221,7.94926719056,5.75480375049,0.03514767330799993,-0.01434345396300003,0.03430581286899999,-0.015536752961399997,0.033711545094629335,-0.015333884954869682,0.925870763214144,-0.37783965247073936,-1,-1,instant_velocity,dbscan_kmeans_fallback,False
1020,222,13.2409914419,11.5387239965,-0.0011575580999998892,-0.0003579896999999832,-0.0008586976459999818,-0.00032935052399999163,-0.0008730219627780638,-0.00033576033860327253,-0.9553484034175469,-0.29545375591509687,6,6,instant_velocity,dbscan_kmeans_fallback,False
1020,223,13.1081879577,9.13852239083,0.009576162489999974,-0.00651541253200012,0.008317581131999994,-0.009221814660800014,0.008861356061867762,-0.009601652369521178,0.8267803504082498,-0.5625233554554457,7,7,instant_velocity,dbscan_kmeans_fallback,False
1020,224,12.7762844798,9.03398939855,0.009954999679999865,-0.018209742718000042,0.00846490670799998,-0.018123825190399998,0.009162052206575422,-0.018534948229282554,0.4796840131435256,-0.8774407580173293,7,7,instant_velocity,dbscan_kmeans_fallback,False
1020,225,13.0444170295,9.9905378758,-0.006461278859999986,-0.016276598339999993,-0.0036578836039999982,-0.011689556990000015,-0.0026224473809987455,-0.012696420302127073,-0.3689593318391735,-0.929444925418528,7,7,instant_velocity,dbscan_kmeans_fallback,False
1020,226,13.4943914339,9.30582291043,0.00818709277000007,-0.012577371444999841,0.008616441588000007,-0.01535537151339998,0.008531536304856414,-0.01434521551502803,0.5455406793014407,-0.838083548665065,7,7,instant_velocity,dbscan_kmeans_fallback,False
1020,227,8.53688577663,7.04213471014,-0.0014522092560000032,-0.04524989802599997,-0.002858116188800004,-0.04817586717020001,-0.004922198748703407,-0.04559173900785412,-0.03207657281736082,-0.9994851933440208,-1,-1,instant_velocity,dbscan_kmeans_fallback,False
1020,228,8.67410902811,9.69459972416,-0.009028953203000078,-0.03921180509400006,-0.013684441427800032,-0.028429155342799994,-0.01342004576289729,-0.03012098994232141,-0.2243892843547985,-0.9744993340289926,-1,-1,instant_velocity,dbscan_kmeans_fallback,False
1020,229,5.22269169536,0.563714446923,0.01965744123900004,0.0296654131044,0.013154069351600003,0.0145677941745,0.012029146810459416,0.014641286118588705,0.5523731285473111,0.8335966439831206,8,8,instant_velocity,dbscan_kmeans_fallback,False
1020,230,4.83754054474,1.22504075193,0.022835464394000037,0.022266959313,0.017136069225600004,0.023679825327585998,0.016914665149771774,0.02033926074649079,0.7159625919150543,0.698138195428657,8,8,instant_velocity,dbscan_kmeans_fallback,False
1020,232,11.6256717255,2.81308305922,0.04171418472999999,-0.0064915465520000385,0.03899918481380002,-0.013947278695400005,0.03939049587221084,-0.011447179326942726,0.988106615038879,-0.15376879906395488,9,9,instant_velocity,dbscan_kmeans_fallback,False
1020,233,11.380900803,2.01667530758,0.047354649669999915,-0.007159793991000018,0.0400473010596,-0.015594031313199998,0.04070856421407733,-0.013557038709984919,0.9887621118043802,-0.14949604898271232,9,9,instant_velocity,dbscan_kmeans_fallback,False
1020,234,13.1166065621,0.933398476679,0.07172650936,0.0002625257796999958,0.0657029979232,-0.01593770142482,0.06557558377437685,-0.012748072860600326,0.9999931625060013,0.0036600691574704652,-1,-1,instant_velocity,dbscan_kmeans_fallback,False
1020,235,12.1227903144,8.05309762173,0.04209302191999988,-0.020453144835999915,0.040788138243999975,-0.02163689744199999,0.04187137773347739,-0.02204341697243927,0.8994410879836747,-0.4370415333672839,-1,-1,instant_velocity,dbscan_kmeans_fallback,False
1020,300,4.54099520528,8.72062908153,-0.036199998856000004,0.0047731959940000126,-0.036216836064400015,0.004677732074400005,-0.035139887916588085,0.004432327904792184,-0.9914184291061279,0.1307247133628792,1,1,instant_velocity,dbscan_kmeans_fallback,False
1020,301,3.92685801539,8.18412185177,-0.033190347787999966,0.0018376804569999905,-0.033506045452400005,0.0017708557137999749,-0.033606288011711,0.002358647516232842,-0.9984704117020619,0.055283227949211616,1,1,instant_velocity,dbscan_kmeans_fallback,False
1020,308,12.4475379786,11.1232172852,-0.0075136044100000635,0.014486649840000077,-0.0272636503,0.012252794116000025,-0.0224041801121078,0.011487879216094489,-0.46041386185375627,0.8877036950841386,10,10,instant_velocity,dbscan_kmeans_fallback,False
1020,309,12.6527414605,11.5260750272,-0.01530081347000003,0.01625273235999991,-0.022709185327999995,0.012572598249999985,-0.019819303344076562,0.01246919214437342,-0.685462359371527,0.7281074494217387,10,10,instant_velocity,dbscan_kmeans_fallback,False
1020,312,14.4389588459,11.5411105945,0.001473255770000037,0.0025059278899998818,0.0011028371760000155,-0.0011169278640000258,0.001104148076392456,-0.0006355916879456622,0.5068089360134861,0.8620544195508757,6,6,instant_velocity,dbscan_kmeans_fallback,False
1020,316,11.6944938163,6.81851047781,0.031106743199999974,0.0010501031180000452,0.033106161743999996,-0.005618051685399994,0.03027370690293011,-0.0032496698325560213,0.9994303623373281,0.033738824182479636,0,0,instant_velocity,dbscan_kmeans_fallback,False
1020,317,11.1662263912,3.88371092074,0.025887208490000015,-0.034534073017999975,0.024102464354599996,-0.024744248034200007,0.025322592429992515,-0.02632607767584299,0.5998019349469563,-0.8001482209175753,-1,-1,instant_velocity,dbscan_kmeans_fallback,False
1020,318,7.38732534786,9.38720590213,-0.04699685897899997,-0.017302835478999867,-0.03967688246660002,-0.017751515903399982,-0.03801315038849963,-0.016252438705219568,-0.93841931812076,-0.34549787846490365,11,11,instant_velocity,dbscan_kmeans_fallback,False
1020,319,7.05521140487,10.0039028246,-0.04882790543300004,-0.012123917819999974,-0.041924649837400005,-0.012114371433999977,-0.03970573233027875,-0.012343964319518796,-0.970529513796665,-0.24098146260443312,11,11,instant_velocity,dbscan_kmeans_fallback,False
1020,340,13.0957705162,11.8840647267,0.00042093021999995984,-0.0004057216599999691,0.0004251395200000019,-0.0004104948559999855,0.00038601319817089066,-0.0007461845838750806,0.7199818206073789,-0.6939682768004959,6,6,instant_velocity,dbscan_kmeans_fallback,False
1020,341,11.5568496346,12.3217667994,-0.021783138849999873,0.013651340540000056,-0.015528115790000002,-0.0008162165159999902,-0.015017005480512888,0.004165969092342315,-0.8473525986911316,0.5310299384235303,10,10,instant_velocity,dbscan_kmeans_fallback,False
1030,4,14.053386765,8.01013885778,0.02565569686,0.009307732188999917,0.030559533918000027,0.010739690986999992,0.029272157007341496,0.010035609686897732,0.9400471475901119,0.3410434393011471,0,0,instant_velocity,dbscan_kmeans_fallback,False
1030,38,0.568255795989,7.39702183232,-0.0380310453093,-0.006491546551999949,-0.032533696645819996,-0.009236134248799993,-0.03254581410234893,-0.00798279511874348,-0.985742871721369,-0.16825716169617325,1,1,instant_velocity,dbscan_kmeans_fallback,False
1030,39,0.591827888267,8.11156927266,-0.030580580428600002,-0.004749330013999931,-0.027154208443860003,-0.002396144389200003,-0.027535683007434884,-0.002839842832423122,-0.9881536602155945,-0.15346562331814653,1,1,instant_velocity,dbscan_kmeans_fallback,False
1030,42,2.59566619701,13.0308250644,-0.02666592939000001,0.023865979980000063,-0.025154789902400002,0.03187062965399999,-0.024276491909105996,0.03230148715354217,-0.7451440279441195,0.6669031554474898,2,2,instant_velocity,dbscan_kmeans_fallback,False
1030,44,2.93451502351,12.3217667994,-0.037336510446999996,0.02217149539000012,-0.028905278155999997,0.026534196532000003,-0.030783896995526396,0.025394632410082982,-0.859824799035346,0.5105887331136946,2,2,instant_velocity,dbscan_kmeans_fallback,False
1030,45,6.72309746188,6.53474397595,-0.025276859666000018,-0.001599020658000061,-0.020827627248400003,0.0005441443431999992,-0.022008799581771737,0.00037945892383732944,-0.9980046614758442,-0.06313403213717994,3,3,instant_velocity,dbscan_kmeans_fallback,False
1030,46,6.96071257065,6.97077543003,-0.020646627254000016,-0.0018376804579999905,-0.021749464428599995,0.002615711404799992,-0.021982289455700715,0.002105615797366403,-0.9960618370665026,-0.08865580563925074,3,3,instant_velocity,dbscan_kmeans_fallback,False
1030,47,7.12676954214,7.44618575106,-0.023677324833000047,0.0,-0.026905859614600017,0.006166969224599992,-0.025863994774282743,0.004744205705717448,-0.999999577655168,0.0,3,3,instant_velocity,dbscan_kmeans_fallback,False
1030,48,7.68576487331,4.11139236966,-0.03571592910300003,0.002887783575999947,-0.0340785105504,0.003999938243200001,-0.03375295276892981,0.0044992831409054095,-0.9967469592247412,0.08059119755715162,4,4,instant_velocity,dbscan_kmeans_fallback,False
1030,49,7.98672998007,4.77940114906,-0.033274533831999964,0.006945000171999993,-0.03280309198620001,0.008415144537800004,-0.03244051920980737,0.008189176302084687,-0.9789048446861559,0.20431523846560695,4,4,instant_velocity,dbscan_kmeans_fallback,False
1030,50,10.4390694374,9.04520640914,-0.02935988279999986,0.0006205154790000833,-0.030896278093999995,-0.0006682474391999804,-0.03060920824563962,-0.0009077288143349717,-0.999776394295054,0.021130081902063128,-1,-1,instant_velocity,dbscan_kmeans_fallback,False
1030,51,11.2731426669,1.52694539857,-0.004293488229999909,-0.0029116495560000065,-0.008936348553999985,-0.0023961443890000034,-0.012007005251033733,-0.0022876418584166164,-0.8276343657208807,-0.5612641992689474,-1,-1,instant_velocity,dbscan_kmeans_fallback,False
1030,75,14.011083278,8.4955728904,0.02757092935999985,0.009880515707999925,0.030681603681999972,0.003326917607999995,0.03003493693789199,0.00525449591271436,0.9413759802100087,0.3373582383876112,0,0,instant_velocity,dbscan_kmeans_fallback,False
1030,83,3.97547545572,3.53049441716,-0.05046953328799999,0.020119021115999967,-0.038683487149199995,0.036123547284599995,-0.03671663116170245,0.029882108720941682,-0.928912481402331,0.3702988438906966,-1,-1,instant_velocity,dbscan_kmeans_fallback,False
1030,87,11.4617194051,8.09939762288,0.031190929249999933,0.00849628886999998,0.035564394224599984,0.00515027847799999,0.03498334327557654,0.006392034240490566,0.9648445775977972,0.2628199429462017,0,0,instant_velocity,dbscan_kmeans_fallback,False
1030,88,13.1620670258,6.2488295359,0.057414881910000125,-0.0013126288980000566,0.06289539336200001,0.005503494981399992,0.06108069975902004,0.0031099160472445424,0.9997385888717498,-0.022856195441730794,-1,-1,instant_velocity,dbscan_kmeans_fallback,False
1030,89,6.69279048609,8.08627133389,0.042093021924999974,0.015202629242000044,0.0424339754026,0.008119206386200001,0.0415452364671467,0.009117368897775265,0.9405367619518991,0.33969126060616,-1,-1,instant_velocity,dbscan_kmeans_fallback,False
1030,90,6.27080794129,7.39582853332,0.02216197604300003,0.026371907867999943,0.030382743225399994,0.0087922270214,0.02953470547389486,0.011807892028044038,0.6433548269916305,0.7655677540187249,-1,-1,instant_velocity,dbscan_kmeans_fallback,False
1030,91,6.23629166331,5.35886714277,0.05156395185800004,0.006372216653000073,0.051315603028800005,0.0006252886754000109,0.04963466019944461,0.0007626388101620678,0.9924502976820638,0.12264591999426737,-1,-1,instant_velocity,dbscan_kmeans_fallback,False
1030,92,3.07110687966,7.4932017316,0.022814417884000005,0.0006682474389999804,0.023929882964599997,0.0008018969269999943,0.02328287843753251,0.000635739688108454,0.9995708689621812,0.029278006420291377,-1,-1,instant_velocity,dbscan_kmeans_fallback,False
1030,93,3.61768476935,6.64070892703,0.05335290528999996,0.017899484979000048,0.04102385916819999,0.01194253637780001,0.04059801609801894,0.011745863942242175,0.9480673082572375,0.318069211994949,-1,-1,instant_velocity,dbscan_kmeans_fallback,False
1030,94,2.01394063401,4.36246247896,0.029759766500999985,0.00658701047200001,0.027756138657479997,0.0018997320056000078,0.023696361402073776,0.0029948329976760392,0.9763689159330502,0.2161089628700613,5,5,instant_velocity,dbscan_kmeans_fallback,False
1030,95,1.82452203534,5.01853826837,0.025908254995,0.004892525894000066,0.02956192929792,0.004195639278800005,0.02373458986357408,0.0036546609963841632,0.9826324132487362,0.18556072290592393,5,5,instant_velocity,dbscan_kmeans_fallback,False
1030,221,8.32431601591,5.64072436623,0.03750488253500004,-0.011407938426000009,0.034230045429599995,-0.015527206569400001,0.034849546326740546,-0.01415610099620878,0.9567204567257811,-0.2910076588304746,-1,-1,instant_velocity,dbscan_kmeans_fallback,False
1030,222,13.229626326,11.5351440996,-0.0011365115900000334,-0.00035798968999998235,-0.0010396976399999858,-0.00034844330599998586,-0.0009520688509446547,-0.00034242914402228547,-0.9537933973703783,-0.3004353018948462,6,6,instant_velocity,dbscan_kmeans_fallback,False
1030,223,13.1860600483,9.06406053332,0.007787209059999967,-0.007446185751000023,0.008923720648,-0.007322082655200006,0.008539111961307423,-0.00895501238396483,0.7227547141907583,-0.6911032968049456,7,7,instant_velocity,dbscan_kmeans_fallback,False
1030,224,12.9065623827,8.79986413503,0.013027790290000141,-0.02341252635199993,0.010148627585999997,-0.01922643346499999,0.010321773631602839,-0.019998221666097767,0.48623675284658713,-0.8738266840286599,7,7,instant_velocity,dbscan_kmeans_fallback,False
1030,225,12.9932740078,9.78075591186,-0.0051143021699999736,-0.020978196393999938,-0.007004278849999998,-0.014405505510800012,-0.003370003817699114,-0.015180953129688934,-0.2368541727662613,-0.971544736283943,7,7,instant_velocity,dbscan_kmeans_fallback,False
1030,226,13.5762623615,9.17981053618,0.008187092759999893,-0.0126012374250001,0.008469116011999987,-0.014405505510599994,0.008428203241399458,-0.01382202208801965,0.5448143466436954,-0.8385558996162641,7,7,instant_velocity,dbscan_kmeans_fallback,False
1030,227,8.51604973078,6.58891975049,-0.0020836045849998543,-0.045321495965000035,-0.0013217208883999731,-0.0473644238512,-0.004070620499592341,-0.04551066609499789,-0.045925352117043315,-0.9989446537256155,-1,-1,instant_velocity,dbscan_kmeans_fallback,False
1030,228,8.61412647186,9.28124095106,-0.0059982556249998705,-0.04133587731000006,-0.011352488013199996,-0.032849134832800005,-0.011193508721528064,-0.03348545615262501,-0.1436060451218585,-0.9896346926914448,-1,-1,instant_velocity,dbscan_kmeans_fallback,False
1030,229,5.47377657114,0.985903632616,0.025108487578000015,0.042218918569300004,0.01586906926580001,0.020854093298956,0.015952949040721594,0.022914575853802098,0.5111557049540475,0.8594878929544443,8,8,instant_velocity,dbscan_kmeans_fallback,False
1030,230,5.01685681814,1.54341292475,0.017931627339999957,0.031837217281999994,0.018836627311399994,0.02477766040632,0.01721975380684023,0.02378864770714355,0.4907431940574818,0.8713039481931801,8,8,instant_velocity,dbscan_kmeans_fallback,False
1030,232,12.142994965,2.80329800743,0.05173232394999996,-0.0009785051789999778,0.04150371962000001,-0.009589350752600003,0.043093044295547576,-0.0083065770825599,0.9998209704273217,-0.0189113869808263,9,9,instant_velocity,dbscan_kmeans_fallback,False
1030,233,11.8933833449,1.94102015107,0.05124825419000008,-0.0075655156509999875,0.042063556809,-0.012959227124400003,0.04387047120685415,-0.01175958179228944,0.9892781895225388,-0.14604204073523558,9,9,instant_velocity,dbscan_kmeans_fallback,False
1030,234,13.8338716557,0.942228889269,0.07172650936,0.0008830412589999947,0.064789579348,-0.008601299181620002,0.06742086145006379,-0.00865873862472023,0.9999240860747672,0.012310291296069864,-1,-1,instant_velocity,dbscan_kmeans_fallback,False
1030,235,12.5437205337,7.84856617338,0.042093021930000064,-0.020453144835000003,0.04088074289400002,-0.02351276346759999,0.04193787099243419,-0.02156633533120749,0.8994410880328882,-0.4370415332660014,-1,-1,instant_velocity,dbscan_kmeans_fallback,False
1030,300,4.18657196067,8.75475743289,-0.03544232446099995,0.0034128351360001473,-0.037917394150200005,0.0032600928642000327,-0.03523061887991164,0.004126480074154573,-0.9953955773171707,0.09584927208217728,1,1,instant_velocity,dbscan_kmeans_fallback,False
1030,301,3.58422081692,8.14307236622,-0.03426371984700003,-0.004104948554999943,-0.0335944407984,0.0006061958912000165,-0.03380351756229771,0.00041956869486300605,-0.9928994925874483,-0.11895384843084632,1,1,instant_velocity,dbscan_kmeans_fallback,False
1030,308,12.3724019344,11.2680837837,-0.007513604420000064,0.0144866498499999,-0.02236823185200002,0.012238474530000012,-0.01793700740447548,0.012387510406266112,-0.4604138620861905,0.8877036949635856,6,6,instant_velocity,dbscan_kmeans_fallback,False
1030,309,12.5917065787,11.6556672984,-0.00610348817999995,0.012959227119999995,-0.015877487869999988,0.011637051833999976,-0.01570455879485358,0.012616202637061393,-0.42608410427588866,0.9046827841211691,6,6,instant_velocity,dbscan_kmeans_fallback,False
1030,312,14.4536914035,11.5661698735,0.0014732557600000361,0.00250592790000006,0.0012080697280000053,-8.114433199999383e-05,0.00121488038147473,0.0003068641884380546,0.5068089319540422,0.8620544219374612,6,6,instant_velocity,dbscan_kmeans_fallback,False
1030,316,12.0607031071,6.76481202288,0.03662092908000005,-0.005369845493000014,0.032011743174,-0.005188464045799996,0.03217787355605109,-0.0038857225306892194,0.9894193949544166,-0.14508177187630125,-1,-1,instant_velocity,dbscan_kmeans_fallback,False
1030,317,11.4147856857,3.62333307925,0.02485592944999997,-0.026037784148999998,0.02414455737800001,-0.0282239079142,0.02518259353599475,-0.02623958961779009,0.6904999882491974,-0.7233320196328309,-1,-1,instant_velocity,dbscan_kmeans_fallback,False
1030,318,6.9137788512,9.21823476393,-0.047354649666000004,-0.016897113819999986,-0.0434736730442,-0.017813567451399982,-0.04081560017174975,-0.016445841239653695,-0.94183782578903,-0.336067124444695,10,10,instant_velocity,dbscan_kmeans_fallback,False
1030,319,6.56103932747,9.88982344033,-0.04941720774,-0.011407938427000098,-0.04530051019580002,-0.012658515777400013,-0.04261917495319513,-0.012063156551763186,-0.9743738612020728,-0.2249337330420277,10,10,instant_velocity,dbscan_kmeans_fallback,False
1030,340,13.0999798184,11.8800075101,0.00042093021999995984,-0.0004057216599999691,0.00042513952200000203,-0.0004104948559999855,0.0003964883047196114,-0.0006440457067125471,0.7199818206073789,-0.6939682768004959,6,6,instant_velocity,dbscan_kmeans_fallback,False
1030,341,11.5225438218,12.3814317493,-0.0034305812800001336,0.005966494990000015,-0.014362139080000027,0.0034319279199999998,-0.011541078220359062,0.004706126861639625,-0.4984536560738132,0.8669146710062737,6,6,instant_velocity,dbscan_kmeans_fallback,False
1040,4,14.3101541988,8.10345483947,0.025676743379999856,0.009331598169000088,0.029216766517999985,0.010329196131600007,0.028193532919139,0.00982440623152844,0.9398565380526086,0.3415683764805587,0,0,instant_velocity,dbscan_kmeans_fallback,False
1040,38,0.147325576738,7.35501770757,-0.0420930219251,-0.0042004124750000035,-0.03497930121984,-0.008076247622199996,-0.03540997644917425,-0.006848080325620436,-0.9950577400088155,-0.09929562557697999,1,1,instant_velocity,dbscan_kmeans_fallback,False
1040,39,0.245191852714,8.02732236336,-0.034663603555299995,-0.00842469093000009,-0.028054999113119997,-0.0026491237768000177,-0.029674059171794415,-0.004515297261696213,-0.9717123549814818,-0.236166336558792,1,1,instant_velocity,dbscan_kmeans_fallback,False
1040,42,2.32921736823,13.2694848641,-0.026644882877999976,0.023865979970000062,-0.025950348016799997,0.029517444030000027,-0.024987009199774188,0.029770834998479535,-0.7448822850730259,0.6671954902920225,2,2,instant_velocity,dbscan_kmeans_fallback,False
1040,44,2.57377782561,12.5262982478,-0.03607371978999998,0.020453144839999916,-0.0328914873322,0.024419670708000007,-0.03237084383386847,0.023912186139058062,-0.8699043423000362,0.49321998434272135,2,2,instant_velocity,dbscan_kmeans_fallback,False
1040,45,6.45328119134,6.51230995478,-0.02698162705399998,-0.0022434021169999594,-0.024001441101599994,-0.0009641855907999996,-0.02350064782344021,-0.0004073993884138574,-0.9965608604044941,-0.08285959699451506,3,3,instant_velocity,dbscan_kmeans_fallback,False
1040,46,6.7542462981,6.95239862545,-0.020646627255000015,-0.0018376804579999905,-0.020827627248600003,-0.0010930618827999972,-0.021581590795490505,0.0009226269207564847,-0.9960618370668819,-0.08865580563499054,3,3,instant_velocity,dbscan_kmeans_fallback,False
1040,47,6.88999629381,7.44618575106,-0.023677324832999957,0.0,-0.02592930150579999,0.004147907319000002,-0.025207993791897906,0.0033209439940022133,-0.999999577655168,0.0,3,3,instant_velocity,dbscan_kmeans_fallback,False
1040,48,7.31408348971,4.15339649441,-0.03716813836000003,0.0042004124750000035,-0.0350803244724,0.0037803712273999945,-0.03477750844625088,0.004409621941133788,-0.9936745021532073,0.11229625585513844,4,4,instant_velocity,dbscan_kmeans_fallback,False
1040,49,7.64788115357,4.8328609442,-0.03388488264999996,0.005345979514000021,-0.033114580348600015,0.007503464103000006,-0.03287382824186515,0.007336217265659287,-0.9877818239112045,0.15584121832367867,4,4,instant_velocity,dbscan_kmeans_fallback,False
1040,50,10.1000101458,9.08506259569,-0.033905929159999994,0.003985618654999889,-0.030521650198000003,0.0010835154906,-0.03159822451994773,0.0005602754264654868,-0.9931615738331556,0.11674545998781517,-1,-1,instant_velocity,dbscan_kmeans_fallback,False
1040,51,11.2295763892,1.50403405779,-0.00435662777000001,-0.00229113407799999,-0.004310325444000007,-0.0027970928528000005,-0.009711892006723616,-0.0022886895242916283,-0.8850694268965745,-0.4654546664101758,-1,-1,instant_velocity,dbscan_kmeans_fallback,False
1040,75,14.2870030367,8.59413938768,0.027591975870000063,0.009856649728000022,0.029814487430000015,0.0052982475536,0.029302048617524414,0.006635142057300059,0.9417159382766909,0.33640809888357626,0,0,instant_velocity,dbscan_kmeans_fallback,False
1040,83,3.46088826268,3.69827225636,-0.051458719303999964,0.01677778392000002,-0.0445891381254,0.0287394130816,-0.0411392576043917,0.025950811280659184,-0.9507418246061475,0.3099832470123014,-1,-1,instant_velocity,dbscan_kmeans_fallback,False
1040,87,11.7502670704,8.21443164634,0.028854766529999944,0.01150340234599998,0.034002743112,0.005293474357599983,0.03314477025190356,0.00792544467214339,0.9289032058505552,0.37032173891542486,0,0,instant_velocity,dbscan_kmeans_fallback,False
1040,88,13.7145379385,6.20921200914,0.05524709126999987,-0.003961752675999986,0.06040348646199998,0.002424783564999995,0.05933061721231399,0.0009884154302711836,0.9974385527951104,-0.07152602544031801,-1,-1,instant_velocity,dbscan_kmeans_fallback,False
1040,89,7.07520559028,8.21777288353,0.038241510419000056,0.013150154963999938,0.0415079289204,0.01092584563079999,0.04055411865270271,0.010327204717642667,0.9456511184432607,0.32518220679981974,5,5,instant_velocity,dbscan_kmeans_fallback,False
1040,90,6.54820095578,7.62780585864,0.027739301448999942,0.02319773253200008,0.02797081306919999,0.013713392091600003,0.028996084266426383,0.015224844179230852,0.7671094621323089,0.6415157987315971,5,5,instant_velocity,dbscan_kmeans_fallback,False
1040,91,6.73804048466,5.45982023804,0.05017488213499997,0.01009530952699995,0.052090114632199994,0.00346534029179999,0.04979672678011121,0.003562440025213433,0.9803531305624782,0.1972494578495061,-1,-1,instant_velocity,dbscan_kmeans_fallback,False
1040,92,3.43689524018,7.53448987695,0.03657883605200003,0.004128814535000025,0.025933510808000007,0.001403319622200012,0.02727166572187277,0.0016836621421759254,0.9936896460822293,0.11216213244704956,-1,-1,instant_velocity,dbscan_kmeans_fallback,False
1040,93,4.15142428736,6.81970377681,0.05337395180100004,0.01789948497799996,0.0441176962796,0.013670433327599998,0.04443079680891327,0.013591950252969512,0.9481051241571344,0.31795647230110935,-1,-1,instant_velocity,dbscan_kmeans_fallback,False
1040,94,2.34731736765,4.40685320171,0.03333767336400002,0.004439072274999933,0.02916204558964,0.0030834846123999958,0.02658875499065165,0.0034281047808732076,0.9912507706490163,0.13198982920961716,6,6,instant_velocity,dbscan_kmeans_fallback,False
1040,95,2.08360458529,5.06746352732,0.02590825499499998,0.004892525894999977,0.028488557238859995,0.0044008867067999976,0.02438668940300185,0.0040260204659689075,0.9826324132418213,0.18556072294254228,6,6,instant_velocity,dbscan_kmeans_fallback,False
1040,221,8.71599158492,5.55170426093,0.039167556900999934,-0.008902010529999949,0.03499192912639998,-0.014434144686800003,0.036144949499018364,-0.012579873856346131,0.9751310362656559,-0.22162798601168351,-1,-1,instant_velocity,dbscan_kmeans_fallback,False
1040,222,13.2180507449,11.5315642026,-0.0011575581100000676,-0.0003579896999999832,-0.0011533488020000248,-0.0003627628939999994,-0.0010137156286612785,-0.00034709731081559477,-0.9553484041380741,-0.29545375358549547,7,7,instant_velocity,dbscan_kmeans_fallback,False
1040,223,13.2224705122,8.96764197423,0.0036410463899999358,-0.009641855908999908,0.008027139279999993,-0.007322082655200006,0.007069692289915176,-0.009161065441475354,0.3532785902007636,-0.9355171282095225,8,8,instant_velocity,dbscan_kmeans_fallback,False
1040,224,13.0444170295,8.55308990213,0.013785464679999925,-0.02467742329,0.011344069409999982,-0.020543835559399995,0.011360880946121966,-0.02140198215326844,0.4876901588632377,-0.8730163809491207,8,8,instant_velocity,dbscan_kmeans_fallback,False
1040,225,12.9423414513,9.57097394791,-0.005093255649999939,-0.020978196395000027,-0.006461278865999986,-0.01628137153579999,-0.0038869793673893616,-0.01692012610928226,-0.23593382662016332,-0.9717686468500223,8,8,instant_velocity,dbscan_kmeans_fallback,False
1040,226,13.648241429,9.06382187352,0.007197906750000094,-0.011598866265999952,0.008123953232000006,-0.013255165275999979,0.008059114293979649,-0.01315507534141374,0.5272889903450356,-0.8496851508316815,8,8,instant_velocity,dbscan_kmeans_fallback,False
1040,227,8.43712531467,6.13164757424,-0.007892441611000046,-0.045727217625000004,-0.002736046425000005,-0.0464097846522,-0.0052171668330146526,-0.04557563155399852,-0.17008348006388016,-0.9854294387757813,-1,-1,instant_velocity,dbscan_kmeans_fallback,False
1040,228,8.58402996119,8.84664145578,-0.0030096510670000855,-0.04345994952799988,-0.008422813687200019,-0.03769392876639998,-0.00873835142516967,-0.036477804165237465,-0.06908566488356485,-0.9976105010541265,-1,-1,instant_velocity,dbscan_kmeans_fallback,False
1040,229,5.72465098181,1.40809281831,0.025087441066999984,0.04221891856940001,0.018579859877599993,0.027140392423426002,0.018693296648605112,0.028705878668481472,0.5108390872704004,0.8596761132367934,9,9,instant_velocity,dbscan_kmeans_fallback,False
1040,230,5.19617309154,1.86154643776,0.017931627340000044,0.031813351301000006,0.0205371853972,0.025875495484839996,0.017433315866788174,0.026196058785300486,0.4910226066232828,0.8711465158766337,9,9,instant_velocity,dbscan_kmeans_fallback,False
1040,232,12.6603182044,2.79327429585,0.05173232393999996,-0.001002371158000015,0.04400404511999998,-0.005231422809600001,0.04568482818888329,-0.006115315305191934,0.9998121428057797,-0.01937246926175315,10,10,instant_velocity,dbscan_kmeans_fallback,False
1040,233,12.444591467,1.86154643776,0.05512081221000002,-0.007947371331000009,0.045704603206000026,-0.010706278615200002,0.047245573507797914,-0.010615918653902611,0.9897650463474761,-0.14270526935996,10,10,instant_velocity,dbscan_kmeans_fallback,False
1040,234,14.5509262842,0.951059301858,0.07170546284999997,0.0008830412589000081,0.06921776525399999,-0.002491608309040001,0.06870624187004465,-0.005796204659634157,0.9999240415507435,0.012313903981101671,-1,-1,instant_velocity,dbscan_kmeans_fallback,False
1040,235,13.0141100537,7.62255534305,0.047038951999999946,-0.022601083032999993,0.043355812581999977,-0.02494472226600001,0.043468195294703915,-0.021876759641745243,0.9013554728657706,-0.43307958656239354,11,11,instant_velocity,dbscan_kmeans_fallback,False
1040,300,3.86203476163,8.73494866951,-0.032453719904000033,-0.001980876338000037,-0.0363557430366,0.002448649545000023,-0.03439754918713816,0.0022942731505081896,-0.9981421265718259,-0.06092355903532253,1,1,instant_velocity,dbscan_kmeans_fallback,False
1040,301,3.2405312929,8.09534040628,-0.034368952401999976,-0.0047731959940000126,-0.03370388265559999,-0.0006873402232000103,-0.033973148014208386,-0.0011382607117958999,-0.9904930464670234,-0.13756070846099303,1,1,instant_velocity,dbscan_kmeans_fallback,False
1040,308,12.30631589,11.4012559519,-0.006608604439999865,0.013317216819999977,-0.017157115738000002,0.012095278649999984,-0.014538486515132794,0.012666422330386272,-0.444520501382903,0.8957679267381511,7,7,instant_velocity,dbscan_kmeans_fallback,False
1040,309,12.5698182073,11.7709399817,-0.002188837139999933,0.011527268330000062,-0.012105953105999987,0.012577371446000001,-0.011649842298397486,0.012289522344942995,-0.18654994327040036,0.9824446112168309,7,7,instant_velocity,dbscan_kmeans_fallback,False
1040,312,14.4686344263,11.5912291525,0.001494302279999893,0.00250592790000006,0.001317511586000002,0.0009546392000000025,0.001298706951032279,0.0009665833019066563,0.5121598168819854,0.8588861782259885,7,7,instant_velocity,dbscan_kmeans_fallback,False
1040,316,12.5552961147,6.56195119312,0.04945930076000007,-0.020286082976000052,0.035627533758000034,-0.007412773379200015,0.037362301717235785,-0.00880583066428247,0.9252007092096068,-0.3794776324791728,11,11,instant_velocity,dbscan_kmeans_fallback,False
1040,317,11.6667124219,3.37297894935,0.025192673619999974,-0.025035412989999985,0.02497378990799998,-0.02959381516439999,0.02518561756119632,-0.025878336629453057,0.7093170067917253,-0.7048892258804837,-1,-1,instant_velocity,dbscan_kmeans_fallback,False
1040,318,6.47601142318,9.0752775439,-0.04377674280199999,-0.014295722003000045,-0.0458687659918,-0.017259876715400004,-0.041703942960824816,-0.0158008054686576,-0.9505970779917695,-0.3104267401825437,12,12,instant_velocity,dbscan_kmeans_fallback,False
1040,319,6.11295910907,9.76237910728,-0.04480802183999995,-0.012744433305000058,-0.047198905484599984,-0.013221752904400006,-0.04327582901923657,-0.012267539577734247,-0.9618511301597653,-0.27357261209681805,12,12,instant_velocity,dbscan_kmeans_fallback,False
1040,340,13.1041891206,11.8757116337,0.00042093021999995984,-0.0004295876400000509,0.0004251395219999665,-0.00041526805200000185,0.00040382087930371593,-0.0005797082866987982,0.6998612491965112,-0.714255541856428,7,7,instant_velocity,dbscan_kmeans_fallback,False
1040,341,11.5669519599,12.4084003067,0.004440813810000143,0.0026968557400000037,-0.011621883353999997,0.007026144504000023,-0.006746510611251299,0.004103345525147739,0.8547305916892726,0.5190681710546068,7,7,instant_velocity,dbscan_kmeans_fallback,False
1050,4,14.5667111674,8.19653216136,0.02565569686,0.009307732189000006,0.027671952613999976,0.009890062100200013,0.0274321821013973,0.009669404018769909,0.9400471475901109,0.34104343930114994,0,0,instant_velocity,dbscan_kmeans_fallback,False
1050,42,2.06255807433,13.5081446638,-0.02666592939000001,0.023865979969999885,-0.026186068939600002,0.027632031611999997,-0.025490685256841936,0.02799937848993564,-0.7451440280829851,0.6669031552923327,1,1,instant_velocity,dbscan_kmeans_fallback,False
1050,44,2.24818830102,12.7585142329,-0.03255895245900002,0.023221598509999986,-0.03617895234460001,0.022858835615999985,-0.032427276421407934,0.02370500985034064,-0.8141445905107088,0.5806617652621087,1,1,instant_velocity,dbscan_kmeans_fallback,False
1050,45,6.18367538591,6.49011459341,-0.026960580543000035,-0.0022195361369999667,-0.02579460383560001,-0.0017947216937999856,-0.024538627639308155,-0.0009510404129896903,-0.9966280378466701,-0.08204763772130216,2,2,instant_velocity,dbscan_kmeans_fallback,False
1050,46,6.49874165502,6.94500017166,-0.02555046430800001,-0.0007398453789999593,-0.02162318536280001,-0.0016133402459999858,-0.022772252849243356,0.00042388523082955137,-0.9995806404745786,-0.02894409701828329,2,2,instant_velocity,dbscan_kmeans_fallback,False
1050,47,6.64417304577,7.44618575106,-0.024582324804000067,0.0,-0.02503692944100001,0.0021718041773999986,-0.025020293095528553,0.0023246607958015493,-0.9999995932038156,0.0,2,2,instant_velocity,dbscan_kmeans_fallback,False
1050,48,6.9203032696,4.21497072274,-0.039378022011000005,0.006157422833000048,-0.03652411512440001,0.003952206283200006,-0.03615766251567562,0.004933962208693666,-0.9879941493814194,0.1544896727563468,2,2,instant_velocity,dbscan_kmeans_fallback,False
1050,49,7.29914046692,4.86269341916,-0.03487406866500002,0.0029832474960000076,-0.03361969661160002,0.0061192372646000056,-0.03347390036880561,0.006030326334761502,-0.9963608350037858,0.08523212461070374,2,2,instant_velocity,dbscan_kmeans_fallback,False
1050,50,9.76095085421,9.12468012244,-0.03390592915900008,0.003961752674999985,-0.031174092037799993,0.001966556749599988,-0.032290535911663434,0.0015807186010258366,-0.9932423967169075,0.11605582916379371,-1,-1,instant_velocity,dbscan_kmeans_fallback,False
1050,51,11.1830636,1.50642065579,-0.004651278919999946,0.00023865979999999621,-0.004381883581999979,-0.0021622577854000014,-0.008193708080706515,-0.0015304847270041408,-0.9986840617295069,0.05124305433731133,-1,-1,instant_velocity,dbscan_kmeans_fallback,False
1050,75,14.5401925636,8.70416155535,0.025318952689999997,0.01100221676699995,0.028564324678000012,0.0071597939914000005,0.02810711983926709,0.007945264470210026,0.917149490994419,0.39854245281044715,0,0,instant_velocity,dbscan_kmeans_fallback,False
1050,83,2.94651153476,3.86628875536,-0.051437672792000025,0.016801649899999972,-0.04996862632720001,0.021875557241799994,-0.0442287821606742,0.02320606286646142,-0.9505743301578089,0.31049649473493396,-1,-1,instant_velocity,dbscan_kmeans_fallback,False
1050,87,12.0386042706,8.32922701,0.028833720020000085,0.011479536366000076,0.032436882696,0.006911587799800003,0.03185145518233251,0.008991672180300395,0.9290746372630652,0.3698914353677509,0,0,instant_velocity,dbscan_kmeans_fallback,False
1050,88,14.2611158282,6.1621960286,0.054657788969999996,-0.004701598053999945,0.058429323734,-1.9092783999994366e-05,0.05792876873961979,-0.0007185886150101551,0.996320605390097,-0.08570231448683731,-1,-1,instant_velocity,dbscan_kmeans_fallback,False
1050,89,7.4188951143,8.32922701,0.03436895240199993,0.011145412647000086,0.039807370834599995,0.013331536412000008,0.03869856877749188,0.010572667096449892,0.9512329076326901,0.3084726922999005,-1,-1,instant_velocity,dbscan_kmeans_fallback,False
1050,90,6.83190792355,7.85596462717,0.02837069677700006,0.022815876852999926,0.02707844100440001,0.018467495301799985,0.028808468019598486,0.017502153981361575,0.779267312765194,0.6266912365026123,-1,-1,instant_velocity,dbscan_kmeans_fallback,False
1050,91,7.23999977112,5.56077333332,0.050195928646,0.01009530952800004,0.05184176580299999,0.005618051685200012,0.049916487339877844,0.005522300876049415,0.9803691205279547,0.19716996956508268,-1,-1,instant_velocity,dbscan_kmeans_fallback,False
1050,92,3.81804755372,7.5795965791,0.03811523135399999,0.004510670215000001,0.028619045607,0.0021240722174000128,0.030524735411510934,0.002531764564023148,0.993069915445586,0.1175228571331467,-1,-1,instant_velocity,dbscan_kmeans_fallback,False
1050,93,4.68053357296,7.04738522574,0.05291092855999997,0.022768144893000032,0.047215742693399995,0.01609999008880001,0.04697483633423928,0.01634480864497867,0.9185653865371293,0.3952686218813158,-1,-1,instant_velocity,dbscan_kmeans_fallback,False
1050,94,2.82402084096,4.36461041716,0.04767034733099997,-0.004224278454999997,0.0334344873152,0.0025393402689999965,0.032913232692756145,0.001132389810111246,0.9960965102823489,-0.08826847847928493,-1,-1,instant_velocity,dbscan_kmeans_fallback,False
1050,95,2.34268713524,5.11638878626,0.025908254995,0.004892525893999977,0.027410975877599997,0.0046061341345999905,0.024843159080601297,0.004285972094378228,0.9826324132487368,0.1855607229059207,-1,-1,instant_velocity,dbscan_kmeans_fallback,False
1050,221,9.14555087367,5.52187178597,0.042955928875000104,-0.0029832474960000076,0.0372691616126,-0.011279062134399992,0.038188243311812885,-0.009700885948242295,0.9975968732823985,-0.06928213292505934,-1,-1,instant_velocity,dbscan_kmeans_fallback,False
1050,222,13.2064751639,11.5277456458,-0.0011575580999998892,-0.000381855680000065,-0.0011533487999999892,-0.00036753609000001575,-0.0010568683700628617,-0.0003575248215709358,-0.9496546649819749,-0.3132724205048202,3,3,instant_velocity,dbscan_kmeans_fallback,False
1050,223,13.2588809762,8.87122341515,0.003641046400000114,-0.009641855907999996,0.006840116064000022,-0.007947371330399982,0.006041098522940658,-0.009305302581432747,0.3532785910820147,-0.9355171278767366,4,4,instant_velocity,dbscan_kmeans_fallback,False
1050,224,13.1822716763,8.30607700943,0.013785464679999925,-0.024701289270000083,0.012105953105999987,-0.021842144869800004,0.012088256066285354,-0.02239177428828793,0.48733090763149844,-0.873216971574541,-1,-1,instant_velocity,dbscan_kmeans_fallback,False
1050,225,12.903405406,9.38553528353,-0.003893604530000161,-0.018543866437999944,-0.005674139356000012,-0.017675144767400005,-0.0038889669161726015,-0.017407248207897567,-0.20548642280141033,-0.9786594272458332,4,4,instant_velocity,dbscan_kmeans_fallback,False
1050,226,13.7105391014,8.95761826264,0.006229767239999973,-0.010620361087999974,0.00759779045600002,-0.011999814729599975,0.007510310177785745,-0.01239466106538961,0.5059631677643608,-0.8625541423736793,4,4,instant_velocity,dbscan_kmeans_fallback,False
1050,227,8.35820089856,5.67413673819,-0.007892441611000046,-0.045751083605,-0.004154581264000008,-0.04546469184540001,-0.00601974926641027,-0.045628267169298964,-0.16999732099277098,-0.985444305920028,-1,-1,instant_velocity,dbscan_kmeans_fallback,False
1050,228,8.55393345051,8.4118033007,-0.0030096510679999966,-0.04348381550799996,-0.006010883530999997,-0.04134065050599997,-0.007019741318018768,-0.038579607568066214,-0.06904792825157341,-0.9976131137674594,-1,-1,instant_velocity,dbscan_kmeans_fallback,False
1050,229,6.02414283281,1.90378922231,0.029949185099999998,0.04956964039999998,0.022267208598400003,0.03489206271802,0.02207006318402358,0.034965007187937026,0.5171264379186284,0.855908816329007,5,5,instant_velocity,dbscan_kmeans_fallback,False
1050,230,5.43463006075,2.27180263347,0.02384569692099996,0.04102561957100002,0.021185417934800003,0.029632000732380002,0.01935703018305171,0.030644927021010345,0.5025194303239422,0.8645656716935733,5,5,instant_velocity,dbscan_kmeans_fallback,False
1050,232,12.9286612192,2.80258202804,0.0268343014800001,0.0009307732189999917,0.04188676611800002,-0.0032791856480000004,0.040029670176218335,-0.004001488747934355,0.9993986125168435,0.0346650895433118,-1,-1,instant_velocity,dbscan_kmeans_fallback,False
1050,233,12.9480240093,1.7484216927,0.05034325422999988,-0.011312474505999991,0.04895839380199998,-0.0093315981688,0.048174877724458505,-0.010824885409531824,0.9756707803464268,-0.21923991600727513,-1,-1,instant_velocity,dbscan_kmeans_fallback,False
1050,235,13.4899716666,7.39439657452,0.04758616129000011,-0.022815876853000017,0.044403928830000015,-0.023546175839800013,0.04470358509329277,-0.022158494805121675,0.9017111621341867,-0.4323385260443875,6,6,instant_velocity,dbscan_kmeans_fallback,False
1050,300,3.53749756259,8.71513990614,-0.03245371990399999,-0.001980876337000126,-0.034794091923199995,0.0016372062261999787,-0.03381440040219671,0.0010117283042556948,-0.9981421265736959,-0.060923559004683624,7,7,instant_velocity,dbscan_kmeans_fallback,False
1050,301,2.89663130378,8.04760844634,-0.03438999891200001,-0.0047731959940000126,-0.0338806733474,-0.001995195925600015,-0.034098203283545875,-0.002228741296457134,-0.9905045139878269,-0.13747811363134083,7,7,instant_velocity,dbscan_kmeans_fallback,False
1050,308,12.2770612398,11.4874121396,-0.0029254650200000397,0.008615618770000033,-0.01132723219999999,0.011999814730000011,-0.011054580066592967,0.011451181262270401,-0.3215235217817469,0.9469004313233236,3,3,instant_velocity,dbscan_kmeans_fallback,False
1050,309,12.548140301,11.8859740051,-0.002167790630000077,0.011503402339999979,-0.008330209038000014,0.01351769105599999,-0.008805226797878263,0.01205368634346009,-0.18518805367717928,0.9827022317233792,3,3,instant_velocity,dbscan_kmeans_fallback,False
1050,312,14.483366984,11.6165270913,0.001473255770000037,0.002529793879999964,0.001422744141999992,0.0019951959260000153,0.0013510715967226064,0.0014355464753346486,0.5032428933263824,0.8641410525006971,3,3,instant_velocity,dbscan_kmeans_fallback,False
1050,316,12.9835926128,6.31255170242,0.042829649809999995,-0.024939949069999922,0.038153115072000005,-0.0105344435594,0.03900250614506505,-0.013646066185997705,0.8641649802663794,-0.5032081908568141,6,6,instant_velocity,dbscan_kmeans_fallback,False
1050,317,11.9474728781,3.21403152274,0.028076045619999945,-0.015894742661000015,0.026063999175999976,-0.0279375161544,0.02605274597883741,-0.022883258438917142,0.8702214867029748,-0.4926600695990983,-1,-1,instant_velocity,dbscan_kmeans_fallback,False
1050,318,6.09149166789,8.97146053103,-0.03845197552900004,-0.010381701286999955,-0.04443760324640001,-0.015555845745199975,-0.04072835273127738,-0.014175074214160307,-0.9654309385097813,-0.26065801506810693,8,8,instant_velocity,dbscan_kmeans_fallback,False
1050,319,5.7111812148,9.62133116565,-0.04017778942700003,-0.014104794162999923,-0.04594032412899999,-0.013059464241000001,-0.04234641714156561,-0.01281871595331395,-0.9435460118327815,-0.33124077929676643,8,8,instant_velocity,dbscan_kmeans_fallback,False
1050,340,13.1083984228,11.8716544171,0.0004209302200001375,-0.0004057216599999691,0.00042513952200000203,-0.0004104948559999855,0.0004089536815126424,-0.0005275122986891495,0.7199818206075252,-0.693968276800344,3,3,instant_velocity,dbscan_kmeans_fallback,False
1050,341,11.611360098,12.4351302043,0.0044408138099999665,0.002672989759999922,-0.007627255573999996,0.007723031119999994,-0.0033903132848759196,0.0036742387956033937,0.8567668097728366,0.5157002763938465,3,3,instant_velocity,dbscan_kmeans_fallback,False
1060,4,14.8398948797,8.26956206007,0.027318371229999982,0.007302989870999888,0.026459673582,0.009045206409199978,0.027398038839978104,0.008959479774438903,0.9660751374541352,0.2582597946287729,0,0,instant_velocity,dbscan_kmeans_fallback,False
1060,44,1.97584644916,13.0322570232,-0.02723418518599998,0.027374279030000004,-0.0343563244954,0.02341729954799998,-0.030869349050785547,0.02480579060423845,-0.705290249202017,0.7089182932015575,-1,-1,instant_velocity,dbscan_kmeans_fallback,False
1060,45,5.91406958048,6.46768057223,-0.026960580543000035,-0.0022434021180000483,-0.026211324752800014,-0.0019522371618000101,-0.02526521351041572,-0.0013387489244927977,-0.9965555168519911,-0.08292383591832014,1,1,instant_velocity,dbscan_kmeans_fallback,False
1060,46,6.21019398972,6.94500017166,-0.02885476653000003,0.0,-0.0232690225202,-0.0012505773505999862,-0.024597006953470356,0.00029671966158068594,-0.9999996534369278,0.0,1,1,instant_velocity,dbscan_kmeans_fallback,False
1060,47,6.39414049553,7.44618575106,-0.025003255023999936,0.0,-0.02423295272239999,0.00019570103579999554,-0.025015181674069967,0.0016272625570610845,-0.9999996000522335,0.0,1,1,instant_velocity,dbscan_kmeans_fallback,False
1060,48,6.52652304949,4.27654495107,-0.039378022011000005,0.006157422832999959,-0.037471208117600005,0.004458165058799999,-0.03712377036427294,0.0053010003959855535,-0.9879941493814197,0.15448967275634462,1,1,instant_velocity,dbscan_kmeans_fallback,False
1060,49,6.95061024538,4.89252589413,-0.03485302215399999,0.0029832474970000076,-0.0340322082266,0.005035721774000006,-0.03388763690436392,0.0051162026834330535,-0.9963564627170619,0.08528321906739798,1,1,instant_velocity,dbscan_kmeans_fallback,False
1060,50,9.42189156261,9.164536309,-0.033905929159999994,0.003985618656000156,-0.03208330131179998,0.0026395773850000025,-0.0327751538861644,0.0023021886175181323,-0.9931615738297583,0.1167454600167153,-1,-1,instant_velocity,dbscan_kmeans_fallback,False
1060,51,11.1363403456,1.50856859399,-0.004672325439999981,0.00021479382000000324,-0.0044534417199999865,-0.0015369691101999993,-0.007137293288494555,-0.0010069011629028975,-0.9989428466864487,0.04592290343573773,-1,-1,instant_velocity,dbscan_kmeans_fallback,False
1060,52,15.174534404,5.6662609648,0.0,0.0,0.0,0.0,0.0,0.0,0.0,0.0,-1,-1,instant_velocity,dbscan_kmeans_fallback,False
1060,75,14.740555348,8.84067496079,0.020036278439999933,0.013651340544000056,0.026257627077999997,0.009546391988600007,0.025685867419486943,0.009657087292347035,0.8264142947088419,0.5630617981919033,0,0,instant_velocity,dbscan_kmeans_fallback,False
1060,83,2.57988131379,3.85077586838,-0.03666302209699999,-0.0015512886979999862,-0.04765351012139999,0.015999752972800003,-0.04195905414157194,0.015778857397122995,-0.9991057718722302,-0.04227424263911857,-1,-1,instant_velocity,dbscan_kmeans_fallback,False
1060,87,12.2107647303,8.48101464262,0.017216045969999882,0.015178763261999961,0.028551696771999993,0.009641855908399997,0.02746083241863272,0.010847799504810265,0.7500939482690169,0.6613306263746187,0,0,instant_velocity,dbscan_kmeans_fallback,False
1060,88,14.7942239509,6.09847386208,0.05331081226999999,-0.006372216652000074,0.056606695883999976,-0.0022815876852000016,0.05654338179873385,-0.002414677026107131,0.9929318076549902,-0.11868467820364097,2,2,instant_velocity,dbscan_kmeans_fallback,False
1060,89,7.76258463832,8.44068113647,0.03436895240200002,0.011145412646999909,0.03823309181459999,0.013164474552199988,0.037399683864844324,0.010744490761614897,0.9512329076326919,0.3084726922998953,3,3,instant_velocity,dbscan_kmeans_fallback,False
1060,90,7.10424977541,8.00274040399,0.02723418518599994,0.01467757768200002,0.025958766621199985,0.021593938678000003,0.02833618316951892,0.01665478109155311,0.8802951281770407,0.47442580120027494,3,3,instant_velocity,dbscan_kmeans_fallback,False
1060,91,7.79247068389,5.68010323318,0.055247091277000046,0.011932989985999943,0.05216588207180001,0.007851907410599991,0.0515156685210145,0.007445507609034573,0.9774590201905516,0.21112439460708804,-1,-1,instant_velocity,dbscan_kmeans_fallback,False
1060,92,4.19898940214,7.62494194104,0.03809418484199996,0.004534536193999994,0.03167920830079999,0.0028973299684000153,0.03279557024065764,0.003132596053016202,0.9929895017681641,0.11820037243756297,-1,-1,instant_velocity,dbscan_kmeans_fallback,False
1060,93,5.19933006819,7.38819141973,0.05187964952300002,0.03408061939899998,0.0501075332996,0.02079681494700001,0.048446280290867505,0.021665551871185063,0.8357920026393832,0.5490459052938039,-1,-1,instant_velocity,dbscan_kmeans_fallback,False
1060,94,3.30051384915,4.32260629241,0.047649300819000026,-0.0042004124750000035,0.0376353709032,0.001832907261799992,0.03733405313062931,-0.0004674508754221291,0.996136845653494,-0.08781210975548369,4,4,instant_velocity,dbscan_kmeans_fallback,False
1060,95,2.67564293867,5.04765476394,0.033295580342999995,-0.0068734022320000145,0.027815068888199998,0.002458195937000003,0.027378885459320906,0.0009381597964647549,0.9793495485630318,-0.20217288011369836,4,4,instant_velocity,dbscan_kmeans_fallback,False
1060,221,9.57532062752,5.49203931101,0.04297697538499996,-0.0029832474960000076,0.039550603400799994,-0.0081239795822,0.03962486293376901,-0.007685594412569608,0.9975992178249317,-0.06924836710650703,-1,-1,instant_velocity,dbscan_kmeans_fallback,False
1060,222,13.1948995829,11.5241657488,-0.0011575581000000668,-0.0003579896999999832,-0.0011533487999999892,-0.0003627628939999994,-0.0010870752890440232,-0.00035766428509965,-0.9553484034175597,-0.29545375591505546,5,5,instant_velocity,dbscan_kmeans_fallback,False
1060,223,13.2952914402,8.77480485606,0.0036410463999999366,-0.009641855909000085,0.005657302147999985,-0.008577433201800027,0.005321082886058441,-0.00940626857970295,0.35327859104992965,-0.935517127888853,6,6,instant_velocity,dbscan_kmeans_fallback,False
1060,224,13.3171798116,8.19796412016,0.013490813530000168,-0.010811288927000007,0.012808906572000005,-0.020362454111400013,0.012509023305399797,-0.01891762867990155,0.7803421912153342,-0.625351827182001,6,6,instant_velocity,dbscan_kmeans_fallback,False
1060,225,12.9132972662,9.29651517824,0.0009891860200001545,-0.008902010529000037,-0.003914651037999981,-0.017135773619199986,-0.0024255210353207744,-0.014855676904228308,0.11043953510812178,-0.9938817214078861,6,6,instant_velocity,dbscan_kmeans_fallback,False
1060,226,13.773047239,8.85165331157,0.0062508137600000065,-0.010596495106999981,0.007210534656000007,-0.01159886626619997,0.007132461252450023,-0.011855211277872722,0.5080810173700573,-0.8613083385996415,6,6,instant_velocity,dbscan_kmeans_fallback,False
1060,227,8.45817182563,5.16937126179,0.009997092707000022,-0.05047654763999994,-0.0018647208711999852,-0.04650524857219999,-0.0012146966743871819,-0.047082751310509256,0.19428044992736132,-0.9809458283219115,-1,-1,instant_velocity,dbscan_kmeans_fallback,False
1060,228,8.49773926624,7.95405380485,-0.005619418426999978,-0.04577494958500008,-0.0053331858780000015,-0.04265327940500001,-0.006599644450713131,-0.040738210173146376,-0.12184712998008915,-0.9925486603945953,-1,-1,instant_velocity,dbscan_kmeans_fallback,False
1060,229,6.32363468381,2.39948562632,0.029949185099999998,0.04956964040100002,0.025950348016800007,0.04264850620882,0.024433799758816505,0.03934639715185592,0.5171264379109857,0.8559088163336246,7,7,instant_velocity,dbscan_kmeans_fallback,False
1060,230,5.76211377133,2.81976553361,0.03274837105800001,0.05479629001399999,0.023058557410600002,0.0363478874962,0.0233744324455362,0.03789033591890724,0.5130043815764915,0.858385805557527,7,7,instant_velocity,dbscan_kmeans_fallback,False
1060,232,13.1690123744,2.81379903862,0.024035115519999907,0.0011217010580000242,0.03920964992399998,-0.001283989722400003,0.0352313037793528,-0.0024645318061540414,0.9989123506181107,0.046618500319054436,-1,-1,instant_velocity,dbscan_kmeans_fallback,False
1060,233,13.3801088793,1.5851783897,0.04320848700000006,-0.016324330300000002,0.04945509145999999,-0.010061897155800002,0.046684960507120975,-0.01247471887667228,0.9354638452476208,-0.3534217894167465,8,8,instant_velocity,dbscan_kmeans_fallback,False
1060,235,13.9572042099,7.27983987066,0.04672325432999998,-0.011455670385999994,0.04510688229399999,-0.019555783988599983,0.04530948586430493,-0.01894764747938517,0.9712334844351234,-0.23812833299137692,2,2,instant_velocity,dbscan_kmeans_fallback,False
1060,300,3.25442199014,8.65452031701,-0.028307557245000003,-0.006061958912999899,-0.032971464074,-0.0003675360915999803,-0.032162347455037696,-0.0011103778609209834,-0.9778299954261018,-0.2093986847706155,9,9,instant_velocity,dbscan_kmeans_fallback,False
1060,301,2.62176387061,8.00226308439,-0.027486743316999983,-0.004534536194999994,-0.032739952453199994,-0.0032696392561999943,-0.032114765293582107,-0.002920479766019992,-0.9866634132392319,-0.16277159167300911,9,9,instant_velocity,dbscan_kmeans_fallback,False
1060,308,12.2478065895,11.5735683273,-0.0029254650300000406,0.008615618770000033,-0.005497348664000015,0.011904350810000004,-0.008615845555615089,0.01060051251458929,-0.3215235227671808,0.9469004309887162,5,5,instant_velocity,dbscan_kmeans_fallback,False
1060,309,12.5437205337,12.0408642151,-0.00044197672999999325,0.015489020999999959,-0.005240581229999997,0.013546330229999981,-0.006296251777514782,0.01308428674042205,-0.028523211232892167,0.9995924848208824,5,5,instant_velocity,dbscan_kmeans_fallback,False
1060,312,14.4980995417,11.6415863702,0.001473255770000037,0.002505927890000059,0.001477465070000008,0.002510701092000005,0.0013877268487058354,0.0017566608997342718,0.5068089360134594,0.8620544195508913,5,5,instant_velocity,dbscan_kmeans_fallback,False
1060,316,13.2571972553,5.95456200285,0.027360464249999873,-0.03579896995700001,0.03747541741999999,-0.01706894887559999,0.03550989357654549,-0.0202919373172984,0.6072368214871396,-0.7945206093936212,-1,-1,instant_velocity,dbscan_kmeans_fallback,False
1060,317,12.2280228692,3.05484543633,0.02805499911000009,-0.01591860864100001,0.026413371257999998,-0.023484124291799996,0.02665342191818621,-0.020793863499542004,0.8697455130066502,-0.4934998708976471,8,8,instant_velocity,dbscan_kmeans_fallback,False
1060,318,5.69350214559,8.86788217795,-0.03979895222999996,-0.01035783530800014,-0.04327583584119999,-0.0138470415794,-0.040449532580894156,-0.013029902542312257,-0.9677623870005209,-0.25186400294911737,9,9,instant_velocity,dbscan_kmeans_fallback,False
1060,319,5.29614401862,9.46811157423,-0.041503719618000014,-0.015321959141999918,-0.044946928811600007,-0.013140608571399995,-0.042093607884495926,-0.01356968890991974,-0.9381145572312046,-0.3463244511264965,9,9,instant_velocity,dbscan_kmeans_fallback,False
1060,340,13.112607725,11.8675972006,0.00042093021999995984,-0.0004057216499999683,0.00042093021999999535,-0.00041049485399998533,0.0004125466430588377,-0.0004909751040823952,0.7199818291537163,-0.6939682679335044,5,5,instant_velocity,dbscan_kmeans_fallback,False
1060,341,11.6559787013,12.4620987616,0.00446186033,0.002696855730000003,-0.002374046435999979,0.005536907352,-0.001034661200413143,0.0033810238759223762,0.8558163873465202,0.5172760143398225,5,5,instant_velocity,dbscan_kmeans_fallback,False
1070,4,15.1240227777,8.32922701,0.028412789800000126,0.005966494993000104,0.02654385962599999,0.008243309482200001,0.027702464127984713,0.008061584340007262,0.9786544817593407,0.20551086698618354,0,0,instant_velocity,dbscan_kmeans_fallback,False
1070,44,1.70350459731,13.3059998134,-0.027234185185000002,0.027374279020000003,-0.0320875106134,0.024118959358000003,-0.02977879989104988,0.025576337128966915,-0.7052902493184867,0.708918293085684,-1,-1,instant_velocity,dbscan_kmeans_fallback,False
1070,45,5.62215447343,6.43689345807,-0.029191510704999944,-0.0030787114159999797,-0.027074231702200004,-0.0022768144892000033,-0.026443102668790984,-0.0018607376719449523,-0.9944840943867311,-0.10488424409958388,1,1,instant_velocity,dbscan_kmeans_fallback,False
1070,46,5.92185678953,6.94500017166,-0.028833720018999996,0.0,-0.024906441073200013,-0.0008830412589999881,-0.025868020873129248,0.00020770376310648013,-0.9999996531839621,0.0,1,1,instant_velocity,dbscan_kmeans_fallback,False
1070,47,6.14431841041,7.44618575106,-0.024982208511999993,0.0,-0.0243844876012,0.0,-0.025005289725448975,0.0011390837899427591,-0.9999995997152936,0.0,1,1,instant_velocity,dbscan_kmeans_fallback,False
1070,48,6.15610445655,4.36389443776,-0.037041859294000015,0.008734948668999997,-0.03773639415580002,0.005627598077199991,-0.03709919704319106,0.006331184877889887,-0.9733042173501762,0.22951770078269554,1,1,instant_velocity,dbscan_kmeans_fallback,False
1070,49,6.60439514005,4.93906455507,-0.03462151053299998,0.004653866093999958,-0.03430160356679998,0.004582268154599997,-0.03410779899295474,0.004977501706603125,-0.9910858018264308,0.13322297434043015,1,1,instant_velocity,dbscan_kmeans_fallback,False
1070,50,9.07251948063,9.17885589698,-0.03493720819800004,0.0014319587979999327,-0.03320297569539999,0.0027970928526000094,-0.033423770179715095,0.002041119671662672,-0.9991608186967171,0.04095224543532596,-1,-1,instant_velocity,dbscan_kmeans_fallback,False
1070,51,11.0898275564,1.51095519199,-0.004651278920000124,0.00023865979999999621,-0.004524999855999994,-0.0009021340428000002,-0.006391488977946226,-0.0006332328740320293,-0.998684061729507,0.05124305433730937,-1,-1,instant_velocity,dbscan_kmeans_fallback,False
1070,52,14.7536041847,5.80539962803,-0.042093021929999884,0.01391386632299998,-0.042093021929999884,0.01391386632299998,-0.012627906578999967,0.004174159896899995,-0.949472791995441,0.31384863569832483,-1,-1,instant_velocity,dbscan_kmeans_fallback,False
1070,75,14.9409181323,8.97694970642,0.02003627843000011,0.013627474562999887,0.024110882957999992,0.011603639461999968,0.023990990722640892,0.010848203473542891,0.8268723259866166,0.5623889500536905,0,0,instant_velocity,dbscan_kmeans_fallback,False
1070,83,2.21325109282,3.83550164119,-0.03666302209699999,-0.0015274227189999933,-0.04533839391559999,0.010123948703799996,-0.04037024452820035,0.010586973362286098,-0.9991330311292868,-0.04162500535314779,-1,-1,instant_velocity,dbscan_kmeans_fallback,False
1070,87,12.3829251899,8.63304093503,0.017216045960000058,0.015202629240999955,0.02466230154599998,0.01237212401699999,0.02438739648104292,0.012154248425667171,0.7495782574560521,0.6619150739778307,0,0,instant_velocity,dbscan_kmeans_fallback,False
1070,89,8.14142183564,8.48841309641,0.03788371973199993,0.0047731959940000126,0.037391231375999985,0.011083361098799998,0.037544894624991006,0.008953102331330431,0.9921555205650906,0.12500759665862624,2,2,instant_velocity,dbscan_kmeans_fallback,False
1070,90,7.36901488332,8.09510174648,0.026476510791000062,0.009236134248999939,0.026396534049200008,0.01925984583679998,0.027778281455963262,0.014429187038787157,0.944198268608681,0.3293765570313536,2,2,instant_velocity,dbscan_kmeans_fallback,False
1070,91,8.34494159665,5.79943313304,0.055247091275999874,0.011932989986000031,0.05248578903839998,0.010085763136000007,0.05263509534751012,0.008791752322124211,0.9774590201897626,0.21112439461074128,-1,-1,instant_velocity,dbscan_kmeans_fallback,False
1070,92,4.57993125056,7.68747080857,0.038094184842,0.006252886752999931,0.0347393709948,0.004019031027199986,0.03438515462106035,0.004068683263011321,0.9867945603711855,0.1619752374297931,2,2,instant_velocity,dbscan_kmeans_fallback,False
1070,93,5.71791609831,7.72923627352,0.05185860301199998,0.034104485378999974,0.052675207637199996,0.025350443925599996,0.04946997710720725,0.025397231923529537,0.8355132275057394,0.549470039615933,-1,-1,instant_velocity,dbscan_kmeans_fallback,False
1070,94,3.77721732245,4.28036350786,0.047670347329999974,-0.004224278454999997,0.041217487069,-0.0003245773276000108,0.04043494139044051,-0.0015944991492954895,0.996096510282186,-0.08826847848112214,3,3,instant_velocity,dbscan_kmeans_fallback,False
1070,95,3.04058943876,4.92832486408,0.036494650009000026,-0.011932989985999943,0.0295029990674,-0.0008257629069999872,0.030113614824224644,-0.0029231851382746548,0.9504793323667171,-0.31078693321445355,3,3,instant_velocity,dbscan_kmeans_fallback,False
1070,221,9.89101829196,5.59227642689,0.031569766444,0.010023711587999973,0.03883502202800001,-0.003250546472,0.03720833398683831,-0.002372802612398733,0.9531103651973257,0.30262192244019753,-1,-1,instant_velocity,dbscan_kmeans_fallback,False
1070,222,13.1833240018,11.5205858518,-0.00115755810999989,-0.0003579896999999832,-0.0011533488019999894,-0.0003627628939999994,-0.0011082201353307833,-0.00035776190956974993,-0.9553484041380613,-0.2954537535855369,4,4,instant_velocity,dbscan_kmeans_fallback,False
1070,223,13.3317019041,8.67838629698,0.0036410463899999358,-0.009641855907999996,0.0044702789279999775,-0.009202721877000003,0.004817071937240889,-0.009476944778192064,0.3532785902328279,-0.9355171281974141,4,4,instant_velocity,dbscan_kmeans_fallback,False
1070,224,13.4516670166,8.10512545807,0.013448720499999922,-0.009283866208999925,0.013507650736000016,-0.018577278809599987,0.012790932463779834,-0.016027499938631062,0.8229580519100507,-0.5681010657892823,4,4,instant_velocity,dbscan_kmeans_fallback,False
1070,225,12.9229786612,9.20773373274,0.0009681394999999426,-0.008878144550000045,-0.002428767365999995,-0.0156560828612,-0.001407422874724559,-0.013062417197959829,0.10840474649966937,-0.9941057144453183,4,4,instant_velocity,dbscan_kmeans_fallback,False
1070,226,13.8246111909,8.76382650528,0.00515639519000004,-0.008782680628999983,0.006604395140000001,-0.010839928102999998,0.006539641433715029,-0.010933452083210901,0.5062981837178083,-0.8623573420555137,4,4,instant_velocity,dbscan_kmeans_fallback,False
1070,227,8.63496251772,4.64431970242,0.017679069208999997,-0.052505155937000045,0.001961534821800015,-0.04795630015440001,0.004453433090628973,-0.04870947269845649,0.3191073115987045,-0.9477183984096503,-1,-1,instant_velocity,dbscan_kmeans_fallback,False
1070,228,8.43039043116,7.48628059741,-0.006734883508000067,-0.04677732074399996,-0.004874371939,-0.044166382534999986,-0.006640216167899211,-0.04254994334440245,-0.1425080223376842,-0.9897934331847835,-1,-1,instant_velocity,dbscan_kmeans_fallback,False
1070,229,6.61954862794,2.86057635937,0.02959139441300005,0.046109073304999984,0.02793713865160001,0.04593723824894,0.025981078155071568,0.04137519999779914,0.5401096124627173,0.841594463789033,5,5,instant_velocity,dbscan_kmeans_fallback,False
1070,230,6.0893870168,3.36772843376,0.03272732454699998,0.05479629001499999,0.025036929441199993,0.0428537536366,0.026180300075975334,0.042962122147735066,0.512761392424734,0.8585309785237716,5,5,instant_velocity,dbscan_kmeans_fallback,False
1070,232,13.398629809,2.89685264892,0.022961743459999972,0.008305361029999991,0.03545916166999998,0.001675391794000003,0.03155043568354696,0.0007664360446921689,0.9403751913467473,0.34013773742379705,-1,-1,instant_velocity,dbscan_kmeans_fallback,False
1070,233,13.830714679,1.49448766581,0.04506057996999999,-0.00906907238900001,0.048996277520000006,-0.0104437528354,0.04619764634598468,-0.0114530249303706,0.9803414408393888,-0.19730743587473157,-1,-1,instant_velocity,dbscan_kmeans_fallback,False
1070,235,14.4189646604,7.24141564291,0.04617604504999999,-0.0038424227750000206,0.04592348692000001,-0.016233639576400005,0.045569453620013446,-0.014416080068069624,0.9965555040036036,-0.08292584522968087,-1,-1,instant_velocity,dbscan_kmeans_fallback,False
1070,300,2.98165920806,8.58387701629,-0.027276278208000004,-0.007064330072000047,-0.031186719944399997,-0.0027350413047999922,-0.030696526680926386,-0.0028965635242447028,-0.968059442910933,-0.2507193753447478,6,6,instant_velocity,dbscan_kmeans_fallback,False
1070,301,2.35426271627,7.95715638225,-0.02675011543400001,-0.004510670214000001,-0.031451905982400004,-0.004539309390399993,-0.030505370335707476,-0.0033975369004139947,-0.9860790351897656,-0.1662750706124797,6,6,instant_velocity,dbscan_kmeans_fallback,False
1070,308,12.2187624044,11.6599631748,-0.0029044185100000064,0.008639484749999937,-0.004575511484000003,0.010734917791999976,-0.006902417441930563,0.010012204185212484,-0.3186544827336664,0.9478697834413068,4,4,instant_velocity,dbscan_kmeans_fallback,False
1070,309,12.5437205337,12.2053008171,0.0,0.016443660200000033,-0.0021804185359999904,0.013584515798000005,-0.004407376244260347,0.014092098778295445,0.0,0.9999993918632593,4,4,instant_velocity,dbscan_kmeans_fallback,False
1070,310,14.6612100016,10.1969786026,0.0,0.0,0.0,0.0,0.0,0.0,0.0,0.0,4,4,instant_velocity,dbscan_kmeans_fallback,False
1070,312,14.5128320993,11.6666456492,0.0014732557600000361,0.0025059278999998826,0.0014774650680000078,0.002510701094000005,0.0014133855220940955,0.0019814409998139553,0.5068089319540688,0.8620544219374456,4,4,instant_velocity,dbscan_kmeans_fallback,False
1070,316,13.511860038,5.55289755993,0.025466278270000052,-0.040166444292000045,0.03634732443400001,-0.02531225835760001,0.03249680898458186,-0.026254289409708892,0.5354650499184587,-0.8445571382607353,-1,-1,instant_velocity,dbscan_kmeans_fallback,False
1070,317,12.5914961136,2.70759542775,0.036347324439999974,-0.03472500085800001,0.02850539444799999,-0.023522309859800004,0.029561592674730342,-0.024973204707079408,0.7230589741596374,-0.6907860175382425,-1,-1,instant_velocity,dbscan_kmeans_fallback,False
1070,318,5.17196960394,8.76406516508,-0.05215325416500001,-0.010381701286999955,-0.0443071148784,-0.012462814741000017,-0.043960649056125914,-0.012235442165718566,-0.9807571130661437,-0.1952309121639858,7,7,instant_velocity,dbscan_kmeans_fallback,False
1070,319,4.84995798621,9.28673012645,-0.044618603241,-0.018138144778000152,-0.044105068373199996,-0.01434345396300003,-0.04285110649144715,-0.014940225670343865,-0.9263806617424595,-0.3765879104611731,7,7,instant_velocity,dbscan_kmeans_fallback,False
1070,340,13.1168170272,11.863539984,0.00042093021999995984,-0.0004057216599999691,0.00042093021999999535,-0.00041049485399998533,0.00041506171614117435,-0.00046539907085766736,0.7199818206073789,-0.6939682768004959,4,4,instant_velocity,dbscan_kmeans_fallback,False
1070,341,11.7003868394,12.489067319,0.0044408138099999665,0.0026968557400000037,0.0028707440959999885,0.0033460103919999897,0.0006079813027107901,0.0031757734351456645,0.8547305916892636,0.5190681710546219,4,4,instant_velocity,dbscan_kmeans_fallback,False
1080,44,1.43116274545,13.5797426037,-0.027234185186000005,0.027374279030000004,-0.0300670455612,0.02515951608599998,-0.02901541547953492,0.02611571969927684,-0.7052902492020173,0.7089182932015573,-1,-1,instant_velocity,dbscan_kmeans_fallback,False
1080,45,5.33023936638,6.40610634391,-0.029191510705000034,-0.0030787114159999797,-0.027857161910000004,-0.0025727526407999866,-0.027267625079653697,-0.0022261297951614604,-0.9944840943867311,-0.10488424409958357,0,0,instant_velocity,dbscan_kmeans_fallback,False
1080,46,5.67308702996,6.93115790328,-0.024876975957000003,-0.0013842268380000356,-0.025752510813800013,-0.000792350534999997,-0.02557070739829047,-0.0002698754172254747,-0.9984551191669764,-0.05555692841760189,0,0,instant_velocity,dbscan_kmeans_fallback,False
1080,47,5.84735214073,7.43425276107,-0.029696626968000038,-0.0011932989990000031,-0.025588348028199998,-0.00023865979980000062,-0.026412690898214294,0.00043936895325993034,-0.9991933041943505,-0.04015056561768583,0,0,instant_velocity,dbscan_kmeans_fallback,False
1080,48,5.84040679211,4.51138619398,-0.031569766444,0.014749175622,-0.03690716162400001,0.007999876486400001,-0.03544036786343374,0.00885658210112292,-0.9060000387497406,0.42327692568654995,1,1,instant_velocity,dbscan_kmeans_fallback,False
1080,49,6.26765096465,5.05242795993,-0.03367441754000007,0.011336340486000029,-0.0343815803084,0.005460536217400005,-0.03397778455706834,0.006885153340422196,-0.9477371109207522,0.3190514154507214,1,1,instant_velocity,dbscan_kmeans_fallback,False
1080,50,8.70757298054,9.15498991701,-0.03649465000899994,-0.0023865979969999174,-0.034629929137200005,0.002195670157400009,-0.03434503412850055,0.0007128043710638951,-0.997868253925888,-0.06525642458557693,-1,-1,instant_velocity,dbscan_kmeans_fallback,False
1080,51,11.0433147672,1.51310313018,-0.004651278919999946,0.00021479381900000317,-0.0045965579940000015,-0.00027684536779999826,-0.005869425960562342,-0.00037882486612241954,-0.9989332830732669,0.046130257610420985,-1,-1,instant_velocity,dbscan_kmeans_fallback,False
1080,52,14.3269914075,5.98200787982,-0.04266127772000008,0.017660825179000028,-0.04266127772000008,0.017660825179000028,-0.0216379179213,0.008220159481530005,-0.9239563045749575,0.3824974693733387,-1,-1,instant_velocity,dbscan_kmeans_fallback,False
1080,53,14.8779890645,5.20159033475,0.0,0.0,0.0,0.0,0.0,0.0,0.0,0.0,-1,-1,instant_velocity,dbscan_kmeans_fallback,False
1080,83,1.84662087185,3.81998875421,-0.03666302209700003,-0.0015512886979999862,-0.0425770916774,0.0057898867410000054,-0.03925807779884025,0.0069454947442002726,-0.9991057718722302,-0.04227424263911852,-1,-1,instant_velocity,dbscan_kmeans_fallback,False
1080,87,12.4485903041,8.84019764119,0.006566511419999976,0.020715670616000104,0.01973741797999999,0.014816000366200016,0.019041130962730034,0.014722675082767051,0.30216544989878036,0.9532550133962363,-1,-1,instant_velocity,dbscan_kmeans_fallback,False
1080,89,8.55540670628,8.47242288983,0.041398487064000025,-0.0015990206579999723,0.03725232440379999,0.007723031118799994,0.03870097235669371,0.00578746543453131,0.9992546432956986,-0.03859630944391883,-1,-1,instant_velocity,dbscan_kmeans_fallback,False
1080,90,7.63377999123,8.18746308897,0.026476510790999976,0.009236134249000116,0.027259440998799997,0.01583269111300002,0.027387750256474275,0.012871271201851045,0.9441982686086787,0.32937655703136026,2,2,instant_velocity,dbscan_kmeans_fallback,False
1080,91,8.86984158006,5.93212798168,0.05248999834100001,0.013269484863999991,0.052670998334999976,0.01146521677819999,0.05259156624555709,0.010135072084686945,0.9695001688405468,0.24508988802970458,-1,-1,instant_velocity,dbscan_kmeans_fallback,False
1080,92,4.96003123854,7.82016565721,0.038009998798000044,0.013269484863999991,0.037778487177600004,0.006539278512199989,0.035472607874142255,0.006828923743307923,0.944121259832427,0.32959755757177694,2,2,instant_velocity,dbscan_kmeans_fallback,False
1080,93,6.19251492051,7.92684658768,0.04745988221999999,0.01976103141600003,0.0514966030232,0.025722753212999994,0.04886694864104507,0.023706371771270687,0.9231728415686101,0.38438459328808944,2,2,instant_velocity,dbscan_kmeans_fallback,False
1080,94,4.20930219251,4.21664134134,0.04320848700600002,-0.006372216651999984,0.043907231170000005,-0.0029164227524000096,0.04126700507510836,-0.0030278144001068385,0.9892994121176801,-0.14589796182483053,3,3,instant_velocity,dbscan_kmeans_fallback,False
1080,95,3.40532547374,4.80899496423,0.036473603497999996,-0.011932989985000031,0.031616068768,-0.004190866082800007,0.03202161142635725,-0.005626126592292268,0.9504263465289922,-0.3109489325679743,3,3,instant_velocity,dbscan_kmeans_fallback,False
1080,221,10.1940880498,5.70683313075,0.030306975783999945,0.011455670385999994,0.03739544067779999,0.0013221752904000006,0.0351379265259868,0.0017757392871208854,0.9354068078963779,0.353572462803712,-1,-1,instant_velocity,dbscan_kmeans_fallback,False
1080,222,13.1717484208,11.5170059548,-0.0011575581000000668,-0.0003579896999999832,-0.001157558103999996,-0.00036276289599999954,-0.0011230215247315684,-0.0003578302466988199,-0.9553484034175597,-0.29545375591505546,4,4,instant_velocity,dbscan_kmeans_fallback,False
1080,223,13.3689542285,8.5817290781,0.0037252324400000704,-0.009665721887999901,0.0036578836039999982,-0.009646629104399977,0.004489520088068644,-0.009533577911134416,0.3596217411977884,-0.9330971399186123,5,5,instant_velocity,dbscan_kmeans_fallback,False
1080,224,13.5861542217,8.01228679598,0.013448720509999923,-0.009283866209000102,0.013591836779999972,-0.015751546781000023,0.01298826887764586,-0.014004409819741773,0.8229580521075376,-0.5681010655032013,5,5,instant_velocity,dbscan_kmeans_fallback,False
1080,225,12.9328705214,9.11895228725,0.000989186019999977,-0.008878144548999956,-0.0012080697280000053,-0.013236072492200001,-0.0006884402063071982,-0.011807135403271867,0.11073277978915494,-0.993849089457129,5,5,instant_velocity,dbscan_kmeans_fallback,False
1080,226,13.8736495614,8.68053423518,0.004903837049999993,-0.008329227010000117,0.005947743998000021,-0.009985526020000001,0.006048900118600518,-0.010152184561247666,0.5073494432202789,-0.8617392141891976,5,5,instant_velocity,dbscan_kmeans_fallback,False
1080,227,8.80017762877,4.10184597768,0.01652151110499993,-0.05424737247399998,0.005682557959799972,-0.049741475456199995,0.00807385649494026,-0.05037084263111953,0.2913462134919681,-0.9566174947160425,-1,-1,instant_velocity,dbscan_kmeans_fallback,False
1080,228,8.37819508397,7.01254089498,-0.005219534718999874,-0.04737397024300005,-0.0047186277578,-0.045374001121599984,-0.00621401173322941,-0.043997151413981736,-0.10951455185413435,-0.9939849814251944,-1,-1,instant_velocity,dbscan_kmeans_fallback,False
1080,229,6.91020094433,3.26963925607,0.029065231638999923,0.040906289670000005,0.02872848746379999,0.04567471246908,0.026906324200250076,0.0412345268994594,0.5792101465870991,0.8151780219877264,6,6,instant_velocity,dbscan_kmeans_fallback,False
1080,230,6.40340096036,3.75292535049,0.031401394356,0.038519691673,0.0277308828444,0.044190248514799996,0.027746628359982733,0.04162939300531454,0.6318539470641449,0.7750872126042517,6,6,instant_velocity,dbscan_kmeans_fallback,False
1080,232,13.6250902669,2.998044404,0.022646045790000003,0.010119175507999989,0.029641906037999988,0.0038949279313999965,0.02887911871548287,0.003572257883684515,0.9129973879221636,0.40796441429123864,-1,-1,instant_velocity,dbscan_kmeans_fallback,False
1080,233,14.3002623386,1.47611086123,0.04695476595999999,-0.0018376804579999905,0.04813757987399999,-0.0092981857968,0.04642478223018927,-0.008568421588659416,0.999234803845282,-0.039107303261701296,-1,-1,instant_velocity,dbscan_kmeans_fallback,False
1080,235,14.8805146459,7.20299141515,0.04615499854999996,-0.0038424227760000206,0.04673588224399999,-0.01291149516460001,0.0457451170990094,-0.011243982880448741,0.996552378259794,-0.08296339889501358,-1,-1,instant_velocity,dbscan_kmeans_fallback,False
1080,300,2.70616037957,8.51490433418,-0.027549882848999997,-0.006897268210999919,-0.029608231622000006,-0.004797061974200005,-0.02975253353134847,-0.004096774930271267,-0.9700609323457071,-0.24286021352877912,7,7,instant_velocity,dbscan_kmeans_fallback,False
1080,301,2.08697202705,7.9118110203,-0.02672906892200002,-0.004534536194999994,-0.0299449757974,-0.004625226918400002,-0.029372479911595237,-0.0037386366887897943,-0.9859127463103927,-0.16725824031890008,7,7,instant_velocity,dbscan_kmeans_fallback,False
1080,308,12.2402298456,11.8148533848,0.0021467441200000437,0.015489020999999959,-0.0026434417759999816,0.010935392021999987,-0.004187668973351381,0.011655249229648727,0.13728539466265718,0.990530888666478,8,8,instant_velocity,dbscan_kmeans_fallback,False
1080,309,12.5437205337,12.3699760789,0.0,0.016467526180000115,-0.0009597209000000007,0.01428617561000003,-0.003085163370982243,0.014804726998806847,0.0,0.9999993927446162,8,8,instant_velocity,dbscan_kmeans_fallback,False
1080,310,14.4231739626,10.4564018048,-0.02380360390000007,0.02594232022000007,-0.02380360390000007,0.02594232022000007,-0.007141081170000022,0.007782696066000023,-0.6760815525762752,0.7368264152542252,-1,-1,instant_velocity,dbscan_kmeans_fallback,False
1080,312,14.527564657,11.6917049282,0.0014732557699998594,0.00250592790000006,0.0014774650699999725,0.002510701094000005,0.0014313465964658247,0.0021387870698697867,0.5068089345104569,0.8620544204345308,4,4,instant_velocity,dbscan_kmeans_fallback,False
1080,316,13.7223251476,5.04908672274,0.02104651095999994,-0.050381083718999964,0.033232440809999986,-0.0343145060028,0.029061719577207285,-0.033492327702496216,0.3854639810232592,-0.9227226847956317,-1,-1,instant_velocity,dbscan_kmeans_fallback,False
1080,317,12.955179823,2.36058407897,0.036368370940000005,-0.03470113487799997,0.030807882745999996,-0.0252549800056,0.03160362615431124,-0.027891583758355577,0.7234957642624056,-0.69032853137005,-1,-1,instant_velocity,dbscan_kmeans_fallback,False
1080,318,4.65043706229,8.6602481522,-0.05215325416500001,-0.010381701288000044,-0.0452668357782,-0.011159732234600029,-0.04641843058878814,-0.011679319902403009,-0.9807571130625427,-0.19523091218207594,9,9,instant_velocity,dbscan_kmeans_fallback,False
1080,319,4.4037719538,9.10534867867,-0.044618603241,-0.018138144777999975,-0.0431453474734,-0.015689495233200006,-0.043381355516313,-0.015899601402640698,-0.9263806617424608,-0.37658791046117,9,9,instant_velocity,dbscan_kmeans_fallback,False
1080,340,13.1210263294,11.8592441076,0.00042093021999995984,-0.0004295876400000509,0.00042093021999999535,-0.00041526805000000164,0.00041682226729881,-0.0004546556416003824,0.6998612491965112,-0.714255541856428,4,4,instant_velocity,dbscan_kmeans_fallback,False
1080,341,11.7447949775,12.5157972166,0.0044408138099999665,0.002672989759999922,0.004445023114000008,0.002687309345999971,0.0017578310548975432,0.0030249383326019417,0.8567668097728366,0.5157002763938465,4,4,instant_velocity,dbscan_kmeans_fallback,False
1090,45,5.03832425933,6.37531922975,-0.029191510704999944,-0.003078711416000068,-0.0282991386402,-0.0027398145006000086,-0.02784479076725757,-0.0024819042814130427,-0.9944840943867307,-0.10488424409958687,0,0,instant_velocity,dbscan_kmeans_fallback,False
1090,46,5.42873703768,6.9156450163,-0.02443499922799992,-0.0015512886979999862,-0.026510185208399994,-0.0007350721829999963,-0.025229994947203304,-0.0006542994014578282,-0.9979904061414727,-0.06335875943002456,0,0,instant_velocity,dbscan_kmeans_fallback,False
1090,47,5.50366261671,7.4103867811,-0.03436895240200002,-0.0023865979970000063,-0.02772667354200001,-0.0007159793992000019,-0.02879956934935001,-0.0004084211318180508,-0.9975974018263559,-0.06927368437545518,0,0,instant_velocity,dbscan_kmeans_fallback,False
1090,48,5.52470912767,4.65887795021,-0.03156976644399991,0.014749175622999999,-0.035787487240799984,0.010109629116000001,-0.034279187437603595,0.010624360157686044,-0.9060000387387347,0.42327692571010767,1,1,instant_velocity,dbscan_kmeans_fallback,False
1090,49,5.93090678925,5.1657913648,-0.03367441753999998,0.01133634048699994,-0.03433948728640001,0.006658608411999989,-0.033886774451947835,0.008220509484395521,-0.9477371109122427,0.31905141547599924,1,1,instant_velocity,dbscan_kmeans_fallback,False
1090,50,8.34283694556,9.13112393704,-0.036473603497999996,-0.002386597997000095,-0.03514346400480001,0.0009212268270000123,-0.034983604939350384,-0.0002170163393553021,-0.9978658010652616,-0.06529391926486883,-1,-1,instant_velocity,dbscan_kmeans_fallback,False
1090,51,10.9968019779,1.51548972818,-0.004651278929999947,0.00023865979999999621,-0.004655488225999989,0.000229113407799999,-0.005503981851393624,-0.00019357946628569483,-0.9986840617351496,0.05124305422743103,-1,-1,instant_velocity,dbscan_kmeans_fallback,False
1090,52,13.8980635141,6.17484499799,-0.04289278933999992,0.019283711816999994,-0.04289278933999992,0.019283711816999994,-0.02801437934690998,0.011539225182171,-0.9120648331156233,0.4100455034716076,2,2,instant_velocity,dbscan_kmeans_fallback,False
1090,53,14.2657460606,5.45122848525,-0.06122430038999997,0.024963815050000004,-0.06122430038999997,0.024963815050000004,-0.018367290116999994,0.007489144515000002,-0.9259834147246907,0.37756378688371717,2,2,instant_velocity,dbscan_kmeans_fallback,False
1090,83,1.45894413992,3.76175576308,-0.03876767319299999,-0.0058232991130000135,-0.04003888245520001,0.0012696701343999984,-0.03911095641708817,0.0031148565870401865,-0.9889055887468834,-0.14854368507290994,-1,-1,instant_velocity,dbscan_kmeans_fallback,False
1090,87,12.4875263494,9.06119661572,0.0038936045299999833,0.02209989745299996,0.014745185579999997,0.016935299387600012,0.014496873032911018,0.016935841793836923,0.17350963951526352,0.9848317184884542,-1,-1,instant_velocity,dbscan_kmeans_fallback,False
1090,89,8.96939157691,8.45643268325,0.04139848706300011,-0.0015990206579999723,0.037883719732600005,0.004773195994400012,0.03951022676858563,0.0035715196067719252,0.9992546432956627,-0.03859630944484967,3,3,instant_velocity,dbscan_kmeans_fallback,False
1090,90,7.95852765538,8.26097030728,0.03247476641500002,0.007350721830999873,0.028206533992000012,0.012663288972799976,0.028913855104032,0.011215106390595694,0.9753262999133168,0.22076686352421734,3,3,instant_velocity,dbscan_kmeans_fallback,False
1090,91,9.37664156404,6.07341458311,0.05067999839800006,0.014128660143000005,0.0527720215876,0.012271886901400002,0.05201809589128998,0.011333148502180864,0.9632679068959232,0.2685415413061366,4,4,instant_velocity,dbscan_kmeans_fallback,False
1090,92,5.33992076142,7.95262184605,0.03798895228800001,0.013245618884000087,0.0380605104248,0.008362639382000001,0.03622751119829958,0.008753932285515572,0.944248953978798,0.3292315534579687,3,3,instant_velocity,dbscan_kmeans_fallback,False
1090,93,6.6229160697,7.98102236222,0.04304011491899997,0.005417577454,0.04942983564679999,0.0232263717082,0.047118898524431546,0.01821973347608948,0.9921707077743276,0.1248872515111377,3,3,instant_velocity,dbscan_kmeans_fallback,False
1090,94,4.63023241176,4.14719133962,0.042093021924999974,-0.006945000171999993,0.04565830088219999,-0.005193237241799995,0.04151481013007584,-0.004202970131674785,0.9866603714938271,-0.1627907937315482,5,5,instant_velocity,dbscan_kmeans_fallback,False
1090,95,3.80941848422,4.69229032217,0.040409301048,-0.01167046420600002,0.034516277978600005,-0.007503464103000006,0.03453791831285007,-0.007439427876404594,0.9607350860879936,-0.27746642834331353,5,5,instant_velocity,dbscan_kmeans_fallback,False
1090,221,10.5171519931,5.81995787581,0.03230639433000011,0.011312474506000036,0.03602320816360002,0.005365072297599998,0.034288466867190795,0.004636759852784631,0.9438103707965952,0.33048661045470773,4,4,instant_velocity,dbscan_kmeans_fallback,False
1090,222,13.1601728398,11.513187398,-0.0011575581000000668,-0.000381855680000065,-0.0011575581019999958,-0.0003675360920000159,-0.001133382497312118,-0.00036503787668919343,-0.9496546649819891,-0.3132724205047768,6,6,instant_velocity,dbscan_kmeans_fallback,False
1090,223,13.4133623667,8.48125330242,0.004440813819999967,-0.010047577567999965,0.0038178370900000046,-0.00972777343619999,0.004474908207648041,-0.009687777808194081,0.4042538459210362,-0.9146458371573766,7,7,instant_velocity,dbscan_kmeans_fallback,False
1090,224,13.7145379385,7.91658421629,0.012838371680000016,-0.00957025796899993,0.013402418179999992,-0.01273011371680001,0.012943299718352105,-0.012674164264519219,0.8017502872904237,-0.597658119529466,7,7,instant_velocity,dbscan_kmeans_fallback,False
1090,225,12.9425519164,9.03017084176,0.0009681394999999426,-0.008878144548999956,4.20930199997116e-06,-0.010816062122999988,-0.00019146629441505587,-0.010928438146990294,0.10840474651173723,-0.994105714444002,7,7,instant_velocity,dbscan_kmeans_fallback,False
1090,226,13.9224774668,8.59724196508,0.004882790539999959,-0.00832922700999994,0.005484720755999995,-0.0093315981688,0.00569906724502035,-0.009605297295873349,0.5057297849833174,-0.862690740128399,7,7,instant_velocity,dbscan_kmeans_fallback,False
1090,227,8.91951134593,3.48920627181,0.011933371715999997,-0.06126397058699999,0.00964772062519998,-0.052848826048599994,0.009231711061258181,-0.05363878101788367,0.19119278169207163,-0.9815523418519638,-1,-1,instant_velocity,dbscan_kmeans_fallback,False
1090,228,8.38703461858,6.51541253218,0.0008839534609998978,-0.049712836279999985,-0.003939906852200003,-0.04662457847200001,-0.004084622174960617,-0.04571185687378721,0.017778377626060635,-0.9998417509996823,-1,-1,instant_velocity,dbscan_kmeans_fallback,False
1090,229,7.22842419009,3.64075524463,0.03182232457600005,0.037111598856000017,0.030075464165600002,0.0446532485264,0.028381124312975067,0.03999764848642159,0.6509372440501567,0.759131276658485,8,8,instant_velocity,dbscan_kmeans_fallback,False
1090,230,6.71152188085,4.06819494592,0.03081209204900004,0.03152695954300002,0.030306975786199997,0.0441329701632,0.028666267466687927,0.038598662966620186,0.698951983797602,0.7151682813566612,8,8,instant_velocity,dbscan_kmeans_fallback,False
1090,232,13.8088263076,3.10878255107,0.018373604070000125,0.011073814707000019,0.022970162064000023,0.006310165104400003,0.025727464321838048,0.005822724930679166,0.8564697353331533,0.5161963387857319,-1,-1,instant_velocity,dbscan_kmeans_fallback,False
1090,233,14.7698099982,1.45773405665,0.04695476595999999,-0.0018376804579999905,0.04650437062399998,-0.008076247622199996,0.04658377734913248,-0.006549199249461588,0.999234803845282,-0.039107303261701296,-1,-1,instant_velocity,dbscan_kmeans_fallback,False
1090,235,15.3422750964,7.1643285276,0.04617604504999999,-0.003866288754999925,0.046563300854000005,-0.009164536308999995,0.04587439548430658,-0.009030674642814096,0.996512809274271,-0.08343733779145945,-1,-1,instant_velocity,dbscan_kmeans_fallback,False
1090,300,2.40814178434,8.46192185864,-0.029801859522999984,-0.005298247554000035,-0.029077859545799997,-0.005460536217400005,-0.029767331328843925,-0.0044572167173898974,-0.9845613900325895,-0.17503773455737473,0,0,instant_velocity,dbscan_kmeans_fallback,False
1090,301,1.83799180236,7.86789761715,-0.02489802246899999,-0.004391340315000036,-0.028050789810800003,-0.0045488557826000075,-0.028030142678816664,-0.003934447776652867,-0.9847996029093115,-0.1736921156624444,0,0,instant_velocity,dbscan_kmeans_fallback,False
1090,308,12.2955821694,12.0158049362,0.005535232379999933,0.02009515514000011,-0.00021467441200002214,0.012290979686000014,-0.0012707985673459862,0.01418722100275414,0.2655606487509389,0.9640936584724303,6,6,instant_velocity,dbscan_kmeans_fallback,False
1090,309,12.5437205337,12.4809528858,0.0,0.01109768069000001,-0.0005219534720000141,0.014200258082000018,-0.00215961435968757,0.013692613106164797,0.0,0.9999990989116313,6,6,instant_velocity,dbscan_kmeans_fallback,False
1090,310,14.1853483888,10.7158250071,-0.023782557380000034,0.025942320229999892,-0.023782557380000034,0.025942320229999892,-0.012133524033000026,0.013230583315199985,-0.675756816246961,0.7371242480182689,-1,-1,instant_velocity,dbscan_kmeans_fallback,False
1090,311,14.7641274402,10.5785956223,0.0,0.0,0.0,0.0,0.0,0.0,0.0,0.0,6,6,instant_velocity,dbscan_kmeans_fallback,False
1090,312,14.5422972147,11.7170028669,0.001473255770000037,0.0025297938699999634,0.0014732557680000014,0.002515474287999986,0.0014439193485260883,0.0022560891099088396,0.5032428948118504,0.8641410516356053,6,6,instant_velocity,dbscan_kmeans_fallback,False
1090,316,13.9875111857,4.59658774248,0.02651860381000013,-0.04524989802600006,0.028644301419999997,-0.039307269012799996,0.028298784847045136,-0.037019598799547374,0.5056172517955322,-0.8627576793958714,-1,-1,instant_velocity,dbscan_kmeans_fallback,False
1090,317,13.3485391129,2.06392994792,0.039335928989999935,-0.029665413104999993,0.03363653381999999,-0.0261809800286,0.03392331700501785,-0.028423732562348904,0.7984044324778187,-0.6021212139247765,-1,-1,instant_velocity,dbscan_kmeans_fallback,False
1090,318,4.19520103017,8.60774299626,-0.04552360321200002,-0.005250515593999872,-0.04561620786020001,-0.009350690952799993,-0.04614998237575171,-0.009750678609882067,-0.9934142041064175,-0.11457653616897345,0,0,instant_velocity,dbscan_kmeans_fallback,False
1090,319,3.94979871234,9.03733063575,-0.04539732414599999,-0.006801804292000035,-0.043263207934600006,-0.0145009694306,-0.0439861461052191,-0.013170262269448499,-0.9889610324538023,-0.14817435876906762,0,0,instant_velocity,dbscan_kmeans_fallback,False
1090,340,13.1254460967,11.855186891,0.00044197672999999325,-0.0004057216599999691,0.00042513952200000203,-0.00041049485399998533,0.000424368606109165,-0.0004399754471202584,0.736663188169688,-0.6762351754697131,6,6,instant_velocity,dbscan_kmeans_fallback,False
1090,341,11.7892031157,12.5427657739,0.004440813819999967,0.002696855730000003,0.004445023115999973,0.0026873093439999706,0.0025627258844282703,0.00292651355182136,0.8547305930617758,0.5190681687945584,6,6,instant_velocity,dbscan_kmeans_fallback,False
1100,45,4.96255681986,6.36004500256,-0.007576743947000075,-0.0015274227189999933,-0.024422371321000006,-0.002601391817000014,-0.021764376721180322,-0.002195559812689128,-0.9802778483482651,-0.19761769263595194,0,0,instant_velocity,dbscan_kmeans_fallback,False
1100,46,5.1841765803,6.90037078911,-0.024456045738000042,-0.0015274227189999933,-0.0262913014944,-0.0008925876510000031,-0.024997810184442325,-0.0009162363967204778,-0.9980549145315446,-0.062334351497240204,0,0,instant_velocity,dbscan_kmeans_fallback,False
1100,47,5.15997309269,7.38652080113,-0.03436895240200002,-0.0023865979970000063,-0.029683999061600002,-0.001193298998600003,-0.030470384265145013,-0.0010018741913726376,-0.9975974018263559,-0.06927368437545518,0,0,instant_velocity,dbscan_kmeans_fallback,False
1100,48,5.20901146323,4.80613104663,-0.031569766444,0.014725309642000006,-0.03422583612739999,0.011823206477799992,-0.03346636113952252,0.011854645002980233,-0.9062625973795861,0.4227144786468281,1,1,instant_velocity,dbscan_kmeans_fallback,False
1100,49,5.59416261385,5.27915476966,-0.03367441753999998,0.011336340486000029,-0.0340995570614,0.008329227009999994,-0.03382306737836348,0.009155258784876875,-0.947737110920752,0.31905141545072224,1,1,instant_velocity,dbscan_kmeans_fallback,False
1100,50,7.95831719027,9.09126775048,-0.03845197552900004,-0.003985618655999978,-0.0360526732788,-0.0006682474391999804,-0.03602411611624528,-0.0013475970343487052,-0.9946707902947582,-0.10309947418402839,-1,-1,instant_velocity,dbscan_kmeans_fallback,False
1100,51,10.9502891887,1.51787632618,-0.004651278920000124,0.00023865979999999621,-0.004655488226000024,0.000229113407799999,-0.005248170971975574,-6.390768639998749e-05,-0.998684061729507,0.05124305433730937,-1,-1,instant_velocity,dbscan_kmeans_fallback,False
1100,52,13.4649263185,6.36863675535,-0.043313719560000054,0.019379175735999964,-0.043313719560000054,0.019379175735999964,-0.032604181410837,0.01389121034831969,-0.9128024620879274,0.408400837073143,2,2,instant_velocity,dbscan_kmeans_fallback,False
1100,53,13.6535030567,5.70062797596,-0.06122430038999997,0.02493994907100001,-0.06122430038999997,0.02493994907100001,-0.03122439319889999,0.012724385881800006,-0.9261095781122232,0.3772542203856151,2,2,instant_velocity,dbscan_kmeans_fallback,False
1100,83,1.06895229179,3.69851091616,-0.038999184813,-0.006324484691999999,-0.0375511848594,-0.0033555567839999956,-0.03907742493586172,0.0002830542033281306,-0.9871040578399798,-0.16007833325631501,-1,-1,instant_velocity,dbscan_kmeans_fallback,False
1100,87,12.5348809991,9.27933167266,0.00473546497000008,0.02181350569399996,0.009925534569999997,0.019002093253199986,0.011568450614037737,0.018399140963885834,0.21214714196555134,0.977237276286154,-1,-1,instant_velocity,dbscan_kmeans_fallback,False
1100,89,9.34633458825,8.4118033007,0.037694301133999984,-0.004462938254999926,0.03854878947900001,0.00165152581400001,0.03896544907820994,0.0011611822482403694,0.993063508996504,-0.11757695435683105,3,3,instant_velocity,dbscan_kmeans_fallback,False
1100,90,8.34346834088,8.31562340142,0.03849406854999993,0.0054653094140000745,0.030231208346599984,0.009193175485000005,0.031787919137822376,0.009490167297617008,0.990070734640325,0.14056822545341854,3,3,instant_velocity,dbscan_kmeans_fallback,False
1100,91,9.88323108291,6.21493984434,0.05065895188699994,0.014152526122999998,0.05286462623579999,0.013083330220399994,0.05161035269000296,0.012178961788426604,0.9631215370062371,0.2690660229708099,4,4,instant_velocity,dbscan_kmeans_fallback,False
1100,92,5.7200207494,8.08531669469,0.038009998797999954,0.013269484863999991,0.0380394639136,0.010114402311799999,0.036762257478209694,0.010108598059060898,0.9441212598324268,0.32959755757177767,3,3,instant_velocity,dbscan_kmeans_fallback,False
1100,93,7.0667869859,8.01204813618,0.044387091620000076,0.0031025773960000613,0.047725068258800005,0.01929325820880001,0.04629935645310211,0.013684586652062654,0.9975658124638099,0.06972804542521743,3,3,instant_velocity,dbscan_kmeans_fallback,False
1100,94,5.05116263101,4.0779799977,0.042093021925000064,-0.006921134192,0.04454283580100001,-0.005732608389199995,0.04168827366855311,-0.00501841934977235,0.9867500827331909,-0.16224612594296425,5,5,instant_velocity,dbscan_kmeans_fallback,False
1100,95,4.23034870347,4.57654031931,0.042093021924999974,-0.011575000285999958,0.0377532313646,-0.010796969338999993,0.03680444939649505,-0.008680099599283203,0.9642085729385016,-0.2651440546942099,5,5,instant_velocity,dbscan_kmeans_fallback,False
1100,221,10.8705229122,5.93069602288,0.035337091909999965,0.011073814707000019,0.03449944077059999,0.008176484738200002,0.03460305438003355,0.006567876309049247,0.9542412932368509,0.2990368107818912,4,4,instant_velocity,dbscan_kmeans_fallback,False
1100,222,13.1485972587,11.509607501,-0.00115755810999989,-0.0003579896999999832,-0.001157558103999996,-0.00036276289599999954,-0.0011406351811184495,-0.00036292342368243036,-0.9553484041380613,-0.2954537535855369,6,6,instant_velocity,dbscan_kmeans_fallback,False
1100,223,13.4575600397,8.38077752674,0.0044197673000001105,-0.010047577568000144,0.003973581270000004,-0.009808917768200018,0.0044583659353536614,-0.0097957177361359,0.4026491867946291,-0.9153533800322732,7,7,instant_velocity,dbscan_kmeans_fallback,False
1100,224,13.8288204931,7.81443782202,0.011428255460000081,-0.010214639427000006,0.012930976336000021,-0.009832783748199993,0.012488786440846496,-0.011936306813263454,0.7455857289640797,-0.6664087454066216,7,7,instant_velocity,dbscan_kmeans_fallback,False
1100,225,12.9602309856,8.85069867237,0.0017679069200001508,-0.017947216939000123,0.0011365115920000334,-0.010696732223200023,0.0003963456699095062,-0.013034071784593242,0.0980313831216811,-0.9951827665875619,7,7,instant_velocity,dbscan_kmeans_fallback,False
1100,226,13.9715158374,8.51394969498,0.004903837059999994,-0.00832922700999994,0.0052195347199999985,-0.008873371353199993,0.005460498189514243,-0.009222476210111326,0.5073494439885747,-0.8617392137368637,7,7,instant_velocity,dbscan_kmeans_fallback,False
1100,227,9.03884506309,2.87656656595,0.011933371715999997,-0.06126397058599999,0.013612883290599988,-0.05595140344479999,0.010042209257680726,-0.055926337888318564,0.19119278169507833,-0.9815523418513782,-1,-1,instant_velocity,dbscan_kmeans_fallback,False
1100,228,8.39587415318,6.01828416937,0.0008839534599999865,-0.049712836280999984,-0.003161185946600007,-0.04787038262660001,-0.0025940494844724354,-0.046912150695951046,0.017778377605598923,-0.9998417510000461,-1,-1,instant_velocity,dbscan_kmeans_fallback,False
1100,229,7.6112602245,3.92261246809,0.038283603440999944,0.028185722345999985,0.03174234783379999,0.040376464915600006,0.03135186805138253,0.03645407064429511,0.805289146268099,0.5928819192775329,8,8,instant_velocity,dbscan_kmeans_fallback,False
1100,230,7.01985326645,4.38370320114,0.030833138559999983,0.03155082552200002,0.031704464114000006,0.0422380113534,0.029316328794681545,0.03648431173323413,0.6989255688968982,0.7151940965795293,8,8,instant_velocity,dbscan_kmeans_fallback,False
1100,232,13.821033284,3.25866090529,0.0012206976399999903,0.014987835422000018,0.017847441296,0.009121577545000007,0.018375434317286627,0.008572258078075422,0.08117704259995605,0.9966990306730137,9,9,instant_velocity,dbscan_kmeans_fallback,False
1100,233,14.8725169717,1.67061859799,0.010270697350000014,0.02128845413399998,0.03848985924800001,-0.0015560618942000025,0.03568985334939274,0.0018020967655768827,0.43452627930070536,0.9006586847689284,9,9,instant_velocity,dbscan_kmeans_fallback,False
1100,300,2.109912724,8.4087007233,-0.029822906034000018,-0.00532211353399994,-0.0285516967718,-0.006128783656799967,-0.029784003740390752,-0.00471668576237291,-0.9844466976755452,-0.1756816417295949,0,0,instant_velocity,dbscan_kmeans_fallback,False
1100,301,1.66267436604,7.8280414306,-0.017531743631999986,-0.0039856186549999785,-0.0246791387548,-0.004391340314800001,-0.02488062296477166,-0.003949799040157,-0.9751187112763221,-0.22168082126233377,0,0,instant_velocity,dbscan_kmeans_fallback,False
1100,308,12.2848484488,12.2308374157,-0.001073372059999933,0.02150324794999996,0.00015574417999999923,0.014868505522,-0.0012115706151421702,0.016382029086927888,-0.04985464558586526,0.9987560189449116,6,6,instant_velocity,dbscan_kmeans_fallback,False
1100,309,12.5437205337,12.5859631977,0.0,0.010501031189999921,-8.839534599999865e-05,0.013999783852000007,-0.0015117300517812988,0.012735138531315334,0.0,0.9999990477134773,6,6,instant_velocity,dbscan_kmeans_fallback,False
1100,310,14.0449681606,10.9943409934,-0.014038022819999973,0.02785159863000004,-0.014038022819999973,0.02785159863000004,-0.01270487366910001,0.01761688790964,-0.450089640499157,0.8929830201475307,-1,-1,instant_velocity,dbscan_kmeans_fallback,False
1100,311,14.4905227977,10.6859925322,-0.027360464249999873,0.010739690990000028,-0.027360464249999873,0.010739690990000028,-0.008208139274999963,0.0032219072970000088,-0.9308560744963239,0.3653851230340513,-1,-1,instant_velocity,dbscan_kmeans_fallback,False
1100,312,14.5572402375,11.7420621459,0.0014943022800000705,0.00250592790000006,0.001477465070000008,0.002510701092000005,0.001459034227968283,0.002331040746936206,0.5121598168820303,0.8588861782259617,6,6,instant_velocity,dbscan_kmeans_fallback,False
1100,316,14.3074181523,4.19563927896,0.03199069665999996,-0.04009484635199998,0.02647651078999999,-0.04233824846920001,0.029406358390931586,-0.037942173065283157,0.6236818066127852,-0.7816780757995977,-1,-1,instant_velocity,dbscan_kmeans_fallback,False
1100,317,13.7494751467,1.77968612646,0.04009360338000008,-0.028424382146000026,0.036040045372000014,-0.028686907925600004,0.035774402917512514,-0.028423927437444242,0.8157867492711625,-0.5783524641363024,-1,-1,instant_velocity,dbscan_kmeans_fallback,False
1100,318,3.75680220682,8.56788680971,-0.043839882334999955,-0.003985618655000067,-0.04669378922139999,-0.008071474426400016,-0.045456952363526176,-0.008021160623417466,-0.995892622185557,-0.09053966393041173,0,0,instant_velocity,dbscan_kmeans_fallback,False
1100,319,3.49372081978,8.9974744492,-0.045607789255999974,-0.003985618654999889,-0.0443492079004,-0.012477134328999995,-0.044472639050453365,-0.010414869185113916,-0.9962030967954845,-0.08705718280862304,0,0,instant_velocity,dbscan_kmeans_fallback,False
1100,340,13.1296553989,11.8511296744,0.0004209302200001375,-0.00040572166000014677,0.00042513952200000203,-0.00041049485400002084,0.00042333709027645675,-0.00042969931098422494,0.7199818206073735,-0.6939682768005015,6,6,instant_velocity,dbscan_kmeans_fallback,False
1100,341,11.8323484631,12.4174693791,0.00431453474000012,-0.012529639479999943,0.004419767302000004,-0.0003532165040000024,0.0030882685410998255,-0.0017103323577250316,0.3255836872589467,-0.9455124289771136,-1,-1,instant_velocity,dbscan_kmeans_fallback,False
1110,45,4.910992868,6.34644139398,-0.005156395185999951,-0.0013603608579999538,-0.02006153424959999,-0.002424783564999995,-0.01678198226062621,-0.0019450001262823757,-0.9669149449778928,-0.25509162830157,0,0,instant_velocity,dbscan_kmeans_fallback,False
1110,46,5.03664053845,6.87745944834,-0.014753604184999958,-0.002291134077000034,-0.023471069025399985,-0.0013508144664000099,-0.021924548384609614,-0.0013287057008043448,-0.9881551527518867,-0.15345375377054202,0,0,instant_velocity,dbscan_kmeans_fallback,False
1110,47,4.85984984636,7.36718935735,-0.03001232463299992,-0.0019331443779999624,-0.030685812983399997,-0.0015799278741999957,-0.030332966375501487,-0.0012812552473608352,-0.9979316683152094,-0.06427845952694002,0,0,instant_velocity,dbscan_kmeans_fallback,False
1110,48,4.81817775466,4.85792022317,-0.03908337085700007,0.005178917653999982,-0.0341669058966,0.011627505441999997,-0.03515146405476578,0.009851926798286156,-0.9913343158933364,0.1313612075166351,1,1,instant_velocity,dbscan_kmeans_fallback,False
1110,49,5.25026262472,5.38082384434,-0.034389998912999965,0.01016690746800002,-0.034006952413199995,0.009765959004199996,-0.03399314683875443,0.009458753389813819,-0.9589702510301019,0.283505731752211,1,1,instant_velocity,dbscan_kmeans_fallback,False
1110,50,7.54454278475,9.02778424376,-0.04137744055199999,-0.006348350672000081,-0.0375469755572,-0.002735041304800028,-0.03763011344697169,-0.002847823125644118,-0.9884338802593655,-0.1516508707223287,-1,-1,instant_velocity,dbscan_kmeans_fallback,False
1110,51,10.9037763995,1.52002426437,-0.004651278919999946,0.00021479381900000317,-0.004651278922000017,0.00022911340759999897,-0.005069103356382885,1.9702765220009715e-05,-0.9989332830732669,0.046130257610420985,-1,-1,instant_velocity,dbscan_kmeans_fallback,False
1110,52,12.9953786589,6.57054294591,-0.04695476595999999,0.020190619055999993,-0.04358311490199998,0.01808563962219999,-0.0369093567755859,0.015781032960623782,-0.9186685130116464,0.39502882414026474,2,2,instant_velocity,dbscan_kmeans_fallback,False
1110,53,13.2313100468,5.91876303289,-0.04221930099000008,0.021813505693000047,-0.04221930099000008,0.021813505693000047,-0.03452286553623002,0.015451121825160018,-0.8884240020458294,0.4590232801583991,2,2,instant_velocity,dbscan_kmeans_fallback,False
1110,83,0.678960443652,3.63526606924,-0.038999184813800006,-0.006324484691999999,-0.03801841740276,-0.004310195982799998,-0.039053952899243204,-0.0016992074652703085,-0.9871040578404985,-0.16007833325311538,-1,-1,instant_velocity,dbscan_kmeans_fallback,False
1110,87,12.6571612278,9.47169147123,0.012228022869999933,0.019235979857000096,0.008927929950000007,0.019813536572200016,0.011766322290826395,0.018650192631820113,0.5364675248095017,0.8439204449386453,-1,-1,instant_velocity,dbscan_kmeans_fallback,False
1110,89,9.6862357403,8.33829608239,0.03399011520500004,-0.007350721831000051,0.03847302203960002,-0.002047701081599982,0.03747284891624697,-0.001392388975531757,0.9774049279620952,-0.21137415093671486,3,3,instant_velocity,dbscan_kmeans_fallback,False
1110,90,8.72819856128,8.37003783575,0.038473022039999985,0.005441443433000082,0.032478975717399994,0.007345948635200017,0.03379345000847566,0.00827555013823193,0.9901453737630398,0.1400415084673267,3,3,instant_velocity,dbscan_kmeans_fallback,False
1110,91,10.2824833959,6.39226407553,0.03992523129900007,0.01773242311900001,0.04980025424019999,0.014243216847000006,0.04810481627270209,0.013845000187598624,0.9139143105263372,0.40590660896604625,4,4,instant_velocity,dbscan_kmeans_fallback,False
1110,92,6.1245346901,8.14235638682,0.04045139407000002,0.005703969212999915,0.038510905759200006,0.010348288915599984,0.03786899845574679,0.008787209405242602,0.9902039722953174,0.13962665817620135,3,3,instant_velocity,dbscan_kmeans_fallback,False
1110,93,7.54201720343,7.98889813561,0.04752302175300001,-0.0023150000570000273,0.04685374270480001,0.012014134317600006,0.04666645604307148,0.00888471063934385,0.998815407982233,-0.04865552822859813,3,3,instant_velocity,dbscan_kmeans_fallback,False
1110,94,5.35633703997,4.01545113018,0.030517440895999927,-0.00625288675200002,0.04111646381639999,-0.006143103244599999,0.03833702383678715,-0.00538875957044065,0.9796472336091,-0.2007253239071801,5,5,instant_velocity,dbscan_kmeans_fallback,False
1110,95,4.65127892272,4.46079031644,0.042093021925000064,-0.011575000287000047,0.039512719681000015,-0.01173728895,0.038391021155046556,-0.009548569805598256,0.9642085729326451,-0.26514405471550745,5,5,instant_velocity,dbscan_kmeans_fallback,False
1110,96,0.407249987125,6.2469202575,0.0,0.0,0.0,0.0,0.0,0.0,0.0,0.0,-1,-1,instant_velocity,dbscan_kmeans_fallback,False
1110,221,11.2238938312,6.04143416995,0.035337091899999964,0.011073814706999929,0.03297146407359999,0.01098789717879999,0.034823265636023476,0.007919657828434453,0.9542412932127038,0.2990368108589457,4,4,instant_velocity,dbscan_kmeans_fallback,False
1110,222,13.1372321428,11.506027604,-0.0011365115900000334,-0.0003579896999999832,-0.0011533488019999894,-0.00036276289599999954,-0.0011393981037829248,-0.0003614433065776962,-0.9537933949655204,-0.3004353095296301,6,6,instant_velocity,dbscan_kmeans_fallback,False
1110,223,13.5019681778,8.28030175106,0.0044408138099999665,-0.010047577567999965,0.0041335347520000095,-0.009890062099999994,0.004453100297747553,-0.00987127568569512,0.4042538451594862,-0.914645837493965,7,7,instant_velocity,dbscan_kmeans_fallback,False
1110,224,13.9431030476,7.71205276794,0.011428255449999902,-0.010238505407999999,0.01251846471999997,-0.009718227044399992,0.012170627143592518,-0.011426966391684418,0.74481239582508,-0.6672729513235183,7,7,instant_velocity,dbscan_kmeans_fallback,False
1110,225,12.9789623804,8.6612027914,0.0018731394799999634,-0.018949588097,0.0013133022839999953,-0.012706247736800015,0.0008393838129366434,-0.01480872667831527,0.0983690914483795,-0.9951494719565428,7,7,instant_velocity,dbscan_kmeans_fallback,False
1110,226,14.0182390917,8.42922546608,0.00467232542999998,-0.008472422890000076,0.004903837053999993,-0.00844855690980001,0.005224046361659964,-0.008997460214077952,0.4829092679384596,-0.875669213707788,7,7,instant_velocity,dbscan_kmeans_fallback,False
1110,227,9.13734273439,2.26273356108,0.009849767130000053,-0.061383300487000005,0.013583418175199995,-0.058132754014200004,0.009984476619376523,-0.057563426667922996,0.15843649192608567,-0.9873690071701232,-1,-1,instant_velocity,dbscan_kmeans_fallback,False
1110,228,8.36956601448,5.55814807553,-0.0026308138699999263,-0.04601360938400001,-0.0025634650351999966,-0.047918114586399996,-0.0026050788001306825,-0.046642588302365735,-0.0570814560248588,-0.9983693071368445,-1,-1,instant_velocity,dbscan_kmeans_fallback,False
1110,229,7.98399393364,4.19563927896,0.03727337091400003,0.02730268108699998,0.0332071849966,0.03592307305279999,0.03312831891016778,0.03370865377710657,0.8067259456500829,0.5909253893218368,8,8,instant_velocity,dbscan_kmeans_fallback,False
1110,230,7.33912883775,4.73238516852,0.03192755712999995,0.03486819673799992,0.031540301328399994,0.038252392698199994,0.03009969729527707,0.03599947723466387,0.6753226029817577,0.7375221751701295,8,8,instant_velocity,dbscan_kmeans_fallback,False
1110,232,13.8330297952,3.40877791931,0.001199651119999956,0.015011701401999967,0.01328034841600001,0.011899577613799997,0.013222699358100625,0.010504091075252787,0.07966038438108976,0.9968213957883899,-1,-1,instant_velocity,dbscan_kmeans_fallback,False
1110,233,14.9343937139,1.90927839771,0.006187674220000083,0.023865979972000018,0.031085696692000012,0.006482000160200001,0.02683919961057494,0.008421261727503824,0.25096957936765596,0.9679945552740599,-1,-1,instant_velocity,dbscan_kmeans_fallback,False
1110,300,1.81168366366,8.35571824777,-0.029822906033999997,-0.005298247553000124,-0.0288547665296,-0.005976041384800013,-0.02979567442847353,-0.004891154299561074,-0.984582671524597,-0.1749179883470883,0,0,instant_velocity,dbscan_kmeans_fallback,False
1110,301,1.48735692972,7.78818524405,-0.017531743632000007,-0.0039856186549999785,-0.022688138817800005,-0.004281556806799997,-0.022675959164940165,-0.003960544924609894,-0.9751187112763221,-0.22168082126233352,0,0,instant_velocity,dbscan_kmeans_fallback,False
1110,308,12.2459124036,12.4518363902,-0.0038936045199999825,0.02209989745000005,-3.788371799998913e-05,0.017565361258,-0.002016180786599514,0.01809738959584954,-0.17350963910589579,0.9848317185605776,9,9,instant_velocity,dbscan_kmeans_fallback,False
1110,309,12.5323554178,12.7391827891,-0.0011365115900000334,0.01532195913999992,-0.00022730231800000667,0.01396637148,-0.0013991645132469194,0.01351118471392071,-0.07397207835588868,0.9972596602114417,9,9,instant_velocity,dbscan_kmeans_fallback,False
1110,310,13.9047983976,11.2726183199,-0.014016976299999939,0.027827732649999957,-0.014016976299999939,0.027827732649999957,-0.013098504458369988,0.02068014133174799,-0.44985885056915415,0.8930993072931683,9,9,instant_velocity,dbscan_kmeans_fallback,False
1110,311,14.1931355978,10.7836043903,-0.029738719990000106,0.00976118581000005,-0.029738719990000106,0.00976118581000005,-0.014667313489500008,0.005183690850900022,-0.9501271701379377,0.31186170265446944,-1,-1,instant_velocity,dbscan_kmeans_fallback,False
1110,312,14.5719727951,11.7671214249,0.0014732557600000361,0.0025059278999998826,0.0014774650680000078,0.00251070109399997,0.001463300687577809,0.002383506892855309,0.5068089319540688,0.8620544219374456,6,6,instant_velocity,dbscan_kmeans_fallback,False
1110,316,14.627325119,3.79469081544,0.031990696669999964,-0.04009484635199998,0.02740255727400001,-0.04319742374820001,0.0301816598746521,-0.038587975051298205,0.6236818067319082,-0.7816780757045524,-1,-1,instant_velocity,dbscan_kmeans_fallback,False
1110,317,14.1514635061,1.51286447038,0.040198835940000066,-0.026682165607999984,0.03846881273800001,-0.030839619319,0.037101732824258785,-0.027901398888610963,0.8331681982850669,-0.5530192933731277,-1,-1,instant_velocity,dbscan_kmeans_fallback,False
1110,318,3.3541824521,8.48149196222,-0.040261975472000035,-0.008639484749000026,-0.046786393869800005,-0.007727804314599993,-0.04389845929606834,-0.008206657861092235,-0.9777428381894694,-0.20980575940334759,0,0,instant_velocity,dbscan_kmeans_fallback,False
1110,319,3.11341036669,8.94496929326,-0.03803104530899999,-0.0052505155940000495,-0.04365467303859999,-0.010462845619400021,-0.04254016092801735,-0.008865563107779756,-0.9906037493445842,-0.1367614376925318,0,0,instant_velocity,dbscan_kmeans_fallback,False
1110,340,13.1338647011,11.8470724578,0.00042093021999995984,-0.0004057216599999691,0.00042513952200000203,-0.000410494856000021,0.00042261502919350763,-0.0004225060156889482,0.7199818206073789,-0.6939682768004959,6,6,instant_velocity,dbscan_kmeans_fallback,False
1110,341,11.8744414851,12.1907425694,0.004209302199999954,-0.02267268097000006,0.0043692556759999945,-0.005427123844000015,0.003424578638769864,-0.007999036941407541,0.18253600345238577,-0.9831987287144215,-1,-1,instant_velocity,dbscan_kmeans_fallback,False
1120,45,4.85942891614,6.3330764452,-0.00515639518600004,-0.0013364948780000495,-0.01525451114580001,-0.0020763402574000087,-0.013294306138238357,-0.0017624485517976779,-0.9680109642037223,-0.25090041566611493,0,0,instant_velocity,dbscan_kmeans_fallback,False
1120,46,4.91330798421,6.85287748897,-0.012333255424000012,-0.0024581959369999852,-0.020170976106399986,-0.001842453653800007,-0.019047160496426734,-0.001667552771663037,-0.9807089774258028,-0.19546946372295584,0,0,instant_velocity,dbscan_kmeans_fallback,False
1120,47,4.60329287773,7.35215378997,-0.025655696863,-0.0015035567380000004,-0.0308205106536,-0.0018806392217999956,-0.02892978552175104,-0.0013479456945525848,-0.9982867389550376,-0.05850477423501877,0,0,instant_velocity,dbscan_kmeans_fallback,False
1120,48,4.41913590681,4.89920836852,-0.03990418478499995,0.004128814535000025,-0.034739370994799984,0.010706278615200002,-0.036577280273836034,0.008134993119300316,-0.9946895162966207,0.10291874285429377,1,1,instant_velocity,dbscan_kmeans_fallback,False
1120,49,4.87731845046,5.43523827867,-0.03729441742600006,0.005441443432999992,-0.03454153379180001,0.009923474472000003,-0.03498352801492812,0.00825356040276967,-0.9895225840274089,0.14437633131942515,1,1,instant_velocity,dbscan_kmeans_fallback,False
1120,50,7.13055791411,8.96406207724,-0.041398487064000025,-0.006372216651999984,-0.038839231330399994,-0.004295876394800011,-0.03876062553208019,-0.003905141183550878,-0.9883599101998927,-0.152132213629172,-1,-1,instant_velocity,dbscan_kmeans_fallback,False
1120,51,10.8572636103,1.52241086237,-0.004651278919999946,0.00023865979999999621,-0.004651278921999982,0.00022911340759999897,-0.004943756025468003,8.538987565400568e-05,-0.9986840617295069,0.05124305433731133,-1,-1,instant_velocity,dbscan_kmeans_fallback,False
1120,52,12.5258309994,6.77244913647,-0.04695476594999999,0.020190619055999993,-0.044555463706000005,0.019340990168799994,-0.03992297952791013,0.017103908789236646,-0.9186685129811156,0.3950288242112661,2,2,instant_velocity,dbscan_kmeans_fallback,False
1120,53,12.8905670343,6.12329448125,-0.034074301249999904,0.020453144836000005,-0.034074301249999904,0.020453144836000005,-0.03438829625036098,0.016951728728412014,-0.857397624170314,0.5146540690749389,2,2,instant_velocity,dbscan_kmeans_fallback,False
1120,54,14.6620518621,5.79322797824,0.0,0.0,0.0,0.0,0.0,0.0,0.0,0.0,-1,-1,instant_velocity,dbscan_kmeans_fallback,False
1120,83,0.289179060625,3.57225988211,-0.038978138302700006,-0.006300618713000005,-0.0384814406439,-0.0052648351816000005,-0.03903120852028025,-0.003079630839589218,-0.9871857803706447,-0.15957358334325444,-1,-1,instant_velocity,dbscan_kmeans_fallback,False
1120,87,12.7792309914,9.6642899296,0.012206976360000076,0.019259845837,0.00792611603000001,0.020624979891400025,0.011898518511578499,0.01883308859337408,0.5353358332416829,0.8446387799227858,-1,-1,instant_velocity,dbscan_kmeans_fallback,False
1120,89,10.0261368923,8.26502752388,0.03399011519999995,-0.0073268558509999695,0.03769430113320002,-0.004467711450599978,0.036428028801372865,-0.003172729038172221,0.9775465126956856,-0.21071839103884563,3,3,instant_velocity,dbscan_kmeans_fallback,False
1120,90,9.11313924679,8.42469092988,0.038494068551000106,0.0054653094129999856,0.0348824872694,0.006591783668000026,0.035203635571232995,0.0074324779206623465,0.9900707346444132,0.14056822542462427,3,3,instant_velocity,dbscan_kmeans_fallback,False
1120,91,10.6697391976,6.57364552331,0.03872558017000003,0.018138144777999975,0.046495952019000024,0.015484247805399996,0.04529104544189147,0.01513294356471903,0.9055887310747873,0.4241563184193288,-1,-1,instant_velocity,dbscan_kmeans_fallback,False
1120,92,6.54546490935,8.14927752102,0.042093021924999974,0.0006921134200000622,0.039310673175800004,0.00923613424900001,0.03913620549652275,0.00635868060966984,0.9998646124222763,0.016440247926928064,3,3,instant_velocity,dbscan_kmeans_fallback,False
1120,93,8.01745788607,7.96574813504,0.04754406826399995,-0.0023150000570000273,0.0459908357552,0.004730237230400007,0.04692973970935002,0.005524797430440686,0.9988164545722509,-0.04863404066366264,3,3,instant_velocity,dbscan_kmeans_fallback,False
1120,94,5.61184168306,3.95578618025,0.025550464309000008,-0.0059664949929999715,0.036692487212199996,-0.006491546552199994,0.03450105597845101,-0.005562080197208446,0.9738010160972647,-0.2274001292679449,4,4,instant_velocity,dbscan_kmeans_fallback,False
1120,95,5.07515565351,4.39826144892,0.042387673079,-0.00625288675200002,0.040691324295000005,-0.010601268303200016,0.03959001673223259,-0.008559864889518785,0.9892936111336167,-0.14593726113171174,4,4,instant_velocity,dbscan_kmeans_fallback,False
1120,96,0.712424396082,6.30658520743,0.030517440895700004,0.005966494993000016,0.030517440895700004,0.005966494993000016,0.009155232268710003,0.001789948497900005,0.9814184408862874,0.19187808812668136,-1,-1,instant_velocity,dbscan_kmeans_fallback,False
1120,221,11.4850810323,6.11446406866,0.026118720110000028,0.007302989871000065,0.0318812548068,0.010443752835400008,0.03221190197821644,0.007734657441204136,0.9630617482521698,0.26927928179529786,-1,-1,instant_velocity,dbscan_kmeans_fallback,False
1120,222,13.1256565618,11.502447707,-0.0011575581000000668,-0.0003579896999999832,-0.0011533488000000248,-0.00036276289599999954,-0.0011448461026480673,-0.0003604072246043823,-0.9553484034175597,-0.29545375591505546,5,5,instant_velocity,dbscan_kmeans_fallback,False
1120,223,13.5583728272,8.17910999598,0.005640464939999923,-0.010119175508000034,0.004533418462000008,-0.009985526020000001,0.004809309690423264,-0.009945645632386594,0.48687553561839236,-0.873470369532002,6,6,instant_velocity,dbscan_kmeans_fallback,False
1120,224,14.057175137,7.60990637366,0.011407208940000047,-0.010214639428000005,0.012110162407999994,-0.009904381688200008,0.011941601682514777,-0.011063268302579095,0.7449750015767871,-0.6670914036909525,6,6,instant_velocity,dbscan_kmeans_fallback,False
1120,225,12.99748331,8.47170691043,0.0018520929599999292,-0.018949588097,0.0014900929759999926,-0.014720536446200007,0.0011431965570556292,-0.01605098510392069,0.09727433754929493,-0.9952570787633414,6,6,instant_velocity,dbscan_kmeans_fallback,False
1120,226,14.0630681601,8.34283061858,0.004482906840000034,-0.008639484749999937,0.004769139383999992,-0.008419917734000002,0.005001704505161984,-0.008890067574854547,0.46057367217827666,-0.8876203229410989,6,6,instant_velocity,dbscan_kmeans_fallback,False
1120,227,9.1529171525,1.64412736023,0.001557441811000082,-0.06186062008500002,0.010359092695600012,-0.0600038468438,0.0074563661768635905,-0.058852584693046106,0.02516864832160914,-0.9996830577421517,-1,-1,instant_velocity,dbscan_kmeans_fallback,False
1120,228,8.33441834117,5.10731971387,-0.0035147673310000015,-0.04508283616600002,-0.0019194417997999834,-0.047579217670800006,-0.002877985359391478,-0.04617466266145602,-0.07772655134464349,-0.9969744936208266,-1,-1,instant_velocity,dbscan_kmeans_fallback,False
1120,229,8.26812183164,4.38656711873,0.02841278980000004,0.01909278397700005,0.032971464074,0.030519815187200008,0.03171366017711746,0.029323892837074615,0.8300095870115322,0.5577486003732793,-1,-1,instant_velocity,dbscan_kmeans_fallback,False
1120,230,7.65987766482,5.0846470329,0.032074882707000006,0.03522618643800009,0.0314098129604,0.03433837198280001,0.03069225291879395,0.03576748999566473,0.6732594364176538,0.7394060531736658,-1,-1,instant_velocity,dbscan_kmeans_fallback,False
1120,232,13.8450263065,3.55865627353,0.001199651129999957,0.014987835422000018,0.008927929950000007,0.013236072492200001,0.009615784889670423,0.011849214379276957,0.07978642584410417,0.996811314186888,-1,-1,instant_velocity,dbscan_kmeans_fallback,False
1120,233,14.9962704561,2.14793819742,0.006187674219999906,0.023865979970999974,0.023311115541999997,0.013069010632199998,0.02064374199340243,0.013054677200552669,0.2509695793775031,0.9679945552715068,-1,-1,instant_velocity,dbscan_kmeans_fallback,False
1120,300,1.56543948539,8.32922701,-0.024624417827,-0.0026491237769999286,-0.0283243944534,-0.005093000125799989,-0.028244297448031468,-0.00421854514279273,-0.9942624959663032,-0.10696392650370005,0,0,instant_velocity,dbscan_kmeans_fallback,False
1120,301,1.29646507529,7.75739812989,-0.019089185443,-0.0030787114159999797,-0.0211559528196,-0.003995165047199993,-0.021599927048358114,-0.0036959948720269196,-0.9872421504186297,-0.1592228064380172,0,0,instant_velocity,dbscan_kmeans_fallback,False
1120,308,12.2069763583,12.6728353648,-0.0038936045299999833,0.022099897459999872,-0.00023572092199998452,0.02025744379999999,-0.002579407909619655,0.01929814195509464,-0.17350963946196074,0.9848317184978455,7,7,instant_velocity,dbscan_kmeans_fallback,False
1120,309,12.503942628,12.9649549596,-0.002841278979999906,0.022577217050000088,-0.0007955581139999879,0.01519308285000001,-0.0018317988532728156,0.016230994414744522,-0.12486224996789377,0.992173643883642,7,7,instant_velocity,dbscan_kmeans_fallback,False
1120,310,13.7831495643,11.5485090483,-0.01216488333000001,0.027589072840000027,-0.017561208746000007,0.027030608914,-0.012818418119858996,0.022752820784223603,-0.4034522150043537,0.915000353498208,7,7,instant_velocity,dbscan_kmeans_fallback,False
1120,311,13.8719658405,10.8716698563,-0.03211697572999998,0.008806546599999975,-0.03211697572999998,0.008806546599999975,-0.01990221216165,0.006270547575630008,-0.9644015375524156,0.2644410592381445,-1,-1,instant_velocity,dbscan_kmeans_fallback,False
1120,312,14.5686053534,11.8148533848,-0.0003367441700000029,0.004773195990000012,0.001115465082,0.0029641547119999955,0.0009232872303044653,0.0031004136219987197,-0.07037393166296349,0.9975185863327323,5,5,instant_velocity,dbscan_kmeans_fallback,False
1120,316,15.0834030115,3.4963660658,0.045607789249999975,-0.02983247496399999,0.031430859469999996,-0.041130629882599995,0.03480949868725647,-0.035961325025108744,0.8368686139202162,-0.5474034673349626,-1,-1,instant_velocity,dbscan_kmeans_fallback,False
1120,317,14.5540832608,1.2534412681,0.04026197546999999,-0.025942320228000006,0.039251742944000016,-0.029083083192999997,0.038049805617981144,-0.027313675290427678,0.8406116051548308,-0.5416379895355324,-1,-1,instant_velocity,dbscan_kmeans_fallback,False
1120,318,3.00565223056,8.3246924738,-0.03485302215399999,-0.015679948841999903,-0.0433263474676,-0.008787453825599983,-0.04118482815344783,-0.010448645155364537,-0.9119595595709195,-0.41027946376821345,0,0,instant_velocity,dbscan_kmeans_fallback,False
1120,319,2.8469615379,8.87337135335,-0.02664488287900002,-0.00715979399099993,-0.0400599289662,-0.008267175461999976,-0.03777157751331215,-0.008353832372745808,-0.9657411154777157,-0.2595060172288668,0,0,instant_velocity,dbscan_kmeans_fallback,False
1120,340,13.1380740033,11.8427765814,0.00042093021999995984,-0.00042958763999987324,0.00042513952200000203,-0.00041526805200000185,0.00042210958643544333,-0.0004246305029822257,0.6998612491966589,-0.7142555418562834,5,5,instant_velocity,dbscan_kmeans_fallback,False
1120,341,11.9735705517,11.9444456561,0.009912906659999976,-0.024629691330000016,0.005463674245999996,-0.010892433258000019,0.005371077045138898,-0.012988233257985284,0.3733713373815667,-0.927681567736794,-1,-1,instant_velocity,dbscan_kmeans_fallback,False
1130,45,4.80765449918,6.31947283661,-0.005177441695999985,-0.0013603608589999538,-0.010451697344,-0.0017326701460000037,-0.010859246805566844,-0.0016418222439583607,-0.9671703016656158,-0.25412176507744594,0,0,instant_velocity,dbscan_kmeans_fallback,False
1130,46,4.78997542997,6.8280568698,-0.012333255424000012,-0.002482061916999978,-0.01766223199979999,-0.0020620206695999956,-0.017032988974698716,-0.0019119055152641193,-0.9803436170086929,-0.19729369689500126,0,0,instant_velocity,dbscan_kmeans_fallback,False
1130,47,4.3467359091,7.33735688239,-0.025655696863,-0.0014796907580000075,-0.030012324632599993,-0.0019379175735999964,-0.02794755892412573,-0.0013874692135868115,-0.9983405500859608,-0.0575792305774111,0,0,instant_velocity,dbscan_kmeans_fallback,False
1130,48,4.01988359385,4.94025785407,-0.03992523129599999,0.004104948555000032,-0.036410463965199986,0.00857743320180001,-0.03758166558048522,0.006925979750010231,-0.9947557374469863,0.10227670559344025,1,1,instant_velocity,dbscan_kmeans_fallback,False
1130,49,4.50458474132,5.48989137281,-0.03727337091399994,0.005465309413999986,-0.035261324466599984,0.008749268257599994,-0.035670480884649663,0.007417085106138765,-0.9894201835767726,0.14507642617514555,1,1,instant_velocity,dbscan_kmeans_fallback,False
1130,50,6.77550327417,8.86859815735,-0.03550546399399997,-0.009546391988999935,-0.0386413941274,-0.005727835193200015,-0.037784077070656126,-0.005597516425185595,-0.965702642254193,-0.25964949984400726,-1,-1,instant_velocity,dbscan_kmeans_fallback,False
1130,51,10.8105403559,1.52455880057,-0.004672325439999981,0.00021479382000000324,-0.004655488225999989,0.000229113407799999,-0.0048623268498275965,0.00012421105895780494,-0.9989428466864487,0.04592290343573773,-1,-1,instant_velocity,dbscan_kmeans_fallback,False
1130,52,12.1333135699,6.97936718282,-0.03925174294999998,0.020691804635000022,-0.043873556751999984,0.019947186059999993,-0.03972160855453708,0.01818027754296566,-0.8846113795651261,0.466328485519124,2,2,instant_velocity,dbscan_kmeans_fallback,False
1130,53,12.5858135556,6.34835067238,-0.030475347870000037,0.02250561911299993,-0.045843510177999994,0.0229352067526,-0.0332144117362527,0.01861789584378839,-0.8044236340749331,0.5940556278869362,2,2,instant_velocity,dbscan_kmeans_fallback,False
1130,54,14.1678797847,5.96959757023,-0.04941720774,0.017636959199000036,-0.04941720774,0.017636959199000036,-0.014825162322000002,0.005291087759700012,-0.9418144123815444,0.3361327586859624,2,2,instant_velocity,dbscan_kmeans_fallback,False
1130,55,14.6565797692,6.5817599565,0.0,0.0,0.0,0.0,0.0,0.0,0.0,0.0,3,3,instant_velocity,dbscan_kmeans_fallback,False
1130,56,14.8167437176,7.06433007152,0.0,0.0,0.0,0.0,0.0,0.0,0.0,0.0,3,3,instant_velocity,dbscan_kmeans_fallback,False
1130,87,12.90151122,9.85664972817,0.012228022859999932,0.01923597985699992,0.009058418318000002,0.020329041739599988,0.011997369816104927,0.01895395597246183,0.5364675244970478,0.8439204451372673,-1,-1,instant_velocity,dbscan_kmeans_fallback,False
1130,89,10.3662485095,8.19152030556,0.03401116171999998,-0.00735072183200014,0.036216836064400015,-0.005618051685400012,0.035702968676961,-0.004426126876320597,0.9774319441109593,-0.2112491890168453,4,4,instant_velocity,dbscan_kmeans_fallback,False
1130,90,9.51428574573,8.43972649727,0.04011464989399993,0.0015035567389999117,0.03761011508999999,0.005045268165999986,0.03667693986806308,0.005653801566163616,0.9992980593690757,0.03745517748264434,4,4,instant_velocity,dbscan_kmeans_fallback,False
1130,91,10.9913298851,6.72734243432,0.032159068750000054,0.015369691100999994,0.04242976610080003,0.015904289052799996,0.041351452434324046,0.01520396782560332,0.9022511428160882,0.4312102899623759,-1,-1,instant_velocity,dbscan_kmeans_fallback,False
1130,92,6.9663951286,8.15595999541,0.042093021925000064,0.0006682474390000692,0.040127277801200005,0.0067158867640000255,0.04002325042506594,0.004651550658468909,0.9998737706803035,0.01587348819409939,4,4,instant_velocity,dbscan_kmeans_fallback,False
1130,93,8.48763694098,7.94737133046,0.047017905491,-0.0018376804579999905,0.0459024404094,0.0004104948556000032,0.04695618944384502,0.0033160540639084832,0.9992368549675935,-0.03905486690892284,4,4,instant_velocity,dbscan_kmeans_fallback,False
1130,94,5.86755679125,3.89612123032,0.025571510819000044,-0.005966494993000016,0.033165091974800005,-0.0064104022204,0.03182219243061572,-0.005683404635945917,0.9738424473117735,-0.2272226356504262,-1,-1,instant_velocity,dbscan_kmeans_fallback,False
1130,95,5.50366261671,4.4152062947,0.04285069631999994,0.0016944845780000328,0.0419667428594,-0.007875773390600003,0.0405682206085628,-0.00548356004926314,0.9992188218925433,0.03951303080584989,-1,-1,instant_velocity,dbscan_kmeans_fallback,False
1130,96,1.01759880504,6.36625015736,0.030517440895799997,0.005966494992999926,0.030517440895799997,0.005966494992999926,0.015563894856837002,0.0030429124464299816,0.9814184408864064,0.19187808812607307,-1,-1,instant_velocity,dbscan_kmeans_fallback,False
1130,221,11.6850228864,6.1621960286,0.019994185410000042,0.0047731959940000126,0.029818696732000022,0.009107257957000013,0.02854658700775152,0.006846219007042899,0.9726666241998504,0.232203930238948,-1,-1,instant_velocity,dbscan_kmeans_fallback,False
1130,222,13.1140809808,11.4986291502,-0.0011575580999998892,-0.000381855680000065,-0.0011533487999999892,-0.0003675360920000159,-0.0011486597018536139,-0.0003668417612230871,-0.9496546649819749,-0.3132724205048202,5,5,instant_velocity,dbscan_kmeans_fallback,False
1130,223,13.6436111966,8.0769636017,0.008523836940000074,-0.010214639428000005,0.005493139362000008,-0.010095309528000022,0.005923667865296307,-0.010026343771070617,0.6407000105880799,-0.76779033148339,3,3,instant_velocity,dbscan_kmeans_fallback,False
1130,224,14.204921644,7.497497608,0.01477465070000008,-0.011240876566000058,0.012375348446000025,-0.010295783759599999,0.012791516387760368,-0.011116550781605384,0.7958465777360443,-0.6054974379735688,3,3,instant_velocity,dbscan_kmeans_fallback,False
1130,225,12.9863286592,8.33376154619,-0.0011154650799999998,-0.013794536423999837,0.0010691627559999972,-0.015703814821199983,0.00046559806593894046,-0.015374050499944433,-0.08059967594551176,-0.9967458287380413,3,3,instant_velocity,dbscan_kmeans_fallback,False
1130,226,14.1078972284,8.25667443089,0.004482906830000033,-0.008615618769000122,0.00468495334,-0.008477196085800004,0.004846065202613398,-0.008807732933098219,0.46157797238454457,-0.8870984816414917,3,3,instant_velocity,dbscan_kmeans_fallback,False
1130,227,9.16849157062,1.02528249957,0.0015574418119999934,-0.061884486065999986,0.007366278837000024,-0.061531269562199994,0.005686688867404511,-0.05976215510493227,0.02515894810204014,-0.9996833019761809,-1,-1,instant_velocity,dbscan_kmeans_fallback,False
1130,228,8.08459625605,4.77916248926,-0.024982208511999993,-0.032815722460999994,-0.005871976558400007,-0.0446675681144,-0.009509252305174035,-0.042166980601319216,-0.6057324160220421,-0.7956681187839061,-1,-1,instant_velocity,dbscan_kmeans_fallback,False
1130,229,8.5558276365,4.58990526809,0.028770580485999987,0.02033381493599995,0.03291253384340001,0.026405320240399998,0.030830736269782215,0.026626869466752214,0.8166309025948402,0.5771597709841942,6,6,instant_velocity,dbscan_kmeans_fallback,False
1130,230,7.97662765481,5.37318673075,0.03167499899899999,0.028853969784999923,0.031464533888999995,0.032405227605199996,0.030987076742855765,0.03369343393246529,0.7392597613196188,0.6734200312699603,6,6,instant_velocity,dbscan_kmeans_fallback,False
1130,232,13.7949356104,3.89230267353,-0.005009069609999983,0.033364640000000015,0.0033969068700000094,0.017885165390600005,0.0052283285397693,0.018303842065493875,-0.14846718756979252,0.9889170346503972,7,7,instant_velocity,dbscan_kmeans_fallback,False
1130,233,14.9602809224,2.53838562975,-0.0035989533699998686,0.03904474323300002,0.013200371676000024,0.021245495370400002,0.013370933384381738,0.020851697010286878,-0.09178598944258326,0.9957785005068418,7,7,instant_velocity,dbscan_kmeans_fallback,False
1130,300,1.37118018921,8.32922701,-0.019425929618000003,0.0,-0.0266996038072,-0.0037135464836000054,-0.025598787099022028,-0.0029529815999549108,-0.9999994852243856,0.0,0,0,instant_velocity,dbscan_kmeans_fallback,False
1130,301,1.04390694374,7.76288730528,-0.025255813155000008,0.0005489175389999268,-0.020861301666199997,-0.002978474300400009,-0.022696692880350682,-0.0024225211487188653,-0.9997634978835301,0.021729164508470396,0,0,instant_velocity,dbscan_kmeans_fallback,False
1130,308,12.1754065918,12.8935956795,-0.003156976650000054,0.022076031470000146,-0.0012964650760000042,0.02157484589400003,-0.002752678531733775,0.020131508809566292,-0.14156445820163358,0.9899285869893051,8,8,instant_velocity,dbscan_kmeans_fallback,False
1130,309,12.4755298382,13.1907271302,-0.0028412789800000837,0.02257721706000009,-0.0013638139100000046,0.016415021026000006,-0.0021346428912909963,0.018134861208321192,-0.12486224991345918,0.9921736438904927,8,8,instant_velocity,dbscan_kmeans_fallback,False
1130,310,13.6739181724,11.8224904984,-0.010923139189999986,0.027398145010000086,-0.014985115803999988,0.027321773872,-0.012249834440901292,0.02414641805195655,-0.37033465449103836,0.9288980383279142,8,8,instant_velocity,dbscan_kmeans_fallback,False
1130,311,13.5989925933,10.9272775897,-0.02729732471999995,0.005560773339999869,-0.02729732471999995,0.005560773339999869,-0.022120745929154986,0.006057615304940965,-0.9798747422604569,0.1996115516517621,-1,-1,instant_velocity,dbscan_kmeans_fallback,False
1130,312,14.4025483819,12.0661621539,-0.016605697149999977,0.025130876910000134,-0.002500325501999967,0.00748914451400001,-0.004335408083786868,0.009709552608399145,-0.5512886912734576,0.8343141583952316,8,8,instant_velocity,dbscan_kmeans_fallback,False
1130,317,14.9567030155,0.994018065807,0.04026197546999999,-0.025942320229299997,0.04003046385000001,-0.027331320263260003,0.038713456573586796,-0.02690226877208937,0.8406116051424728,-0.5416379895547118,-1,-1,instant_velocity,dbscan_kmeans_fallback,False
1130,318,2.65712200902,8.16813164519,-0.03485302215399999,-0.015656082861000085,-0.0398663010654,-0.00984233014019999,-0.03928528635361348,-0.0120108764670552,-0.9121931236651714,-0.40975990736853174,0,0,instant_velocity,dbscan_kmeans_fallback,False
1130,319,2.58030224401,8.80177341343,-0.02666592938900001,-0.007159793992000019,-0.036469394195799996,-0.006071505304799984,-0.03443988307601851,-0.007995620858522071,-0.9657924305048807,-0.25931497607206605,0,0,instant_velocity,dbscan_kmeans_fallback,False
1130,340,13.1422833055,11.8387193648,0.00042093021999995984,-0.00040572166000014677,0.00042513952200000203,-0.000410494856000021,0.0004217557765047983,-0.000418957850087602,0.719981820607227,-0.6939682768006533,5,5,instant_velocity,dbscan_kmeans_fallback,False
1130,341,12.1107938032,11.6850224538,0.013722325150000002,-0.025942320229999892,0.007319976514000004,-0.016615495255999983,0.00787645147659723,-0.016874459349589668,0.46757229969939373,-0.8839544462681058,-1,-1,instant_velocity,dbscan_kmeans_fallback,False
1140,45,4.75609054732,6.30610788783,-0.005156395185999951,-0.0013364948780000495,-0.0056446742402,-0.0013842268384000002,-0.009148391319696775,-0.0015502240341708673,-0.9680109642037211,-0.250900415666119,0,0,instant_velocity,dbscan_kmeans_fallback,False
1140,46,4.71547078116,6.81516924062,-0.007450464881000052,-0.0012887629179999748,-0.014265325130400014,-0.002009515513599993,-0.014158231746589117,-0.001724962736084876,-0.985365658076445,-0.17044610518707792,0,0,instant_velocity,dbscan_kmeans_fallback,False
1140,47,4.15373940357,7.3254238924,-0.019299650553,-0.0011932989990000031,-0.02699846426279999,-0.0016992577739999958,-0.025353186412788012,-0.001329218149210769,-0.9980934674659306,-0.06171220211292378,0,0,instant_velocity,dbscan_kmeans_fallback,False
1140,48,3.57559174743,4.97557950443,-0.044429184642000054,0.0035321650359999347,-0.03898234760480001,0.006334031084399996,-0.03963592129893967,0.005907835335807142,-0.9968544729487165,0.07925093705188224,1,1,instant_velocity,dbscan_kmeans_fallback,False
1140,49,4.13164056706,5.54430580714,-0.03729441742600006,0.005441443432999992,-0.0359853244438,0.007570288846800004,-0.03615766184705478,0.006824392604197134,-0.9895225840274089,0.14437633131942515,1,1,instant_velocity,dbscan_kmeans_fallback,False
1140,50,6.50905444539,8.72540227752,-0.026644882877999976,-0.014319587982999949,-0.0366756500034,-0.008114433190399985,-0.03444231881285928,-0.008214137892529902,-0.8808521808682155,-0.4733907205264694,-1,-1,instant_velocity,dbscan_kmeans_fallback,False
1140,51,10.7640275667,1.52694539857,-0.004651278920000124,0.00023865979999999621,-0.0046554882240000236,0.000229113407799999,-0.004799012470879355,0.0001585456812704623,-0.998684061729507,0.05124305433730937,-1,-1,instant_velocity,dbscan_kmeans_fallback,False
1140,52,11.8176159055,7.19153574477,-0.03156976644,0.021216856195000043,-0.041608952172,0.020333814935600002,-0.03727605592017595,0.019091251138575977,-0.829977335783166,0.5577966442003458,2,2,instant_velocity,dbscan_kmeans_fallback,False
1140,53,12.3052635645,6.58701047209,-0.028054999109999913,0.02386597997100006,-0.03920964992199998,0.02271563973680001,-0.03166658794837686,0.02019232108195189,-0.761681407512467,0.6479513025361751,2,2,instant_velocity,dbscan_kmeans_fallback,False
1140,54,13.6739181724,6.14596716222,-0.04939616122999997,0.017636959198999946,-0.04939616122999997,0.017636959198999946,-0.025196461994399996,0.008994849191489993,-0.9417690667073987,0.3362597859995417,-1,-1,instant_velocity,dbscan_kmeans_fallback,False
1140,55,14.3362518724,6.57149758511,-0.03203278968000003,-0.0010262371389999636,-0.03203278968000003,-0.0010262371389999636,-0.00960983690400001,-0.0003078711416999891,-0.9994868955034815,-0.03202064454442007,3,3,instant_velocity,dbscan_kmeans_fallback,False
1140,56,14.5555565166,7.05621563833,-0.026118720100000027,-0.0008114433189999381,-0.026118720100000027,-0.0008114433189999381,-0.00783561603000001,-0.00024343299569998147,-0.9995173718109117,-0.031052505271126993,3,3,instant_velocity,dbscan_kmeans_fallback,False
1140,87,13.0418914482,9.9919698346,0.014038022819999973,0.013532010643000091,0.011087301975999999,0.018615464377600012,0.012609565717273442,0.017327372373623307,0.719963186385374,0.6940115161271093,-1,-1,instant_velocity,dbscan_kmeans_fallback,False
1140,89,10.691627569,8.18961102717,0.032537905949999946,-0.00019092783899985478,0.03444471984179998,-0.0053364331215999886,0.03475344985887269,-0.003155567165124374,0.9999824772377188,-0.005867756016939358,4,4,instant_velocity,dbscan_kmeans_fallback,False
1140,90,9.91564270979,8.45452340485,0.04013569640599997,0.0014796907580000962,0.03914230108819998,0.00387106195140003,0.03771456682944414,0.00440156832371456,0.9993208479458054,0.036842161850745306,4,4,instant_velocity,dbscan_kmeans_fallback,False
1140,91,11.2140019711,6.83975119999,0.022267208599999932,0.011240876567000058,0.036747208141200007,0.015326732337600006,0.03562617928402681,0.014015040448022343,0.8926999827208704,0.4506505731090344,-1,-1,instant_velocity,dbscan_kmeans_fallback,False
1140,92,7.38921953384,8.1643130884,0.04228244052400001,0.0008353092989999312,0.040985975448400006,0.004233824846999994,0.040701007454746155,0.0035066782506282153,0.9998046814775056,0.019751606985594552,4,4,instant_velocity,dbscan_kmeans_fallback,False
1140,93,8.93761134536,7.94737133046,0.044997440438000066,0.0,0.04629390551320002,-0.0006730206351999967,0.046368564742091535,0.002321237844735938,0.9999997777651866,0.0,4,4,instant_velocity,dbscan_kmeans_fallback,False
1140,94,6.18093933948,3.98466401602,0.03133825482299999,0.008854278570000007,0.031014138554400005,-0.003250546472,0.031677011148331005,-0.001322099674162139,0.9623266631659289,0.27189479436985503,5,5,instant_velocity,dbscan_kmeans_fallback,False
1140,95,5.93216957991,4.43215114048,0.04285069632000003,0.0016944845780000328,0.042455021913799997,-0.005202783633799992,0.04125296332199396,-0.0033301466610841874,0.9992188218925433,0.03951303080584981,5,5,instant_velocity,dbscan_kmeans_fallback,False
1140,96,1.322773214,6.42591510728,0.030517440895999993,0.005966494992000015,0.030517440895999993,0.005966494992000015,0.0200499586685859,0.003919987210100992,0.9814184408926986,0.19187808809388937,-1,-1,instant_velocity,dbscan_kmeans_fallback,False
1140,221,11.897382182,6.14716046122,0.021235929559999887,-0.0015035567380000004,0.027604603777999975,0.006544051708200005,0.02635338977342603,0.004341286283530029,0.9975024195857379,-0.07062565732768647,-1,-1,instant_velocity,dbscan_kmeans_fallback,False
1140,222,13.1025053997,11.4950492532,-0.0011575581100000676,-0.0003579896999999832,-0.0011533488019999894,-0.00036276289599999954,-0.0011513292242975501,-0.0003641861428561559,-0.9553484041380741,-0.29545375358549547,6,6,instant_velocity,dbscan_kmeans_fallback,False
1140,223,13.728849566,7.97457854763,0.008523836939999896,-0.01023850540699991,0.006309743985999994,-0.010133495095800011,0.006703718587707384,-0.010089992261849404,0.6398183398383205,-0.7685252050272597,7,7,instant_velocity,dbscan_kmeans_fallback,False
1140,224,14.3606658251,7.38246358454,0.015574418109999932,-0.01150340234599998,0.012922557732000009,-0.01068241263500001,0.013626386904432238,-0.011232606250923762,0.8043762407659782,-0.5941193738180719,7,7,instant_velocity,dbscan_kmeans_fallback,False
1140,225,12.9452879628,8.2476053585,-0.004104069639999963,-0.008615618769000122,5.472092800001604e-05,-0.01565130966520002,-0.0009053022458427307,-0.01334652098066114,-0.43005220143800066,-0.9028028623703114,7,7,instant_velocity,dbscan_kmeans_fallback,False
1140,226,14.1527262968,8.17027958339,0.004482906839999856,-0.008639484749999937,0.00460497659999998,-0.008539247633800002,0.004737117693829336,-0.008757258478168734,0.46057367217826223,-0.8876203229411064,7,7,instant_velocity,dbscan_kmeans_fallback,False
1140,227,9.16617645441,0.539848466952,-0.00023151162100010225,-0.04854340326180001,0.004933302169600005,-0.05898715609716001,0.003911228720883127,-0.05639652955199259,-0.004769112277620134,-0.9999884217182059,-1,-1,instant_velocity,dbscan_kmeans_fallback,False
1140,228,7.83561603136,4.4121037173,-0.024898022469000036,-0.036705877196000006,-0.011028371744399993,-0.042066176297600004,-0.014125883354321835,-0.04052864957972345,-0.561354052634265,-0.8275754809493431,-1,-1,instant_velocity,dbscan_kmeans_fallback,False
1140,229,8.87573460313,4.90493620371,0.03199069666300005,0.031503093562000026,0.03294620826080001,0.0252836191816,0.031178724387747568,0.028089736695326557,0.7125158671666998,0.7016556802191604,8,8,instant_velocity,dbscan_kmeans_fallback,False
1140,230,8.29590322611,5.62449549985,0.03192755712999995,0.025130876910000044,0.031687626905199974,0.031126011078599997,0.031269220858999025,0.031124666825725712,0.785780541507503,0.6185050107808943,8,8,instant_velocity,dbscan_kmeans_fallback,False
1140,232,13.7185367756,4.30446814763,-0.00763988347999991,0.04121654740999996,-0.001805790639999998,0.023913711931199996,0.0013678649338385368,0.025177653668845702,-0.18225503861600909,0.983251048198997,-1,-1,instant_velocity,dbscan_kmeans_fallback,False
1140,233,14.8262146476,3.0808593545,-0.013406627480000034,0.05424737247499998,0.0011280929880000201,0.032462505956999996,0.005337665125067206,0.030870399649700807,-0.23992040845801962,0.9707923772322414,-1,-1,instant_velocity,dbscan_kmeans_fallback,False
1140,300,1.17692089303,8.32922701,-0.019425929618000003,0.0,-0.024624417826200003,-0.0026538969727999983,-0.02374692985471542,-0.0020670871199684375,-0.9999994852243856,0.0,0,0,instant_velocity,dbscan_kmeans_fallback,False
1140,301,0.791348812192,7.76813782087,-0.025255813154799987,0.0005250515590000226,-0.020932859803359998,-0.001995195925599997,-0.023464428962685472,-0.001538249336403199,-0.9997835760214661,0.020784835635075223,0,0,instant_velocity,dbscan_kmeans_fallback,False
1140,308,12.1438368254,13.1143559943,-0.003156976640000053,0.02207603147999997,-0.0030349068800000012,0.021971021162,-0.0028739679642136584,0.020714865610696395,-0.14156445769936263,0.9899285870611323,9,9,instant_velocity,dbscan_kmeans_fallback,False
1140,309,12.4471170484,13.4164993007,-0.002841278979999906,0.02257721704999991,-0.001932069705999986,0.018710928297999984,-0.002346633717903669,0.019467567960824807,-0.12486224996789473,0.9921736438836418,9,9,instant_velocity,dbscan_kmeans_fallback,False
1140,310,13.5648972456,12.0964719485,-0.010902092680000131,0.02739814500999991,-0.012409022864000007,0.027612938828000005,-0.011845511912630944,0.02512193613936956,-0.36971871866977796,0.9291433639716421,9,9,instant_velocity,dbscan_kmeans_fallback,False
1140,311,13.358430973,10.961405941,-0.02405616202999994,0.003412835130000147,-0.02811392934399997,0.007656206374000014,-0.022701370759408472,0.0052641812524587194,-0.9900855246676652,0.14046291574177774,-1,-1,instant_velocity,dbscan_kmeans_fallback,False
1140,312,14.2219693178,12.2857291696,-0.018057906410000157,0.021956701569999914,-0.006406557938000006,0.011374526054,-0.008452157581650854,0.013383697296879375,-0.635202100291308,0.7723455109397304,9,9,instant_velocity,dbscan_kmeans_fallback,False
1140,318,2.32290341494,8.02923164176,-0.03342185940800002,-0.013890000343000076,-0.037445952304599996,-0.01157022709000003,-0.03752625826992945,-0.012574613629838662,-0.9234272046027513,-0.38377290838575023,0,0,instant_velocity,dbscan_kmeans_fallback,False
1140,319,2.3045929504,8.72898217452,-0.027570929360999984,-0.007279123890999983,-0.0329041152388,-0.0061669692245999745,-0.03237919696151295,-0.0077806717682654455,-0.9668700606435344,-0.2552676721836732,0,0,instant_velocity,dbscan_kmeans_fallback,False
1140,340,13.1464926076,11.8346621482,0.00042093021000013666,-0.0004057216599999691,0.0004209302180000307,-0.000410494856000021,0.0004215081065533998,-0.00041498699306131217,0.7199818123696813,-0.6939682853466814,6,6,instant_velocity,dbscan_kmeans_fallback,False
1140,341,12.2288647297,11.4131889419,0.011807092649999972,-0.02718335119000006,0.008793232280000006,-0.022591536639999993,0.009055643828618053,-0.019967126901712783,0.3983923541361048,-0.9172147280382893,-1,-1,instant_velocity,dbscan_kmeans_fallback,False
1150,45,4.67527194522,6.29083366065,-0.00808186021000008,-0.0015274227179999933,-0.0057456974928000015,-0.0013842268382,-0.008828431986787766,-0.0015433836393196052,-0.9826040732759499,-0.18570622917530039,0,0,instant_velocity,dbscan_kmeans_fallback,False
1150,46,4.6464382252,6.80347491043,-0.00690325559599998,-0.0011694330190000102,-0.010754767102000002,-0.0019379175735999964,-0.011981738901412376,-0.0015583038209594161,-0.9859515071546283,-0.16702325903556917,0,0,instant_velocity,dbscan_kmeans_fallback,False
1150,47,4.10912080033,7.32065069641,-0.004461860324,-0.0004773195989999479,-0.021017045847199985,-0.0013174020943999842,-0.01908578858615161,-0.0010736485841475226,-0.9943243191006109,-0.10637053847609414,0,0,instant_velocity,dbscan_kmeans_fallback,False
1150,48,3.13129990101,5.01090115478,-0.044429184641999964,0.003532165035000023,-0.041554231244400004,0.0040954021629999995,-0.04107390030185776,0.005195134245565006,-0.996854472950489,0.07925093702958837,1,1,instant_velocity,dbscan_kmeans_fallback,False
1150,49,3.73870220739,5.56077333332,-0.039293835967,0.001646752618000047,-0.0371092081292,0.0056323712732000075,-0.037098514083038346,0.0052711006083380075,-0.9991227324947068,0.04187191031236533,1,1,instant_velocity,dbscan_kmeans_fallback,False
1150,50,6.24239515149,8.5822063977,-0.02666592939000001,-0.014319587982000037,-0.03431844077559999,-0.010181227055599998,-0.0321094019860015,-0.010045772919370944,-0.88100796044507,-0.47310074282153436,-1,-1,instant_velocity,dbscan_kmeans_fallback,False
1150,51,10.4390694374,1.45582477825,-0.03249581292999988,-0.007112062031999988,-0.010224395025999975,-0.001241030958599998,-0.013108052608615514,-0.002022636632710673,-0.9768771072704786,-0.21380017787258895,-1,-1,instant_velocity,dbscan_kmeans_fallback,False
1150,52,11.5833682385,7.35191513017,-0.0234247667,0.016037938539999973,-0.03763116159999999,0.019665567496400006,-0.033120669154123164,0.018175257359003175,-0.8251351114342531,0.5649348133904182,-1,-1,instant_velocity,dbscan_kmeans_fallback,False
1150,53,12.1741438012,6.5817599565,-0.013111976330000098,-0.0005250515590000226,-0.029587185110000008,0.017622639610800003,-0.02610020446286383,0.013977109289666313,-0.9991984540060778,-0.04001156597773538,2,2,instant_velocity,dbscan_kmeans_fallback,False
1150,54,13.2529879531,6.40539036451,-0.042093021930000064,0.025942320228999984,-0.042093021930000064,0.025942320228999984,-0.03026542997508002,0.014079090502742992,-0.851306595130482,0.5246681585527725,-1,-1,instant_velocity,dbscan_kmeans_fallback,False
1150,55,14.0270786263,6.57149758511,-0.03091732461000003,0.0,-0.03091732461000003,0.0,-0.016002083215800017,-0.00021550979918999238,-0.9999996765568531,0.0,2,2,instant_velocity,dbscan_kmeans_fallback,False
1150,56,14.2941588504,7.04786254534,-0.026139766619999883,-0.00083530929900002,-0.026139766619999883,-0.00083530929900002,-0.013326861206999973,-0.00042099588668999304,-0.9994894315583681,-0.03193918402447285,2,2,instant_velocity,dbscan_kmeans_fallback,False
1150,87,13.1820612112,10.1270512812,0.014016976300000117,0.01350814465999992,0.012943604242000006,0.016954392170800005,0.013031788892091445,0.01618160405953629,0.7200550215164534,0.6939162331182316,-1,-1,instant_velocity,dbscan_kmeans_fallback,False
1150,89,11.0073252334,8.23567236851,0.03156976644,0.004606134133999973,0.03321981290299998,-0.0035226186438000085,0.03379834483321088,-0.0008270567753870695,0.9895227776564498,0.14437467097503934,3,3,instant_velocity,dbscan_kmeans_fallback,False
1150,90,10.3167892087,8.46955897223,0.04011464989100002,0.0015035567380000004,0.0394664173564,0.003078711416200015,0.038434591747910904,0.003532164848000192,0.9992980593699031,0.03745517746056754,3,3,instant_velocity,dbscan_kmeans_fallback,False
1150,91,11.3766915008,6.80657748783,0.016268952969999972,-0.003317371215999998,0.029869208357800013,0.011832752869800007,0.029819011389818757,0.00881531694881564,0.9798367692091245,-0.19979664951682433,4,4,instant_velocity,dbscan_kmeans_fallback,False
1150,92,7.82803928741,8.18459917137,0.04388197535699998,0.002028608296999934,0.04216037076020001,0.0019856495335999823,0.0416552978254223,0.003063257264539731,0.9989329341885556,0.04617940787659045,3,3,instant_velocity,dbscan_kmeans_fallback,False
1150,93,9.38737528463,7.94737133046,0.044976393926999945,0.0,0.04641176597459999,-0.001293536114400009,0.045950913497564055,0.0016248664913151567,0.9999997776611927,0.0,3,3,instant_velocity,dbscan_kmeans_fallback,False
1150,94,6.50084630611,4.08967432789,0.03199069666299996,0.01050103118700001,0.028993673501999984,0.00023388660380000204,0.03177111680273169,0.0022248395841865066,0.9501212457446349,0.31187982362807615,5,5,instant_velocity,dbscan_kmeans_fallback,False
1150,95,6.35204747361,4.52689908096,0.04198778936999999,0.009474794047999956,0.0424339754028,-0.000992824767000009,0.04147341113639577,0.0005113355516410565,0.9754723100767314,0.22012112035856357,5,5,instant_velocity,dbscan_kmeans_fallback,False
1150,96,1.61489878616,6.46768057223,0.029212557216000003,0.004176546495000011,0.029212557216000003,0.004176546495000011,0.02279873823281013,0.0039969549955706975,0.9899333820978138,0.141531697027182,-1,-1,instant_velocity,dbscan_kmeans_fallback,False
1150,221,12.1177391518,6.09035942889,0.022035696980000095,-0.005680103233000011,0.024944324792000004,0.0031932681201999992,0.025058081935398248,0.0013348694285710166,0.968346271832415,-0.2496089320111346,4,4,instant_velocity,dbscan_kmeans_fallback,False
1150,222,13.0909298187,11.4914693562,-0.0011575581000000668,-0.0003579896999999832,-0.0011533488000000248,-0.00036276289599999954,-0.001153197887008305,-0.0003623272099993041,-0.9553484034175597,-0.29545375591505546,6,6,instant_velocity,dbscan_kmeans_fallback,False
1150,223,13.8140879354,7.87243215335,0.008523836940000074,-0.010214639428000005,0.007130557913999986,-0.010166907467799984,0.007249754093395191,-0.010127386411694583,0.6407000105880799,-0.76779033148339,7,7,instant_velocity,dbscan_kmeans_fallback,False
1150,224,14.5166204713,7.26766822087,0.015595464619999966,-0.011479536366999988,0.013755999563999985,-0.010935392023000005,0.014217110219102557,-0.01130668528574663,0.8053477697299546,-0.5928017687168698,7,7,instant_velocity,dbscan_kmeans_fallback,False
1150,225,12.9044577316,8.1614491708,-0.004083023119999929,-0.008615618770000033,-0.0011154650799999998,-0.0137849900314,-0.0018586185080898903,-0.011927250317462808,-0.4282521249530115,-0.9036581321238342,7,7,instant_velocity,dbscan_kmeans_fallback,False
1150,226,14.1973449,8.08388473589,0.004461860319999999,-0.008639484749999937,0.00451658125199998,-0.008601299181800002,0.004654540481680535,-0.008721926359718093,0.4588674973522752,-0.8885035526270393,7,7,instant_velocity,dbscan_kmeans_fallback,False
1150,227,9.146182269,0.187586602575,-0.001999418540999898,-0.035226186437699994,0.0021467441182000256,-0.0537795992675,0.0021380345423182194,-0.050045426617704815,-0.05666821308320213,-0.9983927818144056,-1,-1,instant_velocity,dbscan_kmeans_fallback,False
1150,228,7.58874045777,3.98657329441,-0.024687557358999968,-0.04255304228900001,-0.016142673908199984,-0.04063421749920001,-0.017294385555725274,-0.04113596739250642,-0.5018213044336184,-0.86497108152744,-1,-1,instant_velocity,dbscan_kmeans_fallback,False
1150,229,9.19564156976,5.21996713933,0.031990696662999876,0.03150309356199994,0.031687626905199995,0.02594709342479999,0.03142231607032326,0.02911374375532857,0.7125158671666988,0.7016556802191614,8,8,instant_velocity,dbscan_kmeans_fallback,False
1150,230,8.62022996004,5.84310787638,0.032432673393000044,0.02186123765300003,0.03200753387179999,0.029188093504800002,0.03161825661919933,0.028345638073908008,0.8292136502419336,0.558931311439872,8,8,instant_velocity,dbscan_kmeans_fallback,False
1150,231,11.3019763869,12.529639485,0.0,0.0,0.0,0.0,0.0,0.0,0.0,0.0,6,6,instant_velocity,dbscan_kmeans_fallback,False
1150,232,13.6892821254,4.666276404,-0.0029254650200000397,0.03618082563700007,-0.002635023172000004,0.028152309974200006,7.986594768696366e-05,0.028478605259292016,-0.08059373224999654,0.996746757878566,-1,-1,instant_velocity,dbscan_kmeans_fallback,False
1150,233,14.7073018606,3.5779877173,-0.011891278700000108,0.049712836280000026,-0.003304302222000004,0.0381473823862,0.0001689819775470107,0.03652313063879057,-0.2326365769275279,0.9725635361264993,-1,-1,instant_velocity,dbscan_kmeans_fallback,False
1150,300,0.982661596842,8.32922701,-0.019425929618799985,0.0,-0.022545022543159998,-0.0015894742660000104,-0.02245062978394079,-0.0014469609839779063,-0.9999994852243856,0.0,9,9,instant_velocity,dbscan_kmeans_fallback,False
1150,301,0.538790680641,7.77338833647,-0.025255813155100004,0.0005250515600000227,-0.022477673707979998,-0.0010930618825999972,-0.02400184422040983,-0.0009192590674822324,-0.9997835760206487,0.020784835674397605,9,9,instant_velocity,dbscan_kmeans_fallback,False
1150,308,12.1122670589,13.335116309,-0.0031569766499998765,0.02207603146999997,-0.00345162779799999,0.022085577866000003,-0.002958870569949524,0.021123215368487467,-0.1415644582016269,0.9899285869893061,10,10,instant_velocity,dbscan_kmeans_fallback,False
1150,310,13.413993762,12.3666348418,-0.015090348359999872,0.02701628933000002,-0.012619487971999988,0.027445876968,-0.012818962846841623,0.025690242096558697,-0.4876490651964604,0.8730393707658403,10,10,instant_velocity,dbscan_kmeans_fallback,False
1150,311,13.0629379591,11.0401636749,-0.02954930139000016,0.007875773389999985,-0.028551696772000028,0.007083422854000005,-0.02475574994858598,0.0060476588937211,-0.9662675084645408,0.25753921659081813,11,11,instant_velocity,dbscan_kmeans_fallback,False
1150,312,13.9839332788,12.3792838111,-0.023803603899999894,0.009355464150000081,-0.011466139173999999,0.012744433304000005,-0.013057591477155567,0.012175227352815588,-0.9306972497953386,0.3657893481820204,11,11,instant_velocity,dbscan_kmeans_fallback,False
1150,313,15.2587204479,8.83757238339,0.0,0.0,0.0,0.0,0.0,0.0,0.0,0.0,7,7,instant_velocity,dbscan_kmeans_fallback,False
1150,318,2.04635226089,7.96097493904,-0.027655115404999986,-0.00682567027199994,-0.034208998918600006,-0.012138237413400007,-0.034564915410450606,-0.010849930622487045,-0.9708655930056528,-0.23962324218282466,9,9,instant_velocity,dbscan_kmeans_fallback,False
1150,319,2.01520342466,8.65452031701,-0.028938952573999987,-0.007446185751000023,-0.0295703479024,-0.006859082643800001,-0.031347123645259066,-0.007680325963085818,-0.9684543308252307,-0.24918976663875636,9,9,instant_velocity,dbscan_kmeans_fallback,False
1150,340,13.1507019098,11.8306049316,0.00042093021999995984,-0.0004057216599999691,0.0004209302179999952,-0.0004104948559999855,0.0004213347405873678,-0.0004122073931429093,0.7199818206073789,-0.6939682768004959,6,6,instant_velocity,dbscan_kmeans_fallback,False
1150,341,12.3021065878,11.1122389345,0.007324185810000117,-0.030095000739999912,0.009395162494000004,-0.02610460889199999,0.008536206423032672,-0.02300548905319892,0.23646673069502372,-0.971639253817891,-1,-1,instant_velocity,dbscan_kmeans_fallback,False
1150,342,14.2421739684,12.8136446466,0.0,0.0,0.0,0.0,0.0,0.0,0.0,0.0,6,6,instant_velocity,dbscan_kmeans_fallback,False
1150,376,14.1196832746,11.7253559599,0.0,0.0,0.0,0.0,0.0,0.0,0.0,0.0,6,6,instant_velocity,dbscan_kmeans_fallback,False
1160,45,4.57466962282,6.27460479427,-0.010060232239999944,-0.0016228866379999652,-0.0067264649036,-0.0014367319942000024,-0.009197972062751419,-0.0015672345389237132,-0.9872360090187615,-0.15925796635376382,0,0,instant_velocity,dbscan_kmeans_fallback,False
1160,46,4.57740566925,6.79154192045,-0.0069032555949999795,-0.0011932989980000031,-0.009184697384000007,-0.0017183505577999902,-0.010458193909488657,-0.0014488023740715922,-0.9853849435938365,-0.17033396049922997,0,0,instant_velocity,dbscan_kmeans_fallback,False
1160,47,4.06450219709,7.31587750042,-0.004461860324,-0.0004773195990000367,-0.0159069529854,-0.001026237138599999,-0.014698610107506126,-0.0008947498886032768,-0.9943243191006088,-0.1063705384761137,0,0,instant_velocity,dbscan_kmeans_fallback,False
1160,48,2.74025572732,5.01304909298,-0.039104417369000014,0.00021479382000002544,-0.041558440546799996,0.003102577396200008,-0.04048305542200043,0.003701032117895512,-0.9999846590464498,0.005492743257908375,1,1,instant_velocity,dbscan_kmeans_fallback,False
1160,49,3.33692431311,5.56077333332,-0.04017778942799999,0.0,-0.03826676623220001,0.003598989779600004,-0.03802229668652684,0.003689770425836605,-0.9999997511063288,0.0,1,1,instant_velocity,dbscan_kmeans_fallback,False
1160,50,6.02540562347,8.40416618711,-0.021698952802000005,-0.017804021058999985,-0.030382743225599994,-0.012472361132999979,-0.028986267230801048,-0.012373247361259658,-0.7730774261499915,-0.6343111071306321,-1,-1,instant_velocity,dbscan_kmeans_fallback,False
1160,51,10.0444473569,1.36632735336,-0.039462208050000135,-0.008949742489,-0.017186580852000012,-0.003073938220199999,-0.021014299241030904,-0.004100768389597472,-0.975233673205124,-0.2211759218016542,-1,-1,instant_velocity,dbscan_kmeans_fallback,False
1160,52,11.3838473145,7.49009915421,-0.019952092399999975,0.013818402404000008,-0.03223062688799999,0.018391124166000007,-0.029170096127886208,0.016868200872502223,-0.8220874145009308,0.5693605701644519,-1,-1,instant_velocity,dbscan_kmeans_fallback,False
1160,53,12.0806972925,6.51541253218,-0.00934465086999996,-0.006634742431999996,-0.02301225508599998,0.011932989985799995,-0.02107353838500467,0.00779355377316642,-0.815380612646196,-0.5789237526595674,2,2,instant_velocity,dbscan_kmeans_fallback,False
1160,54,12.8503681984,6.68557696937,-0.04026197546999999,0.02801866048599999,-0.04026197546999999,0.02801866048599999,-0.033264393623556016,0.018260961497720093,-0.8208063004943785,0.5712062756448171,-1,-1,instant_velocity,dbscan_kmeans_fallback,False
1160,55,13.7616821231,6.61302439026,-0.026539650319999986,0.004152680514999929,-0.026539650319999986,0.004152680514999929,-0.019163353347060007,0.0010949472950669843,-0.9879783689499381,0.15458977313231687,3,3,instant_velocity,dbscan_kmeans_fallback,False
1160,56,14.036128626,7.04404398854,-0.025803022440000056,-0.00038185567999997615,-0.025803022440000056,-0.00038185567999997615,-0.0170697095769,-0.00040925382468298796,-0.9998901271796657,-0.014797248087013371,3,3,instant_velocity,dbscan_kmeans_fallback,False
1160,87,13.3224414393,10.2623713877,0.014038022809999972,0.013532010650000004,0.013305604230000014,0.015813598329399988,0.013333659067464004,0.015386726036675406,0.7199631859589704,0.6940115165694577,-1,-1,instant_velocity,dbscan_kmeans_fallback,False
1160,89,11.3230228979,8.28149505006,0.03156976645,0.00458226815499998,0.03273574315199998,-0.0011360206466000022,0.03312977131824762,0.0007957407037290458,0.9896293867502726,0.14364208969806722,4,4,instant_velocity,dbscan_kmeans_fallback,False
1160,90,10.7000461734,8.55428320113,0.0383256964700001,0.008472422889999897,0.03943695224240003,0.0036849073075999783,0.038401923164537666,0.005014242260600104,0.9764257527569156,0.21585235651278042,4,4,instant_velocity,dbscan_kmeans_fallback,False
1160,91,11.5134938221,6.71111356794,0.013680232129999937,-0.009546391989000026,0.024620208523999983,0.006376989848200001,0.02497737761187311,0.00330680426747094,0.8200689607707022,-0.5722636635939192,2,2,instant_velocity,dbscan_kmeans_fallback,False
1160,92,8.26706950609,8.20512391415,0.04390302186799992,0.002052474278000105,0.04285069631979999,0.0012553505466000204,0.04232961503819559,0.002760022368577843,0.9989087709751704,0.04669916719308135,4,4,instant_velocity,dbscan_kmeans_fallback,False
1160,93,9.81567178272,7.97457854763,0.04282964980900008,0.0027207217169999964,0.04547309158580001,-0.0002863917596000043,0.045014534390994856,0.0019536230590206085,0.9979881877889475,0.06339645894691127,4,4,instant_velocity,dbscan_kmeans_fallback,False
1160,94,6.85611141116,4.14981659742,0.035526510505,0.006014226953000001,0.0299954874238,0.0026873093448000064,0.03289773491341218,0.0033616557948305554,0.9859712581194612,0.16691351982432437,5,5,instant_velocity,dbscan_kmeans_fallback,False
1160,95,6.76603234424,4.67319753819,0.04139848706300002,0.014629845723000034,0.04229506843039999,0.004248144435000007,0.04145093391437704,0.00474688860304875,0.9428569854266969,0.3331970130853828,5,5,instant_velocity,dbscan_kmeans_fallback,False
1160,96,1.87650691742,6.46768057223,0.026160813126000004,0.0,0.029385138605900002,0.004415206294599993,0.023807360700767093,0.002797868496899488,0.9999996177490306,0.0,-1,-1,instant_velocity,dbscan_kmeans_fallback,False
1160,221,12.3764007715,6.01303365378,0.02586616196999998,-0.007732577511000027,0.023050138806000008,-0.0005680103233999922,0.02530050594577877,-0.0013853646533002967,0.9581035030605167,-0.2864209081180552,2,2,instant_velocity,dbscan_kmeans_fallback,False
1160,222,13.0793542377,11.4878894592,-0.0011575580999998892,-0.0003579896999999832,-0.0011575581019999958,-0.00036276289599999954,-0.0011545059509057802,-0.0003610259569995078,-0.9553484034175469,-0.29545375591509687,6,6,instant_velocity,dbscan_kmeans_fallback,False
1160,223,13.9069030487,7.76384194448,0.009281511330000037,-0.010859020886999993,0.008098697418000001,-0.010329196131599988,0.007859281264376645,-0.010346876754286206,0.6497321541813001,-0.76016230356853,2,2,instant_velocity,dbscan_kmeans_fallback,False
1160,224,14.6725751175,7.15263419741,0.015595464619999966,-0.01150340234599998,0.014589441397999997,-0.011188371410600003,0.01463061653937178,-0.011365700403822634,0.8047594239074323,-0.5936002338186427,2,2,instant_velocity,dbscan_kmeans_fallback,False
1160,225,12.8634170352,8.0752929831,-0.004104069640000141,-0.008615618769999856,-0.002310906904000021,-0.011718196165999971,-0.0025322538476629654,-0.010933760853223923,-0.43005220139734296,-0.9028028623896789,2,2,instant_velocity,dbscan_kmeans_fallback,False
1160,226,14.3307797795,7.94212081486,0.013343487950000111,-0.01417639210300008,0.0062508137560000065,-0.009742093024400003,0.007261224722176409,-0.01035826608270269,0.6853916186566349,-0.7281739502141402,2,2,instant_velocity,dbscan_kmeans_fallback,False
1160,227,9.16217761733,-0.0556077333332,0.0015995348329999714,-0.02431943359082,0.0004966976588000094,-0.046366825888264004,0.001976484629522745,-0.04232762870963937,0.06563004894684996,-0.9978436130282209,-1,-1,instant_velocity,dbscan_kmeans_fallback,False
1160,228,7.33912883775,3.55101915994,-0.024961162002000048,-0.04355541344699998,-0.02060874353460001,-0.0401425783118,-0.019594418489607707,-0.041861801208854486,-0.49722496499743507,-0.8676214242308949,-1,-1,instant_velocity,dbscan_kmeans_fallback,False
1160,229,9.46714156118,5.55432951873,0.02714999914200007,0.03343623794000008,0.029662952550800002,0.02717380479540001,0.0301406209918263,0.030410492010730025,0.6303554825422001,0.7763063192315041,7,7,instant_velocity,dbscan_kmeans_fallback,False
1160,230,8.94476715908,6.06195891272,0.03245371990399999,0.021885103633999935,0.0321127664266,0.026591474884000002,0.03186889560463953,0.026407477741935588,0.8290990226574233,0.5591013322164455,7,7,instant_velocity,dbscan_kmeans_fallback,False
1160,231,11.1314996481,12.2115059719,-0.017047673879999968,-0.03181335131000011,-0.017047673879999968,-0.03181335131000011,-0.005114302163999991,-0.009544005393000035,-0.47232476505930165,-0.8814242804628815,-1,-1,instant_velocity,dbscan_kmeans_fallback,False
1160,232,13.7075925899,4.97772744262,0.0018310464500000735,0.031145103861999958,-0.0025087441059999803,0.031378990466200005,0.0006052200983808967,0.029278554840104398,0.0586894708195997,0.9982759663372686,8,8,instant_velocity,dbscan_kmeans_fallback,False
1160,233,14.6231158168,3.96938978883,-0.008418604379999906,0.039140207153,-0.006225557942000002,0.041202227822399996,-0.0024072939297170646,0.0373082535930534,-0.21027925769135344,0.9776411070665769,8,8,instant_velocity,dbscan_kmeans_fallback,False
1160,300,0.858276717053,8.36979917595,-0.012438487978900004,0.004057216594999957,-0.01906813893214,0.0002816185636000057,-0.019446987242428555,0.00020429228971545303,-0.9507023479989309,0.3101024296321102,9,9,instant_velocity,dbscan_kmeans_fallback,False
1160,301,0.286232549091,7.77863885206,-0.025255813155,0.0005250515590000226,-0.02402248761258,-0.00019092783979999696,-0.02437803490078688,-0.0004859658795375559,-0.9997835760214695,0.020784835634910688,9,9,instant_velocity,dbscan_kmeans_fallback,False
1160,308,12.0806972925,13.5558766237,-0.003156976640000053,0.02207603146999997,-0.003304302222000004,0.022080804669999985,-0.0030183023909646826,0.021409060198941218,-0.14156445776220333,0.9899285870521455,10,10,instant_velocity,dbscan_kmeans_fallback,False
1160,310,13.258460046,12.6365590752,-0.015553371600000077,0.02699242333999994,-0.012926767032000014,0.027278815105999995,-0.01363928547278916,0.02608089646959107,-0.49926028753306506,0.8664516854945148,10,10,instant_velocity,dbscan_kmeans_fallback,False
1160,311,12.7120926214,11.164028111,-0.03508453376999991,0.012386443609999987,-0.02962085952799999,0.007608474413999993,-0.027854385095010162,0.007949294308604766,-0.9429591444107936,0.3329076665332628,11,11,instant_velocity,dbscan_kmeans_fallback,False
1160,312,13.746107705,12.4725997928,-0.023782557380000034,0.00933159817,-0.016517301802000013,0.014109567358000029,-0.01627508124800891,0.011322138597970911,-0.9309049001940303,0.365260569933486,11,11,instant_velocity,dbscan_kmeans_fallback,False
1160,313,15.0482553382,9.05236620313,-0.021046510969999942,0.02147938197399988,-0.021046510969999942,0.02147938197399988,-0.006313953290999983,0.006443814592199964,-0.6998726528502276,0.7142671802064822,-1,-1,instant_velocity,dbscan_kmeans_fallback,False
1160,318,1.76980110684,7.89271823632,-0.027655115405000007,-0.00682567027199994,-0.0316876269052,-0.01177547451799999,-0.032491975408815425,-0.009642652517340913,-0.9708655930056528,-0.2396232421828245,9,9,instant_velocity,dbscan_kmeans_fallback,False
1160,319,1.72581389893,8.5798197997,-0.02893895257300001,-0.007470051731000104,-0.027751929355200003,-0.007302989871200012,-0.030624672323581348,-0.007617243693460104,-0.9682613337623178,-0.24993863319987653,9,9,instant_velocity,dbscan_kmeans_fallback,False
1160,340,13.154911212,11.8263090552,0.00042093021999995984,-0.0004295876400000509,0.0004209302179999952,-0.00041526805200000185,0.0004212133844111454,-0.0004174214672000517,0.6998612491965112,-0.714255541856428,6,6,instant_velocity,dbscan_kmeans_fallback,False
1160,341,12.375348446,10.811288927,0.00732418581999994,-0.03009500075000009,0.010018139218000002,-0.027589072847999992,0.008172600242122853,-0.02513234256223927,0.23646673092564147,-0.9716392537617659,-1,-1,instant_velocity,dbscan_kmeans_fallback,False
1160,342,14.16851118,12.5869178369,-0.007366278840000007,-0.02267268097000006,-0.007366278840000007,-0.02267268097000006,-0.0022098836520000023,-0.006801804291000019,-0.3089970676129465,-0.9510625496025709,-1,-1,instant_velocity,dbscan_kmeans_fallback,False
1160,376,14.1259972278,11.7074564749,0.000631395319999939,-0.001789948499999916,0.000631395319999939,-0.001789948499999916,0.00018941859599998172,-0.0005369845499999749,0.33265381907917463,-0.9430434240153532,6,6,instant_velocity,dbscan_kmeans_fallback,False
1170,45,4.47427776553,6.25837592789,-0.010039185729,-0.0016228866379999652,-0.007703023012199992,-0.0014940103461999854,-0.009450336162625994,-0.0015839301686465888,-0.987183462678274,-0.15958334610816005,0,0,instant_velocity,dbscan_kmeans_fallback,False
1170,46,4.50837311329,6.77984759026,-0.00690325559599998,-0.0011694330190000102,-0.0080986974184,-0.0014605979741999953,-0.009391712415442054,-0.0013649915675501174,-0.9859515071546283,-0.16702325903556917,0,0,instant_velocity,dbscan_kmeans_fallback,False
1170,47,4.01988359385,7.31086564462,-0.004461860324,-0.0005011855800000298,-0.0116681856776,-0.000825762907000005,-0.011627585172454288,-0.0007766805960223027,-0.9937482320980497,-0.11162435574217344,0,0,instant_velocity,dbscan_kmeans_fallback,False
1170,48,2.47317550321,4.93739393647,-0.02670802241100003,-0.0075655156509999875,-0.03891920807200001,0.0007637113590000055,-0.03635054551870031,0.00032106778722686136,-0.9621429822914651,-0.272543870115516,1,1,instant_velocity,dbscan_kmeans_fallback,False
1170,49,2.93493595373,5.56077333332,-0.04019883593799998,0.0,-0.03884764993459999,0.002510701093000005,-0.03867525846196878,0.0025828392980856234,-0.9999997512366395,0.0,1,1,instant_velocity,dbscan_kmeans_fallback,False
1170,50,5.88249981403,8.17409814019,-0.01429058094400002,-0.02300680469199996,-0.024961162001599993,-0.015799278740999973,-0.02457756134476074,-0.01556331456048175,-0.5276423778539076,-0.8494661751035444,-1,-1,instant_velocity,dbscan_kmeans_fallback,False
1170,51,9.66287411313,1.2515319897,-0.038157324376999924,-0.01147953636600001,-0.023887789943400007,-0.0054175774534,-0.02615720678182161,-0.006314398782518233,-0.9576023831213374,-0.28809230103764333,-1,-1,instant_velocity,dbscan_kmeans_fallback,False
1170,52,11.0845659286,7.53377389755,-0.029928138590000052,0.004367474333999954,-0.028825301416000003,0.0152264952216,-0.02939750886652036,0.013117982910951542,-0.9895187019682572,0.14440248333063155,2,2,instant_velocity,dbscan_kmeans_fallback,False
1170,53,12.0082972948,6.86552645836,-0.007239999769999983,0.03501139261799997,-0.017645394789999998,0.01484463954219999,-0.01692347680050326,0.015958905426616488,-0.20250532159270954,0.9792808766231105,3,3,instant_velocity,dbscan_kmeans_fallback,False
1170,54,12.5437205337,6.88032336594,-0.030664766469999983,0.019474639657000026,-0.042366626568,0.021741907753999996,-0.032484505477489205,0.018625064945504075,-0.8441509580998071,0.5361050357643594,-1,-1,instant_velocity,dbscan_kmeans_fallback,False
1170,55,13.4962856198,6.65455119541,-0.026539650329999987,0.004152680515000018,-0.026539650329999987,0.004152680515000018,-0.021376242441942,0.0020122672610468945,-0.987978368958834,0.1545897730754635,2,2,instant_velocity,dbscan_kmeans_fallback,False
1170,56,13.8065111914,7.0803202781,-0.022961743459999972,0.0036276289559999952,-0.022961743459999972,0.0036276289559999952,-0.01883731974182999,0.0008018110095219073,-0.9877486827536446,0.1560502463173142,2,2,instant_velocity,dbscan_kmeans_fallback,False
1170,87,13.273823999,10.5010311874,-0.004861744030000103,0.023865979970000062,0.009891860151999977,0.016734825156,0.007875038138224771,0.017930502216672802,-0.19961053093801126,0.9798748975205823,-1,-1,instant_velocity,dbscan_kmeans_fallback,False
1170,89,11.6963880023,8.29700793704,0.03733651044000012,0.0015512886979999862,0.03340502220000001,0.0006396082631999889,0.03439179305477337,0.001022405102010328,0.9991376955196123,0.04151301223760859,4,4,instant_velocity,dbscan_kmeans_fallback,False
1170,90,11.0788833707,8.65642959541,0.03788371972999993,0.010214639428000005,0.03931488247819999,0.004634773310599982,0.038246462134176346,0.006574361410820075,0.9655183469679792,0.2603340391515595,4,4,instant_velocity,dbscan_kmeans_fallback,False
1170,91,11.6854438166,6.62686665864,0.017194999450000026,-0.008424690930000001,0.020314092379999985,0.0010644227066000057,0.022642664163311184,-0.0002126442917703428,0.8980075537419128,-0.4399788505419795,5,5,instant_velocity,dbscan_kmeans_fallback,False
1170,92,8.70609972477,8.22564865692,0.0439030218680001,0.002052474277000016,0.043212696308400016,0.001527422718000011,0.04280163708713694,0.002547757941104495,0.9989087709762319,0.046699167170376144,4,4,instant_velocity,dbscan_kmeans_fallback,False
1170,93,10.1930357243,8.06503061172,0.03773639415799988,0.009045206408999907,0.043511556764599994,0.0019856495335999823,0.04283109232109636,0.004081098064014398,0.9724544263246786,0.2330919846931799,4,4,instant_velocity,dbscan_kmeans_fallback,False
1170,94,7.26483465405,4.14289546323,0.040872324289000075,-0.0006921134189999733,0.03305985941980001,0.003742185659600006,0.03529011172608855,0.0021455250306813968,0.9998564137272233,-0.016931115444296898,-1,-1,instant_velocity,dbscan_kmeans_fallback,False
1170,95,7.18022767998,4.81949599541,0.04141953357399997,0.014629845721999945,0.042101440529399986,0.008424690929800001,0.041441513812263915,0.007711775738734109,0.9429101656756911,0.3330464894998235,-1,-1,instant_velocity,dbscan_kmeans_fallback,False
1170,96,2.13811504869,6.46768057223,0.026160813127000006,0.0,0.02851381305216,0.0032219072959999906,0.024513396428636966,0.0019585079478296416,0.9999996177490306,0.0,-1,-1,instant_velocity,dbscan_kmeans_fallback,False
1170,221,12.672946111,5.9154217957,0.02965453394999997,-0.00976118580799996,0.023757301573999995,-0.003980845459199998,0.02660671434704513,-0.0038981109997101963,0.9498645716120193,-0.31266060669084345,5,5,instant_velocity,dbscan_kmeans_fallback,False
1170,222,13.0677786566,11.4843095622,-0.0011575581100000676,-0.0003579896999999832,-0.001157558103999996,-0.00036276289599999954,-0.0011554215986340666,-0.0003601150798996504,-0.9553484041380741,-0.29545375358549547,6,6,instant_velocity,dbscan_kmeans_fallback,False
1170,223,14.068750718,7.59845070328,0.016184766930000018,-0.016539124120000005,0.010207557816000018,-0.011613185853999983,0.010356926964063658,-0.012204550964000346,0.6994084265477135,-0.7147216161515973,5,5,instant_velocity,dbscan_kmeans_fallback,False
1170,224,14.8285297638,7.03783883375,0.015595464630000144,-0.011479536365999988,0.015427092536000019,-0.011441350798199999,0.01492007096656029,-0.01139985119247584,0.8053477699360814,-0.5928017684368376,5,5,instant_velocity,dbscan_kmeans_fallback,False
1170,225,12.6190670429,7.97577184662,-0.02443499923000001,-0.009952113648000083,-0.007568325342000009,-0.009918701276199987,-0.00910307746236408,-0.010639266691656771,-0.9261302247741943,-0.37720292777765063,-1,-1,instant_velocity,dbscan_kmeans_fallback,False
1170,226,14.4863134955,7.78651462545,0.015553371599999899,-0.015560618941000026,0.00846490670799998,-0.01112631986260002,0.009748868785523456,-0.01191897194019189,0.7069417352299745,-0.7072711459811736,5,5,instant_velocity,dbscan_kmeans_fallback,False
1170,227,9.23247296394,-0.135320106438,0.007029534660999914,-0.007971237310479998,0.0015911162287999758,-0.03558894933336,0.003492399638965896,-0.032020711289891556,0.6614141367210649,-0.7500196383639306,-1,-1,instant_velocity,dbscan_kmeans_fallback,False
1170,228,7.06720791612,3.02405832217,-0.02719209216299996,-0.05269608377699999,-0.025344208501000002,-0.04166522783399999,-0.02187372059162538,-0.04511208597929814,-0.4585644521700823,-0.8886609623068744,-1,-1,instant_velocity,dbscan_kmeans_fallback,False
1170,229,9.70622992571,5.90134086751,0.02390883645299997,0.03470113487799997,0.02876216188139999,0.030295474975599992,0.0282710856301784,0.031697684870911014,0.567363199349902,0.8234673796927561,-1,-1,instant_velocity,dbscan_kmeans_fallback,False
1170,230,9.15523226871,6.10969087266,0.02104651096300003,0.0047731959940000126,0.029907092077800002,0.02050087679519999,0.02862218021214768,0.019917193217554915,0.9752334623290997,0.2211758739387978,-1,-1,instant_velocity,dbscan_kmeans_fallback,False
1170,231,10.9612333744,11.8931337991,-0.017026627369999936,-0.03183721728000002,-0.017026627369999936,-0.03183721728000002,-0.008687999725799974,-0.01623196895910003,-0.47159651529797153,-0.881814137336843,-1,-1,instant_velocity,dbscan_kmeans_fallback,False
1170,232,13.7328484031,5.31972693561,0.0025255813199999365,0.03419994929900003,-0.0022435580679999846,0.035221413241600004,0.0011813284648666087,0.030754973177773086,0.07364695280436692,0.9972840834660831,3,3,instant_velocity,dbscan_kmeans_fallback,False
1170,233,14.5389297729,4.36079186036,-0.008418604390000084,0.039140207153,-0.009146813664,0.0442570732588,-0.004210687067801971,0.03785783966103738,-0.21027925793009233,0.9776411070152269,3,3,instant_velocity,dbscan_kmeans_fallback,False
1170,300,0.780615091601,8.43710123947,-0.007766162545200006,0.006730206351999968,-0.01569648787578,0.002157484589399985,-0.01594273983325999,0.002162066508400808,-0.7557108788940583,0.6549039023850723,-1,-1,instant_velocity,dbscan_kmeans_fallback,False
1170,310,13.074303075,12.8313054718,-0.018415697100000017,0.019474639660000116,-0.014176929786000016,0.025655928470000013,-0.015072208960952415,0.02409901942671378,-0.6870763399856474,0.7265847210384558,-1,-1,instant_velocity,dbscan_kmeans_fallback,False
1170,311,12.3612472836,11.2876538872,-0.03508453378000009,0.012362577619999903,-0.03021437113800001,0.008319680617999979,-0.030023429700507143,0.009273279302023308,-0.9431603749450372,0.33233713226689493,-1,-1,instant_velocity,dbscan_kmeans_fallback,False
1170,313,14.8377902286,9.26716002287,-0.02104651096000012,0.021479381974000056,-0.02104651096000012,0.021479381974000056,-0.010733720591700024,0.010954484806739993,-0.699872652680575,0.7142671803727157,-1,-1,instant_velocity,dbscan_kmeans_fallback,False
1170,318,1.49303948768,7.82470019341,-0.027676161915999996,-0.0068018042910000355,-0.0302522548576,-0.009999845607800015,-0.031047231360970796,-0.008790398049438649,-0.9711023374888406,-0.2386619960592574,7,7,instant_velocity,dbscan_kmeans_fallback,False
1170,319,1.41264181581,8.50225536479,-0.031317208312,-0.007756443490999842,-0.0286863944418,-0.007422319771199995,-0.030832433120106945,-0.007659003632722025,-0.9706712215655238,-0.24040956663202503,7,7,instant_velocity,dbscan_kmeans_fallback,False
1170,340,13.1591205142,11.8222518386,0.00042093021999995984,-0.0004057216599999691,0.0004209302179999952,-0.000410494856000021,0.0004211284350877898,-0.00041391152504002696,0.7199818206073789,-0.6939682768004959,6,6,instant_velocity,dbscan_kmeans_fallback,False
1170,341,12.3974472825,10.5976884063,0.0022098836499999663,-0.021360052070000003,0.008477534616,-0.026935144995999992,0.006383785264485987,-0.02400065541456749,0.1029093820173744,-0.9946902672376768,8,8,instant_velocity,dbscan_kmeans_fallback,False
1170,342,14.0948483916,12.3601910272,-0.007366278840000007,-0.02267268096999988,-0.007366278840000007,-0.02267268096999988,-0.003756802208400004,-0.01156306729469998,-0.30899706761294876,-0.9510625496025702,8,8,instant_velocity,dbscan_kmeans_fallback,False
1170,376,14.1323111811,11.6893183302,0.0006313953300001174,-0.001813814469999997,0.0006313953300001174,-0.001813814469999997,0.0003220116162000224,-0.0009200335259999816,0.328752696945366,-0.9444105308332227,6,6,instant_velocity,dbscan_kmeans_fallback,False
1180,45,4.37388590824,6.24214706151,-0.010039185729,-0.0016228866380000539,-0.008675371818799994,-0.0015465155020000054,-0.009626991032538196,-0.0015956171094526283,-0.9871834626782725,-0.15958334610816854,0,0,instant_velocity,dbscan_kmeans_fallback,False
1180,46,4.43934055733,6.76815326007,-0.00690325559599998,-0.0011694330190000102,-0.007012697452799994,-0.0011980721946000016,-0.008645175369609431,-0.0013063240029850853,-0.9859515071546283,-0.16702325903556917,0,0,instant_velocity,dbscan_kmeans_fallback,False
1180,47,3.97526499061,7.30609244863,-0.0044618603240000445,-0.0004773195989999479,-0.007429418369800009,-0.0006252886751999931,-0.009477867717918014,-0.0006868722969155963,-0.994324319100611,-0.1063705384760931,0,0,instant_velocity,dbscan_kmeans_fallback,False
1180,48,2.2063057442,4.86173877996,-0.026686975901,-0.007565515651000077,-0.03627155699300001,-0.001570381482200016,-0.03345147463339022,-0.0020449072442412205,-0.9620866018482912,-0.27274282672200356,1,1,instant_velocity,dbscan_kmeans_fallback,False
1180,49,2.57335689539,5.52712230156,-0.036157905834000026,-0.003365103175999984,-0.03862455691860001,0.0007446185750000112,-0.037920052673578154,0.0007984565558599409,-0.9956969357137919,-0.09266639877006574,1,1,instant_velocity,dbscan_kmeans_fallback,False
1180,50,5.7395940046,7.94403009326,-0.014290580943000019,-0.02300680469300005,-0.020718185391400006,-0.018491361281799998,-0.02149146722423252,-0.01779636160023724,-0.527642377810714,-0.8494661751303739,-1,-1,instant_velocity,dbscan_kmeans_fallback,False
1180,51,9.30087412457,1.09878971788,-0.036199998855999914,-0.015274227182,-0.030193324626599995,-0.008515381653800001,-0.0291700444040751,-0.009002347302362764,-0.921342480404636,-0.38875123764804537,-1,-1,instant_velocity,dbscan_kmeans_fallback,False
1180,52,10.7600287296,7.55358266093,-0.03245371989999999,0.001980876338000037,-0.027465696806000004,0.011484309562200003,-0.03031437217656425,0.00977685093906609,-0.9981421265713691,0.060923559042803714,2,2,instant_velocity,dbscan_kmeans_fallback,False
1180,53,11.7776275346,7.00705171959,-0.023066976019999963,0.014152526122999998,-0.016163720419999982,0.013174020944200003,-0.01876652656635227,0.01541699163553154,-0.8523588013483918,0.5229567235771592,2,2,instant_velocity,dbscan_kmeans_fallback,False
1180,54,12.3332554241,6.98986821401,-0.02104651095999994,0.010954484807000054,-0.03669248721199999,0.0204054128756,-0.029053107122242423,0.016323890903952868,-0.8870386870862356,0.4616941895678213,2,2,instant_velocity,dbscan_kmeans_fallback,False
1180,55,13.2372030699,6.67817851558,-0.025908254990000046,0.002362732017000013,-0.028387533986000014,0.0019283711815999993,-0.022735846206359416,0.0021174066878328303,-0.9958670116924522,0.09081919543049391,2,2,instant_velocity,dbscan_kmeans_fallback,False
1180,56,13.5768937568,7.11635790786,-0.022961743459999972,0.003603762976000002,-0.024796999215999982,0.0010405567268000127,-0.020074646857280984,0.0016423965994653358,-0.987906445718308,0.1550483602882043,2,2,instant_velocity,dbscan_kmeans_fallback,False
1180,87,13.2252065586,10.7396909871,-0.004861744039999926,0.023865979969999885,0.006473906772000006,0.017660825178599994,0.0040540034847573615,0.01971114554267093,-0.19961053133222056,0.9798748974402779,3,3,instant_velocity,dbscan_kmeans_fallback,False
1180,89,12.0697531068,8.31228216422,0.03733651044999995,0.0015274227180000822,0.034070091946000004,0.002415237173200033,0.035275208273341345,0.0011739103868072542,0.9991639827059666,0.040875425898098,4,4,instant_velocity,dbscan_kmeans_fallback,False
1180,90,11.457720568,8.75881464948,0.03788371972999993,0.010238505406999998,0.03886869644539999,0.0063817630442,0.03813763941292342,0.007673604609674051,0.965365314858854,0.2609009375625177,4,4,instant_velocity,dbscan_kmeans_fallback,False
1180,91,11.8725472991,6.54715428554,0.01871034825000013,-0.007971237310000046,0.01762434828,-0.003603762975600002,0.021462969389317868,-0.002540222197239254,0.9199878047516367,-0.39194573056550314,5,5,instant_velocity,dbscan_kmeans_fallback,False
1180,92,9.12681947891,8.28435896765,0.042071975414000026,0.005871031072999955,0.04320848700620001,0.0025679794447999883,0.042582738585195866,0.0035447398806731333,0.9904029774311632,0.1382080731430337,4,4,instant_velocity,dbscan_kmeans_fallback,False
1180,93,10.5703996658,8.15548267581,0.037736394150000054,0.009045206408999995,0.04165525449640001,0.004162226906999979,0.04130268286976747,0.005570330567510077,0.9724544263134773,0.233091984739911,4,4,instant_velocity,dbscan_kmeans_fallback,False
1180,94,7.67334743184,4.13573566923,0.04085127777899995,-0.0007159794000000553,0.03611581281179999,0.004792288778199998,0.03695846154196197,0.001287073701476961,0.9998462017820748,-0.017523791728548198,6,6,instant_velocity,dbscan_kmeans_fallback,False
1180,95,7.63125440991,4.92498362689,0.04510267299300006,0.010548763147999995,0.042551835864000014,0.010195546643799992,0.04253986156648476,0.008562871961513875,0.9737223598641613,0.22773742362703875,6,6,instant_velocity,dbscan_kmeans_fallback,False
1180,96,2.39993364506,6.46768057223,0.026181859636999993,0.0,0.027646696800399998,0.002028608297400005,0.025013935391145874,0.001370955563480749,0.9999996180563061,0.0,-1,-1,instant_velocity,dbscan_kmeans_fallback,False
1180,221,12.9610728461,5.82329911301,0.028812673510000053,-0.009212268269000035,0.025520999194,-0.006777938311800007,0.027268502095931606,-0.005492358180497148,0.9524985304292667,-0.3045420962097551,5,5,instant_velocity,dbscan_kmeans_fallback,False
1180,222,13.0562030756,11.4804910054,-0.0011575581000000668,-0.000381855680000065,-0.0011575581040000316,-0.00036276289599999954,-0.0011560625490438666,-0.00036663725992977476,-0.9496546649819891,-0.3132724205047768,7,7,instant_velocity,dbscan_kmeans_fallback,False
1180,223,14.2305983873,7.43329812188,0.016184766930000018,-0.01651525814000001,0.011739743814000008,-0.012873309596399984,0.012105278953844566,-0.013497763116800246,0.6999241755101917,-0.7142165523280399,5,5,instant_velocity,dbscan_kmeans_fallback,False
1180,224,14.9842739449,6.92280481029,0.015574418109999932,-0.011503402346000068,0.015587046017999989,-0.011493855954200001,0.015116375109592184,-0.011430916538533108,0.8043762407659761,-0.5941193738180749,5,5,instant_velocity,dbscan_kmeans_fallback,False
1180,225,12.3517763537,7.87481875134,-0.026729068919999932,-0.010095309527999951,-0.012691046109999994,-0.009178855897000009,-0.014390874899654835,-0.010476079542559726,-0.9354988241333402,-0.35332881294789537,-1,-1,instant_velocity,dbscan_kmeans_fallback,False
1180,226,14.6420576766,7.63090843604,0.01557441811000011,-0.015560618940999938,0.010683208963999996,-0.012515319896999983,0.011496533582866453,-0.013011466040434305,0.7074197828475852,-0.7067929982660598,5,5,instant_velocity,dbscan_kmeans_fallback,False
1180,228,6.79528699448,2.4968588246,-0.027192092164000047,-0.05271994975700003,-0.025786185231400013,-0.0456460732932,-0.02346923206333778,-0.04739444511260871,-0.4584004917879225,-0.888745549621157,-1,-1,instant_velocity,dbscan_kmeans_fallback,False
1180,229,9.90596131474,6.13451149183,0.0199731389030001,0.023317062431999956,0.027002673564800014,0.030892124474799994,0.02578170161202491,0.029183498139237693,0.6505486393712606,0.7594641639924629,-1,-1,instant_velocity,dbscan_kmeans_fallback,False
1180,230,9.36569737834,6.15742283261,0.02104651096300003,0.004773195995000012,0.027781394470600008,0.01568472203720001,0.026349479437403386,0.015373994050788443,0.975233462319105,0.22117587398286812,-1,-1,instant_velocity,dbscan_kmeans_fallback,False
1180,231,10.8021217515,11.6399157516,-0.015911162290000114,-0.0253218047499999,-0.015911162290000114,-0.0253218047499999,-0.010854948495060017,-0.018958919696369994,-0.5320419153344392,-0.8467176220923677,-1,-1,instant_velocity,dbscan_kmeans_fallback,False
1180,232,13.7854646805,5.78511354505,0.00526162774000003,0.04653866094399994,-0.00018941859799998184,0.03785621743039999,0.0024054182474066354,0.035490079507641145,0.11234353088947734,0.9936692125842298,8,8,instant_velocity,dbscan_kmeans_fallback,False
1180,233,14.4223321022,4.78560630385,-0.011659767069999915,0.04248144434899999,-0.010758976404000009,0.044944413482,-0.0064454110684613545,0.039244921067426164,-0.2646788001470784,0.9643363929403336,8,8,instant_velocity,dbscan_kmeans_fallback,False
1180,300,0.70274300104,8.50464196279,-0.007787209056099998,0.00675407233200005,-0.0133687437634,0.0035082990557999947,-0.013496080600111992,0.0035396682554805804,-0.7554406545198106,0.6552155960373822,-1,-1,instant_velocity,dbscan_kmeans_fallback,False
1180,310,12.8714147094,12.9761719702,-0.020288836559999978,0.014486649839999899,-0.016050069260000015,0.023073629435999977,-0.016637197240666684,0.021215308550699617,-0.8138351315311516,0.581095152652857,9,9,instant_velocity,dbscan_kmeans_fallback,False
1180,311,12.0935356642,11.3704688377,-0.02677116194,0.008281495050000132,-0.03010913858200002,0.00886382496000003,-0.029047749372355,0.008975744026416356,-0.9553340907582901,0.29552675231066783,9,9,instant_velocity,dbscan_kmeans_fallback,False
1180,313,14.6443727929,9.54352807094,-0.019341743569999893,0.027636804807000103,-0.019341743569999893,0.027636804807000103,-0.013316127485189986,0.015959180806818025,-0.5733821944265683,0.8192876577970545,3,3,instant_velocity,dbscan_kmeans_fallback,False
1180,318,1.12556740628,7.75238627409,-0.03674720813999999,-0.007231391931999997,-0.0306310920548,-0.008314907421999997,-0.032757224394679554,-0.008322696214207054,-0.9811818892395902,-0.1930843499903416,10,10,instant_velocity,dbscan_kmeans_fallback,False
1180,319,1.00497089846,8.4127579399,-0.040767091735,-0.008949742489000023,-0.031506626910999994,-0.007780309470599996,-0.03381283070457486,-0.008046225289605424,-0.9767397502597319,-0.21442709969153492,10,10,instant_velocity,dbscan_kmeans_fallback,False
1180,340,13.1635402815,11.818194622,0.00044197672999999325,-0.0004057216599999691,0.0004251395200000019,-0.0004104948559999855,0.0004273829235614508,-0.00041145456552800963,0.736663188169688,-0.6762351754697131,7,7,instant_velocity,dbscan_kmeans_fallback,False
1180,341,12.4361728627,10.3843265453,0.00387255801999995,-0.02133618609999992,0.006507581189999989,-0.026013918169999997,0.005630417091140176,-0.02320131462019722,0.17858409509679155,-0.9839241833968125,-1,-1,instant_velocity,dbscan_kmeans_fallback,False
1180,342,13.9471018847,12.1742750432,-0.014774650689999901,-0.01859159840000011,-0.014774650689999901,-0.01859159840000011,-0.007062156752879974,-0.013671626626290019,-0.6221590502531917,-0.7828903333099989,-1,-1,instant_velocity,dbscan_kmeans_fallback,False
1180,376,14.1388355995,11.6711801854,0.0006524418399999731,-0.0018138144799999978,0.0006524418399999731,-0.0018138144799999978,0.00042114068334000765,-0.0011881678121999865,0.3384736615279275,-0.940970352817959,7,7,instant_velocity,dbscan_kmeans_fallback,False
1190,45,4.25665684218,6.22305427753,-0.011722906606000016,-0.0019092783979999695,-0.009988674102800008,-0.0016610722059999894,-0.010255765704576742,-0.0016897154960168305,-0.9869944426183866,-0.160749141110858,0,0,instant_velocity,dbscan_kmeans_fallback,False
1190,46,4.37051846648,6.75645892989,-0.006882209085000035,-0.00116943301800001,-0.0068990462935999905,-0.0011742062146000087,-0.008116285484226613,-0.0012652567074895626,-0.9858672722082603,-0.16751972008504265,0,0,instant_velocity,dbscan_kmeans_fallback,False
1190,47,3.93064638737,7.30131925263,-0.004461860324,-0.0004773196000000368,-0.004461860324000009,-0.0004820927953999998,-0.00797306549974261,-0.0006240064878409284,-0.9943243190770388,-0.10637053869644196,0,0,instant_velocity,dbscan_kmeans_fallback,False
1190,48,1.9394359852,4.78608362345,-0.026686975899999976,-0.0075655156509999875,-0.0327231152446,-0.0037899176196000005,-0.031422125013373145,-0.0037010897662688507,-0.9620866018456102,-0.2727428267314606,1,1,instant_velocity,dbscan_kmeans_fallback,False
1190,49,2.27197085841,5.44335271186,-0.030138603697999988,-0.008376958970000015,-0.037193394172999994,-0.0020190619055999903,-0.035585617980904705,-0.0019541681018980465,-0.9634753426604656,-0.26779586390092186,1,1,instant_velocity,dbscan_kmeans_fallback,False
1190,50,5.6608800536,7.7454651399,-0.007871395100000012,-0.019856495336,-0.016963487835800012,-0.019598742752400006,-0.01740544558696277,-0.01841440172096607,-0.368515006716368,-0.9296212957356897,-1,-1,instant_velocity,dbscan_kmeans_fallback,False
1190,51,8.93887413602,0.946047446064,-0.036199998855000005,-0.015274227181599986,-0.03650306861359997,-0.011617959050119997,-0.03127903073935257,-0.01088391126613393,-0.9213424804044364,-0.38875123764851827,-1,-1,instant_velocity,dbscan_kmeans_fallback,False
1190,52,10.4220217635,7.62207802345,-0.03380069661,0.006849536252000021,-0.027911882840000003,0.0086108455736,-0.03136026950659497,0.00889865653294627,-0.9800787358678492,0.19860788399121657,2,2,instant_velocity,dbscan_kmeans_fallback,False
1190,53,11.2725112715,7.15024759941,-0.05051162630999997,0.014319587982000037,-0.020655045859999995,0.011264742546399998,-0.02829005648944658,0.015087770539472089,-0.9620867654444576,0.2727428730872663,-1,-1,instant_velocity,dbscan_kmeans_fallback,False
1190,54,12.1067949661,7.08390017509,-0.022646045800000004,0.009403196107999978,-0.031342464125999996,0.018758660257400007,-0.027130988725569696,0.014247682465167,-0.9235486726055503,0.3834801607525255,2,2,instant_velocity,dbscan_kmeans_fallback,False
1190,55,12.9789623804,6.69989655736,-0.02582406894999991,0.002171804177999981,-0.027145789839999993,0.002567979444999988,-0.023662313029451564,0.0021337259348829752,-0.996481859904106,0.08380412361937008,2,2,instant_velocity,dbscan_kmeans_fallback,False
1190,56,13.3472763222,7.15263419741,-0.022961743459999972,0.0036276289549999952,-0.024165603887999973,0.0019283711815999993,-0.02094077583809668,0.002237966306125734,-0.9877486827602753,0.1560502462753446,2,2,instant_velocity,dbscan_kmeans_fallback,False
1190,87,13.114501911,10.9466090335,-0.011070464760000042,0.020691804640000023,0.0014522092560000032,0.019092783977999978,-0.0004833369886698604,0.020005343271869657,-0.4717433391141526,0.8817354306967046,-1,-1,instant_velocity,dbscan_kmeans_fallback,False
1190,89,12.4433286764,8.3277950512,0.03735755695999998,0.0015512886979999862,0.03503402214800001,0.0027636804806000013,0.03589991287933894,0.001287123880165074,0.9991386654521206,0.0414896648919053,3,3,instant_velocity,dbscan_kmeans_fallback,False
1190,90,11.7965693945,8.86024506436,0.033884882650000135,0.010143041488000114,0.037618533694200026,0.008114433190200004,0.036861812384046434,0.00841443567317187,0.9580003212286753,0.2867661400544898,3,3,instant_velocity,dbscan_kmeans_fallback,False
1190,91,12.125736826,6.47794294362,0.025318952689999997,-0.006921134192,0.018234697098000012,-0.007236165127400013,0.022619764379522508,-0.003854495795667478,0.9646088856992654,-0.2636834004337407,4,4,instant_velocity,dbscan_kmeans_fallback,False
1190,92,9.53533225669,8.36860587695,0.040851277777999864,0.008424690929999912,0.04292225445699998,0.0040858557709999846,0.04206330034303706,0.005008725195471167,0.9793898281699296,0.20197793193046512,3,3,instant_velocity,dbscan_kmeans_fallback,False
1190,93,10.9483950027,8.25953834848,0.03779953368999998,0.010405567267000038,0.04021567314679999,0.006243340360399987,0.04025173811583722,0.007020901577357065,0.9641353666674614,0.2654100311032705,3,3,instant_velocity,dbscan_kmeans_fallback,False
1190,94,8.08186020962,4.12881453504,0.04085127777800004,-0.0006921134189999733,0.03801841740280001,0.002883010380400002,0.03812630641277339,0.0006933175653338806,0.9998562658962373,-0.01693983582248355,5,5,instant_velocity,dbscan_kmeans_fallback,False
1190,95,8.11911253402,4.99013775221,0.048785812410999885,0.006515412532000031,0.04373885908219998,0.011159732234599993,0.044413646819839295,0.007948634132659723,0.9911993629765282,0.13237604196976738,5,5,instant_velocity,dbscan_kmeans_fallback,False
1190,96,2.61629177775,6.36863675535,0.021635813268999993,-0.009904381688000008,0.025870371274999998,-0.0011455670385999994,0.02400049875450211,-0.0020116456119634784,0.9092558797843625,-0.41623659686256925,-1,-1,instant_velocity,dbscan_kmeans_fallback,False
1190,221,13.2300472562,5.7438253997,0.026897441010000023,-0.007947371330999963,0.026653301484000025,-0.0080667012304,0.02715718377015213,-0.006228862125647993,0.9590134894299652,-0.2833591607879852,4,4,instant_velocity,dbscan_kmeans_fallback,False
1190,222,13.0446274946,11.4769111084,-0.0011575580999998892,-0.0003579896999999832,-0.0011575581019999958,-0.00036276289599999954,-0.0011565112143306733,-0.00036404299195083725,-0.9553484034175469,-0.29545375591509687,6,6,instant_velocity,dbscan_kmeans_fallback,False
1190,223,14.3690844295,7.23353986951,0.013848604220000027,-0.019975825236999967,0.012804697270000033,-0.014820773562399995,0.012628276533691203,-0.015441181752860161,0.5697432314372872,-0.8218222602331582,7,7,instant_velocity,dbscan_kmeans_fallback,False
1190,225,12.0322903173,7.80059555363,-0.03194860364000007,-0.00742231977100003,-0.018259952910000016,-0.00894019609739999,-0.019658193521758408,-0.009559951611091817,-0.9740587464732375,-0.22629394303205297,2,2,instant_velocity,dbscan_kmeans_fallback,False
1190,226,14.7975913927,7.47530224662,0.0155533716099999,-0.015560618942000027,0.012897301918000004,-0.013899546735400002,0.012713584991006485,-0.013776211910904022,0.7069417354346175,-0.7072711457766263,7,7,instant_velocity,dbscan_kmeans_fallback,False
1190,228,6.71383699705,1.97300056423,-0.008144999743000004,-0.052385826037,-0.022435580686200007,-0.048782063061400004,-0.018871962367236445,-0.048891859389926094,-0.15363503089820987,-0.9881274715496009,-1,-1,instant_velocity,dbscan_kmeans_fallback,False
1190,229,10.0461310778,6.19632437996,0.01401697630599994,0.006181288813000041,0.023407929493399992,0.025827763525,0.02225228402021742,0.022282835341366398,0.9149815889776982,0.40349397306378465,-1,-1,instant_velocity,dbscan_kmeans_fallback,False
1190,230,9.60247062666,6.03809293275,0.023677324832000045,-0.011932989986000031,0.02613134801100003,0.008271948657999992,0.025547833055782385,0.0071818988397519,0.8929992854862664,-0.45005724281870507,4,4,instant_velocity,dbscan_kmeans_fallback,False
1190,231,10.6442729193,11.3938574981,-0.015784883219999914,-0.02460582535000011,-0.015784883219999914,-0.02460582535000011,-0.012333928912541986,-0.02065299139245903,-0.5399548519474271,-0.8416935747151907,-1,-1,instant_velocity,dbscan_kmeans_fallback,False
1190,232,13.8023018892,6.22042901973,0.0016837208700000161,0.04353154746800003,0.0016753022720000033,0.03831921744200001,0.0021889090341846496,0.03790251989574881,0.03864926860276818,0.999252608174222,8,8,instant_velocity,dbscan_kmeans_fallback,False
1190,233,14.2975262922,5.21877384033,-0.01248058099999998,0.04331675364800001,-0.010573767107999999,0.0427582897166,-0.008255962047922942,0.040466470841598316,-0.27686083387743493,0.9609097954533304,8,8,instant_velocity,dbscan_kmeans_fallback,False
1190,300,0.625081375588,8.57194402631,-0.007766162545199995,0.006730206351999968,-0.011036790348839998,0.004854340326199988,-0.011777105183638392,0.004496829684436397,-0.7557108788940579,0.6549039023850729,-1,-1,instant_velocity,dbscan_kmeans_fallback,False
1190,310,12.6685263437,13.1212771284,-0.02028883656999998,0.014510515819999981,-0.017927418037999986,0.02049610359799999,-0.017732689039466672,0.019203870731489724,-0.8133824035099744,0.5817286857785116,9,9,instant_velocity,dbscan_kmeans_fallback,False
1190,311,11.8464496255,11.4432600767,-0.02470860386999991,0.007279123899999895,-0.030239626950000015,0.00963708271399998,-0.027746005721648474,0.008466757988491417,-0.959240107683502,0.28259093999864576,9,9,instant_velocity,dbscan_kmeans_fallback,False
1190,313,14.4581111708,9.84662601658,-0.018626162209999998,0.030309794563999938,-0.018626162209999998,0.030309794563999938,-0.014909137902632989,0.0202643649339726,-0.5235666942255544,0.8519843628339757,-1,-1,instant_velocity,dbscan_kmeans_fallback,False
1190,318,0.71915927959,7.67816307638,-0.04064081266900001,-0.00742231977100003,-0.032074882707,-0.007021371307599988,-0.03512230087697569,-0.008052583281244946,-0.9837284359547842,-0.17966045804619463,10,10,instant_velocity,dbscan_kmeans_fallback,False
1190,319,0.597089516008,8.32326051501,-0.040788138245200015,-0.008949742489000023,-0.034150068687840006,-0.008114433190200004,-0.035905422966762406,-0.008317280449423804,-0.9767629183467056,-0.21432153974411694,10,10,instant_velocity,dbscan_kmeans_fallback,False
1190,340,13.1677495837,11.8141374054,0.00042093021999995984,-0.0004057216599999691,0.0004251395219999665,-0.0004104948559999855,0.00042544711249300354,-0.0004097346938695975,0.7199818206073789,-0.6939682768004959,6,6,instant_velocity,dbscan_kmeans_fallback,False
1190,341,12.6245391358,10.1707260246,0.018836627309999975,-0.021360052070000003,0.00791348812199999,-0.024849258345999985,0.009592280156798116,-0.022648935855138056,0.6614145268821018,-0.7500200806412902,-1,-1,instant_velocity,dbscan_kmeans_fallback,False
1190,342,13.7810449132,11.9983827708,-0.016605697149999977,-0.01758922724000005,-0.016605697149999977,-0.01758922724000005,-0.009925218872015975,-0.01484690681040303,-0.6864844695079948,-0.7271438965696796,-1,-1,instant_velocity,dbscan_kmeans_fallback,False
1190,344,15.0061623163,11.7005353408,0.0,0.0,0.0,0.0,0.0,0.0,0.0,0.0,6,6,instant_velocity,dbscan_kmeans_fallback,False
1190,376,14.1451495528,11.6530420406,0.0006313953299999398,-0.0018138144799999978,0.0006313953299999398,-0.0018138144799999978,0.00048421707733798736,-0.00137586181253999,0.3287526953286916,-0.94441053139602,6,6,instant_velocity,dbscan_kmeans_fallback,False
1200,45,4.07249987125,6.19322180256,-0.018415697093000016,-0.0029832474970000076,-0.012055441479399995,-0.0019522371617999924,-0.012703745121103725,-0.0020777750963117837,-0.9871310368188534,-0.15991011254850815,0,0,instant_velocity,dbscan_kmeans_fallback,False
1200,46,4.18299405381,6.76003882688,-0.01875244126700002,0.00035798969899998313,-0.009268883427799999,-0.00086872167100001,-0.011307132219058637,-0.0007782827855426987,-0.9998172969756106,0.019086810517259953,0,0,instant_velocity,dbscan_kmeans_fallback,False
1200,47,3.88602778413,7.29654605664,-0.004461860324,-0.0004773195989999479,-0.004461860324000009,-0.0004820927953999998,-0.006919703947019826,-0.0005800004211886343,-0.9943243191006109,-0.10637053847609414,0,0,instant_velocity,dbscan_kmeans_fallback,False
1200,48,1.66877785422,4.71711094134,-0.027065813098,-0.006897268211000007,-0.029250440935800003,-0.005875804268800007,-0.0301152314387612,-0.004659943299688198,-0.9690301307368822,-0.24694106517444916,0,0,instant_velocity,dbscan_kmeans_fallback,False
1200,49,1.97037435631,5.35958312216,-0.03015965021,-0.008376958970000015,-0.03536655702159999,-0.0040238042232000025,-0.033957827649633295,-0.0038810053623286375,-0.9635235469041331,-0.26762237502239283,0,0,instant_velocity,dbscan_kmeans_fallback,False
1200,50,5.62489051985,7.56814090871,-0.003598953374999958,-0.01773242311900001,-0.012350092632800003,-0.0202813097798,-0.013263497923373925,-0.01820980814037625,-0.1989034959407121,-0.9800185171526565,-1,-1,instant_velocity,dbscan_kmeans_fallback,False
1200,51,8.69052530666,0.767529915878,-0.024834882936000113,-0.0178517530186,-0.03497088261480002,-0.01376589724744,-0.029345786398346833,-0.012974263791873752,-0.8119890591964852,-0.583672094446186,-1,-1,instant_velocity,dbscan_kmeans_fallback,False
1200,52,10.0633892167,7.76360328468,-0.03586325468000009,0.014152526122999998,-0.030399580436000023,0.008233763090200004,-0.0327111650586165,0.010474817409962388,-0.9301906010153267,0.36707618696916455,-1,-1,instant_velocity,dbscan_kmeans_fallback,False
1200,53,10.7375089629,7.18151203318,-0.05350023086000011,0.0031264433769999656,-0.028732696765999998,0.011995041533599995,-0.03585310880061264,0.011499372390730452,-0.9982966781084165,0.05833840316914697,1,1,instant_velocity,dbscan_kmeans_fallback,False
1200,54,11.7353240476,7.04189605035,-0.03714709185,-0.004200412474000004,-0.030353278109999982,0.01273011371680001,-0.030135819662898786,0.008713253983416897,-0.9936674005326586,-0.11235907674976008,1,1,instant_velocity,dbscan_kmeans_fallback,False
1200,55,12.7213530862,6.7495377957,-0.025760929419999988,0.004964123834000045,-0.026114510801999984,0.003560804211799997,-0.02429189794661609,0.002982845304618096,-0.981934614965983,0.1892185233735366,1,1,instant_velocity,dbscan_kmeans_fallback,False
1200,56,13.0709356333,7.21015120914,-0.02763406889000013,0.00575170117299999,-0.02446446434200002,0.0032457732760000015,-0.022948763753667716,0.0032920867661880107,-0.9790182296013548,0.20377094383028654,1,1,instant_velocity,dbscan_kmeans_fallback,False
1200,87,12.9103507546,11.1055564601,-0.020415115640000002,0.015894742660000107,-0.005434209132000021,0.019570103578000014,-0.006462870584068904,0.018772163088308792,-0.7890461453632004,0.6143333032529962,2,2,instant_velocity,dbscan_kmeans_fallback,False
1200,89,12.59423216,8.33996670099,0.01509034836000005,0.001217164978999996,0.03173813853200002,0.002085886649600006,0.02965704352353727,0.0012661362098155505,0.9967622306279481,0.0803973540283633,3,3,instant_velocity,dbscan_kmeans_fallback,False
1200,90,12.0421821774,8.95976620084,0.024561278290000033,0.009952113647999994,0.03450785937400003,0.009804144572200002,0.033171652155832516,0.008875739065620308,0.9268067151654716,0.37553769189658576,3,3,instant_velocity,dbscan_kmeans_fallback,False
1200,91,12.3862926317,6.4096862409,0.026055580569999924,-0.00682567027199994,0.020192022618000002,-0.007937824938600003,0.023650509236665736,-0.004745848138567217,0.9673573976853328,-0.2534145272273247,4,4,instant_velocity,dbscan_kmeans_fallback,False
1200,92,9.94384503448,8.45285278625,0.04085127777900013,0.00842469093000009,0.04231611494140001,0.005365072297600015,0.04169969357382598,0.0060335149158298445,0.9793898281709071,0.2019779319257254,3,3,instant_velocity,dbscan_kmeans_fallback,False
1200,93,11.3272322,8.38364144433,0.03788371972999993,0.012410309584999979,0.03879713830739998,0.008725402277399983,0.03954133260008603,0.00863772397964994,0.9503078578052073,0.3113108955634432,3,3,instant_velocity,dbscan_kmeans_fallback,False
1200,94,8.54362066014,3.9980289648,0.046176045051999993,-0.013078557024000004,0.04085548708060001,-0.0018329072618000009,0.04054122800454137,-0.0034382448114662852,0.9621519652145814,-0.27251271365145957,-1,-1,instant_velocity,dbscan_kmeans_fallback,False
1200,95,8.58697647272,4.995149608,0.046786393870000074,0.0005011855790000297,0.044698579982200004,0.009365010540800007,0.04512547093488753,0.005714399566561814,0.999942415525431,0.010711591063938534,-1,-1,instant_velocity,dbscan_kmeans_fallback,False
1200,96,2.80234293466,6.20324551415,0.018605115691000006,-0.016539124120000005,0.02374888297,-0.005288701161600002,0.022381883835451477,-0.006369889164374438,0.7473842138003667,-0.6643914761224734,-1,-1,instant_velocity,dbscan_kmeans_fallback,False
1200,221,13.590573989,5.59156044749,0.03605267327999986,-0.015226495221000036,0.029456696743999977,-0.009975979628000004,0.029825830623106453,-0.008928152054253607,0.9212103580199981,-0.38906421737409896,4,4,instant_velocity,dbscan_kmeans_fallback,False
1200,222,13.0332623787,11.4733312114,-0.0011365115900000334,-0.0003579896999999832,-0.0011533487999999892,-0.00036276289599999954,-0.0011505113270314812,-0.000362227004365581,-0.9537933949655204,-0.3004353095296301,5,5,instant_velocity,dbscan_kmeans_fallback,False
1200,223,14.4837879142,6.9991759462,0.01147034846999997,-0.023436392331000012,0.013393999576000013,-0.017465124142999996,0.012280898114583834,-0.017839744926302116,0.4395983215794384,-0.8981940487275235,6,6,instant_velocity,dbscan_kmeans_fallback,False
1200,225,11.5903135871,7.78866256365,-0.04419767301999986,-0.0011932989980000031,-0.026282882890000005,-0.007455732142999985,-0.027020037371230845,-0.007049955827164272,-0.9996354963720462,-0.02698929501664525,1,1,instant_velocity,dbscan_kmeans_fallback,False
1200,226,14.9531251087,7.31969605721,0.015553371600000077,-0.015560618941000026,0.015115604174000019,-0.015283773573600019,0.013565520973704562,-0.014311534019932824,0.7069417352299785,-0.7072711459811695,6,6,instant_velocity,dbscan_kmeans_fallback,False
1200,228,6.71383699705,1.45009694306,0.0,-0.052290362117,-0.017498069214400013,-0.050729527027,-0.01321037365706551,-0.04991141020804826,0.0,-0.9999998087602058,-1,-1,instant_velocity,dbscan_kmeans_fallback,False
1200,229,10.1865113059,6.25813726809,0.014038022809999972,0.006181288812999952,0.01981739472280001,0.0207634025752,0.019788005657152184,0.017452371382856463,0.915204841181429,0.40298733824312516,-1,-1,instant_velocity,dbscan_kmeans_fallback,False
1200,230,9.8655520137,5.75170117309,0.02630813870399997,-0.028639175965999984,0.024906441073200013,-0.0018281340658000112,0.02577592475024766,-0.0035644236019736677,0.6765004389479199,-0.736441879453827,-1,-1,instant_velocity,dbscan_kmeans_fallback,False
1200,231,10.4864240871,11.1475605848,-0.01578488322000009,-0.024629691329999835,-0.016311045996000004,-0.027641578003999995,-0.013369215204779418,-0.021846001373721273,-0.5395840261396754,-0.8419313481888838,-1,-1,instant_velocity,dbscan_kmeans_fallback,False
1200,232,13.6760228235,6.53545995535,-0.012627906570000036,0.031503093562000026,-0.00026518603799999594,0.037383671027,-0.0022561356470707566,0.03598269199562418,-0.37206786296033073,0.9282052122636721,7,7,instant_velocity,dbscan_kmeans_fallback,False
1200,233,14.1706158311,5.64573622202,-0.012691046110000137,0.04269623816900001,-0.010733720590000004,0.0413549700944,-0.0095864872665461,0.041135401039818824,-0.2849200772155787,0.9585510422454916,7,7,instant_velocity,dbscan_kmeans_fallback,False
1200,300,0.547209285026,8.63948474963,-0.007787209056200006,0.00675407233200005,-0.008709046236320002,0.006205154792599999,-0.010580136345406877,0.005174002478705492,-0.7554406545239756,0.6552155960325801,-1,-1,instant_velocity,dbscan_kmeans_fallback,False
1200,310,12.465637978,13.2661436269,-0.02028883656999998,0.014486649850000078,-0.018967115680000007,0.017990175702,-0.018499533298626664,0.01778870446704283,-0.8138351314768987,0.5810951527288398,2,2,instant_velocity,dbscan_kmeans_fallback,False
1200,311,11.5606380066,11.5392013161,-0.02858116189000004,0.00959412394000001,-0.03004599904999999,0.009980752823999985,-0.027996552572153943,0.008804967773943996,-0.9480134738953709,0.31822914688868653,2,2,instant_velocity,dbscan_kmeans_fallback,False
1200,313,14.2739541999,10.1339724154,-0.018415697090000016,0.028734639882000045,-0.019695324959999993,0.025928000640200004,-0.015961105658843098,0.022805447418380833,-0.5395840525294912,0.8419313892779234,-1,-1,instant_velocity,dbscan_kmeans_fallback,False
1200,318,0.312751152904,7.60417853847,-0.0406408126686,-0.007398453790999948,-0.03467202215972,-0.00713592801139999,-0.036777854414462983,-0.007856344434171447,-0.9838303862929249,-0.17910133122888103,8,8,instant_velocity,dbscan_kmeans_fallback,False
1200,319,0.189418598663,8.23376309011,-0.040767091734499994,-0.008949742490000112,-0.03651569651994,-0.00841514453800002,-0.03736392359708368,-0.008507019061596696,-0.9767397502541627,-0.21442709971690338,8,8,instant_velocity,dbscan_kmeans_fallback,False
1200,340,13.1719588859,11.809841529,0.0004209302200001375,-0.0004295876400000509,0.00042513952200000203,-0.00041526805200000185,0.0004240920447451437,-0.0004156905777087335,0.699861249196662,-0.7142555418562805,5,5,instant_velocity,dbscan_kmeans_fallback,False
1200,341,12.8173251762,9.94089663746,0.019278604040000147,-0.022982938714000055,0.010304371767999997,-0.023426845940800013,0.012498177321758727,-0.022749136712796658,0.6426627497530824,-0.766148760600082,-1,-1,instant_velocity,dbscan_kmeans_fallback,False
1200,342,13.6642367773,11.6270281224,-0.011680813590000127,-0.037135464839999875,-0.011558743822000004,-0.023732330483999996,-0.01045189728741122,-0.021533474219282082,-0.30005252215472317,-0.9539224130902242,-1,-1,instant_velocity,dbscan_kmeans_fallback,False
1200,344,14.7956972067,11.8043523536,-0.02104651095999994,0.010381701280000044,-0.02104651095999994,0.010381701280000044,-0.006313953287999983,0.0031145103840000137,-0.8968265360304322,0.4423814101415871,2,2,instant_velocity,dbscan_kmeans_fallback,False
1200,376,14.1514635061,11.6351425556,0.0006313953300001174,-0.0017899485000000936,0.0006356046300000173,-0.0018042680860000005,0.0005283705531366264,-0.0015000878187780213,0.33265382376476615,-0.9430434223625442,5,5,instant_velocity,dbscan_kmeans_fallback,False
1210,45,3.88834290033,6.1633893276,-0.018415697091999972,-0.0029832474960000076,-0.013726534449800001,-0.002224309333400001,-0.0144173307123726,-0.002349416816218251,-0.987131036825944,-0.15991011250473783,0,0,instant_velocity,dbscan_kmeans_fallback,False
1210,46,3.96600452578,6.76743728067,-0.021698952803000004,0.0007398453790000481,-0.012228022869400003,-0.0004820927955999998,-0.014424678394241048,-0.00032284433617987466,-0.9994187807136742,0.03407608529821061,0,0,instant_velocity,dbscan_kmeans_fallback,False
1210,47,3.84140918089,7.29177286065,-0.004461860324,-0.0004773195990000367,-0.004461860324000009,-0.0004820927953999998,-0.006182350860113879,-0.000549196174532055,-0.9943243191006088,-0.1063705384761137,0,0,instant_velocity,dbscan_kmeans_fallback,False
1210,48,1.3840185609,4.67486815679,-0.028475929332000004,-0.004224278454999997,-0.0271247433284,-0.006763618723800011,-0.02962344080673284,-0.004529243846281737,-0.9891747880885046,-0.14673971468442246,1,1,instant_velocity,dbscan_kmeans_fallback,False
1210,49,1.66898831933,5.27557487267,-0.030138603698000012,-0.008400824949000008,-0.0333587198756,-0.0057039692130000045,-0.03281206046414331,-0.0052369512383300485,-0.9632782700414476,-0.2685038830890087,1,1,instant_velocity,dbscan_kmeans_fallback,False
1210,50,5.588690521,7.39105533733,-0.0036199998849999913,-0.017708557138000014,-0.0087343020494,-0.020262216995600005,-0.010370448511861745,-0.01805943283966338,-0.20027903060012914,-0.979738334142419,-1,-1,instant_velocity,dbscan_kmeans_fallback,False
1210,51,8.45480438388,0.586148468096,-0.02357209227799988,-0.018138144778200006,-0.03179285946039997,-0.015603577705280001,-0.027613678162242746,-0.014523428087771628,-0.7925300237276435,-0.6098323450421357,-1,-1,instant_velocity,dbscan_kmeans_fallback,False
1210,52,9.70475666994,7.90488988611,-0.03586325467599991,0.014128660143000005,-0.03358181289120001,0.008295814638000004,-0.033656791943831525,0.011570970229873674,-0.9304018581345936,0.3665403982086539,-1,-1,instant_velocity,dbscan_kmeans_fallback,False
1210,53,10.1827229339,7.13807594963,-0.05547860290000006,-0.004343608354999961,-0.03795948717200002,0.012453268349000002,-0.04174075703042887,0.006746478167011329,-0.9969489118206504,-0.07805451825630404,2,2,instant_velocity,dbscan_kmeans_fallback,False
1210,54,11.3402810368,7.03831615335,-0.039504301080000026,-0.0003579896999999832,-0.030201743231999992,0.007054783679600014,-0.03294636408802916,0.005991880878391833,-0.9999586890952229,-0.009061669269800307,2,2,instant_velocity,dbscan_kmeans_fallback,False
1210,55,12.4641647222,6.81158934362,-0.0257188364000001,0.006205154791999945,-0.025950348018000006,0.0039712990672,-0.024719979482631296,0.003949538150832651,-0.9721063218427887,0.23453900120132173,2,2,instant_velocity,dbscan_kmeans_fallback,False
1210,56,12.7830193633,7.27291873647,-0.02879162700000002,0.006276752733000013,-0.025062185254000013,0.004577494958599999,-0.02470162272756741,0.004187486556231612,-0.9770511555928922,0.21300319398929776,2,2,instant_velocity,dbscan_kmeans_fallback,False
1210,57,14.8510495305,7.80417545063,0.0,0.0,0.0,0.0,0.0,0.0,0.0,0.0,3,3,instant_velocity,dbscan_kmeans_fallback,False
1210,87,12.7064100634,11.2647425465,-0.02039406911999997,0.01591860864000001,-0.01232062751800001,0.020047423176000015,-0.010642230144848224,0.017916096753816155,-0.7882913610501682,0.6153015171721941,4,4,instant_velocity,dbscan_kmeans_fallback,False
1210,89,12.7205112258,8.35189969097,0.012627906579999858,0.0011932989980000031,0.027949766557999994,0.0014080928182000107,0.024548302440476046,0.0012442850462708864,0.9955640571748947,0.09407779384060291,3,3,instant_velocity,dbscan_kmeans_fallback,False
1210,90,12.2875844953,9.05904867752,0.02454023179,0.009928247667999912,0.031750766438000004,0.010095309527800005,0.03058222604608276,0.00919149164633419,0.9270082402400908,0.3750399539066613,3,3,instant_velocity,dbscan_kmeans_fallback,False
1210,91,12.7472402947,6.19465376136,0.03609476629999993,-0.02150324795400005,0.024674929452,-0.010329196131600007,0.027383786355665993,-0.009773068083197067,0.8591015181338747,-0.5118047533137959,5,5,instant_velocity,dbscan_kmeans_fallback,False
1210,92,10.3388880452,8.53566773675,0.03950430107199985,0.008281495049999954,0.04143637078219999,0.006610876451999985,0.04104107582327814,0.006707908956080877,0.9787249907884018,0.20517528336352062,3,3,instant_velocity,dbscan_kmeans_fallback,False
1210,93,11.7060693974,8.50774454019,0.03788371974000011,0.012410309586000067,0.03780795229359999,0.010663319851199997,0.03904404874206025,0.009769499661554978,0.950307857822097,0.31131089551188634,3,3,instant_velocity,dbscan_kmeans_fallback,False
1210,94,9.00517064555,3.86700473476,0.046154998541000046,-0.013102423003999997,0.04298118468780002,-0.005656237253200001,0.042225359165478975,-0.006337498269226399,0.9619887913937957,-0.2730881696107431,6,6,instant_velocity,dbscan_kmeans_fallback,False
1210,95,9.00790669197,4.86030682116,0.042093021924999974,-0.013484278684000017,0.04483748695459999,0.0037421856593999967,0.044215736231921265,-4.520390860673646e-05,0.9523285825394797,-0.30507346392429546,6,6,instant_velocity,dbscan_kmeans_fallback,False
1210,96,2.98860455668,6.03809293275,0.018626162201999995,-0.01651525814000001,0.022241952785199998,-0.008591752789600005,0.021255167345416034,-0.00941349985706211,0.7482328627259226,-0.6634355882191842,-1,-1,instant_velocity,dbscan_kmeans_fallback,False
1210,221,14.0424425793,5.36698157596,0.04518685903000001,-0.022457887153000032,0.03332083615599998,-0.012921041556400005,0.03443413914517452,-0.012987072583877535,0.8954988865793554,-0.4450633076108351,5,5,instant_velocity,dbscan_kmeans_fallback,False
1210,222,13.0216867976,11.4697513144,-0.0011575581100000676,-0.0003579896999999832,-0.0011533488020000248,-0.00036276289599999954,-0.001152625361922057,-0.0003609558130559016,-0.9553484041380741,-0.29545375358549547,7,7,instant_velocity,dbscan_kmeans_fallback,False
1210,223,14.5987018641,6.76481202288,0.011491394990000004,-0.02343639233200001,0.013835976308000007,-0.019980598432,0.012044047177208684,-0.019518739148011485,0.44024870485321066,-0.897875443283733,-1,-1,instant_velocity,dbscan_kmeans_fallback,False
1210,225,11.1352880201,7.81324452302,-0.04550255669999999,0.0024581959369999852,-0.03456258030199997,-0.005240969201600016,-0.03256479316986159,-0.0041975102979149945,-0.9985437115638977,0.05394457526566324,2,2,instant_velocity,dbscan_kmeans_fallback,False
1210,228,6.77360908819,0.992347447209,0.005977209114000015,-0.04577494958509999,-0.011310394991199998,-0.051173434254619996,-0.007454098825745852,-0.04867047202116378,0.12947895589402147,-0.9915819515997953,-1,-1,instant_velocity,dbscan_kmeans_fallback,False
1210,229,10.3252078131,6.30563056823,0.01386965072000006,0.004749330014000019,0.017161325038400007,0.01502602098999999,0.018012499176006547,0.01364145897219953,0.9460703478191365,0.32395915289875754,-1,-1,instant_velocity,dbscan_kmeans_fallback,False
1210,230,10.1688322367,5.34478621458,0.03032802229999998,-0.04069149585099998,0.02448130155240001,-0.014343453962799995,0.027141554015173357,-0.014702545276681562,0.5975935650175582,-0.8017989379906342,-1,-1,instant_velocity,dbscan_kmeans_fallback,False
1210,231,10.2812206052,10.9306188269,-0.020520348189999992,-0.021694175790000082,-0.01700558085800001,-0.02561774289999999,-0.015514555100345589,-0.021800453698604914,-0.6871789553989804,-0.7264877242618618,-1,-1,instant_velocity,dbscan_kmeans_fallback,False
1210,232,13.5497437577,6.85049089097,-0.012627906580000037,0.03150309356199994,-0.003156976644000018,0.037455268966999994,-0.0053676669269495415,0.034638812465536906,-0.3720678632141828,0.9282052121619165,8,8,instant_velocity,dbscan_kmeans_fallback,False
1210,233,14.0224483939,6.01685221058,-0.01481674371999997,0.037111598855999975,-0.012013348458000016,0.040949248434999995,-0.011155564202582263,0.03992826038467317,-0.37078870163135463,0.9287169850083582,8,8,instant_velocity,dbscan_kmeans_fallback,False
1210,300,0.37673254623,8.65094042001,-0.017047673879599996,0.001145567038000017,-0.00963088341646,0.005622824881200011,-0.012520397605664813,0.00396547184649385,-0.997749258167819,0.06704660532682842,-1,-1,instant_velocity,dbscan_kmeans_fallback,False
1210,310,12.2625391472,13.4110101253,-0.020309883080000014,0.014486649840000077,-0.019918417975999993,0.015489021002000029,-0.01904263823303867,0.016798088078930004,-0.8141199101161771,0.580696108351274,4,4,instant_velocity,dbscan_kmeans_fallback,False
1210,311,11.2363112727,11.658531216,-0.03243267338999996,0.011932989990000031,-0.029515626974,0.009890062099999994,-0.029327388817507745,0.009743374438760806,-0.938491910521704,0.34530038394567,4,4,instant_velocity,dbscan_kmeans_fallback,False
1210,313,14.107055368,10.2821801511,-0.01668988319000011,0.014820773569999978,-0.018823999404000025,0.024596278959400024,-0.0161797389181902,0.020410045263866576,-0.7477354292088478,0.6639961083257293,4,4,instant_velocity,dbscan_kmeans_fallback,False
1210,340,13.1761681881,11.8057843124,0.00042093021999995984,-0.0004057216599999691,0.00042513952200000203,-0.0004104948559999855,0.0004231434973215886,-0.0004126999023961042,0.7199818206073789,-0.6939682768004959,7,7,instant_velocity,dbscan_kmeans_fallback,False
1210,341,13.0277902858,9.64615178482,0.02104651095999994,-0.029474485263999917,0.013048836795999996,-0.02330274284359998,0.015062677413231092,-0.024766741278157638,0.5811156623762637,-0.8138206403874546,-1,-1,instant_velocity,dbscan_kmeans_fallback,False
1210,342,13.5446925951,11.2542415153,-0.011954418219999851,-0.03727866071000001,-0.012476371697999972,-0.026653526431999985,-0.010902653567187809,-0.026257030166497462,-0.30536058594364685,-0.9522365261201436,-1,-1,instant_velocity,dbscan_kmeans_fallback,False
1210,344,14.585232097,11.9081693665,-0.021046510969999942,0.010381701289999868,-0.021046510969999942,0.010381701289999868,-0.010733720592599971,0.00529466765579997,-0.8968265359447696,0.4423814103152487,4,4,instant_velocity,dbscan_kmeans_fallback,False
1210,376,14.1579879245,11.6170044109,0.0006524418399999731,-0.001813814469999997,0.0006398139340000242,-0.0018090412800000166,0.0005655919391956304,-0.001594205814144614,0.33847366318021715,-0.9409703522235919,7,7,instant_velocity,dbscan_kmeans_fallback,False
1220,45,3.68755918575,6.17699293618,-0.020078371458,0.0013603608579999538,-0.0157343715956,-0.001627659834200017,-0.01611564293606082,-0.0012364835139527894,-0.9977121720746754,0.0675975434202719,0,0,instant_velocity,dbscan_kmeans_fallback,False
1220,46,3.74880453265,6.77483573447,-0.021719999312999994,0.0007398453799999594,-0.015191371612800007,-0.00010023711580000593,-0.016613274669868734,-4.037421325924401e-06,-0.9994199051357372,0.034043104184267294,0,0,instant_velocity,dbscan_kmeans_fallback,False
1220,47,3.79658011253,7.28676100485,-0.004482906835999989,-0.0005011855800000298,-0.004466069626400007,-0.0004820927953999998,-0.005672517652879711,-0.0005347929961724475,-0.9938062431637046,-0.11110678330136352,0,0,instant_velocity,dbscan_kmeans_fallback,False
1220,48,1.09946973268,4.63286403204,-0.028454882821999993,-0.0042004124750000035,-0.027474115410599995,-0.0060905980886000145,-0.029272873411312985,-0.004430594434897217,-0.9892792180652894,-0.14603401443659939,1,1,instant_velocity,dbscan_kmeans_fallback,False
1220,49,1.38949065375,5.20326095335,-0.027949766557999987,-0.007231391931999997,-0.030908905999600004,-0.007150247599400004,-0.03135337229230031,-0.005835283446431033,-0.9681213480746502,-0.25048026398131573,1,1,instant_velocity,dbscan_kmeans_fallback,False
1220,50,5.56995912624,7.20203677595,-0.0018731394760000519,-0.018901856138000016,-0.006250813755800007,-0.01944122728480002,-0.007821255801103237,-0.01831215982916437,-0.09861508517252766,-0.9951251238098858,-1,-1,instant_velocity,dbscan_kmeans_fallback,False
1220,51,8.27443578493,0.482570115021,-0.018036859895000035,-0.010357835307499997,-0.02776876656399999,-0.015379237493579999,-0.024740632682069934,-0.013273750253690137,-0.8671833013395681,-0.4979881126192764,-1,-1,instant_velocity,dbscan_kmeans_fallback,False
1220,52,9.33412761189,7.97123731043,-0.037062905804999956,0.006634742431999996,-0.03500876633419999,0.008749268257600012,-0.03467862610218206,0.01009010189051157,-0.9843520021645177,0.17621181758242027,2,2,instant_velocity,dbscan_kmeans_fallback,False
1220,53,9.62646364916,7.09535584548,-0.05562592847399994,-0.004272010414999983,-0.04763667291280001,0.004596587742400011,-0.04590630846350019,0.0034409315924079343,-0.9970637667820779,-0.07657340583722685,-1,-1,instant_velocity,dbscan_kmeans_fallback,False
1220,54,10.9096694225,7.09249192788,-0.04306116143000001,0.005417577453,-0.032681022223999996,0.0042433712388000085,-0.035980803290620415,0.005819589850774283,-0.9921782695274076,0.12482716312903314,2,2,instant_velocity,dbscan_kmeans_fallback,False
1220,55,12.2069763583,6.87340223175,-0.025718836389999923,0.006181288813000041,-0.025786185229999994,0.004377020726800005,-0.025019636554841882,0.004619063349482868,-0.9723116612326874,0.23368627970525047,2,2,instant_velocity,dbscan_kmeans_fallback,False
1220,56,12.4948926282,7.33568626379,-0.028812673509999876,0.006276752732000013,-0.026232371263999993,0.0051073197138000025,-0.02593493796229715,0.004814266408962133,-0.9770835263229194,0.212854655473435,2,2,instant_velocity,dbscan_kmeans_fallback,False
1220,57,14.5265123315,7.72470173733,-0.03245371989999999,-0.007947371329999963,-0.03245371989999999,-0.007947371329999963,-0.009736115969999999,-0.002384211398999989,-0.9713003291595009,-0.23785514919606326,-1,-1,instant_velocity,dbscan_kmeans_fallback,False
1220,87,12.5148868137,11.4287018289,-0.019152324969999947,0.016395928239999868,-0.015178743705999977,0.018553412829999977,-0.013195258592393741,0.01746004619967127,-0.7596549963281575,0.6503256824674621,3,3,instant_velocity,dbscan_kmeans_fallback,False
1220,89,12.7962786652,8.4115646409,0.007576743939999986,0.005966494992999926,0.021997813257999967,0.002291134077199999,0.019456834890333227,0.0026609480302895987,0.785645119428843,0.6186757409868373,4,4,instant_velocity,dbscan_kmeans_fallback,False
1220,90,12.4744775126,9.0793347605,0.01868930172999992,0.002028608298000023,0.027911882838000005,0.008458103301800008,0.02701434875125791,0.00704262664183394,0.9941601380441086,0.10790994413343102,4,4,instant_velocity,dbscan_kmeans_fallback,False
1220,91,13.1330228406,5.94262901286,0.03857825459000015,-0.025202474849999934,0.028951580480000027,-0.013684752915599993,0.03074212682596624,-0.014401890113237927,0.8371857400988763,-0.5469182777670197,5,5,instant_velocity,dbscan_kmeans_fallback,False
1220,92,10.6792101275,8.61275485206,0.03403220823000001,0.007708711531000034,0.039462208054599976,0.0077421239027999885,0.0389384155452947,0.007008149728556625,0.9752926107376287,0.2209157085453189,4,4,instant_velocity,dbscan_kmeans_fallback,False
1220,93,11.9087472979,8.61347083146,0.020267790049999946,0.010572629127000077,0.034314231472,0.010968804394800032,0.033411171134442155,0.010010438501188507,0.8866180044587263,0.4625015019071129,4,4,instant_velocity,dbscan_kmeans_fallback,False
1220,94,9.46693109607,3.73621916451,0.046176045051999993,-0.013078557025000003,0.04404192884040001,-0.008133525974400006,0.04341056493143528,-0.00835981589595848,0.9621519652091179,-0.27251271367074875,6,6,instant_velocity,dbscan_kmeans_fallback,False
1220,95,9.42883691122,4.72546403433,0.042093021924999974,-0.013484278683000017,0.044972184624799995,-0.0018806392215999957,0.043578921939844875,-0.0040769263409247206,0.9523285825460529,-0.3050734639037767,6,6,instant_velocity,dbscan_kmeans_fallback,False
1220,96,3.27694175687,5.81709395822,0.028833720018999996,-0.02209989745299996,0.022776534163599996,-0.013011732280199997,0.023528733147491224,-0.013219419135843465,0.7936852794540676,-0.6083281406052455,-1,-1,instant_velocity,dbscan_kmeans_fallback,False
1220,221,14.4943111697,5.14240270443,0.04518685904000001,-0.022457887152999945,0.03642730117399999,-0.015460381825400002,0.03765995511362217,-0.015828316954614258,0.8954988866186113,-0.44506330753184964,5,5,instant_velocity,dbscan_kmeans_fallback,False
1220,222,13.0101112166,11.4659327576,-0.0011575580999998892,-0.000381855680000065,-0.0011533487999999892,-0.0003675360920000159,-0.0011541051833454067,-0.0003672257731391506,-0.9496546649819749,-0.3132724205048202,7,7,instant_velocity,dbscan_kmeans_fallback,False
1220,223,14.7134053488,6.53068675936,0.01147034846999997,-0.02341252635200002,0.012893092615999998,-0.021355278878400004,0.01187193756504607,-0.020686875309208045,0.439959730747635,-0.8980170756702273,-1,-1,instant_velocity,dbscan_kmeans_fallback,False
1220,225,10.6495345471,7.92350535049,-0.048575347300000085,0.011026082747000033,-0.039390649915999984,-0.0010453299225999934,-0.03736795940890314,0.0003695676155595143,-0.975192362356388,0.2213582049177434,2,2,instant_velocity,dbscan_kmeans_fallback,False
1220,228,6.87336955015,0.577795375106,0.009976046195999988,-0.04145520721030001,-0.0038767673194000096,-0.04892525894128,-0.0022250553192220994,-0.04650589257790465,0.23396708116178525,-0.9722442778823414,-1,-1,instant_velocity,dbscan_kmeans_fallback,False
1220,229,10.4630624599,6.34668005378,0.013785464679999925,0.004104948555000032,0.015136650683799999,0.0089067837254,0.01674438882720456,0.01078050584703968,0.9584108837641558,0.2853895362781486,-1,-1,instant_velocity,dbscan_kmeans_fallback,False
1220,230,10.5121008305,4.81710939742,0.03432685937999995,-0.05276768171599997,0.027137371235799998,-0.02585162950479999,0.029297145624621337,-0.026122086208477086,0.5452994177821855,-0.8382411510158522,-1,-1,instant_velocity,dbscan_kmeans_fallback,False
1220,231,10.0558124728,10.7260873785,-0.022540813240000013,-0.020453144839999916,-0.018108418032000025,-0.02334092841199997,-0.017622432542241915,-0.021396261041023414,-0.7405691534211116,-0.6719796662916723,-1,-1,instant_velocity,dbscan_kmeans_fallback,False
1220,232,13.2300472562,7.14833832102,-0.03196965014999993,0.029784743005000003,-0.010056022937999991,0.03657222770819999,-0.01334826189386466,0.03318259162737583,-0.7316666699527093,0.6816622524055257,-1,-1,instant_velocity,dbscan_kmeans_fallback,False
1220,233,13.8742809567,6.38820685893,-0.01481674371999997,0.037135464835000055,-0.013292976323999995,0.040548299971400005,-0.012253918057807575,0.039090421719771236,-0.370583140348505,0.9287990287825417,-1,-1,instant_velocity,dbscan_kmeans_fallback,False
1220,300,0.206466272543,8.6621574306,-0.0170266273687,0.0011217010590000242,-0.01148297638116,0.004501123822600022,-0.01387226653457537,0.003112340610245702,-0.9978364170469693,0.06573669238618177,-1,-1,instant_velocity,dbscan_kmeans_fallback,False
1220,310,12.0596507815,13.5558766237,-0.02028883656999998,0.014486649839999899,-0.020293045869999984,0.014491423037999987,-0.019416497734127063,0.016104656607250974,-0.8138351316666002,0.5810951524631588,3,3,instant_velocity,dbscan_kmeans_fallback,False
1220,311,10.9376612821,11.7668827651,-0.029864999059999953,0.01083515491,-0.02847172002999997,0.009584577558000013,-0.029488671890255405,0.010070908580132565,-0.9400440349795628,0.34105217015952044,3,3,instant_velocity,dbscan_kmeans_fallback,False
1220,313,13.9399460709,10.4301492269,-0.016710929709999968,0.014796907579999897,-0.017956883153999997,0.02325978408059999,-0.016339096155733132,0.018726103958706573,-0.7486812680981271,0.6629294553429806,3,3,instant_velocity,dbscan_kmeans_fallback,False
1220,340,13.1803774903,11.8017270958,0.00042093021999995984,-0.0004057216599999691,0.00042513952200000203,-0.0004104948559999855,0.00042247951412509993,-0.0004106064296772637,0.7199818206073789,-0.6939682768004959,7,7,instant_velocity,dbscan_kmeans_fallback,False
1220,341,13.2073170243,9.34424713818,0.01795267384999999,-0.03019046466400006,0.016197394836000002,-0.02506882536239999,0.01592967634426176,-0.026393858293910364,0.5111086219904771,-0.8595157980697828,-1,-1,instant_velocity,dbscan_kmeans_fallback,False
1220,342,13.3925263208,10.9623605802,-0.015216627430000074,-0.029188093510000002,-0.014046441415999986,-0.02795660894000001,-0.01219684572603149,-0.027136349169548227,-0.4622806452896795,-0.8867333293562962,-1,-1,instant_velocity,dbscan_kmeans_fallback,False
1220,344,14.3897100102,12.0556611227,-0.01955220868000005,0.014749175620000088,-0.01955220868000005,0.014749175620000088,-0.013379267018819996,0.008131020045060007,-0.7983303214107433,0.6022191306347155,3,3,instant_velocity,dbscan_kmeans_fallback,False
1220,376,14.1643018778,11.5988662661,0.0006313953299999398,-0.0018138144799999978,0.0006398139339999886,-0.0018090412820000168,0.0005853329564369232,-0.0016600884139012294,0.3287526953286916,-0.94441053139602,7,7,instant_velocity,dbscan_kmeans_fallback,False
1230,45,3.48235570386,6.20157489555,-0.020520348188999993,0.0024581959370000737,-0.0178306040876,-0.0008114433191999914,-0.017437054511942572,-0.0001280796786669303,-0.9929006402708543,0.11894263670764396,0,0,instant_velocity,dbscan_kmeans_fallback,False
1230,46,3.56654174771,6.77030119827,-0.018226278493999982,-0.00045345361999995506,-0.017455976192400007,4.295876400000509e-05,-0.01709717581710811,-0.0001388622809281336,-0.9996901101773124,-0.024871401997247276,0,0,instant_velocity,dbscan_kmeans_fallback,False
1230,47,3.75196150929,7.28198780886,-0.004461860324,-0.0004773195989999479,-0.0044660696263999974,-0.0004820927953999998,-0.005309320454215798,-0.0005175509770206976,-0.9943243191006109,-0.10637053847609414,0,0,instant_velocity,dbscan_kmeans_fallback,False
1230,48,0.81471043936,4.59062124749,-0.028475929332000004,-0.004224278454999997,-0.027831906096799995,-0.0054223506493999984,-0.029033790187519094,-0.00436869964092805,-0.9891747880885046,-0.14673971468442246,1,1,instant_velocity,dbscan_kmeans_fallback,False
1230,49,1.11967438321,5.13595888983,-0.026981627054,-0.006730206351999968,-0.029073650243599997,-0.0078232682346,-0.03004184872081022,-0.006103760318101714,-0.9702706297356922,-0.24202104425863677,1,1,instant_velocity,dbscan_kmeans_fallback,False
1230,50,5.70760330793,6.90824656251,0.01376441816900007,-0.029379021344000035,-0.0006398139333999886,-0.020715670615000015,-0.0013455536100722438,-0.02163221828361507,0.42425689432579605,-0.9055415347528785,-1,-1,instant_velocity,dbscan_kmeans_fallback,False
1230,51,8.17699043917,0.495935063805,-0.009744534576000063,0.001336494878400002,-0.02247767370800002,-0.012057093081499999,-0.020241803250248974,-0.008890676714063095,-0.9907241306482362,0.1358810640150838,-1,-1,instant_velocity,dbscan_kmeans_fallback,False
1230,52,8.9582369261,8.00536566179,-0.03758906857900009,0.00341283513599997,-0.03603583607000001,0.009035660017199998,-0.03555175884522747,0.00808692186415809,-0.9959033344973622,0.0904213384508008,2,2,instant_velocity,dbscan_kmeans_fallback,False
1230,53,9.06831017844,7.05406770013,-0.055815347071999886,-0.004128814535000025,-0.054186347123199995,0.0009403196108000067,-0.0488790200460501,0.0011700077541855463,-0.9972750156326706,-0.07377117219436137,-1,-1,instant_velocity,dbscan_kmeans_fallback,False
1230,54,10.4897915288,7.16886306379,-0.04198778937000007,0.007637113590999967,-0.036869277906000024,0.0035798969955999917,-0.03778289911443431,0.006364846972841988,-0.9838574285984946,0.17895276346519,2,2,instant_velocity,dbscan_kmeans_fallback,False
1230,55,11.9518926454,6.93115790328,-0.02550837129000012,0.005775567152999983,-0.025706208490000007,0.005059587753999999,-0.025166256975389354,0.004966014490538002,-0.9753122107726938,0.22082872733888845,2,2,instant_velocity,dbscan_kmeans_fallback,False
1230,56,12.2069763583,7.39845379112,-0.02879162699000002,0.006276752732999924,-0.027398347970000004,0.005641917665199987,-0.02679194467060801,0.00525301230617347,-0.9770511555774963,0.2130031940599193,2,2,instant_velocity,dbscan_kmeans_fallback,False
1230,57,14.2019751324,7.64498936422,-0.03245371990999999,-0.007971237311000046,-0.03245371990999999,-0.007971237311000046,-0.016551397152,-0.004060319172600007,-0.9711351043344203,-0.23852884659016138,-1,-1,instant_velocity,dbscan_kmeans_fallback,False
1230,87,12.4378565835,11.6353812154,-0.00770302302000001,0.020667938650000117,-0.015746999501999995,0.017913804566000023,-0.011547587920675622,0.018422413934769923,-0.3492363689678804,0.9370341785862855,3,3,instant_velocity,dbscan_kmeans_fallback,False
1230,89,12.8663635467,8.47671876622,0.007008488150000147,0.006515412531999942,0.015932208798000006,0.0032887320399999707,0.015722330868233304,0.003817287380802702,0.7324001970010052,0.6808728672787262,4,4,instant_velocity,dbscan_kmeans_fallback,False
1230,90,12.6550565767,9.09055177109,0.01805790640999998,0.0011217010590000242,0.023946720174000014,0.0066347424322000135,0.02432741604888053,0.0052663489669837645,0.9980757592339755,0.06199736617723475,4,4,instant_velocity,dbscan_kmeans_fallback,False
1230,91,13.5760518964,5.79179601945,0.04430290557999985,-0.01508329934099999,0.03407009194599997,-0.015107165321799983,0.03481036045217632,-0.014606312881566545,0.9466401918047147,-0.3222916690064238,5,5,instant_velocity,dbscan_kmeans_fallback,False
1230,92,11.0197426749,8.69008062717,0.03405325474000005,0.007732577510999939,0.03785846391979998,0.008114433190399985,0.0374728673037063,0.007225478063289619,0.9751746331856934,0.22143590959051146,4,4,instant_velocity,dbscan_kmeans_fallback,False
1230,93,12.0916414782,8.71728784433,0.018289418029999994,0.010381701286999955,0.030424836247999992,0.011236103370400024,0.028874645203109506,0.010121817336931942,0.8696605815711509,0.493649189063363,4,4,instant_velocity,dbscan_kmeans_fallback,False
1230,94,9.90701364029,3.55125781974,0.04400825442199992,-0.018496134477000003,0.044673324168999995,-0.011689556989799996,0.04358987177860467,-0.011400711470270938,0.9218871449787329,-0.38745796283208633,-1,-1,instant_velocity,dbscan_kmeans_fallback,False
1230,95,9.84976713047,4.4171155731,0.042093021924999974,-0.03083484612299996,0.044370254411199975,-0.010157361075799986,0.043133151935391405,-0.012104302275547294,0.8067097135715349,-0.5909475905110527,-1,-1,instant_velocity,dbscan_kmeans_fallback,False
1230,96,3.56548942217,5.59609498368,0.02885476653000003,-0.02209989745400005,0.023311115542200004,-0.017431711771000006,0.025126543162243865,-0.01588356263129044,0.7938995213999013,-0.6080485175118663,-1,-1,instant_velocity,dbscan_kmeans_fallback,False
1230,221,14.9461797601,4.9178238329,0.04518685904000001,-0.022457887153000032,0.039702138279999986,-0.018109505602200003,0.03991802629153552,-0.01781718801412999,0.8954988866186107,-0.445063307531851,5,5,instant_velocity,dbscan_kmeans_fallback,False
1230,222,12.9985356356,11.4623528606,-0.0011575581000000668,-0.0003579896999999832,-0.0011533487999999892,-0.00036276289599999954,-0.0011551410583418046,-0.00036445495119740036,-0.9553484034175597,-0.29545375591505546,6,6,instant_velocity,dbscan_kmeans_fallback,False
1230,223,14.8283192987,6.29632283604,0.011491394990000004,-0.02343639233200001,0.011954418227999995,-0.022739505716800005,0.01175777479253225,-0.021511730416045635,0.44024870485321066,-0.897875443283733,-1,-1,instant_velocity,dbscan_kmeans_fallback,False
1230,225,10.163781074,8.03376617795,-0.048575347310000086,0.011026082745999944,-0.04375990559400002,0.0031789485321999855,-0.04073017577923223,0.0035665221546916435,-0.9751923623705592,0.22135820485531238,2,2,instant_velocity,dbscan_kmeans_fallback,False
1230,228,6.99291373242,0.322668049213,0.01195441822700003,-0.025512732589299997,0.003952534758800006,-0.04348381550774,0.00202878674464454,-0.04020794458132325,0.4242976773800478,-0.905522374715744,-1,-1,instant_velocity,dbscan_kmeans_fallback,False
1230,229,10.6009171067,6.38796819913,0.013785464680000104,0.004128814535000025,0.0138991158392,0.005069134146000014,0.015856711583043224,0.008784998453427784,0.9579560516754473,0.2869125533205306,-1,-1,instant_velocity,dbscan_kmeans_fallback,False
1230,230,10.9193508176,4.35220010757,0.040724998710000015,-0.04649092898500005,0.031073068785199994,-0.0361044545008,0.03272550155023494,-0.03223273904143398,0.6589207636927173,-0.7522121400106511,-1,-1,instant_velocity,dbscan_kmeans_fallback,False
1230,231,9.83019387528,10.5215559302,-0.02256185975199987,-0.020453144830000092,-0.019438557524399977,-0.022367196428000006,-0.019104260705169303,-0.021113326177716416,-0.7408811541281821,-0.671635659195078,-1,-1,instant_velocity,dbscan_kmeans_fallback,False
1230,232,12.8274275015,7.43902595707,-0.04026197546999999,0.029068763605000037,-0.019160743579999993,0.03307824824040001,-0.021422375966705258,0.03194844322066309,-0.8107682306106155,0.585366956264358,-1,-1,instant_velocity,dbscan_kmeans_fallback,False
1230,233,13.6903344509,6.67316665979,-0.018394650579999984,0.02849598008599994,-0.014639953026000008,0.0377512071188,-0.014096137814465299,0.03591208922963985,-0.5423379416056294,0.8401600844040729,-1,-1,instant_velocity,dbscan_kmeans_fallback,False
1230,311,10.8713647726,11.7757131777,-0.006629650950000077,0.0008830412600000059,-0.02444341783199999,0.008104886799999989,-0.022630965608178805,0.007314548384092797,-0.9912442771574103,0.13202951438474517,6,6,instant_velocity,dbscan_kmeans_fallback,False
1230,313,13.7698902624,10.5778796429,-0.017005580849999903,0.014773041599999991,-0.017489650609999997,0.02068703143919997,-0.016539041564013163,0.017540185251094596,-0.7549220692297444,0.6558138314628136,3,3,instant_velocity,dbscan_kmeans_fallback,False
1230,340,13.1845867925,11.7976698792,0.00042093021999995984,-0.0004057216599999691,0.00042093021999999535,-0.0004104948559999855,0.0004220147258875579,-0.00040914099877407533,0.7199818206073789,-0.6939682768004959,6,6,instant_velocity,dbscan_kmeans_fallback,False
1230,341,13.3559053917,9.03542135735,0.014858836740000037,-0.030882578083000035,0.01839465058000002,-0.026978103759000015,0.015608424462983245,-0.027740474230637264,0.4335655071582463,-0.9011217273062265,-1,-1,instant_velocity,dbscan_kmeans_fallback,False
1230,342,13.3460135316,10.686231192,-0.004651278919999946,-0.02761293882000011,-0.012021767061999995,-0.02976087702400001,-0.009933175684222025,-0.027279326064683793,-0.16610552116982089,-0.9861076217133309,-1,-1,instant_velocity,dbscan_kmeans_fallback,False
1230,343,13.6939123578,12.5126946392,0.0,0.0,0.0,0.0,0.0,0.0,0.0,0.0,6,6,instant_velocity,dbscan_kmeans_fallback,False
1230,344,14.2295460618,12.3057765928,-0.016016394839999927,0.025011547009999902,-0.016016394839999927,0.025011547009999902,-0.014170405365173977,0.013195178134541977,-0.5392685854062715,0.8421334332505235,3,3,instant_velocity,dbscan_kmeans_fallback,False
1230,376,14.1943983885,11.5647379147,0.0030096510699999966,-0.0034128351399999703,0.0011112557799999934,-0.0021288454140000112,0.0013126283905058453,-0.0021859124317308515,0.6614133053716835,-0.7500186959001912,6,6,instant_velocity,dbscan_kmeans_fallback,False
1240,45,3.27736268709,6.22591819512,-0.020499301677000002,0.002434329956999992,-0.019585883101799997,5.727835180000085e-05,-0.018355728661459802,0.0006406432120331466,-0.9930222274748646,0.11792322462482502,0,0,instant_velocity,dbscan_kmeans_fallback,False
1240,46,3.40721965973,6.75741356909,-0.015932208798000013,-0.0012887629180000637,-0.019265976135,1.9092783999994366e-05,-0.016747685711375682,-0.0004838324720497127,-0.9967437154149086,-0.08062700881359247,0,0,instant_velocity,dbscan_kmeans_fallback,False
1240,47,3.64315104762,7.26766822087,-0.010881046167000008,-0.0014319587990000216,-0.005749906794999999,-0.0006730206351999967,-0.006980838168051061,-0.0007918733236144948,-0.991450537598195,-0.13047608651755813,0,0,instant_velocity,dbscan_kmeans_fallback,False
1240,48,0.529951146037,4.54861712274,-0.028475929332299997,-0.0042004124750000035,-0.02818969678326,-0.004749330014200002,-0.028866431930953368,-0.004318213491149636,-0.9892948059110145,-0.14592838027195995,1,1,instant_velocity,dbscan_kmeans_fallback,False
1240,49,0.849647647558,5.06841816651,-0.027002673565199996,-0.00675407233200005,-0.028446464217039998,-0.007498690907000008,-0.02913009617412715,-0.006298853922271214,-0.9701133702129373,-0.24265063445801768,1,1,instant_velocity,dbscan_kmeans_fallback,False
1240,50,5.84524748963,6.61445634906,0.013764418169999982,-0.029379021344999943,0.00368734872060001,-0.022620175816800002,0.0031874379239494243,-0.023956259202030532,0.42425689433922814,-0.9055415347465854,-1,-1,instant_velocity,dbscan_kmeans_fallback,False
1240,51,8.07954509341,0.509061352789,-0.009744534576000063,0.0013126288983999978,-0.01718658085220003,-0.0087397218655,-0.0170926226479743,-0.005829685030324167,-0.9910480231709955,0.1334982460958565,-1,-1,instant_velocity,dbscan_kmeans_fallback,False
1240,52,8.58255670542,8.03949401315,-0.03756802206799996,0.00341283513599997,-0.0367893011616,0.008348319793999987,-0.03615663781205922,0.0066846958457106535,-0.9958987714638002,0.09047158013799071,2,2,instant_velocity,dbscan_kmeans_fallback,False
1240,53,8.51036717282,7.01659811158,-0.055794300562000035,-0.003746958855000049,-0.05524288197360001,-0.0026729897566000107,-0.050953604200835084,-0.0003050822285701326,-0.9977524121454965,-0.06700571918868074,-1,-1,instant_velocity,dbscan_kmeans_fallback,False
1240,54,10.1124275873,7.33353832559,-0.037736394150000054,0.016467526180000025,-0.03988734757600003,0.004992763010000001,-0.037768947625104035,0.0093956507349894,-0.9165326029536394,0.39995937539683035,2,2,instant_velocity,dbscan_kmeans_fallback,False
1240,55,11.6968089325,6.98915223461,-0.025508371289999943,0.005799433132999976,-0.025643068958000014,0.005785113544999998,-0.025268891269772532,0.005216040083276595,-0.9751153294766829,0.22169648096976857,3,3,instant_velocity,dbscan_kmeans_fallback,False
1240,56,11.9169554372,7.43711667867,-0.02900209211,0.0038662887550000137,-0.028606417700000008,0.0056896496251999905,-0.027454988902425606,0.004836995240821432,-0.9912305027150983,0.13214161694697119,3,3,instant_velocity,dbscan_kmeans_fallback,False
1240,57,13.8864879331,7.5750620429,-0.03154871992999997,-0.006992732131999979,-0.03154871992999997,-0.006992732131999979,-0.02105059398539999,-0.004940043060419999,-0.9763051903535576,-0.2163967568374076,-1,-1,instant_velocity,dbscan_kmeans_fallback,False
1240,87,12.3606158883,11.8422992618,-0.007724069520000043,0.020691804639999846,-0.015077720453999995,0.01791380456599999,-0.010400532400472947,0.0191032311463389,-0.3497193999317421,0.9368540098543213,4,4,instant_velocity,dbscan_kmeans_fallback,False
1240,89,12.9366588934,8.54187289154,0.007029534670000004,0.00651541253200012,0.009866604340000008,0.004281556806799997,0.013114492008763313,0.004626724926161927,0.7334173564168176,0.6797770918717909,5,5,instant_velocity,dbscan_kmeans_fallback,False
1240,90,12.8282693619,9.12133888525,0.01732127852000005,0.003078711415999891,0.020633999347999997,0.0052218764177999685,0.022225574790216383,0.004610057701688602,0.9845680892420795,0.17499868804019328,5,5,instant_velocity,dbscan_kmeans_fallback,False
1240,91,14.0249739752,5.63976972703,0.044892207880000076,-0.015202629242000044,0.03798474298399999,-0.016763464331799992,0.03783491468052345,-0.014785207789696594,0.9471622990176795,-0.32075404494376003,-1,-1,instant_velocity,dbscan_kmeans_fallback,False
1240,92,11.3600647571,8.76716774247,0.03403220822000001,0.007708711530000123,0.036494650008200014,0.007971237310400028,0.03644066957859442,0.007370448103302769,0.9752926107298163,0.22091570857980763,5,5,instant_velocity,dbscan_kmeans_fallback,False
1240,93,12.2385461247,8.91991001429,0.014690464649999947,0.02026221699599997,0.025803022439999986,0.01320743331620001,0.024619391037176638,0.01316393723465235,0.5869766953526302,0.8096033349653105,-1,-1,instant_velocity,dbscan_kmeans_fallback,False
1240,94,10.3447810683,3.36032997997,0.04377674280099999,-0.019092783977000004,0.04525841717359999,-0.015369691101400003,0.04364593308532327,-0.013708333222289659,0.9166143472961572,-0.399772084522118,6,6,instant_velocity,dbscan_kmeans_fallback,False
1240,95,10.2706973497,4.10900577167,0.04209302192300015,-0.030810980143000054,0.04303169631360003,-0.017622639610800003,0.042821112931674024,-0.017716305635783122,0.8069277658931345,-0.5906498093020908,6,6,instant_velocity,dbscan_kmeans_fallback,False
1240,96,3.9028649929,5.43523827867,0.03373755707299999,-0.01608567050099996,0.025731464303000006,-0.018667969533599997,0.027709847335470703,-0.015944194992203297,0.9026507240205939,-0.4303732511713009,-1,-1,instant_velocity,dbscan_kmeans_fallback,False
1240,222,12.9869600546,11.4587729636,-0.0011575580999998892,-0.0003579896999999832,-0.0011533487999999892,-0.00036276289599999954,-0.00115586617083923,-0.0003625153758381752,-0.9553484034175469,-0.29545375591509687,7,7,instant_velocity,dbscan_kmeans_fallback,False
1240,223,14.9430227834,6.06195891272,0.01147034846999997,-0.02343639233200001,0.011478767077999982,-0.02343161913580001,0.011671546895772567,-0.022089128990831947,0.43959832156430606,-0.8981940487349296,-1,-1,instant_velocity,dbscan_kmeans_fallback,False
1240,225,9.65656015984,8.13758319083,-0.05072209141599995,0.010381701288000044,-0.047514603149199995,0.006739752744,-0.04372775047026255,0.005611075894684164,-0.9796892216568663,0.2005209282657167,2,2,instant_velocity,dbscan_kmeans_fallback,False
1240,228,7.12108698418,0.136036085837,0.012817325175999983,-0.018663196337600003,0.008144999742600002,-0.036739289567859996,0.005265348274051174,-0.03374452010820627,0.5661199388380493,-0.8243223468300837,-1,-1,instant_velocity,dbscan_kmeans_fallback,False
1240,229,10.8389531457,6.38009242574,0.023803603899999894,-0.000787577339000034,0.01585644135799999,0.003675360915599999,0.018240779278130226,0.0059132257156994375,0.9994526719405892,-0.03306836557734213,-1,-1,instant_velocity,dbscan_kmeans_fallback,False
1240,230,11.3689042918,3.92929494248,0.04495534742,-0.042290516508999995,0.035328673302799984,-0.042175959805399996,0.03639445531116446,-0.035250072281703786,0.728364799964362,-0.6851893126236535,6,6,instant_velocity,dbscan_kmeans_fallback,False
1240,231,9.58563341789,10.308432729,-0.02445604573900013,-0.021312320120000016,-0.02117279002820002,-0.02170849538199999,-0.02070979621531855,-0.021173024360401495,-0.7538997561480174,-0.6569889962134737,-1,-1,instant_velocity,dbscan_kmeans_fallback,False
1240,232,12.4142844913,7.70513163375,-0.04131430102000007,0.026610567667999963,-0.02776034795800001,0.029694052280399993,-0.027389953482693703,0.030347080554864153,-0.8407024495632,0.5414969845895464,-1,-1,instant_velocity,dbscan_kmeans_fallback,False
1240,233,13.4522984119,6.8287728492,-0.02380360390000007,0.015560618941000026,-0.016904557606000025,0.0321999801774,-0.017008377640125732,0.029806648143047905,-0.8370220778658728,0.5471684730426413,3,3,instant_velocity,dbscan_kmeans_fallback,False
1240,311,10.8050682631,11.7845435903,-0.006629650949999899,0.0008830412600000059,-0.020827627247999983,0.006825670272000011,-0.01783057121072513,0.00538509624686496,-0.9912442771574097,0.13202951438474864,7,7,instant_velocity,dbscan_kmeans_fallback,False
1240,313,13.5869960821,10.7229848011,-0.018289418029999994,0.014510515820000158,-0.017422301773999997,0.017527175690400014,-0.01706415450380921,0.016631284421766264,-0.7833906585781361,0.621528936890858,4,4,instant_velocity,dbscan_kmeans_fallback,False
1240,340,13.1887960947,11.7936126626,0.0004209302200001375,-0.00040572166000014677,0.0004209302200000309,-0.000410494856000021,0.00042168937412133184,-0.00040811519714189674,0.7199818206073735,-0.6939682768005015,7,7,instant_velocity,dbscan_kmeans_fallback,False
1240,341,13.6341402667,8.84640279598,0.0278234874999999,-0.018901856137000017,0.020192022618000002,-0.026486464572400018,0.01927294337408824,-0.02508888880254609,0.8271765985133704,-0.5619415274592305,-1,-1,instant_velocity,dbscan_kmeans_fallback,False
1240,342,13.4573495746,10.4337291239,0.011133604299999966,-0.02525020681000001,-0.006473906772000006,-0.031293072938,-0.003613141688955427,-0.026670590288278655,0.4034522027228287,-0.9150003253395224,-1,-1,instant_velocity,dbscan_kmeans_fallback,False
1240,343,13.6566600334,12.1897879302,-0.0037252324400000704,-0.03229067089999997,-0.0037252324400000704,-0.03229067089999997,-0.0011175697320000213,-0.009687201269999992,-0.11460542525477946,-0.993410781705895,-1,-1,instant_velocity,dbscan_kmeans_fallback,False
1240,344,14.0371809516,12.5243889694,-0.01923651102000008,0.021861237660000123,-0.019379627293999988,0.016477072572000005,-0.015690237061621808,0.01579499599217942,-0.660600996032941,0.7507367296332546,4,4,instant_velocity,dbscan_kmeans_fallback,False
1240,376,14.2244948992,11.5306095634,0.0030096510699999966,-0.0034128351299999695,0.0015869069280000049,-0.0024486495440000054,0.0018217351943540907,-0.0025539892412115867,0.6614133064618751,-0.7500186949387876,7,7,instant_velocity,dbscan_kmeans_fallback,False
1250,45,3.0721592052,6.2505001545,-0.020520348188999993,0.0024581959379999852,-0.020006813320999992,0.0011455670387999994,-0.01900511451972186,0.0011859090298231983,-0.9929006402651405,0.11894263675534135,0,0,instant_velocity,dbscan_kmeans_fallback,False
1250,46,3.24789757174,6.7442872801,-0.015932208799000015,-0.001312628898999968,-0.0187019296414,-0.00031503093559999586,-0.01650304263766298,-0.0007324714001347894,-0.9966226347676215,-0.08211012599053931,0,0,instant_velocity,dbscan_kmeans_fallback,False
1250,47,3.43752663551,7.23926770471,-0.020562441211000017,-0.00284005161600005,-0.008970022972400002,-0.0011455670386000172,-0.011055319080935749,-0.0014063268113301613,-0.9905955118612256,-0.1368194736896733,0,0,instant_velocity,dbscan_kmeans_fallback,False
1250,48,0.245191852714,4.50637433819,-0.028475929332299997,-0.004224278454999997,-0.02847172003012,-0.004214732063,-0.02874928115135736,-0.0042900329803047445,-0.9891747880887292,-0.14673971468290986,1,1,instant_velocity,dbscan_kmeans_fallback,False
1250,49,0.579620911909,5.0008774432,-0.027002673564900003,-0.006754072330999961,-0.027815068888020003,-0.007174113579199996,-0.028491869391359004,-0.006435419444889838,-0.9701133702207605,-0.24265063442674048,1,1,instant_velocity,dbscan_kmeans_fallback,False
1250,50,6.08159980774,6.34381613618,0.02363523181099998,-0.027064021288000006,0.009134185757799998,-0.024486495450600002,0.009321776090064592,-0.024888587827821374,0.6577824090765759,-0.7532076378381494,-1,-1,instant_velocity,dbscan_kmeans_fallback,False
1250,51,7.98209974766,0.522426301573,-0.009744534574999885,0.0013364948783999963,-0.014168511179999985,-0.004902072286100001,-0.014888196226081977,-0.0036798310577069175,-0.9907241306463586,0.13588106402877254,-1,-1,instant_velocity,dbscan_kmeans_fallback,False
1250,52,8.14941950981,8.06168937452,-0.04331371956099996,0.0022195361370000556,-0.038279394137799974,0.005961721796799999,-0.038303762336741445,0.005345147933097474,-0.9986894140049761,0.05117610000918332,2,2,instant_velocity,dbscan_kmeans_fallback,False
1250,53,7.95558114384,7.01659811158,-0.055478602898000065,0.0,-0.055638556381199994,-0.0032982784320000035,-0.05231110380998458,-0.0002135575599990928,-0.99999981975036,0.0,2,2,instant_velocity,dbscan_kmeans_fallback,False
1250,54,9.73506364573,7.4979749276,-0.03773639415699996,0.016443660200999945,-0.04000520803740002,0.00912157754499999,-0.03775918158467281,0.011510053574792563,-0.916745008994785,0.3994722801589296,2,2,instant_velocity,dbscan_kmeans_fallback,False
1250,55,11.4417252197,7.04690790614,-0.025508371279999942,0.0057755671530000715,-0.025592557330000005,0.005947402208800003,-0.025340735272840753,0.0053838982041936375,-0.9753122107540472,0.22082872742124252,3,3,instant_velocity,dbscan_kmeans_fallback,False
1250,56,11.626724051,7.47577956622,-0.029023138620000034,0.0038662887550000137,-0.02888423164599999,0.005312567141599995,-0.027925433817697933,0.004545783295075007,-0.9912430499782827,0.13204746418989974,3,3,instant_velocity,dbscan_kmeans_fallback,False
1250,57,13.5918367796,7.52733008296,-0.029465115350000026,-0.0047731959940000126,-0.029465115350000026,-0.0047731959940000126,-0.02357495039478,-0.0048899889404940035,-0.9871312352495905,-0.1599101446465447,3,3,instant_velocity,dbscan_kmeans_fallback,False
1250,87,12.2920042626,12.0513652463,-0.006861162569999912,0.020906598450000046,-0.012366929839999976,0.01891617572399998,-0.009338721451331036,0.019644241337437245,-0.31181889381455463,0.9501410782202439,4,4,instant_velocity,dbscan_kmeans_fallback,False
1250,89,13.0976647022,8.59795794448,0.016100580879999882,0.005608505293999855,0.010068650843999976,0.005159824869799969,0.014010318670134284,0.004921259036513305,0.9443450303328151,0.32895484588156587,5,5,instant_velocity,dbscan_kmeans_fallback,False
1250,90,12.9997984262,9.15666053561,0.01715290642999996,0.0035321650360000236,0.01915232497599998,0.003937886695399974,0.020703774282151456,0.004286689901982029,0.9794487656867302,0.20169029072888475,5,5,instant_velocity,dbscan_kmeans_fallback,False
1250,91,14.5248286106,5.47581044463,0.04998546354000002,-0.016395928239999958,0.04277071957800001,-0.018677515925399995,0.04148007933836642,-0.015268423924787604,0.9501885426885158,-0.3116750762533998,-1,-1,instant_velocity,dbscan_kmeans_fallback,False
1250,92,11.7298519548,8.7428244429,0.03697871977000009,-0.002434329957000081,0.0357201384064,0.0057994331329999935,0.03660208463601612,0.0044290146852119135,0.9978399166014746,-0.06568836391258945,-1,-1,instant_velocity,dbscan_kmeans_fallback,False
1250,93,12.3612472836,9.18840228897,0.012270115889999999,0.026849227467999982,0.020680301672,0.01609521689280001,0.020914608493023647,0.01726952430465664,0.4156526748272917,0.9095230488585536,-1,-1,instant_velocity,dbscan_kmeans_fallback,False
1250,94,10.7968601238,3.20687172875,0.04520790555000005,-0.015345825122,0.0450647892732,-0.015823144721000004,0.0441145248247263,-0.014199580792202762,0.9469311485719684,-0.3214358115415947,6,6,instant_velocity,dbscan_kmeans_fallback,False
1250,95,10.6636357094,3.87416452875,0.03929383596999987,-0.023484124291999954,0.04153318473359999,-0.022419701585,0.04176292984317178,-0.019446651232648174,0.8583798249487079,-0.513014268045276,6,6,instant_velocity,dbscan_kmeans_fallback,False
1250,96,4.35473358326,5.4139975565,0.04518685903599997,-0.0021240722169999946,0.031047812972,-0.015784959152999996,0.032952950845629485,-0.011798158159642306,0.9988968052065156,-0.04695455707374688,-1,-1,instant_velocity,dbscan_kmeans_fallback,False
1250,97,0.249401154906,5.79776251444,0.0,0.0,0.0,0.0,0.0,0.0,0.0,0.0,-1,-1,instant_velocity,dbscan_kmeans_fallback,False
1250,222,12.9753844735,11.4551930666,-0.0011575581100000676,-0.0003579896999999832,-0.001157558103999996,-0.00036276289599999954,-0.0011563737525874815,-0.00036115767308671757,-0.9553484041380741,-0.29545375358549547,7,7,instant_velocity,dbscan_kmeans_fallback,False
1250,225,9.13986831571,8.23877494591,-0.05166918441299995,0.010119175508000034,-0.04900890542780001,0.009002247645200008,-0.04611018065308377,0.006963505778678925,-0.9813567067598229,0.19219426171466827,2,2,instant_velocity,dbscan_kmeans_fallback,False
1250,228,7.29514162984,0.0128876291845,0.017405464566000006,-0.01231484566525,0.011626092655800004,-0.02874418627751,0.008907383161635824,-0.027315617775319385,0.8163342448697234,-0.5775789665773545,-1,-1,instant_velocity,dbscan_kmeans_fallback,False
1250,229,11.1020345327,6.36028366236,0.026308138699999973,-0.001980876338000037,0.01831046453599999,0.002042927885400001,0.02066098710469115,0.003544995099589595,0.997176935587993,-0.07508262819465995,-1,-1,instant_velocity,dbscan_kmeans_fallback,False
1250,230,11.887700787,3.55913359313,0.051879649520000015,-0.037016134935,0.040442975465999995,-0.0438513515992,0.04104001357381513,-0.03577989107769265,0.8140357094843683,-0.5808145572102513,-1,-1,instant_velocity,dbscan_kmeans_fallback,False
1250,231,9.3387578443,10.0945935485,-0.024687557358999968,-0.021383918049999905,-0.022953324855999994,-0.021059340726000002,-0.021903124558422974,-0.021236292467281016,-0.7558701317064117,-0.6547211098209388,-1,-1,instant_velocity,dbscan_kmeans_fallback,False
1250,232,11.9851461327,7.93448370127,-0.04291383585999995,0.022935206751999983,-0.033817533815999994,0.027980474918399986,-0.03204711819588558,0.0281235184140049,-0.8819442909106272,0.47135321861626933,2,2,instant_velocity,dbscan_kmeans_fallback,False
1250,233,13.2026867919,6.99464141,-0.02496116199999996,0.01658685607999999,-0.01935858078399999,0.026978103759599997,-0.019394212948088,0.02584071052413353,-0.832879439336562,0.5534538573271012,-1,-1,instant_velocity,dbscan_kmeans_fallback,False
1250,311,10.7387717535,11.7933740028,-0.006629650960000078,0.0008830412500000051,-0.01643732506199999,0.00508345373400001,-0.014470295135507615,0.0040344797478054735,-0.9912442773791541,0.13202951271996222,7,7,instant_velocity,dbscan_kmeans_fallback,False
1250,313,13.4038914367,10.8683286192,-0.018310464540000026,0.014534381809999886,-0.017401255264,0.014687124075999982,-0.017438047514666457,0.01600221363823635,-0.7832413442644911,0.6217170909044376,4,4,instant_velocity,dbscan_kmeans_fallback,False
1250,340,13.1930053969,11.7893167862,0.00042093021999995984,-0.00042958763999987324,0.00042093021999999535,-0.0004104948559999855,0.0004214616278849202,-0.00041455692999928966,0.6998612491966589,-0.7142555418562834,7,7,instant_velocity,dbscan_kmeans_fallback,False
1250,341,13.9447867685,8.68721670957,0.031064650180000087,-0.01591860864099992,0.02254923184599999,-0.02507359855779999,0.022810455415861797,-0.022337804754082237,0.8899565365187987,-0.45604472383414657,-1,-1,instant_velocity,dbscan_kmeans_fallback,False
1250,342,13.6553972427,10.0630904549,0.01980476680999992,-0.037063866899999985,-0.0001767906919999973,-0.03127875335000002,0.003412230860731178,-0.029788573271795057,0.4712803360826156,-0.8819832021618939,-1,-1,instant_velocity,dbscan_kmeans_fallback,False
1250,343,13.6303518947,11.9709368938,-0.0026308138699999263,-0.021885103640000025,-0.0026308138699999263,-0.021885103640000025,-0.001571542973399993,-0.013346571981000003,-0.11935095181705227,-0.992851672189531,-1,-1,instant_velocity,dbscan_kmeans_fallback,False
1250,344,13.7168530547,12.6179436109,-0.03203278969000003,0.009355464149999904,-0.021576883040000005,0.016271825145999976,-0.020593002850135274,0.013863136439525565,-0.9598984224823301,0.28034696216228594,-1,-1,instant_velocity,dbscan_kmeans_fallback,False
1250,376,14.2021855975,11.4628301802,-0.0022309301700000005,-0.006777938320000132,0.0010144418279999811,-0.003446247508000013,0.0006059355850478632,-0.003821173964848151,-0.31264525629154505,-0.9498684861053832,7,7,instant_velocity,dbscan_kmeans_fallback,False
1260,45,2.96208595287,6.22472489613,-0.01100732523300003,-0.0025775258370000385,-0.018525138949200003,0.0012267113705999933,-0.01660577773370531,5.6878569776227074e-05,-0.9736609449436567,-0.22799691922850085,0,0,instant_velocity,dbscan_kmeans_fallback,False
1260,46,3.08878594886,6.73139965092,-0.01591116228799998,-0.0012887629179999748,-0.017544371538399998,-0.0007207525950000004,-0.01632547853276408,-0.000899358855494345,-0.9967351381987307,-0.08073296355897906,0,0,instant_velocity,dbscan_kmeans_fallback,False
1260,47,3.23211268852,7.21086718854,-0.02054139469899998,-0.0028400516169999612,-0.012185929847399999,-0.0016181134422000021,-0.013901141766355018,-0.0018364442530311013,-0.990576502660825,-0.1369570294212302,0,0,instant_velocity,dbscan_kmeans_fallback,False
1260,49,0.309804641369,4.93357537968,-0.026981627054,-0.006730206352000057,-0.027183673559220002,-0.006839989859800007,-0.028038796690151302,-0.006523855517022904,-0.9702706297356913,-0.24202104425863974,-1,-1,instant_velocity,dbscan_kmeans_fallback,False
1260,50,6.41687072737,6.09632592388,0.03352709196300001,-0.02474902122999998,0.0165636041274,-0.025894588268999996,0.016583370851945216,-0.024846717848474954,0.8045413882881817,-0.5938961816650254,-1,-1,instant_velocity,dbscan_kmeans_fallback,False
1260,51,7.8846544019,0.535552590557,-0.009744534576000063,0.0013126288984000034,-0.011402999639600023,-0.0010119175507799993,-0.013345097731057404,-0.002182093070874841,-0.9910480231709955,0.1334982460958571,-1,-1,instant_velocity,dbscan_kmeans_fallback,False
1260,52,7.7097578958,8.0829300967,-0.04396616140100003,0.002124072217999995,-0.0398999754828,0.003560804211799997,-0.04000248205601902,0.004378825218568231,-0.99883481032843,0.04825523091815007,1,1,instant_velocity,dbscan_kmeans_fallback,False
1260,53,7.40079511487,7.01659811158,-0.055478602896999976,0.0,-0.05563855638059998,-0.002429556761000011,-0.0532613535360892,-0.00014949029199936493,-0.99999981975036,0.0,1,1,instant_velocity,dbscan_kmeans_fallback,False
1260,54,9.3627508668,7.66957132359,-0.03723127789299987,0.017159639599,-0.039550603399999995,0.012625103404799987,-0.037600810477170926,0.013204929382054795,-0.9081820357854716,0.4185748463738574,1,1,instant_velocity,dbscan_kmeans_fallback,False
1260,55,11.165805461,7.05454501973,-0.027591975870000063,0.0007637113589999522,-0.025967185224,0.0048591135222000046,-0.026016107451988547,0.0039978421506355315,-0.9996168012539014,0.027668141975828727,2,2,instant_velocity,dbscan_kmeans_fallback,False
1260,56,11.33670313,7.51444245378,-0.029002092099999998,0.0038662887560000137,-0.028926324665999984,0.004830474346199995,-0.028248431302388556,0.004341934933352509,-0.9912305027046534,0.13214161702531946,2,2,instant_velocity,dbscan_kmeans_fallback,False
1260,57,13.4041019018,7.40537492531,-0.018773487779999876,-0.012195515764999953,-0.02893895257399997,-0.00797601050639999,-0.022134511610345964,-0.007081646987845788,-0.8385912177092908,-0.5447603842083856,-1,-1,instant_velocity,dbscan_kmeans_fallback,False
1260,87,12.3008437972,12.2800013345,0.0008839534599999865,0.022863608820000002,-0.008111325323999986,0.020305175759999974,-0.006271918977931729,0.020610051582206072,0.03863314732465886,0.999253023927802,-1,-1,instant_velocity,dbscan_kmeans_fallback,False
1260,89,13.3190739975,8.64831516222,0.022140929530000086,0.005035721774000024,0.011971255434000022,0.005928309424999973,0.016449501928094024,0.004955597857759321,0.9750972719445363,0.2217756285907435,3,3,instant_velocity,dbscan_kmeans_fallback,False
1260,90,13.1770100485,9.19651672216,0.017721162229999976,0.003985618655000067,0.017788511063999975,0.0027493608928000055,0.019808990666506012,0.00419636852788744,0.9756285849391485,0.21942598561069618,3,3,instant_velocity,dbscan_kmeans_fallback,False
1260,91,15.0246832459,5.31161250242,0.04998546353000002,-0.01641979422100004,0.04554885902400002,-0.017660825178799994,0.0440316945958565,-0.015613835013651335,0.9500541173436994,-0.31208459427879115,-1,-1,instant_velocity,dbscan_kmeans_fallback,False
1260,92,12.1070054312,8.69318320456,0.03771534763999984,-0.004964123833999956,0.03536234772,0.0031503093562000118,0.03693606353721124,0.0016110731294483524,0.9914486684993922,-0.1304952565322655,-1,-1,instant_velocity,dbscan_kmeans_fallback,False
1260,93,12.4770030939,9.47551002802,0.011575581030000138,0.028710773905000053,0.015418673930000005,0.019355309756600006,0.018112900254116594,0.020701899184759665,0.37393087228874494,0.9274562289839094,-1,-1,instant_velocity,dbscan_kmeans_fallback,False
1260,94,11.2704066204,3.10997585007,0.047354649659999914,-0.009689587867999982,0.04530471949699997,-0.015140577693799999,0.045086562275308384,-0.012846582914941928,0.9797008783794923,-0.20046389981918558,4,4,instant_velocity,dbscan_kmeans_fallback,False
1260,95,11.0376322092,3.68872586437,0.037399649980000046,-0.018543866438000035,0.0405945103446,-0.023431619135800004,0.04045394588422026,-0.01917581579425373,0.8959163908285875,-0.44422217587664026,4,4,instant_velocity,dbscan_kmeans_fallback,False
1260,96,4.80660217363,5.39299549412,0.04518685903700002,-0.002100206238000002,0.036359952339,-0.012901948772599994,0.03662312330304064,-0.008888772583149613,0.9989214120272079,-0.046428121483138955,-1,-1,instant_velocity,dbscan_kmeans_fallback,False
1260,97,0.68590579227,5.80659292703,0.043650463736400004,0.0008830412590000059,0.043650463736400004,0.0008830412590000059,0.013095139120920004,0.0002649123777000018,0.9997952108681385,0.020225682528338465,-1,-1,instant_velocity,dbscan_kmeans_fallback,False
1260,98,0.336744175401,7.3268558512,0.0,0.0,0.0,0.0,0.0,0.0,0.0,0.0,-1,-1,instant_velocity,dbscan_kmeans_fallback,False
1260,222,12.9638088925,11.4513745099,-0.0011575581000000668,-0.0003818556699998865,-0.0011575581019999958,-0.00036753608999998025,-0.001156729056811257,-0.00036736707216066824,-0.9496546674227324,-0.3132724131058355,5,5,instant_velocity,dbscan_kmeans_fallback,False
1260,225,8.62338693669,8.33996670099,-0.051648137902,0.010119175508000034,-0.05023802166820001,0.010534443559400017,-0.04777156782775863,0.007910206697475258,-0.9813419322134135,0.19226968577782672,1,1,instant_velocity,dbscan_kmeans_fallback,False
1260,228,7.53780790124,-0.0147969075822,0.024266627140000007,-0.0027684536766699997,0.015283976261000002,-0.020142887095824,0.01351515635514508,-0.01995146854572457,0.9935547641204502,-0.11334951181444879,-1,-1,instant_velocity,dbscan_kmeans_fallback,False
1260,229,11.4482496381,6.35741974477,0.03462151054000007,-0.0002863917590000042,0.02246083649999999,0.0010357835307999964,0.024849144135283826,0.002395579042012715,0.9999654993189292,-0.00827179039338545,-1,-1,instant_velocity,dbscan_kmeans_fallback,False
1260,230,12.509835651,3.26868461688,0.06221348639999995,-0.029044897625,0.04682006828599999,-0.041522031954000005,0.047392055421670576,-0.033759393041884855,0.9061163706552753,-0.42302816872868654,-1,-1,instant_velocity,dbscan_kmeans_fallback,False
1260,231,9.09209273582,9.88051570814,-0.024666510848000023,-0.021407784035999987,-0.0237825573876,-0.021002062375199984,-0.02273214044529609,-0.021287739937896705,-0.7552319234886368,-0.6554571911190472,-1,-1,instant_velocity,dbscan_kmeans_fallback,False
1260,232,11.5562182393,8.1640744286,-0.04289278934000009,0.022959072732999974,-0.039870510368,0.026271670752599993,-0.03530081953911993,0.02657418470970342,-0.881644071492724,0.4719145262754701,1,1,instant_velocity,dbscan_kmeans_fallback,False
1260,233,12.8463693613,7.25167801429,-0.0356317430599999,0.025703660429000054,-0.023521580651999975,0.024696516074200012,-0.024265471981661575,0.025799595495593484,-0.811007080080547,0.5850359483341339,1,1,instant_velocity,dbscan_kmeans_fallback,False
1260,311,10.672475244,11.8022044154,-0.006629650950000077,0.0008830412600000059,-0.011276720574000016,0.0028734639880000044,-0.012118101879855353,0.003089048201463833,-0.9912442771574103,0.13202951438474517,5,5,instant_velocity,dbscan_kmeans_fallback,False
1260,313,13.1742740021,10.9406425385,-0.022961743459999972,0.007231391930000086,-0.01865562731799997,0.013169247748000004,-0.01909515629826651,0.013370967125765472,-0.9538167849240161,0.3003875996269042,6,6,instant_velocity,dbscan_kmeans_fallback,False
1260,340,13.1972146991,11.7852595696,0.00042093021999995984,-0.0004057216599999691,0.00042093021999999535,-0.0004104948559999855,0.0004213022055194321,-0.0004119063489994935,0.7199818206073789,-0.6939682768004959,5,5,instant_velocity,dbscan_kmeans_fallback,False
1260,341,14.1451495528,8.35858216536,0.020036278429999933,-0.03286345442100007,0.02234718533999999,-0.02575139238920002,0.021978202320103238,-0.025495499654157587,0.5205615822824389,-0.8538238222447514,7,7,instant_velocity,dbscan_kmeans_fallback,False
1260,342,13.8906972353,9.64185590842,0.02352999925999999,-0.042123454647999915,0.006920092803999971,-0.032247712137600006,0.009447561380511822,-0.03348903768465652,0.48766997447142113,-0.8730278240067482,7,7,instant_velocity,dbscan_kmeans_fallback,False
1260,343,13.6147774766,11.8561415302,-0.0015574418099999932,-0.011479536359999898,-0.0015574418099999932,-0.011479536359999898,-0.001567312624379993,-0.012786461294699972,-0.1344393770129749,-0.9909209491661114,5,5,instant_velocity,dbscan_kmeans_fallback,False
1260,344,13.3965251579,12.7112595925,-0.03203278968000003,0.00933159816,-0.023774138782000024,0.016061804520000004,-0.0240249388990947,0.012503674955667895,-0.9600906906322975,0.2796878015195543,6,6,instant_velocity,dbscan_kmeans_fallback,False
1260,376,14.174193738,11.3912322403,-0.002799185950000016,-0.007159793989999841,0.0003241162699999833,-0.004515443411999982,-0.00041560087546650074,-0.004822759972393658,-0.3641199336624214,-0.9313506709603664,5,5,instant_velocity,dbscan_kmeans_fallback,False
1270,45,2.86232549091,6.19322180256,-0.009976046195999988,-0.0031503093569999587,-0.016504673896800003,0.0003245773276000108,-0.014616858272393713,-0.0009052778082566288,-0.9535823306096505,-0.3011292529894189,0,0,instant_velocity,dbscan_kmeans_fallback,False
1270,46,3.01259757918,6.73020635192,-0.007618836968000009,-0.00011932990000005362,-0.0147241390694,-0.0008925876510000031,-0.013713486063334859,-0.0006653501688460576,-0.9998760536720852,-0.015660541103356768,0,0,instant_velocity,dbscan_kmeans_fallback,False
1270,47,3.02669874152,7.18246667238,-0.020541394699999983,-0.0028400516159999612,-0.015397627420199997,-0.0020858866493999885,-0.015893217646448507,-0.0021375264619217594,-0.9905765026682717,-0.13695702936736898,0,0,instant_velocity,dbscan_kmeans_fallback,False
1270,50,6.7519311819,5.84883571158,0.033506045452999976,-0.024749021230000067,0.023639441113200002,-0.027064021287400007,0.021660173232261645,-0.02481740886293249,0.8043631426933133,-0.5941375720710123,-1,-1,instant_velocity,dbscan_kmeans_fallback,False
1270,51,7.78720905614,0.548917539341,-0.009744534575999974,0.0013364948783999963,-0.009744534575800011,0.0013269484863999992,-0.012264928784540174,-0.0011265166860923896,-0.9907241306482361,0.13588106401508446,-1,-1,instant_velocity,dbscan_kmeans_fallback,False
1270,52,7.2703067469,8.10393215907,-0.04394511488999999,0.002100206237000002,-0.04127641729980001,0.0026538969727999983,-0.041185271906213315,0.003695239524097762,-0.9988597082493408,0.047737078271483574,1,1,instant_velocity,dbscan_kmeans_fallback,False
1270,53,6.9445067572,7.10752749527,-0.04562883576700001,0.00909293836900007,-0.05363913783919999,0.00024343299579999923,-0.05097159820536244,0.002623238306300466,-0.9807159225472912,0.1954375843985264,1,1,instant_velocity,dbscan_kmeans_fallback,False
1270,54,9.00180320379,7.85691926637,-0.03609476630100002,0.018734794278000066,-0.0381573243742,0.0152885467698,-0.037148997224319656,0.014863888850838376,-0.8875634188370943,0.46068501793099786,2,2,instant_velocity,dbscan_kmeans_fallback,False
1270,55,10.8810461676,7.04046409155,-0.02847592934000005,-0.0014080928180000285,-0.026518603814000022,0.003341237195999991,-0.026754054018392,0.0023760616600448634,-0.9987793086609944,-0.04938816761695818,3,3,instant_velocity,dbscan_kmeans_fallback,False
1270,56,11.0332124419,7.54522956794,-0.03034906881000001,0.0030787114159999797,-0.029233603726000014,0.0041908660829999885,-0.028878622554671992,0.003962967878146751,-0.9948936713785705,0.10092535368894358,3,3,instant_velocity,dbscan_kmeans_fallback,False
1270,57,13.2273112097,7.27578265406,-0.017679069210000085,-0.012959227124999995,-0.02598402243599999,-0.008978381665399998,-0.0207978788902422,-0.00884492102899205,-0.8065226045737611,-0.5912024830020947,-1,-1,instant_velocity,dbscan_kmeans_fallback,False
1270,87,12.3096833318,12.5088760824,0.0008839534599999865,0.022887474790000084,-0.0041040696379999984,0.02160348507000002,-0.004125157246552214,0.021293278544544277,0.03859292256595703,0.9992545787430714,-1,-1,instant_velocity,dbscan_kmeans_fallback,False
1270,89,13.6259321274,8.73375537051,0.030685812990000016,0.008544020829000054,0.016593069244000027,0.006443814592199999,0.020720395246665822,0.006032124749131541,0.963354020743783,0.2682319944274622,4,4,instant_velocity,dbscan_kmeans_fallback,False
1270,90,13.4053646925,9.27837703346,0.02283546439999995,0.008186031129999983,0.018617743597999982,0.003980845459199998,0.020716932786554194,0.005393267308521204,0.9413425180551931,0.33745138797319135,4,4,instant_velocity,dbscan_kmeans_fallback,False
1270,92,12.4822647217,8.60822031586,0.03752592905000007,-0.00849628886999998,0.036061091884000016,-9.069072399999101e-05,0.037113023191047895,-0.0014211354703861476,0.9753138733508504,-0.2208219387684256,-1,-1,instant_velocity,dbscan_kmeans_fallback,False
1270,93,12.5641356493,9.83779560399,0.00871325554000002,0.036228557596999875,0.013107767028000018,0.024486495450599968,0.01529300683988162,0.02535989670843173,0.23383981780837293,0.9722748597297052,-1,-1,instant_velocity,dbscan_kmeans_fallback,False
1270,94,11.7439531171,3.01307997138,0.047354649670000096,-0.009689587869000028,0.045540440420599994,-0.014462783862600003,0.045766988493715896,-0.011899484401159358,0.979700878383743,-0.20046389979841167,5,5,instant_velocity,dbscan_kmeans_fallback,False
1270,95,11.4118391741,3.50304854019,0.037420696490000085,-0.018567732417999982,0.03966004525760002,-0.024448309882799998,0.039543971065954205,-0.018993390781377607,0.8957883999654732,-0.44448021746874794,5,5,instant_velocity,dbscan_kmeans_fallback,False
1270,96,5.25847076399,5.37199343175,0.04518685903600002,-0.002100206237000002,0.03963058014240001,-0.008902010529400001,0.03919224402292845,-0.00685220267930473,0.9989214120281855,-0.046428121462105405,-1,-1,instant_velocity,dbscan_kmeans_fallback,False
1270,97,1.12241042963,5.81542333962,0.04365046373599999,0.0008830412590000059,0.04365046373599999,0.0008830412590000059,0.022261736505444003,0.0004503510420900031,0.9997952108681347,0.020225682528523737,-1,-1,instant_velocity,dbscan_kmeans_fallback,False
1270,98,0.621082538505,7.43640069927,0.028433836310399994,0.010954484806999964,0.028433836310399994,0.010954484806999964,0.00853015089312,0.00328634544209999,0.9331428970784982,0.3595047666876907,-1,-1,instant_velocity,dbscan_kmeans_fallback,False
1270,99,0.372523244037,6.8335460452,0.0,0.0,0.0,0.0,0.0,0.0,0.0,0.0,0,0,instant_velocity,dbscan_kmeans_fallback,False
1270,222,12.9522333115,11.4477946129,-0.0011575580999998892,-0.0003579897000001608,-0.0011575581019999958,-0.0003627628939999994,-0.0011569777697678467,-0.00036455386051251605,-0.9553484034175054,-0.2954537559152306,6,6,instant_velocity,dbscan_kmeans_fallback,False
1270,225,8.05786718712,8.45881928124,-0.05655197495700008,0.011885258024999956,-0.05183334719960001,0.010706278615000002,-0.05040568996653107,0.009102722095732667,-0.9786207955297539,0.20567205075235181,1,1,instant_velocity,dbscan_kmeans_fallback,False
1270,228,7.78068463775,-0.0422427845493,0.02428767365100004,-0.0027445876967099997,0.018146301752000014,-0.012400763193105999,0.01674691154390157,-0.014789404291020198,0.9936752249827168,-0.1122885969320002,-1,-1,instant_velocity,dbscan_kmeans_fallback,False
1270,229,11.9192705534,6.38009242574,0.04710209153000004,0.0022672680970000415,0.029124161870000016,0.0006682474391999982,0.03152502835369869,0.002357085758508913,0.9988432992546457,0.048079511391971544,-1,-1,instant_velocity,dbscan_kmeans_fallback,False
1270,230,13.1252356316,3.01522790958,0.06153999806000012,-0.02534567072999998,0.052262696022000024,-0.036037629756800006,0.05163643821316945,-0.031235276348319393,0.9246479547296454,-0.38082260871857876,-1,-1,instant_velocity,dbscan_kmeans_fallback,False
1270,231,8.82353925594,9.7406610655,-0.026855347987999954,-0.013985464264000136,-0.02464546433719999,-0.01970852626000003,-0.02396910270810725,-0.019097057235727733,-0.8869367403878544,-0.46189020126143243,-1,-1,instant_velocity,dbscan_kmeans_fallback,False
1270,232,11.1489682522,8.34879711358,-0.040724998710000015,0.018472268498000054,-0.041621580080000026,0.024009175851200003,-0.03692807329038396,0.02414360984619241,-0.9106953207265832,0.41307818335677277,2,2,instant_velocity,dbscan_kmeans_fallback,False
1270,233,12.4902623958,7.50871461858,-0.03561069655000004,0.025703660428999964,-0.027680371217999992,0.022410155192999996,-0.027669039352163118,0.025770814975615428,-0.8108430262833984,0.585263300860964,2,2,instant_velocity,dbscan_kmeans_fallback,False
1270,311,10.6061787345,11.811034828,-0.006629650949999899,0.0008830412600000059,-0.006629650952000006,0.0008830412580000058,-0.010471566600898718,0.0024272461190246847,-0.9912442771574097,0.13202951438474864,6,6,instant_velocity,dbscan_kmeans_fallback,False
1270,313,12.9396054049,11.0050806844,-0.023466859720000066,0.0064438145899998744,-0.020006813319999994,0.01149862915,-0.020406667324786576,0.011292821365035791,-0.9643054875541686,0.26479068115887117,6,6,instant_velocity,dbscan_kmeans_fallback,False
1270,340,13.2016344664,11.7812023531,0.00044197672999999325,-0.00040572165000014594,0.00042513952200000203,-0.00041049485400002084,0.00042750456286360045,-0.0004100509392996892,0.7366631964727036,-0.6762351664244667,6,6,instant_velocity,dbscan_kmeans_fallback,False
1270,341,14.2981576875,7.95715638225,0.01530081347000003,-0.04014257831099997,0.021816813263999996,-0.0277418151186,0.019974985665072276,-0.0298896232512103,0.35616604484010883,-0.9344224328167806,-1,-1,instant_velocity,dbscan_kmeans_fallback,False
1270,342,14.2621681538,9.37503425234,0.03714709185,-0.026682165607999943,0.017392836659999987,-0.03174652655719999,0.01775742052135828,-0.03144697606165955,0.8121944862411831,-0.5833863893114335,-1,-1,instant_velocity,dbscan_kmeans_fallback,False
1270,343,13.5992030585,11.7411075067,-0.0015574418099999932,-0.01150340234999998,-0.0015574418099999932,-0.01150340234999998,-0.001564351380065993,-0.012401543611289974,-0.13416548306086332,-0.9909580718981883,6,6,instant_velocity,dbscan_kmeans_fallback,False
1270,344,13.1988984199,12.6938374272,-0.019762673799999853,-0.0017422165299999294,-0.023816231805999982,0.01276352609,-0.022746259369366247,0.008229907509967547,-0.996136180002377,-0.08781630140204709,6,6,instant_velocity,dbscan_kmeans_fallback,False
1270,376,14.1459914133,11.3196343004,-0.0028202324699998726,-0.007159793990000019,-0.00036620928999997915,-0.005584639313999986,-0.0011369903538265124,-0.005523870177675566,-0.3664911449207181,-0.9304201425606953,6,6,instant_velocity,dbscan_kmeans_fallback,False
1280,45,2.76256502894,6.161718709,-0.009976046196999988,-0.003150309356000047,-0.0143958134984,-0.0007971237310000134,-0.013224614649775595,-0.0015787872725796545,-0.9535823306457639,-0.30112925287505904,0,0,instant_velocity,dbscan_kmeans_fallback,False
1280,46,2.94588013943,6.73020635192,-0.00667174397500001,0.0,-0.012413232165600006,-0.000801896927000012,-0.011600963436834404,-0.0004657451181922403,-0.9999985011437715,0.0,0,0,instant_velocity,dbscan_kmeans_fallback,False
1280,47,2.85411735163,7.15836203261,-0.017258138989000037,-0.002410463976999999,-0.017956883153200005,-0.0024725155249999986,-0.016302694049213966,-0.0022194077164452313,-0.9903858478209469,-0.1383283221339567,0,0,instant_velocity,dbscan_kmeans_fallback,False
1280,50,7.1739137267,5.54716972474,0.04219825448000005,-0.030166598683999978,0.0293262083754,-0.027221536755399997,0.02782159760658317,-0.026422165809252735,0.8135054067054414,-0.5815570201601192,-1,-1,instant_velocity,dbscan_kmeans_fallback,False
1280,51,7.68534394309,0.448919083261,-0.010186511304999969,-0.009999845607999996,-0.009832929921599991,-0.0009403196108800005,-0.011641403540678111,-0.0037885153626646723,-0.7136144739620496,-0.700537637429604,-1,-1,instant_velocity,dbscan_kmeans_fallback,False
1280,52,6.80391606397,8.11443319026,-0.04663906829300002,0.0010501031189999565,-0.04308641724259999,0.0021813505693999958,-0.04282141082224933,0.0029016986025684204,-0.9997464075911496,0.022509815466833335,1,1,instant_velocity,dbscan_kmeans_fallback,False
1280,53,6.49937305035,7.20848059055,-0.04451337068500001,0.010095309527999951,-0.051378742561800014,0.0030882578083999946,-0.04903412994925371,0.004864859672810312,-0.975233700556838,0.22117592799090666,1,1,instant_velocity,dbscan_kmeans_fallback,False
1280,54,8.6410660059,8.04450586894,-0.03607371978899998,0.01875866025699997,-0.03697451045799997,0.017512856103,-0.03682641399372376,0.016032320272686855,-0.8872133014997928,0.46135893375212317,2,2,instant_velocity,dbscan_kmeans_fallback,False
1280,55,10.5962868743,7.02638316336,-0.02847592932999987,-0.0014080928189999398,-0.027112115421999972,0.0019045052016000064,-0.02727061661187436,0.0012408153163314224,-0.9987793086584087,-0.049388167669245864,3,3,instant_velocity,dbscan_kmeans_fallback,False
1280,56,10.6985729176,7.55763987753,-0.03346395243,0.001241030958999989,-0.03016806881400001,0.003183721728200002,-0.030254221517270394,0.003146386802402722,-0.9993127390161834,0.03706011862873545,3,3,instant_velocity,dbscan_kmeans_fallback,False
1280,57,12.9065623827,7.24165430271,-0.03207488269999992,-0.0034128351350000584,-0.025908254993999975,-0.0080667012302,-0.024180980033169517,-0.007215295260794453,-0.9943866037538922,-0.10580483086426604,3,3,instant_velocity,dbscan_kmeans_fallback,False
1280,87,12.3153658897,12.7095889739,0.0005682557900000163,0.020071289150000025,-0.0024498138759999934,0.02148415517,-0.0027171333355865447,0.020926681726181,0.028300518891365426,0.9995989618752804,-1,-1,instant_velocity,dbscan_kmeans_fallback,False
1280,89,13.9694111863,8.83423114619,0.03434790588999999,0.010047577567999965,0.022060952791999995,0.007150247599400004,0.02480864843966607,0.007236760594792068,0.9597783198631832,0.2807579346407141,4,4,instant_velocity,dbscan_kmeans_fallback,False
1280,90,13.6339298015,9.36023734476,0.02285651090000016,0.008186031129999983,0.019577464496000018,0.005393711473399989,0.021358806220587983,0.006231096454964838,0.9414411937285183,0.3371759999872046,4,4,instant_velocity,dbscan_kmeans_fallback,False
1280,92,12.8545775006,8.47051361143,0.037231277889999956,-0.01377067044300002,0.036696696513999996,-0.004391340314799983,0.03714849960073351,-0.00512599596217031,0.9379017917527528,-0.34690016604548,-1,-1,instant_velocity,dbscan_kmeans_fallback,False
1280,93,12.6510577396,10.1998425202,0.008692209029999986,0.03620469162100015,0.011188325228000017,0.029651093517400008,0.01331276749691713,0.028613335182202257,0.23345118219098718,0.9723682473133791,-1,-1,instant_velocity,dbscan_kmeans_fallback,False
1280,94,12.2170786835,2.9157067731,0.047312556640000024,-0.009737319827999968,0.04620130086420002,-0.012711020932799997,0.04623065893760113,-0.01125083502921154,0.9794711518114152,-0.20158335428916394,5,5,instant_velocity,dbscan_kmeans_fallback,False
1280,95,11.8542368345,3.45483926065,0.04423976603999993,-0.004820927953999998,0.04008939408060001,-0.019245526249000004,0.04095270955816792,-0.014741651933164323,0.9941146124043286,-0.10833138041658388,5,5,instant_velocity,dbscan_kmeans_fallback,False
1280,96,5.65730214673,5.53452075535,0.03988313827400001,0.01625273236,0.0418362544912,-0.0012314845665999919,0.039399512298249915,7.927783248668982e-05,0.9260593123988291,0.37737737814166966,-1,-1,instant_velocity,dbscan_kmeans_fallback,False
1280,97,1.55154878816,5.80993416422,0.042913835853000015,-0.0005489175399999268,0.042913835853000015,-0.0005489175399999268,0.02845736630971081,0.00015057046746302412,0.9999179702229839,-0.012790106069675658,-1,-1,instant_velocity,dbscan_kmeans_fallback,False
1280,98,0.905631366719,7.54618420714,0.028454882821400008,0.010978350786999958,0.028454882821400008,0.010978350786999958,0.014507570471604003,0.00559394704556998,0.9329694673914406,0.35995460430716386,6,6,instant_velocity,dbscan_kmeans_fallback,False
1280,99,0.672225560144,6.9132584183,0.029970231610700004,0.007971237309999957,0.029970231610700004,0.007971237309999957,0.008991069483210002,0.0023913711929999873,0.9664016012049399,0.2570356011936269,6,6,instant_velocity,dbscan_kmeans_fallback,False
1280,222,12.9408681955,11.4442147159,-0.0011365116000000342,-0.0003579896999999832,-0.0011533488019999894,-0.0003627628939999994,-0.001150837918837503,-0.0003625846123587562,-0.9537933957230968,-0.30043530712477234,7,7,instant_velocity,dbscan_kmeans_fallback,False
1280,225,7.4188951143,8.60368577967,-0.06389720728199996,0.014486649842999988,-0.05489771919399999,0.01139839203440001,-0.05445314516117174,0.010717900419912864,-0.9752494770220917,0.2211066537045326,-1,-1,instant_velocity,dbscan_kmeans_fallback,False
1280,228,8.00504044461,-0.0145582477825,0.022435580685999934,0.00276845367668,0.020242534243799994,-0.00674452593991,0.01845351228653108,-0.009522046900710138,0.9924721679603148,0.12246677546914785,-1,-1,instant_velocity,dbscan_kmeans_fallback,False
1280,229,12.3686135625,6.36959139455,0.04493430090999997,-0.0010501031190000454,0.03535392911599999,-0.0003675360916000159,0.03554781012058908,0.001334929095256225,0.9997268169039011,-0.023363360001560432,-1,-1,instant_velocity,dbscan_kmeans_fallback,False
1280,230,13.6783379397,3.09708822088,0.05531023080999997,0.008186031129999983,0.05517974244200001,-0.0251022377338,0.05273857599221861,-0.019408884104823578,0.9892242171470159,0.1464072761499174,-1,-1,instant_velocity,dbscan_kmeans_fallback,False
1280,231,8.55498577606,9.60080642287,-0.026855347987999954,-0.01398546426299987,-0.025504161984400007,-0.018414990146599985,-0.02483497629207506,-0.017563579343909376,-0.886936740401388,-0.4618902012354451,-1,-1,instant_velocity,dbscan_kmeans_fallback,False
1280,232,10.7471903579,8.52230278797,-0.040177789430000034,0.01735056743900003,-0.04160474287200003,0.021665536618,-0.03790298813226878,0.0221056971240347,-0.91805326629285,0.39645648342998785,2,2,instant_velocity,dbscan_kmeans_fallback,False
1280,233,12.1312089188,7.73257751072,-0.03590534769999998,0.022386289213999967,-0.03118251064199999,0.0211882170186,-0.030139931856514177,0.02475545724713079,-0.8485770542213003,0.529071366050639,2,2,instant_velocity,dbscan_kmeans_fallback,False
1280,311,10.4049740897,11.8843033865,-0.020120464480000065,0.0073268558499998806,-0.009327813658000004,0.0021718041759999805,-0.013366235964629124,0.0038971290383172435,-0.9396380514948579,0.3421686691836036,8,8,instant_velocity,dbscan_kmeans_fallback,False
1280,313,12.7354542486,11.1136708933,-0.02041511563,0.010859020890000081,-0.020688720276000012,0.010715825008000017,-0.020409201816350604,0.011162681222525079,-0.882873498613618,0.46960996638120606,8,8,instant_velocity,dbscan_kmeans_fallback,False
1280,340,13.2058437686,11.7771451365,0.00042093021999995984,-0.0004057216599999691,0.00042513952200000203,-0.00041049485400002084,0.0004255322600045082,-0.0004087521555097732,0.7199818206073789,-0.6939682768004959,7,7,instant_velocity,dbscan_kmeans_fallback,False
1280,341,14.3652960575,7.56121977452,0.006713837000000033,-0.03959366077300004,0.020187813315999996,-0.029484031656600004,0.015996641065550602,-0.03280083450774722,0.16718194383489704,-0.985925808381947,-1,-1,instant_velocity,dbscan_kmeans_fallback,False
1280,342,14.6290088399,9.03971723375,0.036684068609999974,-0.03353170185900005,0.02565990616599997,-0.03293027916499998,0.02343541494795079,-0.0320723938008617,0.7381089994767708,-0.6746811858037226,-1,-1,instant_velocity,dbscan_kmeans_fallback,False
1280,343,13.5960460818,11.6308466792,-0.0003156976699999703,-0.01102608275000012,-0.0019573255199999908,-0.0176369592,-0.0011897552670461862,-0.011988905352903017,-0.028620142654852167,-0.9995894528750807,7,7,instant_velocity,dbscan_kmeans_fallback,False
1280,344,13.014741449,12.6640049522,-0.018415697090000016,-0.002983247499999919,-0.024296092256,0.007164567188000035,-0.021447090685556378,0.004865961006977306,-0.9871310367893581,-0.15991011273058348,7,7,instant_velocity,dbscan_kmeans_fallback,False
1280,376,14.0937960661,11.1816889362,-0.005219534720000141,-0.013794536420000014,-0.002012046448000007,-0.007660979569999995,-0.002361753663678601,-0.0080050700503729,-0.3538906949363549,-0.9352860631988535,7,7,instant_velocity,dbscan_kmeans_fallback,False
1290,45,2.6676452645,6.13164757424,-0.009491976444000016,-0.0030071134760000008,-0.012194348451800003,-0.001885412417600012,-0.012104823188042922,-0.0020072851336057585,-0.9533030785013836,-0.3020119730581363,0,0,instant_velocity,dbscan_kmeans_fallback,False
1290,46,2.87895223457,6.73020635192,-0.0066927904859999995,0.0,-0.010565348503200003,-0.0005441443433999993,-0.010128511551584084,-0.0003260215827345682,-0.9999985058571489,0.0,0,0,instant_velocity,dbscan_kmeans_fallback,False
1290,47,2.81265572504,7.15120223861,-0.004146162658999986,-0.0007159794000000553,-0.0166099064516,-0.0023293196452000052,-0.012655734632149772,-0.0017683792215116786,-0.9854130197504956,-0.17016588124002127,0,0,instant_velocity,dbscan_kmeans_fallback,False
1290,50,7.61736371268,5.23166146952,0.04434499859799992,-0.03155082552200002,0.035442324460999985,-0.02765589759080001,0.0327786179040082,-0.02796076372307692,0.814811058314281,-0.5797262903832759,-1,-1,instant_velocity,dbscan_kmeans_fallback,False
1290,51,7.58347883003,0.348681967381,-0.010186511306000057,-0.010023711588,-0.009921325267599989,-0.0032075877081600003,-0.011204935870274695,-0.005659074230265271,-0.7127791254339636,-0.7013875668197179,-1,-1,instant_velocity,dbscan_kmeans_fallback,False
1290,52,6.3103753819,8.11443319026,-0.04935406820699999,0.0,-0.0454436264704,0.0014987835422000018,-0.044781208037674526,0.0020311890217978943,-0.9999997973824988,0.0,1,1,instant_velocity,dbscan_kmeans_fallback,False
1290,53,6.05171376217,7.28747698425,-0.04476592881799997,0.007899639369999979,-0.04917306821300001,0.0054175774534,-0.04775366960987759,0.005775293581967212,-0.9847842096693277,0.17378037983498942,1,1,instant_velocity,dbscan_kmeans_fallback,False
1290,54,8.22013578664,8.21490896594,-0.04209302192600006,0.017040309699999943,-0.03784583601319998,0.017627412806999986,-0.03840639637340665,0.01633471710088078,-0.9269262516593836,0.37524296604562957,2,2,instant_velocity,dbscan_kmeans_fallback,False
1290,55,10.2949008373,7.01874604977,-0.030138603700000034,-0.0007637113590000411,-0.028038161903999992,0.0005918763032000029,-0.02813101273831206,0.0006394573137319832,-0.9996787658684632,-0.0253318314426387,3,3,instant_velocity,dbscan_kmeans_fallback,False
1290,56,10.3641438584,7.56981152731,-0.03344290591999997,0.001217164977999996,-0.031056231576,0.0026538969727999983,-0.03121082683808927,0.002567620255081904,-0.9993380492844816,0.036371219584853176,3,3,instant_velocity,dbscan_kmeans_fallback,False
1290,57,12.5858135556,7.20752595135,-0.0320748827100001,-0.00341283513599997,-0.026013487550000002,-0.007350721830999998,-0.026549150836218692,-0.006074557223356108,-0.9943866037541015,-0.10580483086230019,3,3,instant_velocity,dbscan_kmeans_fallback,False
1290,87,12.3195751919,12.8986075353,0.00042093021999995984,0.01890185613999993,-0.0008208139279999926,0.021126165470000017,-0.001775714268910593,0.02031923405032668,0.02226372157975979,0.999751603583301,4,4,instant_velocity,dbscan_kmeans_fallback,False
1290,89,14.3126797801,8.93470692187,0.03432685937999995,0.010047577567999965,0.027520417733999984,0.007856680606599973,0.027664111721766235,0.008080005686754438,0.9597319234595493,0.2809164927876848,5,5,instant_velocity,dbscan_kmeans_fallback,False
1290,90,13.8624949106,9.44209765606,0.02285651090999998,0.008186031129999983,0.020684510974000005,0.006415175416200007,0.021808117627411583,0.006817576857475381,0.9414411937753446,0.33717599985645946,5,5,instant_velocity,dbscan_kmeans_fallback,False
1290,92,13.2268902795,8.332806907,0.037231277889999956,-0.01377067044300002,0.03733651044799999,-0.008687216709400012,0.037173333087513444,-0.007719398306419224,0.9379017917527528,-0.34690016604548,6,6,instant_velocity,dbscan_kmeans_fallback,False
1290,93,12.6933612266,10.5353981986,0.004230348699999986,0.03355556783999987,0.009096302038000026,0.032309763686199984,0.010588041857841988,0.03009600497954154,0.12507984289125912,0.992146381113733,-1,-1,instant_velocity,dbscan_kmeans_fallback,False
1290,94,12.6889414593,2.81690161602,0.047186277580000005,-0.009880515708000016,0.046883207820000015,-0.010868567279,0.046517344530320796,-0.010839739232848084,0.9787724583177397,-0.2049489204265012,7,7,instant_velocity,dbscan_kmeans_fallback,False
1290,95,12.3042112389,3.42190420829,0.04499744044000007,-0.003293505236000005,0.040670277784,-0.013742031267599994,0.042166128822717565,-0.011307207924015027,0.9973318736823242,-0.07299787978790256,7,7,instant_velocity,dbscan_kmeans_fallback,False
1290,96,6.05024050641,5.71757282174,0.03929383596799996,0.018305206639000017,0.042947510270199996,0.005646690861400004,0.03936780939917493,0.005547056474440689,0.9064648823347596,0.42228065988893554,-1,-1,instant_velocity,dbscan_kmeans_fallback,False
1290,97,1.91354877672,5.67628467638,0.03619999885599998,-0.013364948784000052,0.03619999885599998,-0.013364948784000052,0.03078015607359756,-0.0039040853079759,0.9381063742687208,-0.34634652050458187,-1,-1,instant_velocity,dbscan_kmeans_fallback,False
1290,98,1.18996972982,7.65572905521,0.028433836310100002,0.010954484807000054,0.028433836310100002,0.010954484807000054,0.018685450223152805,0.007202108373999002,0.9331428970772248,0.35950476669099607,8,8,instant_velocity,dbscan_kmeans_fallback,False
1290,99,0.971927876251,6.9927321316,0.029970231610699994,0.007947371330000053,0.029970231610699994,0.007947371330000053,0.015284818121457,0.004058171234100008,0.966592531980343,0.25631666368938405,8,8,instant_velocity,dbscan_kmeans_fallback,False
1290,222,12.9292926145,11.4406348189,-0.0011575581000000668,-0.0003579896999999832,-0.0011533488020000248,-0.0003627628939999994,-0.0011528539731862721,-0.00036120613865112426,-0.9553484034175597,-0.29545375591505546,9,9,instant_velocity,dbscan_kmeans_fallback,False
1290,225,6.77992304148,8.7485522781,-0.06389720728199996,0.014486649842999988,-0.05753274236719999,0.0122193817454,-0.057286363797420206,0.011848525246839003,-0.9752494770220917,0.2211066537045326,-1,-1,instant_velocity,dbscan_kmeans_fallback,False
1290,228,8.22455555395,0.0269685573676,0.02195151093399996,0.0041526805150100005,0.02206937139539999,-0.002181350569388,0.019502911880771745,-0.005419628675994096,0.9825723242339373,0.18587827314950361,-1,-1,instant_velocity,dbscan_kmeans_fallback,False
1290,229,12.7674449452,6.28176458826,0.03988313826999992,-0.008782680628999983,0.038569835989999995,-0.0019665567496000057,0.036848408565412334,-0.001700353822020638,0.9766010960780437,-0.2150576885579873,6,6,instant_velocity,dbscan_kmeans_fallback,False
1290,230,14.2316507129,3.17894853218,0.055331277320000004,0.008186031130000026,0.057254928422000015,-0.015006928205999994,0.05351638639055303,-0.011130409534376495,0.9892322812462455,0.14635277986173745,-1,-1,instant_velocity,dbscan_kmeans_fallback,False
1290,231,8.27927648245,9.46500899684,-0.02757092936100012,-0.013579742603000078,-0.026127138708800002,-0.016868474643199995,-0.025655762212752578,-0.016368428321636586,-0.8970883403239149,-0.44185049383875385,-1,-1,instant_velocity,dbscan_kmeans_fallback,False
1290,232,10.3759299045,8.67528371958,-0.03712604533999997,0.015298093160999926,-0.04076709173600001,0.019403041716599994,-0.037669905294588135,0.020063415935124267,-0.9245822859758606,0.38098175597037615,2,2,instant_velocity,dbscan_kmeans_fallback,False
1290,233,11.7692089303,7.92350535049,-0.036199998850000095,0.01909278397700005,-0.03366178963199999,0.021894650025800003,-0.03195795195455995,0.023056655266091568,-0.8845133141970615,0.4665144245645417,2,2,instant_velocity,dbscan_kmeans_fallback,False
1290,311,10.1461020048,11.9852564818,-0.025887208490000015,0.010095309530000129,-0.013179325166000027,0.004014257830000006,-0.01712252772224039,0.0057565831858221094,-0.9316627692280365,0.363323223381437,-1,-1,instant_velocity,dbscan_kmeans_fallback,False
1290,313,12.6028612295,11.3258394552,-0.013259301909999976,0.021216856190000043,-0.019682697052000007,0.012057093081999995,-0.018264231844445415,0.014178933712767568,-0.5299632829728299,0.8480201172834484,4,4,instant_velocity,dbscan_kmeans_fallback,False
1290,340,13.2100530708,11.7728492601,0.0004209302200001375,-0.0004295876400000509,0.00042513952200000203,-0.00041526805000000164,0.000424151648003197,-0.00041500280085685645,0.699861249196662,-0.7142555418562805,9,9,instant_velocity,dbscan_kmeans_fallback,False
1290,341,14.3461437325,7.17053368239,-0.0019152325000000303,-0.03906860921299993,0.01424006931600001,-0.033517382271799984,0.010623078995885412,-0.034681166919323034,-0.04896347376103998,-0.9988003138423227,-1,-1,instant_velocity,dbscan_kmeans_fallback,False
1290,342,14.9851158053,8.54402082974,0.03561069654000004,-0.04956964040099994,0.030555324613999985,-0.03779416588319997,0.027087999425565567,-0.037321567780903175,0.5834470710877986,-0.812150963527286,-1,-1,instant_velocity,dbscan_kmeans_fallback,False
1290,343,13.5960460818,11.5217791508,0.0,-0.01090675283999989,-0.0012122790319999766,-0.013360175587999982,-0.0008328286869323303,-0.011664259599032077,0.0,-0.9999990831376692,9,9,instant_velocity,dbscan_kmeans_fallback,False
1290,344,12.7672344801,12.6205688686,-0.02475069688999998,-0.00434360836000014,-0.02539892942999998,0.0019235979839999828,-0.022438172546889457,0.0021030901968840717,-0.984947278754135,-0.17285271817475084,-1,-1,instant_velocity,dbscan_kmeans_fallback,False
1290,376,14.0388646725,11.0363451181,-0.005493139359999866,-0.014534381810000063,-0.003712604533999979,-0.009885288906000014,-0.003301169372574981,-0.00996386357826105,-0.3535339822532159,-0.9354209941031155,9,9,instant_velocity,dbscan_kmeans_fallback,False
1300,45,2.6150289871,6.11279345006,-0.005261627739999985,-0.0018854124179999766,-0.009142604362000002,-0.0027541340888000043,-0.01005186455363004,-0.001970723318924024,-0.9413849685540299,-0.33732886428607173,0,0,instant_velocity,dbscan_kmeans_fallback,False
1300,46,2.81223479482,6.73020635192,-0.006671743974999966,0.0,-0.008713255538399993,-0.0002816185636000057,-0.009091481278608848,-0.00022821510791419772,-0.9999985011437715,0.0,0,0,instant_velocity,dbscan_kmeans_fallback,False
1300,47,2.77119409844,7.14380378482,-0.004146162659999985,-0.0007398453789999593,-0.013326650741399994,-0.001909278397799987,-0.010102863040504836,-0.0014598190687581628,-0.9844474516211412,-0.17566578006618533,0,0,instant_velocity,dbscan_kmeans_fallback,False
1300,50,8.06081369866,4.9163918741,0.0443449985980001,-0.03152695954199993,0.03958427781840001,-0.028548485241599995,0.03624853211220577,-0.029030622468753826,0.8150182025397901,-0.5794350368662382,-1,-1,instant_velocity,dbscan_kmeans_fallback,False
1300,51,7.48161371697,0.248683511301,-0.010186511305999967,-0.009999845608,-0.010009720613800005,-0.00547485580544,-0.010899408500992276,-0.006961305643585689,-0.7136144739964292,-0.7005376373945827,-1,-1,instant_velocity,dbscan_kmeans_fallback,False
1300,52,5.81683469983,8.11443319026,-0.04935406820699999,0.0,-0.0466516961996,0.0010548763147999907,-0.04615306608847217,0.001421832315258526,-0.9999997973824988,0.0,1,1,instant_velocity,dbscan_kmeans_fallback,False
1300,53,5.59837191604,7.31492286122,-0.045334184613000074,0.002744587697000078,-0.04714418455600001,0.005966494992800015,-0.04702782411081434,0.004866081816477071,-0.9981721818335889,0.060430580435819524,1,1,instant_velocity,dbscan_kmeans_fallback,False
1300,54,7.73901254604,8.36836721715,-0.04811232406000006,0.015345825121000089,-0.039921021993799995,0.017407845791000014,-0.04131817467938467,0.016038049506916573,-0.9527116141474801,0.30387527742830317,2,2,instant_velocity,dbscan_kmeans_fallback,False
1300,55,9.95436828996,7.02566718396,-0.034053254734000046,0.0006921134189999733,-0.029747138594800014,-0.0004248144436000167,-0.029907685337018458,0.0006552541453123803,-0.9997932289485145,0.020320240029499746,3,3,instant_velocity,dbscan_kmeans_fallback,False
1300,56,10.0295043341,7.5819831771,-0.03346395243,0.001217164978999996,-0.031944394338,0.0021240722175999947,-0.03188676451566249,0.0021624836722573316,-0.9993388806512129,0.03634837487371222,3,3,instant_velocity,dbscan_kmeans_fallback,False
1300,57,12.2000310097,7.13783728983,-0.03857825458999997,-0.006968866151999986,-0.02783611539799999,-0.007789855862599992,-0.030157881962353077,-0.006342849901949272,-0.9840726737126344,-0.17776518973778976,3,3,instant_velocity,dbscan_kmeans_fallback,False
1300,87,12.3239949592,13.0876260967,0.00044197672999999325,0.01890185613999993,0.0006398139319999885,0.020725217007999994,-0.001110406969237417,0.019894020677228653,0.02337631377861907,0.9997262075923378,4,4,instant_velocity,dbscan_kmeans_fallback,False
1300,89,14.656158839,9.03518269755,0.03434790588999999,0.010047577568000144,0.031169882736000007,0.00874449506140003,0.029669249972236363,0.00867027725112815,0.9597783198631819,0.2807579346407187,5,5,instant_velocity,dbscan_kmeans_fallback,False
1300,90,14.1268390883,9.4907842552,0.026434417769999996,0.004868659913999984,0.022540813242000014,0.0066824743917999994,0.023196007670188108,0.006232901774432762,0.9834583774746636,0.18113220503507085,5,5,instant_velocity,dbscan_kmeans_fallback,False
1300,92,13.7136960781,8.27910845206,0.04868057986000007,-0.005369845494000103,0.03967688246599998,-0.009274319816800016,0.040625507119259434,-0.007014532462693487,0.9939708603269999,-0.10964269449633335,-1,-1,instant_velocity,dbscan_kmeans_fallback,False
1300,93,12.6310635542,10.8096183084,-0.006229767239999973,0.027422010979999988,0.005396325412000032,0.032424320388599985,0.005542699128489399,0.029293806779679073,-0.22153621824146238,0.9751517793600716,4,4,instant_velocity,dbscan_kmeans_fallback,False
1300,94,13.16059377,2.71833511874,0.047165231069999966,-0.009856649728000022,0.047274672924,-0.009770732200200003,0.04671171049222455,-0.010544812381393666,0.9788533925814586,-0.20456202178720587,6,6,instant_velocity,dbscan_kmeans_fallback,False
1300,95,12.7541856433,3.38896915593,0.04499744043999989,-0.003293505236000005,0.041810998678000005,-0.009703907456400006,0.04301552230790226,-0.00890309711761052,0.9973318736823245,-0.07299787978790287,6,6,instant_velocity,dbscan_kmeans_fallback,False
1300,96,6.44296840097,5.90038622832,0.03927278945600001,0.018281340658000023,0.0417646963542,0.009727773436400007,0.03933930341622245,0.00936734172950849,0.906589093634617,0.42201392585394326,-1,-1,instant_velocity,dbscan_kmeans_fallback,False
1300,97,2.27554876527,5.54263518855,0.036199998855000005,-0.013364948782999963,0.04052295220728,-0.005102546517799986,0.032406108908018295,-0.006742344350483119,0.938106374274033,-0.34634652049019365,-1,-1,instant_velocity,dbscan_kmeans_fallback,False
1300,98,1.46441623277,7.7464197791,0.027444650295000005,0.009069072388999988,0.027444650295000005,0.009069072388999988,0.021313210244706966,0.007762197578499298,0.949501215319072,0.31376225102569216,7,7,instant_velocity,dbscan_kmeans_fallback,False
1300,99,1.25416158826,7.06838728811,0.028223371200899995,0.0075655156509999875,0.028223371200899995,0.0075655156509999875,0.0191663840452899,0.005110374559170002,0.9658990862417292,0.25891749792155816,7,7,instant_velocity,dbscan_kmeans_fallback,False
1300,100,0.458393008764,5.62425684005,0.0,0.0,0.0,0.0,0.0,0.0,0.0,0.0,0,0,instant_velocity,dbscan_kmeans_fallback,False
1300,101,0.0439872079117,3.75936916509,0.0,0.0,0.0,0.0,0.0,0.0,0.0,0.0,0,0,instant_velocity,dbscan_kmeans_fallback,False
1300,222,12.9177170335,11.4368162621,-0.0011575580999998892,-0.00038185567999988735,-0.0011533487999999892,-0.00036753608999998025,-0.0011542652112303572,-0.0003674010010557532,-0.9496546649820183,-0.31327242050468873,8,8,instant_velocity,dbscan_kmeans_fallback,False
1300,225,6.19525096694,8.80654660943,-0.058467207454000025,0.005799433133000065,-0.05889234697540001,0.011355433270400006,-0.05764061689439415,0.01003379761268732,-0.9951163887808308,0.09870680006099887,1,1,instant_velocity,dbscan_kmeans_fallback,False
1300,228,8.36283113097,0.0379469081544,0.013827557701999994,0.0010978350786800001,0.02135379002259999,0.000501185579398,0.01780030562714022,-0.003464389549591867,0.9968623430698951,0.07914560708569503,-1,-1,instant_velocity,dbscan_kmeans_fallback,False
1300,229,13.1540693516,6.05718571673,0.03866244064000011,-0.022457887152999945,0.04104069637800002,-0.006061958912599987,0.03739261818778866,-0.007927613821314431,0.8647039737267199,-0.5022813857905803,-1,-1,instant_velocity,dbscan_kmeans_fallback,False
1300,230,14.7849634861,3.26080884348,0.055331277320000004,0.008186031129999983,0.05794525398200001,-0.0059664949929999975,0.05406085366938712,-0.005335477335063551,0.9892322812462457,0.1463527798617367,-1,-1,instant_velocity,dbscan_kmeans_fallback,False
1300,231,7.93727067931,9.36811311815,-0.03420058031399993,-0.009689587869000071,-0.028029743299799997,-0.014529608607000028,-0.028219207643126784,-0.014364776185845632,-0.9621307095798303,-0.27258748145045214,-1,-1,instant_velocity,dbscan_kmeans_fallback,False
1300,232,10.0250845668,8.81442238282,-0.03508453376999991,0.013913866324000069,-0.039201231318000004,0.01759877363100001,-0.03689429383721167,0.018218551051787005,-0.9295682693646782,0.3686492949788528,2,2,instant_velocity,dbscan_kmeans_fallback,False
1300,233,11.4072089417,8.11443319026,-0.036199998859999916,0.019092783976999962,-0.03590955700399998,0.022395835605199997,-0.03323056602619194,0.021867493879364083,-0.8845133142502387,0.4665144244637175,2,2,instant_velocity,dbscan_kmeans_fallback,False
1300,311,9.89480666393,12.0890734947,-0.02512953408699996,0.010381701289999868,-0.016879301791400004,0.005913989837999978,-0.01952462963166826,0.007144118617075437,-0.9242336875916982,0.3818263416071779,-1,-1,instant_velocity,dbscan_kmeans_fallback,False
1300,313,12.4704786755,11.5377693573,-0.013238255399999944,0.021192990209999964,-0.018668255223999994,0.01338881476200001,-0.016756438911111775,0.016283150661937286,-0.5297868052158529,0.8481303795005176,4,4,instant_velocity,dbscan_kmeans_fallback,False
1300,340,13.2142623729,11.7687920435,0.000420930209999959,-0.0004057216599999691,0.0004251395200000019,-0.00041049485400002084,0.0004231852166022256,-0.00041221845859979025,0.719981812369535,-0.6939682853468333,8,8,instant_velocity,dbscan_kmeans_fallback,False
1300,341,14.3501425696,6.78199552846,0.0003998837099999264,-0.038853815392999994,0.008107116021999978,-0.0381044236222,0.007556120410119766,-0.035932961461426126,0.01029145853011427,-0.9999467841634473,-1,-1,instant_velocity,dbscan_kmeans_fallback,False
1300,343,13.5960460818,11.4127116223,0.0,-0.010906752850000067,-0.0006861162579999913,-0.011164505429999992,-0.0005829800808526312,-0.011437007574322474,0.0,-0.9999990831376699,8,8,instant_velocity,dbscan_kmeans_fallback,False
1300,344,12.4565879783,12.5637678363,-0.031064650180000087,-0.0056801032299999225,-0.025205301527999994,-0.0010835154919999824,-0.025026115836822647,-0.00023186783118112693,-0.9836908510807602,-0.1798657170825795,-1,-1,instant_velocity,dbscan_kmeans_fallback,False
1300,376,14.0169763011,10.863794083,-0.0021888371400001104,-0.01725510350999997,-0.003704185928000001,-0.011980721943999982,-0.0029674697028025197,-0.012151235557782726,-0.12584305685490124,-0.9920495830247209,8,8,instant_velocity,dbscan_kmeans_fallback,False
1310,45,2.56241270969,6.09393932588,-0.00526162774100003,-0.0018854124179999766,-0.007993464863600001,-0.002615711404999992,-0.008614793509841037,-0.0019451300486468099,-0.9413849685743899,-0.3373288642292534,0,0,instant_velocity,dbscan_kmeans_fallback,False
1310,46,2.74530688996,6.73020635192,-0.0066927904859999995,0.0,-0.006869581177999997,-2.3865980000010724e-05,-0.008371874040826193,-0.0001597505755399384,-0.9999985058571489,0.0,0,0,instant_velocity,dbscan_kmeans_fallback,False
1310,47,2.72973247184,7.13664399083,-0.0041461626600000304,-0.0007159793990000552,-0.010047604333600003,-0.001484463954200006,-0.008315852926353394,-0.0012366671678307305,-0.9854130197972317,-0.1701658809693796,0,0,instant_velocity,dbscan_kmeans_fallback,False
1310,50,8.52509973049,4.70589393075,0.04642860318299995,-0.021049794335000004,0.0421645800624,-0.0278086398626,0.03930255343344403,-0.02663637402862768,0.9107657800468888,-0.4129228760507396,-1,-1,instant_velocity,dbscan_kmeans_fallback,False
1310,51,7.41826371897,0.164913921602,-0.0063349998000000515,-0.008376958969900001,-0.009327813658600003,-0.0074127733791,-0.009530085890694609,-0.0073860016414799825,-0.6031804893444608,-0.7976035312081166,1,1,instant_velocity,dbscan_kmeans_fallback,False
1310,52,5.37464750451,8.08770329269,-0.04421871953199998,-0.0026729897570000106,-0.04670220782579999,9.546391979998958e-05,-0.04557276212153051,0.00019338569358096482,-0.9981777089613226,-0.060339123790966,2,2,instant_velocity,dbscan_kmeans_fallback,False
1310,53,5.14503006991,7.34236873818,-0.045334184612999984,0.002744587695999989,-0.04511530089920001,0.006515412532000013,-0.046519732261470034,0.004229633580333947,-0.9981721818349172,0.06043058041388001,2,2,instant_velocity,dbscan_kmeans_fallback,False
1310,54,7.25809977055,8.52182546837,-0.04809127754899993,0.015345825122,-0.04209302192500001,0.017045082895600014,-0.04335010554026925,0.015830382191441603,-0.9526731074950314,0.30399597704917025,-1,-1,instant_velocity,dbscan_kmeans_fallback,False
1310,55,9.61383574258,7.03282697796,-0.03405325473800005,0.0007159794000000553,-0.03103939436840001,-0.00043436083539999615,-0.03115135615731293,0.0006734717217186828,-0.9997787484141516,0.021020633532088943,3,3,instant_velocity,dbscan_kmeans_fallback,False
1310,56,9.73337992485,7.58436977509,-0.029612440924999994,0.00023865979900001834,-0.03206646410299999,0.0013985464261999957,-0.031204467438463737,0.0015853365102801377,-0.9999671865922413,0.008059179193068098,3,3,instant_velocity,dbscan_kmeans_fallback,False
1310,57,11.8140379986,7.06838728811,-0.038599301110000005,-0.006945000171999993,-0.031801278064000016,-0.006739752744,-0.03269030770664716,-0.006523494982964489,-0.9841958471358454,-0.17708197120360047,3,3,instant_velocity,dbscan_kmeans_fallback,False
1310,87,12.3284147265,13.2764059983,0.00044197672999999325,0.018877990160000024,0.0005514185859999899,0.019928093275999998,-0.0006446918594661939,0.019589211522060064,0.023405850445068904,0.9997255158398266,4,4,instant_velocity,dbscan_kmeans_fallback,False
1310,89,15.044046036,9.26000022888,0.03878871969999995,0.022481753132999847,0.03449944076999998,0.012233701333199995,0.03240509089056544,0.012813720015689659,0.8651829807049718,0.5014558443155361,-1,-1,instant_velocity,dbscan_kmeans_fallback,False
1310,90,14.4153867536,9.51727549297,0.028854766529999944,0.0026491237770001064,0.024767534102000006,0.006415175416200007,0.024893635328131658,0.005157768375202965,0.9958116776053282,0.09142435409470091,-1,-1,instant_velocity,dbscan_kmeans_fallback,False
1310,92,14.2289146665,8.2461733997,0.051521858839999976,-0.003293505235999916,0.042438184706000005,-0.008940196097200008,0.04389441263548159,-0.005898224294685416,0.9979628811430791,-0.06379420402096452,-1,-1,instant_velocity,dbscan_kmeans_fallback,False
1310,93,12.5687658817,11.0835997585,-0.006229767250000151,0.027398145010000086,0.0018352557559999738,0.032161794609599996,0.002010959214942533,0.028725108248775378,-0.22171971153744466,0.9751100746626048,4,4,instant_velocity,dbscan_kmeans_fallback,False
1310,94,13.6486623592,2.62358717825,0.04880685891999992,-0.009474794048999957,0.047565114776,-0.009727773436399998,0.04734025502055716,-0.010223806881675552,0.9816732885075019,-0.1905705967937572,-1,-1,instant_velocity,dbscan_kmeans_fallback,False
1310,95,13.2390972559,3.47202276623,0.048491161260000124,0.008305361029999991,0.04402930093400002,-0.0043340619628,0.04465821399353162,-0.003740559673327366,0.9856471249298114,0.16881747122596272,-1,-1,instant_velocity,dbscan_kmeans_fallback,False
1310,96,6.76645327446,6.19083520457,0.032348487349,0.029044897624999955,0.0391970220166,0.015956794208999998,0.03724205859605571,0.01527060849815593,0.7440796839029101,0.668090535753303,-1,-1,instant_velocity,dbscan_kmeans_fallback,False
1310,97,2.73394177404,5.37557332875,0.045839300876999986,-0.016706185980000045,0.0409607196354,-0.008620391965599996,0.0364360664987128,-0.009731496839338197,0.9395471235416134,-0.34241903088744347,-1,-1,instant_velocity,dbscan_kmeans_fallback,False
1310,98,1.71571157367,7.79271978024,0.02512953408999998,0.004630000113999966,0.027579347965379995,0.009317278580799986,0.02245810739829487,0.006822538339149498,0.983446699341192,0.18119549346816452,0,0,instant_velocity,dbscan_kmeans_fallback,False
1310,99,1.3774941425,7.10967543346,0.012333255424000012,0.0041288145349999365,0.012333255424000012,0.0041288145349999365,0.01711644545890293,0.004815906551918983,0.9482728248646146,0.3174541098717187,0,0,instant_velocity,dbscan_kmeans_fallback,False
1310,100,0.701690675492,5.51232539398,0.024329766672800002,-0.011193144606999984,0.024329766672800002,-0.011193144606999984,0.007298930001840002,-0.0033579433820999957,0.9084695288624268,-0.4179501983871688,-1,-1,instant_velocity,dbscan_kmeans_fallback,False
1310,101,0.407460452235,3.78824700085,0.03634732443233,0.002887783576000036,0.03634732443233,0.002887783576000036,0.010904197329699002,0.0008663350728000109,0.9968584636984695,0.07920009365268518,-1,-1,instant_velocity,dbscan_kmeans_fallback,False
1310,222,12.9061414525,11.4332363651,-0.0011575581000000668,-0.0003579896999999832,-0.0011533487999999892,-0.00036276289599999954,-0.0011552530778612701,-0.00036457761073902217,-0.9553484034175597,-0.29545375591505546,5,5,instant_velocity,dbscan_kmeans_fallback,False
1310,225,5.64656842614,8.80654660943,-0.05486825407999998,0.0,-0.05953637021100001,0.0093315981688,-0.05680890805007589,0.007023658328881123,-0.9999998177452819,0.0,2,2,instant_velocity,dbscan_kmeans_fallback,False
1310,228,8.41965671057,0.0186154643776,0.0056825579600001674,-0.00193314437768,0.01763697618660002,0.000668247439196,0.014164981326998203,-0.0030050159980183067,0.9467165878839516,-0.3220626805756682,1,1,instant_velocity,dbscan_kmeans_fallback,False
1310,229,13.5223832934,5.62759807724,0.03683139418000003,-0.04295876394900002,0.04148267310600001,-0.01459643335059999,0.037224250985452075,-0.01843695885962011,0.6508890171133341,-0.7591726641277072,-1,-1,instant_velocity,dbscan_kmeans_fallback,False
1310,231,7.59526487617,9.27121723947,-0.034200580314000015,-0.009689587867999982,-0.029936557192999994,-0.012185969373400028,-0.030013619444388753,-0.012962219690491937,-0.9621307095872091,-0.27258748142440753,-1,-1,instant_velocity,dbscan_kmeans_fallback,False
1310,232,9.72917062266,8.93375228267,-0.02959139441400005,0.011932989984999942,-0.0365409523328,0.015393557081400005,-0.03470342401024819,0.016332882731750886,-0.9274305704994404,0.3739945321507615,6,6,instant_velocity,dbscan_kmeans_fallback,False
1310,233,10.9774391878,8.31323680342,-0.04297697539000005,0.019880361316000083,-0.037378603470000014,0.021231175782600004,-0.03615448883533437,0.021271354110354884,-0.9075986037011213,0.41983848346093305,6,6,instant_velocity,dbscan_kmeans_fallback,False
1310,311,9.71443806499,12.2186657659,-0.018036859893999946,0.012959227120000172,-0.019160743580199976,0.008329227010000011,-0.01907829871036777,0.008888651167952857,-0.8121166911685229,0.5834942839633036,-1,-1,instant_velocity,dbscan_kmeans_fallback,False
1310,313,12.4174414679,11.7487446203,-0.005303720760000097,0.021097526299999992,-0.015136650684000018,0.01616204163599999,-0.01332062346577827,0.0177274633533561,-0.24380465319247852,0.9698238869556546,4,4,instant_velocity,dbscan_kmeans_fallback,False
1310,340,13.2199449309,11.7317997745,0.0005682558000000171,-0.0036992268999998857,0.00045460463600001334,-0.0010691959020000042,0.0004667063916215631,-0.001398320991019819,0.15183333803681742,-0.9884034063225644,5,5,instant_velocity,dbscan_kmeans_fallback,False
1310,341,14.4086518701,6.39751459112,0.00585093005000008,-0.03844809373400002,0.005270046346000008,-0.039221351484799986,0.00704456330208386,-0.0366875011431983,0.15044530519778052,-0.9886180738196361,-1,-1,instant_velocity,dbscan_kmeans_fallback,False
1310,343,13.5914158494,11.2621172887,-0.0004630232400000267,-0.015059433359999907,-0.00046723254399999803,-0.011880484829999993,-0.0005469930285968499,-0.012523735310025704,-0.030731848899943626,-0.9995270011463372,5,5,instant_velocity,dbscan_kmeans_fallback,False
1310,344,12.1246845004,12.5339353614,-0.03319034778999992,-0.002983247490000096,-0.02543681314999997,-0.0035464846220000013,-0.02747538542277583,-0.0010572817288268177,-0.9959845381558242,-0.08952206202634294,-1,-1,instant_velocity,dbscan_kmeans_fallback,False
1310,376,14.0169763011,10.6728662432,0.0,-0.01909278398000005,-0.003144348737999998,-0.014367319942000023,-0.0020772287919617635,-0.014233700084447923,0.0,-0.9999994762421879,5,5,instant_velocity,dbscan_kmeans_fallback,False
1320,45,2.50979643228,6.07508520171,-0.005261627740999986,-0.0018854124169999764,-0.007050581172600001,-0.0023627320169999954,-0.007608843779188721,-0.0019272147591527598,-0.9413849686312048,-0.3373288640706997,0,0,instant_velocity,dbscan_kmeans_fallback,False
1320,46,2.6785894502,6.73020635192,-0.006671743976000011,0.0,-0.006680162579599997,0.0,-0.007861835021378338,-0.00011182540287795686,-0.9999985011437718,0.0,0,0,instant_velocity,dbscan_kmeans_fallback,False
1320,47,2.68827084525,7.12948419684,-0.004146162658999986,-0.0007159793989999664,-0.006768557925400005,-0.001059649510800007,-0.007064945846147371,-0.0010804608371815013,-0.9854130197903525,-0.17016588100921415,0,0,instant_velocity,dbscan_kmeans_fallback,False
1320,50,8.98938576233,4.4951573276,0.046428603184000036,-0.021073660315,0.04474909160860001,-0.027073567679599987,0.04144036835861083,-0.024967559914539375,0.91058966509462,-0.41331110506392743,-1,-1,instant_velocity,dbscan_kmeans_fallback,False
1320,51,7.35912302317,0.0828149505006,-0.0059140695799999145,-0.008209897110139999,-0.008561720659399991,-0.009322051776808,-0.0084452809974862,-0.007633170282077988,-0.5844957325091308,-0.8113955644762543,1,1,instant_velocity,dbscan_kmeans_fallback,False
1320,52,4.96697658716,8.04283525034,-0.04076709173500008,-0.004486804235000008,-0.046066603194800014,-0.0012219381746000125,-0.04413106100557138,-0.001210671284993327,-0.993997687890568,-0.10939885201030045,2,2,instant_velocity,dbscan_kmeans_fallback,False
1320,53,4.7710335701,7.34427801658,-0.03739964998099996,0.00019092783999994368,-0.043469463741999996,0.004735010426199988,-0.043783707577329016,0.0030180218582337454,-0.9999867020084947,0.0051050023500258555,2,2,instant_velocity,dbscan_kmeans_fallback,False
1320,54,6.784763739,8.64592856422,-0.047333603155000056,0.012410309584999979,-0.044340789295800015,0.015780185956999995,-0.044545154824688495,0.014804360409509115,-0.9673048074726791,0.25361585266357767,-1,-1,instant_velocity,dbscan_kmeans_fallback,False
1320,55,9.27351366032,7.03974811215,-0.03403220822599984,0.0006921134189999733,-0.032150650145599965,-1.4319587999995775e-05,-0.032015611777919006,0.0006790642309030699,-0.9997929733839693,0.02033280145989113,3,3,instant_velocity,dbscan_kmeans_fallback,False
1320,56,9.49534388587,7.57172080571,-0.02380360389800007,-0.0012648969379999819,-0.030757371120600004,0.0005298247554000035,-0.028984208376324636,0.0007302664757961017,-0.9985906936495639,-0.05306399468438204,3,3,instant_velocity,dbscan_kmeans_fallback,False
1320,57,11.4072089417,6.97984450242,-0.04068290568999995,-0.008854278569000052,-0.03640204535999999,-0.0059187630328000115,-0.035088087101652995,-0.0072227300587751585,-0.9771254035928036,-0.21266279715079264,-1,-1,instant_velocity,dbscan_kmeans_fallback,False
1320,58,14.6717332571,0.796885071243,0.0,0.0,0.0,0.0,0.0,0.0,0.0,0.0,-1,-1,instant_velocity,dbscan_kmeans_fallback,False
1320,87,12.3328344938,13.4654245596,0.00044197672999999325,0.018901856130000106,0.0004630232399999912,0.019130969544000002,-0.0003186912826263377,0.01938300490444208,0.023376313790979295,0.9997262075920486,4,4,instant_velocity,dbscan_kmeans_fallback,False
1320,89,15.4369843957,9.4986600286,0.039293835970000045,0.023865979972000063,0.03622104536599999,0.015298093161799997,0.03447171441439582,0.01612939800258278,0.8547003949449414,0.519121180314137,-1,-1,instant_velocity,dbscan_kmeans_fallback,False
1320,90,14.7037239538,9.54376673074,0.028833720020000085,0.0026491237769999286,0.025967185226000035,0.005307793945599997,0.026075660735692185,0.0044051749957420535,0.995805599713021,0.09149052878503429,-1,-1,instant_velocity,dbscan_kmeans_fallback,False
1320,92,14.7441332548,8.21323834734,0.051521858829999975,-0.003293505235999916,0.04523737066199999,-0.007899639370399995,0.046182646493837104,-0.005116808577079766,0.9979628811422908,-0.0637942040332961,-1,-1,instant_velocity,dbscan_kmeans_fallback,False
1320,93,12.4978391398,11.3277487336,-0.007092674189999926,0.024414897509999988,-0.0013259301900000154,0.029799062592200016,-0.0007201308065402049,0.027432045027142762,-0.27897252557098795,0.9602986740212289,4,4,instant_velocity,dbscan_kmeans_fallback,False
1320,94,14.1748251333,2.53838562975,0.05261627741000012,-0.008520154850000017,0.048617440324000005,-0.009493886832599996,0.04892306173739004,-0.00971271127217289,0.9871414757730629,-0.15984783885234607,-1,-1,instant_velocity,dbscan_kmeans_fallback,False
1320,95,13.7242193336,3.55507637653,0.04851220776999998,0.008305361030000036,0.04624760319,0.0010405567268000039,0.04581441212647212,-0.00012678346232914512,0.9856593092783292,0.1687463175238003,-1,-1,instant_velocity,dbscan_kmeans_fallback,False
1320,96,7.0821509389,6.4932171708,0.031569766444,0.030238196623000046,0.036473603498199995,0.022424474781000008,0.035540370950439,0.019760884935609166,0.7221727136021637,0.6917124505309097,-1,-1,instant_velocity,dbscan_kmeans_fallback,False
1320,97,3.25631617613,5.18631610757,0.05223744020900001,-0.01892572211800001,0.04267811493,-0.012582144641,0.04117647861179896,-0.012489764422936742,0.9401955664147579,-0.34063460911079674,-1,-1,instant_velocity,dbscan_kmeans_fallback,False
1320,98,1.96679644945,7.83878112159,0.025108487578000015,0.004606134135000062,0.026914278218900006,0.008047608446400005,0.023253221452206412,0.006157617077904667,0.983585936627122,0.18043813843147727,0,0,instant_velocity,dbscan_kmeans_fallback,False
1320,99,1.50082669674,7.15072491901,0.01233325542399999,0.004104948555000032,0.022566069054059997,0.006343577476199993,0.01568148844843205,0.0046026191528432975,0.9488241033299258,0.3158026002067646,0,0,instant_velocity,dbscan_kmeans_fallback,False
1320,100,0.945198807328,5.40039394792,0.024350813183599995,-0.011193144606000072,0.024350813183599995,-0.011193144606000072,0.012414494956368,-0.0057085037492700195,0.9086066605476774,-0.41765199645712314,-1,-1,instant_velocity,dbscan_kmeans_fallback,False
1320,101,0.771144161668,3.81712483662,0.036368370943300005,0.0028877835769999917,0.036368370943300005,0.0028877835769999917,0.018543449413779303,0.0014727696240600051,0.9968620814329406,0.07915454755408585,-1,-1,instant_velocity,dbscan_kmeans_fallback,False
1320,222,12.8886728484,11.3833564669,-0.0017468604099999396,-0.004987989820000038,-0.0012712092619999993,-0.001288762919999975,-0.001332735277502871,-0.0017516012735173273,-0.3305291413971437,-0.9437937817265907,5,5,instant_velocity,dbscan_kmeans_fallback,False
1320,225,5.09767542024,8.80654660943,-0.05488930059000001,0.0,-0.05920383533759999,0.006954546563800008,-0.05623302581205313,0.004916560830216786,-0.9999998178151649,0.0,2,2,instant_velocity,dbscan_kmeans_fallback,False
1320,228,8.47669275528,-0.00071597939914,0.0057036044709999345,-0.0019331443776740003,0.013920162350599998,0.0008305361030032,0.011626568270198723,-0.0026834545119150143,0.9470784858650109,-0.32099691685755605,1,1,instant_velocity,dbscan_kmeans_fallback,False
1320,229,13.8669146779,5.22664961372,0.034453138449999976,-0.04009484635199998,0.03895288249,-0.023068856240399994,0.03639291722481644,-0.024934325107334072,0.651729949735189,-0.7584508515980811,-1,-1,instant_velocity,dbscan_kmeans_fallback,False
1320,231,7.25304860791,9.17432136078,-0.03422162682599996,-0.009689587868999894,-0.0314098129606,-0.011326794094399979,-0.03127602165887212,-0.011980430144044324,-0.9621746661028132,-0.27243228441278,2,2,instant_velocity,dbscan_kmeans_fallback,False
1320,232,9.65192992743,8.97360846923,-0.007724069522999954,0.003985618655999978,-0.029940766495399986,0.01249622711299999,-0.026609617664073718,0.012628703509025613,-0.8886664206493654,0.4585517329374323,-1,-1,instant_velocity,dbscan_kmeans_fallback,False
1320,233,10.5478798991,8.51227907638,-0.042955928870000014,0.01990422729599999,-0.03884764993400001,0.02007128915600001,-0.03819492084573406,0.020861216066048415,-0.9073279704158623,0.4204230389204402,-1,-1,instant_velocity,dbscan_kmeans_fallback,False
1320,311,9.53406946604,12.3482580372,-0.018036859895000035,0.012959227129999995,-0.021442185369200003,0.010744464184000008,-0.018765867065757447,0.010109823956567,-0.8121166909704977,0.5834942842389182,-1,-1,instant_velocity,dbscan_kmeans_fallback,False
1320,313,12.4174414679,11.958765244,0.0,0.02100206237000002,-0.010443278740000004,0.01907369119200002,-0.009324436426044788,0.018709843058349274,0.0,0.9999995238565116,4,4,instant_velocity,dbscan_kmeans_fallback,False
1320,340,13.2292053957,11.6174817305,0.0009260464799998758,-0.011431804400000089,0.0005514185859999899,-0.003274412451999993,0.0006045084181350569,-0.0044083660137139,0.08074160105992183,-0.9967341922837285,5,5,instant_velocity,dbscan_kmeans_fallback,False
1320,341,14.5347204707,6.03809293275,0.012606860060000002,-0.03594216583700005,0.004731255664000003,-0.03838126899000001,0.008713252329458703,-0.03646390055133883,0.3309841558846248,-0.9436360333664764,-1,-1,instant_velocity,dbscan_kmeans_fallback,False
1320,343,13.5758414313,11.0146270764,-0.0015574418099999932,-0.024749021230000067,-0.00046723254399999803,-0.01452960860600001,-0.000850127663017793,-0.016191321086018014,-0.06280517014753101,-0.9980254025253233,5,5,instant_velocity,dbscan_kmeans_fallback,False
1320,344,11.7612112561,12.5449137121,-0.03634732443000015,0.0010978350700000306,-0.02875374327600003,-0.0029784743020000093,-0.030136967124943126,-0.000410746689178763,-0.9995438957782534,0.030190237108184796,-1,-1,instant_velocity,dbscan_kmeans_fallback,False
1320,376,14.022658859,10.4850409808,0.0005682557900000163,-0.018782526240000052,-0.0024666510860000203,-0.01669186639200003,-0.0012835834173732293,-0.015598347931113562,0.030240638925437616,-0.99954211488348,5,5,instant_velocity,dbscan_kmeans_fallback,False
1330,45,2.45718015488,6.05623107753,-0.005261627739999985,-0.0018854124180000653,-0.0061076974812000005,-0.002109752629399999,-0.0069046789674321,-0.0019146740568069514,-0.9413849685540248,-0.33732886428608577,0,0,instant_velocity,dbscan_kmeans_fallback,False
1330,46,2.58977317394,6.69870325836,-0.008881627626000022,-0.0031503093559999583,-0.0071221393097999994,-0.0006300618711999917,-0.008167772802764843,-0.0010233705888145575,-0.9424680710770584,-0.3342930042860236,0,0,instant_velocity,dbscan_kmeans_fallback,False
1330,47,2.64680921865,7.12208574305,-0.004146162659999985,-0.0007398453789999593,-0.0041461626595999945,-0.000725525791199999,-0.006189310890303155,-0.0009782761997270387,-0.9844474516211412,-0.17566578006618533,0,0,instant_velocity,dbscan_kmeans_fallback,False
1330,50,9.45367179416,4.28465938426,0.04642860318299995,-0.021049794334000005,0.04559516134919999,-0.025250206809599992,0.042936838805927566,-0.023792230240377563,0.9107657800542661,-0.4129228760344678,-1,-1,instant_velocity,dbscan_kmeans_fallback,False
1330,51,7.29977186225,0.00071597939914,-0.005935116092000037,-0.008209897110146,-0.0077114416168000055,-0.008964062077237201,-0.007692231525840351,-0.007806188330498391,-0.585862672084195,-0.8104091283015827,1,1,instant_velocity,dbscan_kmeans_fallback,False
1330,52,4.55909520471,7.9982058678,-0.04078813824499994,-0.004462938253999927,-0.044896417185199995,-0.002324546449199989,-0.04312818417739995,-0.002186351375695307,-0.9940668767426286,-0.10876836458189547,2,2,instant_velocity,dbscan_kmeans_fallback,False
1330,53,4.43113241806,7.33520894419,-0.03399011520400004,-0.0009069072389999988,-0.041364812645800005,0.002534567072799998,-0.04084562986533032,0.0018405431290636218,-0.9996439447398433,-0.02667199932880456,2,2,instant_velocity,dbscan_kmeans_fallback,False
1330,54,6.31458468409,8.75714403089,-0.047017905491,0.011121546667000003,-0.046529626436200025,0.014252763239000004,-0.04528698002458195,0.013699516286756381,-0.9731462962127894,0.23018660304254565,-1,-1,instant_velocity,dbscan_kmeans_fallback,False
1330,55,9.05462994631,7.03521357595,-0.02188837140100013,-0.00045345361999995506,-0.03083313855980002,0.00017660825180000118,-0.02897743966484334,0.00033930887563216234,-0.9997850226909338,-0.020712191394021497,3,3,instant_velocity,dbscan_kmeans_fallback,False
1330,56,9.25709738177,7.55931049612,-0.023824650409999926,-0.001241030958999989,-0.02882951071659999,3.3412371800007887e-05,-0.02743634098642722,0.0001388772453572744,-0.998645641300542,-0.05201965764854111,3,3,instant_velocity,dbscan_kmeans_fallback,False
1330,57,10.9862787225,6.87889140714,-0.042093021920000064,-0.010095309527999951,-0.03840567320400002,-0.00725525791139999,-0.03718956754715712,-0.008084503899542596,-0.9724238449784908,-0.23321964686031005,-1,-1,instant_velocity,dbscan_kmeans_fallback,False
1330,58,14.2581693167,0.90786187811,-0.04135639403999995,0.011097680686699996,-0.04135639403999995,0.011097680686699996,-0.012406918211999988,0.0033293042060099994,-0.9658305538410532,0.25917344422291005,-1,-1,instant_velocity,dbscan_kmeans_fallback,False
1330,59,15.0122658045,1.35892889957,0.0,0.0,0.0,0.0,0.0,0.0,0.0,0.0,-1,-1,instant_velocity,dbscan_kmeans_fallback,False
1330,90,14.9324995279,9.65378889841,0.02287755740999984,0.01100221676699995,0.02597139452799997,0.00587103107299999,0.025116229737984483,0.0063842875271194225,0.9011998978460325,0.43340276449995063,-1,-1,instant_velocity,dbscan_kmeans_fallback,False
1330,93,12.4212298399,11.5518502855,-0.007660929989999943,0.022410155190000048,-0.0045965579940000015,0.027040155305999996,-0.0028023705615781262,0.025925478075999948,-0.32347199842559565,0.9462372967511096,4,4,instant_velocity,dbscan_kmeans_fallback,False
1330,94,14.7009879073,2.45318408125,0.052616277399999946,-0.008520154850000017,0.04967818447599999,-0.009250453837000006,0.05003102643617301,-0.009354944345521029,0.987141475768269,-0.15984783888195025,-1,-1,instant_velocity,dbscan_kmeans_fallback,False
1330,95,14.0660146716,3.61712792446,0.0341795337999999,0.0062051547929999895,0.04423555674199999,0.003245773276200001,0.04232394862853045,0.0017727980142695954,0.9839167406911837,0.17862606655602906,-1,-1,instant_velocity,dbscan_kmeans_fallback,False
1330,96,7.39784860334,6.79536047724,0.031569766444,0.030214330643999966,0.03481092913219999,0.025216794437800002,0.0343491895985073,0.022896918648126405,0.7224454796452091,0.6914275603838703,-1,-1,instant_velocity,dbscan_kmeans_fallback,False
1330,97,3.77890104333,4.9970588864,0.05225848672,-0.01892572211700001,0.04454704510339999,-0.016257505556400015,0.044501081044259275,-0.014420551731155723,0.9402394965768848,-0.3405133319490447,-1,-1,instant_velocity,dbscan_kmeans_fallback,False
1330,98,2.2128301626,7.88364916393,0.02460337131499999,0.004486804234000008,0.026143975917619997,0.006749299135800016,0.023658266411044487,0.0056563732247332695,0.983774626849654,0.1794064766384154,0,0,instant_velocity,dbscan_kmeans_fallback,False
1330,99,1.63173599493,7.19774089956,0.013090929819000018,0.004701598055000034,0.019190208695720003,0.005689649625200009,0.01490432085960244,0.004632312823490319,0.9411416316702362,0.3380103419787751,0,0,instant_velocity,dbscan_kmeans_fallback,False
1330,100,1.20533368283,5.30898724463,0.02601348755020001,-0.009140670328999966,0.02601348755020001,-0.009140670328999966,0.016494192734517604,-0.006738153723189004,0.9434507648014377,-0.33151158206107284,-1,-1,instant_velocity,dbscan_kmeans_fallback,False
1330,101,1.13461740599,3.84600267238,0.0363473244322,0.0028877835759999913,0.0363473244322,0.0028877835759999913,0.023884611919305514,0.0018972738096420011,0.9968584636984471,0.07920009365296546,-1,-1,instant_velocity,dbscan_kmeans_fallback,False
1330,222,12.8672054072,11.3024507948,-0.0021467441200000437,-0.00809056721000001,-0.0014732557660000012,-0.0028352784219999806,-0.0015769379302520228,-0.003653291054462132,-0.256464204314255,-0.9665524934399785,5,5,instant_velocity,dbscan_kmeans_fallback,False
1330,225,4.61234287744,8.80654660943,-0.048533254280000014,0.0,-0.0561310447372,0.004057216595200011,-0.053923094352437195,0.0034415925811517502,-0.9999997939557508,0.0,2,2,instant_velocity,dbscan_kmeans_fallback,False
1330,228,8.53351833488,-0.0200474231759,0.00568255795999999,-0.001933144377676,0.010569557805400009,-0.00010978350786800002,0.009843365177139103,-0.00245836147164331,0.9467165878841519,-0.32206268057508003,1,1,instant_velocity,dbscan_kmeans_fallback,False
1330,229,14.1754565286,4.86865991415,0.03085418506999993,-0.03579896995700001,0.03613685932199999,-0.03001862960799999,0.034731297578371484,-0.028193718562233856,0.6528545598670962,-0.757483003422352,6,6,instant_velocity,dbscan_kmeans_fallback,False
1330,231,6.90578117703,9.17288940199,-0.034726743088000056,-0.00014319587900004648,-0.03298409198060002,-0.008558340417600015,-0.032311238087610494,-0.00842925986453104,-0.999991210506491,-0.004123468187555972,2,2,instant_velocity,dbscan_kmeans_fallback,False
1330,232,9.57468923219,9.01346465578,-0.007724069524000043,0.003985618655000067,-0.023450022514199986,0.009823237356199997,-0.020943953222051614,0.010035778052817948,-0.8886664207204389,0.45855173279969297,-1,-1,instant_velocity,dbscan_kmeans_fallback,False
1330,233,10.1549415394,8.60965227466,-0.039293835970000045,0.009737319827999968,-0.039525347588000026,0.01754149527880001,-0.03852459538301385,0.01752404719463388,-0.9706408568936807,0.2405323946716141,-1,-1,instant_velocity,dbscan_kmeans_fallback,False
1330,311,9.35370086709,12.4778503084,-0.018036859895000035,0.012959227119999995,-0.021025464452199997,0.011870938438000031,-0.018547164914530224,0.010964644905596899,-0.8121166911838575,0.5834942839419603,-1,-1,instant_velocity,dbscan_kmeans_fallback,False
1330,313,12.4174414679,12.1687858678,0.0,0.02100206238000002,-0.006360255614000003,0.021102299490000007,-0.006527105498231351,0.019397508854844498,0.0,0.9999995238565118,4,4,instant_velocity,dbscan_kmeans_fallback,False
1330,340,13.2382553954,11.5034023462,0.00090499997000002,-0.011407938430000009,0.0006482325360000019,-0.005474855806000001,0.0006946558836945459,-0.0065082377385997335,0.07908219454226419,-0.9968672222689828,5,5,instant_velocity,dbscan_kmeans_fallback,False
1330,341,14.7283483716,5.70396921315,0.019362790089999925,-0.03341237196,0.007261046281999981,-0.0371450112274,0.01190811365762107,-0.03554844197393718,0.5014004259440976,-0.8652150570593047,6,6,instant_velocity,dbscan_kmeans_fallback,False
1330,343,13.5602670132,10.7671368641,-0.0015574418099999932,-0.024749021230000067,-0.0007155813720000026,-0.017274196302,-0.001062321907112453,-0.01875863112921263,-0.06280517014753101,-0.9980254025253233,5,5,instant_velocity,dbscan_kmeans_fallback,False
1330,344,11.3990008024,12.5659157745,-0.03622104536999995,0.002100206240000091,-0.03231481293200002,-0.0019617835540000073,-0.03196219059846017,0.0003425391895748932,-0.9983229353939541,0.05788579642116477,-1,-1,instant_velocity,dbscan_kmeans_fallback,False
1330,376,14.0786425782,10.3260935542,0.005598371920000034,-0.015894742659999926,-0.00030306975799998526,-0.017111907640000014,0.00078100318383875,-0.01568726634977947,0.33221105839977844,-0.9432044454221706,5,5,instant_velocity,dbscan_kmeans_fallback,False
1340,45,2.40456387747,6.03737695335,-0.005261627740999986,-0.0018854124179999766,-0.005261627740599994,-0.0018854124177999942,-0.006411763599502466,-0.0019058955651648588,-0.9413849685743891,-0.33732886422925595,0,0,instant_velocity,dbscan_kmeans_fallback,False
1340,46,2.48643480512,6.64595944262,-0.01033383688199998,-0.005274381574000042,-0.007850348588999996,-0.001684938186,-0.008817592026535384,-0.002298673884370203,-0.8906907542841608,-0.4546078050362422,0,0,instant_velocity,dbscan_kmeans_fallback,False
1340,47,2.60534759205,7.11492594906,-0.004146162659999985,-0.0007159793990000552,-0.004146162659799994,-0.000725525790999999,-0.005576366421212204,-0.0008995871595089437,-0.9854130197972314,-0.17016588096938137,0,0,instant_velocity,dbscan_kmeans_fallback,False
1340,50,9.99098921903,4.10828979227,0.053731742487000037,-0.017636959199000036,0.04747251012700002,-0.022467433544999995,0.046175309910249304,-0.021945648927964304,0.9501246507436499,-0.311869835659698,-1,-1,instant_velocity,dbscan_kmeans_fallback,False
1340,51,7.26209860763,-0.0205247427754,-0.0037673254620000486,-0.002124072217454,-0.006427604448000004,-0.007384134203128,-0.00651475970668826,-0.006101553496585073,-0.8710838625910334,-0.49112959585388427,-1,-1,instant_velocity,dbscan_kmeans_fallback,False
1340,52,4.21687893646,7.95596308325,-0.03422162682500005,-0.004224278454999997,-0.04186992890880001,-0.0031694021401999883,-0.040456216971679976,-0.002797729499486714,-0.9924671096995695,-0.1225090043275581,1,1,instant_velocity,dbscan_kmeans_fallback,False
1340,53,4.10070219594,7.325901212,-0.03304302221199995,-0.0009307732189999917,-0.0390202313246,0.0007684845550000041,-0.03850484756933121,0.0010091482246445376,-0.9996032006249111,-0.028157348404724804,1,1,instant_velocity,dbscan_kmeans_fallback,False
1340,54,5.8446160943,8.86859815735,-0.04699685897899997,0.011145412645999997,-0.0475103938468,0.013073783828200014,-0.045799943710907356,0.012933285194529466,-0.9730123590423332,0.23075210741276372,-1,-1,instant_velocity,dbscan_kmeans_fallback,False
1340,55,8.84921599931,7.02948574076,-0.020541394700000028,-0.0005727835190000085,-0.028913696759800017,0.00021479381980000768,-0.026446626175390345,6.568115724251103e-05,-0.9996109715256899,-0.02787350607218025,1,1,instant_velocity,dbscan_kmeans_fallback,False
1340,56,9.01906134278,7.54666152674,-0.02380360389899998,-0.0012648969379999819,-0.026901650312399994,-0.0004630000113999877,-0.02634651986019905,-0.00028225500964990254,-0.998590693649682,-0.05306399468215927,1,1,instant_velocity,dbscan_kmeans_fallback,False
1340,57,10.5653485032,6.77793831186,-0.042093021930000064,-0.01009530952800004,-0.04040930104800001,-0.008591752789800004,-0.03866060386201,-0.00868774558807983,-0.9724238449910557,-0.23321964680791982,-1,-1,instant_velocity,dbscan_kmeans_fallback,False
1340,58,13.8448158414,1.01860002518,-0.04133534752999992,0.011073814707000007,-0.04133534752999992,0.011073814707000007,-0.02108544700739997,0.005652657356307001,-0.9659370400611227,0.258776288078905,2,2,instant_velocity,dbscan_kmeans_fallback,False
1340,59,14.5709204696,1.44341446867,-0.04413453348999994,0.008448556909999993,-0.04413453348999994,0.008448556909999993,-0.013240360046999983,0.002534567072999998,-0.9821662213568216,0.18801347969595972,2,2,instant_velocity,dbscan_kmeans_fallback,False
1340,90,15.1547506837,9.77311879827,0.022225115580000045,0.011932989986000031,0.025845115461999982,0.0066204228442,0.024248895490589152,0.008048898264783605,0.8810390238133754,0.4730427524930888,-1,-1,instant_velocity,dbscan_kmeans_fallback,False
1340,93,12.3448310051,11.7759518375,-0.007639883480000087,0.022410155199999872,-0.006970604430000016,0.024811072777999998,-0.0042536244371047145,0.024870881213199924,-0.3226759802028097,0.9465090422631641,3,3,instant_velocity,dbscan_kmeans_fallback,False
1340,94,15.2271506814,2.36774387296,0.05261627740999995,-0.008544020828999965,0.05076418444199998,-0.008983154861199995,0.05080660172832109,-0.00911166729056471,0.9870707323731984,-0.16028410431578774,-1,-1,instant_velocity,dbscan_kmeans_fallback,False
1340,95,14.3467751278,3.67011039999,0.02807604562000012,0.00529824755299999,0.040851277778,0.004964123834,0.038049577725971354,0.002830432875888714,0.9826556949510782,0.18543755063238967,-1,-1,instant_velocity,dbscan_kmeans_fallback,False
1340,96,7.6310439448,7.0819908967,0.02331953414600001,0.02866304194599998,0.03161606876780001,0.027288361499199994,0.031040292962755112,0.02462675563748848,0.6310946111689603,0.7757055178966029,-1,-1,instant_velocity,dbscan_kmeans_fallback,False
1340,97,4.39345916343,4.85672692417,0.061455812010000034,-0.014033196222999944,0.049598207734200005,-0.016391155044199995,0.0495875003339815,-0.014304345078708989,0.9749060435523176,-0.22261601239492262,-1,-1,instant_velocity,dbscan_kmeans_fallback,False
1340,98,2.4380278299,7.92231205149,0.022519766730000022,0.003866288755999925,0.024961162001600003,0.00533165992559999,0.023316716506731148,0.005119347884113267,0.9855798314407948,0.16920851206525098,4,4,instant_velocity,dbscan_kmeans_fallback,False
1340,99,1.79274180379,7.26790688067,0.016100580885999992,0.007016598110999972,0.01641627855078,0.005503494981399992,0.015263198867521706,0.005347598409743215,0.916728888944254,0.3995084547575844,4,4,instant_velocity,dbscan_kmeans_fallback,False
1340,100,1.50524646404,5.26578982088,0.029991278120999998,-0.004319742374999968,0.029991278120999998,-0.004319742374999968,0.020543318350462324,-0.006012630318732292,0.9897855312881133,-0.14256206369122085,5,5,instant_velocity,dbscan_kmeans_fallback,False
1340,101,1.54060460246,3.87846040514,0.040598719646999994,0.0032457732759999746,0.040598719646999994,0.0032457732759999746,0.02889884423761386,0.002301823649549393,0.9968191785278862,0.07969337651043734,5,5,instant_velocity,dbscan_kmeans_fallback,False
1340,222,12.8459484311,11.2215451227,-0.0021256976100000103,-0.00809056721000001,-0.0016668836679999898,-0.004381793923999986,-0.0017415658341764192,-0.004984473901123496,-0.254112961496116,-0.9671733101851967,6,6,instant_velocity,dbscan_kmeans_fallback,False
1340,225,4.14300568298,8.80654660943,-0.04693371944599996,0.0,-0.05273834717,0.001159886626600013,-0.051826281880506024,0.002409114806806225,-0.9999997869336164,0.0,1,1,instant_velocity,dbscan_kmeans_fallback,False
1340,229,14.4842088444,4.51067021458,0.03087523157999996,-0.03579896995700001,0.034335277984000004,-0.03542188747359999,0.033574477778860023,-0.030475293980663704,0.65310997057363,-0.7572627967049104,7,7,instant_velocity,dbscan_kmeans_fallback,False
1340,231,6.55767188571,9.18195847438,-0.03481092913200001,0.0009069072389999988,-0.03443209193479999,-0.005661010449199999,-0.03306114540092735,-0.005628409733471728,-0.9996605225658929,0.026043526761948353,1,1,instant_velocity,dbscan_kmeans_fallback,False
1340,232,9.50818225755,9.04926362573,-0.006650697463999933,0.0035798969949999205,-0.01735495293899998,0.007479598122999995,-0.01665597649463611,0.00809901373547254,-0.8805388867308602,0.47397111831524047,-1,-1,instant_velocity,dbscan_kmeans_fallback,False
1340,233,9.78662759759,8.63948474963,-0.03683139418099994,0.0029832474970000076,-0.039651626654199995,0.014319587982800001,-0.03801663502240968,0.013161807285343717,-0.9967354928494725,0.08073299233804702,1,1,instant_velocity,dbscan_kmeans_fallback,False
1340,313,12.4174414679,12.3788064915,0.0,0.02100206237000002,-0.003708395232000008,0.021059340726000002,-0.004568973848761946,0.019878874909391154,0.0,0.9999995238565116,3,3,instant_velocity,dbscan_kmeans_fallback,False
1340,340,13.2971856261,11.3220208984,0.00589302306999997,-0.018138144779999976,0.0017426511059999684,-0.009016567233999986,0.0022541660395861735,-0.009997209851019807,0.30899703505231135,-0.9510624499166569,6,6,instant_velocity,dbscan_kmeans_fallback,False
1340,341,14.9219762724,5.36984549355,0.0193627900800001,-0.03341237196,0.011516650798000008,-0.03601376377680001,0.014144516584334778,-0.034907620969756026,0.5014004257502512,-0.8652150571716403,7,7,instant_velocity,dbscan_kmeans_fallback,False
1340,343,13.5644763154,10.5189306724,0.00042093021999995984,-0.024820619169999957,-0.0006313953280000106,-0.020056969568000012,-0.0006173462689787291,-0.02057722754144883,0.016956447782939258,-0.9998558262135837,6,6,instant_velocity,dbscan_kmeans_fallback,False
1340,344,11.0420519765,12.6282059822,-0.03569488259,0.0062290207700000265,-0.03450365007200002,0.000152742272000026,-0.03308199819592212,0.0021084836637024333,-0.9851124827450276,0.17190940747131533,-1,-1,instant_velocity,dbscan_kmeans_fallback,False
1340,376,14.1348367625,10.1669074678,0.005619418430000067,-0.01591860864000001,0.0019194418000000014,-0.017388753006000002,0.0022325277576871454,-0.01575666903684563,0.33287712370953726,-0.9429695836942558,6,6,instant_velocity,dbscan_kmeans_fallback,False
1350,45,2.35194760007,6.01852282917,-0.00526162774000003,-0.0018854124179999766,-0.005261627740600004,-0.0018854124177999942,-0.006066722841651735,-0.001899750621015394,-0.9413849685540308,-0.33732886428606923,0,0,instant_velocity,dbscan_kmeans_fallback,False
1350,46,2.38288597118,6.59345428668,-0.010354883394000014,-0.00525051559399996,-0.008586976472800005,-0.0027350413047999922,-0.009278779436774773,-0.00318422639725913,-0.8918946249368658,-0.45224136846863977,0,0,instant_velocity,dbscan_kmeans_fallback,False
1350,47,2.51526852513,7.08867337109,-0.009007906692,-0.0026252577970000248,-0.005118511466199998,-0.0011026082746000121,-0.006605828502448544,-0.001417288350756268,-0.9600576372018282,-0.2797985018952193,0,0,instant_velocity,dbscan_kmeans_fallback,False
1350,50,10.5773450145,3.95483154105,0.05863557954700003,-0.015345825122,0.0503306263168,-0.01923120666100001,0.04991339080127452,-0.019965701786175013,0.9674169841173671,-0.25318777392518027,-1,-1,instant_velocity,dbscan_kmeans_fallback,False
1350,51,7.23326488761,-0.0159902065808,-0.002883372001999973,0.0004534536194599998,-0.004966976587200005,-0.005293474357636,-0.005425343395281774,-0.004135051361771551,-0.9878552236460244,0.15535509339552833,-1,-1,instant_velocity,dbscan_kmeans_fallback,False
1350,52,3.97273940929,7.91777751529,-0.024413952716999976,-0.003818556796000028,-0.0368819058108,-0.003933113499399994,-0.03564353769527597,-0.003103977688440708,-0.9879876933948641,-0.15452995935190555,0,0,instant_velocity,dbscan_kmeans_fallback,False
1350,53,3.85656266878,7.31635482002,-0.02441395271600002,-0.0009546391979999846,-0.034836184945199994,2.863917599999155e-05,-0.03427757911333185,0.0004200119978511809,-0.9992359756575869,-0.03907232235234621,0,0,instant_velocity,dbscan_kmeans_fallback,False
1350,54,5.4596754088,9.10558733847,-0.03849406855000002,0.023698918112000023,-0.04558674274479999,0.0147444024264,-0.04360818116263515,0.016162975069770633,-0.8515567988339514,0.5242619344606192,-1,-1,instant_velocity,dbscan_kmeans_fallback,False
1350,55,8.64401251743,7.02351924577,-0.02052034818799999,-0.0005966494990000016,-0.02620711545060001,-4.295876379998731e-05,-0.02466874277917324,-0.00013301803963024276,-0.9995770742407702,-0.02906369595163144,1,1,instant_velocity,dbscan_kmeans_fallback,False
1350,56,8.8226973955,7.53090997996,-0.019636394728000005,-0.001575154678000068,-0.024136138771999997,-0.0010214639428000006,-0.024333482320539335,-0.0006701249101549523,-0.9967976278114629,-0.07995920168724956,1,1,instant_velocity,dbscan_kmeans_fallback,False
1350,57,10.1642020043,6.69583934076,-0.04011464988999993,-0.008209897109999975,-0.040716580108,-0.008839958981400003,-0.03909681767040698,-0.008544391044655873,-0.9796924972788662,-0.2005046690960522,-1,-1,instant_velocity,dbscan_kmeans_fallback,False
1350,58,13.4405123658,1.12814487325,-0.04043034756000008,0.010954484806999986,-0.04043034756000008,0.010954484806999986,-0.026888917173180003,0.007243205591514897,-0.965198432616637,0.26151770152725173,2,2,instant_velocity,dbscan_kmeans_fallback,False
1350,59,14.1295751347,1.52813869757,-0.044134533490000113,0.008472422890000008,-0.044134533490000113,0.008472422890000008,-0.02250861207990002,0.004315923818100001,-0.9820680222258097,0.18852574011976864,2,2,instant_velocity,dbscan_kmeans_fallback,False
1350,93,12.256435659,11.9883590592,-0.008839534610000043,0.021240722170000125,-0.00749255790400003,0.023574815016000023,-0.005629397488973314,0.023781833500239984,-0.38421644268433086,0.9232425769305981,3,3,instant_velocity,dbscan_kmeans_fallback,False
1350,95,14.6538437228,3.60758153247,0.03070685949999987,-0.00625288675200002,0.03799316159,0.004372247530799998,0.03584676225817991,0.00010543698752209338,0.97989005378549,-0.19953657376560774,-1,-1,instant_velocity,dbscan_kmeans_fallback,False
1350,96,7.85518928655,7.36695069755,0.02241453417499999,0.02849598008500003,0.028244417711600002,0.029331289384599994,0.028452565326428578,0.025787522971741944,0.6182448384388645,0.7859852212970626,-1,-1,instant_velocity,dbscan_kmeans_fallback,False
1350,97,5.04737425904,4.73739702431,0.06539150956099996,-0.011932989986000031,0.0554365098754,-0.016104763284800008,0.05432870310208704,-0.013592938550896303,0.9837540496871819,-0.17952066411088685,-1,-1,instant_velocity,dbscan_kmeans_fallback,False
1350,98,2.66301503209,7.96121359884,0.02249872021899999,0.0038901547350000064,0.0239719759864,0.004295876394799994,0.0230713176204118,0.004750589939379289,0.9853784292569614,0.17037744925169865,4,4,instant_velocity,dbscan_kmeans_fallback,False
1350,99,1.95353714754,7.33807286179,0.016079534375000003,0.007016598111999972,0.013987511185600003,0.005393711473599989,0.015508099519765194,0.0058482983204202425,0.9165373093154582,0.3999477723757394,4,4,instant_velocity,dbscan_kmeans_fallback,False
1350,100,1.80494878015,5.22235373733,0.029970231610999987,-0.004343608355000051,0.026931115427719997,-0.008038062054400007,0.023371392328623626,-0.00551192372961262,0.9896598197464613,-0.14343214685337372,-1,-1,instant_velocity,dbscan_kmeans_fallback,False
1350,101,2.04572086556,3.91950989069,0.05051162630999999,0.004104948555000032,0.040034673152966,0.003202814512000005,0.0353826788593297,0.002842761121184585,0.9967138753839032,0.08100034549265013,-1,-1,instant_velocity,dbscan_kmeans_fallback,False
1350,222,12.8244809899,11.1406394506,-0.0021467441200000437,-0.00809056721000001,-0.0018647208720000209,-0.0059235362300000104,-0.0018631193199235066,-0.00591630189378645,-0.256464204314255,-0.9665524934399785,5,5,instant_velocity,dbscan_kmeans_fallback,False
1350,225,3.69366267393,8.80797856822,-0.044934300905000016,0.00014319587899986886,-0.05003176586019999,2.8639175799973772e-05,-0.049758687587854226,0.0017293391284643183,-0.9999946996999992,0.0031867663930388954,6,6,instant_velocity,dbscan_kmeans_fallback,False
1350,229,14.6742588384,4.34217639599,0.019004999400000066,-0.016849381859,0.030403789735999994,-0.0343001864148,0.029203634265202037,-0.02638752034416459,0.7482676537343075,-0.6633963603549122,-1,-1,instant_velocity,dbscan_kmeans_fallback,False
1350,231,6.21082538505,9.18840228897,-0.03468465006599999,0.0006443814589999874,-0.03452890588520001,-0.0035942165835999873,-0.03354819680044914,-0.0037465723757302135,-0.999827180034257,0.0185750784797414,6,6,instant_velocity,dbscan_kmeans_fallback,False
1350,232,9.48397876995,9.06954970871,-0.0024203487600001237,0.002028608298000023,-0.010822115937000021,0.005102546517799986,-0.012385288174245314,0.006277892104230784,-0.7664013623303492,0.6423570804819835,-1,-1,instant_velocity,dbscan_kmeans_fallback,False
1350,233,9.44104388758,8.68721670957,-0.03455837100100005,0.0047731959940000126,-0.03932330108240002,0.011455670386200012,-0.03697915581598679,0.010645223897940606,-0.9905955153254737,0.13682087460919676,1,1,instant_velocity,dbscan_kmeans_fallback,False
1350,313,12.4174414679,12.5888271153,0.0,0.02100206238000002,-0.0010607441520000193,0.021021155160000013,-0.0031982816941333618,0.020215831150573814,0.0,0.9999995238565118,3,3,instant_velocity,dbscan_kmeans_fallback,False
1350,340,13.3561158568,11.1406394506,0.005893023070000147,-0.018138144779999976,0.002837069678000006,-0.012563051857999987,0.0033458231487103656,-0.012439490329713858,0.3089970350523198,-0.9510624499166543,5,5,instant_velocity,dbscan_kmeans_fallback,False
1350,343,13.5819449195,10.2702471611,0.0017468604099999396,-0.024868351129999945,-0.0002820232460000227,-0.02284928922399999,9.19157347148716e-05,-0.021864564618014164,0.07007162839246785,-0.9975415603556007,5,5,instant_velocity,dbscan_kmeans_fallback,False
1350,344,10.6853136157,12.69049619,-0.035673836079999965,0.0062290207799998495,-0.035425487251999996,0.0025345670739999803,-0.03385954956114547,0.0033446447985916584,-0.9850953021787577,0.17200782931757302,-1,-1,instant_velocity,dbscan_kmeans_fallback,False
1350,376,14.1880844352,10.0062894226,0.005324767269999952,-0.016061804519999966,0.003422162682000014,-0.017150093208,0.0031601996113809878,-0.01584820968179193,0.31467582164899516,-0.9491985805600437,5,5,instant_velocity,dbscan_kmeans_fallback,False
1360,45,2.29933132266,5.999668705,-0.005261627740999986,-0.0018854124169999764,-0.005261627740599994,-0.0018854124175999942,-0.00582519431145621,-0.0018954491598107688,-0.9413849686312048,-0.3373288640706997,0,0,instant_velocity,dbscan_kmeans_fallback,False
1360,46,2.27954760235,6.54094913075,-0.010333836882999981,-0.005250515593000049,-0.009315185752200002,-0.003785144423400002,-0.009595296670642336,-0.003804113155981406,-0.8915229653902554,-0.4529735938642247,0,0,instant_velocity,dbscan_kmeans_fallback,False
1360,47,2.39277783133,7.04953316394,-0.01224906938000001,-0.003914020714999999,-0.006739092810199993,-0.001742216537800001,-0.008298800765713984,-0.0021663080600293873,-0.9525515724530164,-0.304374681130831,0,0,instant_velocity,dbscan_kmeans_fallback,False
1360,50,11.1637008099,3.80161194964,0.05863557953999994,-0.015321959141000008,0.0527720215882,-0.01808563962220001,0.05253004742289215,-0.01857257899262251,0.96751337041815,-0.25281920032538174,-1,-1,instant_velocity,dbscan_kmeans_fallback,False
1360,51,7.2046416327,-0.0112170105865,-0.0028623254910000286,0.0004773195994300001,-0.004272441725400001,-0.0035226186437700003,-0.004656438023997251,-0.0027513400734110855,-0.9863756922706992,0.1644873903413574,-1,-1,instant_velocity,dbscan_kmeans_fallback,False
1360,52,3.72859988213,7.87959194734,-0.024413952715999977,-0.0038185567950000275,-0.0329209524476,-0.0041622269069999975,-0.03227466220149317,-0.0033183514204085038,-0.9879876934000762,-0.15452995931858216,0,0,instant_velocity,dbscan_kmeans_fallback,False
1360,53,3.61242314161,7.30680842803,-0.02441395271700002,-0.0009546391989999847,-0.030652138566,-0.0007112062030000032,-0.0313184911944323,7.616638795831176e-06,-0.9992359756560514,-0.03907232239161465,0,0,instant_velocity,dbscan_kmeans_fallback,False
1360,54,5.11093472215,9.39651363432,-0.03487406866500002,0.02909262958499994,-0.04294330096800001,0.01749376331899999,-0.04098794741334461,0.020041871424339427,-0.7678863296847117,0.640585782160914,-1,-1,instant_velocity,dbscan_kmeans_fallback,False
1360,55,8.43859857044,7.01779141057,-0.02054139469899994,-0.0005727835200000087,-0.023504743442799986,-0.00030071134780000006,-0.02343053835512125,-0.0002649476837411726,-0.9996109715242961,-0.027873506122161704,1,1,instant_velocity,dbscan_kmeans_fallback,False
1360,56,8.6543253078,7.51301049498,-0.01683720876999999,-0.0017899484980000047,-0.021581092340999995,-0.0014271856022000052,-0.02208460025537753,-0.001006071986508468,-0.9943960512601632,-0.10571334849406074,1,1,instant_velocity,dbscan_kmeans_fallback,False
1360,57,9.76305550531,6.61374036966,-0.04011464989900002,-0.008209897109999975,-0.041019649865800006,-0.009092938368999999,-0.03940216733898489,-0.008444042864259104,-0.9796924972877029,-0.20050466905287564,-1,-1,instant_velocity,dbscan_kmeans_fallback,False
1360,58,13.0450484248,1.23673508212,-0.03954639410000009,0.010859020887000016,-0.03954639410000009,0.010859020887000016,-0.03068616025122603,0.008327950180160432,-0.9643063150021527,0.26478829876614135,2,2,instant_velocity,dbscan_kmeans_fallback,False
1360,59,13.6884402649,1.61286292646,-0.04411348697999991,0.00847242288900001,-0.04411348697999991,0.00847242288900001,-0.028990074549929988,0.005562873539370004,-0.9820513656077475,0.18861248651508922,2,2,instant_velocity,dbscan_kmeans_fallback,False
1360,93,12.1406798487,12.173320404,-0.011575581029999959,0.01849613447999996,-0.008561720659999992,0.021794412909999998,-0.0074132525512813074,0.02219612379416798,-0.5305093261530891,0.847678558336845,3,3,instant_velocity,dbscan_kmeans_fallback,False
1360,95,14.9640692944,3.53216503576,0.03102255716000002,-0.007541649670999994,0.03449944076999998,0.0012028453906000004,0.03439950072872595,-0.0021886890100345333,0.9716987807848798,-0.23622204167831343,-1,-1,instant_velocity,dbscan_kmeans_fallback,False
1360,96,8.0791241632,7.65167183861,0.022393487664999955,0.028472114106000035,0.026253417774799993,0.02921673268080001,0.02663484202799999,0.02659290031201937,0.6182060577002818,0.7860157238201646,-1,-1,instant_velocity,dbscan_kmeans_fallback,False
1360,97,5.70128935465,4.61806712446,0.06539150956100004,-0.011932989985000031,0.05934695161220001,-0.015150124085800005,0.05764754503976094,-0.013094953981127422,0.9837540496898388,-0.17952066409632741,-1,-1,instant_velocity,dbscan_kmeans_fallback,False
1360,98,2.88821269939,8.00011514619,0.02251976672999998,0.0038901547350000064,0.0234500225144,0.004147907319000002,0.022905852353288254,0.004492459378065505,0.9854051510084421,0.17022283401284993,4,4,instant_velocity,dbscan_kmeans_fallback,False
1360,99,2.11454295641,7.40823884291,0.01610058088699997,0.007016598112000061,0.014740976278199995,0.0059712681890000145,0.015685843929935626,0.006198788257894188,0.9167288889324867,0.3995084547845862,4,4,instant_velocity,dbscan_kmeans_fallback,False
1360,100,2.10465109626,5.17891765378,0.029970231611000007,-0.004343608354999961,0.02805920841536,-0.006668154804000004,0.025351044113336538,-0.005161429117228822,0.9896598197464617,-0.14343214685337072,-1,-1,instant_velocity,dbscan_kmeans_fallback,False
1360,101,2.55083712866,3.96032071644,0.050511626310000016,0.004081082574999994,0.0428675335285,0.0034414743117999968,0.039921363094530794,0.003214257557329208,0.996751787353015,0.08053247634517686,-1,-1,instant_velocity,dbscan_kmeans_fallback,False
1360,222,12.8030135487,11.0597337785,-0.0021467441200000437,-0.00809056721000001,-0.002062558076000016,-0.007470051732000016,-0.0019482067599464678,-0.006568581488650518,-0.256464204314255,-0.9665524934399785,5,5,instant_velocity,dbscan_kmeans_fallback,False
1360,225,3.32534873208,8.81561568182,-0.03683139418499999,0.00076371136000013,-0.046424393881199996,0.00018138144779999976,-0.04588049956699796,0.0014396507979250617,-0.9997848208128695,0.02073087489914911,0,0,instant_velocity,dbscan_kmeans_fallback,False
1360,229,14.6862553497,4.45816505865,0.001199651129999957,0.011598866265999952,0.023277441125999977,-0.023388660371800006,0.02080243932464141,-0.014991604361115227,0.1028794127071749,0.9946929733773358,-1,-1,instant_velocity,dbscan_kmeans_fallback,False
1360,231,5.86713586103,9.18840228897,-0.03436895240199993,0.0,-0.03456258030279999,-0.0016562990099999908,-0.033794423480914375,-0.002622600663011149,-0.9999997090398051,0.0,0,0,instant_velocity,dbscan_kmeans_fallback,False
1360,232,9.45977528234,9.08983579169,-0.0024203487609998574,0.002028608298000023,-0.005387906806399983,0.0031216701804000022,-0.009395806350271676,0.005003106962361555,-0.7664013624609723,0.6423570803261371,-1,-1,instant_velocity,dbscan_kmeans_fallback,False
1360,233,9.18680203515,8.80654660943,-0.025424185242999896,0.011932989986000031,-0.035812743052999994,0.009866196120200002,-0.03351266464409072,0.011031553724358434,-0.9052477318977483,0.4248833154863556,-1,-1,instant_velocity,dbscan_kmeans_fallback,False
1360,313,12.398499608,12.7434786655,-0.001894185989999997,0.015465155019999876,-0.00037883719799999935,0.01989468090399999,-0.002807052982893352,0.01879062831140163,-0.12157232066388324,0.9925819297227996,3,3,instant_velocity,dbscan_kmeans_fallback,False
1360,340,13.3965251579,10.9635538792,0.004040930109999863,-0.0177085571400001,0.003531604539999975,-0.01536491790600003,0.003554355237097215,-0.01402021037279973,0.22247201485745774,-0.9749385116572519,5,5,instant_velocity,dbscan_kmeans_fallback,False
1360,343,13.5937309656,10.0611811765,0.0011786046100001,-0.020906598460000047,4.630232400000267e-05,-0.024018722244000017,0.0004179223973004402,-0.021577174770609928,0.05628537002582562,-0.9984142436897127,5,5,instant_velocity,dbscan_kmeans_fallback,False
1360,344,10.3944508342,12.7379894901,-0.029086278149999957,0.004749330010000108,-0.034604673324,0.004081082574000021,-0.032427568137801815,0.0037660503620141933,-0.9869295784824742,0.16115001859884154,-1,-1,instant_velocity,dbscan_kmeans_fallback,False
1360,376,14.2162867599,9.8311131296,0.0028202324699998726,-0.017517629299999983,0.003986209175999988,-0.016835062271999986,0.0030582094689666534,-0.016349035567254346,0.15894716414724716,-0.9872865196172461,5,5,instant_velocity,dbscan_kmeans_fallback,False
1370,45,2.12106737481,5.94620890986,-0.017826394785000012,-0.005345979514000021,-0.007774581149399999,-0.002577525837000003,-0.009425554453519351,-0.0029306082660675446,-0.9578544399676185,-0.28725214914288955,0,0,instant_velocity,dbscan_kmeans_fallback,False
1370,46,2.17599876842,6.48820531501,-0.010354883393000013,-0.005274381573999953,-0.010051813635600003,-0.004840020738199993,-0.00982317268734964,-0.004245193681386971,-0.8910647526419619,-0.45387430589056216,0,0,instant_velocity,dbscan_kmeans_fallback,False
1370,47,2.27028713753,7.01063161658,-0.01224906938000001,-0.0038901547360000064,-0.008359674154399999,-0.002377051605200009,-0.009483881349999793,-0.002683462062820573,-0.9530884843104495,-0.3026892546727791,0,0,instant_velocity,dbscan_kmeans_fallback,False
1370,50,11.7536345121,3.60185369728,0.05899337021999997,-0.019975825235999965,0.055284974995399985,-0.017866072606400003,0.054469044262024494,-0.018993552865635747,0.9471727159482117,-0.32072344013453996,-1,-1,instant_velocity,dbscan_kmeans_fallback,False
1370,51,7.17580791268,-0.00668247439198,-0.002883372001999973,0.00045345361945200004,-0.003666302209800012,-0.0017899484978516,-0.004124518217398067,-0.0017899019655521597,-0.9878552236464448,0.15535509339285372,-1,-1,instant_velocity,dbscan_kmeans_fallback,False
1370,52,3.54823128318,7.87577339054,-0.018036859895000035,-0.00038185567999997615,-0.028374906079599995,-0.003341237195999991,-0.02800332150954523,-0.0024374026982859455,-0.9997754186593688,-0.021166096790786952,0,0,instant_velocity,dbscan_kmeans_fallback,False
1370,53,3.41374407813,7.29153420085,-0.019867906347999974,-0.0015274227179999933,-0.0271457898394,-0.0010548763145999908,-0.027883315740502602,-0.00045289516824291627,-0.9970573527276637,-0.07665266913534015,0,0,instant_velocity,dbscan_kmeans_fallback,False
1370,54,4.76240450061,9.68743993017,-0.03485302215399999,0.02909262958499994,-0.0404471847678,0.020830227318999982,-0.039147469835541224,0.02275709887253758,-0.767696063681865,0.640813789859419,-1,-1,instant_velocity,dbscan_kmeans_fallback,False
1370,55,8.23970904184,6.95693316165,-0.019888952860000052,-0.00608582489199998,-0.020676092369600028,-0.0016562990099999908,-0.022368062706584892,-0.002011210846218815,-0.9562348813337882,-0.2925985135760335,1,1,instant_velocity,dbscan_kmeans_fallback,False
1370,56,8.4859532201,7.49511101,-0.01683720876999999,-0.0017899484980000047,-0.02018781331539998,-0.0015321959142000096,-0.020510382809764267,-0.0012412349399559292,-0.9943960512601632,-0.10571334849406074,1,1,instant_velocity,dbscan_kmeans_fallback,False
1370,57,9.36169854125,6.53188005836,-0.04013569640599997,-0.008186031130000071,-0.040910208009000006,-0.008959288881200003,-0.03962222605908942,-0.008366639343981394,-0.9798273801914869,-0.19984448145952355,1,1,instant_velocity,dbscan_kmeans_fallback,False
1370,58,12.6495844838,1.34508663119,-0.03954639409999992,0.010835154906999999,-0.040442975465999995,0.01096403119894,-0.0333442304058582,0.009080111598212303,-0.9644547800003717,0.2642470237786017,2,2,instant_velocity,dbscan_kmeans_fallback,False
1370,59,13.2557239995,1.72049849613,-0.04327162653999998,0.010763556966999998,-0.04327162653999998,0.010763556966999998,-0.033274540146950984,0.007123078567659003,-0.9704283971232686,0.24138822988720504,2,2,instant_velocity,dbscan_kmeans_fallback,False
1370,93,12.0249240385,12.3582817488,-0.011575581019999958,0.01849613447999996,-0.009458302025999999,0.02061066030399999,-0.008661951091896903,0.021086126999917576,-0.5305093258237729,0.8476785585429435,3,3,instant_velocity,dbscan_kmeans_fallback,False
1370,96,8.34452066643,7.85357802917,0.026539650323000076,0.020190619055999993,0.025247394550600006,0.0272072171674,0.026606284516500017,0.024672215935213557,0.7958659271756544,0.6054723992097197,-1,-1,instant_velocity,dbscan_kmeans_fallback,False
1370,97,6.34615445054,4.55553825693,0.06448650958900001,-0.006252886752999931,0.061796765488200005,-0.01261555701279999,0.05969923440453266,-0.011042333812689174,0.9953317043787132,-0.09651160326115907,-1,-1,instant_velocity,dbscan_kmeans_fallback,False
1370,98,3.11341036669,8.03901669355,0.022519766730000022,0.0038901547360000064,0.0229322783448,0.004004711439199991,0.022790026666301783,0.004311767985445855,0.9854051510011023,0.17022283405533908,4,4,instant_velocity,dbscan_kmeans_fallback,False
1370,99,2.26607783534,7.52565946436,0.015153487893000018,0.011742062145,0.015305022772,0.007498690907000008,0.015526137118854946,0.007861770424025931,0.7904623976292975,0.6125097180126081,4,4,instant_velocity,dbscan_kmeans_fallback,False
1370,100,2.55273131465,5.13261765264,0.04480802183899999,-0.004630000114000055,0.03215065014644,-0.0053555259056,0.031188137431035573,-0.005002000416260192,0.9947036369779827,-0.1027824430445134,5,5,instant_velocity,dbscan_kmeans_fallback,False
1370,101,3.05595339176,4.001370202,0.050511626310000016,0.004104948556000032,0.04569618460184,0.0036849073076000048,0.04309844205917156,0.003481464856930455,0.9967138753823102,0.08100034551225299,5,5,instant_velocity,dbscan_kmeans_fallback,False
1370,222,12.7817565727,10.9788281064,-0.0021256975999998317,-0.00809056721000001,-0.0021383255139999944,-0.00809056721000001,-0.0020014540119624767,-0.0070251772050553656,-0.2541129603778561,-0.9671733104790056,6,6,instant_velocity,dbscan_kmeans_fallback,False
1370,225,2.95703479024,8.82301413561,-0.036831394184000034,0.0007398453789999593,-0.0428128126,0.0003293505235999916,-0.04316576795209858,0.001229709172247531,-0.9997980386728087,0.020083300543823353,0,0,instant_velocity,dbscan_kmeans_fallback,False
1370,229,14.6982518609,4.57415372131,0.001199651119999956,0.01159886626600004,0.016626743659999974,-0.013049917848200003,0.014921602863248973,-0.007014463172980645,0.10287941185867307,0.9946929734650948,-1,-1,instant_velocity,dbscan_kmeans_fallback,False
1370,231,5.5232358719,9.18840228897,-0.034389998913000056,0.0,-0.03459625472020001,0.00028161856379998795,-0.03397309611054008,-0.0018358204641078042,-0.9999997092178712,0.0,0,0,instant_velocity,dbscan_kmeans_fallback,False
1370,232,9.43557179473,9.11012187466,-0.0024203487610000352,0.002028608297000112,-0.004327162653999999,0.0027302681086000292,-0.0073031690734901835,0.004110757362753122,-0.7664013626168696,0.6423570801401338,-1,-1,instant_velocity,dbscan_kmeans_fallback,False
1370,233,8.93256018273,8.92587650928,-0.025424185241999984,0.011932989984999942,-0.032306394327399984,0.008271948657999992,-0.0310861208234635,0.011301984602550887,-0.9052477319050171,0.4248833154708686,-1,-1,instant_velocity,dbscan_kmeans_fallback,False
1370,313,12.3667193765,12.8611379468,-0.003178023149999909,0.011765928129999992,-0.0010144418279999811,0.018047454055999987,-0.0029183440330253193,0.016683218256981137,-0.2607591328814535,0.9654030420528521,3,3,instant_velocity,dbscan_kmeans_fallback,False
1370,340,13.4182030642,10.7907641842,0.002167790630000077,-0.017278969499999873,0.0037799533700000154,-0.016534350925999988,0.0031383858549680734,-0.014997838110959772,0.12448241755324188,-0.9922212350316502,6,6,instant_velocity,dbscan_kmeans_fallback,False
1370,343,13.5825763148,10.0101079794,-0.0011154650799999998,-0.005107319709999914,0.00013469767000000134,-0.020090381939999985,-4.209384588969189e-05,-0.01663621825242692,-0.2133749641017464,-0.976968422693585,6,6,instant_velocity,dbscan_kmeans_fallback,False
1370,344,10.1111647966,12.7838121717,-0.028328603759999994,0.004582268159999891,-0.03300092918999997,0.004777969191999993,-0.03119787882446127,0.004010915701409903,-0.9871687031926728,0.15967859748793242,-1,-1,instant_velocity,dbscan_kmeans_fallback,False
1370,376,14.2442786195,9.65617549641,0.002799185960000017,-0.01749376331899999,0.004432395209999988,-0.016577309687799975,0.0029805024162766623,-0.01669245389277804,0.15800052917565433,-0.98743845574148,6,6,instant_velocity,dbscan_kmeans_fallback,False
1380,45,1.8169452914,5.85766612417,-0.030412208341000002,-0.008854278569000052,-0.012804697269600002,-0.0039712990672,-0.015721550619763547,-0.004707709356947297,-0.9601349301137924,-0.2795358377048188,0,0,instant_velocity,dbscan_kmeans_fallback,False
1380,46,2.07244993448,6.43570015907,-0.010354883394000014,-0.0052505155940000495,-0.0103464647892,-0.005260061985800011,-0.009982685899344753,-0.004546790255170894,-0.8918946249368626,-0.4522413684686458,0,0,instant_velocity,dbscan_kmeans_fallback,False
1380,47,2.14779644373,6.97149140943,-0.01224906938000001,-0.003914020714999999,-0.009980255498400004,-0.0030118866724000173,-0.010313437758999858,-0.003052629658474401,-0.9525515724530164,-0.304374681130831,0,0,instant_velocity,dbscan_kmeans_fallback,False
1380,50,12.34462054,3.39087843433,0.05909860278999997,-0.021097526295000037,0.057818974916799985,-0.017875618998600008,0.05585791182041713,-0.019624744894445035,0.9417877741397144,-0.3362074802313984,-1,-1,instant_velocity,dbscan_kmeans_fallback,False
1380,51,7.14718465777,-0.00190927839771,-0.0028623254910000286,0.00047731959942700004,-0.0030517440896000105,-5.250515593699999e-05,-0.0037458603994786556,-0.0011097354960584117,-0.986375692270867,0.16448739034035154,-1,-1,instant_velocity,dbscan_kmeans_fallback,False
1380,52,3.37480803285,7.87577339054,-0.017342325032999994,0.0,-0.023685743437200008,-0.0024486495452000056,-0.02480502256658166,-0.0017061818888001617,-0.9999994233763803,0.0,0,0,instant_velocity,dbscan_kmeans_fallback,False
1380,53,3.24537199043,7.27244141687,-0.016837208770000035,-0.0019092783980000582,-0.0237152085526,-0.0012553505464000026,-0.024569483649351832,-0.0008898101371700589,-0.9936313931052069,-0.11267419560721355,0,0,instant_velocity,dbscan_kmeans_fallback,False
1380,54,4.5304719498,9.9943564326,-0.023193255080999987,0.03069165024300009,-0.0356822546858,0.024744248034199997,-0.03436120540917885,0.02513746428367633,-0.6028992584314984,0.7978169992491568,-1,-1,instant_velocity,dbscan_kmeans_fallback,False
1380,55,8.04250323412,6.88247130414,-0.019720580771999962,-0.007446185751000023,-0.020242534243799994,-0.0030548454362000045,-0.021573818126209413,-0.0036417033176531772,-0.9355314122001716,-0.35324216622609006,1,1,instant_velocity,dbscan_kmeans_fallback,False
1380,56,8.3175811324,7.47721152502,-0.01683720876999999,-0.0017899484979999158,-0.018790324987399992,-0.001641979421999995,-0.019408430597834984,-0.001405849007369125,-0.9943960512601635,-0.10571334849405553,1,1,instant_velocity,dbscan_kmeans_fallback,False
1380,57,8.92792995031,6.40085582831,-0.04337685909399998,-0.013102423004999952,-0.04116697544379999,-0.009560711576600003,-0.040748615969562585,-0.009787374442286962,-0.9572815582394266,-0.28915666493412406,-1,-1,instant_velocity,dbscan_kmeans_fallback,False
1380,58,12.2518054266,1.46775776824,-0.03977790571999993,0.012267113704999999,-0.04012727780199999,0.011197917802600002,-0.035274333000100716,0.010036212230248611,-0.9555911496224394,0.29469488339644423,2,2,instant_velocity,dbscan_kmeans_fallback,False
1380,59,12.8286902921,1.84316963319,-0.04270337074000015,0.012267113706,-0.04367151024800002,0.009684814672400002,-0.03610318932486573,0.008666289109161302,-0.9611294622658487,0.27609727746287416,2,2,instant_velocity,dbscan_kmeans_fallback,False
1380,60,14.8377902286,0.644381459226,0.0,0.0,0.0,0.0,0.0,0.0,0.0,0.0,-1,-1,instant_velocity,dbscan_kmeans_fallback,False
1380,93,11.9091682282,12.5432430935,-0.011575581029999959,0.01849613446999996,-0.010241232234000001,0.019827856159999976,-0.009536040073327819,0.020309129240942293,-0.5305093263591875,0.8476785582078605,3,3,instant_velocity,dbscan_kmeans_fallback,False
1380,96,8.62044042515,8.03472081715,0.027591975872000064,0.018114278797999893,0.024451836436200018,0.024787206798199984,0.02690199192315003,0.022704834794049458,0.8359497431862282,0.5488054490710926,-1,-1,instant_velocity,dbscan_kmeans_fallback,False
1380,97,6.98996722088,4.499453204,0.06438127703399994,-0.005608505293000032,0.06422132355099999,-0.009952113647999994,0.06110384719337285,-0.009412185256782432,0.9962268892132937,-0.08678522760943405,-1,-1,instant_velocity,dbscan_kmeans_fallback,False
1380,98,3.25421152503,8.13686721143,0.014080115833999995,0.009785051787999955,0.020827627248600003,0.00506436094999998,0.020177053416611246,0.005953753126212085,0.8211728811099965,0.5706784847010548,4,4,instant_velocity,dbscan_kmeans_fallback,False
1380,99,2.41508713295,7.65501307581,0.014900929761000015,0.012935361145000001,0.0156670227604,0.009145443525000001,0.015338574911498468,0.009383847640318153,0.7551561600129733,0.6555441712238274,4,4,instant_velocity,dbscan_kmeans_fallback,False
1380,100,3.00081153304,5.08655631129,0.04480802183899999,-0.004606134134999973,0.035909557004199996,-0.004448618666800002,0.035274102753424894,-0.004883240531882126,0.9947576681702823,-0.10225819090777279,-1,-1,instant_velocity,dbscan_kmeans_fallback,False
1380,101,3.68924290663,4.00948463519,0.06332895148699999,0.0008114433189999381,0.051092510012800005,0.0032696392561999943,0.04916759488752009,0.0026804583955513,0.9999177638274297,0.012812095731186758,-1,-1,instant_velocity,dbscan_kmeans_fallback,False
1380,222,12.7752321543,10.7972079988,-0.0006524418400001508,-0.01816201076000006,-0.001839465058000016,-0.01010485592000002,-0.001596750360373779,-0.010366227271538775,-0.03590025966612252,-0.9993548273096075,5,5,instant_velocity,dbscan_kmeans_fallback,False
1380,225,2.58872084839,8.8304125894,-0.03683139418499999,0.0007398453789999593,-0.040472440580999997,0.00047731959939998345,-0.041265455821969006,0.0010827500342732593,-0.9997980386728197,0.020083300543278317,0,0,instant_velocity,dbscan_kmeans_fallback,False
1380,229,14.7102483722,4.68990372417,0.0011996511300001345,0.011575000285999958,0.010695836872000016,-0.0035751237996000107,0.01080501734327432,-0.0014376241352864632,0.10308928300758681,0.9946712427105489,-1,-1,instant_velocity,dbscan_kmeans_fallback,False
1380,231,5.18312425475,9.15546723661,-0.03401116171499998,-0.003293505235999916,-0.034453138445599996,-0.000348443307599986,-0.03398451579187805,-0.002273125895675438,-0.9953438211489234,-0.09638512539042053,0,0,instant_velocity,dbscan_kmeans_fallback,False
1380,232,9.41115784202,9.13016929784,-0.0024413952710000686,0.0020047423179999414,-0.0032706278034000036,0.002334092841200004,-0.005844636932743149,0.003478952849327168,-0.7728308529915507,0.6346070765564737,1,1,instant_velocity,dbscan_kmeans_fallback,False
1380,233,8.84795320866,8.98792805721,-0.008460697407000062,0.006205154793000034,-0.026139766614799987,0.007565515651000006,-0.024298493798524466,0.00977293565968563,-0.806374985206162,0.5914029735028096,1,1,instant_velocity,dbscan_kmeans_fallback,False
1380,313,12.3349391449,12.978797228,-0.0031780231600000873,0.011765928119999991,-0.0016500464599999987,0.01620022720399998,-0.00299624777111775,0.015208031215886793,-0.2607591338527366,0.9654030417905043,3,3,instant_velocity,dbscan_kmeans_fallback,False
1380,340,13.4400914356,10.6179744893,0.002188837139999933,-0.017278969490000053,0.004036720803999998,-0.017708557137999997,0.0028535212404776312,-0.015682177524671857,0.1256719876075142,-0.9920712692301853,5,5,instant_velocity,dbscan_kmeans_fallback,False
1380,343,13.5712111989,9.95903478224,-0.0011365115900000334,-0.005107319716000092,0.00021888371399999328,-0.01616204163719999,-0.0003704191691227944,-0.013177548691498871,-0.21721263398646146,-0.9761223535989928,5,5,instant_velocity,dbscan_kmeans_fallback,False
1380,344,9.82787875907,12.829873513,-0.02832860375300008,0.00460613413000015,-0.031422440866599996,0.005279154770000005,-0.03033709630302291,0.004189481229986977,-0.9870372938211912,0.16048888982646367,-1,-1,instant_velocity,dbscan_kmeans_fallback,False
1380,376,14.2735332697,9.4917388944,0.0029254650200000397,-0.01644366020100012,0.0038978138299999897,-0.016687093196000015,0.002963991197393675,-0.016617815785244662,0.17515787643859834,-0.984539750772695,5,5,instant_velocity,dbscan_kmeans_fallback,False
1390,45,1.5130336731,5.76936199827,-0.030391161829999992,-0.00883041258999997,-0.017830604087400004,-0.005360299101599999,-0.020122433982834483,-0.005944520326863099,-0.9602852222849468,-0.2790191031290335,0,0,instant_velocity,dbscan_kmeans_fallback,False
1390,46,1.78895343182,6.39608263232,-0.028349650265999983,-0.003961752674999985,-0.013949627466000002,-0.0049975362059999995,-0.015492775209341322,-0.0043712789811196215,-0.9903758990148023,-0.1384011559353538,0,0,instant_velocity,dbscan_kmeans_fallback,False
1390,47,2.02551621504,6.93235120228,-0.012228022868999978,-0.003914020714999999,-0.011596627540200001,-0.003651494935600006,-0.010887813291999893,-0.0033110469754320804,-0.9523995866474637,-0.30484991327142213,0,0,instant_velocity,dbscan_kmeans_fallback,False
1390,50,12.9356065678,3.15365059341,0.05909860278000014,-0.02372278409199997,0.05889234697540001,-0.019092783977199997,0.05683011910829203,-0.020854156653711514,0.928024572136481,-0.372518562559227,-1,-1,instant_velocity,dbscan_kmeans_fallback,False
1390,51,7.11856140286,0.00262525779685,-0.0028623254909999397,0.000453453619456,-0.0028707440953999884,0.00046300001144500004,-0.003480799926935041,-0.0006407787614040882,-0.987679291170018,0.15646953878970662,-1,-1,instant_velocity,dbscan_kmeans_fallback,False
1390,52,3.20159524762,7.87577339054,-0.017321278523000007,0.0,-0.020305673776799996,-0.0016037938542000064,-0.022559899353507162,-0.001194327322160113,-0.9999994226757445,0.0,0,0,instant_velocity,dbscan_kmeans_fallback,False
1390,53,3.07699990273,7.25478059169,-0.01683720876999999,-0.0017660825179999229,-0.020474045864200006,-0.0014224124061999889,-0.02224980118554628,-0.0011526918514190181,-0.9945432653866638,-0.10431927871106073,0,0,instant_velocity,dbscan_kmeans_fallback,False
1390,54,4.41492660461,10.3177404612,-0.011554534519000015,0.03233840285999996,-0.028593789793800006,0.02898284607699999,-0.0275192041421252,0.02729774585657342,-0.3364681350182871,0.9416945426820976,-1,-1,instant_velocity,dbscan_kmeans_fallback,False
1390,55,7.84508696129,6.80777078683,-0.019741627282999996,-0.007470051731000016,-0.02008258076039999,-0.004434299078600006,-0.021024160873246586,-0.0047902078416572295,-0.9352819440102763,-0.353902158351625,1,1,instant_velocity,dbscan_kmeans_fallback,False
1390,56,8.11616602249,7.45525482345,-0.020141510991000013,-0.0021956701570000625,-0.018057906405799996,-0.0018281340658000112,-0.01962835471578449,-0.0016427953522584063,-0.9941101198547863,-0.1083701180071465,1,1,instant_velocity,dbscan_kmeans_fallback,False
1390,57,8.4859532201,6.25765994849,-0.04419767302099995,-0.014319587982000037,-0.04158790566199997,-0.010405567267400002,-0.041783333084993796,-0.011147038504200884,-0.9513160056175356,-0.3082165261201107,-1,-1,instant_velocity,dbscan_kmeans_fallback,False
1390,58,11.8439240442,1.64675261802,-0.04078813824000012,0.017899484978,-0.040017835944000026,0.012563051856800001,-0.03692847457207053,0.012395194054574028,-0.9157058109985826,0.40184875102150264,2,2,instant_velocity,dbscan_kmeans_fallback,False
1390,59,12.4018670498,1.96584077024,-0.042682324229999936,0.012267113704999999,-0.04338106839600002,0.010448526031400002,-0.03807692979640599,0.009746536487912912,-0.9610933277662138,0.2762230348397547,2,2,instant_velocity,dbscan_kmeans_fallback,False
1390,60,14.4850507049,0.760370121887,-0.03527395236999986,0.011598866266100006,-0.03527395236999986,0.011598866266100006,-0.01058218571099996,0.0034796598798300022,-0.9499607614032691,0.3123683933680806,2,2,instant_velocity,dbscan_kmeans_fallback,False
1390,61,14.7100379071,1.52264952217,0.0,0.0,0.0,0.0,0.0,0.0,0.0,0.0,-1,-1,instant_velocity,dbscan_kmeans_fallback,False
1390,93,11.7776275346,12.7587528927,-0.013154069359999987,0.021550979920000123,-0.011344069409999982,0.019656021104000027,-0.01062144885932947,0.02068168444465964,-0.5209890832558146,0.8535628758297306,3,3,instant_velocity,dbscan_kmeans_fallback,False
1390,96,8.89614971876,8.21562494534,0.02757092936099994,0.01809041281900008,0.025302115479200006,0.022672680972800004,0.027102673154505,0.021320508201534645,0.8360895186159066,0.548592481136887,-1,-1,instant_velocity,dbscan_kmeans_fallback,False
1390,97,7.63377999123,4.44336815107,0.06438127703500003,-0.005608505293000032,0.064806416556,-0.008267175462000011,0.06208707614586101,-0.008271081267647713,0.9962268892134104,-0.08678522760809611,-1,-1,instant_velocity,dbscan_kmeans_fallback,False
1390,98,3.38575221855,8.24116154391,0.013154069351999986,0.01042943324800003,0.018954487772999996,0.006376989848400001,0.018070158197227865,0.0072964571627484685,0.7835872421914434,0.6212808080700547,4,4,instant_velocity,dbscan_kmeans_fallback,False
1390,99,2.56304410502,7.86121514276,0.01479569720699998,0.020620206694999955,0.015406046024599997,0.011866165241799998,0.015175711600148922,0.012754755356722694,0.5829841306528645,0.8124830554304369,4,4,instant_velocity,dbscan_kmeans_fallback,False
1390,100,3.44889175143,5.04025631015,0.04480802183900003,-0.004630000113999966,0.0388729057478,-0.0045106702146000014,0.038134278479097436,-0.004807268406517478,0.9947036369779828,-0.10278244304451134,-1,-1,instant_velocity,dbscan_kmeans_fallback,False
1390,101,4.35452311815,4.00948463519,0.06652802115200003,0.0,0.0562783703138,0.0026204846009999995,0.054375722766864074,0.00187632087688591,0.9999998496874202,0.0,-1,-1,instant_velocity,dbscan_kmeans_fallback,False
1390,222,12.7752321543,10.5726291273,0.0,-0.022457887149999856,-0.001414325536000014,-0.01297831990799999,-0.0011177252522616454,-0.013993725235077099,0.0,-0.999999554722335,5,5,instant_velocity,dbscan_kmeans_fallback,False
1390,225,2.28207318367,8.59175278968,-0.030664766471999984,-0.023865979972000063,-0.0372186499862,-0.004295876395000029,-0.038085249016978295,-0.006401868967608739,-0.7891573426303018,-0.6141906657325736,-1,-1,instant_velocity,dbscan_kmeans_fallback,False
1390,229,14.7872786023,4.9163918741,0.007703023010000009,0.022648814993000067,0.006061395158000024,0.008114433190400004,0.009874419043292027,0.005788307603199497,0.32199349481591677,0.9467414395059968,-1,-1,instant_velocity,dbscan_kmeans_fallback,False
1390,231,4.85122077687,9.04520640914,-0.03319034778800001,-0.011026082747000033,-0.03412902217679999,-0.0027350413047999922,-0.03374626539071464,-0.004899012951072817,-0.9490030628262598,-0.3152659431204273,-1,-1,instant_velocity,dbscan_kmeans_fallback,False
1390,232,9.38695435441,9.15045538081,-0.0024203487610000352,0.002028608296999934,-0.002424558062800024,0.0020238351016000065,-0.0048173504812202145,0.003043849483628998,-0.7664013626168973,0.6423570801401007,6,6,instant_velocity,dbscan_kmeans_fallback,False
1390,233,8.80586018673,9.03566001715,-0.004209302193000042,0.0047731959940000126,-0.01961534821720001,0.007923505350400007,-0.018271736316867137,0.008273013759979946,-0.6614137198532626,0.7500191654641338,6,6,instant_velocity,dbscan_kmeans_fallback,False
1390,313,12.3033693785,13.0964565093,-0.003156976640000053,0.011765928129999992,-0.0022814417880000094,0.014353000355999974,-0.003044466431782441,0.014175400290120753,-0.25914858573061655,0.9658366159774702,3,3,instant_velocity,dbscan_kmeans_fallback,False
1390,340,13.4283053894,10.4828930426,-0.0011786046199999233,-0.013508144669999922,0.0026223952660000193,-0.016782557115999984,0.0016438834823343648,-0.015029967668270276,-0.08692111246517281,-0.9962144574462675,5,5,instant_velocity,dbscan_kmeans_fallback,False
1390,343,13.5600565481,9.9077229253,-0.0011154650799999998,-0.005131185693999995,-8.839534599999865e-05,-0.012224154941999998,-0.0005939329423859561,-0.01076363979224921,-0.21242740844946686,-0.9771749011178353,5,5,instant_velocity,dbscan_kmeans_fallback,False
1390,376,14.314363501,9.42252755249,0.004083023130000108,-0.006921134191,0.003590534769999998,-0.014887598306200012,0.003299700777175605,-0.013708811306971262,0.5081070545975919,-0.8612924777292663,5,5,instant_velocity,dbscan_kmeans_fallback,False
1400,45,1.12704066204,5.71208364634,-0.038599301106,-0.005727835192999997,-0.0244981387606,-0.006128783656600003,-0.025665494119784138,-0.005879514786704169,-0.9891681846046769,-0.14678484265855987,0,0,instant_velocity,dbscan_kmeans_fallback,False
1400,46,1.42821623392,6.36195428096,-0.03607371979,-0.00341283513599997,-0.0190933947452,-0.004630000114400001,-0.02166705858353893,-0.004083745827583726,-0.9955542797961274,-0.09418664461726055,0,0,instant_velocity,dbscan_kmeans_fallback,False
1400,47,1.87040342924,6.89368831472,-0.01551127858000001,-0.003866288755999925,-0.012897301917800004,-0.003899701127399986,-0.012274852878399928,-0.0034776195096024335,-0.9703113774401048,-0.24185652711135008,0,0,instant_velocity,dbscan_kmeans_fallback,False
1400,50,13.5268030607,2.81284439942,0.05911964929,-0.03408061939900002,0.058989160924,-0.0228397428326,0.057516978162804426,-0.024822095477298065,0.8663558525511817,-0.49942691523860705,-1,-1,instant_velocity,dbscan_kmeans_fallback,False
1400,51,7.08972768285,0.00739845379112,-0.002883372000999973,0.00047731959942700004,-0.0028707440951999887,0.0004677732074384,-0.0033015715491545206,-0.0003053492531547616,-0.9865698632419259,0.16331889598916538,-1,-1,instant_velocity,dbscan_kmeans_fallback,False
1400,52,3.0458510665,7.84283833818,-0.015574418111999977,-0.003293505236000005,-0.018537766855799998,-0.0014987835422000018,-0.020464254981055006,-0.0018240806963120808,-0.9783628641274712,-0.20689332933915988,0,0,instant_velocity,dbscan_kmeans_fallback,False
1400,53,2.90862781502,7.2495300761,-0.01683720877099999,-0.0005250515590000226,-0.018958697075200003,-0.0013364948783999963,-0.02062602346118239,-0.0009643997636933194,-0.9995135399804937,-0.03116883264596007,0,0,instant_velocity,dbscan_kmeans_fallback,False
1400,54,4.29959172454,10.6411244898,-0.011533488006999982,0.03233840285999996,-0.0232016736852,0.030710743026599978,-0.022723489301587636,0.028809942957601385,-0.33592447640428724,0.9418886153003488,-1,-1,instant_velocity,dbscan_kmeans_fallback,False
1400,55,7.6310439448,6.77793831186,-0.02140430164899998,-0.0029832474970000076,-0.020259371452599987,-0.004911618678200007,-0.021138203105972603,-0.004248119738260063,-0.9904259534639125,-0.1380416794291024,1,1,instant_velocity,dbscan_kmeans_fallback,False
1400,56,7.89244161096,7.43019554448,-0.0223724411530001,-0.002505927896999971,-0.018605115690800016,-0.0020142887095999915,-0.020451580646949172,-0.0019017351156808758,-0.9937849014989839,-0.11131343652901823,1,1,instant_velocity,dbscan_kmeans_fallback,False
1400,57,8.04397648989,6.11446406866,-0.044197673021000125,-0.014319587982999949,-0.042404510288200005,-0.011627505441999997,-0.04250763506579569,-0.012098803347840604,-0.9513160056112253,-0.3082165261395872,-1,-1,instant_velocity,dbscan_kmeans_fallback,False
1400,58,11.4362531268,1.82574746781,-0.04076709173999991,0.017899484979000003,-0.04008518477999999,0.013952051891200003,-0.03808005972244934,0.014046481331901822,-0.9156294608496328,0.40202268744932335,2,2,instant_velocity,dbscan_kmeans_fallback,False
1400,59,11.9813577608,2.10092221688,-0.04205092889999999,0.013508144663999988,-0.042964347477999994,0.011455670386199998,-0.039269129527484195,0.010875018940739035,-0.9520825854629061,0.3058403139462651,2,2,instant_velocity,dbscan_kmeans_fallback,False
1400,60,14.1325216462,0.876597444347,-0.035252905870000004,0.011622732246,-0.035252905870000004,0.011622732246,-0.017983401758699974,0.005922581589681002,-0.9497143549335609,0.31311675974402126,2,2,instant_velocity,dbscan_kmeans_fallback,False
1400,61,14.387394894,1.61811344206,-0.03226430131000004,0.009546391989000003,-0.03226430131000004,0.009546391989000003,-0.009679290393000015,0.002863917596700001,-0.9589062432637487,0.28372208624452394,2,2,instant_velocity,dbscan_kmeans_fallback,False
1400,93,11.6092554469,13.0451446523,-0.01683720876999999,0.028639175959999895,-0.012943604241999971,0.02113571186199998,-0.012486176832530626,0.023068931899261718,-0.5068105252718019,0.8620571265648752,-1,-1,instant_velocity,dbscan_kmeans_fallback,False
1400,96,9.2206869178,8.36144608296,0.03245371990399999,0.014582113762000049,0.027309952625000005,0.01988990770820001,0.028707987179353498,0.019298989869674266,0.91215313090832,0.4098488790380622,-1,-1,instant_velocity,dbscan_kmeans_fallback,False
1400,97,8.28874741238,4.37033825235,0.06549674211499994,-0.007302989871999977,0.0648274630668,-0.0073411754392,0.06310997593660268,-0.007980653848953391,0.9938409181527227,-0.11081482720018034,-1,-1,instant_velocity,dbscan_kmeans_fallback,False
1400,98,3.51729291206,8.34569453618,0.013154069350999987,0.010453299227000024,0.017085557599399993,0.007689618746800004,0.0165953315433595,0.008243509782023935,0.7828952469963056,0.6221525873000153,-1,-1,instant_velocity,dbscan_kmeans_fallback,False
1400,99,2.70952782132,8.18292855278,0.014648371630000013,0.03217134100200001,0.0151198134756,0.016897113819800004,0.015017509609104248,0.01857973105030589,0.41438968489611644,0.9100992381433924,-1,-1,instant_velocity,dbscan_kmeans_fallback,False
1400,100,4.02283010538,4.998729505,0.05739383539499996,-0.004152680515000018,0.04435762650459999,-0.0044724846465999946,0.0439121455538682,-0.00461089203906224,0.9973925000486654,-0.07216545770558623,3,3,instant_velocity,dbscan_kmeans_fallback,False
1400,101,5.02001379479,4.00948463519,0.06654906766399993,0.0,0.059485858584599996,0.001799494889999993,0.05802772623600483,0.001313424613820137,0.9999998497349574,0.0,3,3,instant_velocity,dbscan_kmeans_fallback,False
1400,222,12.7752321543,10.3480502558,0.0,-0.022457887150000033,-0.0009849767120000052,-0.015851783895999994,-0.0007824076765831517,-0.01653297380955398,0.0,-0.999999554722335,4,4,instant_velocity,dbscan_kmeans_fallback,False
1400,225,1.97542551895,8.35309298997,-0.030664766472000005,-0.023865979970999974,-0.0343647430996,-0.009097711564999998,-0.035859104253484805,-0.01164110226862611,-0.7891573426427767,-0.614190665716545,-1,-1,instant_velocity,dbscan_kmeans_fallback,False
1400,229,14.8714646461,5.15505167381,0.008418604379999906,0.023865979970999974,0.0039441161539999926,0.016257505556399997,0.009437674644304391,0.01121160931353964,0.3326554445875126,0.9430480183426503,-1,-1,instant_velocity,dbscan_kmeans_fallback,False
1400,231,4.51931729899,8.93494558167,-0.03319034778800001,-0.011026082747000033,-0.03383016172119999,-0.005069134145999996,-0.033579490109900245,-0.006737133889850982,-0.9490030628262598,-0.3152659431204273,-1,-1,instant_velocity,dbscan_kmeans_fallback,False
1400,232,9.3627508668,9.17074146379,-0.0024203487609998574,0.002028608298000023,-0.002424558062999971,0.0020238351016000065,-0.004098249965154108,0.0027392771279403055,-0.7664013624609723,0.6423570803261371,5,5,instant_velocity,dbscan_kmeans_fallback,False
1400,233,8.76376716481,9.08339197709,-0.004209302191999953,0.0047731959940000126,-0.013545534455399988,0.007923505350400007,-0.01405300607940698,0.007223068430185966,-0.6614137197648634,0.7500191655420895,5,5,instant_velocity,dbscan_kmeans_fallback,False
1400,313,12.2715891469,13.2141157905,-0.00317802315999991,0.011765928119999991,-0.0029170464199999913,0.012505773503999968,-0.0030845334502476816,0.013452558639084525,-0.26075913385272304,0.9654030417905081,-1,-1,instant_velocity,dbscan_kmeans_fallback,False
1400,340,13.3942100417,10.3733481945,-0.0034095347700001,-0.010954484810000054,0.0007618836979999699,-0.015345825122,0.00012785800663402515,-0.013807322810789209,-0.297183337901088,-0.9548195224366303,4,4,instant_velocity,dbscan_kmeans_fallback,False
1400,343,13.5486914321,9.85664972817,-0.0011365116000000342,-0.005107319713000003,-0.0006650697479999934,-0.00827194865860001,-0.0007567065396701796,-0.009066743768474448,-0.21721263592908235,-0.976122353166709,4,4,instant_velocity,dbscan_kmeans_fallback,False
1400,376,14.3549832671,9.35307755077,0.004061976609999895,-0.006945000171999993,0.0033379766379999865,-0.013064237436600018,0.0035283835270228923,-0.011679667966479882,0.5048647861218695,-0.8631970006477249,4,4,instant_velocity,dbscan_kmeans_fallback,False
1410,45,0.720632535358,5.6629197276,-0.0406408126682,-0.0049163918739999705,-0.031573975746040005,-0.006734979548000002,-0.030158089684308897,-0.005590577912892909,-0.9927620130824242,-0.12009619821784079,0,0,instant_velocity,dbscan_kmeans_fallback,False
1410,46,1.04096043221,6.3318831462,-0.03872558017100001,-0.0030071134760000008,-0.024771743402800004,-0.004181319690999992,-0.02678461505977725,-0.0037607561221086085,-0.9969984036821796,-0.07741878422542822,0,0,instant_velocity,dbscan_kmeans_fallback,False
1410,47,1.42253367596,6.85693470557,-0.044786975328,-0.00367536091500007,-0.019404883107400003,-0.0038519691674,-0.022028489613279953,-0.0035369419312217248,-0.9966495087302363,-0.08178821238796766,0,0,instant_velocity,dbscan_kmeans_fallback,False
1410,50,14.1097914144,2.45819593705,0.058298835369999934,-0.03546484623699997,0.058921812090000004,-0.02686832025179999,0.05775153532496308,-0.028014920705208633,0.8543376927932596,-0.5197180135261817,-1,-1,instant_velocity,dbscan_kmeans_fallback,False
1410,51,7.06110442794,0.0119329899857,-0.0028623254910000286,0.000453453619458,-0.0028707440951999887,0.00046300001144399997,-0.003169797731708173,-7.770839137093307e-05,-0.987679291169912,0.15646953879037512,-1,-1,instant_velocity,dbscan_kmeans_fallback,False
1410,52,2.9079964197,7.77696823346,-0.013785464680000015,-0.00658701047200001,-0.016412069248600007,-0.0020524742775999984,-0.01846061789073851,-0.00325295962901846,-0.9022873939757227,-0.43113356356382737,1,1,instant_velocity,dbscan_kmeans_fallback,False
1410,53,2.74025572732,7.2440409007,-0.01683720876999999,-0.0005489175400000157,-0.017443348285799996,-0.0012553505466000026,-0.01948937905382767,-0.0008397550965853282,-0.9994684024525075,-0.0325841262810437,1,1,instant_velocity,dbscan_kmeans_fallback,False
1410,54,4.1280626602,10.9537688274,-0.01715290643399996,0.03126443376000001,-0.019657441238999988,0.031145103861599993,-0.021052314441311334,0.029546290198320974,-0.4810026599339431,0.8767188148406249,-1,-1,instant_velocity,dbscan_kmeans_fallback,False
1410,55,7.4058462775,6.77793831186,-0.02251976672999998,0.0,-0.020655045858799993,-0.004797061974200005,-0.021552672193180817,-0.002973683816782044,-0.9999995559458639,0.0,2,2,instant_velocity,dbscan_kmeans_fallback,False
1410,56,7.66892766453,7.40537492531,-0.022351394642999976,-0.002482061916999978,-0.019707952865400013,-0.0021527113933999865,-0.021021524845764413,-0.0020758331560766065,-0.9938902521542603,-0.11036882413608938,2,2,instant_velocity,dbscan_kmeans_fallback,False
1410,57,7.55948580753,6.08582489269,-0.04844906823599997,-0.002863917597000043,-0.044071393955599995,-0.01055830953940001,-0.04429006501685697,-0.009328337622588435,-0.9982572498857882,-0.05900890581331055,-1,-1,instant_velocity,dbscan_kmeans_fallback,False
1410,58,11.0283717444,2.00474231759,-0.04078813824000012,0.01789948497799998,-0.040333533607999995,0.015360144709399996,-0.03889248327771458,0.01520238242573127,-0.9157058109985828,0.4018487510215022,3,3,instant_velocity,dbscan_kmeans_fallback,False
1410,59,11.6195682373,2.34698047038,-0.03617895235000006,0.02460582535000002,-0.041377440552000024,0.0146823508784,-0.03834207637423895,0.014994260863517331,-0.8268823366506185,0.5623745586603479,3,3,instant_velocity,dbscan_kmeans_fallback,False
1410,60,13.7797821225,0.992586107008,-0.03527395237000004,0.011598866266099994,-0.03527395237000004,0.011598866266099994,-0.023170566942089996,0.007625466992606699,-0.9499607614032698,0.31236839336807887,4,4,instant_velocity,dbscan_kmeans_fallback,False
1410,61,14.0647518809,1.71357736194,-0.03226430131000004,0.009546391988000003,-0.03226430131000004,0.009546391988000003,-0.016454793668100025,0.004868659914090002,-0.9589062432718344,0.28372208621719597,4,4,instant_velocity,dbscan_kmeans_fallback,False
1410,93,11.4408833592,13.331536412,-0.01683720876999999,0.028639175970000076,-0.013995929789999978,0.02316432016,-0.013791486413771436,0.024740005120483227,-0.50681052514029,0.8620571266421923,-1,-1,instant_velocity,dbscan_kmeans_fallback,False
1410,96,9.55048574459,8.50344866379,0.032979882679000025,0.014200258082999895,0.02942723162780002,0.01703553650359998,0.029989555829247456,0.017769370333671954,0.9184777227480837,0.3954720164851804,-1,-1,instant_velocity,dbscan_kmeans_fallback,False
1410,97,8.95529041457,4.28084082746,0.06665430021900001,-0.008949742489000023,0.06508002119839999,-0.006744525939999999,0.06417327322132188,-0.00827138044096738,0.9911055811075319,-0.13307678126061365,-1,-1,instant_velocity,dbscan_kmeans_fallback,False
1410,98,3.57369756144,8.34354659798,0.005640464938000011,-0.00021479382000002544,0.013709697241000001,0.006868629035799998,0.013308871561751654,0.005706018701416747,0.9992739409350585,-0.03805322244872016,-1,-1,instant_velocity,dbscan_kmeans_fallback,False
1410,99,2.84590921236,8.46502443604,0.013638139104000002,0.028209588326000023,0.014627325119000006,0.021135711862599996,0.014603698457572974,0.021468688233014132,0.43525919102618854,0.9003048363361656,-1,-1,instant_velocity,dbscan_kmeans_fallback,False
1410,100,4.61065915657,4.95744135965,0.058782905118999994,-0.004128814535000025,0.05012016120619999,-0.004429525882600007,0.04837337342340774,-0.004466268787843576,0.9975422071378615,-0.07006572328756103,5,5,instant_velocity,dbscan_kmeans_fallback,False
1410,101,5.68382075055,4.04480628554,0.06638069557600002,0.003532165035000023,0.06265967243779999,0.0016897113819999987,0.06053361703800338,0.001979046740174103,0.9985871582681036,0.05313554813230795,5,5,instant_velocity,dbscan_kmeans_fallback,False
1410,222,12.7607100617,10.1449507662,-0.0014522092600000036,-0.020309948960000136,-0.0008460697399999972,-0.018295660246000017,-0.0009833481516082073,-0.017666066354687825,-0.07132024074755104,-0.9974529768510634,6,6,instant_velocity,dbscan_kmeans_fallback,False
1410,225,1.66877785422,8.11443319026,-0.030664766473000003,-0.023865979970999974,-0.033131417557200005,-0.014023649831200018,-0.03430080291933937,-0.01530856557933827,-0.7891573426524848,-0.6141906657040715,-1,-1,instant_velocity,dbscan_kmeans_fallback,False
1410,229,14.95565069,5.39371147352,0.008418604390000084,0.023865979970999974,0.005387906806000018,0.018710928297400002,0.009131953568013098,0.01500792051077774,0.3326554449389357,0.9430480182186877,-1,-1,instant_velocity,dbscan_kmeans_fallback,False
1410,231,4.18825568155,8.92587650928,-0.03310616174399996,-0.0009069072389999988,-0.033577603589600005,-0.005250515593799996,-0.03343749160013016,-0.0049880658945956865,-0.9996246960412452,-0.027383629673931667,-1,-1,instant_velocity,dbscan_kmeans_fallback,False
1410,232,9.33854737919,9.19102754676,-0.0024203487610000352,0.002028608297000112,-0.0024245580630000065,0.0020238351014000245,-0.0035948796039078855,0.0025260764786582475,-0.7664013626168696,0.6423570801401338,7,7,instant_velocity,dbscan_kmeans_fallback,False
1410,233,8.7593473975,9.09985950327,-0.00044197673100008215,0.001646752617999958,-0.008549092753000025,0.005866257876799992,-0.009969697274884911,0.005550173686530164,-0.259217347933906,0.9658129408199237,7,7,instant_velocity,dbscan_kmeans_fallback,False
1410,313,12.2398089154,13.3320137316,-0.0031780231500000864,0.011789794110000074,-0.0031738138520000093,0.011770701322000008,-0.003112580360173403,0.012953729280359188,-0.26026707082251693,0.9655358170094509,-1,-1,instant_velocity,dbscan_kmeans_fallback,False
1410,340,13.3599042288,10.2635646867,-0.0034305812899999566,-0.010978350779999957,-0.000732418581999994,-0.013999783849999971,-0.0009396737823561695,-0.012958631201552433,-0.2982625890422445,-0.9544829433430428,6,6,instant_velocity,dbscan_kmeans_fallback,False
1410,343,13.5373263162,9.80557653103,-0.0011365115900000334,-0.005107319713999914,-0.0011280929880000201,-0.005112092909399984,-0.0008706480547691357,-0.007878916552132086,-0.21721263406751465,-0.9761223535809558,6,6,instant_velocity,dbscan_kmeans_fallback,False
1410,376,14.3958134984,9.28386620885,0.004083023130000108,-0.006921134191999911,0.0035905347700000336,-0.010944938415000003,0.003694775407916057,-0.01025210783413589,0.5081070545431364,-0.8612924777613916,6,6,instant_velocity,dbscan_kmeans_fallback,False
1420,45,0.314224408671,5.61351714906,-0.0406408126687,-0.004940257854000052,-0.03613685932278,-0.006653835216000008,-0.03330290657962623,-0.005395481895225052,-0.9926923434254316,-0.12067072049447966,0,0,instant_velocity,dbscan_kmeans_fallback,False
1420,46,0.636236026398,6.30419860943,-0.04047244058119999,-0.0027684536769999823,-0.03079525484044,-0.0036801341115999973,-0.030890962716204076,-0.0034630653885760207,-0.997668417695302,-0.0682439398200834,0,0,instant_velocity,dbscan_kmeans_fallback,False
1420,47,0.974663922676,6.82018109641,-0.0447869753284,-0.003675360915999981,-0.02591246429708,-0.003809010403399995,-0.02885603532781597,-0.003578467626655202,-0.996649508728482,-0.08178821240934436,0,0,instant_velocity,dbscan_kmeans_fallback,False
1420,50,14.6174332588,1.98087633762,0.05076418444000001,-0.047731959943000016,0.05727597493400001,-0.032419547193200005,0.05565533005947416,-0.03393003247654605,0.72852996460282,-0.6850137251549435,-1,-1,instant_velocity,dbscan_kmeans_fallback,False
1420,51,7.03248117303,0.0164675261802,-0.0028623254910000286,0.00045345361945,-0.0028665347929999994,0.00046300001144360006,-0.0030775560594957295,8.164021187534687e-05,-0.9876792911703387,0.15646953878768222,-1,-1,instant_velocity,dbscan_kmeans_fallback,False
1420,52,2.77014177289,7.71109812874,-0.01378546468099997,-0.00658701047200001,-0.015561790205799992,-0.003293505236000005,-0.01705807192781695,-0.004253174881912925,-0.9022873939878882,-0.43113356353836724,1,1,instant_velocity,dbscan_kmeans_fallback,False
1420,53,2.57188363962,7.23879038511,-0.01683720876999999,-0.0005250515590000226,-0.016837208770199997,-0.0010548763148000085,-0.018693727968679366,-0.0007453440353097365,-0.999513539980436,-0.031168832647809456,1,1,instant_velocity,dbscan_kmeans_fallback,False
1420,54,3.87192662178,11.2506616183,-0.02561360384200002,0.02968927909000012,-0.017809557576599994,0.031264433762600026,-0.02242070126151794,0.029589186865824717,-0.6532232041345658,0.7571650649103231,-1,-1,instant_velocity,dbscan_kmeans_fallback,False
1420,55,7.18085907531,6.77793831186,-0.022498720219000033,0.0,-0.02117699933059999,-0.0035798969958000092,-0.02183648660092658,-0.0020815786717474304,-0.9999995555304719,0.0,2,2,instant_velocity,dbscan_kmeans_fallback,False
1420,56,7.445203253,7.38055430614,-0.022372441153000012,-0.002482061917000067,-0.02081499934200002,-0.002291134077199999,-0.02142679973793509,-0.0021977017843536444,-0.9939016367383103,-0.1102662594985257,2,2,instant_velocity,dbscan_kmeans_fallback,False
1420,57,7.06426140458,6.08582489269,-0.04952244029499999,0.0,-0.0459487427334,-0.008921103313399997,-0.04585977760029988,-0.006529836335811904,-0.999999798071381,0.0,-1,-1,instant_velocity,dbscan_kmeans_fallback,False
1420,58,10.6648985001,2.17824799198,-0.03634732442999997,0.01735056743900003,-0.03969371967400001,0.016663227215800002,-0.038128935623400195,0.0158468379297119,-0.9024520427293913,0.43078975614821213,3,3,instant_velocity,dbscan_kmeans_fallback,False
1420,59,11.257989179,2.59327738369,-0.03615790582999985,0.02462969133099997,-0.03995469641,0.017455577751199994,-0.03768682521096722,0.017884890003762123,-0.8264763018658068,0.5629711052140671,3,3,instant_velocity,dbscan_kmeans_fallback,False
1420,60,13.4575600397,1.12719023405,-0.03222220827999998,0.013460412704199998,-0.03222220827999998,0.013460412704199998,-0.02588605934346299,0.009375950706084688,-0.9227255978133845,0.38545674000273167,3,3,instant_velocity,dbscan_kmeans_fallback,False
1420,61,13.7378995657,1.82359952961,-0.032685231520000003,0.011002216766999995,-0.032685231520000003,0.011002216766999995,-0.021323925023670018,0.0067087269699630005,-0.947746911049524,0.3190222761384168,3,3,instant_velocity,dbscan_kmeans_fallback,False
1420,93,11.2725112715,13.6179281716,-0.01683720876999999,0.028639175959999895,-0.015048255339999983,0.02519292845599999,-0.014705203120640001,0.02590975637233823,-0.5068105252718019,0.8620571265648752,-1,-1,instant_velocity,dbscan_kmeans_fallback,False
1420,96,9.88049503648,8.64521258482,0.033000929188999883,0.01417639210299999,0.03071948740099998,0.01583269111299998,0.030892967837173185,0.016691476864470367,0.918810401869686,0.39469847805259356,-1,-1,instant_velocity,dbscan_kmeans_fallback,False
1420,97,9.62499039339,4.18275164978,0.06696999788200006,-0.009808917767999947,0.06557671885699999,-0.007455732143000002,0.06501229061952533,-0.00873264163907715,0.9894430654154479,-0.14492109857728533,-1,-1,instant_velocity,dbscan_kmeans_fallback,False
1420,98,3.59769058394,8.29581463804,0.0023993022500000015,-0.0047731959940000126,0.009685604344999996,0.0051359588897999945,0.010036000768226158,0.0025622542927917187,0.4491141866054842,-0.8934722735969884,1,1,instant_velocity,dbscan_kmeans_fallback,False
1420,99,2.89179060625,8.39127855792,0.004588139388999979,-0.007374587812000044,0.012514255418199997,0.01731238187119999,0.011599030737001075,0.012815705419509878,0.5282603560192349,-0.8490810877285384,1,1,instant_velocity,dbscan_kmeans_fallback,False
1420,100,5.19848820775,4.9163918741,0.058782905117999995,-0.004104948554999943,0.05291513786199999,-0.004324515570799985,0.051496232931785416,-0.004357872717990486,0.9975704336942879,-0.06966269023424135,4,4,instant_velocity,dbscan_kmeans_fallback,False
1420,101,6.34720677609,4.09564082288,0.06633860255400004,0.00508345373400001,0.0658250676866,0.0018854124175999942,0.06227511269280238,0.0029103688383218754,0.9970767235917092,0.07640488642341996,4,4,instant_velocity,dbscan_kmeans_fallback,False
1420,222,12.7120926214,9.9919698346,-0.004861744029999926,-0.015298093159999837,-0.001393279026000016,-0.019737165435999984,-0.002146866915125723,-0.016955674396281428,-0.3028735858241245,-0.9530300861274946,5,5,instant_velocity,dbscan_kmeans_fallback,False
1420,225,1.38759646776,7.96670277423,-0.02811813864600001,-0.014773041602999993,-0.0313887664496,-0.01712622722760001,-0.03244600363733756,-0.015147908386436787,-0.8852548070939039,-0.46510568352697107,-1,-1,instant_velocity,dbscan_kmeans_fallback,False
1420,231,3.85761499433,8.96000486064,-0.03306406872200003,0.00341283513599997,-0.0333124175514,-0.004567948566600002,-0.033325464736691124,-0.0024677955854169892,-0.9947148272962506,0.10267332013612619,-1,-1,instant_velocity,dbscan_kmeans_fallback,False
1420,232,9.31434389159,9.21131362974,-0.0024203487600001237,0.0020286082979998456,-0.002424558062800024,0.0020238351015999714,-0.003242520350735557,0.002376836024460727,-0.7664013623303768,0.6423570804819506,6,6,instant_velocity,dbscan_kmeans_fallback,False
1420,233,8.76439856014,9.10845125606,0.0005051162640000939,0.0008591752790000129,-0.003363232451800009,0.003651494935600006,-0.006827253213219409,0.004142874164271118,0.5068055933517052,0.862048736301703,6,6,instant_velocity,dbscan_kmeans_fallback,False
1420,313,12.2080286838,13.4496730129,-0.00317802315999991,0.011765928129999992,-0.0031738138540000093,0.011770701322000008,-0.0031322132001213553,0.01259738893525143,-0.2607591336461702,0.9654030418462993,-1,-1,instant_velocity,dbscan_kmeans_fallback,False
1420,340,13.325808881,10.1540198386,-0.0034095347799999232,-0.010954484810000054,-0.0018478836639999941,-0.012734886912000008,-0.0016806320816492954,-0.012357387284086719,-0.2971833386957181,-0.9548195221893053,5,5,instant_velocity,dbscan_kmeans_fallback,False
1420,343,13.4998635267,9.69794096136,-0.003746278949999926,-0.01076355696700002,-0.0016542557620000053,-0.0062433403608000045,-0.001733337323338373,-0.008744308676592467,-0.328710773247232,-0.9444297076471784,5,5,instant_velocity,dbscan_kmeans_fallback,False
1420,376,14.3920251264,9.25140847609,-0.0003788372000000706,-0.0032457732759999303,0.002954930138000016,-0.008095340406399991,0.002472691625541218,-0.008150207466695102,-0.1159297519708525,-0.9932543341578471,5,5,instant_velocity,dbscan_kmeans_fallback,False
1430,46,0.231511620588,6.27675273246,-0.040472440581,-0.0027445876969999896,-0.03681876627784,-0.0031789485321999855,-0.03376540607564285,-0.0032475220811032115,-0.997708302416698,-0.0676583347260042,0,0,instant_velocity,dbscan_kmeans_fallback,False
1430,47,0.526794169393,6.78342748726,-0.044786975328300005,-0.003675360914999981,-0.032420045486740004,-0.0037612784433999915,-0.033635317327961184,-0.0036075356131586357,-0.9966495087302809,-0.08178821238742148,0,0,instant_velocity,dbscan_kmeans_fallback,False
1430,50,15.1250751032,1.50355673819,0.05076418444000001,-0.047731959943000016,0.05560909126400002,-0.0377464339228,0.05418798637363192,-0.03807061071648224,0.72852996460282,-0.6850137251549435,-1,-1,instant_velocity,dbscan_kmeans_fallback,False
1430,51,7.00364745301,0.0212407221745,-0.002883372001999973,0.0004773195994300001,-0.0028707440951999887,0.00046300001144420006,-0.003019300842247002,0.00020034402814174285,-0.9865698632508881,0.16331889593503388,-1,-1,instant_velocity,dbscan_kmeans_fallback,False
1430,52,2.53736736165,7.67148060199,-0.023277441124000032,-0.003961752674999985,-0.016748813424,-0.004085855771000002,-0.018923882686671875,-0.004165748219839043,-0.985823308990807,-0.1677842556089569,1,1,instant_velocity,dbscan_kmeans_fallback,False
1430,53,2.40351155192,7.23353986951,-0.016837208770000035,-0.0005250515599999339,-0.016837208770199997,-0.0007780309471999836,-0.01813677220907557,-0.0006792562927167957,-0.999513539978587,-0.031168832707109823,1,1,instant_velocity,dbscan_kmeans_fallback,False
1430,54,3.61600104848,11.5473157493,-0.025592557330000033,0.02966541309999986,-0.018289418026400002,0.031059186333999983,-0.023372258082062572,0.02961205473607726,-0.6532165199022888,0.7571708312217211,-1,-1,instant_velocity,dbscan_kmeans_fallback,False
1430,55,6.95566140801,6.77793831186,-0.02251976672999998,0.0,-0.021736836522199994,-0.002090659845600005,-0.022041470639648602,-0.0014571050702232012,-0.9999995559458639,0.0,2,2,instant_velocity,dbscan_kmeans_fallback,False
1430,56,7.22147884147,7.35573368697,-0.022372441153000012,-0.002482061916999978,-0.021922045818600022,-0.002429556761000011,-0.02171049216245457,-0.0022830098241475444,-0.9939016367383108,-0.1102662594985218,2,2,instant_velocity,dbscan_kmeans_fallback,False
1430,57,6.56903700163,6.08582489269,-0.04952244029499999,0.0,-0.04717785897360001,-0.006300618712400005,-0.046958576408709915,-0.004570885435068332,-0.999999798071381,0.0,-1,-1,instant_velocity,dbscan_kmeans_fallback,False
1430,58,10.3012147906,2.35199232618,-0.036368370950000006,0.01737443341999998,-0.039011812720000025,0.0176846911588,-0.037600766221380144,0.016305116576798326,-0.9023187050600224,0.4310689716138071,3,3,instant_velocity,dbscan_kmeans_fallback,False
1430,59,10.8961996555,2.83933563719,-0.03617895235000006,0.02460582535000002,-0.03864981273199998,0.01992332008,-0.03723446335267708,0.01990117060763349,-0.8268823366506185,0.5623745586603479,3,3,instant_velocity,dbscan_kmeans_fallback,False
1430,60,13.2062646988,1.30427580543,-0.02512953409000005,0.017708557138000014,-0.03263051059599999,0.013197886924080002,-0.02565910176742411,0.011875732635659286,-0.8174261375684414,0.5760328628211895,3,3,instant_velocity,dbscan_kmeans_fallback,False
1430,61,13.394841437,1.99137736881,-0.03430581286999992,0.01677778392,-0.03430581286999992,0.01677778392,-0.02521849137756899,0.009729444054974102,-0.8983215730176441,0.4393379425194938,3,3,instant_velocity,dbscan_kmeans_fallback,False
1430,96,10.2046113053,8.77528217566,0.0324116268820001,0.01300695908399998,0.03168341760299999,0.014811227170199998,0.03134856555062126,0.01558612153032925,0.9280581013812093,0.37243467587070994,-1,-1,instant_velocity,dbscan_kmeans_fallback,False
1430,97,10.3226822318,4.00685937739,0.06976918384099999,-0.017589227239000048,0.0666543002184,-0.009851876532200005,0.06643935858596772,-0.01138961731905402,0.9696599750703038,-0.24445706122839805,-1,-1,instant_velocity,dbscan_kmeans_fallback,False
1430,98,3.62189407155,8.2480826781,0.0024203487609999906,-0.0047731959940000126,0.0073536509303999955,0.002224309333400001,0.007751305166058307,0.0003616192067541989,0.45225080587169936,-0.891888710277519,4,4,instant_velocity,dbscan_kmeans_fallback,False
1430,99,2.93767200015,8.31753267981,0.004588139390000023,-0.007374587810999955,0.010451697344,0.013250392079999998,0.009495763332900758,0.006758617450356928,0.5282603561538921,-0.8490810876447604,4,4,instant_velocity,dbscan_kmeans_fallback,False
1430,100,5.75748353892,4.84932847038,0.05589953311700002,-0.0067063403720000634,0.0551334401176,-0.004744556818200003,0.052817222987349796,-0.00506241301419336,0.9928800311723516,-0.1191171207757159,-1,-1,instant_velocity,dbscan_kmeans_fallback,False
1430,101,7.01038233652,4.14623670042,0.066317556043,0.005059587754000017,0.0664227885978,0.00273504130460001,0.06348784569786167,0.003555134513025318,0.997102157106038,0.07607225242603337,-1,-1,instant_velocity,dbscan_kmeans_fallback,False
1430,222,12.6634751811,9.83898890299,-0.004861744029999926,-0.015298093161000104,-0.002235139463999971,-0.019164381916199992,-0.0029613300495879838,-0.016458400025697033,-0.30287358580613766,-0.9530300861332108,5,5,instant_velocity,dbscan_kmeans_fallback,False
1430,225,1.13209182468,7.9099017419,-0.02555046430799999,-0.005680103233000011,-0.029132580474199997,-0.018410216950000002,-0.030377341838536288,-0.012307566840405754,-0.9761687043744336,-0.2170112819411491,1,1,instant_velocity,dbscan_kmeans_fallback,False
1430,231,3.52676384199,8.994133212,-0.03308511523400002,0.00341283513599997,-0.033127208255200005,-0.0032266804922000247,-0.03325335988588379,-0.0007036063689919011,-0.9947214959784695,0.10260869421186346,1,1,instant_velocity,dbscan_kmeans_fallback,False
1430,232,9.29014040398,9.23159971272,-0.0024203487609998574,0.002028608298000023,-0.0024203487607999817,0.0020286082975999875,-0.002995868873814847,0.002272367706522516,-0.7664013624609723,0.6423570803261371,6,6,instant_velocity,dbscan_kmeans_fallback,False
1430,233,8.76944972277,9.11704300885,0.000505116263000005,0.0008591752790000129,-0.0015700697177999955,0.0025822990328000016,-0.004627542370353585,0.003157764498689786,0.506805592606008,0.8620487367400986,6,6,instant_velocity,dbscan_kmeans_fallback,False
1430,313,12.1764589174,13.5673322941,-0.003156976640000053,0.011765928119999991,-0.0031696045500000025,0.011770701322000008,-0.0031396422320849647,0.012347950690675997,-0.259148585936078,0.9658366159223412,-1,-1,instant_velocity,dbscan_kmeans_fallback,False
1430,340,13.2683519061,10.0664316921,-0.00574569749000009,-0.008758814649999992,-0.0034347905899999986,-0.011030855943999995,-0.0029001517041545343,-0.0112778154938607,-0.5485041305810243,-0.8361467033166949,5,5,instant_velocity,dbscan_kmeans_fallback,False
1430,343,13.4451425982,9.55259714333,-0.00547209285000001,-0.014534381802999975,-0.002521372014000001,-0.008128752778199981,-0.0028549639813368645,-0.010481330614514719,-0.3523478937250826,-0.9358684063416797,5,5,instant_velocity,dbscan_kmeans_fallback,False
1430,376,14.3882367544,9.21871208353,-0.0003788372000000706,-0.003269639256000012,0.002294069693999994,-0.00546053621739997,0.0016172329778788314,-0.006686037003486575,-0.11509480215479476,-0.9933514535710897,5,5,instant_velocity,dbscan_kmeans_fallback,False
1440,47,0.0787139509999,6.7466738781,-0.04480802183931,-0.003675360915999981,-0.038936045280802,-0.0037135464835999876,-0.03698712868136583,-0.0036278832040110395,-0.9966526395824669,-0.08175005295895522,-1,-1,instant_velocity,dbscan_kmeans_fallback,False
1440,51,6.9750241981,0.0257752583691,-0.0028623254910000286,0.0004534536194599998,-0.0028707440952000065,0.00046300001144500004,-0.00297220823687291,0.00027627690553721997,-0.9876792911698055,0.1564695387910483,-1,-1,instant_velocity,dbscan_kmeans_fallback,False
1440,52,2.24145341751,7.64904658082,-0.029591394414000004,-0.0022434021169999594,-0.0192028366022,-0.004534536194399994,-0.022124136204870318,-0.003589044388987318,-0.997138213689973,-0.07559569340454275,0,0,instant_velocity,dbscan_kmeans_fallback,False
1440,53,2.15705690855,7.19487698196,-0.02464546433699999,-0.0038662887550000137,-0.0183988598836,-0.0011980721946000016,-0.020089379847452897,-0.0016353660314017615,-0.9879170832509901,-0.15498075660564567,0,0,instant_velocity,dbscan_kmeans_fallback,False
1440,54,3.36007547517,11.8439698804,-0.025592557330999986,0.02966541311000004,-0.021097022588799995,0.030524588383999997,-0.024038347856743796,0.029628062248254095,-0.6532165197906794,0.7571708313180073,-1,-1,instant_velocity,dbscan_kmeans_fallback,False
1440,55,6.72814862451,6.77984759026,-0.022751278349999994,0.0001909278400000325,-0.022338766735599994,-0.000558463931399995,-0.02225441295275402,-0.0009626951971562311,-0.9999643498506888,0.008391661798381052,1,1,instant_velocity,dbscan_kmeans_fallback,False
1440,56,6.98933582555,7.34642595478,-0.02321430159199993,-0.0009307732189999917,-0.022536603938800005,-0.002176577373399997,-0.022161634991318176,-0.0018773388426032787,-0.9991967405085274,-0.04006261238967986,1,1,instant_velocity,dbscan_kmeans_fallback,False
1440,57,6.08496724949,6.12759035764,-0.04840697521399999,0.004176546495000011,-0.04801971941220001,-0.002601391816999996,-0.047393096050296936,-0.0019466558560478288,-0.9962983418327924,0.08596047014217542,-1,-1,instant_velocity,dbscan_kmeans_fallback,False
1440,58,9.9377415463,2.52549800057,-0.03634732442999997,0.017350567438999986,-0.038123649957999994,0.017574907650999994,-0.037224733683966095,0.01661875183545882,-0.9024520427293916,0.43078975614821113,2,2,instant_velocity,dbscan_kmeans_fallback,False
1440,59,10.5028403656,3.01117069298,-0.039335928990000116,0.017183505578999992,-0.03798053368400001,0.020906598454799998,-0.03786490304387399,0.01908587109904344,-0.9163790890861971,0.40031100304748524,2,2,instant_velocity,dbscan_kmeans_fallback,False
1440,60,12.955179823,1.48112271702,-0.025108487580000016,0.017684691159,-0.030597417638000016,0.01441505190266,-0.02549391751119688,0.0136184201926615,-0.8175646331841017,0.5758362782431657,2,2,instant_velocity,dbscan_kmeans_fallback,False
1440,61,13.0519937734,2.15939386781,-0.034284766360000066,0.016801649899999993,-0.03316088267400001,0.012734886912799998,-0.027938373872298312,0.011851105808481869,-0.8979681834771533,0.44005978870325485,2,2,instant_velocity,dbscan_kmeans_fallback,False
1440,96,10.5051554818,8.85690382717,0.030054417649999898,0.00816216515099999,0.03218011526079998,0.01282557763659998,0.03096032118043485,0.013358934616530472,0.965044121990617,0.2620862461359062,-1,-1,instant_velocity,dbscan_kmeans_fallback,False
1440,97,11.0109031403,3.834547002,0.06882209084999999,-0.017231237538999977,0.0675424629814,-0.012176422981399995,0.0671541782651774,-0.013142103385037808,0.970057020111553,-0.24287670911289452,-1,-1,instant_velocity,dbscan_kmeans_fallback,False
1440,98,3.64588709404,8.20035071815,0.0023993022490000015,-0.004773195994999924,0.005202697509799998,-0.00081621651519999,0.006145704290940815,-0.0011788253537720382,0.4491141863809493,-0.8934722737098536,3,3,instant_velocity,dbscan_kmeans_fallback,False
1440,99,2.98355339405,8.2437868017,0.004588139389999979,-0.007374587810999955,0.008410185780599998,0.007651433178800016,0.008023476150030524,0.002518655871949862,0.5282603561538884,-0.8490810876447629,3,3,instant_velocity,dbscan_kmeans_fallback,False
1440,100,6.31647887008,4.78202640686,0.05589953311600002,-0.006730206351999968,0.057351742372999996,-0.005164598065800004,0.05374191602594486,-0.0055627510155353424,0.9928298110184671,-0.11953497870376403,-1,-1,instant_velocity,dbscan_kmeans_fallback,False
1440,101,7.68197650133,4.19349134077,0.06715941648100002,0.004725464034999937,0.0665490676636,0.0036801341115999973,0.06458931693280318,0.003906233369617704,0.9975336071036798,0.07018835825361548,-1,-1,instant_velocity,dbscan_kmeans_fallback,False
1440,102,0.39314882478,4.4152062947,0.0,0.0,0.0,0.0,0.0,0.0,0.0,0.0,-1,-1,instant_velocity,dbscan_kmeans_fallback,False
1440,222,12.6148577407,9.68600797137,-0.004861744040000104,-0.015298093162000015,-0.003207488271999992,-0.017732423118600026,-0.0035314542467116197,-0.01611030796658793,-0.3028735863539937,-0.9530300859591021,4,4,instant_velocity,dbscan_kmeans_fallback,False
1440,225,0.876376716481,7.85310070957,-0.0255715108199,-0.005680103233000011,-0.028113929343780004,-0.014773041602199992,-0.0289355925329454,-0.010319327758184033,-0.9762065280229475,-0.21684107344896192,0,0,instant_velocity,dbscan_kmeans_fallback,False
1440,231,3.27378478023,8.92134197309,-0.025297906175999963,-0.007279123890999983,-0.03154871993279999,-0.002477288721000015,-0.030866723772918644,-0.002676261625594326,-0.9610086335349565,-0.2765169913729053,0,0,instant_velocity,dbscan_kmeans_fallback,False
1440,232,9.26572645126,9.25164713589,-0.0024413952719999797,0.00200474231700003,-0.002424558062999971,0.0020238351016000065,-0.002829526793270387,0.00219208008966577,-0.7728308532742633,0.6346070762121839,5,5,instant_velocity,dbscan_kmeans_fallback,False
1440,233,8.77471135051,9.12563476164,0.0005261627739999497,0.0008591752790000129,-0.0006229767243999973,0.001799494889800002,-0.0030814308270475242,0.0024681877327828537,0.5222476467763134,0.8527822373579439,5,5,instant_velocity,dbscan_kmeans_fallback,False
1440,340,13.2081588848,9.98099148382,-0.006019302129999992,-0.008544020827999965,-0.004402930092000013,-0.010038031175600004,-0.003835896831908172,-0.01045767709410248,-0.5759306715450824,-0.8174973687797255,4,4,instant_velocity,dbscan_kmeans_fallback,False
1440,343,13.3615879497,9.4074919851,-0.008355464849999984,-0.014510515823000069,-0.003969371967999997,-0.010004618803999997,-0.0045051142419358006,-0.011690086177060324,-0.49900565522651724,-0.866598039237866,4,4,instant_velocity,dbscan_kmeans_fallback,False
1440,376,14.3842379174,9.18625435077,-0.00039988369999992556,-0.0032457732760001077,0.0013974883279999873,-0.004725464034399991,0.0010120979745152042,-0.005653957885240635,-0.12227649224386611,-0.9924929943587322,4,4,instant_velocity,dbscan_kmeans_fallback,False
1450,51,6.94640094319,0.0305484543633,-0.0028623254910000286,0.0004773195994200001,-0.0028665347932000174,0.00046300001144360006,-0.002939243413111045,0.00033658971370205404,-0.9863756922712583,0.16448739033800458,-1,-1,instant_velocity,dbscan_kmeans_fallback,False
1450,52,1.94553947338,7.62661255964,-0.02959139441299998,-0.0022434021180000483,-0.0220062318624,-0.004324515570800003,-0.024364313667309217,-0.003185351707691137,-0.99713821368724,-0.07559569344059015,0,0,instant_velocity,dbscan_kmeans_fallback,False
1450,53,1.85840691799,7.13378007323,-0.029864999055999996,-0.006109690873000062,-0.021004417940599998,-0.0023150000574000094,-0.023022065610017028,-0.002977663483881252,-0.9797085494498406,-0.2004258018408096,0,0,instant_velocity,dbscan_kmeans_fallback,False
1450,54,3.05006036869,12.1000518455,-0.031001510647999986,0.025608196509999993,-0.024990627116999998,0.029178547114000003,-0.02612729669412065,0.028422102526777862,-0.7709828930217947,0.6368554634167203,-1,-1,instant_velocity,dbscan_kmeans_fallback,False
1450,55,6.49558467837,6.78605274505,-0.023256394613999996,0.0006205154789999945,-0.022709185328599998,0.0001622886638000054,-0.02255500745112781,-0.0004877319943093634,-0.9996438090508403,0.026671995693999504,1,1,instant_velocity,dbscan_kmeans_fallback,False
1450,56,6.75487769343,7.34093677939,-0.02344581321200003,-0.0005489175390000156,-0.022751278350599993,-0.001785175301800006,-0.022546888457522733,-0.0014788124515222997,-0.9997256213083786,-0.023405753631227728,1,1,instant_velocity,dbscan_kmeans_fallback,False
1450,57,5.61815563634,6.23188469012,-0.046681161315,0.01042943324800003,-0.04851641707099999,0.0023484124291999996,-0.047179515629707854,0.0017661708751665294,-0.9759389960320668,0.21804278913613842,-1,-1,instant_velocity,dbscan_kmeans_fallback,False
1450,58,9.56353458138,2.68253614878,-0.0374206964919999,0.01570381482100003,-0.037454370908399995,0.0171357736194,-0.037283522526376234,0.016344270731121185,-0.9220951302784355,0.38696263112938545,2,2,instant_velocity,dbscan_kmeans_fallback,False
1450,59,10.1059031689,3.17489131559,-0.039693719669999974,0.01637206226100001,-0.03750909183800001,0.021479381974200004,-0.03841354803171179,0.018271728447630413,-0.9244514974458187,0.38129904678337856,2,2,instant_velocity,dbscan_kmeans_fallback,False
1450,60,12.6744193668,1.6679933402,-0.028076045619999945,0.01868706231799999,-0.029162045588000004,0.015827917917059998,-0.0262685559438378,0.015139012830263048,-0.8324644833858296,0.5540778743952154,2,2,instant_velocity,dbscan_kmeans_fallback,False
1450,61,12.7264042488,2.36702789356,-0.03255895245999998,0.020763402575,-0.033219812904,0.014978289029999998,-0.02932454744860881,0.01452479483843731,-0.8431439762412761,0.5376873788827008,2,2,instant_velocity,dbscan_kmeans_fallback,False
1450,96,10.8059101235,8.93876413847,0.03007546417000011,0.00818603113000016,0.031704464114000006,0.011546361110200003,0.03069486407730443,0.011807063570571378,0.9648966908339298,0.2626285101953477,-1,-1,instant_velocity,dbscan_kmeans_fallback,False
1450,97,11.6597670733,3.67536091559,0.06488639329999994,-0.015918608640999966,0.0674203932184,-0.013899546735199992,0.06647384277562415,-0.013975054961826456,0.9712000379916937,-0.23826495094949413,-1,-1,instant_velocity,dbscan_kmeans_fallback,False
1450,98,3.66988011654,8.15261875821,0.0023993022500000015,-0.0047731959940000126,0.0030517440896000014,-0.003861515559399997,0.005021783678658571,-0.002257136545840431,0.4491141866054842,-0.8934722735969884,3,3,instant_velocity,dbscan_kmeans_fallback,False
1450,99,3.02964525306,8.17004092359,0.0046091859010000125,-0.007374587811000133,0.0064023486347999994,-0.00025775258380001276,0.00699918907532137,-0.00044931723293513697,0.5300039962935041,-0.8479937877965457,3,3,instant_velocity,dbscan_kmeans_fallback,False
1450,100,6.87568466636,4.71496300314,0.05592057962799997,-0.006706340371999975,0.0570570912196,-0.005675330037199995,0.05439551510656139,-0.005905827822474732,0.9928853324537303,-0.11907292510371317,-1,-1,instant_velocity,dbscan_kmeans_fallback,False
1450,101,8.36598810761,4.23621144491,0.06840116062800003,0.004272010414000072,0.06691948625640003,0.004534536194400012,0.06573287004136223,0.004015966482932414,0.9980552135025729,0.062333770753075626,-1,-1,instant_velocity,dbscan_kmeans_fallback,False
1450,102,0.745677883403,4.4152062947,0.035252905862299996,0.0,0.035252905862299996,0.0,0.01057587175869,0.0,0.9999997163355213,0.0,-1,-1,instant_velocity,dbscan_kmeans_fallback,False
1450,222,12.5552961147,9.54496002974,-0.005956162599999893,-0.014104794162999923,-0.004398720791999971,-0.016061804521200002,-0.004258866752698102,-0.015508653825511526,-0.38901640839847335,-0.9212301166005912,4,4,instant_velocity,dbscan_kmeans_fallback,False
1450,225,0.620872073395,7.79629967724,-0.02555046430860001,-0.005680103232999922,-0.027091068911100004,-0.011135866254599981,-0.02792005406564178,-0.008927560400628799,-0.9761687043755138,-0.2170112819362896,0,0,instant_velocity,dbscan_kmeans_fallback,False
1450,231,3.02943478795,8.83661774419,-0.02443499922800001,-0.008472422889999897,-0.029797650220799995,-0.001966556749599988,-0.028937206409443052,-0.004415110004915998,-0.9448164082956818,-0.32759911673412473,0,0,instant_velocity,dbscan_kmeans_fallback,False
1450,232,9.24152296366,9.27193321887,-0.0024203487600001237,0.002028608298000023,-0.002424558062800024,0.0020238351016000065,-0.0027067733832893083,0.002143038552166046,-0.7664013623303492,0.6423570804819835,5,5,instant_velocity,dbscan_kmeans_fallback,False
1450,233,8.77976251314,9.13422651443,0.000505116263000005,0.0008591752790000129,0.0003199069665999943,0.0010166907468000018,-0.0020054667000332653,0.0019854839966480012,0.506805592606008,0.8620487367400986,5,5,instant_velocity,dbscan_kmeans_fallback,False
1450,340,13.1479658634,9.89578993532,-0.006019302139999993,-0.008520154850000062,-0.004924883565999991,-0.009551165183600005,-0.004490918424335718,-0.009876420420871754,-0.5770073103706508,-0.816737807738622,4,4,instant_velocity,dbscan_kmeans_fallback,False
1450,343,13.2111053963,9.26262548668,-0.015048255339999983,-0.014486649842000076,-0.006751720715999987,-0.01188048482980001,-0.0076680565713550565,-0.01252905527654225,-0.7204218249041733,-0.693535461760809,4,4,instant_velocity,dbscan_kmeans_fallback,False
1450,376,14.3804495454,9.15379661801,-0.0003788372000000706,-0.0032457732759999303,0.000509325565999994,-0.003985618655199978,0.0005948174221606217,-0.004931502502468424,-0.1159297519708525,-0.9932543341578471,4,4,instant_velocity,dbscan_kmeans_fallback,False
1460,51,6.91756722317,0.0350829905579,-0.002883372001999973,0.0004534536194599998,-0.002870744095400006,0.00046300001144399997,-0.0029224819897777235,0.0003716488854294378,-0.9878552236460244,0.15535509339552833,-1,-1,instant_velocity,dbscan_kmeans_fallback,False
1460,52,1.6508883199,7.60274657967,-0.029465115348000004,-0.0023865979970000063,-0.025142161995999997,-0.003484433075800002,-0.025894554171516454,-0.002945725594483798,-0.9967354254173851,-0.0807329868471581,0,0,instant_velocity,dbscan_kmeans_fallback,False
1460,53,1.55996739254,7.07268316451,-0.029843952545000007,-0.006109690871999973,-0.023605766695600005,-0.0034271547238000012,-0.02506863169051192,-0.003917271700316869,-0.9796807864645638,-0.20056146214249046,0,0,instant_velocity,dbscan_kmeans_fallback,False
1460,54,2.71668363505,12.3387116452,-0.03333767336400002,0.023865979970000062,-0.02822758050300001,0.027698856356000015,-0.028290409695084465,0.027055265759744523,-0.81311730147872,0.5820994470270142,-1,-1,instant_velocity,dbscan_kmeans_fallback,False
1460,55,6.26302073224,6.79249655964,-0.023256394612999998,0.0006443814589999874,-0.022856510905200002,0.0002911649556000029,-0.022765423599689468,-0.00014809795831655814,-0.9996159325983952,0.027697069292388302,1,1,instant_velocity,dbscan_kmeans_fallback,False
1460,56,6.52063002642,7.33544760399,-0.023424766701,-0.0005489175400000157,-0.022965952762199995,-0.0013985464264000137,-0.022810251930565913,-0.0011998439780656145,-0.9997251286289078,-0.02342677155712089,1,1,instant_velocity,dbscan_kmeans_fallback,False
1460,57,5.15113355808,6.33641768239,-0.04670220782600003,0.010453299226999935,-0.048167044989,0.005011855793999995,-0.04703632328859551,0.004372309380716552,-0.9758537110390482,0.21842416703885392,-1,-1,instant_velocity,dbscan_kmeans_fallback,False
1460,58,9.18469738406,2.8326531628,-0.03788371973200011,0.015011701401999967,-0.03687348720679999,0.016558216904199997,-0.0374635816880634,0.01594449993238482,-0.9296714313312281,0.36838911352534953,2,2,instant_velocity,dbscan_kmeans_fallback,False
1460,59,9.70896597214,3.33861193819,-0.039693719675999974,0.016372062260000007,-0.03821204530319999,0.0198326293562,-0.03879759952499825,0.01770182859134129,-0.9244514974743445,0.3812990467142185,2,2,instant_velocity,dbscan_kmeans_fallback,False
1460,60,12.275587984,1.89424283033,-0.0398831382800001,0.022624949013000006,-0.030083882770000018,0.01803313446644,-0.03035293064468649,0.017384793685084138,-0.8697926826007106,0.49341691613044064,3,3,instant_velocity,dbscan_kmeans_fallback,False
1460,61,12.4182833283,2.61427944606,-0.030812092050000038,0.024725155249999985,-0.032929371052,0.018014041682399996,-0.02977081082902618,0.01758490296190611,-0.7799357233688569,0.6258592183232168,3,3,instant_velocity,dbscan_kmeans_fallback,False
1460,72,0.0465127892272,7.04666924634,0.0,0.0,0.0,0.0,0.0,0.0,0.0,0.0,-1,-1,instant_velocity,dbscan_kmeans_fallback,False
1460,96,11.1064543,9.02062444977,0.030054417649999898,0.008186031129999983,0.031119371108199977,0.010343515719600021,0.03050273014911307,0.01072075383839996,0.9648500722306872,0.2627997261182389,-1,-1,instant_velocity,dbscan_kmeans_fallback,False
1460,97,12.3086310062,3.51617482918,0.06488639329000012,-0.01591860864100001,0.06706681183260002,-0.01529331996559999,0.06599760792993695,-0.014558121065578522,0.9712000379831964,-0.23826495098412984,-1,-1,instant_velocity,dbscan_kmeans_fallback,False
1460,98,3.69387313904,8.10488679827,0.0023993022500000015,-0.0047731959940000126,0.0024035115519999996,-0.004773195994199995,0.004235039250061,-0.0030119543802883055,0.4491141866054842,-0.8934722735969884,4,4,instant_velocity,dbscan_kmeans_fallback,False
1460,99,3.07552664696,8.09629504548,0.004588139390000023,-0.007374587810999955,0.004592348692000004,-0.007374587811200008,0.006275874169724967,-0.0025268984063545824,0.5282603561538921,-0.8490810876447604,4,4,instant_velocity,dbscan_kmeans_fallback,False
1460,100,7.44267767169,4.63787588783,0.056699300533000055,-0.007708711531000034,0.05664037030240001,-0.006391309436399996,0.05508665073449299,-0.006446692935032323,0.9908837534440353,-0.13471836414646626,-1,-1,instant_velocity,dbscan_kmeans_fallback,False
1460,101,9.0499997139,4.27893154906,0.06840116062899995,0.004272010414999983,0.067323579267,0.004682505270400004,0.06653335721765355,0.004092779662552684,0.9980552135017219,0.062333770766701165,-1,-1,instant_velocity,dbscan_kmeans_fallback,False
1460,102,1.09841740714,4.4152062947,0.03527395237369999,0.0,0.03527395237369999,0.0,0.017985295943192998,0.0,0.9999997165047722,0.0,-1,-1,instant_velocity,dbscan_kmeans_fallback,False
1460,222,12.4786868148,9.42205023289,-0.00766092999000012,-0.012290979685000102,-0.005640464937999994,-0.014458010666199997,-0.005279485723888707,-0.014543351583358097,-0.5289588600461684,-0.8486466540634927,5,5,instant_velocity,dbscan_kmeans_fallback,False
1460,225,0.36536743031,7.73949864491,-0.02555046430849999,-0.005680103233000011,-0.0260682084782,-0.00749869090699999,-0.027209177138499244,-0.007953323250340164,-0.9761687043753333,-0.21701128193710237,0,0,instant_velocity,dbscan_kmeans_fallback,False
1460,231,2.78487433056,8.75189351529,-0.024456045739,-0.008472422890000076,-0.028067627019800003,-0.003479659879800003,-0.027592858208310138,-0.005632303870441222,-0.9449036454939321,-0.3273474117755986,0,0,instant_velocity,dbscan_kmeans_fallback,False
1460,232,9.21731947605,9.29221930184,-0.0024203487610000352,0.002028608296999934,-0.002424558062800024,0.0020238351015999714,-0.0026208459966025263,0.0021087094756162125,-0.7664013626168973,0.6423570801401007,6,6,instant_velocity,dbscan_kmeans_fallback,False
1460,233,8.78481367577,9.14305692702,0.000505116263000005,0.000883041258999917,0.0005093255654000117,0.0008639484749999937,-0.001252291811123284,0.001654751175353576,0.49652027340163435,0.868013800901037,6,6,instant_velocity,dbscan_kmeans_fallback,False
1460,340,13.0879833072,9.81058838682,-0.0059982556199999594,-0.008520154850000062,-0.005438418431999992,-0.009059525997600026,-0.00494311958303499,-0.009469540749610247,-0.5756591544959803,-0.8176885827893234,5,5,instant_velocity,dbscan_kmeans_fallback,False
1460,343,13.060833308,9.11775898825,-0.015027208830000128,-0.014486649842999988,-0.009529860164000006,-0.013756350855600025,-0.009875802248948578,-0.013116333646479572,-0.719936657325522,-0.6940390848228214,5,5,instant_velocity,dbscan_kmeans_fallback,False
1460,376,14.3766611734,9.12110022545,-0.000378837199999893,-0.003269639256000012,-0.0003830465000000061,-0.0032553196679999986,0.00030272103551246725,-0.0044329435285279,-0.11509480215474154,-0.993351453571096,5,5,instant_velocity,dbscan_kmeans_fallback,False
1470,51,6.88894396826,0.0398561865521,-0.0028623254909999397,0.0004773195994200001,-0.0028707440953999884,0.000467773207438,-0.0029044350401443886,0.00040335009962660646,-0.9863756922712574,0.16448739033800955,-1,-1,instant_velocity,dbscan_kmeans_fallback,False
1470,52,1.35876274774,7.5760166821,-0.029212557216000003,-0.0026729897570000106,-0.028227580503000005,-0.002701628932800002,-0.026889955084861517,-0.0028639048432386616,-0.9958395128110281,-0.09112070530757327,0,0,instant_velocity,dbscan_kmeans_fallback,False
1470,53,1.26131740199,7.01158625578,-0.029864999054999997,-0.006109690872999974,-0.026211324752600004,-0.004544082586599991,-0.026507541899858343,-0.0045749974521218,-0.9797085494485235,-0.20042580184724829,0,0,instant_velocity,dbscan_kmeans_fallback,False
1470,54,2.40456387747,12.5821446409,-0.031211975757999964,0.02434329956999992,-0.0293472548862,0.026629660451999975,-0.029166879513959115,0.02624167590282114,-0.788527118241885,0.6149995760364828,-1,-1,instant_velocity,dbscan_kmeans_fallback,False
1470,55,6.0304567861,6.79870171444,-0.023256394613999996,0.0006205154799999946,-0.023008045784199994,0.0004152680516000018,-0.022912714903982626,8.248607317840772e-05,-0.9996438090496942,0.02667199573695254,1,1,instant_velocity,dbscan_kmeans_fallback,False
1470,56,6.2861718943,7.3301970884,-0.02344581321200003,-0.0005250515589999338,-0.023180627174,-0.0010071443547999869,-0.02300092031499615,-0.0009974062523459102,-0.9997489166075728,-0.022388633848052522,1,1,instant_velocity,dbscan_kmeans_fallback,False
1470,57,4.68895217735,6.44047335507,-0.04621813807299997,0.010405567268000038,-0.0475061845446,0.007092969247600003,-0.04679086772391684,0.006182286746901598,-0.975580220664086,0.21964246148160652,-1,-1,instant_velocity,dbscan_kmeans_fallback,False
1470,58,8.80586018673,2.98253151702,-0.03788371973300002,0.014987835422000018,-0.0371807662674,0.016085670500799995,-0.03758962310154439,0.01565750057926938,-0.929871918985511,0.3678827576467903,2,2,instant_velocity,dbscan_kmeans_fallback,False
1470,59,9.31813226356,3.48180781802,-0.039083370857999886,0.014319587982999992,-0.0387971383088,0.017770608686600006,-0.03888333092489874,0.016687156408838902,-0.9389613320413022,0.3440219999357645,2,2,instant_velocity,dbscan_kmeans_fallback,False
1470,60,11.8769670664,2.12025366065,-0.039862091759999885,0.02260108303199999,-0.031611859466,0.019861268532,-0.033205678979280506,0.018949680489158894,-0.86990436227417,0.49321999557951884,3,3,instant_velocity,dbscan_kmeans_fallback,False
1470,61,12.1099519427,2.86129233876,-0.030833138559999897,0.024701289270000037,-0.03255895245999998,0.020753856183000005,-0.030089509148318296,0.01971981885433429,-0.7804390122679159,0.6252315106394074,3,3,instant_velocity,dbscan_kmeans_fallback,False
1470,72,0.279076735363,6.72018264033,0.02325639461358,-0.032648660600999954,0.02325639461358,-0.032648660600999954,0.006976918384074,-0.009794598180299988,0.5801790643145213,-0.8144886459550258,-1,-1,instant_velocity,dbscan_kmeans_fallback,False
1470,96,11.3440694088,9.16716156679,0.023761510880000003,0.014653711701999939,0.029271487446400003,0.01043897963940001,0.02848036436837915,0.011900641197479954,0.8511580818249568,0.5249087571442422,-1,-1,instant_velocity,dbscan_kmeans_fallback,False
1470,97,13.0136891235,3.48443307582,0.07050581173,-0.0031741753359999956,0.06777397460220001,-0.013966371479199999,0.06735006906995587,-0.011142937346704964,0.9989879937770778,-0.044974491790129724,-1,-1,instant_velocity,dbscan_kmeans_fallback,False
1470,98,3.71807662664,8.05715483833,0.0024203487599999906,-0.0047731959940000126,0.0024077208539999974,-0.004773195994199995,0.003690632103042697,-0.003540326864401818,0.4522508057230632,-0.8918887103528881,4,4,instant_velocity,dbscan_kmeans_fallback,False
1470,99,3.13866617985,8.02851566236,0.006313953288999974,-0.0067779383119999535,0.004937511472000003,-0.007255257911199991,0.006287297905507468,-0.0038022103780481938,0.6816177927689476,-0.7317069259600463,4,4,instant_velocity,dbscan_kmeans_fallback,False
1470,100,8.01177532811,4.55840217453,0.05690976564199994,-0.007947371329999963,0.0562657424072,-0.0071597939914000005,0.05563358520674507,-0.006896896453522615,0.9903892967601717,-0.13830651758653084,5,5,instant_velocity,dbscan_kmeans_fallback,False
1470,101,9.69633806556,4.21401608354,0.06463383516600008,-0.0064915465520000385,0.06698262578940001,0.002367505213199994,0.0659635006021575,0.0009174817981868668,0.9949940186168774,-0.09993295267446493,5,5,instant_velocity,dbscan_kmeans_fallback,False
1470,102,1.45115693087,4.4152062947,0.03527395237300002,0.0,0.03527395237300002,0.0,0.023171892872135107,0.0,0.9999997165047722,0.0,-1,-1,instant_velocity,dbscan_kmeans_fallback,False
1470,222,12.4020775149,9.29914043603,-0.007660929989999943,-0.012290979686000014,-0.006200302129999997,-0.013856587971400032,-0.005993919003722078,-0.01386764001415067,-0.5289588600151676,-0.8486466540828157,6,6,instant_velocity,dbscan_kmeans_fallback,False
1470,231,2.51947782733,8.59175278968,-0.02653965032300003,-0.01601407256100007,-0.026762743340000002,-0.007365041419200012,-0.027276895842717107,-0.008746834477608876,-0.8562049902810854,-0.5166356253597293,-1,-1,instant_velocity,dbscan_kmeans_fallback,False
1470,232,9.19311598844,9.31250538482,-0.0024203487609998574,0.002028608298000023,-0.002424558062999971,0.0020238351016000065,-0.0025606968259217254,0.002084679122331356,-0.7664013624609723,0.6423570803261371,7,7,instant_velocity,dbscan_kmeans_fallback,False
1470,233,8.7898648384,9.15164867981,0.000505116263000005,0.0008591752790000129,0.0005093255651999939,0.0008639484749999937,-0.0007250693888862971,0.001416078406447507,0.506805592606008,0.8620487367400986,7,7,instant_velocity,dbscan_kmeans_fallback,False
1470,340,13.0593600523,9.68362137337,-0.0028623254899999397,-0.012696701344999894,-0.005328976573999995,-0.009407969304599995,-0.004318881355124475,-0.010437688928227142,-0.21991917304960526,-0.9755173092666852,6,6,instant_velocity,dbscan_kmeans_fallback,False
1470,343,12.8941449412,8.94663991186,-0.0166688366799999,-0.017111907638999925,-0.01211437171,-0.015026020990000007,-0.011913712578263975,-0.014315005844235678,-0.6977720028392246,-0.7163193385889529,6,6,instant_velocity,dbscan_kmeans_fallback,False
1470,376,14.3728728014,9.08864249269,-0.0003788372000000706,-0.0032457732760001077,-0.0003830465000000061,-0.003255319668000034,9.825356485870587e-05,-0.004076792452769562,-0.11592975197084625,-0.9932543341578479,6,6,instant_velocity,dbscan_kmeans_fallback,False
1480,51,6.86011024824,0.0443907227467,-0.002883372002000062,0.00045345361946000015,-0.002870744095400006,0.00046300001144399997,-0.0028981161287010906,0.0004183811555766246,-0.9878552236460251,0.15535509339552378,-1,-1,instant_velocity,dbscan_kmeans_fallback,False
1480,52,1.06642671047,7.54952544434,-0.029233603726999992,-0.0026491237759999286,-0.029418813023599995,-0.002439103152999991,-0.027593049677503062,-0.0027994705230670416,-0.9959188632042547,-0.09024930227963927,0,0,instant_velocity,dbscan_kmeans_fallback,False
1480,53,0.956353458138,6.97411666723,-0.0304963943852,-0.003746958855000049,-0.028943161875639997,-0.0051884640456000145,-0.02770419764546084,-0.004326585872985274,-0.9925360918637717,-0.12194857698065907,0,0,instant_velocity,dbscan_kmeans_fallback,False
1480,54,2.14148249044,12.8372719668,-0.026308138703000018,0.02551273259000002,-0.029490371160799996,0.025799124350000008,-0.028309257270671385,0.026022992908974807,-0.7178755109915369,0.6961711032315705,-1,-1,instant_velocity,dbscan_kmeans_fallback,False
1480,55,5.79620911909,6.80753212703,-0.023424766701,0.0008830412590000059,-0.023189045778399996,0.000591876303400003,-0.02306633044308784,0.0003226526289248872,-0.9992898016774113,0.0376701350259944,1,1,instant_velocity,dbscan_kmeans_fallback,False
1480,56,6.04876725064,7.32470791301,-0.02374046436599997,-0.0005489175390000156,-0.02345423181659999,-0.0006205154791999945,-0.023222783530297293,-0.0008628596383421418,-0.9997323819221562,-0.023115413004694992,1,1,instant_velocity,dbscan_kmeans_fallback,False
1480,57,4.24529172626,6.54261974934,-0.04436604510900004,0.010214639427000006,-0.04647490550740001,0.009135897133000004,-0.0460634209394418,0.007391992550931121,-0.9745048120370662,0.22436562128490797,-1,-1,instant_velocity,dbscan_kmeans_fallback,False
1480,58,8.41986717568,3.11570368526,-0.038599301104999914,0.013317216824000023,-0.037626952298399984,0.015274227181600004,-0.03789252650258104,0.014955415452688574,-0.9453190514298273,0.32614628802484547,2,2,instant_velocity,dbscan_kmeans_fallback,False
1480,59,8.93592762448,3.59493256308,-0.038220463908000116,0.011312474505999991,-0.03920544062040001,0.0151119385178,-0.038684470819829155,0.015074751837987229,-0.9588805684988756,0.2838090090050373,2,2,instant_velocity,dbscan_kmeans_fallback,False
1480,60,11.4781356836,2.34650315078,-0.0398831382800001,0.022624949012999985,-0.03456258030400001,0.020844546906999994,-0.03520891676949638,0.02005226104631122,-0.8697926826007109,0.49341691613044036,2,2,instant_velocity,dbscan_kmeans_fallback,False
1480,61,11.8226670681,3.00568151759,-0.028728487460000098,0.014438917882999957,-0.03144348737800001,0.020286082975599994,-0.029681202641822835,0.01813554856293399,-0.8934959949604859,0.4490704677016698,2,2,instant_velocity,dbscan_kmeans_fallback,False
1480,72,0.463023241176,6.46052077824,0.018394650581300003,-0.025966186208999976,0.018394650581300003,-0.025966186208999976,0.010402238043241802,-0.014646074588909985,0.5780576575359032,-0.8159955367880004,-1,-1,instant_velocity,dbscan_kmeans_fallback,False
1480,96,11.5545345184,9.34138322058,0.02104651096000012,0.01742216537899992,0.026998464262000005,0.011322020898399999,0.02625020834586544,0.013557098451935944,0.7703155940434008,0.6376622566539941,-1,-1,instant_velocity,dbscan_kmeans_fallback,False
1480,97,13.7328484031,3.48443307582,0.07191592795999995,0.0,0.06820332342600001,-0.01044852603139999,0.0687198267369691,-0.007800056142693474,0.9999998609487649,0.0,-1,-1,instant_velocity,dbscan_kmeans_fallback,False
1480,98,3.77427081091,8.04522184834,0.005619418427000022,-0.0011932989989999142,0.0030475347872000037,-0.004057216595199975,0.004269268000229895,-0.0028362185047812465,0.9781864226308643,-0.20772058427830487,3,3,instant_velocity,dbscan_kmeans_fallback,False
1480,99,3.21359175887,7.96479349584,0.0074925579019999855,-0.006372216651999984,0.005518395174399995,-0.0070547836793999966,0.006648875904455223,-0.0045732122602337305,0.7617607887577825,-0.6478568262605324,3,3,instant_velocity,dbscan_kmeans_fallback,False
1480,100,8.57961019388,4.47988310042,0.056783486577000095,-0.007851907410999993,0.05644253309920002,-0.0073889073991999865,0.05597855561782158,-0.007183399740765829,0.990574376776225,-0.13697465159362623,4,4,instant_velocity,dbscan_kmeans_fallback,False
1480,101,10.3178415343,4.0777413379,0.062150346873999854,-0.013627474563999976,0.06614918395559999,-0.0013699072504000042,0.06481955448371021,-0.0034460051104691866,0.9767944701309929,-0.21417807728334015,4,4,instant_velocity,dbscan_kmeans_fallback,False
1480,102,1.82641622133,4.45243722345,0.03752592904599998,0.003723092874999967,0.03752592904599998,0.003723092874999967,0.027478103724294572,0.0011169278624999902,0.9951140786534497,0.09872912490734813,-1,-1,instant_velocity,dbscan_kmeans_fallback,False
1480,222,12.3252577499,9.17790125778,-0.007681976499999976,-0.012123917824999886,-0.006764348624000007,-0.013221752904199989,-0.006500336252605448,-0.013344523357405434,-0.5352255030191446,-0.8447083919676606,5,5,instant_velocity,dbscan_kmeans_fallback,False
1480,231,2.24903016146,8.4127579399,-0.02704476658699999,-0.01789948497799987,-0.025554673610599998,-0.01162750544199998,-0.02720725706600197,-0.011492629627726174,-0.8339005441779616,-0.5519141833094698,-1,-1,instant_velocity,dbscan_kmeans_fallback,False
1480,232,9.16891250084,9.33279146779,-0.0024203487600001237,0.002028608297000112,-0.002424558062800024,0.0020238351014000245,-0.002518592406145245,0.002067857874731983,-0.7664013624862231,0.6423570802960079,6,6,instant_velocity,dbscan_kmeans_fallback,False
1480,233,8.79491600103,9.1602404326,0.000505116263000005,0.0008591752790000129,0.0005093255651999939,0.0008639484749999937,-0.0003560136933204065,0.0012490074682132589,0.506805592606008,0.8620487367400986,6,6,instant_velocity,dbscan_kmeans_fallback,False
1480,340,13.0444170295,9.53875487495,-0.0014943022800000705,-0.014486649842000076,-0.004478697531999991,-0.010553536343000013,-0.0034715076325871536,-0.011652377202359022,-0.10260581156441731,-0.9947214052888185,5,5,instant_velocity,dbscan_kmeans_fallback,False
1480,343,12.7112507609,8.74950691729,-0.018289418029999994,-0.019713299456999955,-0.014677836745999998,-0.016061804520800003,-0.013826424213784782,-0.015934493928064963,-0.6801354988424215,-0.7330859154744086,5,5,instant_velocity,dbscan_kmeans_fallback,False
1480,376,14.3690844295,9.05594610013,-0.00037883718999989215,-0.0032696392559998346,-0.00038304649799997037,-0.0032553196679999986,-4.487366159887356e-05,-0.003834646493738644,-0.1150947991568856,-0.9933514539184417,5,5,instant_velocity,dbscan_kmeans_fallback,False
1480,412,7.70575905872,2.66988717939,0.0,0.0,0.0,0.0,0.0,0.0,0.0,0.0,-1,-1,instant_velocity,dbscan_kmeans_fallback,False
1490,51,6.86431955044,0.127682992847,0.00042093022000004864,0.00832922701003,-0.0022140929531999907,0.002038154689558,-0.0019024022240907489,0.0027916349119126373,0.05047205789916875,0.9987242728866218,0,0,instant_velocity,dbscan_kmeans_fallback,False
1490,52,0.774090673203,7.52303420657,-0.02923360372670001,-0.0026491237770000175,-0.029347254886139998,-0.002520247485000002,-0.028085215892262146,-0.002754366499246934,-0.9959188632011092,-0.09024930231435097,1,1,instant_velocity,dbscan_kmeans_fallback,False
1490,53,0.636867421727,6.99177749241,-0.031948603641100005,0.0017660825180000118,-0.030403789736459998,-0.004061989791000009,-0.02897751944415259,-0.002498785355689688,-0.9984753042608504,0.055194580624529484,1,1,instant_velocity,dbscan_kmeans_fallback,False
1490,54,1.87840110341,13.0921606329,-0.026308138702999993,0.025488866610000115,-0.029633487435199998,0.024963815050000022,-0.027708921700369968,0.0258627550192824,-0.7182010444922081,0.6958352633338196,-1,-1,instant_velocity,dbscan_kmeans_fallback,False
1490,55,5.56069866142,6.81874913761,-0.023551045767000022,0.0011217010580000242,-0.023348999261800004,0.0007780309470000013,-0.023211745040261494,0.0005623671576474283,-0.9988672652945997,0.04757455271275055,2,2,instant_velocity,dbscan_kmeans_fallback,False
1490,56,5.80694283968,7.31969605721,-0.02418244109600005,-0.0005011855800000298,-0.023647859717400018,-0.0005345979514000021,-0.02351068080000812,-0.0007543574208395082,-0.999784889157757,-0.020720727388877123,2,2,instant_velocity,dbscan_kmeans_fallback,False
1490,57,3.80184174028,6.64500480342,-0.044344998597999966,0.010238505407999999,-0.0456625101842,0.010348288915600001,-0.04554789423700925,0.008245946408051784,-0.9743666922582089,0.22496468516092544,-1,-1,instant_velocity,dbscan_kmeans_fallback,False
1490,58,8.00525090972,3.18061915078,-0.041461626595999945,0.006491546551999993,-0.03864981273159998,0.013102423004200005,-0.03896325653060671,0.012416254782482001,-0.9879638945482591,0.15468311640658056,3,3,instant_velocity,dbscan_kmeans_fallback,False
1490,59,8.5537229854,3.70805730815,-0.038220463907999935,0.011312474506999992,-0.038982347603999976,0.013937732303399999,-0.038545268746280385,0.013946068638691057,-0.9588805684920477,0.2838090090281059,3,3,instant_velocity,dbscan_kmeans_fallback,False
1490,60,11.2017949947,2.4973361442,-0.027634068889999953,0.015083299342000034,-0.03506769656599999,0.0203242685436,-0.03293646240564745,0.018561572535017862,-0.8777594485229813,0.4791009447447686,4,4,instant_velocity,dbscan_kmeans_fallback,False
1490,61,11.5444321932,3.10567997367,-0.0278234874899999,0.009999845608000024,-0.030151231603999983,0.018925722117200002,-0.029123888096275953,0.0156948376764538,-0.9410660034224895,0.3382219696414682,4,4,instant_velocity,dbscan_kmeans_fallback,False
1490,72,0.533108122681,6.35718108497,0.007008488150500003,-0.010333969327000059,0.007008488150500003,-0.010333969327000059,0.009384113075419262,-0.013352443010337006,0.5612899279217568,-0.8276182785988868,-1,-1,instant_velocity,dbscan_kmeans_fallback,False
1490,96,11.7649996281,9.51536621458,0.021046510969999942,0.017398299400000105,0.025196882926000017,0.013169247748200021,0.02468909913310579,0.014709458736355192,0.7707447278940351,0.6371434940445178,-1,-1,instant_velocity,dbscan_kmeans_fallback,False
1490,97,14.4520076827,3.48443307582,0.07191592795999995,0.0,0.06882209084799999,-0.007002278523599994,0.06967865710387836,-0.0054600392998854315,0.9999998609487649,0.0,-1,-1,instant_velocity,dbscan_kmeans_fallback,False
1490,98,3.84456615753,8.04856308554,0.007029534662000003,0.0003341237199999014,0.003973581269800004,-0.00303575265220001,0.005097347998760928,-0.001885115837346902,0.9988708734537505,0.047477744699385586,5,5,instant_velocity,dbscan_kmeans_fallback,False
1490,99,3.28830687279,7.90130998911,0.007471511391999997,-0.00634835067300008,0.006095069574799998,-0.006849536251800022,0.006895666550718655,-0.005105753784063635,0.7620610346825795,-0.6475036212317526,5,5,instant_velocity,dbscan_kmeans_fallback,False
1490,100,9.13629040884,4.4106717585,0.05566802149600001,-0.006921134192,0.056396230775200014,-0.007427092967199993,0.055885395381275106,-0.00710472007613608,0.9923594701417091,-0.12337878866498425,-1,-1,instant_velocity,dbscan_kmeans_fallback,False
1490,101,10.9616543046,3.88227896194,0.06438127703000003,-0.019546237596000004,0.06559355606539999,-0.006224247576599993,0.06468807124759715,-0.008276074856128433,0.9568724966655848,-0.2905077070805539,-1,-1,instant_velocity,dbscan_kmeans_fallback,False
1490,102,2.23556039444,4.54503722574,0.040914417311000026,0.009260000229000021,0.03684823139320001,0.0025966186207999975,0.03150899780030621,0.00355984957245,0.9753317586564758,0.22074302659277467,-1,-1,instant_velocity,dbscan_kmeans_fallback,False
1490,222,12.2442286827,9.07408424491,-0.008102906720000113,-0.010381701286999955,-0.0074125811600000095,-0.012238474529199976,-0.0069811073928238475,-0.01245567673628379,-0.6152758370442237,-0.7883109321171974,6,6,instant_velocity,dbscan_kmeans_fallback,False
1490,231,1.97837203048,8.23376309011,-0.02706581309799998,-0.017899484979000135,-0.025908254995,-0.01375157765960001,-0.027164823875601374,-0.013414686233108365,-0.8340980602007001,-0.551615635765948,-1,-1,instant_velocity,dbscan_kmeans_fallback,False
1490,232,9.14470901323,9.35307755077,-0.0024203487609998574,0.0020286082979998456,-0.0024203487605999998,0.0020286082975999875,-0.0024891193126016288,0.0020560830017123414,-0.766401362461,0.6423570803261041,7,7,instant_velocity,dbscan_kmeans_fallback,False
1490,233,8.78060437358,9.1619110512,-0.0014311627450000585,0.00016706186000003953,0.00011786046139999228,0.000725525791199999,-0.0006785584088243021,0.0009244237857492931,-0.9932488248422796,0.11594348490464508,7,7,instant_velocity,dbscan_kmeans_fallback,False
1490,340,13.0292635416,9.39388837652,-0.0015153487899999263,-0.014486649842999988,-0.003577906863999978,-0.011742062146000017,-0.0028846599798109853,-0.012502658994551313,-0.10403542979790452,-0.994572901429725,6,6,instant_velocity,dbscan_kmeans_fallback,False
1490,343,12.5485612312,8.56239763432,-0.016268952969999972,-0.018710928297000072,-0.016260534369999996,-0.016901887015600005,-0.014559182840649339,-0.016767424238745495,-0.6561458506464146,-0.7546335640934122,6,6,instant_velocity,dbscan_kmeans_fallback,False
1490,376,14.3652960575,9.02348836737,-0.0003788372000000706,-0.0032457732760001077,-0.00037883719799999935,-0.0032553196679999986,-0.00014506272311923268,-0.003657984528417083,-0.11592975197084625,-0.9932543341578479,6,6,instant_velocity,dbscan_kmeans_fallback,False
1490,412,7.48203464719,2.68492274678,-0.022372441153000012,0.0015035567390000004,-0.022372441153000012,0.0015035567390000004,-0.006711732345900005,0.0004510670217000002,-0.9977488697018532,0.06705446341820819,3,3,instant_velocity,dbscan_kmeans_fallback,False
1490,413,8.12395323155,1.52742271817,0.0,0.0,0.0,0.0,0.0,0.0,0.0,0.0,0,0,instant_velocity,dbscan_kmeans_fallback,False
1490,414,7.11372070534,1.64675261802,0.0,0.0,0.0,0.0,0.0,0.0,0.0,0.0,0,0,instant_velocity,dbscan_kmeans_fallback,False
1500,51,6.94534861764,0.393788669527,0.008102906719999936,0.026610567667999997,-2.104651099999799e-05,0.007264804303273999,0.0010991904591364573,0.009937314738738845,0.2912943754470789,0.9566330894578472,-1,-1,instant_velocity,dbscan_kmeans_fallback,False
1500,52,0.481754635933,7.4965429688,-0.029233603726999995,-0.0026491237770000175,-0.029275696748939997,-0.002601391816799996,-0.028429732242683498,-0.002722793682572859,-0.9959188632011924,-0.0902493023134324,0,0,instant_velocity,dbscan_kmeans_fallback,False
1500,53,0.317170920206,7.00943831758,-0.031969650152099995,0.0017660825170000116,-0.03082471995568,-0.0024868351129999945,-0.02987515865653681,-0.001219324993882778,-0.9984773063150618,0.05515835506221402,0,0,instant_velocity,dbscan_kmeans_fallback,False
1500,54,1.61531971638,13.347049299,-0.026308138703000018,0.02548886660999994,-0.0286948130462,0.024939949070000012,-0.02728868680115898,0.025750588496497664,-0.718201044492211,0.6958352633338168,-1,-1,instant_velocity,dbscan_kmeans_fallback,False
1500,55,5.32518820375,6.830204808,-0.023551045767000022,0.0011455670390000173,-0.023407929492400007,0.0008830412590000059,-0.023313535258283054,0.0007373271220532051,-0.998818655520563,0.04858441281218834,1,1,instant_velocity,dbscan_kmeans_fallback,False
1500,56,5.56532889383,7.31468420142,-0.02416139458499993,-0.0005011855789999409,-0.023790975991999995,-0.0005250515593999872,-0.023705894935505664,-0.0006784058682876381,-0.999784514719219,-0.020738768994560012,1,1,instant_velocity,dbscan_kmeans_fallback,False
1500,57,3.39332896249,6.72471717653,-0.040851277778999995,0.007971237310999957,-0.044496533477,0.009856649728199987,-0.044138909299606476,0.008163533678936236,-0.9814891988193205,0.19151624495804304,-1,-1,instant_velocity,dbscan_kmeans_fallback,False
1500,58,7.59084510886,3.2457732761,-0.04144058008600009,0.0065154125319999865,-0.03945378945040002,0.011264742546399998,-0.039706453597224724,0.010646002107337396,-0.9878647448935364,0.15531506377186824,2,2,instant_velocity,dbscan_kmeans_fallback,False
1500,59,8.17151834632,3.82118205321,-0.038220463908000116,0.011312474505999991,-0.0386876964516,0.012925814752399995,-0.0384478272947963,0.013155990398883738,-0.9588805684988756,0.2838090090050373,2,2,instant_velocity,dbscan_kmeans_fallback,False
1500,60,11.1091903465,2.53552171216,-0.009260464820000003,0.0038185567959999832,-0.03130458040600001,0.0173505674392,-0.025833663129953215,0.014138667813312498,-0.9244864099902073,0.381212383211422,-1,-1,instant_velocity,dbscan_kmeans_fallback,False
1500,61,11.2659868531,3.20567842975,-0.02784453401000011,0.00999984560799998,-0.029208347914000007,0.016773010723799997,-0.0287400818703932,0.013986340055917652,-0.9411473534368519,0.3379955371264722,-1,-1,instant_velocity,dbscan_kmeans_fallback,False
1500,62,15.1499099862,6.37746716794,0.0,0.0,0.0,0.0,0.0,0.0,0.0,0.0,-1,-1,instant_velocity,dbscan_kmeans_fallback,False
1500,72,0.603403469296,6.25360273189,0.007029534661499992,-0.010357835307999963,0.007029534661499992,-0.010357835307999963,0.008677739551243482,-0.012454060699635894,0.5615558619478821,-0.827437862445503,-1,-1,instant_velocity,dbscan_kmeans_fallback,False
1500,96,11.9754647377,9.68958786837,0.02104651095999994,0.01742216537899992,0.023391092283999982,0.015016474597999974,0.023596322681174033,0.015523270729148612,0.7703155940433982,0.6376622566539973,-1,-1,instant_velocity,dbscan_kmeans_fallback,False
1500,97,15.1709564971,3.48443307582,0.07189488144000009,0.0,0.07022378847600003,-0.003818556795400001,0.07034352440471488,-0.0038220275099198017,0.999999860908059,0.0,-1,-1,instant_velocity,dbscan_kmeans_fallback,False
1500,98,3.91465103903,8.05190432273,0.007008488149999969,0.00033412371899999016,0.004895418449799998,-0.0020142887096000093,0.00567069004413264,-0.0012193439704428343,0.9988640975700532,0.04761999733932299,3,3,instant_velocity,dbscan_kmeans_fallback,False
1500,99,3.36323245182,7.83758782259,0.00749255790300003,-0.006372216651999984,0.006671743975200001,-0.006649062019999992,0.007074733956403068,-0.00548569264444454,0.761760788800457,-0.6478568262103553,3,3,instant_velocity,dbscan_kmeans_fallback,False
1500,100,9.6929706238,4.34122175679,0.05566802149600001,-0.0069450001709999935,0.05634571914880002,-0.0074748249269999964,0.05582018321569258,-0.007056804104595254,0.9923072947196081,-0.1237977234741028,-1,-1,instant_velocity,dbscan_kmeans_fallback,False
1500,101,11.6281973068,3.62762895564,0.0666543002200001,-0.02546500062999999,0.0652441839838,-0.012171649785400005,0.06527793993931803,-0.013432752588289902,0.9341473567604743,-0.3568871468142805,-1,-1,instant_velocity,dbscan_kmeans_fallback,False
1500,102,2.64491503266,4.63787588783,0.040935463821999994,0.009283866209000013,0.037984742985140006,0.0044533918626,0.03433693760681435,0.0052770545634150045,0.975233681882508,0.22117592375347206,-1,-1,instant_velocity,dbscan_kmeans_fallback,False
1500,222,12.1631996155,8.97002857223,-0.008102906719999936,-0.010405567268000127,-0.007841929984000018,-0.011498629150200017,-0.007317647190976675,-0.01184064389579869,-0.6143977360643997,-0.7889955040634047,4,4,instant_velocity,dbscan_kmeans_fallback,False
1500,231,1.69782203935,8.1621651502,-0.028054999113000002,-0.00715979399099993,-0.026632254972,-0.013489051879800016,-0.027431876446820963,-0.011538218560475834,-0.968943733042283,-0.24727990507183936,0,0,instant_velocity,dbscan_kmeans_fallback,False
1500,232,9.12050552562,9.37336363375,-0.0024203487610000352,0.002028608298000023,-0.0024203487607999817,0.0020286082975999875,-0.002468488147121151,0.002047840590598646,-0.7664013624609955,0.6423570803261094,5,5,instant_velocity,dbscan_kmeans_fallback,False
1500,233,8.74714042115,9.15689919541,-0.0033463952429999113,-0.0005011855790000297,-0.000652441839799991,0.00045345361959999055,-0.0014789094590769848,0.0004967409763244961,-0.9889669485297403,-0.1481163869532741,5,5,instant_velocity,dbscan_kmeans_fallback,False
1500,340,12.9488658697,9.19436878396,-0.008039767190000014,-0.019951959255999973,-0.003981999873999982,-0.014028423027199999,-0.004431192142867694,-0.01473744907298591,-0.373753116855008,-0.9275277235103749,4,4,instant_velocity,dbscan_kmeans_fallback,False
1500,343,12.467532164,8.4156218575,-0.008102906720000113,-0.01467757768200002,-0.014871464646000022,-0.01694007258359999,-0.012622300004454572,-0.016140470271721854,-0.48330259948121235,-0.8754526854281666,4,4,instant_velocity,dbscan_kmeans_fallback,False
1500,376,14.3612972204,8.9910306346,-0.00039988371000010403,-0.0032457732770000193,-0.0003830465000000061,-0.003255319668200016,-0.0002215090191834941,-0.0035343211529919637,-0.12227649521889637,-0.9924929939922064,4,4,instant_velocity,dbscan_kmeans_fallback,False
1500,412,7.25831023566,2.69971965436,-0.022372441153000012,0.0014796907580000075,-0.022372441153000012,0.0014796907580000075,-0.011409944988030007,0.0007596541425900024,-0.9978195212829659,0.06599477963523043,2,2,instant_velocity,dbscan_kmeans_fallback,False
1500,413,7.81477998551,1.6691866392,-0.03091732460400003,0.014176392103000012,-0.03091732460400003,0.014176392103000012,-0.00927519738120001,0.004252917630900004,-0.9089982659697013,0.4167991895930856,6,6,instant_velocity,dbscan_kmeans_fallback,False
1500,414,6.83317071421,1.84555623118,-0.028054999112999912,0.019880361315999996,-0.028054999112999912,0.019880361315999996,-0.008416499733899975,0.0059641083948,-0.8159135240258832,0.5781734511882126,6,6,instant_velocity,dbscan_kmeans_fallback,False
1510,51,7.02637768485,0.659894346208,0.008102906721000025,0.026610567668100004,0.0021762092336000015,0.012496227113002,0.003200305337695528,0.014939290617547193,0.291294375478979,0.9566330894481337,-1,-1,instant_velocity,dbscan_kmeans_fallback,False
1510,52,0.189418598663,7.47005173103,-0.029233603727000002,-0.0026491237770000175,-0.02922939442474,-0.0026538969727999983,-0.028670893687978448,-0.0027006927109010067,-0.9959188632011925,-0.09024930231343238,0,0,instant_velocity,dbscan_kmeans_fallback,False
1510,54,1.35223832934,13.6019379651,-0.026308138703999995,0.02548886660999994,-0.0272889061142,0.025264526397999986,-0.026994522372011283,0.025672071930548348,-0.7182010445054287,0.6958352633201741,-1,-1,instant_velocity,dbscan_kmeans_fallback,False
1510,55,5.08967774607,6.84166047839,-0.023551045768000024,0.0011455670389999284,-0.023466859723400013,0.0009832783749999941,-0.023384788411198145,0.0008597990971372222,-0.9988186555206634,0.0485844128101265,1,1,instant_velocity,dbscan_kmeans_fallback,False
1510,56,5.32350448287,7.30967234562,-0.02418244109600005,-0.0005011855800000298,-0.02394251087100001,-0.00051550516739999,-0.023848858783653983,-0.0006252397818013555,-0.999784889157757,-0.020720727388877123,1,1,instant_velocity,dbscan_kmeans_fallback,False
1510,57,3.03722199701,6.77053985807,-0.035610696548,0.004582268154000068,-0.042278231221399995,0.008682443513600013,-0.04158044547412453,0.0070891540214553855,-0.9918222834703903,0.12762445289010352,1,1,instant_velocity,dbscan_kmeans_fallback,False
1510,58,7.1762288429,3.31092740142,-0.041461626596000035,0.0065154125319999865,-0.040169370823200004,0.0095654847724,-0.040233005496857314,0.009406825234736172,-0.9878768386308043,0.15523812409011029,2,2,instant_velocity,dbscan_kmeans_fallback,False
1510,59,7.79520673031,3.92881762288,-0.037631161600999885,0.01076355696700002,-0.03827518483659999,0.011804113693799998,-0.03820282758665738,0.012438260369318624,-0.9614440489545796,0.2749996904488541,2,2,instant_velocity,dbscan_kmeans_fallback,False
1510,60,11.0165856982,2.57370728011,-0.009260464830000004,0.0038185567949999832,-0.025180045715999987,0.013589288995599995,-0.02086170363996725,0.011042634507818743,-0.9244864101704696,0.38121238277426583,3,3,instant_velocity,dbscan_kmeans_fallback,False
1510,61,11.0894066262,3.2503078123,-0.017658022689999876,0.0044629382550000155,-0.026577534041999976,0.012720567324800003,-0.025415464116275203,0.01112931951564236,-0.9695130476310841,0.24503745096243548,3,3,instant_velocity,dbscan_kmeans_fallback,False
1510,62,14.9045076684,6.43044964348,-0.024540231779999998,0.005298247554000035,-0.024540231779999998,0.005298247554000035,-0.007362069534,0.0015894742662000106,-0.9774774833255543,0.21103784721953953,-1,-1,instant_velocity,dbscan_kmeans_fallback,False
1510,72,0.671383699705,6.13117025464,0.006798023040900003,-0.012243247725000028,0.012497418209555999,-0.018309979833999998,0.008113824598140439,-0.012390816807245134,0.48543623999652363,-0.8742712558066232,-1,-1,instant_velocity,dbscan_kmeans_fallback,False
1510,96,12.2943193788,9.81249766522,0.03188546410999997,0.012290979685000102,0.023757301575999996,0.015837464308999998,0.026083065109821814,0.01455358341590406,0.933077014589693,0.3596758256771214,-1,-1,instant_velocity,dbscan_kmeans_fallback,False
1510,98,3.98473592054,8.05500690013,0.007008488151000014,0.0003102577399999973,0.00581725563,-0.0009975979628000075,0.006072029476192852,-0.0007604634573099847,0.9990201480834697,0.044225477261399644,4,4,instant_velocity,dbscan_kmeans_fallback,False
1510,99,3.4547847745,7.77410431587,0.009155232268000014,-0.006348350671999991,0.0075851625508,-0.006443814592199999,0.007698883449882152,-0.005744490052711175,0.8217664069272042,-0.5698229350092691,4,4,instant_velocity,dbscan_kmeans_fallback,False
1510,100,10.2496508388,4.27201041487,0.05566802149999983,-0.006921134192,0.05613946334219998,-0.00731730945919999,0.05577453470098476,-0.007016103130816678,0.9923594701427945,-0.12337878865625426,-1,-1,instant_velocity,dbscan_kmeans_fallback,False
1510,101,12.294740309,3.37297894935,0.06665430021999992,-0.02546500062899999,0.064894811902,-0.0181190519942,0.0656908480235226,-0.01704242700050293,0.9341473567651463,-0.3568871468020515,-1,-1,instant_velocity,dbscan_kmeans_fallback,False
1510,102,3.05405920578,4.73071454992,0.04091441731199996,0.009283866209000013,0.0391128359728,0.006310165104400003,0.03631018151837003,0.006479098057090507,0.9752091356061517,0.22128412759056118,-1,-1,instant_velocity,dbscan_kmeans_fallback,False
1510,222,12.0823810134,8.86597289955,-0.00808186021000008,-0.01040556726799995,-0.007926116028000009,-0.011121546666799986,-0.007546911096683696,-0.011410120907459067,-0.613402840444758,-0.7897692304467745,5,5,instant_velocity,dbscan_kmeans_fallback,False
1510,231,1.41706158311,8.09056721029,-0.028076045624000012,-0.00715979399099993,-0.027356254949000004,-0.013226526099999986,-0.027625127199974675,-0.010224691189633062,-0.9689881337635412,-0.24710586064655396,0,0,instant_velocity,dbscan_kmeans_fallback,False
1510,232,8.94750320551,9.4141744595,-0.017300232011000106,0.004081082575000039,-0.005396325410799996,0.0024391031532000084,-0.006918011306284838,0.002657813185919064,-0.9732855170608069,0.22959568181809267,6,6,instant_velocity,dbscan_kmeans_fallback,False
1510,233,8.71346600361,9.15188733961,-0.0033674417540000335,-0.0005011855800001186,-0.0014269534431999985,0.0001766082517999834,-0.0020454691475538995,0.0001973630094271117,-0.9891021737220714,-0.14721078576264202,6,6,instant_velocity,dbscan_kmeans_fallback,False
1510,340,12.861101919,8.98888269641,-0.00877639507000012,-0.020548608754999975,-0.004537627764000014,-0.016434113808199983,-0.005734753021007422,-0.01648079697759013,-0.39277880720450314,-0.919632488296905,5,5,instant_velocity,dbscan_kmeans_fallback,False
1510,343,12.3867135619,8.26860742087,-0.008081860209999903,-0.014701443663000014,-0.013482394921999976,-0.016983031347599997,-0.011260168066118171,-0.015708762289105303,-0.48173842643226145,-0.8763143821434959,5,5,instant_velocity,dbscan_kmeans_fallback,False
1510,376,14.3575088484,8.95833424204,-0.000378837199999893,-0.003269639256000012,-0.0003830465000000061,-0.003255319668200016,-0.00026870747342841374,-0.003454916583894378,-0.11509480215474154,-0.993351453571096,5,5,instant_velocity,dbscan_kmeans_fallback,False
1510,412,7.03479628923,2.71475522174,-0.022351394642999976,0.0015035567380000004,-0.022351394642999976,0.0015035567380000004,-0.014692379884521,0.000982824921213002,-0.9977446430478881,0.06711731884381006,2,2,instant_velocity,dbscan_kmeans_fallback,False
1510,413,7.50560673947,1.81071190043,-0.03091732460400003,0.014152526122999998,-0.03091732460400003,0.014152526122999998,-0.015767835548040017,0.007222800178530003,-0.9092640048860908,0.41621915048202807,2,2,instant_velocity,dbscan_kmeans_fallback,False
1510,414,6.55241025797,2.04459850415,-0.028076045624000033,0.01990422729700001,-0.028076045624000033,0.01990422729700001,-0.014314363500929994,0.010146144065460005,-0.8157908002119,0.578346599506123,2,2,instant_velocity,dbscan_kmeans_fallback,False
1520,51,7.24273581754,1.21191446294,0.021635813268999993,0.055202011673200005,0.007075836985599988,0.023441165527758,0.008730957717086868,0.027018106934243037,0.3649115408796949,0.9310420130214669,-1,-1,instant_velocity,dbscan_kmeans_fallback,False
1520,55,4.84890566066,6.8268635708,-0.024077208540999973,-0.0014796907590000075,-0.023631022508800007,0.0005632371271999937,-0.023592514450138692,0.00015795214029605314,-0.9981164940319531,-0.061340323157047696,0,0,instant_velocity,dbscan_kmeans_fallback,False
1520,56,5.08168007191,7.30442183003,-0.024182441095999964,-0.0005250515590000226,-0.02408983644779999,-0.0005155051674000078,-0.023948933477357777,-0.0005951833149609556,-0.999763962351279,-0.021706974286868318,0,0,instant_velocity,dbscan_kmeans_fallback,False
1520,57,2.68090456641,6.81660119942,-0.035631743059999985,0.004606134134999973,-0.0401609522188,0.007522556887,-0.03979583474988717,0.006344248055518762,-0.9917475722674686,0.12820372941711883,0,0,instant_velocity,dbscan_kmeans_fallback,False
1520,58,6.85063931831,3.42476812589,-0.03255895245899998,0.011384072447000015,-0.039104417368399993,0.0088447321774,-0.03793078958550011,0.009999999398415324,-0.9439625455685872,0.3300517121839063,1,1,instant_velocity,dbscan_kmeans_fallback,False
1520,59,7.42289395138,4.03263463576,-0.03723127789300005,0.010381701288,-0.03790476624360002,0.011016536354799999,-0.03791136267856018,0.011821292644923036,-0.9632524504890604,0.2685967222143508,1,1,instant_velocity,dbscan_kmeans_fallback,False
1520,60,10.9544984909,2.62096192045,-0.006208720729999939,0.004725464034000026,-0.01844937151,0.010014165196000003,-0.016465808766977057,0.009147483365673127,-0.795738890129717,0.6056377262378676,2,2,instant_velocity,dbscan_kmeans_fallback,False
1520,61,10.9808066296,3.25818358569,-0.010859999660000064,0.0007875773389999896,-0.02258290626200001,0.007937824938599992,-0.02104882477939266,0.008026796862649649,-0.99737976821964,0.07233091421909361,2,2,instant_velocity,dbscan_kmeans_fallback,False
1520,62,14.6441623277,6.48200016022,-0.02603453407000007,0.0051550516739999885,-0.02603453407000007,0.0051550516739999885,-0.012963808894800023,0.002659147488540004,-0.9809542464914734,0.19423700139578698,-1,-1,instant_velocity,dbscan_kmeans_fallback,False
1520,63,14.6601576761,7.22614141572,0.0,0.0,0.0,0.0,0.0,0.0,0.0,0.0,3,3,instant_velocity,dbscan_kmeans_fallback,False
1520,72,0.734523232593,5.96410839484,0.0063139532888,-0.016706185979999955,0.0091089299446,-0.015121484909799997,0.007573863205338307,-0.01368542755907158,0.35353401206056756,-0.9354210722806746,-1,-1,instant_velocity,dbscan_kmeans_fallback,False
1520,96,12.6131740199,9.93540746207,0.03188546411000015,0.012290979684999925,0.025382092222000024,0.015364917905599995,0.027823784809875317,0.01387480229663282,0.9330770145896955,0.35967582567711515,-1,-1,instant_velocity,dbscan_kmeans_fallback,False
1520,98,4.05503126716,8.05834813732,0.007029534662000047,0.00033412371899999016,0.006739092810400011,2.3865979799992943e-05,0.006359281031935011,-0.0004320873044169921,0.9988708734604886,0.047477744557621875,4,4,instant_velocity,dbscan_kmeans_fallback,False
1520,99,3.69618825524,7.71085946894,0.024140348073999986,-0.0063244846929999985,0.011150441507800002,-0.006353123868400008,0.012631322837117502,-0.005918488444797823,0.9673520665328049,-0.25343476070744597,4,4,instant_velocity,dbscan_kmeans_fallback,False
1520,100,10.8473717501,3.98561865521,0.05977209113000015,-0.02863917596600003,0.05671192843980002,-0.011455670386400003,0.056973801629689375,-0.013503024981371684,0.9018254038464311,-0.4321002652424169,-1,-1,instant_velocity,dbscan_kmeans_fallback,False
1520,101,12.9581263345,3.00377223919,0.06633860254999994,-0.03692067101600003,0.06523576537879996,-0.024204876886999998,0.0658851743814658,-0.02300590020515206,0.8737884597475312,-0.4863059368125928,-1,-1,instant_velocity,dbscan_kmeans_fallback,False
1520,102,3.60000570014,4.86579599656,0.05459464943600003,0.013508144664000011,0.0429769753854,0.009011794037200005,0.04179552189365903,0.008587812039163359,0.9707273585192395,0.24018334623711096,-1,-1,instant_velocity,dbscan_kmeans_fallback,False
1520,222,11.9889345047,8.76907702087,-0.00934465086999996,-0.009689587867999982,-0.008262860204000013,-0.01060126830319998,-0.008086233028678575,-0.010893960995621342,-0.6941781550721805,-0.7198021973418081,3,3,instant_velocity,dbscan_kmeans_fallback,False
1520,231,1.13651159198,8.01896927037,-0.028054999113000002,-0.007159793992000019,-0.027659324706999996,-0.011455670386199976,-0.027754088773882274,-0.00930522203034315,-0.9689437330340072,-0.24727990510426767,-1,-1,instant_velocity,dbscan_kmeans_fallback,False
1520,232,8.71072995718,9.46381569784,-0.023677324832999957,0.004964123833999956,-0.009647720625200015,0.003026206260399995,-0.011945805364299374,0.0033497063803433315,-0.9787205012543152,0.20519589106322833,-1,-1,instant_velocity,dbscan_kmeans_fallback,False
1520,233,8.67979158607,9.14687548382,-0.0033674417540000335,-0.0005011855789998521,-0.0022014650466000065,-9.546391979998958e-05,-0.0024420609294877396,-1.2201567100977466e-05,-0.9891021737648511,-0.14721078547520566,-1,-1,instant_velocity,dbscan_kmeans_fallback,False
1520,340,12.7735484334,8.78339660885,-0.008755348559999909,-0.020548608756000064,-0.005716232378000008,-0.018004495290400015,-0.006640931682705168,-0.017701140511113107,-0.3919817639047402,-0.9199725003256042,3,3,instant_velocity,dbscan_kmeans_fallback,False
1520,343,12.2425449618,8.14927752102,-0.014416860010000043,-0.011932989984999942,-0.013031999588000005,-0.0159472478168,-0.012207175649282732,-0.014576030597873695,-0.7703467837188108,-0.6376243126948042,3,3,instant_velocity,dbscan_kmeans_fallback,False
1520,376,14.3537204765,8.92587650928,-0.00037883719000006975,-0.0032457732759999303,-0.0003830464980000059,-0.0032553196681999806,-0.0003017463883999105,-0.0033921735915260435,-0.11592974895183286,-0.9932543345102173,3,3,instant_velocity,dbscan_kmeans_fallback,False
1520,412,6.74898467036,2.81618563662,-0.02858116188700004,0.010143041488000026,-0.02858116188700004,0.010143041488000026,-0.01885901448526471,0.0037308898912491095,-0.9424135205780414,0.3344489449333081,1,1,instant_velocity,dbscan_kmeans_fallback,False
1520,413,7.19664395854,1.95247582146,-0.030896278092999996,0.01417639210299999,-0.030896278092999996,0.01417639210299999,-0.02030636831152801,0.009308877755870998,-0.9088906783298478,0.41703374743007626,1,1,instant_velocity,dbscan_kmeans_fallback,False
1520,414,6.27186026684,2.24340211731,-0.028054999113000002,0.019880361315999996,-0.028054999113000002,0.019880361315999996,-0.018436554184550997,0.013066409240622003,-0.8159135240258841,0.5781734511882114,1,1,instant_velocity,dbscan_kmeans_fallback,False
1530,51,7.51718232049,1.88636705694,0.027444650295000005,0.06744525939999998,0.013141441445000002,0.036839526683866,0.014345065490460811,0.03914625267397012,0.37690755035563095,0.9262507348539739,-1,-1,instant_velocity,dbscan_kmeans_fallback,False
1530,55,4.59529520356,6.75073109469,-0.025361045709999974,-0.007613247610999974,-0.024018278310600005,-0.0011360206468000022,-0.02412307382809708,-0.0021734077850927556,-0.9577746243320567,-0.28751871882385543,0,0,instant_velocity,dbscan_kmeans_fallback,False
1530,56,4.79523705771,7.27602131386,-0.028644301420000053,-0.0028400516169999612,-0.025070603858600007,-0.0009737319829999969,-0.025357543860150458,-0.0012686438055726575,-0.9951203451303803,-0.09866510981914847,0,0,instant_velocity,dbscan_kmeans_fallback,False
1530,57,2.37530922723,6.85287748897,-0.030559533918000037,0.0036276289549999952,-0.0373996499806,0.006205154792599999,-0.037024944500321025,0.0055292623253631315,-0.9930276061967768,0.11787927482859707,0,0,instant_velocity,dbscan_kmeans_fallback,False
1530,58,6.53494165387,3.54409802574,-0.031569766444,0.011932989984999986,-0.03769851043620001,0.008567886809599993,-0.03602248264305008,0.010579896574390723,-0.9354068194574146,0.35357246713516477,1,1,instant_velocity,dbscan_kmeans_fallback,False
1530,59,7.05058117246,4.13669030843,-0.03723127789199996,0.010405567267000038,-0.03770692904039999,0.01083515490700001,-0.037707337242592114,0.011396575031546136,-0.9630925524505752,0.2691694968929495,1,1,instant_velocity,dbscan_kmeans_fallback,False
1530,60,10.8957787253,2.6691712,-0.005871976560000114,0.004820927954999998,-0.011647139166000003,0.006453360984400005,-0.013287659104883973,0.007849516742471188,-0.7728854052991718,0.6345435507695911,2,2,instant_velocity,dbscan_kmeans_fallback,False
1530,61,10.872206633,3.26582069928,-0.010859999660000064,0.0007637113589999966,-0.019009208702000003,0.005202783633800001,-0.01799217724357488,0.005847871211554753,-0.9975355318540404,0.07015002214862216,2,2,instant_velocity,dbscan_kmeans_fallback,False
1530,62,14.3495111743,6.52973212016,-0.029465115340000025,0.0047731959940000126,-0.029465115340000025,0.0047731959940000126,-0.017914200828360025,0.003293362040178007,-0.9871312352410235,0.15991014469942794,3,3,instant_velocity,dbscan_kmeans_fallback,False
1530,63,14.3482483836,7.36742801715,-0.03119092925000011,0.014128660143000005,-0.03119092925000011,0.014128660143000005,-0.009357278775000035,0.004238598042900003,-0.9109048995181958,0.41261565645358617,3,3,instant_velocity,dbscan_kmeans_fallback,False
1530,72,0.797662765481,5.79704653504,0.0063139532888,-0.016706185980000045,0.0066927904861,-0.01326948486400001,0.007195890230376815,-0.01459165508535012,0.35353401206056584,-0.9354210722806752,-1,-1,instant_velocity,dbscan_kmeans_fallback,False
1530,96,12.9320286609,10.0583172589,0.03188546409999997,0.012290979683000103,0.027549882849999995,0.014338680766400031,0.029042288596912713,0.013399655512543004,0.9330770145714776,0.35967582572437556,-1,-1,instant_velocity,dbscan_kmeans_fallback,False
1530,98,4.12511614866,8.06168937452,0.007008488149999969,0.00033412372000007906,0.007016906755000001,0.0003293505235999916,0.006554043167354498,-0.00020222399709187068,0.9988640975632734,0.04761999748153448,4,4,instant_velocity,dbscan_kmeans_fallback,False
1530,99,3.93759173598,7.64761462202,0.024140348073999986,-0.006324484691999999,0.014479999542200002,-0.006343577476400011,0.016084030408182248,-0.006040287318958475,0.9673520665426288,-0.25343476066994775,4,4,instant_velocity,dbscan_kmeans_fallback,False
1530,100,11.4450926614,3.69922689556,0.05977209112999997,-0.02863917596500003,0.05730964935039999,-0.015613124097200011,0.05781328847978255,-0.018043870276460188,0.9018254038523098,-0.4321002652301472,-1,-1,instant_velocity,dbscan_kmeans_fallback,False
1530,101,13.6187763136,2.51977016537,0.06606499791000005,-0.048400207381999974,0.066018695586,-0.031159423450599997,0.06593912144002606,-0.030624192358206435,0.8066811504511748,-0.5909866980723432,-1,-1,instant_velocity,dbscan_kmeans_fallback,False
1530,102,4.18004754227,5.01137847438,0.05800418421299995,0.014558247781999966,0.0470726264188,0.011178825018600005,0.04665812058946131,0.010378942762014341,0.969916861746177,0.2434357140407122,-1,-1,instant_velocity,dbscan_kmeans_fallback,False
1530,222,11.8462391604,8.70082031815,-0.014269534429999986,-0.00682567027199994,-0.009580371790000016,-0.00954161879259999,-0.009941223449074998,-0.00967347377853492,-0.9021063279095822,-0.4315123506517564,5,5,instant_velocity,dbscan_kmeans_fallback,False
1530,231,0.858487182163,7.92517596908,-0.027802440981699993,-0.009379330129000074,-0.027810859585939998,-0.009751639416400018,-0.02776859443622759,-0.009327454459940227,-0.9475331875932077,-0.31965634170288015,-1,-1,instant_velocity,dbscan_kmeans_fallback,False
1530,232,8.47521949951,9.4962734306,-0.023551045766999935,0.0032457732760001077,-0.013873860026599977,0.0032696392561999943,-0.015427377485109542,0.0033185264490403644,-0.9906357763129722,0.13652808290626742,6,6,instant_velocity,dbscan_kmeans_fallback,False
1530,233,8.64632763364,9.14162496822,-0.0033463952429999113,-0.0005250515600000227,-0.0029717673477999895,-0.0003723092875999967,-0.002713361223541391,-0.00016605656497069106,-0.9879108775897877,-0.15500385033852476,6,6,instant_velocity,dbscan_kmeans_fallback,False
1530,340,12.678628669,8.59246876908,-0.009491976440000017,-0.019092783976999962,-0.007315767209999997,-0.01892572211739999,-0.007496245109893622,-0.018118633550879164,-0.44517056364478724,-0.8954452698356278,5,5,instant_velocity,dbscan_kmeans_fallback,False
1530,343,12.0564938049,8.04832442574,-0.018605115689999962,-0.010095309527999951,-0.013095139119999998,-0.014023649831,-0.014126557661497903,-0.013231814276911572,-0.8789443249711012,-0.47692339925795224,5,5,instant_velocity,dbscan_kmeans_fallback,False
1530,345,11.169804298,12.5747461871,0.0,0.0,0.0,0.0,0.0,0.0,0.0,0.0,7,7,instant_velocity,dbscan_kmeans_fallback,False
1530,346,11.690074049,12.2862064892,0.0,0.0,0.0,0.0,0.0,0.0,0.0,0.0,7,7,instant_velocity,dbscan_kmeans_fallback,False
1530,347,9.49765900207,11.8938497785,0.0,0.0,0.0,0.0,0.0,0.0,0.0,0.0,7,7,instant_velocity,dbscan_kmeans_fallback,False
1530,376,14.3507739649,8.92014867409,-0.00029465115999993685,-0.0005727835190000973,-0.0003662092920000148,-0.0027159485208000335,-0.0002996178198799184,-0.0025463565697682595,-0.45743517422176067,-0.8892255126544176,-1,-1,instant_velocity,dbscan_kmeans_fallback,False
1530,412,6.42150095978,2.97537172303,-0.03274837105799992,0.015918608640999966,-0.025685161978799994,0.0061096908728,-0.023025821457085274,0.007387205516174367,-0.8993755805848711,0.43717618391603374,1,1,instant_velocity,dbscan_kmeans_fallback,False
1530,413,6.91588350229,2.1653603628,-0.028076045625000035,0.021288454134,-0.028076045625000035,0.021288454134,-0.022637271505569618,0.012902750669309699,-0.7968360847074459,0.6041950732016799,1,1,instant_velocity,dbscan_kmeans_fallback,False
1530,414,5.92880213815,2.38492737854,-0.03430581286900001,0.014152526122999998,-0.03430581286900001,0.014152526122999998,-0.0231973317898857,0.0133922443053354,-0.9244252586485486,0.3813625600927489,1,1,instant_velocity,dbscan_kmeans_fallback,False
1540,51,7.77226603336,2.5844469711,0.02550837128700003,0.06980799141600003,0.0181589296584,0.04913527956506001,0.017694057229422577,0.04834477429657909,0.34321196054098796,0.9392578352316893,-1,-1,instant_velocity,dbscan_kmeans_fallback,False
1540,55,4.34189521157,6.67483727839,-0.02533999919900003,-0.00758938162999998,-0.024376068997000004,-0.002878237184400003,-0.024488151439367962,-0.003798199938564923,-0.9579571124101289,-0.2869101160642562,0,0,instant_velocity,dbscan_kmeans_fallback,False
1540,56,4.48964171853,7.23759708611,-0.030559533917999992,-0.0038424227750000206,-0.026346022422999996,-0.001641979421999995,-0.02691814087750532,-0.0020407774964008667,-0.9921874604576573,-0.1247533324743011,0,0,instant_velocity,dbscan_kmeans_fallback,False
1540,57,2.08213132953,6.88700584033,-0.02931778976999997,0.00341283513599997,-0.034394208215,0.004840020738199993,-0.03471279808122471,0.004894334168554183,-0.9932923046753174,0.11562750481221946,0,0,instant_velocity,dbscan_kmeans_fallback,False
1540,58,6.21924398943,3.6634279256,-0.031569766444,0.011932989986000031,-0.035720138405800024,0.0096561754964,-0.034686667783335054,0.010985824597873516,-0.9354068194476146,0.3535724671610917,1,1,instant_velocity,dbscan_kmeans_fallback,False
1540,59,6.67826839353,4.24074598111,-0.03723127789300005,0.01040556726799995,-0.03750909183740001,0.0106537734592,-0.037564519437714494,0.01109927270248228,-0.9630925524457442,0.26916949691023456,1,1,instant_velocity,dbscan_kmeans_fallback,False
1540,60,10.8370589597,2.71738047954,-0.005871976559999936,0.004820927953999998,-0.007294720699999999,0.0044008867067999976,-0.011062954341418763,0.0069409401059298305,-0.7728854053637141,0.6345435506909771,2,2,instant_velocity,dbscan_kmeans_fallback,False
1540,61,10.8195903556,3.30209698884,-0.005261627739999853,0.0036276289559999952,-0.014496836751999993,0.003928340303399995,-0.014173012392502371,0.005181798534888325,-0.8232904566851172,0.567617560087874,2,2,instant_velocity,dbscan_kmeans_fallback,False
1540,62,14.0548600208,6.5774640801,-0.029465115350000026,0.0047731959940000126,-0.029465115350000026,0.0047731959940000126,-0.021379475184852025,0.003737312226324609,-0.9871312352495905,0.1599101446465447,3,3,instant_velocity,dbscan_kmeans_fallback,False
1540,63,14.0365495563,7.50895327838,-0.031169882729999897,0.014152526122999998,-0.031169882729999897,0.014152526122999998,-0.015901059961499993,0.007212776466930002,-0.9105378305943965,0.41342505344315056,3,3,instant_velocity,dbscan_kmeans_fallback,False
1540,64,15.2334646347,6.9163609957,0.0,0.0,0.0,0.0,0.0,0.0,0.0,0.0,4,4,instant_velocity,dbscan_kmeans_fallback,False
1540,72,0.888794157949,5.63976972703,0.009113139246799995,-0.015727680800999976,0.007113720705359998,-0.014348227158799994,0.007771064935303769,-0.014932462800045076,0.5013507495218895,-0.8652435065766337,-1,-1,instant_velocity,dbscan_kmeans_fallback,False
1540,96,13.3519065546,10.0886270535,0.041987789369999896,0.003030979459999905,0.03173813852999999,0.01146521677839999,0.03292593882883887,0.010289052696780075,0.9974044085829904,0.07199979615712748,-1,-1,instant_velocity,dbscan_kmeans_fallback,False
1540,98,4.19520103017,8.06503061172,0.00700848815099997,0.0003341237199999014,0.007012697452799994,0.0003293505235999916,0.006690376662448139,-4.131968196433903e-05,0.9988640975635981,0.04761999747473002,5,5,instant_velocity,dbscan_kmeans_fallback,False
1540,99,4.17899521672,7.58436977509,0.024140348073999986,-0.0063244846929999985,0.0178137668786,-0.006338804280399995,0.01850092570792757,-0.006125546531170933,0.9673520665328049,-0.25343476070744597,5,5,instant_velocity,dbscan_kmeans_fallback,False
1540,100,12.0466019447,3.39183307353,0.06015092833000004,-0.030739382202999987,0.0582062307172,-0.020376773699400007,0.05851458043484779,-0.02185252385442213,0.8904610989056423,-0.4550590459052337,-1,-1,instant_velocity,dbscan_kmeans_fallback,False
1540,101,14.2794262928,2.03600675136,0.06606499792000005,-0.04837634140100002,0.066355439764,-0.0369254442116,0.06597688438401826,-0.035949837071044516,0.8068200800141886,-0.5907970161024189,-1,-1,instant_velocity,dbscan_kmeans_fallback,False
1540,102,4.7600893844,5.15672229241,0.058004184213,0.014534381802999975,0.05049057979919999,0.012233701333399995,0.05006193967652292,0.011625574474310032,0.970011024777607,0.2430602339904511,-1,-1,instant_velocity,dbscan_kmeans_fallback,False
1540,222,11.7033333509,8.63256361544,-0.01429058095000002,-0.006825670271000029,-0.010817906635999996,-0.008830412589400006,-0.011246030699352505,-0.008819132726274452,-0.9023536341255809,-0.43099496066182014,6,6,instant_velocity,dbscan_kmeans_fallback,False
1540,231,0.580252307238,7.8313826678,-0.0278234874925,-0.009379330127999986,-0.027962394464839998,-0.008047608446199988,-0.027785062353109312,-0.009343017160358154,-0.9476064055032237,-0.31943922597833757,-1,-1,instant_velocity,dbscan_kmeans_fallback,False
1540,232,8.24307648359,9.48792033761,-0.023214301592000018,-0.0008353092990001088,-0.01803265059280001,0.0026968557368000036,-0.017763454717176684,0.002072375724628222,-0.999352826519337,-0.035959242868685654,7,7,instant_velocity,dbscan_kmeans_fallback,False
1540,233,8.6126532161,9.13661311243,-0.0033674417540000335,-0.0005011855790000297,-0.0033590231495999844,-0.0005059587754000105,-0.002909585382678984,-0.00026659526917949267,-0.9891021737648436,-0.1472107854752567,7,7,instant_velocity,dbscan_kmeans_fallback,False
1540,340,12.5666612306,8.43590794047,-0.011196743840000068,-0.01565608286099991,-0.009252046220000025,-0.019159608720999977,-0.008606394728925555,-0.01737986834391539,-0.5817134843251814,-0.8133931294757527,6,6,instant_velocity,dbscan_kmeans_fallback,False
1540,343,11.8702321829,7.94737133046,-0.018626162199999997,-0.01009530952800004,-0.013566580966000004,-0.012300526077199994,-0.015476439023048532,-0.012290862852238111,-0.8791701844829541,-0.47650691778815935,6,6,instant_velocity,dbscan_kmeans_fallback,False
1540,345,11.1405496478,12.4420513385,-0.0029254650200000397,-0.013269484859999991,-0.0029254650200000397,-0.013269484859999991,-0.000877639506000012,-0.0039808454579999975,-0.21529529913839487,-0.976548238592872,8,8,instant_velocity,dbscan_kmeans_fallback,False
1540,346,11.6311438183,12.1430106094,-0.00589302306999997,-0.014319587980000038,-0.00589302306999997,-0.014319587980000038,-0.0017679069209999912,-0.004295876394000012,-0.3805685570250534,-0.9247520109813419,8,8,instant_velocity,dbscan_kmeans_fallback,False
1540,347,9.6317252769,11.6986260624,0.013406627482999945,-0.019522371609999922,0.013406627482999945,-0.019522371609999922,0.004021988244899984,-0.005856711482999977,0.5660983276557824,-0.8243372118983285,-1,-1,instant_velocity,dbscan_kmeans_fallback,False
1540,376,14.3480379185,8.9146594987,-0.0002736046400000802,-0.0005489175389998379,-0.00034516278000001676,-0.002176577373399979,-0.00029181386591596695,-0.001947124860537733,-0.44609188173231895,-0.8949689518724517,4,4,instant_velocity,dbscan_kmeans_fallback,False
1540,412,6.09422771432,3.13431914964,-0.03272732454600007,0.015894742661000015,-0.027756138657400006,0.008987928057200003,-0.025936272383759715,0.009939466659622063,-0.8995228863605345,0.43687301038874926,1,1,instant_velocity,dbscan_kmeans_fallback,False
1540,413,6.64227885978,2.39614438912,-0.02736046425099996,0.023078402631999985,-0.02963348743540001,0.017374433418999996,-0.02405422932919872,0.015955446258116786,-0.7643874984412616,0.6447566932366642,1,1,instant_velocity,dbscan_kmeans_fallback,False
1540,414,5.58595447457,2.52621397997,-0.03428476635799997,0.014128660143000005,-0.030555324615399986,0.017589227239,-0.02652356216031998,0.013613169056634782,-0.9245695429380212,0.38101262567571975,1,1,instant_velocity,dbscan_kmeans_fallback,False
1550,51,7.99767416577,3.31737121602,0.02254081324100001,0.07329242449199999,0.021046510962600014,0.05847165092986001,0.019148084032895807,0.05582906935520536,0.2939583121587192,0.9558181050229428,-1,-1,instant_velocity,dbscan_kmeans_fallback,False
1550,55,4.08828475448,6.59894346208,-0.025361045708999976,-0.007589381630999981,-0.024738068985399996,-0.004625226918400002,-0.024750019720257567,-0.004935554446295441,-0.9580225333917516,-0.28669159388909615,0,0,instant_velocity,dbscan_kmeans_fallback,False
1550,56,4.18425684447,7.19917285836,-0.03053848740599996,-0.0038424227750000206,-0.027621440987200003,-0.002310226861200011,-0.02800424483605371,-0.002581271079980613,-0.992176814555024,-0.1248379704727672,0,0,instant_velocity,dbscan_kmeans_fallback,False
1550,57,1.78895343182,6.92113419169,-0.029317789771000014,0.003412835136000059,-0.032087510613400004,0.003928340303200013,-0.0330942955881573,0.0044498844587879454,-0.9932923046757699,0.11562750480833105,0,0,instant_velocity,dbscan_kmeans_fallback,False
1550,58,5.92901260326,3.77774596966,-0.029023138616999945,0.011431804406000001,-0.03323665011199999,0.010639453871200005,-0.03298760903343452,0.011119618540311462,-0.9304250740188017,0.3664812962162146,1,1,instant_velocity,dbscan_kmeans_fallback,False
1550,59,6.33963003214,4.35339340657,-0.033863836139000014,0.01126474254600005,-0.03663776628359999,0.010644227067200012,-0.03645431444810015,0.01114891365553761,-0.9488778975076005,0.31564248005272155,1,1,instant_velocity,dbscan_kmeans_fallback,False
1550,60,10.7785496593,2.76535109928,-0.0058509300400000795,0.004797061974000006,-0.006612813744000015,0.004596587742400003,-0.009499347050993158,0.006297776666350883,-0.7733121721759804,0.6340233757395414,2,2,instant_velocity,dbscan_kmeans_fallback,False
1550,61,10.8231682625,3.36677379456,0.0003577906899998595,0.006467680572000001,-0.008856371811999999,0.0032219072961999994,-0.0098137714677517,0.005567563146021828,0.055235245201613006,0.9984718223950125,2,2,instant_velocity,dbscan_kmeans_fallback,False
1550,62,13.7602088673,6.62519604005,-0.029465115350000026,0.004773195994999924,-0.02779402237800003,0.0049545774421999944,-0.023805167234396428,0.004048077356927204,-0.9871312352443026,0.15991014467918682,3,3,instant_velocity,dbscan_kmeans_fallback,False
1550,63,13.7644181695,7.59892802288,-0.02721313867999999,0.00899747445000001,-0.02721313867999999,0.00899747445000001,-0.01929468357704999,0.007748185861851005,-0.9494502168800016,0.31391653011356296,3,3,instant_velocity,dbscan_kmeans_fallback,False
1550,64,15.0088983627,6.98008316222,-0.022456627200000058,0.006372216651999984,-0.022456627200000058,0.006372216651999984,-0.006736988160000019,0.0019116649955999957,-0.9620194377556253,0.27297938493693485,3,3,instant_velocity,dbscan_kmeans_fallback,False
1550,72,1.04538019951,5.50516559999,0.015658604156100007,-0.013460412704000025,0.008839534604280002,-0.014968742638000005,0.01013732670154264,-0.01449084777123156,0.7583281460687846,-0.65187226839556,-1,-1,instant_velocity,dbscan_kmeans_fallback,False
1550,96,13.8149297958,10.0790806615,0.046302324120000016,-0.000954639199999896,0.036789301162,0.007789855862600028,0.03693885441618721,0.0069159451277460825,0.9997873107436688,-0.020613137172656962,-1,-1,instant_velocity,dbscan_kmeans_fallback,False
1550,98,4.37072893159,8.0800661791,0.017552790142000063,0.0015035567380000004,0.009121557851200012,0.0005632371273999936,0.009949100706313716,0.0004221432440249629,0.9963507579910249,0.08534653940881189,4,4,instant_velocity,dbscan_kmeans_fallback,False
1550,99,4.43449985981,7.56098111472,0.025550464309000008,-0.0023388660370000204,0.021425348159799996,-0.005532134157400001,0.0206157872882493,-0.004989542382919658,0.9958360580190817,-0.09115791816356113,4,4,instant_velocity,dbscan_kmeans_fallback,False
1550,100,12.6516891349,3.06367584892,0.0605087190199999,-0.032815722460999994,0.05917437022199998,-0.02555091815740001,0.05911282201039343,-0.02514148343639549,0.8790473492071015,-0.4767341683786654,-1,-1,instant_velocity,dbscan_kmeans_fallback,False
1550,101,14.9400762719,1.55200467754,0.06606499791000005,-0.048400207381999995,0.066237579302,-0.041512485562000004,0.0660033184418128,-0.03968494816433116,0.8066811504511748,-0.5909866980723435,-1,-1,instant_velocity,dbscan_kmeans_fallback,False
1550,102,5.34013122653,5.30230477023,0.058004184213,0.014558247782000055,0.05390432387739999,0.013288577648000004,0.052444613037466045,0.012505376466617039,0.9699168617461766,0.2434357140407134,-1,-1,instant_velocity,dbscan_kmeans_fallback,False
1550,222,11.5515880069,8.58411567609,-0.015174534400000005,-0.0048447939349999915,-0.01223223217200001,-0.007718257922799978,-0.012424581809546755,-0.007626831088892114,-0.9526248329935821,-0.30414580715027967,5,5,instant_velocity,dbscan_kmeans_fallback,False
1550,231,0.302227897422,7.73758936651,-0.0278024409816,-0.009379330128999986,-0.02791188283856,-0.008491515673799998,-0.02779027594165652,-0.009353911050950703,-0.9475331875928604,-0.31965634170390966,-1,-1,instant_velocity,dbscan_kmeans_fallback,False
1550,232,8.01072300257,9.47980590442,-0.023235348102000054,-0.0008114433190000269,-0.022195650461000013,0.0021288454133999934,-0.019405022732623695,0.0012072300115397471,-0.9993903265288984,-0.034901504379240396,6,6,instant_velocity,dbscan_kmeans_fallback,False
1550,233,8.57918926367,9.13160125664,-0.0033463952430000886,-0.0005011855790000297,-0.00335902314960002,-0.0005059587754000105,-0.0030406283407753156,-0.0003369723621256538,-0.9889669485297414,-0.1481163869532664,6,6,instant_velocity,dbscan_kmeans_fallback,False
1550,340,12.4549042574,8.27934711186,-0.011175697319999855,-0.015656082861000085,-0.009879232245999993,-0.018300433442,-0.009377185506247845,-0.0168627326990408,-0.5809893592321124,-0.813910513952378,5,5,instant_velocity,dbscan_kmeans_fallback,False
1550,343,11.8460286953,7.94737133046,-0.0024203487600001237,0.0,-0.012430069374000006,-0.00936501054079999,-0.01155961194413401,-0.008603603996566678,-0.999995868381099,0.0,5,5,instant_velocity,dbscan_kmeans_fallback,False
1550,345,11.1112949976,12.3095951496,-0.0029254650200000397,-0.013245618890000088,-0.0029254650200000397,-0.013245618890000088,-0.0014919871602000205,-0.006760277487600025,-0.21566519090839864,-0.9764666154209294,7,7,instant_velocity,dbscan_kmeans_fallback,False
1550,346,11.5722135877,11.9998147296,-0.005893023059999969,-0.014319587979999859,-0.005893023059999969,-0.014319587979999859,-0.003005441762699985,-0.007302989869799967,-0.38056855647279436,-0.9247520112086159,7,7,instant_velocity,dbscan_kmeans_fallback,False
1550,347,9.76558108662,11.5034023462,0.013385580971999999,-0.0195223716200001,0.013385580971999999,-0.0195223716200001,0.0068310660630299894,-0.009956409524100015,0.5654939748291473,-0.8247519139123398,-1,-1,instant_velocity,dbscan_kmeans_fallback,False
1550,376,14.345091407,8.9089316635,-0.000294651149999936,-0.0005727835200000087,-0.00032411626799998315,-0.0016419794219999773,-0.00029266505114115766,-0.0015348224583764155,-0.45743516131421874,-0.8892255192942125,5,5,instant_velocity,dbscan_kmeans_fallback,False
1550,412,5.74569749278,3.26963925607,-0.03485302215399999,0.013532010643000003,-0.0302522548576,0.011398392034200002,-0.0286112973148318,0.011017229854635446,-0.9322025341240426,0.36193632097268147,1,1,instant_velocity,dbscan_kmeans_fallback,False
1550,413,6.36867421727,2.62692841545,-0.027360464251000048,0.02307840263300003,-0.028922115364800015,0.019154835525,-0.025046099805739117,0.01809233317058176,-0.7643874984274931,0.6447566932529873,1,1,instant_velocity,dbscan_kmeans_fallback,False
1550,414,5.3001428557,2.65485161201,-0.02858116188700004,0.012863763203999979,-0.030660557170200012,0.016185907616599996,-0.027140842078324,0.01338834730084434,-0.9118944631996959,0.41042398794063917,1,1,instant_velocity,dbscan_kmeans_fallback,False
1560,51,8.22308229818,4.05029546094,0.022540813240999925,0.07329242449199999,0.023934092266599993,0.06780802229464,0.020165902795327043,0.061068075896243745,0.2939583121587182,0.9558181050229432,-1,-1,instant_velocity,dbscan_kmeans_fallback,False
1560,55,3.83467429738,6.52304964577,-0.02536104571000002,-0.007589381631000069,-0.025100068973799995,-0.006372216652400002,-0.024933327517180304,-0.005731702601706829,-0.9580225333948555,-0.28669159387872345,0,0,instant_velocity,dbscan_kmeans_fallback,False
1560,56,3.94474754971,7.17005636279,-0.023950929475999992,-0.002911649557000029,-0.02757513866319999,-0.0027923196566000106,-0.026788250228037595,-0.0026803846230864375,-0.992691192619532,-0.12067877675164057,0,0,instant_velocity,dbscan_kmeans_fallback,False
1560,57,1.49703832477,6.94428419226,-0.02919151070499999,0.0023150000569999384,-0.0308036734448,0.003474886683799987,-0.03192346012321011,0.0038094191382515435,-0.9968698619053812,0.07905564773450388,0,0,instant_velocity,dbscan_kmeans_fallback,False
1560,58,5.66445796046,3.88681349813,-0.026455464280000028,0.01090675284699998,-0.03023541764879999,0.011517721934200002,-0.031027965607404173,0.011055758832318017,-0.9245137286637959,0.3811478277407276,1,1,instant_velocity,dbscan_kmeans_fallback,False
1560,59,6.01530329821,4.46938206923,-0.032432673392999954,0.011598866265999952,-0.035598068642000005,0.010811288926999998,-0.03524782213157009,0.011283899438676312,-0.941596546083767,0.33674228091571035,1,1,instant_velocity,dbscan_kmeans_fallback,False
1560,60,10.7198298937,2.81356037882,-0.005871976559999936,0.004820927953999998,-0.005935116090000001,0.004797061974200005,-0.008411135903695192,0.005854722052645618,-0.7728854053637141,0.6345435506909771,2,2,instant_velocity,dbscan_kmeans_fallback,False
1560,61,10.8267461694,3.43145060028,0.00035779069000003717,0.006467680572000001,-0.005253209136000017,0.0036228557595999965,-0.00676230282042618,0.00583759837381528,0.055235245201640346,0.998471822395011,2,2,instant_velocity,dbscan_kmeans_fallback,False
1560,62,13.5284867816,6.70323779455,-0.023172208569999953,0.007804175450000006,-0.02752041773600002,0.005455763021399988,-0.023615279635077487,0.005174906784849045,-0.9476954778399443,0.31917465958811425,3,3,instant_velocity,dbscan_kmeans_fallback,False
1560,63,13.5188053866,7.65453575621,-0.024561278290000033,0.005560773332999957,-0.024561278290000033,0.005560773332999957,-0.020874661990935003,0.007091962103195691,-0.9753152276861411,0.22081533564130582,3,3,instant_velocity,dbscan_kmeans_fallback,False
1560,64,14.7845425559,7.04356666894,-0.02243558068000002,0.006348350671999991,-0.02243558068000002,0.006348350671999991,-0.011446565916000021,0.0032426706985199945,-0.9622207127691051,0.2722690620602227,3,3,instant_velocity,dbscan_kmeans_fallback,False
1560,66,15.3218599807,6.46243005664,0.0,0.0,0.0,0.0,0.0,0.0,0.0,0.0,-1,-1,instant_velocity,dbscan_kmeans_fallback,False
1560,72,1.20175577596,5.37056147295,0.015637557644999987,-0.013460412703999936,0.010607441525099999,-0.015212175633799986,0.011787395984579844,-0.014181717251062074,0.7578945217690738,-0.6523763672503095,-1,-1,instant_velocity,dbscan_kmeans_fallback,False
1560,96,14.2769007114,10.0771713831,0.04619709156000003,-0.0001909278400001213,0.03965162665200001,0.005293474357599983,0.03971632555933106,0.004783883237422221,0.9999912432288115,-0.0041328612179132775,-1,-1,instant_velocity,dbscan_kmeans_fallback,False
1560,98,4.65127892272,8.10655741687,0.028054999113000002,0.0026491237770001064,0.01333086004360001,0.0010310103348000156,0.015380870228319604,0.001090237403917506,0.9955710965456342,0.0940078826212119,4,4,instant_velocity,dbscan_kmeans_fallback,False
1560,99,4.69631845618,7.55453730013,0.026181859637000038,-0.0006443814589999874,0.0248306736336,-0.004391340314800001,0.022285608992874524,-0.0036859941057437564,0.9996968866231167,-0.024604292716075414,4,4,instant_velocity,dbscan_kmeans_fallback,False
1560,100,13.2548821391,2.71738047954,0.06031930041999996,-0.03462953693799999,0.060104626006,-0.031092598706600007,0.05947476553327539,-0.02798789948687684,0.867241857330173,-0.49788680776273114,-1,-1,instant_velocity,dbscan_kmeans_fallback,False
1560,102,5.88249981403,5.33953569899,0.05423685875000004,0.003723092875999967,0.056568812165,0.012176422981399995,0.052982286751226244,0.009870691389431916,0.9976520378391635,0.06848389232729737,-1,-1,instant_velocity,dbscan_kmeans_fallback,False
1560,103,0.420930219251,4.5822681545,0.0,0.0,0.0,0.0,0.0,0.0,0.0,0.0,-1,-1,instant_velocity,dbscan_kmeans_fallback,False
1560,222,11.3867938261,8.56454557252,-0.016479418079999954,-0.001957010357000044,-0.013911743745999985,-0.006028546540599997,-0.013641032690682715,-0.005925884869324493,-0.9930217643302927,-0.11792612263896426,5,5,instant_velocity,dbscan_kmeans_fallback,False
1560,232,7.76910905672,9.43398322287,-0.024161394585000016,-0.00458226815499998,-0.023567882975799995,0.00039617526739998965,-0.020831934288336594,-0.0005296194384221715,-0.9824866109073896,-0.1863310122284808,-1,-1,instant_velocity,dbscan_kmeans_fallback,False
1560,233,8.54551484613,9.12635074104,-0.0033674417539998557,-0.0005250515600000227,-0.0033590231495999844,-0.0005107319713999914,-0.0031386723647426774,-0.0003933961214879645,-0.9880588142488885,-0.15405814255790504,-1,-1,instant_velocity,dbscan_kmeans_fallback,False
1560,340,12.3425158889,8.13829917023,-0.011238836850000133,-0.014104794162999923,-0.010371720601999996,-0.01701167052359999,-0.009935680909373532,-0.016035351138228536,-0.6231721251714024,-0.7820840066436012,-1,-1,instant_velocity,dbscan_kmeans_fallback,False
1560,343,11.8216147426,7.94737133046,-0.0024413952699999797,0.0,-0.011301976386000022,-0.0064247218081999865,-0.008824146941893799,-0.006022522797596674,-0.9999959039983558,0.0,5,5,instant_velocity,dbscan_kmeans_fallback,False
1560,345,11.0822508124,12.176900301,-0.0029044185200000072,-0.013269484859999991,-0.0029044185200000072,-0.013269484859999991,-0.0019157165681400164,-0.008713039699320014,-0.21381746954711403,-0.976872876763963,6,6,instant_velocity,dbscan_kmeans_fallback,False
1560,346,11.4661391724,11.9100786449,-0.010607441530000017,-0.008973608470000016,-0.010607441530000017,-0.008973608470000016,-0.0052860416928899945,-0.007804175449859981,-0.7634538368911876,-0.6458612850049583,6,6,instant_velocity,dbscan_kmeans_fallback,False
1560,347,9.79946596927,11.3339538884,0.0033884882650001558,-0.016944845779999974,0.0033884882650001558,-0.016944845779999974,0.005798292723621039,-0.012052940400870002,0.19608926311281893,-0.9805854595634558,6,6,instant_velocity,dbscan_kmeans_fallback,False
1560,376,14.3423553605,8.90320382831,-0.00027360465000008104,-0.0005727835190000973,-0.00030306975800002076,-0.0011026082745999944,-0.00028694693079883466,-0.00124621077656352,-0.4310187779816557,-0.902325499246381,5,5,instant_velocity,dbscan_kmeans_fallback,False
1560,412,5.39485215503,3.40233410471,-0.035084533775,0.013269484863999991,-0.032798882684000004,0.0137515776594,-0.030553268252882262,0.01169290635744481,-0.9353366849947946,0.3537580423293612,1,1,instant_velocity,dbscan_kmeans_fallback,False
1560,413,6.06791957561,2.78325058426,-0.030075464165999932,0.015632216881000006,-0.028753743277199994,0.019450773676600003,-0.026554909113817363,0.017354298283707232,-0.8873013518896186,0.4611894631113788,1,1,instant_velocity,dbscan_kmeans_fallback,False
1560,414,5.14776611633,2.75365676909,-0.015237673937000018,0.009880515708000016,-0.02809288283280001,0.014181165298799998,-0.023569891635926803,0.012335997822991043,-0.839045809688378,0.5440597650686952,1,1,instant_velocity,dbscan_kmeans_fallback,False
1570,51,8.38829740924,4.70159805435,0.01652151110600002,0.06513025934099996,0.022911231833999998,0.0697936718282,0.019072585288528936,0.06228673092967061,0.24588107580572502,0.9692998498457639,-1,-1,instant_velocity,dbscan_kmeans_fallback,False
1570,55,3.61031849052,6.53736923375,-0.02243558068599998,0.0014319587980000214,-0.024771743402799994,-0.005789886740999997,-0.024184003467826204,-0.003582604181794774,-0.9979689204241421,0.06369571600273645,0,0,instant_velocity,dbscan_kmeans_fallback,False
1570,56,3.74922546287,7.14738368182,-0.019552208684000004,-0.0022672680969999526,-0.0266490921808,-0.003140762964199997,-0.024617437764826316,-0.0025564496652604922,-0.9933432239453874,-0.11518777430324076,0,0,instant_velocity,dbscan_kmeans_fallback,False
1570,57,1.20512321772,6.96743419283,-0.029191510705000014,0.0023150000570000273,-0.029515626973800006,0.0030166598681999977,-0.03110387529774708,0.0033610934138760887,-0.996869861905381,0.07905564773450684,0,0,instant_velocity,dbscan_kmeans_fallback,False
1570,58,5.39990331766,3.9958810266,-0.026455464280000028,0.010906752847000023,-0.029014720013,0.011422258014200003,-0.02965621520918293,0.01101105703672262,-0.9245137286637953,0.38114782774072886,1,1,instant_velocity,dbscan_kmeans_fallback,False
1570,59,5.69118702938,4.58560939169,-0.03241162688300001,0.011622732246000033,-0.03463413844,0.011059495118600004,-0.03439696355699907,0.011385549280873429,-0.9413071152965249,0.33755049081120164,1,1,instant_velocity,dbscan_kmeans_fallback,False
1570,60,10.6611101281,2.86176965836,-0.005871976559999936,0.004820927953999998,-0.005867767256,0.0048161547582,-0.0076493881005866154,0.005544583823051932,-0.7728854053637141,0.6345435506909771,2,2,instant_velocity,dbscan_kmeans_fallback,False
1570,61,10.8303240762,3.496127406,0.00035779068000003634,0.006467680572000001,-0.0030096510679999966,0.0047588764061999985,-0.004626274770298314,0.006026623033270697,0.055235243662563674,0.9984718224801522,2,2,instant_velocity,dbscan_kmeans_fallback,False
1570,62,13.3127600443,6.78891666265,-0.021572673730000068,0.008567886810000046,-0.02662804566800002,0.0061383300486,-0.02300249786355426,0.0061928007923943455,-0.9293824206199951,0.3691171285830199,3,3,instant_velocity,dbscan_kmeans_fallback,False
1570,63,13.2734030688,7.71038214934,-0.024540231779999998,0.00558463931300004,-0.027735092146000007,0.009684814672400002,-0.0219743329276545,0.006639765266136995,-0.9750696260383044,0.22189734046944534,3,3,instant_velocity,dbscan_kmeans_fallback,False
1570,64,14.5456646564,7.09654914448,-0.023887789950000026,0.005298247554000035,-0.023887789950000026,0.005298247554000035,-0.015178933126200023,0.0038593437551640063,-0.976274427723975,0.21653504194184897,3,3,instant_velocity,dbscan_kmeans_fallback,False
1570,65,14.736766976,7.57195946551,0.0,0.0,0.0,0.0,0.0,0.0,0.0,0.0,3,3,instant_velocity,dbscan_kmeans_fallback,False
1570,66,15.0061623163,6.47555634563,-0.03156976644,0.0013126288990000568,-0.03156976644,0.0013126288990000568,-0.009470929932000001,0.0003937886697000171,-0.9991364100413003,0.041542763021574676,3,3,instant_velocity,dbscan_kmeans_fallback,False
1570,72,1.35834181752,5.23571868611,0.015658604156,-0.013484278684000017,0.012476371698539998,-0.0145677941746,0.012948758436005892,-0.013972485680943458,0.7577569341999947,-0.6525361758743339,-1,-1,instant_velocity,dbscan_kmeans_fallback,False
1570,96,14.7350832551,10.1050945797,0.04581825436999996,0.0027923196599999754,0.04243818470399997,0.0033937423525999934,0.04154690420253172,0.004186414164195547,0.998147891258658,0.06083051435879203,-1,-1,instant_velocity,dbscan_kmeans_fallback,False
1570,98,4.93182891385,8.13304865463,0.028054999113000002,0.0026491237760000175,0.0175359529338,0.001494010346200021,0.019183108893723724,0.0015579033155422597,0.9955710965489559,0.09400788258603598,4,4,instant_velocity,dbscan_kmeans_fallback,False
1570,99,4.95792658745,7.54809348554,0.026160813127000006,-0.0006443814589999874,0.025234766644200005,-0.0032553196679999986,0.02344817023311217,-0.0027735103117206257,0.9996963992436837,-0.024624074992410257,4,4,instant_velocity,dbscan_kmeans_fallback,False
1570,100,13.8410274694,2.20593252875,0.05861453303000008,-0.05114479507900001,0.05987311438599999,-0.035593722529200005,0.0592166957822928,-0.03493496816451379,0.7534863717749538,-0.6574633301185778,-1,-1,instant_velocity,dbscan_kmeans_fallback,False
1570,102,6.4086625881,5.3304666266,0.052616277407000034,-0.0009069072389999988,0.056173137759200006,0.009293412600799992,0.05287248394795838,0.006637411800902341,0.9998512989577794,-0.017233685574793736,-1,-1,instant_velocity,dbscan_kmeans_fallback,False
1570,103,0.64086625881,4.56055011272,0.021993603955900005,-0.00217180417800007,0.021993603955900005,-0.00217180417800007,0.006598081186770003,-0.0006515412534000211,0.9951594251363258,-0.09826908775937251,-1,-1,instant_velocity,dbscan_kmeans_fallback,False
1570,222,11.2217891801,8.54521412874,-0.016500464599999987,-0.0019331443780000513,-0.015342906491999991,-0.004477257842600011,-0.014498862263477897,-0.00472806272192716,-0.9932063748934088,-0.11636104596830601,3,3,instant_velocity,dbscan_kmeans_fallback,False
1570,232,7.51360441363,9.3315981688,-0.02555046430899992,-0.010238505406999998,-0.023942510870999988,-0.002644350580800001,-0.022247493294535594,-0.0034422852289955203,-0.9282466753004536,-0.37196422300419085,-1,-1,instant_velocity,dbscan_kmeans_fallback,False
1570,233,8.51205089369,9.12133888525,-0.003346395244,-0.0005011855790000297,-0.003354813847599978,-0.0005107319714000269,-0.0032009892285198745,-0.00042573295874158407,-0.9889669485362254,-0.1481163869099799,-1,-1,instant_velocity,dbscan_kmeans_fallback,False
1570,340,12.2246554275,8.13829917023,-0.01178604613999994,0.0,-0.010977860118000003,-0.012901948772399975,-0.010490790478561454,-0.011224745796759975,-0.9999991515397618,0.0,3,3,instant_velocity,dbscan_kmeans_fallback,False
1570,343,11.7974112549,7.94737133046,-0.002420348769999947,0.0,-0.008902674138000001,-0.004038123811199998,-0.006903007490325643,-0.0042157659583176715,-0.9999958683811161,0.0,3,3,instant_velocity,dbscan_kmeans_fallback,False
1570,345,10.9498682585,12.0914600927,-0.013238255389999943,-0.008544020829999966,-0.013238255389999943,-0.008544020829999966,-0.0053124782146979944,-0.008662334038524,-0.8402032670845859,-0.5422704128239936,5,5,instant_velocity,dbscan_kmeans_fallback,False
1570,346,11.3398601066,11.843253901,-0.012627906580000037,-0.006682474389999982,-0.012627906580000037,-0.006682474389999982,-0.0074886011590230075,-0.007467665131901981,-0.8838708693313462,-0.4677295013987761,5,5,instant_velocity,dbscan_kmeans_fallback,False
1570,347,9.83356131703,11.1647440904,0.003409534775999923,-0.01692097980000007,0.003409534775999923,-0.01692097980000007,0.0050816653393347035,-0.013513352220609022,0.1975273318878981,-0.9802967889784353,-1,-1,instant_velocity,dbscan_kmeans_fallback,False
1570,376,14.339408849,8.89771465292,-0.000294651149999936,-0.0005489175390000156,-0.00028623254999999404,-0.0005632371272000114,-0.0002892581965591651,-0.0010370228052944688,-0.472947239524586,-0.8810725320323476,3,3,instant_velocity,dbscan_kmeans_fallback,False
1570,412,5.06568472358,3.53956348955,-0.03291674314499993,0.013722938483999992,-0.03366599893559998,0.014467557058599994,-0.031262310720517564,0.012301915995411365,-0.9230006996631988,0.3847975410681249,1,1,instant_velocity,dbscan_kmeans_fallback,False
1570,413,5.76021958534,2.92071862889,-0.03076999902700006,0.013746804462999983,-0.02872848746400001,0.0193648561486,-0.027819436087772174,0.016272050137495057,-0.9130249387624958,0.40790301267143875,1,1,instant_velocity,dbscan_kmeans_fallback,False
1570,414,4.99517891185,2.85246192618,-0.015258720447999963,0.009880515709000014,-0.0255336270998,0.012181196177400003,-0.021076540279548753,0.011599353188793734,-0.8393883472253256,0.5435311420099102,1,1,instant_velocity,dbscan_kmeans_fallback,False
1580,51,8.51331368435,5.29824755364,0.012501627511000101,0.059664949929000066,0.019922627277200018,0.06823760993400001,0.017101297955270284,0.06150019662946945,0.2050770789617405,0.9787456582810148,-1,-1,instant_velocity,dbscan_kmeans_fallback,False
1580,55,3.3891196603,6.56195119312,-0.02211988302200001,0.0024581959369999852,-0.024123510865200003,-0.003775598031400005,-0.023564767334078345,-0.001770364146156346,-0.9938811616660048,0.11045061273779269,0,0,instant_velocity,dbscan_kmeans_fallback,False
1580,56,3.55391384114,7.12447234105,-0.019531162173000015,-0.002291134077000034,-0.024826464331399994,-0.0030309794562000114,-0.023091555087278427,-0.0024768549887823547,-0.9931892822748907,-0.11650765015288814,0,0,instant_velocity,dbscan_kmeans_fallback,False
1580,57,0.913208110665,6.99034553361,-0.029191510705500003,0.0022911340780000346,-0.0292420223313,0.0027493608928000055,-0.030530165920072957,0.0030401056131132724,-0.9969337661939619,0.07824565670065009,0,0,instant_velocity,dbscan_kmeans_fallback,False
1580,58,5.13534867486,4.10494855507,-0.02645546427999994,0.01090675284699998,-0.02799185958019999,0.011217010586600002,-0.02869598993042803,0.010979765779805827,-0.9245137286637954,0.38114782774072864,1,1,instant_velocity,dbscan_kmeans_fallback,False
1580,59,5.36686029545,4.70159805435,-0.032432673392999954,0.011598866265999952,-0.033674417540199994,0.011298154918399987,-0.03380767650779933,0.011449544376411385,-0.941596546083767,0.33674228091571035,1,1,instant_velocity,dbscan_kmeans_fallback,False
1580,60,10.6023903625,2.90997893791,-0.005871976560000114,0.004820927954999998,-0.005867767256,0.0048161547582,-0.007116164638410665,0.0053274870626363515,-0.7728854052991718,0.6345435507695911,2,2,instant_velocity,dbscan_kmeans_fallback,False
1580,61,10.8339019831,3.56080421172,0.00035779069000003717,0.006467680572000001,-0.0007660929979999764,0.0058996702488,-0.0031310551322088088,0.006158940294889488,0.055235245201640346,0.998471822395011,2,2,instant_velocity,dbscan_kmeans_fallback,False
1580,62,13.0968228418,6.87459553075,-0.021593720249999927,0.008567886809999958,-0.02505376665,0.00689726821179999,-0.022579864579487963,0.00690532659767603,-0.9295058026803102,0.36880632028207744,3,3,instant_velocity,dbscan_kmeans_fallback,False
1580,63,13.0698833077,7.73257751072,-0.02035197611000008,0.0022195361379999667,-0.025567301518,0.007302989871399994,-0.021487625882358176,0.005313696527695887,-0.9941052683733232,0.10841465989371869,3,3,instant_velocity,dbscan_kmeans_fallback,False
1580,64,14.2733228046,7.12471100085,-0.027234185180000026,0.002816185636999968,-0.027234185180000026,0.002816185636999968,-0.018795508742340025,0.003546396319714795,-0.9946957057967319,0.10285777750778662,3,3,instant_velocity,dbscan_kmeans_fallback,False
1580,65,14.5473483773,7.60370121887,-0.018941859869999966,0.0031741753360000403,-0.018941859869999966,0.0031741753360000403,-0.005682557960999991,0.0009522526008000123,-0.986247811486996,0.1652701213022988,3,3,instant_velocity,dbscan_kmeans_fallback,False
1580,66,14.6904646519,6.48892129441,-0.03156976644,0.0013364948779999608,-0.03156976644,0.0013364948779999608,-0.0161005808844,0.0006766005321900003,-0.9991047754200424,0.042296746714043404,3,3,instant_velocity,dbscan_kmeans_fallback,False
1580,72,1.53450111428,5.1636434266,0.01761592967600001,-0.007207525951000005,0.01473676697598,-0.012668062168799992,0.014348909808004127,-0.01194299776196042,0.9255278862337387,-0.37867807042237017,4,4,instant_velocity,dbscan_kmeans_fallback,False
1580,96,15.1930553336,10.133256436,0.0457972078500001,0.0028161856300000566,0.045220533454,0.001498783541999984,0.04282199529677223,0.0037753456039369,0.9981144626613926,0.06137657160342005,-1,-1,instant_velocity,dbscan_kmeans_fallback,False
1580,98,5.2125893701,8.1595398924,0.028076045624999945,0.0026491237769999286,0.021749464428799995,0.0019570103575999908,0.02185098991310659,0.0018852694539795603,0.9955776898650718,0.09393803405575665,5,5,instant_velocity,dbscan_kmeans_fallback,False
1580,99,5.21953471871,7.54164967095,0.026160813126000004,-0.0006443814589999874,0.02563885965460001,-0.002119299021399996,0.024261963100978518,-0.002134771655904434,0.9996963992436606,-0.024624074993350946,5,5,instant_velocity,dbscan_kmeans_fallback,False
1580,100,14.4273832648,1.69448457797,0.05863557953999994,-0.051144795078,0.05964581206799999,-0.040094846351799995,0.05904236090960494,-0.039797916238559654,0.7536032842000814,-0.6573293185279737,-1,-1,instant_velocity,dbscan_kmeans_fallback,False
1580,102,6.93840326902,5.29991817224,0.05297406809199998,-0.0030548454359999866,0.05516711453500001,0.005770793957200002,0.05290295919117086,0.0037297346298316423,0.9983412170069416,-0.05757115170101308,-1,-1,instant_velocity,dbscan_kmeans_fallback,False
1580,103,0.861012763478,4.53883207095,0.0220146504668,-0.002171804176999981,0.0220146504668,-0.002171804176999981,0.011223051970779004,-0.001107620130480009,0.9951686087573071,-0.09817604620058919,4,4,instant_velocity,dbscan_kmeans_fallback,False
1580,222,11.0567845342,8.52588268496,-0.016500464589999986,-0.0019331443780000513,-0.01578909252399999,-0.003498752663800033,-0.015099342961434524,-0.0038895872187490275,-0.9932063748852585,-0.11636104603787102,3,3,instant_velocity,dbscan_kmeans_fallback,False
1580,232,7.25809977055,9.22921311472,-0.02555046430800001,-0.01023850540799991,-0.024342394579200004,-0.005341206317600005,-0.02323838459857492,-0.005481151282696838,-0.9282466752828847,-0.37196422304803417,-1,-1,instant_velocity,dbscan_kmeans_fallback,False
1580,233,8.47353577863,9.10797393646,-0.0038515115060000936,-0.0013364948789998722,-0.0034558371002000143,-0.0006730206351999967,-0.00339614591176394,-0.0006989615348190705,-0.9447348330313579,-0.32782798763348114,3,3,instant_velocity,dbscan_kmeans_fallback,False
1580,340,12.1067949661,8.13829917023,-0.01178604613999994,0.0,-0.011436674057999988,-0.009083391976999984,-0.010879367176993001,-0.007857322057731982,-0.9999991515397618,0.0,3,3,instant_velocity,dbscan_kmeans_fallback,False
1580,343,11.7729973022,7.94737133046,-0.0024413952699999797,0.0,-0.005669930054000005,-0.002019061905600008,-0.005564523824227944,-0.00295103617082237,-0.9999959039983558,0.0,3,3,instant_velocity,dbscan_kmeans_fallback,False
1580,345,10.7490845439,12.0370456583,-0.02007837146,-0.005441443439999994,-0.008414395082000006,-0.010754010576000006,-0.009742246188288598,-0.007696066858966798,-0.9651828210455355,-0.2615743881639949,6,6,instant_velocity,dbscan_kmeans_fallback,False
1580,346,11.2007426692,11.7528018369,-0.01391174373999995,-0.009045206410000084,-0.009786627595999988,-0.010668093045999995,-0.00941554393331609,-0.007940927515331412,-0.8383722518510439,-0.5450970207714086,6,6,instant_velocity,dbscan_kmeans_fallback,False
1580,347,9.86744619968,10.9952956326,0.003388488264999978,-0.016944845779999974,0.0073957439522,-0.01797108291800001,0.004573712217034285,-0.014542800288426307,0.19608926311280905,-0.9805854595634578,-1,-1,instant_velocity,dbscan_kmeans_fallback,False
1580,348,10.2589113036,12.5401405161,0.0,0.0,0.0,0.0,0.0,0.0,0.0,0.0,-1,-1,instant_velocity,dbscan_kmeans_fallback,False
1580,376,14.3366728026,8.89198681772,-0.00027360463999990257,-0.0005727835200000087,-0.0002820232459999872,-0.0005632371273999936,-0.0002845621295913863,-0.0008977510197061307,-0.4310187645421088,-0.9023255056660293,3,3,instant_velocity,dbscan_kmeans_fallback,False
1580,412,4.82280798707,3.69564699856,-0.02428767365100004,0.015608350901000012,-0.031973859454200004,0.014405505510600002,-0.029169919599662305,0.013293846467087958,-0.8412593723854328,0.5406310901417362,1,1,instant_velocity,dbscan_kmeans_fallback,False
1580,413,5.4838788964,3.05174285894,-0.02763406889399995,0.013102423004999997,-0.02864009211779999,0.0177276499228,-0.02776382592964051,0.015321161997746538,-0.9035780778566623,0.4284226922765387,1,1,instant_velocity,dbscan_kmeans_fallback,False
1580,414,4.84827426533,2.95222172246,-0.014690464652000034,0.009975979627999986,-0.021610557456400007,0.0113458868784,-0.019160717591284137,0.01111234112055561,-0.8272803270205902,0.5617883358018209,1,1,instant_velocity,dbscan_kmeans_fallback,False
1590,51,8.63832995947,5.89489705292,0.012501627511999836,0.05966494992799998,0.01732127852219998,0.0662090016364,0.015721396822289152,0.060949622619028615,0.20507707898074332,0.9787456582770331,-1,-1,instant_velocity,dbscan_kmeans_fallback,False
1590,55,3.16771036497,6.58629449269,-0.022140929533,0.002434329956999992,-0.023483696931999996,-0.0017708557140000104,-0.02313761599375484,-0.0005089559152094444,-0.9940096283682266,0.10928842947974182,0,0,instant_velocity,dbscan_kmeans_fallback,False
1590,56,3.35839175429,7.10179966007,-0.019552208685000006,-0.0022672680979999526,-0.022624999284799996,-0.002715948520799998,-0.0220297511665949,-0.002413978921547634,-0.9933432239402484,-0.11518777434755818,0,0,instant_velocity,dbscan_kmeans_fallback,False
1590,57,0.580883702566,7.02495120457,-0.033232440809899996,0.0034605670959999557,-0.03002495253928,0.0027589072848000027,-0.03134084838702107,0.0031662440579792775,-0.9946216435044297,0.1035721376040325,0,0,instant_velocity,dbscan_kmeans_fallback,False
1590,58,4.93182891385,4.2481444349,-0.02035197610099999,0.014319587983000037,-0.025748301511599986,0.011694330186000003,-0.026192785781599618,0.01198171244076409,-0.8178471857158366,0.5754347722495342,1,1,instant_velocity,dbscan_kmeans_fallback,False
1590,59,5.19049053358,4.81114290242,-0.01763697618700002,0.010954484807000054,-0.029755557198999992,0.011407938426200009,-0.02895646641155954,0.011301026505587987,-0.8494801012038777,0.527619744100227,1,1,instant_velocity,dbscan_kmeans_fallback,False
1590,60,10.5436705969,2.95818821745,-0.005871976559999936,0.004820927953999998,-0.005867767256,0.0048161547582,-0.006742908214887447,0.005175519330045446,-0.7728854053637141,0.6345435506909771,2,2,instant_velocity,dbscan_kmeans_fallback,False
1590,61,10.8374798899,3.62571967725,0.00035779068000003634,0.006491546553000038,0.0003577906860000013,0.006472453768200008,-0.0020844013885461554,0.006258722172322653,0.05503278937135145,0.9984830072866553,2,2,instant_velocity,dbscan_kmeans_fallback,False
1590,62,12.8810961044,6.96027439884,-0.02157267374000007,0.008567886809000048,-0.023475278328000008,0.007656206374799996,-0.022277707327641595,0.007404094661073235,-0.9293824206934721,0.36911712839801686,3,3,instant_velocity,dbscan_kmeans_fallback,False
1590,63,12.8945658714,7.73257751072,-0.01753174363000003,0.0,-0.022839673698000027,0.004472484646799994,-0.02030086120665073,0.0037195875693871202,-0.9999994296064038,0.0,3,3,instant_velocity,dbscan_kmeans_fallback,False
1590,64,14.0009809527,7.15287285721,-0.02723418518999985,0.002816185636000057,-0.024649673639999994,0.0047302372302000075,-0.02132711167663797,0.0033273331146003735,-0.9946957058043325,0.1028577774342848,3,3,instant_velocity,dbscan_kmeans_fallback,False
1590,65,14.3579297787,7.63544297223,-0.018941859859999965,0.0031741753359999514,-0.018941859859999965,0.0031741753359999514,-0.009660348530699983,0.0016188294213599942,-0.9862478114727748,0.16527012138716232,3,3,instant_velocity,dbscan_kmeans_fallback,False
1590,66,14.3878158242,6.49154655221,-0.03026488276999988,0.00026252578000001136,-0.03026488276999988,0.00026252578000001136,-0.020349871450079965,0.0005523781065330036,-0.999962050247538,0.008673941320263917,3,3,instant_velocity,dbscan_kmeans_fallback,False
1590,72,1.74012552638,5.18536146837,0.020562441209999994,0.002171804176999981,0.017026627368619998,-0.0090881651732,0.016212969228602887,-0.0077085571802723,0.9944679692087247,0.1050356651412499,4,4,instant_velocity,dbscan_kmeans_fallback,False
1590,98,5.52260447657,8.13710587123,0.031001510646999984,-0.0022434021169999594,0.026548068928,0.0014415051902000188,0.02459614613327461,0.000646667982685704,0.9973916228571534,-0.07217553053055145,5,5,instant_velocity,dbscan_kmeans_fallback,False
1590,99,5.56006726609,7.52756874276,0.03405325473799996,-0.0014080928190000285,0.027621440987400003,-0.0011360206466000022,0.02719935059208495,-0.0019167680048331125,0.9991459015644781,-0.041314411205349635,5,5,instant_velocity,dbscan_kmeans_fallback,False
1590,100,15.0137390602,1.18303662718,0.058635579540000114,-0.05114479507900001,0.05934274231,-0.044175928927,0.0589203264987235,-0.04320197989069176,0.7536032841937156,-0.6573293185352715,-1,-1,instant_velocity,dbscan_kmeans_fallback,False
1590,102,7.49950325129,5.0770099193,0.056109998227,-0.022290825293999995,0.05478827733780001,-0.0015942474621999914,0.05386507090191961,-0.00407643334731785,0.9293487949468148,-0.36920250008812877,-1,-1,instant_velocity,dbscan_kmeans_fallback,False
1590,103,1.08094880304,4.51711402918,0.0219936039562,-0.002171804176999981,0.0219936039562,-0.002171804176999981,0.014454217566405305,-0.0014268753444360007,0.9951594251408822,-0.09826908771323034,4,4,instant_velocity,dbscan_kmeans_fallback,False
1590,222,11.0245833724,8.50535794219,-0.0032201161799999766,-0.0020524742769998383,-0.013574999569999982,-0.0025441134649999953,-0.011535574927004159,-0.0033384533362242706,-0.843266508296998,-0.5374907985261177,3,3,instant_velocity,dbscan_kmeans_fallback,False
1590,232,7.02153698733,9.14377290642,-0.023656278322000013,-0.008544020829999966,-0.0244307899252,-0.006882948623799976,-0.02336375271560245,-0.006400012146887776,-0.9405347792075561,-0.3396962377389455,3,3,instant_velocity,dbscan_kmeans_fallback,False
1590,233,8.39145438588,9.02086310957,-0.008208139275000016,-0.008711082689000093,-0.0044239766044000105,-0.0023150000572000097,-0.004839743920734763,-0.0031025978810733774,-0.6857837146849189,-0.7278042495678736,3,3,instant_velocity,dbscan_kmeans_fallback,False
1590,340,11.9916705511,8.18961102717,-0.011512441500000036,0.005131185693999995,-0.01149981358999998,-0.004925938266000003,-0.011069289473895112,-0.003960769732212388,-0.913382033018363,0.4071015536522327,3,3,instant_velocity,dbscan_kmeans_fallback,False
1590,343,11.7487938146,7.94737133046,-0.0024203487599999463,0.0,-0.002428767365999995,0.0,-0.004621271304959544,-0.002065725319575659,-0.999995868381099,0.0,3,3,instant_velocity,dbscan_kmeans_fallback,False
1590,345,10.574608968,11.9358539033,-0.017447557590000072,-0.010119175500000032,-0.011318813596000012,-0.010123948704000013,-0.01205383960880204,-0.008422999451276768,-0.8650395373085612,-0.5017027080902801,6,6,instant_velocity,dbscan_kmeans_fallback,False
1590,346,11.0106926752,11.5680791519,-0.019004999400000066,-0.018472268500000055,-0.012409022862000008,-0.01149862915,-0.012292380573321283,-0.011100329810732005,-0.7170854303950345,-0.6969847422197304,6,6,instant_velocity,dbscan_kmeans_fallback,False
1590,347,9.78852178357,10.7821724315,-0.007892441611000046,-0.021312320110000015,0.0031359301334000023,-0.018329072618000028,0.0008338660686239853,-0.01657365623489842,-0.3472751116155658,-0.9377628254698126,6,6,instant_velocity,dbscan_kmeans_fallback,False
1590,348,10.4929485055,12.5668704137,0.023403720189999967,0.0026729897600000995,0.023403720189999967,0.0026729897600000995,0.007021116056999991,0.00080189692800003,0.9935404909293344,0.1134744193162218,-1,-1,instant_velocity,dbscan_kmeans_fallback,False
1590,376,14.333726291,8.88625898253,-0.0002946511600001145,-0.0005727835189999197,-0.00028623254999999404,-0.00056801032340001,-0.0002875888387140048,-0.0008002607694942675,-0.4574351742220909,-0.8892255126542478,3,3,instant_velocity,dbscan_kmeans_fallback,False
1590,412,4.58014171567,3.85149184778,-0.024266627140000007,0.015584484922000019,-0.030281719972999995,0.014343453962800004,-0.027698931861763615,0.013981038003561576,-0.8414224057751145,0.5403773140858193,1,1,instant_velocity,dbscan_kmeans_fallback,False
1590,413,5.33255448258,3.15627585121,-0.015132441382000029,0.010453299227000024,-0.026194487544000004,0.015202629241800008,-0.023974410565348363,0.013860803166522584,-0.822776728316506,0.5683637637172725,1,1,instant_velocity,dbscan_kmeans_fallback,False
1590,414,4.70957775809,3.05389079713,-0.013869650723999972,0.010166907466999974,-0.017527534329600004,0.010553536343199993,-0.017573397531098885,0.010828711024488919,-0.8065201401873328,0.5912056329845092,1,1,instant_velocity,dbscan_kmeans_fallback,False
1600,51,8.83427297653,6.44381459226,0.019594301706000117,0.05489175393399996,0.0167319762152,0.0625288675248,0.016883268287402442,0.059132262013520016,0.33618575107361026,0.9417955179489094,-1,-1,instant_velocity,dbscan_kmeans_fallback,False
1600,55,2.94651153476,6.61087645206,-0.022119883021000007,0.0024581959370000737,-0.022835464394400002,0.0002386597996000006,-0.02283229610192839,0.0003811896404534111,-0.9938811616654563,0.11045061274272899,0,0,instant_velocity,dbscan_kmeans_fallback,False
1600,56,3.17886501578,7.10728883547,-0.017952673850999988,0.0005489175400000157,-0.0201078365738,-0.0018376804577999906,-0.020806627971916427,-0.0015251099830833389,-0.9995323309250381,0.030561510379763984,0,0,instant_velocity,dbscan_kmeans_fallback,False
1600,57,0.244139527166,7.06075017452,-0.03367441754,0.0035798969950000094,-0.030896278093079998,0.002792319656599993,-0.03204091913291475,0.003290339939085497,-0.994396344905703,0.10571337968172377,0,0,instant_velocity,dbscan_kmeans_fallback,False
1600,58,4.72851961796,4.39134031473,-0.020330929589000048,0.014319587982999949,-0.024009859706000006,0.012271886901399994,-0.024434228923819745,0.01268307510343485,-0.8175668429531453,0.5758330079498776,1,1,instant_velocity,dbscan_kmeans_fallback,False
1600,59,5.01412077172,4.92092641029,-0.01763697618600002,0.010978350786999958,-0.026510185208399994,0.01135066007439999,-0.025560619343891686,0.01120422379001158,-0.8489648009637031,0.5284484875697344,1,1,instant_velocity,dbscan_kmeans_fallback,False
1600,60,10.4849508313,3.00639749699,-0.005871976559999936,0.004820927953999998,-0.005871976559999972,0.0048209279541999986,-0.006481628718421194,0.0050691419172318114,-0.7728854053637141,0.6345435506909771,2,2,instant_velocity,dbscan_kmeans_fallback,False
1600,61,10.8263252391,3.70519339055,-0.0011154650799999998,0.007947371329999963,6.313953200002942e-05,0.006768391919800001,-0.0017937204959823086,0.006765316919625846,-0.1389938982299576,0.9902919792322838,2,2,instant_velocity,dbscan_kmeans_fallback,False
1600,62,12.6750507621,6.99153883261,-0.02060453422999995,0.0031264433769999656,-0.021703162103999994,0.007326855851200005,-0.0217757553983491,0.006120799275851255,-0.9886827103422537,0.15001846084942644,3,3,instant_velocity,dbscan_kmeans_fallback,False
1600,63,12.71903797,7.73257751072,-0.017552790139999885,0.0,-0.020907603990000006,0.0026729897567999926,-0.019476439886655476,0.002603711298570984,-0.9999994302903285,0.0,3,3,instant_velocity,dbscan_kmeans_fallback,False
1600,64,13.7284286358,7.18079605378,-0.02725523169000006,0.0027923196569999754,-0.025609394537999996,0.004014257831200006,-0.0231055476806466,0.003166829077320254,-0.994792511536426,0.10191726550681658,3,3,instant_velocity,dbscan_kmeans_fallback,False
1600,65,14.1733518775,7.65334245721,-0.018457790120000084,0.0017899484980000047,-0.018457790120000084,0.0017899484980000047,-0.012299581007490014,0.0016701651443519973,-0.995330272163709,0.09652238507918187,3,3,instant_velocity,dbscan_kmeans_fallback,False
1600,66,14.0881135081,6.49154655221,-0.02997023161000012,0.0,-0.02997023161000012,0.0,-0.02323597949805601,0.0003866646745731025,-0.9999996663356895,0.0,3,3,instant_velocity,dbscan_kmeans_fallback,False
1600,72,1.94574993849,5.20707951015,0.020562441211000017,0.002171804177999981,0.018007394779600002,-0.005961721796799999,0.017517810823322027,-0.0047444487727906146,0.9944679692042065,0.10503566518402777,4,4,instant_velocity,dbscan_kmeans_fallback,False
1600,98,5.8357765597,8.10942133446,0.03131720831300004,-0.0027684536769999823,0.029300952562199997,0.0005871031072000221,0.026612464787192237,-0.000377868515220002,0.9961151205324247,-0.08805697304151236,5,5,instant_velocity,dbscan_kmeans_fallback,False
1600,99,5.90038934835,7.51348781458,0.03403220822600002,-0.0014080928179999396,0.029317789770800004,-0.0009498660027999861,0.029249207882259473,-0.0017641654487831606,0.9991448463763839,-0.04133991755637533,5,5,instant_velocity,dbscan_kmeans_fallback,False
1600,102,8.06081369866,4.85434032617,0.056131044737000035,-0.022266959313,0.05441364944260002,-0.008959288881200003,0.05454486305244374,-0.009533591137022495,0.929531796661199,-0.3687415189468451,-1,-1,instant_velocity,dbscan_kmeans_fallback,False
1600,103,1.30109530771,4.4953959874,0.022014650466999998,-0.002171804177999981,0.022014650466999998,-0.002171804177999981,0.016722347436583712,-0.0016503539945051948,0.9951686087529776,-0.09817604624447501,4,4,instant_velocity,dbscan_kmeans_fallback,False
1600,104,0.231511620588,5.32211353361,0.0,0.0,0.0,0.0,0.0,0.0,0.0,0.0,-1,-1,instant_velocity,dbscan_kmeans_fallback,False
1600,222,11.0494182553,8.48435587981,0.0024834882900000464,-0.002100206238000091,-0.01004339503199997,-0.001995195925600015,-0.007329855961902897,-0.0029669792067570167,0.7635668883410042,-0.6457239796464133,3,3,instant_velocity,dbscan_kmeans_fallback,False
1600,232,6.7980230409,9.06907238911,-0.022351394642999976,-0.007470051731000104,-0.02425399923339999,-0.008214670306199991,-0.023060045293821708,-0.006721024022121475,-0.948433262871508,-0.31697554672590517,6,6,instant_velocity,dbscan_kmeans_fallback,False
1600,233,8.30916252802,8.93351362287,-0.00822918578599996,-0.008734948669999909,-0.005400534712999985,-0.003961752675399986,-0.005856576480314322,-0.004792303117751338,-0.6857200857048212,-0.7278642026541289,6,6,instant_velocity,dbscan_kmeans_fallback,False
1600,340,11.878229857,8.27528989526,-0.011344069410000124,0.008567886808999958,-0.011533488008000034,-8.114433199999383e-05,-0.011151723454726616,-0.00020217276984868396,-0.7979746065023356,0.6026899041133617,3,3,instant_velocity,dbscan_kmeans_fallback,False
1600,343,11.724590327,7.94737133046,-0.0024203487600001237,0.0,-0.002428767365999995,0.0,-0.003960994541471718,-0.001446007723702961,-0.999995868381099,0.0,3,3,instant_velocity,dbscan_kmeans_fallback,False
1600,345,10.4399112979,11.7640188475,-0.013469767009999956,-0.01718350558000008,-0.013427673993999996,-0.010911526042000012,-0.012478617829161414,-0.011051151289893762,-0.616927171185119,-0.7870196626744171,7,7,instant_velocity,dbscan_kmeans_fallback,False
1600,346,10.8206426812,11.3833564669,-0.01900499939999989,-0.01847226849999988,-0.015031418129999991,-0.012329165254000003,-0.014306166221324865,-0.013311911417512368,-0.7170854303950346,-0.6969847422197303,7,7,instant_velocity,dbscan_kmeans_fallback,False
1600,347,9.69696946089,10.5642760343,-0.009155232268000014,-0.021789639719999875,-0.0013722325146000003,-0.01878252623799998,-0.002162863432363215,-0.018138451280428857,-0.38736120385267636,-0.9219275739138716,7,7,instant_velocity,dbscan_kmeans_fallback,False
1600,348,10.7267752423,12.5933616515,0.02338267368000011,0.002649123780000018,0.02338267368000011,0.002649123780000018,0.011929583343900027,0.0013560649836000262,0.9936429066271564,0.11257408322068004,-1,-1,instant_velocity,dbscan_kmeans_fallback,False
1600,376,14.3309902446,8.88076980714,-0.00027360463999990257,-0.0005489175390000156,-0.00028202324799998736,-0.0005632371272000114,-0.00028339357909977416,-0.0007248578003459919,-0.44609188173197123,-0.894968951872625,3,3,instant_velocity,dbscan_kmeans_fallback,False
1600,412,4.43534172025,3.93024958168,-0.014479999541999966,0.007875773389999985,-0.02620711545059999,0.0132122065122,-0.023733252165834523,0.0121494586194931,-0.8784659032156735,0.4778037709532077,1,1,instant_velocity,dbscan_kmeans_fallback,False
1600,413,5.18144053387,3.26057018369,-0.015111394870999995,0.010429433247999987,-0.023744673667999993,0.0126728353648,-0.02131550585704385,0.012831392190965804,-0.8230142129461727,0.5680198200994623,1,1,instant_velocity,dbscan_kmeans_fallback,False
1600,414,4.57067078574,3.15532121201,-0.013890697235000004,0.010143041488000026,-0.014589441399199998,0.010009392000000004,-0.01646858744226922,0.010623010163542251,-0.8076080887328864,0.5897185873018612,1,1,instant_velocity,dbscan_kmeans_fallback,False
1610,51,9.13692180417,6.92113419169,0.030264882764000058,0.04773195994300004,0.018276790119800025,0.057416774615,0.020897752630381725,0.05571217139236402,0.5354893719698022,0.8445417565987833,-1,-1,instant_velocity,dbscan_kmeans_fallback,False
1610,55,2.80486851598,6.65478985521,-0.014164301877999996,0.004391340314999948,-0.020596115627999997,0.002634804188800004,-0.020231897834749872,0.0015842348428173722,-0.9551489246992795,0.296123594088002,0,0,instant_velocity,dbscan_kmeans_fallback,False
1610,56,3.02312083466,7.15502079541,-0.015574418112000022,0.004773195993999923,-0.018432534301000007,-0.00030071134760000005,-0.019236965013941506,0.0003643818100416401,-0.9561045228902686,0.29302374224747096,0,0,instant_velocity,dbscan_kmeans_fallback,False
1610,58,4.52499985695,4.53453619456,-0.02035197610099999,0.014319587983000037,-0.0227891620702,0.012954453928600005,-0.02320955307697382,0.013174028967304404,-0.8178471857158366,0.5754347722495342,1,1,instant_velocity,dbscan_kmeans_fallback,False
1610,59,4.83775100985,5.03047125836,-0.01763697618700002,0.010954484807000054,-0.023551045767200005,0.01122178378260001,-0.023183526396824188,0.011129302095108123,-0.8494801012038777,0.527619744100227,1,1,instant_velocity,dbscan_kmeans_fallback,False
1610,60,10.4262310657,3.05460677653,-0.005871976560000114,0.004820927953999998,-0.005871976560000007,0.0048209279541999986,-0.00629873307089487,0.004994677728262268,-0.7728854053637235,0.6345435506909657,2,2,instant_velocity,dbscan_kmeans_fallback,False
1610,61,10.8052787282,3.79469081544,-0.0021046510900001535,0.008949742489000023,-0.0004293488240000087,0.007264804303200006,-0.0018869996741876622,0.0074206445904381,-0.22891843101037573,0.9734444907581478,2,2,instant_velocity,dbscan_kmeans_fallback,False
1610,62,12.4700577453,7.01659811158,-0.02049930167999996,0.002505927896999971,-0.021168580725999996,0.006267206340599998,-0.02139281928284436,0.0050363378621958695,-0.9926103681726993,0.1213412071925459,3,3,instant_velocity,dbscan_kmeans_fallback,False
1610,63,12.5576112309,7.71778060313,-0.016142673910000127,-0.0014796907590000075,-0.019223883114000025,0.0012648969383999998,-0.01847631009365887,0.0013786906812996865,-0.9958245950188895,-0.09128056845164657,3,3,instant_velocity,dbscan_kmeans_fallback,False
1610,64,13.5497437577,7.14070120743,-0.017868487810000035,-0.004009484634999972,-0.024695975964,0.001942690769800013,-0.02153442971945263,0.001013934963624186,-0.9757368213612828,-0.21894420135890436,3,3,instant_velocity,dbscan_kmeans_fallback,False
1610,65,14.0083472316,7.61444090986,-0.016500464589999986,-0.0038901547350000064,-0.016500464589999986,-0.0038901547350000064,-0.013559846082243006,2.0691805463959184e-06,-0.9733153336121653,-0.22946912997796257,3,3,instant_velocity,dbscan_kmeans_fallback,False
1610,66,13.790305378,6.497751707,-0.029780813009999997,0.0006205154789999945,-0.030631092054,0.0007064330072000047,-0.02519942955163921,0.0004568199159011701,-0.9997826638449194,0.02083155414001979,3,3,instant_velocity,dbscan_kmeans_fallback,False
1610,72,2.1515848157,5.22879755192,0.020583487721000004,0.002171804176999981,0.018996580794800003,-0.002835278420600016,0.01843751389262542,-0.0026695728878534356,0.9944791824208878,0.10492944983845917,4,4,instant_velocity,dbscan_kmeans_fallback,False
1610,98,6.14894864282,8.0817367977,0.03131720831199995,-0.002768453676000071,0.029953394401999987,-0.0004964123834000133,0.028023887844634554,-0.001095044063454023,0.9961151205349676,-0.08805697301274475,5,5,instant_velocity,dbscan_kmeans_fallback,False
1610,99,6.24092189573,7.4996455462,0.03405325473799996,-0.0013842268380000356,0.03089206879099999,-0.0010978350785999958,0.03069042193898162,-0.0016501838655482233,0.999174563315725,-0.04061533198602633,5,5,instant_velocity,dbscan_kmeans_fallback,False
1610,102,8.60212996061,4.59181454649,0.05413162619499996,-0.026252577967999978,0.054392602931600004,-0.014954423049999992,0.05442089199521061,-0.014549287186315742,0.899768661455715,-0.4363668450110406,-1,-1,instant_velocity,dbscan_kmeans_fallback,False
1610,103,1.4999848363,4.47797382202,0.019888952858999987,-0.0017422165380000187,0.021581092340979997,-0.002085886649600006,0.017672329063308595,-0.001677912757553642,0.9961848059067417,-0.0872629975071663,4,4,instant_velocity,dbscan_kmeans_fallback,False
1610,104,0.534791843558,5.39943930872,0.030328022297,0.007732577511000027,0.030328022297,0.007732577511000027,0.009098406689100001,0.0023197732533000084,0.9689996545257337,0.24706078304003573,4,4,instant_velocity,dbscan_kmeans_fallback,False
1610,222,11.0742531383,8.46335381744,0.00248348829999987,-0.002100206237000002,-0.0062508137560000065,-0.0020238351016000065,-0.004385852683332067,-0.002706947315829912,0.7635668897745744,-0.6457239779512303,3,3,instant_velocity,dbscan_kmeans_fallback,False
1610,232,6.57429862937,8.9946105316,-0.022372441153000012,-0.007446185751000023,-0.023896208546999986,-0.0087874538254,-0.022853764051575198,-0.006938572540785039,-0.9488265010815385,-0.3157964892703346,6,6,instant_velocity,dbscan_kmeans_fallback,False
1610,233,8.22708113526,8.84616413618,-0.008208139275999926,-0.008734948668999997,-0.0063686742173999986,-0.005603732097199981,-0.006562045319020004,-0.005975096783125936,-0.6847892876813974,-0.7287399830638708,6,6,instant_velocity,dbscan_kmeans_fallback,False
1610,340,11.7649996281,8.36096876336,-0.011323022889999913,0.008567886810000046,-0.01155032521599999,0.0044533918626,-0.011203113285308606,0.0024288451041059355,-0.797435891019838,0.6034025117553707,3,3,instant_velocity,dbscan_kmeans_fallback,False
1610,343,11.7001763743,7.94737133046,-0.0024413952699999797,0.0,-0.002428767365999995,0.0,-0.0035051147600301965,-0.0010122054065920727,-0.9999959039983558,0.0,3,3,instant_velocity,dbscan_kmeans_fallback,False
1610,345,10.3052136277,11.5921837917,-0.013469767019999957,-0.017183505579999904,-0.015540743693999985,-0.011694330185999994,-0.012775962586412976,-0.012890857576925605,-0.6169271714688139,-0.7870196624520351,7,7,instant_velocity,dbscan_kmeans_fallback,False
1610,346,10.6324868732,11.1983951222,-0.01881558080000012,-0.01849613446999996,-0.01667304598400001,-0.01423367045399999,-0.015658990594927442,-0.014867178333258645,-0.7131343090322585,-0.7010268891104906,7,7,instant_velocity,dbscan_kmeans_fallback,False
1610,347,9.59720899892,10.3638018026,-0.009976046196999988,-0.020047423170000123,-0.004045139407000029,-0.019403041716000012,-0.004506818261754247,-0.018711142847300237,-0.4455096747960102,-0.8952766256887018,7,7,instant_velocity,dbscan_kmeans_fallback,False
1610,348,11.0125868612,12.5833379399,0.02858116189000004,-0.0010023711600000596,0.02858116189000004,-0.0010023711600000596,0.01692505690773003,0.0006485341405200005,0.9993852282540733,-0.03504948239639107,-1,-1,instant_velocity,dbscan_kmeans_fallback,False
1610,349,10.1865113059,12.7682992847,0.0,0.0,0.0,0.0,0.0,0.0,0.0,0.0,-1,-1,instant_velocity,dbscan_kmeans_fallback,False
1610,376,14.3280437331,8.87504197194,-0.00029465115000011367,-0.0005727835200000087,-0.0002862325479999939,-0.0005632371273999936,-0.000286770850369876,-0.000679235516242197,-0.4574351613144368,-0.8892255192941001,3,3,instant_velocity,dbscan_kmeans_fallback,False
1610,412,4.35578590881,3.95721813905,-0.007955581144000056,0.0026968557370000033,-0.0207813249244,0.011097680686800003,-0.01899995085928418,0.00931367775474517,-0.9470629940165385,0.321044084961681,1,1,instant_velocity,dbscan_kmeans_fallback,False
1610,413,5.03011612005,3.36510317596,-0.015132441382000029,0.010453299226999979,-0.020756069111200013,0.011637051833999995,-0.019460586514530705,0.012117964301776056,-0.8227767283165072,0.5683637637172709,1,1,instant_velocity,dbscan_kmeans_fallback,False
1610,414,4.43176381338,3.25699028669,-0.013890697236000005,0.010166907467999975,-0.014320046058999995,0.010066670351999995,-0.015695220380388456,0.010486179354879568,-0.8069472751676355,0.5906224963943244,1,1,instant_velocity,dbscan_kmeans_fallback,False
1620,51,9.4393601667,7.39845379112,0.030243836252999933,0.047731959942999946,0.02102125514920001,0.0539371147354,0.023701577717167188,0.053318107957554796,0.535223688639878,0.8447101569057482,-1,-1,instant_velocity,dbscan_kmeans_fallback,False
1620,55,2.66301503209,6.69846459856,-0.014185348388999985,0.004367474335000043,-0.018946069168599998,0.0032219072962000085,-0.018417933001024907,0.0024192066904721735,-0.9557262381345869,0.2942550088918336,0,0,instant_velocity,dbscan_kmeans_fallback,False
1620,56,2.86737665354,7.20275275535,-0.015574418111999977,0.0047731959940000126,-0.0176369761866,0.001107381470599993,-0.018138200943359047,0.001687026065229152,-0.9561045228902668,0.2930237422474768,0,0,instant_velocity,dbscan_kmeans_fallback,False
1620,58,4.25876149327,4.75219393189,-0.02662383636800003,0.021765773732999972,-0.0228228364878,0.015126258105799994,-0.024233838064281685,0.015751552397013077,-0.7742044986805598,0.6329350777412996,1,1,instant_velocity,dbscan_kmeans_fallback,False
1620,59,4.64264985323,5.15576765321,-0.019510115661999984,0.012529639484999943,-0.020970743523,0.011403165230399992,-0.02208150317637693,0.01154940331207567,-0.8414247700292801,0.5403734762449443,1,1,instant_velocity,dbscan_kmeans_fallback,False
1620,60,10.4691659481,3.07179028211,0.004293488240000087,0.0017183505579999813,-0.0038388836000000028,0.004200412474999995,-0.003121066677626382,0.004011779577183581,0.9284034380801761,0.37156793653501174,2,2,instant_velocity,dbscan_kmeans_fallback,False
1620,61,10.7842322172,3.88418824034,-0.002104651099999977,0.008949742489999978,-0.0009218371800000113,0.007761216686800001,-0.0019522951019313565,0.007879373960306663,-0.2289184320168012,0.9734444905214739,2,2,instant_velocity,dbscan_kmeans_fallback,False
1620,62,12.2650647285,7.04165739055,-0.02049930167999996,0.00250592789700006,-0.020953906315999974,0.005054814558000001,-0.02112476400199104,0.004277214872637126,-0.9926103681726988,0.12134120719255014,3,3,instant_velocity,dbscan_kmeans_fallback,False
1620,63,12.4050240264,7.69295998396,-0.015258720449999963,-0.002482061916999978,-0.017367580848000018,-0.0003484433076000038,-0.0175110332005612,0.00022046490180978697,-0.987026277505229,-0.1605547688288625,3,3,instant_velocity,dbscan_kmeans_fallback,False
1620,64,13.38137167,7.09296924748,-0.01683720876999999,-0.004773195995000012,-0.023285859727999993,-7.159793999999664e-05,-0.020125263434616836,-0.0007222043239630737,-0.9620863989353873,-0.27274276924240914,3,3,instant_velocity,dbscan_kmeans_fallback,False
1620,65,13.8435530507,7.5757780223,-0.016479418089999955,-0.0038662887560000137,-0.01786427850599999,7.637113579999521e-05,-0.014435717684570092,-0.001158438200417527,-0.9735641918568669,-0.2284109953193411,3,3,instant_velocity,dbscan_kmeans_fallback,False
1620,66,13.4981798058,6.52853882116,-0.02921255721999998,0.0030787114159999797,-0.030159650209999996,0.0010596495105999893,-0.02640336785214744,0.001243387365930813,-0.9944919737523442,0.10480950947408008,3,3,instant_velocity,dbscan_kmeans_fallback,False
1620,72,2.35720922781,5.2505155937,0.02056244121099997,0.00217180417800007,0.019977348205799998,0.0002959381518000015,0.019074992088137788,-0.0012171597680973836,0.9944679692042061,0.10503566518403223,4,4,instant_velocity,dbscan_kmeans_fallback,False
1620,98,6.46233119105,8.05405226093,0.03133825482299999,-0.0027684536769999823,0.030610045543999983,-0.0015799278740000133,0.029018197938144186,-0.0015970669475178108,0.9961203063568763,-0.08799829283550542,5,5,instant_velocity,dbscan_kmeans_fallback,False
1620,99,6.59218816369,7.54045637195,0.03512662679600007,0.004081082575000039,0.032685231524800004,-0.00015274227179999046,0.03202128339608716,6.919606661625558e-05,0.9933181543889565,0.11540571301795433,5,5,instant_velocity,dbscan_kmeans_fallback,False
1620,102,8.96412994917,3.97129906723,0.036199998855999914,-0.062051547926000025,0.05110934722139998,-0.027183351187399996,0.0489546240534474,-0.02879996540822103,0.5039048397594258,-0.8637590138844133,-1,-1,instant_velocity,dbscan_kmeans_fallback,False
1620,103,1.68456273744,4.46341557424,0.018457790114000016,-0.0014558247780000143,0.0208739295726,-0.001942690769599995,0.01790796737851602,-0.0016112863636875536,0.9969034094530216,-0.07862895155870235,4,4,instant_velocity,dbscan_kmeans_fallback,False
1620,104,0.838072066529,5.47652642402,0.0303280222971,0.007708711530000034,0.0303280222971,0.007708711530000034,0.015467291371500002,0.003936454736310016,0.9691819761704947,0.24634459184923874,4,4,instant_velocity,dbscan_kmeans_fallback,False
1620,222,11.0988775561,8.44235175506,0.002462441780000013,-0.002100206237999913,-0.0024582324800000066,-0.002057247473599979,-0.0023313643443324426,-0.002524924992480912,0.7608486491929805,-0.6489246130354792,3,3,instant_velocity,dbscan_kmeans_fallback,False
1620,232,6.43644398257,8.95141310785,-0.013785464680000015,-0.004319742374999968,-0.021543208621200006,-0.007603701218999994,-0.020133274240102646,-0.006152923491049518,-0.954246786356508,-0.29901786953994386,6,6,instant_velocity,dbscan_kmeans_fallback,False
1620,233,8.14499974251,8.75881464948,-0.008208139275000016,-0.008734948670000086,-0.007341023023600002,-0.007250484715399992,-0.007055873505814008,-0.0068030523491881805,-0.6847892875954587,-0.7287399831446265,6,6,instant_velocity,dbscan_kmeans_fallback,False
1620,340,11.6517693991,8.44664763146,-0.011323022899999913,0.00856788680999987,-0.011457720567999985,0.0061669692245999745,-0.011239086169715999,0.004270557615874116,-0.7974358912762621,0.60340251141649,3,3,instant_velocity,dbscan_kmeans_fallback,False
1620,343,11.6944938163,7.96885071243,-0.0005682558000000171,0.0021479381969999878,-0.0020583487720000093,0.00042958763939999757,-0.0026240570720211425,-6.416232551445446e-05,-0.2557584632238787,0.9667360585929244,3,3,instant_velocity,dbscan_kmeans_fallback,False
1620,345,10.1250554939,11.4804910054,-0.01801581338000009,-0.01116927863000008,-0.016496255292000016,-0.012219381746000018,-0.01434791782448911,-0.012374383892847948,-0.8499133966450844,-0.5269215071375631,7,7,instant_velocity,dbscan_kmeans_fallback,False
1620,346,10.4609578088,11.012717798,-0.01715290643999996,-0.018567732420000028,-0.017578045956,-0.01661072206,-0.016107165348449196,-0.01597734455928106,-0.6785673097717969,-0.7345376878766458,7,7,instant_velocity,dbscan_kmeans_fallback,False
1620,347,9.49197644411,10.1747832412,-0.010523255480999971,-0.01890185613999993,-0.0068316974584000075,-0.019799216983999984,-0.006311749427527965,-0.018768356835110144,-0.4864275207388146,-0.8737204029820068,7,7,instant_velocity,dbscan_kmeans_fallback,False
1620,348,11.3207077816,12.5578013413,0.03081209203999986,-0.002553659860000046,0.03081209203999986,-0.002553659860000046,0.02109116744741098,-0.0003121240596360135,0.9965828472993082,-0.08259528794763428,8,8,instant_velocity,dbscan_kmeans_fallback,False
1620,349,10.6219636177,12.801234337,0.04354523118000007,0.003293505230000093,0.04354523118000007,0.003293505230000093,0.013063569354000023,0.000988051569000028,0.9971517250465822,0.0754186929900352,8,8,instant_velocity,dbscan_kmeans_fallback,False
1620,376,14.3253076867,8.86955279655,-0.00027360463999990257,-0.0005489175390000156,-0.0002820232459999872,-0.0005632371273999936,-0.00028282098725888394,-0.0006401401230695426,-0.44609188173197123,-0.894968951872625,3,3,instant_velocity,dbscan_kmeans_fallback,False
1620,412,4.27644056248,3.98418669642,-0.007934534632999934,0.0026968557370000033,-0.015784883222,0.008892464137400004,-0.015680325991398906,0.0073286311494216196,-0.9468038329831737,0.3218075749741688,1,1,instant_velocity,dbscan_kmeans_fallback,False
1620,413,4.95645333168,3.39493565092,-0.007366278837000006,0.0029832474960000076,-0.016075325073200003,0.009484340440599998,-0.015832294211271494,0.009377549260043241,-0.9268730553975375,0.37537157943788785,1,1,instant_velocity,dbscan_kmeans_fallback,False
1620,414,4.29306730614,3.35842070157,-0.013869650723999972,0.010143041488000026,-0.014042232114199997,0.010119175507799998,-0.01514754948347191,0.010383237994815706,-0.8071819103979263,0.5903017868620195,1,1,instant_velocity,dbscan_kmeans_fallback,False
1620,421,11.3143938284,5.28679188325,0.0,0.0,0.0,0.0,0.0,0.0,0.0,0.0,2,2,instant_velocity,dbscan_kmeans_fallback,False
1620,422,11.8197205566,5.07629393991,0.0,0.0,0.0,0.0,0.0,0.0,0.0,0.0,2,2,instant_velocity,dbscan_kmeans_fallback,False
1630,51,9.74600783143,7.86145380256,0.030664766472999892,0.046300001144000014,0.024653882941599967,0.05126412497839999,0.025790534343917,0.05121267591348837,0.5521805827784089,0.8337243212611963,-1,-1,instant_velocity,dbscan_kmeans_fallback,False
1630,55,2.52137201331,6.7423780017,-0.014164301877999996,0.004391340313999947,-0.017354952939799998,0.003608536171600001,-0.01714184366411743,0.0030108467775305054,-0.9551489247183526,0.29612359402648164,0,0,instant_velocity,dbscan_kmeans_fallback,False
1630,56,2.71163247242,7.25048471529,-0.015574418112000022,0.0047731959940000126,-0.016845627374400002,0.0025202474848000024,-0.01736906609395134,0.0026128770438604105,-0.9561045228902672,0.293023742247476,0,0,instant_velocity,dbscan_kmeans_fallback,False
1630,58,3.99273359471,4.96985166923,-0.026602789855999998,0.02176577373399997,-0.022852301603000013,0.017298062283199994,-0.024944523601797178,0.017555818798109146,-0.7739591449261408,0.6332350749304236,1,1,instant_velocity,dbscan_kmeans_fallback,False
1630,59,4.4037719538,5.31686301802,-0.023887789943000025,0.016109536481000043,-0.019261766833000012,0.01230529927340001,-0.022623389206363857,0.012917443262752983,-0.8290852509633094,0.5591215900726867,1,1,instant_velocity,dbscan_kmeans_fallback,False
1630,60,10.6135450133,3.05818667353,0.0144379065199999,-0.0013603608579999982,0.000223093016,0.0029641547123999954,0.0021466252816615032,0.0024001374466285073,0.9955898082636668,-0.09380594090351715,-1,-1,instant_velocity,dbscan_kmeans_fallback,False
1630,61,10.7631857062,3.97368566523,-0.002104651099999977,0.008949742489000023,-0.0014143255380000142,0.008257629070200006,-0.001998001901351943,0.00820048451891467,-0.2289184320410379,0.9734444905157742,2,2,instant_velocity,dbscan_kmeans_fallback,False
1630,62,12.0689112464,7.06265945292,-0.019615348209999973,0.002100206237000002,-0.02055823190799998,0.0037612784434000093,-0.02067193926439372,0.0036241122819459888,-0.9943163697898468,0.10646099263836822,3,3,instant_velocity,dbscan_kmeans_fallback,False
1630,63,12.2526472871,7.66837802459,-0.015237673929999928,-0.0024581959369999852,-0.016344720411999986,-0.001283989722599994,-0.016829025419392817,-0.0005831333498331448,-0.9872353209657209,-0.15926432512004954,3,3,instant_velocity,dbscan_kmeans_fallback,False
1630,64,13.2129995823,7.04523728754,-0.01683720876999999,-0.0047731959940000126,-0.021206464445999985,-0.0015894742661999928,-0.019138847035231783,-0.0019375018249741555,-0.9620863989503812,-0.2727427691895193,3,3,instant_velocity,dbscan_kmeans_fallback,False
1630,65,13.6785484048,7.53711513475,-0.016500464589999986,-0.0038662887550000137,-0.017375999449999995,-0.0013317216824000155,-0.015055141756199061,-0.0019707933667922734,-0.9736289439549705,-0.22813482717553252,3,3,instant_velocity,dbscan_kmeans_fallback,False
1630,66,13.2062646988,6.55932593532,-0.029191510699999944,0.003078711416000068,-0.029683999061999984,0.0014080928182000107,-0.027239810706503192,0.0017939845809515896,-0.9944840943848569,0.10488424411735409,3,3,instant_velocity,dbscan_kmeans_fallback,False
1630,72,2.5057975952,5.15934755021,0.014858836738999992,-0.009116804349000062,0.019425929618399996,-8.591752780001016e-05,0.01781014548339645,-0.0035870531423681878,0.8523508321646697,-0.5229693218956288,4,4,instant_velocity,dbscan_kmeans_fallback,False
1630,98,6.721413741,8.03424349755,0.025908254995000046,-0.001980876338000037,0.030176487418000005,-0.0025059278970000066,0.028085215055200945,-0.0017122097646624786,0.9970895061994567,-0.0762348143508629,5,5,instant_velocity,dbscan_kmeans_fallback,False
1630,99,6.95039978027,7.61778214705,0.035821161657999936,0.007732577509999938,0.034617301231199986,0.0015226495219999947,0.033161246874660995,0.002368210499631361,0.9774845184733085,0.21100585391629229,5,5,instant_velocity,dbscan_kmeans_fallback,False
1630,102,9.32612993773,3.35078358798,0.036199998856000094,-0.062051547924999985,0.0477545333742,-0.038982691685199994,0.045128236494213214,-0.03877544016325472,0.5039048397654867,-0.8637590138808776,-1,-1,instant_velocity,dbscan_kmeans_fallback,False
1630,103,1.86935110369,4.44885732646,0.018478836624999984,-0.0014558247780000143,0.020166766804239997,-0.001799494889800002,0.01807922815246121,-0.0015646478879812918,0.9969104259270799,-0.07853994972538982,4,4,instant_velocity,dbscan_kmeans_fallback,False
1630,104,1.14156275461,5.55385219913,0.0303490688081,0.007732577510999939,0.0303490688081,0.007732577510999939,0.019931824602480004,0.005075291568716993,0.9690406603322028,0.24689989879786467,-1,-1,instant_velocity,dbscan_kmeans_fallback,False
1630,222,11.123712439,8.42111103289,0.0024834882900000464,-0.0021240722170000836,0.001338558096,-0.0020954330413999857,-0.0008869085540326958,-0.0024046691598366633,0.7599542087783815,-0.6499719074811546,3,3,instant_velocity,dbscan_kmeans_fallback,False
1630,232,6.42676258753,8.95594764405,-0.0009681395040000318,0.00045345361999995506,-0.01662674366040001,-0.0054653094134000215,-0.014383733819271861,-0.004171010357734675,-0.905580471887111,0.42415245063532137,6,6,instant_velocity,dbscan_kmeans_fallback,False
1630,233,8.05597300114,8.81394506322,-0.008902674137000055,0.005513041374000061,-0.008351255549799994,-0.0058805774648000055,-0.007609913695169822,-0.0031082242322317075,-0.8501847384775164,0.5264826687624207,6,6,instant_velocity,dbscan_kmeans_fallback,False
1630,340,11.6284077719,8.4991527874,-0.0023361627200001677,0.0052505155940000495,-0.009567743884000031,0.0072170723433999835,-0.00856820913480125,0.0045645450093118965,-0.406515557507445,0.9136419546564422,3,3,instant_velocity,dbscan_kmeans_fallback,False
1630,343,11.762894977,8.0762476223,0.006840116070000057,0.010739690987000028,-0.0002020465040000019,0.002577525836800003,0.00021519487058521778,0.003176993668239891,0.5371974175445833,0.8434556087062429,3,3,instant_velocity,dbscan_kmeans_fallback,False
1630,345,9.93984619739,11.3754806935,-0.01852092965099992,-0.010501031189999921,-0.0161847669302,-0.013231299296000002,-0.015599821372442355,-0.011812378081993539,-0.869904143530035,-0.49321987155357966,7,7,instant_velocity,dbscan_kmeans_fallback,False
1630,346,10.2894287445,10.8272791336,-0.01715290642999996,-0.018543866440000122,-0.018226278494,-0.018510454066000007,-0.016420887672914424,-0.01674730112349678,-0.679038085489272,-0.7341025042242055,7,7,instant_velocity,dbscan_kmeans_fallback,False
1630,347,9.38274505222,10.0134492166,-0.010923139188999897,-0.016133402460000036,-0.009694022949199983,-0.019636928319999997,-0.007695166355969545,-0.01797787052257711,-0.5606388665253019,-0.8280598014790181,7,7,instant_velocity,dbscan_kmeans_fallback,False
1630,348,11.6290391672,12.5322647428,0.030833138560000074,-0.0025536598499998676,0.02740255727200001,-0.00015751546599997114,0.024013758781187708,-0.0009845847967451698,0.9965874867282046,-0.08253929281048468,8,8,instant_velocity,dbscan_kmeans_fallback,False
1630,349,11.0574159295,12.8341693894,0.04354523117999989,0.0032935052399999166,0.04354523117999989,0.0032935052399999166,0.022208067901799983,0.0016796876702999948,0.9971517250293614,0.07541869321772117,8,8,instant_velocity,dbscan_kmeans_fallback,False
1630,376,14.3223611751,8.86382496136,-0.0002946511600001145,-0.0005727835189999197,-0.00028623255000002955,-0.0005632371271999759,-0.0002863700390812531,-0.0006199331418486557,-0.4574351742220909,-0.8892255126542478,3,3,instant_velocity,dbscan_kmeans_fallback,False
1630,412,4.19709521615,4.01139391358,-0.007934534633000024,0.0027207217159999964,-0.012514255418399997,0.006314938300400002,-0.013356588583879241,0.005946258319395133,-0.945933485155877,0.3243569905475447,1,1,instant_velocity,dbscan_kmeans_fallback,False
1630,413,4.88279054331,3.42476812589,-0.007366278837000006,0.0029832474970000076,-0.012021767061800012,0.007460505339000001,-0.013292489598990046,0.007459258731130271,-0.9268730553537597,0.37537157954598493,1,1,instant_velocity,dbscan_kmeans_fallback,False
1630,414,4.08049754542,3.47584132303,-0.02125697607200001,0.011742062145999998,-0.015355534398199993,0.0104723920114,-0.016980377460030338,0.010790885240170993,-0.875332055118468,0.48352142632015954,1,1,instant_velocity,dbscan_kmeans_fallback,False
1630,421,11.135077555,5.19824909756,-0.017931627339999957,-0.008854278569000052,-0.017931627339999957,-0.008854278569000052,-0.005379488201999988,-0.002656283570700016,-0.8966464793382262,-0.442746079618997,-1,-1,instant_velocity,dbscan_kmeans_fallback,False
1630,422,11.7460577682,5.11805940485,-0.007366278840000007,0.004176546494000011,-0.007366278840000007,0.004176546494000011,-0.0022098836520000023,0.0012529639482000035,-0.8699035249660265,0.4932195204974219,2,2,instant_velocity,dbscan_kmeans_fallback,False
1640,51,10.0686508445,8.26717546207,0.03226430130700013,0.040572165951000015,0.028606417700600028,0.047445568183,0.02773266443284194,0.04802052292474186,0.6224169555304652,0.7826855994869888,-1,-1,instant_velocity,dbscan_kmeans_fallback,False
1640,55,2.37951852943,6.78629140485,-0.01418534838800003,0.004391340315000036,-0.015763836710800002,0.003999938243200009,-0.016254895081282212,0.0034249948387713646,-0.9552731251691313,0.295722690176573,0,0,instant_velocity,dbscan_kmeans_fallback,False
1640,56,2.55588829129,7.29821667524,-0.015574418112999977,0.004773195995000012,-0.016050069259999997,0.003928340303399995,-0.016830671699665928,0.003260972729202291,-0.956104522878339,0.29302374228639616,0,0,instant_velocity,dbscan_kmeans_fallback,False
1640,58,3.72649523103,5.18727074677,-0.026623836367999986,0.02174190775400007,-0.02410667365640001,0.0187825262374,-0.02544831743165802,0.018811645484876422,-0.774544614817698,0.632518820126333,1,1,instant_velocity,dbscan_kmeans_fallback,False
1640,59,4.16489405438,5.47819704262,-0.023887789941999936,0.016133402459999946,-0.020511929583999996,0.013341082803999989,-0.023002709427054683,0.013882231021927071,-0.8287012539329531,0.5596905733543804,1,1,instant_velocity,dbscan_kmeans_fallback,False
1640,60,10.7577136134,3.04458306494,0.014416860010000043,-0.0013603608589999982,0.004280860329999996,0.0017278969497999963,0.0058276957001630655,0.0012719879549399555,0.9955770087468018,-0.09394167619578932,2,2,instant_velocity,dbscan_kmeans_fallback,False
1640,61,10.8877810511,3.97177638683,0.012459534489999946,-0.0001909278400000325,0.0010060232239999679,0.006921134191599992,0.0023392590160536244,0.005683060811240259,0.9998818083180679,-0.015322022991365872,2,2,instant_velocity,dbscan_kmeans_fallback,False
1640,62,11.9521031105,7.04690790614,-0.011680813590000127,-0.0015751546779999791,-0.018579859877999993,0.0017326701460000037,-0.017974601562075643,0.002064332193962198,-0.9910290861496779,-0.1336400148033432,3,3,instant_velocity,dbscan_kmeans_fallback,False
1640,63,12.1166868263,7.64475070442,-0.01359604607999998,-0.002362732017000013,-0.015557580901999976,-0.0017565361259999968,-0.015859131617574965,-0.0011170129499832053,-0.9852330237040291,-0.17121460133439367,3,3,instant_velocity,dbscan_kmeans_fallback,False
1640,64,13.0932449349,7.07125120571,-0.011975464740000063,0.0026013918170000316,-0.018154720356000027,-0.001632433029999998,-0.016989832346662268,-0.0005758337323818991,-0.9772089253597649,0.2122759623214651,3,3,instant_velocity,dbscan_kmeans_fallback,False
1640,65,13.5470077113,7.47005173103,-0.013154069350000163,-0.006706340371999975,-0.016218441348000035,-0.0033078248240000006,-0.014484820034339391,-0.003391457468354584,-0.8908961095277815,-0.4542056444748635,3,3,instant_velocity,dbscan_kmeans_fallback,False
1640,66,12.9364484282,6.58772645149,-0.02698162705999998,0.0028400516169999612,-0.029027347920000005,0.0019235979856000007,-0.02716235561255223,0.002107804691766101,-0.9945055454975739,0.10468038403781182,3,3,instant_velocity,dbscan_kmeans_fallback,False
1640,67,15.3384867244,0.480660836623,0.0,0.0,0.0,0.0,0.0,0.0,0.0,0.0,-1,-1,instant_velocity,dbscan_kmeans_fallback,False
1640,72,2.6543859626,5.06794084692,0.014858836740000037,-0.009140670328999966,0.018285208724400003,-0.002348412429,0.016924752860377527,-0.005253138298357721,0.8517404398491661,-0.5239628581139276,4,4,instant_velocity,dbscan_kmeans_fallback,False
1640,98,6.94471722231,8.01968524977,0.022330348131000034,-0.0014558247780000143,0.028442254914800014,-0.0023484124292000173,0.02635875497794067,-0.0016352942686637393,0.9978811174102048,-0.06505675808105095,5,5,instant_velocity,dbscan_kmeans_fallback,False
1640,99,7.30882186197,7.69510792216,0.035842208170000056,0.007732577511000027,0.03497509191760001,0.003350783588000006,0.03396553526326271,0.003977520603041961,0.9775100676231957,0.2108874634572836,5,5,instant_velocity,dbscan_kmeans_fallback,False
1640,102,9.72832876222,2.82716398741,0.04021988244900001,-0.052361960057,0.044576510218600006,-0.0449969186378,0.04365573028064926,-0.0428513961313783,0.6091534154440105,-0.7930522136286713,-1,-1,instant_velocity,dbscan_kmeans_fallback,False
1640,103,2.05392900484,4.43429907868,0.018457790115000018,-0.0014558247780000143,0.019459604036,-0.0016562990100000086,0.01819279674122285,-0.0015320009549869085,0.9969034094533554,-0.07862895155446875,4,4,instant_velocity,dbscan_kmeans_fallback,False
1640,104,1.47030925584,5.70229859455,0.03287465012299999,0.01484463954200006,0.03287465012299999,0.01484463954200006,0.023814672258636,0.008006095960701913,0.9113909013618959,0.4115410920559253,-1,-1,instant_velocity,dbscan_kmeans_fallback,False
1640,222,11.148547322,8.40010897051,0.002483488300000047,-0.002100206237999913,0.002479278992000005,-0.0021049794336000004,0.00012421050217712728,-0.002313330283285638,0.7635668896230174,-0.6457239781304474,3,3,instant_velocity,dbscan_kmeans_fallback,False
1640,232,6.41708119248,8.96024352044,-0.000968139504999943,0.00042958763900013963,-0.012089115896999996,-0.0036705877196,-0.010359055524990285,-0.002790830958714231,-0.9140468380038129,0.4055853738492204,6,6,instant_velocity,dbscan_kmeans_fallback,False
1640,233,7.96694625976,8.86907547695,-0.008902674137999967,0.005513041372999972,-0.008490162522399985,-0.003035752652399992,-0.007997741828018866,-0.0005218445506622032,-0.8501847385467339,0.5264826686506455,6,6,instant_velocity,dbscan_kmeans_fallback,False
1640,340,11.6435612598,8.53709969555,0.0015153487900001039,0.003794690814999946,-0.006962185826000003,0.006949773367599974,-0.005543141757360844,0.004333588751018311,0.37085645405821865,0.9286875663114333,3,3,instant_velocity,dbscan_kmeans_fallback,False
1640,343,11.8312961376,8.18364453217,0.006840116060000056,0.01073969098699994,0.0016500464599999987,0.004725464034199991,0.00220267122740967,0.005445802863867906,0.5371974169858644,0.8434556090620909,3,3,instant_velocity,dbscan_kmeans_fallback,False
1640,345,9.7782089932,11.2361033705,-0.01616372041900007,-0.013937732299999972,-0.015927999496,-0.013995010655999991,-0.015768991086409667,-0.012449984347395469,-0.7573287207231875,-0.653033132157715,7,7,instant_velocity,dbscan_kmeans_fallback,False
1640,346,10.1303171216,10.6776394392,-0.015911162290000114,-0.014963969439999936,-0.01760751107200001,-0.017808794253999984,-0.01626797005804013,-0.01621230161844773,-0.72845648360492,-0.6850914069228414,7,7,instant_velocity,dbscan_kmeans_fallback,False
1640,347,9.25751831199,9.96189869984,-0.012522674023000136,-0.0051550516759999,-0.010620069431600002,-0.01640547463319997,-0.009143418656078723,-0.014131024868603946,-0.9247123403368105,-0.3806646959839189,7,7,instant_velocity,dbscan_kmeans_fallback,False
1640,348,11.9401065993,12.5038642266,0.031106743209999975,-0.002840051620000139,0.02894316187600001,-0.0012601237420000189,0.026141654109831387,-0.0015412248437216606,0.9958576956030597,-0.09092199857096764,8,8,instant_velocity,dbscan_kmeans_fallback,False
1640,349,11.4766624279,12.8592286684,0.041924649839999974,0.00250592790000006,0.041924649839999974,0.00250592790000006,0.02812304248325998,0.0019275597392100143,0.9982181777141801,0.05966568096257673,8,8,instant_velocity,dbscan_kmeans_fallback,False
1640,376,14.3196251287,8.85809712616,-0.00027360463999990257,-0.0005727835200000087,-0.0002820232459999872,-0.0005632371273999936,-0.00028254041935684793,-0.0006057882552940616,-0.4310187645421088,-0.9023255056660293,3,3,instant_velocity,dbscan_kmeans_fallback,False
1640,412,4.11753940471,4.03836247095,-0.007955581144000056,0.0026968557370000033,-0.009252046219200007,0.0037374124633999983,-0.011736286351915485,0.004971437544676594,-0.9470629940165385,0.321044084961681,9,9,instant_velocity,dbscan_kmeans_fallback,False
1640,413,4.80912775494,3.45460060085,-0.007366278836999918,0.0029832474960000076,-0.010468534552799991,0.005966494992799998,-0.011514626370393006,0.006116455360591191,-0.9268730553975358,0.37537157943789173,9,9,instant_velocity,dbscan_kmeans_fallback,False
1640,414,3.83635801825,3.59994441888,-0.02441395271700002,0.012410309584999979,-0.017464394796800002,0.010921072435000002,-0.01921045003712124,0.011276712543619689,-0.8914373850845559,0.4531430880030639,1,1,instant_velocity,dbscan_kmeans_fallback,False
1640,421,10.9559717467,5.10994497166,-0.0179105808300001,-0.00883041258999997,-0.0179105808300001,-0.00883041258999997,-0.009138815990400022,-0.004508522276490003,-0.8969141711904297,-0.44220353681457436,-1,-1,instant_velocity,dbscan_kmeans_fallback,False
1640,422,11.6723949798,5.1598248698,-0.007366278840000007,0.004176546495000011,-0.007366278840000007,0.004176546495000011,-0.003756802208400004,0.002130038712240006,-0.8699035249153584,0.49321952058678675,3,3,instant_velocity,dbscan_kmeans_fallback,False
1650,51,10.3912938575,8.67289712159,0.03226430129999987,0.04057216595199993,0.031140417619399976,0.04458165058659999,0.029092155492989318,0.04578601583291928,0.622416955438341,0.7826855995602489,-1,-1,instant_velocity,dbscan_kmeans_fallback,False
1650,55,2.23661271999,6.82519295221,-0.014290580943999976,0.0038901547360000064,-0.014197976295399997,0.004286330002999997,-0.015665600840097542,0.003564542807939957,-0.9648877756610988,0.2626599131907581,0,0,instant_velocity,dbscan_kmeans_fallback,False
1650,56,2.38435922695,7.31778677881,-0.017152906434000005,0.001957010357000044,-0.0158901157766,0.004209958866800001,-0.016927342119966153,0.002869784017541617,-0.993553785239905,0.11335659384796543,0,0,instant_velocity,dbscan_kmeans_fallback,False
1650,58,3.48151384343,5.3297506472,-0.024498138759999975,0.01424799004299997,-0.024940115490599997,0.0187682066494,-0.025163263830160605,0.017442548852313486,-0.8644319568286192,0.5027491285931943,1,1,instant_velocity,dbscan_kmeans_fallback,False
1650,59,3.92601615495,5.63953106723,-0.023887789943000025,0.016133402461000035,-0.0217620923354,0.014372093138800003,-0.023268233581838285,0.014557582453648962,-0.8287012539277293,0.5596905733621148,1,1,instant_velocity,dbscan_kmeans_fallback,False
1650,60,10.9020926786,3.03097945636,0.014437906520000076,-0.0013603608579999982,0.008342836945999998,0.000491639187399997,0.00841075894611417,0.0004822833110579692,0.995589808263667,-0.09380594090351602,2,2,instant_velocity,dbscan_kmeans_fallback,False
1650,61,11.1091903465,3.90900885951,0.022140929540000086,-0.0062767527319999685,0.005657302147999985,0.004076309379200005,0.008279760173237564,0.00209511674826819,0.9620865306627207,-0.2727428064322172,2,2,instant_velocity,dbscan_kmeans_fallback,False
1650,62,11.8350845096,7.03091769956,-0.011701860089999983,-0.001599020658000061,-0.01679932505,0.0007875773389999985,-0.016092779120452944,0.0009653263383735203,-0.9907917438190105,-0.13538843004082646,3,3,instant_velocity,dbscan_kmeans_fallback,False
1650,63,11.9876717141,7.62160070385,-0.012901511220000116,-0.0023150000569999384,-0.014627325118000023,-0.0022195361373999844,-0.01497184549830251,-0.0014764090820882252,-0.9842791547791724,-0.1766154569462611,3,3,instant_velocity,dbscan_kmeans_fallback,False
1650,64,12.9791728455,7.10514089727,-0.011407208939999868,0.0033889691559999767,-0.01498511580599999,-0.0015131031301999975,-0.015315045324663549,0.0006136071341326637,-0.958589779431293,0.28478755958944596,3,3,instant_velocity,dbscan_kmeans_fallback,False
1650,65,13.4487205051,7.37458781115,-0.009828720619999842,-0.009546391988000025,-0.014492627447999985,-0.005575092921200006,-0.013087990210037526,-0.005237937824248216,-0.717333863095609,-0.6967285477056462,3,3,instant_velocity,dbscan_kmeans_fallback,False
1650,66,12.8638379654,6.59607954448,-0.007261046280000016,0.00083530929900002,-0.024485510853999984,0.0020906598454000047,-0.021191962812786565,0.0017260560739362765,-0.9934465257185057,0.11428588787233683,3,3,instant_velocity,dbscan_kmeans_fallback,False
1650,67,14.9324995279,0.787577339054,-0.04059871964999999,0.030691650243099992,-0.04059871964999999,0.030691650243099992,-0.012179615894999999,0.009207495072929998,-0.7977058923070989,0.6030463633980505,-1,-1,instant_velocity,dbscan_kmeans_fallback,False
1650,72,2.80297432999,4.97677280342,0.014858836738999992,-0.009116804349999974,0.01714448783,-0.0046061341345999905,0.016304978023964266,-0.006412238113850398,0.8523508321391021,-0.5229693219372998,4,4,instant_velocity,dbscan_kmeans_fallback,False
1650,98,7.16802070363,8.00512700199,0.022330348131999946,-0.0014558247780000143,0.026644882878599993,-0.0020858866494000237,0.025150232924158453,-0.001581453421464622,0.997881117410394,-0.06505675807815017,5,5,instant_velocity,dbscan_kmeans_fallback,False
1650,99,7.66724394366,7.77267235707,0.03584220816899997,0.00775644349100002,0.0353370919062,0.005183690849799998,0.03452853713498389,0.005111197469429379,0.9773757113271134,0.21150927528347704,5,5,instant_velocity,dbscan_kmeans_fallback,False
1650,102,10.1574671207,2.36822119256,0.042913835847999945,-0.045894279485,0.041933068440799984,-0.0497223826722,0.04343316195085446,-0.04376426113746481,0.6829913037253202,-0.730426286990965,-1,-1,instant_velocity,dbscan_kmeans_fallback,False
1650,103,2.23871737109,4.41950217109,0.018478836624999984,-0.0014796907589999186,0.018752441267599996,-0.001517876326199996,0.018278608706355993,-0.0015163078961908114,0.996808804178117,-0.07981935259044591,4,4,instant_velocity,dbscan_kmeans_fallback,False
1650,104,1.81610343096,5.89823829012,0.034579417512,0.01959396955699999,0.03169183620744,0.01152249513020001,0.0270440958346452,0.011482458039591338,0.8700331225283149,0.4929927610980009,-1,-1,instant_velocity,dbscan_kmeans_fallback,False
1650,222,11.1731717398,8.37910690814,0.002462441780000013,-0.002100206237000002,0.002475069689999998,-0.002104979433399983,0.0008256798855239931,-0.0022493930693999473,0.7608486493455219,-0.6489246128566272,3,3,instant_velocity,dbscan_kmeans_fallback,False
1650,232,6.40761026255,8.96453939684,-0.0009470929929999983,0.00042958763999987324,-0.007808255567,-0.0020906598454000047,-0.007535466765393198,-0.0018247053790999995,-0.9106867672658061,0.41307430423448627,6,6,instant_velocity,dbscan_kmeans_fallback,False
1650,233,7.87791951839,8.92396723089,-0.008902674137000055,0.005489175393999979,-0.008624860192600003,-0.0001909278396000147,-0.008269221520713223,0.001281461432736452,-0.8512045260138595,0.5248322995489489,6,6,instant_velocity,dbscan_kmeans_fallback,False
1650,340,11.6589252128,8.5750466037,0.0015363952999999596,0.0037946908150001237,-0.0043860928839999855,0.005995134168800007,-0.0034192806401526026,0.004171919370212855,0.3752860787552813,0.9269063997072344,3,3,instant_velocity,dbscan_kmeans_fallback,False
1650,343,11.8996972982,8.29104144205,0.006840116059999879,0.010739690988000029,0.003502139423999999,0.0068734022317999965,0.003593904677186733,0.007033969301107543,0.5371974169502663,0.8434556090847634,3,3,instant_velocity,dbscan_kmeans_fallback,False
1650,345,9.65192992743,11.0451755307,-0.012627906576999947,-0.01909278398000005,-0.0157596274094,-0.014376866335999985,-0.014826665733586751,-0.014442824237176844,-0.551653248439607,-0.8340730302444934,7,7,instant_velocity,dbscan_kmeans_fallback,False
1650,346,9.99014735859,10.5821755193,-0.01401697630099985,-0.009546391990000024,-0.0166099064522,-0.016023618952000013,-0.015592671930928047,-0.014212528729913416,-0.8265186874220418,-0.5629082341123948,7,7,instant_velocity,dbscan_kmeans_fallback,False
1650,347,9.13250203687,9.9101095233,-0.012501627512000013,-0.0051789176540001595,-0.0112893484804,-0.01308333022000003,-0.01015088131285511,-0.01144539270422281,-0.9238638522690752,-0.3827193547253165,7,7,instant_velocity,dbscan_kmeans_fallback,False
1650,348,12.2515949615,12.4752250506,0.03114883622000004,-0.0028639175999998654,0.030496394383999998,-0.0023627320179999954,0.027643808742881984,-0.001938032670605122,0.995799534409365,-0.09155680143309855,8,8,instant_velocity,dbscan_kmeans_fallback,False
1650,349,11.74942521,12.8150766054,0.027276278210000095,-0.00441520630000003,0.027276278210000095,-0.00441520630000003,0.027869013201282013,2.4729927447000736e-05,0.9871506787410423,-0.15978990470293858,8,8,instant_velocity,dbscan_kmeans_fallback,False
1650,376,14.3166786172,8.85260795077,-0.00029465115000011367,-0.0005489175390000156,-0.0002862325480000294,-0.0005632371273999936,-0.0002861736385498276,-0.0005887270404058479,-0.4729472395248074,-0.8810725320322287,3,3,instant_velocity,dbscan_kmeans_fallback,False
1650,412,4.01756847764,4.0784573173,-0.009997092706999933,0.004009484634999972,-0.008355464852200001,0.0029641547123999954,-0.011214528258440819,0.004682851671773607,-0.9281345676318202,0.3722423505712269,1,1,instant_velocity,dbscan_kmeans_fallback,False
1650,413,4.73546496657,3.48443307582,-0.007366278837000006,0.0029832474970000076,-0.008919511345999992,0.004477257842600002,-0.010270122110375104,0.005176493001513836,-0.9268730553537597,0.37537157954598493,1,1,instant_velocity,dbscan_kmeans_fallback,False
1650,414,3.56822546859,3.71211452474,-0.026813254965999976,0.01121701058600002,-0.020048906342999998,0.0111358662546,-0.021491291515784862,0.011258801956333789,-0.9225281800738111,0.3859288391093458,1,1,instant_velocity,dbscan_kmeans_fallback,False
1650,421,10.7328787305,5.02164084577,-0.02230930162,-0.00883041258899997,-0.02230930162,-0.00883041258899997,-0.013089961679280017,-0.005805089370242994,-0.9298112550478889,-0.3680355912445071,-1,-1,instant_velocity,dbscan_kmeans_fallback,False
1650,422,11.5987321915,5.20159033475,-0.007366278830000006,0.004176546494999922,-0.007366278830000006,0.004176546494999922,-0.0048396451948800046,0.002743991047067981,-0.8699035246280824,0.49321952109346,3,3,instant_velocity,dbscan_kmeans_fallback,False
1660,51,10.7227764052,9.04878630614,0.03314825477000003,0.0375889184550001,0.03171709202059997,0.042553042289000004,0.03030898527609253,0.04332688661954353,0.6614146271493508,0.7500201943470588,-1,-1,instant_velocity,dbscan_kmeans_fallback,False
1660,55,2.08360458529,6.81970377681,-0.01530081347000003,-0.0005489175400000157,-0.014425278613800004,0.0032982784320000035,-0.015556164629068288,0.002330504703557965,-0.9993564579510402,-0.03585196888761321,0,0,instant_velocity,dbscan_kmeans_fallback,False
1660,56,2.18883714011,7.29511409784,-0.019552208684000004,-0.0022672680970000415,-0.016685673890999998,0.0028018660486000078,-0.017714802089176307,0.0013286683831791192,-0.993343223945387,-0.11518777430324521,0,0,instant_velocity,dbscan_kmeans_fallback,False
1660,58,3.25063361817,5.42211198969,-0.023088022525999997,0.009236134249000027,-0.025487324775599996,0.0177515159026,-0.02454069143891242,0.014980624471319447,-0.9284634867407725,0.37142260231145585,1,1,instant_velocity,dbscan_kmeans_fallback,False
1660,59,3.69660918546,5.78201096766,-0.022940696949000028,0.01424799004299997,-0.0228228364878,0.015030794185999986,-0.02316997259198681,0.014464704730454265,-0.8494915397834463,0.5276015383209551,1,1,instant_velocity,dbscan_kmeans_fallback,False
1660,60,11.3392287113,2.95747223805,0.04371360326999998,-0.007350721831000007,0.018259952912000017,-0.001942690769600004,0.019001612243279915,-0.0018676182315594241,0.986154433234255,-0.16582817198433344,2,2,instant_velocity,dbscan_kmeans_fallback,False
1660,61,11.3792170821,3.82643256881,0.027002673560000013,-0.008257629070000005,0.011478767078000019,0.0006348350673999991,0.0138966341892663,-0.0010107069972122686,0.9562837867956209,-0.2924390719854779,2,2,instant_velocity,dbscan_kmeans_fallback,False
1660,62,11.7182763737,7.01492749298,-0.01168081358999995,-0.0015990206579999723,-0.015035627431999998,-3.341237199999014e-05,-0.014769189461317046,0.00019602223946147237,-0.9907589914868704,-0.13562788946850501,3,3,instant_velocity,dbscan_kmeans_fallback,False
1660,63,11.8586566019,7.59868936308,-0.01290151121999994,-0.002291134077000034,-0.013979092579999986,-0.0023818248009999897,-0.01435074521481174,-0.0017208265805617679,-0.9845941967048714,-0.17485062622663955,3,3,instant_velocity,dbscan_kmeans_fallback,False
1660,64,12.864890291,7.13926924863,-0.01142825545000008,0.00341283513599997,-0.013697069333999999,-2.8639176000009313e-05,-0.014149008362264508,0.0014533755346928558,-0.9581856730065839,0.28614426287160255,3,3,instant_velocity,dbscan_kmeans_fallback,False
1660,65,13.3504332989,7.27912389126,-0.00982872062000002,-0.009546391988999935,-0.013158278653999994,-0.006706340371999992,-0.012110209333026273,-0.006530474073673733,-0.7173338630591424,-0.6967285477431914,3,3,instant_velocity,dbscan_kmeans_fallback,False
1660,66,12.7912275026,6.60419397767,-0.007261046280000016,0.0008114433189999381,-0.019981557507999986,0.0021288454133999934,-0.0170126878529506,0.001451672247455375,-0.9938121651477333,0.11106143807005037,3,3,instant_velocity,dbscan_kmeans_fallback,False
1660,67,14.5246181455,1.04532992274,-0.04078813823999994,0.025775258368599997,-0.04078813823999994,0.025775258368599997,-0.02076217259849998,0.014177824061630998,-0.845354621455509,0.5342051567271,-1,-1,instant_velocity,dbscan_kmeans_fallback,False
1660,72,2.99533944019,4.95195218425,0.019236511019999993,-0.002482061917000067,0.016875092489799997,-0.0055369073534,0.017184437922774985,-0.005233185254795298,0.9917778037748872,-0.1279677959436749,4,4,instant_velocity,dbscan_kmeans_fallback,False
1660,98,7.3949020918,8.04927906494,0.02268813881699998,0.004415206295000118,0.024919068979599997,-0.000649154655199986,0.02441160469201091,0.00021754449347480037,0.981585579195729,0.19102064137138353,-1,-1,instant_velocity,dbscan_kmeans_fallback,False
1660,99,7.93558695843,8.01467339398,0.02683430147700001,0.024200103691000053,0.03389330125400001,0.010300556955600015,0.03222026643758873,0.010837869335900582,0.7426160915807248,0.6697169454648266,-1,-1,instant_velocity,dbscan_kmeans_fallback,False
1660,102,10.5863950142,1.90927839771,0.04289278935000009,-0.045894279485,0.03968530107180001,-0.0536507229756,0.04327105017059815,-0.044403266641725364,0.6828125316382633,-0.7305934083036452,-1,-1,instant_velocity,dbscan_kmeans_fallback,False
1660,103,2.4270836442,4.46818877024,0.01883662731100002,0.004868659914999985,0.018541976158000004,-0.00019570103559999553,0.0184460142877492,0.0003991824471664277,0.9681823076537223,0.250243863397625,4,4,instant_velocity,dbscan_kmeans_fallback,False
1660,104,2.16168714096,6.09441664548,0.03455837099999999,0.019617835535999984,0.03253790594803999,0.013899546735200002,0.029298378384251637,0.013923071288513934,0.8696465342329815,0.4936743888487978,-1,-1,instant_velocity,dbscan_kmeans_fallback,False
1660,222,11.1980066227,8.35810484576,0.002483488289999869,-0.002100206238000091,0.002475069687999998,-0.0021049794336000004,0.001323022406866756,-0.0022046370199799905,0.7635668883409814,-0.6457239796464401,3,3,instant_velocity,dbscan_kmeans_fallback,False
1660,232,6.39792886751,8.96883527323,-0.0009681395040000318,0.00042958763900013963,-0.003527395237200004,-0.0005155051673999722,-0.005565268586975248,-0.0011484174736699575,-0.9140468378485079,0.4055853741992033,5,5,instant_velocity,dbscan_kmeans_fallback,False
1660,233,7.78889277702,8.97909764462,-0.008902674136999966,0.005513041372999972,-0.008763767164800011,0.0026586701687999793,-0.008459257305599245,0.002550935414815508,-0.8501847385202633,0.5264826686933911,5,5,instant_velocity,dbscan_kmeans_fallback,False
1660,237,14.727296046,10.0833765379,0.0,0.0,0.0,0.0,0.0,0.0,0.0,0.0,3,3,instant_velocity,dbscan_kmeans_fallback,False
1660,340,11.6740787007,8.61323217166,0.0015153487900001039,0.003818556795999939,-0.0018184185479999827,0.005045268165999986,-0.0019388918111067906,0.00406591059794898,0.3688548164279393,0.9294844033947597,3,3,instant_velocity,dbscan_kmeans_fallback,False
1660,343,11.9923019465,8.39366515592,0.009260464830000004,0.01026237138700008,0.0058425114439999955,0.008925876509200013,0.005293872723030715,0.008002489926875304,0.669936141385486,0.7424177527459654,3,3,instant_velocity,dbscan_kmeans_fallback,False
1660,345,9.52565086165,10.854247691,-0.012627906578000036,-0.019092783970000048,-0.015591255321000013,-0.014758722014000015,-0.014167037986910738,-0.015837812157023803,-0.5516532486710048,-0.8340730300914474,6,6,instant_velocity,dbscan_kmeans_fallback,False
1660,346,9.84976713047,10.4867115994,-0.01403802281200015,-0.009546391990000024,-0.015654394854600007,-0.014233670456000026,-0.015126277195249678,-0.012812687707939398,-0.8269113204321131,-0.5623312991816346,6,6,instant_velocity,dbscan_kmeans_fallback,False
1660,347,9.00727529664,9.85855900656,-0.012522674022999957,-0.0051550516739999,-0.011798674045599995,-0.010104855920799984,-0.010862419125898564,-0.009558290395155938,-0.924712340388795,-0.38066469585763807,6,6,instant_velocity,dbscan_kmeans_fallback,False
1660,348,12.5294089062,12.4694972154,0.02778139447000001,-0.0005727835200000087,0.030336440899999994,-0.0022768144899999853,0.02768508446101739,-0.0015284579254235878,0.9997871668236452,-0.020613134206869176,7,7,instant_velocity,dbscan_kmeans_fallback,False
1660,349,12.022187992,12.7709245425,0.027276278199999913,-0.004415206290000029,0.03671353372199999,5.2505156000002276e-05,0.027691192700897385,-0.0013072509377871084,0.9871506787888877,-0.1597899044073582,7,7,instant_velocity,dbscan_kmeans_fallback,False
1660,376,14.3139425707,8.84688011558,-0.0002736046499999034,-0.0005727835190000973,-0.00028202324799998736,-0.0005632371272000114,-0.0002824029419848503,-0.0005839439839841227,-0.43101877798142785,-0.9023254992464897,3,3,instant_velocity,dbscan_kmeans_fallback,False
1660,412,3.86940104047,4.14910061802,-0.014816743717000013,0.007064330072000047,-0.009727697366799992,0.0038376495794000044,-0.012295192896008576,0.005397295191841539,-0.9026532344169195,0.43036719202771284,1,1,instant_velocity,dbscan_kmeans_fallback,False
1660,413,4.41471613951,3.52977843776,-0.03207488270600001,0.004534536193999994,-0.012307999610799989,0.003293505236000005,-0.016811550289062574,0.004983905959259683,-0.9901538156546204,0.13998144142466915,1,1,instant_velocity,dbscan_kmeans_fallback,False
1660,414,3.20391036383,3.77631401087,-0.03643151047600002,0.006419948613000015,-0.024557068991,0.010386474483600007,-0.02597335720384941,0.009807145953333657,-0.984825554855291,0.17354563048120905,1,1,instant_velocity,dbscan_kmeans_fallback,False
1660,421,10.4912647846,4.93309806008,-0.02416139458999993,-0.008854278569000052,-0.02416139458999993,-0.008854278569000052,-0.01641139155249599,-0.006719846129870111,-0.9389374749619641,-0.34408667642171753,-1,-1,instant_velocity,dbscan_kmeans_fallback,False
1660,422,11.4646659166,5.22975219112,-0.013406627490000034,0.002816185637000057,-0.013406627490000034,0.002816185637000057,-0.007409739883416013,0.0027656494240476037,-0.9786411252395945,0.2055725858522614,3,3,instant_velocity,dbscan_kmeans_fallback,False
1670,51,11.0891961611,9.30510693103,0.036641975590000084,0.025632062488999983,0.032996719888,0.03813306279820001,0.0322088823702648,0.038018439380380464,0.8194136639010944,0.5732022332110623,-1,-1,instant_velocity,dbscan_kmeans_fallback,False
1670,55,1.93059645059,6.81421460142,-0.015300813469999985,-0.0005489175390000156,-0.014648371630000004,0.002315000057199992,-0.015479559281347796,0.0014666780307905707,-0.9993564579533805,-0.03585196882238332,0,0,instant_velocity,dbscan_kmeans_fallback,False
1670,56,1.99331505326,7.27220275707,-0.019552208685000006,-0.002291134077000034,-0.017481232005600002,0.0013890000343999987,-0.018266024067923416,0.00024272764512537292,-0.9932037872645829,-0.11638393795137512,0,0,instant_velocity,dbscan_kmeans_fallback,False
1670,58,3.01975339291,5.51447333218,-0.023088022526000042,0.009236134248999939,-0.0247801620072,0.015245588005799995,-0.024104890765038706,0.013257277404623593,-0.9284634867407741,0.3714226023114522,1,1,instant_velocity,dbscan_kmeans_fallback,False
1670,59,3.47330570415,5.9123192183,-0.02233034813099999,0.013030825064000062,-0.0233868829816,0.015131031301800012,-0.022918085253690764,0.014034540830518003,-0.863697943349956,0.5040090168726764,1,1,instant_velocity,dbscan_kmeans_fallback,False
1670,60,11.776364744,2.88420367954,0.04371360326999998,-0.0073268558509999695,0.026143975917999995,-0.0037517320513999943,0.026415209551295935,-0.003505389517391588,0.9862423483224793,-0.1653045043136411,2,2,instant_velocity,dbscan_kmeans_fallback,False
1670,61,11.6698693985,3.73550318511,0.02906523163999992,-0.009092938370000025,0.017712743625999998,-0.002973701104600002,0.018447213424486388,-0.003435376409048596,0.9543856340259156,-0.29857562667651505,2,2,instant_velocity,dbscan_kmeans_fallback,False
1670,62,11.6012577728,6.9991759462,-0.011701860089999983,-0.0015751546779999791,-0.013276139114000003,-0.0008496288869999979,-0.013848990649921927,-0.00033533083577696316,-0.9910608940945989,-0.13340393676813747,3,3,instant_velocity,dbscan_kmeans_fallback,False
1670,63,11.7199600946,7.60417853847,-0.013869650730000061,0.0005489175390000156,-0.013701278636000005,-0.001775628909799991,-0.014206416869368237,-0.0010399033446932327,-0.9992170341316672,0.03954589527738215,3,3,instant_velocity,dbscan_kmeans_fallback,False
1670,64,12.7438728529,7.17268162059,-0.012101743810000088,0.003341237195999991,-0.012749976342000018,0.0015942474621999914,-0.013534828996585181,0.002019734033084996,-0.9639341411729158,0.2661378936413982,3,3,instant_velocity,dbscan_kmeans_fallback,False
1670,65,13.2433065581,7.22208419913,-0.010712674080000007,-0.0057039692130000045,-0.012004929852000003,-0.007073876463399991,-0.011690948757118394,-0.006282522615471614,-0.8826755532962285,-0.4699810844118791,3,3,instant_velocity,dbscan_kmeans_fallback,False
1670,66,12.7215635513,6.61326305006,-0.00696639513000008,0.0009069072389999988,-0.015532325090000007,0.0016944845779999973,-0.013998800036065445,0.001288242744918762,-0.9916309722551248,0.12909364030787746,3,3,instant_velocity,dbscan_kmeans_fallback,False
1670,67,14.1121065306,1.18852580257,-0.041251161489999966,0.014319587983000015,-0.041251161489999966,0.014319587983000015,-0.02690886926594998,0.014220353238041702,-0.944699927864313,0.32793534159919746,-1,-1,instant_velocity,dbscan_kmeans_fallback,False
1670,72,3.21716966574,4.97128362803,0.022183022555000022,0.0019331443780000513,0.017199208758600006,-0.005584639313400004,0.018684013312442495,-0.003083286364956693,0.9962238994231668,0.08681615075782811,4,4,instant_velocity,dbscan_kmeans_fallback,False
1670,98,7.6310439448,8.23018319312,0.023614185300000035,0.01809041281799999,0.023374255075000006,0.0035226186438000085,0.02417237887440765,0.0055794049908323585,0.7938299756670381,0.6081392088982881,5,5,instant_velocity,dbscan_kmeans_fallback,False
1670,99,8.19382764794,8.27505123546,0.025824068950999913,0.026037784147999864,0.03203278968499998,0.014691897270199981,0.030301407191612083,0.015397843779530367,0.7041867253404902,0.7100144438544258,5,5,instant_velocity,dbscan_kmeans_fallback,False
1670,102,11.1925345299,1.69925777396,0.060613951569999894,-0.021002062374999998,0.04456809161460001,-0.0454408258654,0.048473920590418676,-0.037382905361707755,0.9448880169685792,-0.3273932247569549,-1,-1,instant_velocity,dbscan_kmeans_fallback,False
1670,103,2.61692317308,4.54384392674,0.018983952887999988,0.007565515649999988,0.018647208712799998,0.001608567050000005,0.018607395867824436,0.002549082408016496,0.9289490472986431,0.37020627878996387,4,4,instant_velocity,dbscan_kmeans_fallback,False
1670,104,2.51821503667,6.3302125276,0.03565278957100002,0.023579588211999968,0.03360285940282,0.01707372207159999,0.031204701740276154,0.016820026365559744,0.8340845381774883,0.5516362164328027,-1,-1,instant_velocity,dbscan_kmeans_fallback,False
1670,222,11.2228415057,8.33686412359,0.002483488300000047,-0.002124072216999906,0.002479278992000005,-0.002109752629399999,0.0016711621748067434,-0.002180467579085965,0.7599542100711714,-0.6499719059696214,3,3,instant_velocity,dbscan_kmeans_fallback,False
1670,232,6.38824747246,8.97336980943,-0.0009681395050000318,0.00045345361999995506,-0.0009639302022000074,0.0004391340316000125,-0.004186129862382683,-0.0006678561455689837,-0.9055804720554015,0.42415245027603377,6,6,instant_velocity,dbscan_kmeans_fallback,False
1670,233,7.69986603565,9.03422805835,-0.008902674136999966,0.005513041372999972,-0.008902674137200002,0.005508268177399991,-0.008592282355019461,0.0034395672022708474,-0.8501847385202633,0.5264826686933911,6,6,instant_velocity,dbscan_kmeans_fallback,False
1670,237,14.3800286152,10.2027064377,-0.03472674307999988,0.01193298998000003,-0.03472674307999988,0.01193298998000003,-0.010418022923999966,0.00357989699400001,-0.9457225701565883,0.32497426918327876,-1,-1,instant_velocity,dbscan_kmeans_fallback,False
1670,340,11.6894426537,8.65117907981,0.0015363952999999596,0.003794690814999946,0.0007534650919999919,0.004090628967000001,-0.0008963056777747654,0.00398454466306427,0.3752860787552964,0.9269063997072283,3,3,instant_velocity,dbscan_kmeans_fallback,False
1670,343,12.1817205451,8.47719608582,0.018941859859999965,0.008353092989999844,0.009744534575999992,0.010166907467799984,0.009388268864121491,0.008107670845812666,0.9149817441754259,0.4034940417540178,3,3,instant_velocity,dbscan_kmeans_fallback,False
1670,345,9.37622063382,10.6879018106,-0.014943022783000082,-0.016634588039999974,-0.014976697201600012,-0.015851783895999994,-0.01439983342573754,-0.016076844921916654,-0.668269690822086,-0.7439184941275808,7,7,instant_velocity,dbscan_kmeans_fallback,False
1670,346,9.7104392279,10.3852811845,-0.013932790256999894,-0.010143041489999938,-0.015010371617999993,-0.012548732270000008,-0.014768231113774743,-0.01201179384255756,-0.8084566648205129,-0.5885547218384067,7,7,instant_velocity,dbscan_kmeans_fallback,False
1670,347,8.94897646128,9.7468662203,-0.0058298835360000465,-0.01116927862600008,-0.01085999965660001,-0.008558340418000014,-0.009352658448929008,-0.010041586864409181,-0.462717472264841,-0.8865049088768677,7,7,instant_velocity,dbscan_kmeans_fallback,False
1670,348,12.7567112246,12.4981363914,0.02273023183999996,0.0028639175999998654,0.028720068860000014,-0.0011932989980000031,0.02619862867471216,-0.00021074526779655157,0.9921553473191589,0.12500757498306816,8,8,instant_velocity,dbscan_kmeans_fallback,False
1670,349,12.2932670532,12.7542183565,0.027107906120000004,-0.0016706186000000401,0.03342606870999997,-0.0009403196100000243,0.02751620672662817,-0.001416261236450988,0.9981059911788445,-0.061511738540536647,8,8,instant_velocity,dbscan_kmeans_fallback,False
1670,376,14.3109960592,8.84115228038,-0.000294651149999936,-0.0005727835200000087,-0.00028623254999999404,-0.00056801032340001,-0.0002860774043893761,-0.0005805958447888885,-0.45743516131421874,-0.8892255192942125,3,3,instant_velocity,dbscan_kmeans_fallback,False
1670,412,3.72123360329,4.21974391873,-0.014816743718000014,0.007064330070999958,-0.011104139183800009,0.004711144446199995,-0.013051658142606008,0.005897405655589065,-0.9026532344518713,0.43036719195440454,1,1,instant_velocity,dbscan_kmeans_fallback,False
1670,413,4.09396731244,3.57536245951,-0.032074882707000006,0.004558402174999987,-0.01724972038479999,0.0036085361718000007,-0.0213905500144438,0.004856254823981774,-0.9900514476678435,0.14070363759821505,1,1,instant_velocity,dbscan_kmeans_fallback,False
1670,414,2.83959525907,3.84051349699,-0.036431510475999976,0.006419948611999971,-0.0290694409414,0.009641855908399997,-0.029110803185494583,0.00879098675093355,-0.9848255548599114,0.17354563045499002,1,1,instant_velocity,dbscan_kmeans_fallback,False
1670,421,10.2496508388,4.84479393418,-0.024161394580000106,-0.00883041258999997,-0.021294859792000017,-0.008839958981400003,-0.018736392460747226,-0.007353016067909069,-0.9392368534122439,-0.3432686349251037,3,3,instant_velocity,dbscan_kmeans_fallback,False
1670,422,11.2403101098,5.23786662431,-0.02243558068000002,0.0008114433189999381,-0.011588208936000014,0.0032314536879999877,-0.011917492122391217,0.002179387592533304,-0.9993461446282246,0.03614405011365714,3,3,instant_velocity,dbscan_kmeans_fallback,False
1670,423,11.4617194051,6.05981097452,0.0,0.0,0.0,0.0,0.0,0.0,0.0,0.0,3,3,instant_velocity,dbscan_kmeans_fallback,False
1680,51,11.4556159169,9.56142755592,0.03664197557999991,0.025632062488999983,0.0341921617094,0.033999475067200004,0.033538810333185336,0.03430252631296632,0.8194136638276179,0.5732022333160994,-1,-1,instant_velocity,dbscan_kmeans_fallback,False
1680,55,1.77737785079,6.80896408582,-0.015321859979999996,-0.0005250515600000227,-0.014879883250400003,0.0013317216823999977,-0.015432249490943456,0.0008691591535533926,-0.9994127121960553,-0.03424800933485575,0,0,instant_velocity,dbscan_kmeans_fallback,False
1680,56,1.79800343153,7.2495300761,-0.019531162172999994,-0.0022672680969999526,-0.018272580817799998,-1.909278379999435e-05,-0.01864556549944639,-0.0005102710775122248,-0.9933290135688689,-0.11531024945369134,0,0,instant_velocity,dbscan_kmeans_fallback,False
1680,58,2.76719526136,5.51733724978,-0.025255813154999984,0.0002863917600000043,-0.024510766666999997,0.010949711611000001,-0.02445016748202709,0.009366011711236515,-0.9999353166158236,0.011338903778478142,0,0,instant_velocity,dbscan_kmeans_fallback,False
1680,59,3.25000222284,6.04238880915,-0.02233034813099999,0.013006959084999981,-0.023075394619199992,0.014510515822599998,-0.022741764116883532,0.013726266306862597,-0.8640996888777431,0.5033199318102483,-1,-1,instant_velocity,dbscan_kmeans_fallback,False
1680,60,12.2551728684,2.81618563662,0.047880812440000045,-0.006801804291999991,0.032832557102000025,-0.004840020738199993,0.032854890417907165,-0.004494313949774109,0.9900598918650628,-0.14064493225263294,1,1,instant_velocity,dbscan_kmeans_fallback,False
1680,61,12.1211065936,3.67727019398,0.04512371951000009,-0.005823299112999969,0.027158417748000013,-0.005928309425,0.0264501652501405,-0.004151753220234008,0.9917751833554668,-0.12799041409362,1,1,instant_velocity,dbscan_kmeans_fallback,False
1680,62,11.5257007984,6.98867491501,-0.007555697439999953,-0.0010501031190000454,-0.01086420896,-0.0014796907582000074,-0.011961002686945336,-0.0005497625207438879,-0.9904784545030166,-0.1376583065475381,2,2,instant_velocity,dbscan_kmeans_fallback,False
1680,63,11.5749496341,7.62899915764,-0.014501046049999999,0.002482061916999978,-0.01355395306000002,-0.0007875773389999985,-0.014294805623557765,1.668623381473062e-05,-0.9856649259170902,0.16871068246427742,2,2,instant_velocity,dbscan_kmeans_fallback,False
1680,64,12.6131740199,7.20490069355,-0.013069883299999852,0.003221907296000026,-0.01199651124799999,0.0031932681201999992,-0.013395345287609581,0.0023803860119595054,-0.9709329758739598,0.23934842929281272,2,2,instant_velocity,dbscan_kmeans_fallback,False
1680,65,13.1269193525,7.20323007495,-0.01163872056000006,-0.0018854124180000653,-0.011032581046000018,-0.006677701196000001,-0.011675280297982895,-0.00496338955623015,-0.9871307287139708,-0.15991006266643837,2,2,instant_velocity,dbscan_kmeans_fallback,False
1680,66,12.6634751811,6.62567335964,-0.005808837019999835,0.0012410309580000779,-0.010855790353999986,0.0013269484863999992,-0.011541811131245762,0.0012740792088431568,-0.9779288876177155,0.20892994933023587,2,2,instant_velocity,dbscan_kmeans_fallback,False
1680,67,13.6995949157,1.3317216824,-0.041251161489999966,0.014319587982999992,-0.041251161489999966,0.014319587982999992,-0.031211556933164977,0.014250123661529189,-0.9446999278643132,0.32793534159919696,-1,-1,instant_velocity,dbscan_kmeans_fallback,False
1680,68,14.9903774331,4.86865991415,0.0,0.0,0.0,0.0,0.0,0.0,0.0,0.0,-1,-1,instant_velocity,dbscan_kmeans_fallback,False
1680,72,3.43921035639,4.99061507181,0.022204069064999964,0.0019331443779999624,0.0186682552238,-0.003374649567999999,0.019740030038209736,-0.0015783571420696964,0.9962310136939205,0.08673447995832961,3,3,instant_velocity,dbscan_kmeans_fallback,False
1680,98,7.86697533269,8.4108486615,0.023593138789,0.01806654683799991,0.0229112318338,0.007532103278999998,0.023998606848785353,0.009325547544982623,0.7939557434953239,0.6079750030481335,4,4,instant_velocity,dbscan_kmeans_fallback,False
1680,99,8.35967415433,8.51347237538,0.016584650639000033,0.02384211399199998,0.028185487481199995,0.017913804566599988,0.026186380225828466,0.01793112484327125,0.5710371950274831,0.8209237682403222,4,4,instant_velocity,dbscan_kmeans_fallback,False
1680,102,11.7986740456,1.48923715021,0.06061395157000007,-0.02100206237500002,0.049450882157400004,-0.0372309287554,0.052115929884293095,-0.032468652465695434,0.9448880169685793,-0.3273932247569543,-1,-1,instant_velocity,dbscan_kmeans_fallback,False
1680,103,2.80697316708,4.61949908325,0.01900499940000002,0.0075655156509999875,0.018752441267800006,0.0034128351358000053,0.01872667692747711,0.004054012380911544,0.9290899929656832,0.36985241277983605,3,3,instant_velocity,dbscan_kmeans_fallback,False
1680,104,2.87726851369,6.5757934615,0.035905347701999976,0.024558093390000035,0.034714115181599996,0.020438825247400007,0.032614895528793306,0.01914144647289183,0.8254005179888836,0.564547185927859,-1,-1,instant_velocity,dbscan_kmeans_fallback,False
1680,222,11.2474659235,8.31586206122,0.002462441780000013,-0.002100206237000002,0.002475069689999998,-0.002104979433399983,0.0019085460563647242,-0.002156389176460176,0.7608486493455219,-0.6489246128566272,2,2,instant_velocity,dbscan_kmeans_fallback,False
1680,232,6.37856607742,8.97766568582,-0.0009681395039999429,0.000429587638999962,-0.0009639302021999896,0.00043436083540001393,-0.0032207327548678605,-0.0003386230101982999,-0.9140468378485561,0.4055853741990942,5,5,instant_velocity,dbscan_kmeans_fallback,False
1680,233,7.63883115386,9.01203269698,-0.0061034881790000385,-0.002219536136999878,-0.008342836945599999,0.003961752675200003,-0.007845644102213636,0.0017418362004896298,-0.9397877289281985,-0.34175421730839217,5,5,instant_velocity,dbscan_kmeans_fallback,False
1680,237,14.1746146682,10.2346868509,-0.020541394700000028,0.0031980413199999445,-0.020541394700000028,0.0031980413199999445,-0.013455034456799984,0.0034653402917999903,-0.9880961627739215,0.1538343624098897,-1,-1,instant_velocity,dbscan_kmeans_fallback,False
1680,340,11.7045961416,8.68936464777,0.0015153487899999263,0.0038185567960001164,0.0015237673940000107,0.003804237207400014,-0.00017280933744235775,0.003934748302945024,0.36885481642788714,0.9294844033947803,2,2,instant_velocity,dbscan_kmeans_fallback,False
1680,343,12.3873449572,8.53256515936,0.02056244121000006,0.005536907354000142,0.012488999603999993,0.009126350741200006,0.012740520567885062,0.007336441798268908,0.9656051015078617,0.26001124735125347,2,2,instant_velocity,dbscan_kmeans_fallback,False
1680,345,9.19206366289,10.5587868589,-0.01841569709299993,-0.012911495170000009,-0.014955650690000013,-0.01633387669200001,-0.015604592525916257,-0.01512723999634166,-0.8188029671481929,-0.5740738730728866,6,6,instant_velocity,dbscan_kmeans_fallback,False
1680,346,9.57300551132,10.2752590169,-0.013743371658000037,-0.011002216760000039,-0.014328464663600009,-0.011040402333999992,-0.01446077327704233,-0.011708920717790304,-0.7806599693949208,-0.6249550992924106,6,6,instant_velocity,dbscan_kmeans_fallback,False
1680,347,8.95739506566,9.5750311645,0.0008418604380000972,-0.017183505579999904,-0.008506999731200011,-0.008768361041999987,-0.006294302782850277,-0.012184162479086397,0.04893363710394324,-0.9988014500631539,6,6,instant_velocity,dbscan_kmeans_fallback,False
1680,348,12.984013543,12.5267755674,0.02273023183999996,0.0028639176000000433,0.027099487515999988,-0.0001097835080000209,0.0251581096242985,0.000711653592542427,0.9921553473191578,0.1250075749830758,7,7,instant_velocity,dbscan_kmeans_fallback,False
1680,349,12.5618205331,12.7790389757,0.026855347990000132,0.0024820619200001557,0.030088092072000024,-0.0011026082739999765,0.027317949105639755,-0.00024676428951564465,0.9957557599326872,0.0920311088230932,7,7,instant_velocity,dbscan_kmeans_fallback,False
1680,376,14.3082600128,8.83566310499,-0.0002736046400000802,-0.0005489175390000156,-0.0002820232459999872,-0.0005632371274000292,-0.0002823355750725873,-0.0005710923530522267,-0.44609188173220327,-0.8949689518725094,2,2,instant_velocity,dbscan_kmeans_fallback,False
1680,412,3.45373244895,4.21234546494,-0.02675011543400001,-0.0007398453789999593,-0.014867255344000005,0.004019031027200004,-0.017161195330024206,0.003906230345212357,-0.9996173728918745,-0.027647069259451935,0,0,instant_velocity,dbscan_kmeans_fallback,False
1680,413,3.76543127631,3.58920472789,-0.03285360361300001,0.0013842268379999911,-0.02234718533999999,0.0032887320399999976,-0.024829466094010662,0.0038146464281872392,-0.9991132736865896,0.042095820718180264,0,0,instant_velocity,dbscan_kmeans_fallback,False
1680,414,2.52558131551,3.80805576423,-0.031401394356,-0.0032457732759999746,-0.031098324598199997,0.006644288824000002,-0.02979798053664621,0.005179958742853492,-0.9947000569048114,-0.10281616242051984,0,0,instant_velocity,dbscan_kmeans_fallback,False
1680,421,10.1921938638,4.82307589241,-0.005745697499999913,-0.002171804176999981,-0.01885767382400001,-0.007503464102999988,-0.014839183972523031,-0.005798652500636343,-0.9354055739253047,-0.3535719958525613,2,2,instant_velocity,dbscan_kmeans_fallback,False
1680,422,11.0157438378,5.2457423977,-0.022456627199999878,0.000787577339000034,-0.01460627860799999,0.0025536598569999925,-0.015079232645673814,0.001761844516473323,-0.9993851329509313,0.035049479008392406,2,2,instant_velocity,dbscan_kmeans_fallback,False
1680,423,11.3625903385,6.05288984033,-0.009912906659999976,-0.0006921134190000621,-0.009912906659999976,-0.0006921134190000621,-0.0029738719979999933,-0.00020763402570001866,-0.9975704953804373,-0.06964979596119206,2,2,instant_velocity,dbscan_kmeans_fallback,False
1690,51,11.8180368357,9.80891776822,0.03624209187999998,0.024749021230000067,0.03498771982399997,0.030834846123000012,0.03434979479722973,0.03143647478807644,0.8258185754010344,0.5639354792874782,-1,-1,instant_velocity,dbscan_kmeans_fallback,False
1690,55,1.62436971609,6.80347491043,-0.015300813470000008,-0.0005489175389999268,-0.0151029762668,0.00034367011160000514,-0.015392818684660421,0.0004437361457873967,-0.9993564579533807,-0.03585196882237748,0,0,instant_velocity,dbscan_kmeans_fallback,False
1690,56,1.61700343725,7.22518677652,-0.018099999428000002,-0.002434329957999992,-0.0187776970808,-0.0014605979743999953,-0.018481895678012474,-0.001087488741658555,-0.9910761003025105,-0.13329316673303301,0,0,instant_velocity,dbscan_kmeans_fallback,False
1690,58,2.49295922351,5.43070374248,-0.027423603784999973,-0.00866335072999993,-0.024670720150399995,0.004868659914200002,-0.025342198372918956,0.0039572029788655805,-0.9535497248303705,-0.3012345047523969,1,1,instant_velocity,dbscan_kmeans_fallback,False
1690,59,3.01617548604,6.11875994505,-0.02338267368000002,0.0076371135899999665,-0.02297437136680001,0.012811258048600003,-0.022934036985818477,0.011899520491803808,-0.9505816179996315,0.3104734682004567,0,0,instant_velocity,dbscan_kmeans_fallback,False
1690,60,12.7962786652,2.75652068669,0.05411057967999984,-0.005966494993000016,0.040771301035999984,-0.005761247564999996,0.03923159719653497,-0.004935968262741881,0.9939755274456625,-0.10960056319376531,2,2,instant_velocity,dbscan_kmeans_fallback,False
1690,61,12.6796809945,3.64051658483,0.05585744008999995,-0.0036753609150000253,0.035837998868000015,-0.006625196039999999,0.03527234770209833,-0.004008835528663814,0.9978420747800176,-0.06565696091836443,2,2,instant_velocity,dbscan_kmeans_fallback,False
1690,62,11.4775042883,6.98175378082,-0.004819651010000037,-0.0006921134189999733,-0.009491976443999982,-0.0013030825064000062,-0.009818597183861745,-0.0005924677902207135,-0.989843921169086,-0.1421439558871029,3,3,instant_velocity,dbscan_kmeans_fallback,False
1690,63,11.4297287084,7.65358111701,-0.014522092569999857,0.0024581959369999852,-0.013739162357999995,0.00017660825180000118,-0.014362991707490391,0.0007491391447703071,-0.9859733898949715,0.16689852163846558,3,3,instant_velocity,dbscan_kmeans_fallback,False
1690,64,12.4822647217,7.23711976651,-0.013090929820000064,0.003221907296000026,-0.01221960426399999,0.003317371215999998,-0.013304020647326727,0.0026328423971716617,-0.9710223428124294,0.2389856193489539,3,3,instant_velocity,dbscan_kmeans_fallback,False
1690,65,13.0105321468,7.18437595077,-0.011638720570000061,-0.0018854124179999766,-0.010729511289999999,-0.005713515605200001,-0.011664312379588045,-0.0040399964147610976,-0.9871307287356609,-0.1599100625325496,3,3,instant_velocity,dbscan_kmeans_fallback,False
1690,66,12.6053868108,6.63808366923,-0.005808837030000014,0.001241030958999989,-0.006621232347999992,0.0010071443548000047,-0.009821918900872037,0.0012641647338902063,-0.9779288876568138,0.20892994914724355,3,3,instant_velocity,dbscan_kmeans_fallback,False
1690,67,13.3401205085,1.4959196246,-0.03594744072000004,0.016419794219999995,-0.03996732431799998,0.02030517575954,-0.0326323220692155,0.014901024829070431,-0.9096016617434161,0.41548081890812605,-1,-1,instant_velocity,dbscan_kmeans_fallback,False
1690,68,14.748342557,5.48917539341,-0.024203487609999998,0.062051547925999984,-0.024203487609999998,0.062051547925999984,-0.007261046283,0.018615464377799998,-0.36338932004807195,0.9316372157640255,-1,-1,instant_velocity,dbscan_kmeans_fallback,False
1690,69,15.2166274259,5.53690735335,0.0,0.0,0.0,0.0,0.0,0.0,0.0,0.0,3,3,instant_velocity,dbscan_kmeans_fallback,False
1690,72,3.66104058194,5.00994651558,0.022183022555000022,0.001933144377000051,0.020133092386799997,-0.0011598866267999953,0.020472927793246824,-0.000524906686348772,0.9962238994270509,0.0868161507132573,4,4,instant_velocity,dbscan_kmeans_fallback,False
1690,98,8.10290672058,8.59175278968,0.023593138789,0.01809041281799999,0.023163789965399993,0.011441350798199999,0.023876966430849744,0.011955007126887834,0.7935680927635059,0.6084809030995919,5,5,instant_velocity,dbscan_kmeans_fallback,False
1690,99,8.4859532201,8.7425857831,0.012627906577000126,0.022911340771999987,0.02354262716260001,0.020949557218799982,0.022118838131179965,0.019425189621889872,0.4827010427095741,0.8757847560150398,5,5,instant_velocity,dbscan_kmeans_fallback,False
1690,102,12.4048135613,1.28398972246,0.060613951569999894,-0.020524742774999983,0.05352969598159998,-0.030863485299,0.054665336390005134,-0.028885479558486797,0.9471719116671166,-0.3207258287429388,-1,-1,instant_velocity,dbscan_kmeans_fallback,False
1690,103,2.99681269596,4.69515423976,0.018983952887999988,0.0075655156509999875,0.0188576738224,0.0052171032216000056,0.018803859715633975,0.005107463361938077,0.9289490472818147,0.37020627883219076,4,4,instant_velocity,dbscan_kmeans_fallback,False
1690,104,3.2361115256,6.82137439541,0.035884301191000036,0.024558093391000034,0.0353160453952,0.022381516017200002,0.03359571722745533,0.020766440548324293,0.8252462247684181,0.5647727052161727,-1,-1,instant_velocity,dbscan_kmeans_fallback,False
1690,222,11.3242856885,8.27839247266,0.007681976499999976,-0.003746958856000049,0.0035147673299999837,-0.00243432995700001,0.0036405751894553005,-0.002633560080322138,0.8987833796878179,-0.438390347086708,3,3,instant_velocity,dbscan_kmeans_fallback,False
1690,232,6.36909514749,8.98196156222,-0.0009470929929999983,0.0004295876400000509,-0.0009597208998000006,0.00043436083559999616,-0.0025386408263075016,-0.00010815981513879466,-0.9106867672657417,0.4130743042346279,6,6,instant_velocity,dbscan_kmeans_fallback,False
1690,233,7.58495208579,8.97074455163,-0.005387906806999965,-0.004128814535000025,-0.007639883479399998,0.0020333814936000037,-0.007108322913649535,-1.935902015726674e-05,-0.7937413235208179,-0.6082530435242793,6,6,instant_velocity,dbscan_kmeans_fallback,False
1690,236,14.9941658051,9.47813528582,0.0,0.0,0.0,0.0,0.0,0.0,0.0,0.0,3,3,instant_velocity,dbscan_kmeans_fallback,False
1690,237,14.1110542051,10.1790791176,-0.006356046309999997,-0.005560773329999868,-0.006356046309999997,-0.005560773329999868,-0.011325338012759987,0.0007575062052600325,-0.7526208215001127,-0.6584523755303507,3,3,instant_velocity,dbscan_kmeans_fallback,False
1690,340,11.7199600946,8.72731155592,0.0015363952999999596,0.003794690814999946,0.001527976695999982,0.003804237207400014,0.0003399520537903375,0.003892731056561501,0.3752860787552964,0.9269063997072283,3,3,instant_velocity,dbscan_kmeans_fallback,False
1690,343,12.6580030882,8.47576412702,0.027065813099999936,-0.0056801032340001,0.01653413901199997,0.005842391896999999,0.017038108327519525,0.0034314782885882054,0.9786801707223933,-0.20538841313332093,3,3,instant_velocity,dbscan_kmeans_fallback,False
1690,345,9.00790669197,10.4294332475,-0.018415697092000017,-0.012935361139999912,-0.015406046024600002,-0.016133402459999998,-0.016447923895741387,-0.014469676339439136,-0.8183041723186981,-0.5747846491192206,6,6,instant_velocity,dbscan_kmeans_fallback,False
1690,346,9.43536132962,10.1649981894,-0.01376441817000007,-0.011026082749999944,-0.0138991158396,-0.010252824995999993,-0.014251866744929651,-0.011504069327453197,-0.7804658103545602,-0.6251975566443503,6,6,instant_velocity,dbscan_kmeans_fallback,False
1690,347,8.96581367005,9.40319610871,0.0008418604390000084,-0.017183505578999992,-0.0058340928387999825,-0.011174051822600006,-0.004153453816295191,-0.013683965409060476,0.04893363716476514,-0.9988014500601742,6,6,instant_velocity,dbscan_kmeans_fallback,False
1690,348,13.2340460933,12.5725982489,0.025003255030000025,0.004582268150000068,0.02587878988,0.0013746804460000206,0.025111653246008957,0.0018728379597797197,0.9836177649546707,0.1802645435851492,7,7,instant_velocity,dbscan_kmeans_fallback,False
1690,349,12.830374013,12.803620935,0.026855347989999955,0.0024581959299998955,0.02707423170200002,-0.0011121546680000094,0.027179168770947813,0.0005647237763390175,0.9958364739478129,0.0911535820766687,7,7,instant_velocity,dbscan_kmeans_fallback,False
1690,376,14.3053135012,8.8299352698,-0.00029465115999993685,-0.0005727835189999197,-0.00028623254999999404,-0.0005632371272000114,-0.0002860302505507922,-0.0005715997028365346,-0.45743517422187285,-0.88922551265436,3,3,instant_velocity,dbscan_kmeans_fallback,False
1690,412,3.10646501807,4.15268051501,-0.034726743087999966,-0.005966494993000016,-0.020221487732799987,0.0022863608812000004,-0.022430859657416934,0.0009444127437486446,-0.9855588619897777,-0.16933151492115556,1,1,instant_velocity,dbscan_kmeans_fallback,False
1690,413,3.43605337975,3.59970575908,-0.032937789656000006,0.001050103119000001,-0.027461487503800005,0.002902103164599996,-0.027261963162607466,0.002985283435431068,-0.999491871701044,0.03186520840803365,1,1,instant_velocity,dbscan_kmeans_fallback,False
1690,414,2.24503132438,3.71068256594,-0.028054999113000002,-0.009737319829000012,-0.0318265338774,0.0022147629412000037,-0.029275086109552345,0.0007047751712974401,-0.9447150683029627,-0.3278913939825773,1,1,instant_velocity,dbscan_kmeans_fallback,False
1690,421,10.134947354,4.80135785064,-0.005724650980000056,-0.0021718041770000694,-0.016420487854,-0.006171742420400008,-0.012104824074766138,-0.004710598003545461,-0.9349751552781242,-0.35470860227435186,3,3,instant_velocity,dbscan_kmeans_fallback,False
1690,422,10.7526624508,5.26865373847,-0.026308138699999973,0.002291134077000034,-0.018394650579999984,0.002176577373399997,-0.018447904461971663,0.0019206313846313362,-0.9962288625037196,0.08675999170451598,3,3,instant_velocity,dbscan_kmeans_fallback,False
1690,423,11.2636717369,6.04573004634,-0.009891860160000121,-0.0007159793989999664,-0.009891860160000121,-0.0007159793989999664,-0.005049268446600032,-0.000360137637690003,-0.997389761917108,-0.07219173247048023,3,3,instant_velocity,dbscan_kmeans_fallback,False
1700,51,12.1766693825,10.0475775679,0.03586325468000009,0.023865979967999884,0.03570751050000002,0.027493608926200005,0.03480383276206084,0.029165326342053474,0.8325089757396424,0.5540111380148267,-1,-1,instant_velocity,dbscan_kmeans_fallback,False
1700,55,1.46967786052,6.76552800228,-0.015469185556999988,-0.0037946908150000348,-0.015338697189400001,-0.001193298998600003,-0.015415728746362291,-0.000827791942448833,-0.9712049716910698,-0.23824283262868834,0,0,instant_velocity,dbscan_kmeans_fallback,False
1700,56,1.4934604179,7.19392234276,-0.012354301935,-0.0031264433760000545,-0.017817976181000002,-0.002477288721000015,-0.016643617555108733,-0.0016991751319610049,-0.9694385353800279,-0.2453311165069953,0,0,instant_velocity,dbscan_kmeans_fallback,False
1700,58,2.21872318567,5.34383157538,-0.027423603784000015,-0.008687216710000011,-0.0252558131552,0.0002816185636000057,-0.02596661999624327,0.0001638770722059025,-0.9533111189915243,-0.3019887666100177,0,0,instant_velocity,dbscan_kmeans_fallback,False
1700,59,2.75709293609,6.06983468611,-0.025908254995,-0.004892525893999977,-0.023378464377200005,0.008606072377600001,-0.023826302388572935,0.0068619065760626725,-0.9826324132487368,-0.1855607229059207,0,0,instant_velocity,dbscan_kmeans_fallback,False
1700,60,13.3373844621,2.69685573676,0.054110579690000014,-0.005966494993000016,0.04870583566999997,-0.006682474391999999,0.043695291944574485,-0.0052451262818193215,0.9939755274478692,-0.10960056317375334,1,1,instant_velocity,dbscan_kmeans_fallback,False
1700,61,13.2382553954,3.60376297567,0.05585744008999995,-0.003675360915999981,0.04258130097799999,-0.006104917676800001,0.041447875418468824,-0.003908793144864664,0.9978420747788472,-0.06565696093615071,1,1,instant_velocity,dbscan_kmeans_fallback,False
1700,62,11.4295182433,6.97507130643,-0.004798604500000003,-0.0006682474389999804,-0.008111325325999985,-0.0011169278625999901,-0.008312599378703222,-0.0006152016848544935,-0.9904402542996089,-0.13792742523752533,2,2,instant_velocity,dbscan_kmeans_fallback,False
1700,63,11.3646949896,7.57052750671,-0.006503371880000053,-0.008305361029999948,-0.012459534489999981,-0.0010214639428000006,-0.012005105759243288,-0.00196721090766077,-0.6165148428120173,-0.7873420810601761,2,2,instant_velocity,dbscan_kmeans_fallback,False
1700,64,12.3513554235,7.26933883947,-0.013090929820000064,0.0032219072959999372,-0.01255634844000003,0.00328395884399999,-0.013240093399128728,0.0028095618668201442,-0.9710223428124309,0.2389856193489477,2,2,instant_velocity,dbscan_kmeans_fallback,False
1700,65,12.8943554063,7.1655218266,-0.01161767404999985,-0.0018854124169999764,-0.011087301975999999,-0.004181319690999992,-0.011650320880711586,-0.003393621215432761,-0.9870849604127158,-0.16019232705156575,2,2,instant_velocity,dbscan_kmeans_fallback,False
1700,66,12.5472984405,6.65049397881,-0.005808837030000014,0.001241030957999989,-0.006330790497999992,0.0010882886865999986,-0.00861799433961043,0.0012572246011231412,-0.9779288876912113,0.2089299489862405,2,2,instant_velocity,dbscan_kmeans_fallback,False
1700,67,12.9939054032,1.6651294226,-0.034621510530000066,0.016920979800000003,-0.038771882493999994,0.01755104167092,-0.03322907860745087,0.015507011320349304,-0.8984362607852655,0.43910336630638586,-1,-1,instant_velocity,dbscan_kmeans_fallback,False
1700,68,14.5075704716,6.06267489212,-0.02407720854000015,0.05734994987100004,-0.02407720854000015,0.05734994987100004,-0.012305894960100046,0.030235810025760014,-0.387098889719118,0.9220380296008787,3,3,instant_velocity,dbscan_kmeans_fallback,False
1700,69,15.0173169671,6.05193520113,-0.01993104588000012,0.05150278477799999,-0.01993104588000012,0.05150278477799999,-0.005979313764000037,0.015450835433399998,-0.3609071699102166,0.9326015507984394,3,3,instant_velocity,dbscan_kmeans_fallback,False
1700,72,3.94727313103,4.92068775049,0.02862325490900002,-0.00892587650900003,0.022885976020800003,-0.0011217010586000065,0.022918025927972784,-0.0030451976331441503,0.9546588612089335,-0.2977008425654004,4,4,instant_velocity,dbscan_kmeans_fallback,False
1700,98,8.1578381142,8.76812238167,0.005493139362000044,0.017636959199000123,0.019796348211400014,0.015259907593600026,0.018361818310194834,0.01365959274852152,0.29736673330834784,0.9547627680412089,5,5,instant_velocity,dbscan_kmeans_fallback,False
1700,99,8.6019194955,8.95547032445,0.011596627539999993,0.021288454135000023,0.018693511036800014,0.02365595934759998,0.01896217495382597,0.01998416897582292,0.47836682745958486,0.8781596400291778,5,5,instant_velocity,dbscan_kmeans_fallback,False
1700,102,13.0109530771,1.0835154907,0.06061395158000007,-0.02004742317600001,0.057069719128000004,-0.0256941140372,0.056449920947003615,-0.02623406264374076,0.9494193738135707,-0.3140104128207636,-1,-1,instant_velocity,dbscan_kmeans_fallback,False
1700,103,3.23758478137,4.63787588783,0.024077208540999973,-0.005727835192999997,0.019977348205599998,0.00436747433479999,0.020385864363243775,0.0018568737954566547,0.9728498094056881,-0.23143560709408592,4,4,instant_velocity,dbscan_kmeans_fallback,False
1700,104,3.64546616382,7.00347182259,0.040935463821999994,0.018209742717999956,0.0365872546572,0.022104670649399995,0.03579764120581873,0.01999943119922699,0.9136770721432563,0.40644035410006757,-1,-1,instant_velocity,dbscan_kmeans_fallback,False
1700,222,11.4533008007,8.22445535793,0.01290151121999994,-0.0053937114730000955,0.005602581217999969,-0.0030930310042000288,0.006418855998618692,-0.0034616054981255256,0.9226165270716199,-0.3857166236100613,2,2,instant_velocity,dbscan_kmeans_fallback,False
1700,232,6.35941375244,8.98649609841,-0.0009681395050000318,0.00045345361900004375,-0.0009639302022000074,0.00043913403140003024,-0.0020674904299152605,6.0324215102856886e-05,-0.905580472414657,0.42415244950900133,2,2,instant_velocity,dbscan_kmeans_fallback,False
1700,233,7.53107301773,8.92921774648,-0.005387906806000054,-0.004152680514999929,-0.0069369300131999975,0.0001050103118000223,-0.00659219808135469,-0.0012593554686100657,-0.7920444047283304,-0.6104610723532292,2,2,instant_velocity,dbscan_kmeans_fallback,False
1700,236,14.6033320965,9.4101172429,-0.03908337085999989,-0.006801804292000035,-0.03908337085999989,-0.006801804292000035,-0.011725011257999969,-0.002040541287600011,-0.9851915160069995,-0.17145603704507204,-1,-1,instant_velocity,dbscan_kmeans_fallback,False
1700,237,14.0472832768,10.123710044,-0.0063770928300000305,-0.005536907360000143,-0.0063770928300000305,-0.005536907360000143,-0.009840864457931999,-0.0011308178643180205,-0.7550963685418635,-0.6556120087856404,2,2,instant_velocity,dbscan_kmeans_fallback,False
1700,340,11.7791007904,8.72969815392,0.005914069580000003,0.0002386597999999296,0.0024035115519999905,0.003093031004399975,0.0020121873116532374,0.0027965096795930294,0.9991850589118233,0.040321694409759294,2,2,instant_velocity,dbscan_kmeans_fallback,False
1700,343,12.9044577316,8.41872443489,0.024645464340000166,-0.005703969212999915,0.020095208668000027,0.00255365985680001,0.01932031513126372,0.0006908440381117687,0.9742472321803847,-0.22548068648834624,2,2,instant_velocity,dbscan_kmeans_fallback,False
1700,345,8.76229390904,10.4194095359,-0.024561278292999943,-0.0010023711600000596,-0.0177927203678,-0.012515319896,-0.018881930214918956,-0.010429484785607412,-0.9991678621076479,-0.04077707344984013,-1,-1,instant_velocity,dbscan_kmeans_fallback,False
1700,346,9.17627877967,10.0315873614,-0.025908254994999956,-0.01334108280000006,-0.01627737157840002,-0.011011763158000001,-0.017748783219950742,-0.012055173369217256,-0.8890523879820966,-0.45780472377996795,-1,-1,instant_velocity,dbscan_kmeans_fallback,False
1700,347,9.06599506223,9.30081105463,0.010018139217999966,-0.010238505408000087,-0.0013301394927999865,-0.012185969373399991,9.802409399335688e-05,-0.012650327408742359,0.699372499477354,-0.7147563995956292,2,2,instant_velocity,dbscan_kmeans_fallback,False
1700,348,13.4866042248,12.6203302088,0.025255813150000073,0.004773195990000012,0.024700185266000006,0.002902103163999996,0.02515490121720629,0.0027429453688458073,0.9826048856663947,0.18570638261224393,6,6,instant_velocity,dbscan_kmeans_fallback,False
1700,349,13.0494681921,12.8160312446,0.021909417910000072,0.0012410309599999892,0.026000859642000017,1.9092783999994366e-05,0.025598243512663488,0.0007676159314373091,0.9983991396198036,0.05655304252241195,6,6,instant_velocity,dbscan_kmeans_fallback,False
1700,376,14.3025774548,8.82420743461,-0.0002736046400000802,-0.0005727835189999197,-0.00028202324799998736,-0.0005680103231999922,-0.0002823025673855786,-0.0005719548476855502,-0.43101876515507853,-0.9023255053732038,2,2,instant_velocity,dbscan_kmeans_fallback,False
1700,412,2.77056270311,4.10590319427,-0.033590231496000024,-0.004677732074000041,-0.024940115490600004,0.0005489175393999979,-0.02577867120899186,-0.0007422307015759614,-0.990442006541396,-0.13792766929835995,0,0,instant_velocity,dbscan_kmeans_fallback,False
1700,413,3.11761966888,3.56008823233,-0.03184337108699999,-0.003961752674999985,-0.0323569059538,0.0015131031301999975,-0.028636385539925223,0.0009011726023017514,-0.992349005989185,-0.12346184448468256,0,0,instant_velocity,dbscan_kmeans_fallback,False
1700,414,1.96427086814,3.61354802746,-0.028076045624000012,-0.00971345384800002,-0.032079092009,-0.0019713299456000045,-0.028915373963886645,-0.0024206935344917983,-0.9450396116612945,-0.3269548274475279,0,0,instant_velocity,dbscan_kmeans_fallback,False
1700,421,10.0774903791,4.77963980886,-0.005745697489999912,-0.002171804177999981,-0.013107767027999984,-0.00484002073820001,-0.010197086099336271,-0.003948959855881817,-0.9354055736679353,-0.3535719965334482,2,2,instant_velocity,dbscan_kmeans_fallback,False
1700,422,10.4321240888,5.31423776022,-0.03205383620000006,0.004558402174999987,-0.023332162053999995,0.0022529485094000103,-0.022529683983380185,0.0027119626217419314,-0.9900385737890476,0.14079419261816378,-1,-1,instant_velocity,dbscan_kmeans_fallback,False
1700,423,11.1645426703,6.03880891215,-0.009912906659999976,-0.0006921134189999733,-0.009912906659999976,-0.0006921134189999733,-0.006508359910620015,-0.0004597303720829941,-0.9975704953804378,-0.06964979596118316,2,2,instant_velocity,dbscan_kmeans_fallback,False
1710,51,12.5350914642,10.2862373676,0.035842208170000056,0.023865979970000062,0.03624630118000002,0.024749021229199995,0.0351153453844426,0.02757552243043745,0.8323589306433028,0.5542365434730888,-1,-1,instant_velocity,dbscan_kmeans_fallback,False
1710,55,1.31393367939,6.71350016594,-0.015574418113,-0.005202783633999975,-0.015393418117999996,-0.002124072217399995,-0.015463335556353604,-0.0021402894499141754,-0.9484758684080594,-0.31684745392049984,0,0,instant_velocity,dbscan_kmeans_fallback,False
1710,56,1.36991739855,7.1628965688,-0.012354301935,-0.0031025773959999724,-0.016378394831200002,-0.002644350580800001,-0.015356822869076112,-0.002120195811172695,-0.9698825447104008,-0.24356986544650303,0,0,instant_velocity,dbscan_kmeans_fallback,False
1710,58,1.94048831075,5.26960837767,-0.02782348749200001,-0.00742231977100003,-0.026202906148400006,-0.003050072240400006,-0.026523680244970295,-0.0021119819807558773,-0.9662110571661714,-0.25775084574230017,0,0,instant_velocity,dbscan_kmeans_fallback,False
1710,59,2.49801038615,6.02090942717,-0.025908254994000002,-0.004892525893999977,-0.0239719759862,0.004777969190200011,-0.024450888170201055,0.0033355768350438767,-0.9826324132474308,-0.1855607229128363,0,0,instant_velocity,dbscan_kmeans_fallback,False
1710,60,13.8669146779,2.67919491158,0.05295302158000013,-0.0017660825180000118,0.050553719332,-0.005565546529400001,0.046472610835202176,-0.0042014131526735285,0.9994441011687294,-0.03333333400296444,1,1,instant_velocity,dbscan_kmeans_fallback,False
1710,61,13.7271658451,3.56533874792,0.048891044970000054,-0.0038424227750000206,0.046958975259999994,-0.005221876417800004,0.04368082628392819,-0.0038888820339052716,0.9969257145198925,-0.07834993244273869,1,1,instant_velocity,dbscan_kmeans_fallback,False
1710,62,11.3910031283,6.95144398625,-0.003851511500000093,-0.002362732018000013,-0.006545464908000014,-0.0012696701345999983,-0.006974273015092284,-0.0011394607847981496,-0.8523894500158741,-0.5229032408076358,2,2,instant_velocity,dbscan_kmeans_fallback,False
1710,63,11.3339670836,7.44117389527,-0.003072790600000097,-0.012935361144000002,-0.010493790366000013,-0.003150309356199994,-0.00932541121147033,-0.00525765597856254,-0.2311179894449435,-0.9729249563395014,2,2,instant_velocity,dbscan_kmeans_fallback,False
1710,64,12.2322321714,7.30298987123,-0.011912325209999963,0.0033651031760000725,-0.012653162392000006,0.0032744124520000108,-0.012841762942390098,0.0029762242595741226,-0.9623387157629234,0.27185029049434883,2,2,instant_velocity,dbscan_kmeans_fallback,False
1710,65,12.793963549,7.19225172416,-0.01003918573,0.0026729897560000106,-0.011129394997999996,-0.0017374433420000023,-0.011166980335498112,-0.001573637924002929,-0.9663328250740527,0.2572915584767743,2,2,instant_velocity,dbscan_kmeans_fallback,False
1710,66,12.4892100703,6.6626656286,-0.005808837020000013,0.001217164978999996,-0.006040348645999991,0.00116943301860001,-0.007775247143727305,0.0012452067144861976,-0.9787429392315746,0.20508263960144493,2,2,instant_velocity,dbscan_kmeans_fallback,False
1710,67,12.6476902978,1.8345778804,-0.034621510539999886,0.016944845779999995,-0.037538556953999984,0.0157849591532,-0.03364680818721558,0.015938361658244513,-0.8981918594812892,0.4396030763065002,-1,-1,instant_velocity,dbscan_kmeans_fallback,False
1710,68,14.2680611768,6.58939707009,-0.02395092947999995,0.052672217797,-0.02395092947999995,0.052672217797,-0.01579940531607002,0.03696673235713201,-0.41393195330908056,0.9103076361207495,3,3,instant_velocity,dbscan_kmeans_fallback,False
1710,69,14.8148495317,6.55598469813,-0.02024674353999991,0.05040494969999996,-0.02024674353999991,0.05040494969999996,-0.0102595426968,0.025937069713379987,-0.37273545029532906,0.9279374525797436,3,3,instant_velocity,dbscan_kmeans_fallback,False
1710,72,4.24045102874,4.81949599541,0.02931778977099997,-0.010119175508000034,0.024902231770999997,-0.0026491237768,0.02483795508088094,-0.005167390995600915,0.945277316615316,-0.32626699165512985,4,4,instant_velocity,dbscan_kmeans_fallback,False
1710,98,8.21276950781,8.94449197366,0.005493139360999955,0.017636959198999946,0.016357348320200006,0.01790425817439999,0.014501214625436371,0.014852802683665046,0.29736673325899887,0.9547627680565788,5,5,instant_velocity,dbscan_kmeans_fallback,False
1710,99,8.67726600475,9.10320074047,0.007534650925000008,0.014773041601999992,0.014833580926400015,0.02177054692979997,0.01553391774517818,0.01842083076367604,0.45434493632414197,0.8908251640038094,5,5,instant_velocity,dbscan_kmeans_fallback,False
1710,102,13.6170925928,0.88304125894,0.06061395157000007,-0.020047423176,0.060613951571999995,-0.0205247427754,0.05769913013390255,-0.024378070803418535,0.9494193737981262,-0.3140104128674603,-1,-1,instant_velocity,dbscan_kmeans_fallback,False
1710,103,3.51245221454,4.49205475021,0.027486743317000028,-0.01458211376199996,0.0217073714068,0.00047731959940000123,0.02251612804937065,-0.0030748224717803306,0.883384513311971,-0.46864822507863624,4,4,instant_velocity,dbscan_kmeans_fallback,False
1710,104,4.13016731129,7.09034398969,0.048470114747000005,0.008687216710000011,0.03936960340660001,0.0199185468842,0.03959938326817311,0.016605766852458896,0.9843152838877915,0.176417163993359,-1,-1,instant_velocity,dbscan_kmeans_fallback,False
1710,222,11.5823159129,8.17051824319,0.012901511220000116,-0.005393711474000007,0.007686185804000018,-0.0037517320514000117,0.00836365256503312,-0.004041237290887871,0.922616527046175,-0.38571662367092424,2,2,instant_velocity,dbscan_kmeans_fallback,False
1710,232,6.3497323574,8.99079197481,-0.0009681395040000318,0.00042958763999987324,-0.0009639302022000074,0.000439134031599977,-0.0017376851521406919,0.0001711032425719618,-0.9140468374985872,0.40558537498781044,2,2,instant_velocity,dbscan_kmeans_fallback,False
1710,233,7.47698348456,8.88769094133,-0.0054089533169999985,-0.0041526805150001065,-0.006238185849200004,-0.0018281340657999934,-0.006237224652048283,-0.0021273529825270782,-0.7931931745032021,-0.6089676962154723,2,2,instant_velocity,dbscan_kmeans_fallback,False
1710,236,14.2124983879,9.34186054018,-0.03908337086000006,-0.00682567027199994,-0.03908337086000006,-0.00682567027199994,-0.0199325191386,-0.00347607998291999,-0.9850897329660098,-0.1720398613938399,-1,-1,instant_velocity,dbscan_kmeans_fallback,False
1710,237,13.9837228137,10.0681023107,-0.006356046309999997,-0.005560773329999868,-0.014871464645999985,-0.00030548454399998093,-0.008795419013552398,-0.002459804504022575,-0.7526208215001127,-0.6584523755303507,2,2,instant_velocity,dbscan_kmeans_fallback,False
1710,340,11.8491856719,8.72301567953,0.007008488150000147,-0.0006682474389998916,0.003502139423999999,0.002195670157400009,0.0035110775631573103,0.0017570825440151531,0.9954836981736463,-0.09491767948136808,2,2,instant_velocity,dbscan_kmeans_fallback,False
1710,343,12.934133312,8.35977546436,0.002967558039999929,-0.005894897053000036,0.01883662731000001,-0.0006777938312000131,0.014414488003884583,-0.001284878289221773,0.4496488761192605,-0.8932037045247717,2,2,instant_velocity,dbscan_kmeans_fallback,False
1710,345,8.51689159122,10.4096244841,-0.024540231782,-0.0009785051799999778,-0.020175185408599992,-0.008892464137999987,-0.020579420685043266,-0.007594190903925181,-0.9992055914090381,-0.03984183424851912,-1,-1,instant_velocity,dbscan_kmeans_fallback,False
1710,346,8.88688925394,9.89244869812,-0.028938952572999988,-0.013913866327999892,-0.01925755753059999,-0.011885258025599975,-0.021105834025865515,-0.012612781256852047,-0.9012410965189167,-0.4333172776254462,-1,-1,instant_velocity,dbscan_kmeans_fallback,False
1710,347,9.16617645441,9.19866466036,0.010018139217999966,-0.010214639426999916,0.0031780231553999983,-0.013197886923999995,0.00307405863119534,-0.011919621014219626,0.700205867697892,-0.7139400149633255,2,2,instant_velocity,dbscan_kmeans_fallback,False
1710,348,13.7682065415,12.6489693848,0.028160231669999904,0.0028639176000000433,0.024775952705999985,0.0035894433880000066,0.026056500353044375,0.002779237038192078,0.9948678982542003,0.10117884387011744,6,6,instant_velocity,dbscan_kmeans_fallback,False
1710,349,13.2193135356,12.8160312446,0.01698453434999987,0.0,0.023942510872000007,0.0009021340420000001,0.023014130763864403,0.0005373311520061164,0.9999994112294216,0.0,6,6,instant_velocity,dbscan_kmeans_fallback,False
1710,376,14.2996309433,8.81871825921,-0.000294651149999936,-0.0005489175400001045,-0.0002862325479999939,-0.0005632371273999936,-0.0002860071421698858,-0.0005650436553799165,-0.4729472388556656,-0.8810725323914405,2,2,instant_velocity,dbscan_kmeans_fallback,False
1710,412,2.44223713209,4.06771762632,-0.03283255710200002,-0.003818556794999939,-0.028543278167600005,-0.0016276598339999993,-0.027894836976894308,-0.0016651285296031548,-0.9933042416636367,-0.11552522850179979,0,0,instant_velocity,dbscan_kmeans_fallback,False
1710,413,2.80655223686,3.48753565321,-0.03110674320200002,-0.0072552579119999905,-0.032163278053000004,-0.0008448556909999993,-0.029377492838547663,-0.0015457565519887717,-0.9738615607220266,-0.22714100115652275,0,0,instant_velocity,dbscan_kmeans_fallback,False
1710,414,1.5656499505,3.48228513762,-0.039862091764,-0.013126288983999989,-0.032765208266599996,-0.005880577465000005,-0.032199389303920654,-0.005632372169344256,-0.9498282044451466,-0.31277133098069343,0,0,instant_velocity,dbscan_kmeans_fallback,False
1710,421,9.86723573457,4.73286248812,-0.021025464453,-0.0046777320739999515,-0.012480581000599997,-0.004004711439199991,-0.01344559960543539,-0.004167591521317257,-0.976133422610682,-0.21716954836628252,2,2,instant_velocity,dbscan_kmeans_fallback,False
1710,422,10.1225299125,5.34884343118,-0.030959417630000097,0.0034605670959999557,-0.026842720082000008,0.00238182480119999,-0.02505860407736616,0.002936543964019339,-0.9938105099853696,0.11108567969901748,2,2,instant_velocity,dbscan_kmeans_fallback,False
1710,423,11.006483373,5.96339241544,-0.015805929729999946,-0.007541649670999994,-0.015805929729999946,-0.007541649670999994,-0.009297630856433994,-0.0025843061617580945,-0.902526897052556,-0.4306321609987999,2,2,instant_velocity,dbscan_kmeans_fallback,False
1720,51,12.6434809956,10.5995976847,0.010838953139999852,0.03133603171000008,0.031085696689999977,0.025889815073400015,0.027832427711109775,0.028703675214306237,0.3268913719356963,0.9450615999897707,-1,-1,instant_velocity,dbscan_kmeans_fallback,False
1720,55,1.15839996338,6.6617109894,-0.01555337160100001,-0.005178917653999982,-0.0154439297442,-0.003050072240399988,-0.015490346369747526,-0.0030518779111399176,-0.9487840473173655,-0.3159234266716505,0,0,instant_velocity,dbscan_kmeans_fallback,False
1720,56,1.2463743792,7.13187079484,-0.012354301935,-0.0031025773959999724,-0.014938813481199999,-0.002806639244599989,-0.014456066588853279,-0.0024149102866208782,-0.9698825447104008,-0.24356986544650303,0,0,instant_velocity,dbscan_kmeans_fallback,False
1720,58,1.64583715727,5.2457423977,-0.029465115348000004,-0.0023865979970000063,-0.027478324712799998,-0.005374618689599995,-0.027406110775879206,-0.002194366785629116,-0.9967354254173851,-0.0807329868471581,0,0,instant_velocity,dbscan_kmeans_fallback,False
1720,59,2.2389278362,5.97198416823,-0.025908254995,-0.004892525894000066,-0.024687557359000002,0.0011932989985999854,-0.02488809821764074,0.0008671460163306936,-0.9826324132487362,-0.18556072290592393,0,0,instant_velocity,dbscan_kmeans_fallback,False
1720,60,14.3884472195,2.68969594277,0.05215325415999992,0.001050103119000001,0.05224164950999999,-0.0038901547354000063,0.0481768038326415,-0.0026259582711714692,0.9997971618621385,0.020130864985295906,1,1,instant_velocity,dbscan_kmeans_fallback,False
1720,61,14.2158658297,3.52667586037,0.04886999846000002,-0.003866288754999969,0.050919928624000015,-0.004176546494799993,0.04523757793674974,-0.003882104050233681,0.9968849184469869,-0.07886730246933274,1,1,instant_velocity,dbscan_kmeans_fallback,False
1720,62,11.4396205686,6.77698367266,0.004861744030000103,-0.017446031359000004,-0.0032327440839999967,-0.004443845470800003,-0.0034234679015645673,-0.006031431957058707,0.26844452680071124,-0.9632945716224853,2,2,instant_velocity,dbscan_kmeans_fallback,False
1720,63,11.3032391775,7.31205894362,-0.00307279060999992,-0.012911495165000009,-0.008334418341999985,-0.005842391896999999,-0.007449625031029207,-0.007553807734493781,-0.2315223156534007,-0.9728288186706503,2,2,instant_velocity,dbscan_kmeans_fallback,False
1720,64,12.1179496169,7.33711822259,-0.011428255449999902,0.00341283513599997,-0.01251846471999997,0.0032887320400000063,-0.012417710694673038,0.0031072075225018767,-0.9581856730065826,0.28614426287160666,2,2,instant_velocity,dbscan_kmeans_fallback,False
1720,65,12.7003065752,7.23879038511,-0.009365697379999992,0.004653866094999959,-0.010859999657999992,0.0003341237195999902,-0.010626595448848676,0.00029461328169793776,-0.8955320947320068,0.44499478080057087,2,2,instant_velocity,dbscan_kmeans_fallback,False
1720,66,12.4313321651,6.67507593819,-0.00578779051999998,0.001241030958999989,-0.005804627723999971,0.0012362577626000083,-0.007179010156609107,0.001243953987840335,-0.9777734061512667,0.20965635569004604,2,2,instant_velocity,dbscan_kmeans_fallback,False
1720,67,12.2290751948,2.06607788612,-0.04186151030000005,0.023150000572000007,-0.037660626716000005,0.017551041671,-0.03611121882105092,0.01810185333237116,-0.8750996467714108,0.4839423417390447,-1,-1,instant_velocity,dbscan_kmeans_fallback,False
1720,68,14.0285518821,7.11611924806,-0.023950929469999948,0.052672217797,-0.023950929469999948,0.052672217797,-0.018244862562248998,0.04167837798909241,-0.41393195316586734,0.910307636185871,-1,-1,instant_velocity,dbscan_kmeans_fallback,False
1720,69,14.5860739575,6.96051305864,-0.022877557420000017,0.04045283605100005,-0.022877557420000017,0.04045283605100005,-0.014044947113760005,0.030291799614666007,-0.49226768401843907,0.8704436207597287,-1,-1,instant_velocity,dbscan_kmeans_fallback,False
1720,72,4.53383939155,4.71830424033,0.029338836281,-0.010119175507999945,0.026333394516199995,-0.005059587753999999,0.02618821944091666,-0.0066529263493206245,0.9453494835247589,-0.32605783162501356,3,3,instant_velocity,dbscan_kmeans_fallback,False
1720,98,8.26770090142,9.12086156565,0.005493139360999955,0.017636959198999946,0.012733139132399991,0.017813567450599983,0.011798792046105445,0.015688049638265516,0.29736673325899887,0.9547627680565788,4,4,instant_velocity,dbscan_kmeans_fallback,False
1720,99,8.75240204889,9.25093115649,0.007513604413999886,0.014773041601999992,0.011171488019000008,0.019517598420599996,0.01312782374582469,0.01732649401517323,0.4533369289876604,0.8913385563896584,4,4,instant_velocity,dbscan_kmeans_fallback,False
1720,102,14.3149948963,0.732208265521,0.06979023034999994,-0.015083299341899992,0.06244920732800001,-0.019340990168780003,0.061326460198731766,-0.02158963936496297,0.9774327714438688,-0.21124605842873256,-1,-1,instant_velocity,dbscan_kmeans_fallback,False
1720,103,3.7871091826,4.34623361258,0.027465696805999994,-0.01458211376300005,0.0234037201904,-0.003952206283200006,0.024000998676359454,-0.006527009859146247,0.8832358202382468,-0.46892839825775723,3,3,instant_velocity,dbscan_kmeans_fallback,False
1720,104,4.61486845876,7.17721615678,0.048470114747000005,0.008687216709000013,0.0419330684418,0.01694007258360001,0.04226060271182118,0.01423020180942123,0.984315283891318,0.17641716397368337,-1,-1,instant_velocity,dbscan_kmeans_fallback,False
1720,222,11.7241693968,8.11872906665,0.01418534839000003,-0.005178917653999982,0.010026557822000015,-0.004362701138800027,0.010110161312523194,-0.004382541399821504,0.9393537182497492,-0.3429479080135684,2,2,instant_velocity,dbscan_kmeans_fallback,False
1720,232,6.34005096236,8.9950878512,-0.0009681395039999429,0.000429587638999962,-0.0009639302019999895,0.00043436083539997837,-0.0015068214576984672,0.00024864856150036185,-0.9140468378485561,0.4055853741990942,5,5,instant_velocity,dbscan_kmeans_fallback,False
1720,233,7.42310441649,8.84640279598,-0.005387906806999965,-0.004128814535000025,-0.005535232383200004,-0.0037565052473999927,-0.005982429298533787,-0.002727791448268962,-0.7937413235208179,-0.6082530435242793,5,5,instant_velocity,dbscan_kmeans_fallback,False
1720,236,13.8239797955,9.32276775621,-0.03885185924000005,-0.0019092783970000582,-0.03885185924000005,-0.0019092783970000582,-0.025608321169020017,-0.0030060395071440107,-0.9987944321050192,-0.0490832786272097,-1,-1,instant_velocity,dbscan_kmeans_fallback,False
1720,237,13.8643890966,9.9969816904,-0.011933371709999996,-0.0071120620300000326,-0.01031279037200001,-0.004114494945999993,-0.009736804822486678,-0.0038554817618158123,-0.8590116789674501,-0.511954583648093,2,2,instant_velocity,dbscan_kmeans_fallback,False
1720,340,11.9192705534,8.71633320513,0.007008488149999969,-0.0006682474399999805,0.0045965579940000015,0.001303082506400024,0.004560300739210108,0.001029483548810613,0.9954836981602236,-0.094917679622143,2,2,instant_velocity,dbscan_kmeans_fallback,False
1720,343,12.9638088925,8.30082649383,0.00296755804999993,-0.005894897053000036,0.015641766948000003,-0.0035273918397999895,0.010980409017719187,-0.0026678839183552523,0.44964887732812286,-0.893203703916218,2,2,instant_velocity,dbscan_kmeans_fallback,False
1720,345,8.26706950609,10.3998394323,-0.024982208513000082,-0.0009785051799999778,-0.022183022554599995,-0.005761247565999987,-0.021900257033430313,-0.005609485186747619,-0.9992334124889607,-0.0391380557744006,6,6,instant_velocity,dbscan_kmeans_fallback,False
1720,346,8.59350089112,9.81249766522,-0.029338836282000003,-0.007995103290000038,-0.02233876673560001,-0.011455670385599994,-0.02357573470270586,-0.011227477866796443,-0.9648168893377236,-0.26292149463761183,6,6,instant_velocity,dbscan_kmeans_fallback,False
1720,347,9.39874040055,9.05761671872,0.023256394614000087,-0.014104794164000012,0.008995278785400025,-0.013784990031599982,0.009128759426036765,-0.012575172959153742,0.8550343556348983,-0.5185706464629126,-1,-1,instant_velocity,dbscan_kmeans_fallback,False
1720,348,14.093585601,12.6489693848,0.032537905949999946,0.0,0.02673748752799998,0.0030166598680000335,0.028000922032131045,0.0019454659267344543,0.9999996926662416,0.0,7,7,instant_velocity,dbscan_kmeans_fallback,False
1720,349,13.3889484139,12.8160312446,0.016963487830000012,0.0,0.02191362721400001,0.0012362577620000082,0.021198937883705082,0.00037613180640428144,0.999999410498937,0.0,7,7,instant_velocity,dbscan_kmeans_fallback,False
1720,376,14.2968948969,8.81299042402,-0.0002736046400000802,-0.0005727835189999197,-0.0002820232460000227,-0.0005632371271999759,-0.00028228639151894414,-0.0005673656144659174,-0.43101876515507853,-0.9023255053732038,2,2,instant_velocity,dbscan_kmeans_fallback,False
1720,412,2.09728481742,4.02380422317,-0.034495231466999995,-0.004391340315000036,-0.0324789757174,-0.003918793911199998,-0.029874955323926013,-0.002482992065222219,-0.9919938869952705,-0.12628362132787196,0,0,instant_velocity,dbscan_kmeans_fallback,False
1720,413,2.48012085183,3.43455317768,-0.03264313850299998,-0.005298247553000035,-0.0322769292122,-0.0028161856366000037,-0.030357186537883357,-0.002671503852292151,-0.9870823994959094,-0.16021152216285742,0,0,instant_velocity,dbscan_kmeans_fallback,False
1720,414,1.15398019608,3.34744235078,-0.04116697544200001,-0.013484278683999974,-0.0337123012598,-0.009861422924199994,-0.03488966514534446,-0.007987944123740973,-0.9503187421761743,-0.3112777322246071,0,0,instant_velocity,dbscan_kmeans_fallback,False
1720,421,9.59131597585,4.67534547639,-0.027591975872000064,-0.00575170117299999,-0.013166697258999988,-0.003388969155799995,-0.017689512485404794,-0.004642824416822077,-0.9789561718176768,-0.20406887088768538,2,2,instant_velocity,dbscan_kmeans_fallback,False
1720,422,9.83924387499,5.35791250357,-0.028328603750999902,0.0009069072389999988,-0.028021324696199983,0.002400917585200002,-0.02603960397945628,0.0023276529465135368,-0.9994875981142756,0.031997430794257334,2,2,instant_velocity,dbscan_kmeans_fallback,False
1720,423,10.8416891921,5.88033880514,-0.016479418089999955,-0.008305361030000036,-0.012400604259999995,-0.0035894433876000067,-0.011452167026503783,-0.004300622622230677,-0.8929991384607051,-0.45005716851711763,2,2,instant_velocity,dbscan_kmeans_fallback,False
1730,51,12.6891519244,10.9315734661,0.004567092880000167,0.033197578139999885,0.02467072015000003,0.027402918203599996,0.020852827261776893,0.030051846092014334,0.13628934851454447,0.9906687724207398,-1,-1,instant_velocity,dbscan_kmeans_fallback,False
1730,55,1.00286624737,6.60992181286,-0.015553371600999987,-0.00517891765400007,-0.015490232068399999,-0.003980845459199998,-0.015509253939123264,-0.003689989833997964,-0.9487840473173638,-0.3159234266716558,0,0,instant_velocity,dbscan_kmeans_fallback,False
1730,56,1.12283135985,7.10060636107,-0.012354301935,-0.0031264433770000545,-0.013503441433600001,-0.0029784743006000093,-0.013825537192697294,-0.0026283702137346312,-0.9694385353613652,-0.2453311165807421,0,0,instant_velocity,dbscan_kmeans_fallback,False
1730,58,1.3511860038,5.22187641773,-0.02946511534699998,-0.0023865979970000063,-0.028320185151199998,-0.005909216640999997,-0.028023812147215436,-0.002252036149040383,-0.9967354254171646,-0.08073298684988024,0,0,instant_velocity,dbscan_kmeans_fallback,False
1730,59,1.92933365994,5.90492076451,-0.030959417625999984,-0.006706340371999975,-0.026413371258,-0.0027493608928000055,-0.026709494040148517,-0.0014048999001685073,-0.9773328485461618,-0.2117070423696369,0,0,instant_velocity,dbscan_kmeans_fallback,False
1730,60,14.8971413895,2.664398004,0.05086941700000001,-0.0025297938769999638,0.05283937042199998,-0.0030357526524000013,0.04898458778284905,-0.0025971089529200175,0.9987655000029191,-0.04966974255801264,1,1,instant_velocity,dbscan_kmeans_fallback,False
1730,61,14.7047762793,3.48825163261,0.04889104496000005,-0.0038424227760000206,0.05167339371400001,-0.0037803712274000036,0.046333618043724836,-0.0038701996679635833,0.9969257145170481,-0.07834993247893132,1,1,instant_velocity,dbscan_kmeans_fallback,False
1730,62,11.4882380089,6.60252335907,0.004861744029999926,-0.017446031359000004,-0.0007492557900000207,-0.007723031118799994,-0.000937904322095219,-0.009455811777641095,0.26844452680070213,-0.9632945716224879,2,2,instant_velocity,dbscan_kmeans_fallback,False
1730,63,11.2725112715,7.18270533218,-0.0030727905999999193,-0.012935361144000002,-0.0060487672519999695,-0.008925876509199994,-0.00613657470172042,-0.009168273757345647,-0.23111798944493087,-0.9729249563395046,2,2,instant_velocity,dbscan_kmeans_fallback,False
1730,64,12.0036670624,7.37124657395,-0.01142825545000008,0.00341283513599997,-0.012190139150000015,0.003326917607999995,-0.012120874121271151,0.0031988958065513043,-0.9581856730065839,0.28614426287160255,2,2,instant_velocity,dbscan_kmeans_fallback,False
1730,65,12.6068600666,7.28509038625,-0.009344650860000137,0.004630000114000055,-0.010401185718000007,0.0016372062260000143,-0.010242012072194114,0.001595229331388573,-0.8960438434427367,0.4439634138764236,2,2,instant_velocity,dbscan_kmeans_fallback,False
1730,66,12.3570379814,6.71206820714,-0.007429418370000107,0.003699226894999974,-0.006128743994000025,0.0017278969499999873,-0.007254132620626407,0.0019805358599882267,-0.8951710530878053,0.44572006451802654,2,2,instant_velocity,dbscan_kmeans_fallback,False
1730,67,11.7797321857,2.32406912961,-0.04493430090999997,0.02579912434899998,-0.03839725460000001,0.019846948944199996,-0.038758143447735635,0.020411034637359805,-0.8672237020301059,0.49791833129634033,-1,-1,instant_velocity,dbscan_kmeans_fallback,False
1730,68,13.8195600282,7.53425121715,-0.020899185390000064,0.041813196908999914,-0.02341634809800002,0.053311826059999984,-0.019041159410574316,0.04171882366506466,-0.447086627916703,0.894490424368728,3,3,instant_velocity,dbscan_kmeans_fallback,False
1730,69,14.3572983833,7.36528007896,-0.022877557420000017,0.040476702031999955,-0.022877557420000017,0.040476702031999955,-0.01669473020563201,0.03334727033986619,-0.4920477208547248,0.8705679814030326,3,3,instant_velocity,dbscan_kmeans_fallback,False
1730,72,4.77019170966,4.52188722517,0.02363523181099998,-0.019641701515999976,0.026619627065399998,-0.009374556932799987,0.025422323151941657,-0.010549558899324431,0.7690896984074104,-0.639140348440258,4,4,instant_velocity,dbscan_kmeans_fallback,False
1730,98,8.32242182992,9.29746981744,0.00547209285000001,0.017660825179000028,0.009108929944599992,0.01773242311880001,0.009900782287273813,0.01627988230048587,0.2959622731875854,0.9551990636170187,5,5,instant_velocity,dbscan_kmeans_fallback,False
1730,99,8.82753809302,9.39866157252,0.007513604412999975,0.014773041603000081,0.009357278773799998,0.017703783942800016,0.011443557945977276,0.016560458291521283,0.45333692891534666,0.8913385564264373,5,5,instant_velocity,dbscan_kmeans_fallback,False
1730,102,15.0128971998,0.581613931902,0.06979023034999994,-0.01505943336190001,0.06428446308399999,-0.018152464366159998,0.06386559124411222,-0.019630577564044082,0.9775017397164588,-0.21092669040604983,-1,-1,instant_velocity,dbscan_kmeans_fallback,False
1730,103,4.06197661577,4.20041247496,0.027486743316999983,-0.01458211376199996,0.025100068973799995,-0.008381732165799995,0.02504672206855161,-0.008943541030002361,0.8833845133119707,-0.4686482250786368,4,4,instant_velocity,dbscan_kmeans_fallback,False
1730,104,5.09262425761,7.26384966408,0.04777557988499996,0.008663350730000019,0.0443071148784,0.013761124051600007,0.04391509586377482,0.012560146485594868,0.9839533983310284,0.17842448824767668,-1,-1,instant_velocity,dbscan_kmeans_fallback,False
1730,222,11.8851752057,8.06956514791,0.016100580889999883,-0.0049163918739999705,0.012754185643999988,-0.004925938266200021,0.0119072871857662,-0.004542696542075044,0.9564046080760871,-0.29204286947943997,2,2,instant_velocity,dbscan_kmeans_fallback,False
1730,232,6.33058003243,8.99962238739,-0.0009470929929999983,0.00045345361900004375,-0.0009597208998000006,0.00043913403139999473,-0.0013389029182889266,0.00031009007875026646,-0.9019416564708279,0.4318358506254854,6,6,instant_velocity,dbscan_kmeans_fallback,False
1730,233,7.36922534843,8.80487599083,-0.005387906806000054,-0.004152680514999929,-0.005392116108600007,-0.004143134123000003,-0.005804072550773667,-0.0031552581682882525,-0.7920444047283304,-0.6104610723532292,6,6,instant_velocity,dbscan_kmeans_fallback,False
1730,236,13.4381972496,9.35260023117,-0.03857825458999997,0.0029832474959999187,-0.03857825458999997,0.0029832474959999187,-0.029499301195314003,-0.0012092534062008316,-0.9970231389752072,0.07709956851113642,-1,-1,instant_velocity,dbscan_kmeans_fallback,False
1730,237,13.5223832934,9.86261622316,-0.03420058031999993,-0.01343654672400003,-0.013044627495999989,-0.007441412554799989,-0.017075937471740653,-0.0067298012504710784,-0.9307456416331437,-0.3656665233440445,-1,-1,instant_velocity,dbscan_kmeans_fallback,False
1730,340,12.0028252019,8.69437650356,0.008355464849999984,-0.0021956701570001514,0.005964581206000012,0.00010023711579997041,0.0056988499724470705,6.193743706738356e-05,0.9671627081865464,-0.25415345925710525,2,2,instant_velocity,dbscan_kmeans_fallback,False
1730,343,12.9936949381,8.2418775233,0.002988604560000141,-0.005894897053000036,0.01212699961800002,-0.005813752721200025,0.008582867680403474,-0.003635987858748688,0.45218763819395974,-0.891921136529516,2,2,instant_velocity,dbscan_kmeans_fallback,False
1730,345,8.01451137454,10.3902930403,-0.025255813154999984,-0.0009546392000000737,-0.023551045767000005,-0.003369876372,-0.022906923869901213,-0.0042130313907233555,-0.9992859949062158,-0.03777180235274623,7,7,instant_velocity,dbscan_kmeans_fallback,False
1730,346,8.29400904012,9.82180539741,-0.029949185099999907,0.0009307732189999029,-0.025579929423999986,-0.009069072389800006,-0.025487769821894074,-0.00758000254105754,-0.9995170820242734,0.031063407193711118,7,7,instant_velocity,dbscan_kmeans_fallback,False
1730,347,9.64561597414,8.9122729007,0.024687557358999968,-0.014534381802000063,0.0137644181696,-0.013255165276000014,0.013796398805925727,-0.013162935612007636,0.861746388030984,-0.5073386094056319,-1,-1,instant_velocity,dbscan_kmeans_fallback,False
1730,348,14.4141239629,12.6365590752,0.03205383619000006,-0.0012410309600001668,0.028602208398,0.0021956701559999914,0.02921679627949175,0.0009895168607140677,0.999251023913995,-0.038688082454106175,8,8,instant_velocity,dbscan_kmeans_fallback,False
1730,349,13.5531111994,12.811974028,0.01641627855000003,-0.0004057216599999691,0.01982581332599999,0.0006587010459999832,0.01976414008359357,0.00014157576648300625,0.999694125479173,-0.024707034474730372,8,8,instant_velocity,dbscan_kmeans_fallback,False
1730,376,14.2939483853,8.80726258883,-0.00029465115999993685,-0.0005727835190000973,-0.00028623254999999404,-0.0005680103231999922,-0.00028599582206324196,-0.0005689909858261715,-0.45743517422176067,-0.8892255126544176,2,2,instant_velocity,dbscan_kmeans_fallback,False
1730,412,1.6026918098,3.92834030328,-0.04945930076199998,-0.00954639198899998,-0.037020812783,-0.005680103233200002,-0.0357502589553482,-0.004602012042355548,-0.9818772123950432,-0.18951713045226323,0,0,instant_velocity,dbscan_kmeans_fallback,False
1730,413,2.11854179349,3.42691606409,-0.036157905834000026,-0.0007637113589999966,-0.032937789656400006,-0.0032457732760000015,-0.03209740232671836,-0.0020991661043045047,-0.9997767380271325,-0.021116843846009238,0,0,instant_velocity,dbscan_kmeans_fallback,False
1730,414,0.802292997893,3.19040420257,-0.0351687198187,-0.01570381482100003,-0.034465766352340006,-0.012353031233200005,-0.03497338154735112,-0.01030270533291869,-0.913103878854406,-0.40772636308023796,0,0,instant_velocity,dbscan_kmeans_fallback,False
1730,421,9.31560668225,4.61758980486,-0.02757092936000003,-0.0057755671530000715,-0.01753174363100001,-0.004109721751000012,-0.020653937547783364,-0.004982647237675475,-0.9787553303520977,-0.20502998150677149,9,9,instant_velocity,dbscan_kmeans_fallback,False
1730,422,9.55595783744,5.36698157596,-0.02832860375500008,0.0009069072389999988,-0.029195720007200023,0.002424783565199995,-0.02672630391211942,0.0019014292342594754,-0.9994875981144202,0.03199743078974372,9,9,instant_velocity,dbscan_kmeans_fallback,False
1730,423,10.6305926872,5.71112900714,-0.02110965049000004,-0.01692097979999998,-0.014639953026000008,-0.00683521666379999,-0.01434941206555266,-0.008086729775561468,-0.7802684753438907,-0.625444135900079,-1,-1,instant_velocity,dbscan_kmeans_fallback,False
1730,424,11.8195100915,4.02452020257,0.0,0.0,0.0,0.0,0.0,0.0,0.0,0.0,2,2,instant_velocity,dbscan_kmeans_fallback,False
1730,425,12.813115874,4.18227433018,0.0,0.0,0.0,0.0,0.0,0.0,0.0,0.0,2,2,instant_velocity,dbscan_kmeans_fallback,False
1730,426,12.100901943,5.64263364463,0.0,0.0,0.0,0.0,0.0,0.0,0.0,0.0,2,2,instant_velocity,dbscan_kmeans_fallback,False
1740,51,12.6531623907,11.2695157425,-0.0035989533700000464,0.03379422763999997,0.016702511100000025,0.029211959485599976,0.013517293072243811,0.031174560556410026,-0.10589724697296637,0.9943767820069527,-1,-1,instant_velocity,dbscan_kmeans_fallback,False
1740,55,0.841860438502,6.55646201773,-0.016100580886800008,-0.005345979512999932,-0.01565018555176,-0.004940257853999998,-0.015686652023426288,-0.004186786737698555,-0.9490513384460156,-0.3151196250488789,0,0,instant_velocity,dbscan_kmeans_fallback,False
1740,56,0.950460435069,7.07316048411,-0.017237092478099993,-0.002744587695999989,-0.013330860043619998,-0.0030405258482000086,-0.014849003778318104,-0.0026632354584142388,-0.9875590812628656,-0.15724476195453355,0,0,instant_velocity,dbscan_kmeans_fallback,False
1740,58,1.054009269,5.18727074677,-0.029717673480000005,-0.0034605670959999557,-0.028778999090200003,-0.004868659914200002,-0.028531970547050804,-0.002614595433128255,-0.9932877703199869,-0.1156664897452971,0,0,instant_velocity,dbscan_kmeans_fallback,False
1740,59,1.54334064888,5.81041148382,-0.03859930110599998,-0.009450928068999965,-0.029456696743199996,-0.006166969224599992,-0.03027643615990396,-0.0038187083508179447,-0.9713084729504547,-0.23782209127195872,0,0,instant_velocity,dbscan_kmeans_fallback,False
1740,60,15.3755285837,2.55580779513,0.047838719419999974,-0.010859020887000036,0.05158499837000001,-0.004014257831200006,0.04864082727399433,-0.0050756825331440235,0.9751917223004013,-0.22136101069758948,1,1,instant_velocity,dbscan_kmeans_fallback,False
1740,61,15.1762181249,3.38538925894,0.047144184559999934,-0.010286237366999984,0.049930742608000005,-0.005102546517799995,0.04657678799860737,-0.005795010977674504,0.977014551265796,-0.21317164946490202,1,1,instant_velocity,dbscan_kmeans_fallback,False
1740,62,11.6309333532,6.4146980967,0.014269534429999986,-0.018782526237000052,0.003068581297999984,-0.01134111368240001,0.0036243273035333435,-0.012253826115448783,0.6049436540766046,-0.7962677486318326,2,2,instant_velocity,dbscan_kmeans_fallback,False
1740,63,11.2419938306,7.05335172073,-0.0030517440900000637,-0.012935361145000001,-0.0037546975560000108,-0.012004587925599991,-0.005211125518204313,-0.010298399973641953,-0.22961872545228781,-0.9732798857914343,2,2,instant_velocity,dbscan_kmeans_fallback,False
1740,64,11.8946461356,7.39749915192,-0.010902092679999953,0.0026252577970000248,-0.011752371721999992,0.0032075877081999948,-0.011755239688889791,0.0030268044036859203,-0.9722089711260977,0.23411094151165948,3,3,instant_velocity,dbscan_kmeans_fallback,False
1740,65,12.5132030928,7.33759554219,-0.009365697379999992,0.00525051559399996,-0.009946581079999994,0.0030643918284000015,-0.009979117664535877,0.0026918152101719894,-0.872277798301781,0.4890087728078458,3,3,instant_velocity,dbscan_kmeans_fallback,False
1740,66,12.2589612404,6.78653006465,-0.009807674099999986,0.007446185751000023,-0.00692851140800002,0.0029689279083999942,-0.008020195064438481,0.003620230827291766,-0.7964605950019916,0.6046890907332289,3,3,instant_velocity,dbscan_kmeans_fallback,False
1740,67,11.3303891767,2.5820603731,-0.04493430089999997,0.025799124349000023,-0.040194626635999986,0.02172281497,-0.040610990683414935,0.02202746155085187,-0.8672237019822568,0.4979183313796788,-1,-1,instant_velocity,dbscan_kmeans_fallback,False
1740,68,13.63098329,7.87983060714,-0.01885767382000001,0.03455793899900002,-0.022347185340000023,0.04781310427459999,-0.018986113733402026,0.03957055826524526,-0.4790064402997776,0.8778110970639246,4,4,instant_velocity,dbscan_kmeans_fallback,False
1740,69,14.1502007155,7.76431926408,-0.020709766779999937,0.039903918512000036,-0.021328534208000002,0.044548238214599994,-0.017899241177942386,0.035314264791506345,-0.46064739974320235,0.8875829697835693,4,4,instant_velocity,dbscan_kmeans_fallback,False
1740,70,14.9108216216,8.36192340256,0.0,0.0,0.0,0.0,0.0,0.0,0.0,0.0,2,2,instant_velocity,dbscan_kmeans_fallback,False
1740,71,14.8325286009,9.18840228897,0.0,0.0,0.0,0.0,0.0,0.0,0.0,0.0,2,2,instant_velocity,dbscan_kmeans_fallback,False
1740,72,4.96823937782,4.26222536308,0.01980476681600001,-0.025966186209000063,0.026143975917599996,-0.014954423050000009,0.023737056251159162,-0.015174547092227122,0.606449929559914,-0.7951212929538635,5,5,instant_velocity,dbscan_kmeans_fallback,False
1740,98,8.42323461743,9.51990075077,0.010081278750999978,0.022243093333000098,0.006406557936999988,0.018562959221800027,0.009954931226391663,0.01806884561024014,0.41281096289724467,0.9108162767246424,6,6,instant_velocity,dbscan_kmeans_fallback,False
1740,99,8.90267413716,9.54639198854,0.0075136044140000635,0.014773041601999992,0.008334418341199985,0.016076124108800015,0.010264571886384112,0.016024233284664895,0.453336928987669,0.8913385563896541,6,6,instant_velocity,dbscan_kmeans_fallback,False
1740,103,4.2724417254,3.9178392721,0.02104651096300003,-0.02825732028600001,0.025512580588800002,-0.015546299353199995,0.023846658736886135,-0.014737674806801658,0.597335819711966,-0.8019908670646179,5,5,instant_velocity,dbscan_kmeans_fallback,False
1740,104,5.50724052357,7.35072183117,0.041461626596000035,0.008687216709000013,0.0454225799594,0.010586948715200002,0.043179055083442386,0.011398267552616411,0.9787468156373986,0.20507120411686988,-1,-1,instant_velocity,dbscan_kmeans_fallback,False
1740,222,12.0459705494,8.02040122917,0.016079534370000027,-0.0049163918739999705,0.014433697217999999,-0.005159824869800005,0.013158961341036349,-0.004654805141652522,0.9562977871472496,-0.2923924637162788,2,2,instant_velocity,dbscan_kmeans_fallback,False
1740,232,6.32089863738,9.00391826379,-0.0009681395050000318,0.0004295876400000509,-0.0009639302022000074,0.00043913403139999473,-0.001227673894302258,0.0003459393471252018,-0.9140468376538436,0.40558537463793654,7,7,instant_velocity,dbscan_kmeans_fallback,False
1740,233,7.31534628036,8.76358784548,-0.005387906806999965,-0.004128814535000025,-0.005392116108600007,-0.004143134123000003,-0.005679222827641556,-0.003447325078301784,-0.7937413235208179,-0.6082530435242793,7,7,instant_velocity,dbscan_kmeans_fallback,False
1740,236,13.054940285,9.37049971615,-0.038325696459999926,0.0017899484980000934,-0.03878451040199998,-0.0021527113934000043,-0.03214721977471978,-0.00030949283494055406,-0.998910906830262,0.04665274848124031,8,8,instant_velocity,dbscan_kmeans_fallback,False
1740,237,13.1462821425,9.76381106608,-0.03761011509000003,-0.009880515707999925,-0.019295441251999997,-0.008305361030400001,-0.023236190757218465,-0.007675015587729733,-0.9671810568978808,-0.2540871678348133,8,8,instant_velocity,dbscan_kmeans_fallback,False
1740,340,12.1402589185,8.61156155306,0.013743371660000036,-0.008281495049999954,0.008405976478000027,-0.0023150000572000097,0.00811220647871296,-0.002441092309052818,0.8565155451832686,-0.5161200193929145,2,2,instant_velocity,dbscan_kmeans_fallback,False
1740,343,13.0233705185,8.18292855278,0.002967558039999929,-0.005894897051999947,0.007307348606000019,-0.005856711484799995,0.00689827478828241,-0.004313660616724066,0.4496488761801214,-0.8932037044941336,2,2,instant_velocity,dbscan_kmeans_fallback,False
1740,345,7.760059057,10.3716775759,-0.02544523175399993,-0.0018615464399999837,-0.024956952699399987,-0.0011551134320000145,-0.023668416235130826,-0.003507585905506344,-0.9973341878074149,-0.07296392207201326,9,9,instant_velocity,dbscan_kmeans_fallback,False
1740,346,7.99451718913,9.8308744698,-0.029949185099000086,0.0009069072389999988,-0.02881688280979999,-0.006682474392000017,-0.02682619440502588,-0.005033929607040278,-0.9995414958574129,0.03026764886181294,9,9,instant_velocity,dbscan_kmeans_fallback,False
1740,347,10.0097206138,8.79700021744,0.036410463966000076,-0.011527268325999884,0.02087813887500001,-0.012123917825399993,0.020580618353948033,-0.012672235426205311,0.9533624102225265,-0.3018270880815783,-1,-1,instant_velocity,dbscan_kmeans_fallback,False
1740,348,14.7161413952,12.5742688675,0.030201743229999956,-0.006229020769999849,0.029641906037999988,3.34123720000079e-05,0.029512280364644213,-0.0011760444285001076,0.9793861170167356,-0.20199550795090834,10,10,instant_velocity,dbscan_kmeans_fallback,False
1740,349,13.7086449155,12.8014729968,0.015553371610000078,-0.0010501031200000454,0.017565418050000014,-4.295876400000509e-05,0.018500909541515523,-0.00021592789946190929,0.9977279102707981,-0.06736270551221564,10,10,instant_velocity,dbscan_kmeans_fallback,False
1740,376,14.2912123389,8.80177341343,-0.0002736046400000802,-0.0005489175399999268,-0.0002820232460000227,-0.0005632371273999936,-0.00028227846744429346,-0.000562968952078298,-0.44609188108132214,-0.8949689521969637,2,2,instant_velocity,dbscan_kmeans_fallback,False
1740,412,1.12283135985,3.8340696824,-0.04798604499500001,-0.009427062088000015,-0.039672673164400006,-0.006372216652200002,-0.03942099476724374,-0.0060495270560488885,-0.9812438555612114,-0.1927695176964033,0,0,instant_velocity,dbscan_kmeans_fallback,False
1740,413,1.75675227004,3.41951761029,-0.036178952344999994,-0.0007398453800000037,-0.0335860221942,-0.0036037629758000024,-0.033321867332202854,-0.0016913698870131544,-0.9997906960427783,-0.020445327448418066,0,0,instant_velocity,dbscan_kmeans_fallback,False
1740,414,0.490804635647,3.01856914678,-0.0311488362246,-0.017183505578999992,-0.035084533774660004,-0.0138422683832,-0.03382601795052578,-0.012366945406743081,-0.8756019207571796,-0.4830328292789152,-1,-1,instant_velocity,dbscan_kmeans_fallback,False
1740,421,9.00180320379,4.57200578311,-0.03138034784599988,-0.004558402174999987,-0.022662883004199975,-0.004587041350599996,-0.02387186063724832,-0.004855373718872829,-0.9896131161191815,-0.1437541292742944,11,11,instant_velocity,dbscan_kmeans_fallback,False
1740,422,9.18301366318,5.35457126637,-0.037294417425999885,-0.001241030958999989,-0.03139297575240001,0.0017183505579999902,-0.02989673796628356,0.000958691176281636,-0.9994465259040453,-0.0332581701530266,11,11,instant_velocity,dbscan_kmeans_fallback,False
1740,423,10.3885578111,5.48440219742,-0.024203487609999998,-0.022672680972000057,-0.017502278515999982,-0.011226556978400009,-0.01730563472888686,-0.012462515134493046,-0.729809073642605,-0.683650578123013,-1,-1,instant_velocity,dbscan_kmeans_fallback,False
1740,424,11.8506589277,4.00232484119,0.0031148836199999864,-0.0022195361379999667,0.0031148836199999864,-0.0022195361379999667,0.0009344650859999961,-0.0006658608413999902,0.8143961934932298,-0.5803047569744659,12,12,instant_velocity,dbscan_kmeans_fallback,False
1740,425,12.7499763411,4.19659391816,-0.006313953289999929,0.0014319587979999327,-0.006313953289999929,0.0014319587979999327,-0.001894185986999979,0.0004295876393999799,-0.9752324079246597,0.22117563473808838,12,12,instant_velocity,dbscan_kmeans_fallback,False
1740,426,11.8355054398,5.54931766294,-0.026539650319999986,-0.009331598169,-0.026539650319999986,-0.009331598169,-0.007961895095999996,-0.0027994794507000004,-0.9433835603750746,-0.3317027993404531,-1,-1,instant_velocity,dbscan_kmeans_fallback,False
1750,51,12.5353019293,11.6131858541,-0.011786046140000117,0.03436701115999998,0.007172650935999982,0.031312165723999995,0.005926291308570631,0.032132295737487014,-0.3243998665705574,0.9459197513995767,-1,-1,instant_velocity,dbscan_kmeans_fallback,False
1750,55,0.631395328877,6.48939861401,-0.021046510962499997,-0.0067063403720000634,-0.01676565063286,-0.0055225877654000045,-0.0172946097051484,-0.004942652827989008,-0.9527980827899953,-0.30360320816898945,0,0,instant_velocity,dbscan_kmeans_fallback,False
1750,56,0.745467418294,7.04810120514,-0.020499301677500005,-0.002505927896999971,-0.01495985999212,-0.002916422752399992,-0.016544093148072675,-0.0026160431899899584,-0.992610368170917,-0.12134120720712596,0,0,instant_velocity,dbscan_kmeans_fallback,False
1750,58,0.746940674061,5.10994497166,-0.030706859493900007,-0.007732577511000027,-0.029435650232180005,-0.004677732074400005,-0.029184437231105566,-0.004149990056489787,-0.969725679362127,-0.2441955674941098,0,0,instant_velocity,dbscan_kmeans_fallback,False
1750,59,1.15755810294,5.71590220314,-0.038578254594000015,-0.009450928068000053,-0.031990696663,-0.007078649659400007,-0.03276698169013278,-0.005508374265972577,-0.9712784951736912,-0.2379444920068923,0,0,instant_velocity,dbscan_kmeans_fallback,False
1750,62,11.8677066016,6.21326922574,0.02367732484000005,-0.020142887095999918,0.008763767165999994,-0.015236041613799997,0.009640226564473355,-0.014620544409614123,0.7616665883153317,-0.6479686449759899,1,1,instant_velocity,dbscan_kmeans_fallback,False
1750,63,11.3129205726,6.87244759255,0.0070926741999999265,-0.01809041281799999,-0.0010354883400000147,-0.0139615982832,-0.0015199856027430405,-0.012636003826949365,0.3650157350724926,-0.9310007969246885,1,1,instant_velocity,dbscan_kmeans_fallback,False
1750,64,11.8056193942,7.39200997652,-0.008902674139999966,-0.0005489175400000157,-0.010914720585999974,0.0024534227410000042,-0.010899470024222844,0.0019540878205801396,-0.9981034536659177,-0.061540665628790195,2,2,instant_velocity,dbscan_kmeans_fallback,False
1750,65,12.4180728632,7.44546977166,-0.009513022959999872,0.010787422947000015,-0.009525650862,0.005598958901199999,-0.009839289253175076,0.005120497531220397,-0.6614142994104125,0.750019822398696,2,2,instant_velocity,dbscan_kmeans_fallback,False
1750,66,12.1606740342,6.86075326236,-0.00982872062000002,0.00742231977100003,-0.007732488126000021,0.004205185671000002,-0.008562752731106942,0.004760857510404245,-0.7980160133998904,0.6026348965276235,2,2,instant_velocity,dbscan_kmeans_fallback,False
1750,67,10.8810461676,2.84005161659,-0.04493430091000015,0.02579912434899998,-0.042257184712000004,0.023498443879799998,-0.0419079837513905,0.0231589603902963,-0.8672237020301068,0.4979183312963388,-1,-1,instant_velocity,dbscan_kmeans_fallback,False
1750,68,13.4421960867,8.22564865692,-0.018878720330000043,0.0345818049780001,-0.021307487698,0.04325947529600001,-0.01895389571238143,0.038073932279071715,-0.4791633475737812,0.87772545748614,3,3,instant_velocity,dbscan_kmeans_fallback,False
1750,69,13.9485751404,8.1621651502,-0.020162557510000133,0.03978458861199998,-0.021374836534000005,0.0422045989814,-0.01857823607755971,0.03665536193765444,-0.45205447445663033,0.8919900805019835,3,3,instant_velocity,dbscan_kmeans_fallback,False
1750,70,14.5454541913,8.43733989927,-0.036536743030000096,0.007541649670999994,-0.036536743030000096,0.007541649670999994,-0.01096102290900003,0.0022624949012999985,-0.979354057523751,0.20215116600984254,4,4,instant_velocity,dbscan_kmeans_fallback,False
1750,71,14.4993623323,9.26787600227,-0.03331662685999994,0.007947371330000053,-0.03331662685999994,0.007947371330000053,-0.009994988057999983,0.0023842113990000164,-0.9727082123372267,0.23203049311290613,4,4,instant_velocity,dbscan_kmeans_fallback,False
1750,72,5.16628704598,4.00256350099,0.01980476681600001,-0.025966186208999976,0.024380278298999993,-0.018362484989999997,0.022557369420611414,-0.01841203882725898,0.6064499295599153,-0.7951212929538626,5,5,instant_velocity,dbscan_kmeans_fallback,False
1750,98,8.59286949579,9.81154302602,0.01696348783600001,0.02916422752500001,0.008700627631799983,0.020868412887000004,0.012057498209274167,0.0213974601846681,0.5027873580398267,0.8644097869689502,6,6,instant_velocity,dbscan_kmeans_fallback,False
1750,99,9.05904971361,9.83278374819,0.015637557644999946,0.028639175964999986,0.009142604362199975,0.01754626847480001,0.011876467613968864,0.019808716088765423,0.47923430781590176,0.8776866555240523,6,6,instant_velocity,dbscan_kmeans_fallback,False
1750,103,4.48290683502,3.63526606924,0.021046510961999942,-0.02825732028600001,0.024906441072999996,-0.0200521963718,0.023006614404420277,-0.018793568450561165,0.5973358196937095,-0.8019908670782157,5,5,instant_velocity,dbscan_kmeans_fallback,False
1750,104,5.92164632442,7.43759399827,0.041440580085,0.008687216709999923,0.045523603212000004,0.008682443513599996,0.042657512583909665,0.010584952299831463,0.9787259066500424,0.20517097090148212,-1,-1,instant_velocity,dbscan_kmeans_fallback,False
1750,105,0.380520918203,4.31854907581,0.0,0.0,0.0,0.0,0.0,0.0,0.0,0.0,-1,-1,instant_velocity,dbscan_kmeans_fallback,False
1750,222,12.2069763583,7.97123731043,0.01610058089000006,-0.0049163918739999705,0.015073511152000023,-0.00506436094999998,0.014041447205725463,-0.004733281161356757,0.956404608076088,-0.29204286947943703,2,2,instant_velocity,dbscan_kmeans_fallback,False
1750,232,6.31121724234,9.00821414018,-0.0009681395040000318,0.000429587638999962,-0.0009639302020000073,0.00043436083539997837,-0.0011498135772115901,0.0003710338346876299,-0.9140468378485699,0.40558537419906304,7,7,instant_velocity,dbscan_kmeans_fallback,False
1750,233,7.2614672123,8.72206104033,-0.005387906805999964,-0.004152680514999929,-0.005392116108599989,-0.004143134123000003,-0.005591828021149078,-0.0036589317093112276,-0.7920444047283254,-0.6104610723532355,7,7,instant_velocity,dbscan_kmeans_fallback,False
1750,236,12.6954658777,9.28100229126,-0.035947440730000044,-0.008949742489000023,-0.038157324376000015,-0.0025822990328000016,-0.03328728606130386,-0.002901567731158395,-0.9703775370410325,-0.24159241651880767,8,8,instant_velocity,dbscan_kmeans_fallback,False
1750,237,12.7474507598,9.68839456937,-0.0398831382700001,-0.007541649670999994,-0.02599665034000001,-0.00870630949259997,-0.028230275011052956,-0.007635005812710811,-0.9825871393054576,-0.18580102512759994,8,8,instant_velocity,dbscan_kmeans_fallback,False
1750,320,7.74153812736,12.0780951439,0.0,0.0,0.0,0.0,0.0,0.0,0.0,0.0,-1,-1,instant_velocity,dbscan_kmeans_fallback,False
1750,340,12.27748217,8.52850794276,0.013722325150000002,-0.008305361030000036,0.009967627592000029,-0.0040238042232000025,0.009795242080099072,-0.004200372925336983,0.8555066383482899,-0.5177906380570074,2,2,instant_velocity,dbscan_kmeans_fallback,False
1750,343,13.053046099,8.12397958225,0.00296755804999993,-0.005894897053000036,0.002971767347999972,-0.005894897052800019,0.005719059766797666,-0.004788031547606857,0.44964887732812286,-0.893203703916218,2,2,instant_velocity,dbscan_kmeans_fallback,False
1750,345,7.48813813537,10.2723950993,-0.02719209216300005,-0.009928247659999912,-0.025483115473400007,-0.002940288731999985,-0.02472551901349159,-0.005433784431854415,-0.9393461344635136,-0.3429696032770586,9,9,instant_velocity,dbscan_kmeans_fallback,False
1750,346,7.73248812764,9.78696106665,-0.026202906148999984,-0.004391340314999858,-0.028875813040599992,-0.004892525894999977,-0.026639207928218108,-0.004841152819428152,-0.9862455133637457,-0.16528470768450373,9,9,instant_velocity,dbscan_kmeans_fallback,False
1750,347,10.451697344,8.70153629755,0.04419767301999986,-0.009546391989000114,0.02771404563539999,-0.011985495141599998,0.027665734753763584,-0.011734482395043752,0.9774589769538347,-0.21112438528032632,-1,-1,instant_velocity,dbscan_kmeans_fallback,False
1750,348,15.0181588275,12.5119786598,0.030201743230000133,-0.0062290207700000265,0.030631092054,-0.00216703098,0.029719119224250988,-0.0026919373309500835,0.9793861170167347,-0.20199550795091276,10,10,instant_velocity,dbscan_kmeans_fallback,False
1750,349,13.88059491,12.7890626872,0.01719499944999985,-0.0012410309599999892,0.016622534357999968,-0.0005393711480000008,0.01810913651406082,-0.0005234588176233333,0.9974050136832386,-0.0719866554947824,10,10,instant_velocity,dbscan_kmeans_fallback,False
1750,376,14.2882658274,8.79604557824,-0.000294651149999936,-0.0005727835190000973,-0.0002862325479999939,-0.0005632371274000292,-0.00028599027221098625,-0.0005659133221548379,-0.4574351619456572,-0.8892255189693637,2,2,instant_velocity,dbscan_kmeans_fallback,False
1750,412,0.774722068532,3.7514933917,-0.03481092913179999,-0.008257629070000005,-0.03991681269156,-0.007088196051399995,-0.038037975076610615,-0.0067119576602342225,-0.9729988721639061,-0.23080865613891863,0,0,instant_velocity,dbscan_kmeans_fallback,False
1750,413,1.40653832763,3.4128351359,-0.035021394240999995,-0.0006682474389999804,-0.034221626825000004,-0.0029450619286000013,-0.03383172540484199,-0.0013844331526092022,-0.9998177196822579,-0.01907764225623793,0,0,instant_velocity,dbscan_kmeans_fallback,False
1750,414,0.179316273401,2.84673409098,-0.031148836224599998,-0.01718350557999999,-0.03569909189478,-0.015336278729599995,-0.033022863432748045,-0.013811913458720154,-0.8756019207452904,-0.4830328293004668,0,0,instant_velocity,dbscan_kmeans_fallback,False
1750,421,8.67873926052,4.52952433876,-0.03230639432700002,-0.00424814443499999,-0.0279750223716,-0.005002309401999998,-0.026402220744173827,-0.004673204933710977,-0.9914646929962666,-0.13037311361395063,11,11,instant_velocity,dbscan_kmeans_fallback,False
1750,422,8.77155437386,5.3328532246,-0.041145928931999975,-0.002171804176999981,-0.03321139429879999,0.0003723092875999967,-0.033271495255998484,1.9542570297150755e-05,-0.9986096408950521,-0.05270957894455556,11,11,instant_velocity,dbscan_kmeans_fallback,False
1750,423,10.0246636366,5.38273312274,-0.03638941745000004,-0.01016690746799993,-0.022797580673999996,-0.0131215157882,-0.023030769545220812,-0.011773832834545112,-0.9631156844707242,-0.2690866941865061,11,11,instant_velocity,dbscan_kmeans_fallback,False
1750,424,11.882018229,3.98036813962,0.0031359301300000197,-0.0021956701570000183,0.0031359301300000197,-0.0021956701570000183,0.0015949045992000033,-0.0011248036360799987,0.8191660753977577,-0.5735518429352481,12,12,instant_velocity,dbscan_kmeans_fallback,False
1750,425,12.6868368082,4.21091350614,-0.006313953289999929,0.0014319587980000214,-0.006313953289999929,0.0014319587980000214,-0.003220116177899964,0.0007302989869799924,-0.9752324079246567,0.2211756347381014,12,12,instant_velocity,dbscan_kmeans_fallback,False
1750,426,11.5781066107,5.45982023804,-0.025739882909999956,-0.008949742490000023,-0.025739882909999956,-0.008949742490000023,-0.013295291440199985,-0.004644558362490008,-0.944533565662943,-0.3284137777705564,11,11,instant_velocity,dbscan_kmeans_fallback,False
1760,51,12.4174414679,11.9568559656,-0.01178604613999994,0.03436701115000016,-0.002352999926000017,0.03341237196000001,0.000612590073999459,0.03280271036124096,-0.32439986665501086,0.9459197513706136,-1,-1,instant_velocity,dbscan_kmeans_fallback,False
1760,55,0.420930219251,6.42209655049,-0.0210465109626,-0.006730206351999968,-0.01786006920278,-0.005828072309000003,-0.018420180082383882,-0.0054789188851922955,-0.9524851395759862,-0.30458357434879846,0,0,instant_velocity,dbscan_kmeans_fallback,False
1760,56,0.540474401518,7.02280326637,-0.0204993016776,-0.0025297938769999638,-0.01658885994064,-0.0028018660485999904,-0.017730655706930873,-0.00259016839609296,-0.9924705454561469,-0.1224795824016443,0,0,instant_velocity,dbscan_kmeans_fallback,False
1760,58,0.439661614008,5.03238053676,-0.030727906005299992,-0.00775644349000002,-0.03001653393484,-0.004744556818200003,-0.029647477863363893,-0.005231926086542857,-0.969586796294794,-0.24474642667852395,0,0,instant_velocity,dbscan_kmeans_fallback,False
1760,59,0.771775556997,5.62139292245,-0.0385782545943,-0.009450928068999965,-0.03452469658306,-0.007990330094400004,-0.03451036356138294,-0.006691140406880793,-0.9712784951683007,-0.2379444920288961,0,0,instant_velocity,dbscan_kmeans_fallback,False
1760,62,12.1044798499,6.01207901458,0.023677324830000047,-0.020119021116000013,0.014269534432000021,-0.018787299433399997,0.013851356044131364,-0.01627008742152989,0.7620455515631761,-0.6475229213322148,1,1,instant_velocity,dbscan_kmeans_fallback,False
1760,63,11.3952124305,6.68557696937,0.008229185790000138,-0.018687062318000082,0.0012249069380000322,-0.015111938518000016,0.0014047658150799134,-0.01445132137426458,0.40302062395450744,-0.9151903611690156,1,1,instant_velocity,dbscan_kmeans_fallback,False
1760,64,11.716803118,7.38675946093,-0.00888162762000011,-0.0005250515590000226,-0.010308581068000002,0.0016753917939999852,-0.010294117302956023,0.001210346006706091,-0.9982560589974456,-0.0590134964539102,2,2,instant_velocity,dbscan_kmeans_fallback,False
1760,65,12.3231530988,7.55310534133,-0.009491976440000017,0.01076355696700002,-0.009416209004000002,0.007217072343400002,-0.009735095409222558,0.006813415361954285,-0.6614142980379378,0.7500198215535879,2,2,instant_velocity,dbscan_kmeans_fallback,False
1760,66,12.062386828,6.93497646007,-0.00982872062000002,0.007422319770999941,-0.008536464846000022,0.005446216629399992,-0.008942543097774865,0.005559296188582955,-0.7980160133998938,0.6026348965276189,2,2,instant_velocity,dbscan_kmeans_fallback,False
1760,67,10.4230740891,3.02954749756,-0.045797207849999924,0.018949588097,-0.04449232417400001,0.023899392343199998,-0.043074750980973325,0.02189614870230741,-0.9240236363514375,0.38233482176691014,-1,-1,instant_velocity,dbscan_kmeans_fallback,False
1760,68,13.2635112086,8.61084557366,-0.017868487809999854,0.038519691674,-0.020090999363999985,0.040428970071400006,-0.01862827334166696,0.0382076600975502,-0.420807888597338,0.9071495190368061,3,3,instant_velocity,dbscan_kmeans_fallback,False
1760,69,13.7534739838,8.53829299455,-0.019510115659999983,0.037612784435000005,-0.021227510958000018,0.03964616592840001,-0.018857799952291792,0.03694258868685811,-0.4604507908247413,0.8876849650729486,3,3,instant_velocity,dbscan_kmeans_fallback,False
1760,70,14.1798762959,8.51251773618,-0.036557789539999955,0.007517783690999913,-0.036557789539999955,0.007517783690999913,-0.018640052898300008,0.0038390815382099734,-0.9795034298123898,0.20142615301904468,4,4,instant_velocity,dbscan_kmeans_fallback,False
1760,71,14.1659855987,9.34758837538,-0.03333767335999997,0.007971237311000046,-0.03333767335999997,0.007971237311000046,-0.01699779364859998,0.004060319172600026,-0.972583985913832,0.23255065441667905,4,4,instant_velocity,dbscan_kmeans_fallback,False
1760,72,5.35886262129,3.73645782431,0.019257557531000023,-0.026610567668000008,0.022368231851000005,-0.021660763421999994,0.021567425853727996,-0.020871597479481287,0.5862666810821235,-0.8101177505670675,5,5,instant_velocity,dbscan_kmeans_fallback,False
1760,98,8.76229390904,10.1031853013,0.016942441325000068,0.02916422752799992,0.010990488024600004,0.0231738665528,0.013522981143991936,0.023727490387667645,0.5023210281105868,0.864680861210888,6,6,instant_velocity,dbscan_kmeans_fallback,False
1760,99,9.21542529006,10.1191755079,0.015637557645000123,0.028639175970999985,0.010763185706199998,0.020319495348600006,0.013004794623278242,0.02245785405343579,0.4792343077385635,0.8776866555662807,6,6,instant_velocity,dbscan_kmeans_fallback,False
1760,103,4.69337194465,3.35245420657,0.02104651096300003,-0.028281186267000002,0.023618394602199996,-0.022792010872800007,0.022418583371994205,-0.021639853795492818,0.597011453695642,-0.8022323583790905,5,5,instant_velocity,dbscan_kmeans_fallback,False
1760,104,6.33626259039,7.52422750557,0.041461626596999944,0.008663350730000019,0.04412190558199999,0.008677670317599997,0.042298746787836745,0.01000847182888203,0.978859757937902,0.20453142084668166,-1,-1,instant_velocity,dbscan_kmeans_fallback,False
1760,105,0.720422070248,4.45935835765,0.0339901152045,0.01408092818400002,0.0339901152045,0.01408092818400002,0.010197034561350002,0.004224278455200007,0.9238623532102042,0.3827241940542727,-1,-1,instant_velocity,dbscan_kmeans_fallback,False
1760,106,14.7369774411,4.86865991415,0.0,0.0,0.0,0.0,0.0,0.0,0.0,0.0,7,7,instant_velocity,dbscan_kmeans_fallback,False
1760,107,14.8182169734,5.53762333275,0.0,0.0,0.0,0.0,0.0,0.0,0.0,0.0,7,7,instant_velocity,dbscan_kmeans_fallback,False
1760,222,12.3450414702,7.88173988554,0.013806511189999959,-0.008949742489000023,0.015254511145999992,-0.005775567152999983,0.013970966401007812,-0.005998219559649737,0.8391225768827827,-0.5439412518092523,2,2,instant_velocity,dbscan_kmeans_fallback,False
1760,232,6.3015358473,9.01251001658,-0.0009681395039999429,0.0004295876400000509,-0.0009639302019999895,0.00043436083540001393,-0.001095311355248096,0.0003885999762813562,-0.9140468374985111,0.40558537498798164,8,8,instant_velocity,dbscan_kmeans_fallback,False
1760,233,7.20737767913,8.68077289498,-0.0054089533169999985,-0.004128814535000025,-0.005392116108599989,-0.004138360926999987,-0.005536965609904354,-0.003799896557017867,-0.7948842236007966,-0.6067587098099518,8,8,instant_velocity,dbscan_kmeans_fallback,False
1760,236,12.3359914705,9.19150486636,-0.03594744072000004,-0.008949742489999935,-0.03753013834800001,-0.0030071134764000007,-0.03408533245891271,-0.004716020158810857,-0.9703775370189486,-0.2415924166075086,9,9,instant_velocity,dbscan_kmeans_fallback,False
1760,237,12.2867426348,9.61297807266,-0.0460708125,-0.007541649670999994,-0.03393960357800001,-0.009102484760799995,-0.033582436257737075,-0.007606998970197566,-0.9868648472396818,-0.16154672658544075,9,9,instant_velocity,dbscan_kmeans_fallback,False
1760,238,15.0552006868,1.18924178197,0.0,0.0,0.0,0.0,0.0,0.0,0.0,0.0,-1,-1,instant_velocity,dbscan_kmeans_fallback,False
1760,314,14.8087460435,9.54448271014,0.0,0.0,0.0,0.0,0.0,0.0,0.0,0.0,2,2,instant_velocity,dbscan_kmeans_fallback,False
1760,320,7.54875208694,11.8296502924,-0.01927860404199997,-0.02484448515000004,-0.01927860404199997,-0.02484448515000004,-0.005783581212599992,-0.007453345545000013,-0.6130507087935515,-0.7900431586040462,-1,-1,instant_velocity,dbscan_kmeans_fallback,False
1760,340,12.3528286793,8.46884299283,0.0075346509299999195,-0.005966494992999926,0.010072860147999983,-0.00508345373400001,0.009117064735069326,-0.004730209545635866,0.7839658579169814,-0.6208022653472297,2,2,instant_velocity,dbscan_kmeans_fallback,False
1760,343,13.0827216794,8.06503061172,0.002967558040000107,-0.005894897053000036,0.0029717673480000074,-0.005894897052800019,0.004893609248758398,-0.005120091199224811,0.44964887611928206,-0.8932037045247609,2,2,instant_velocity,dbscan_kmeans_fallback,False
1760,345,7.21621721373,10.1728739628,-0.02719209216399996,-0.009952113649999993,-0.0260134875498,-0.004735010425999988,-0.025465490958644102,-0.006789283197298089,-0.9390803184073276,-0.34369676297438423,8,8,instant_velocity,dbscan_kmeans_fallback,False
1760,346,7.47992999609,9.72968271472,-0.025255813154999984,-0.005727835193000175,-0.028139185156999993,-0.003255319668000034,-0.026224189496252673,-0.0051071575314997585,-0.975233537642059,-0.2211758910322145,8,8,instant_velocity,dbscan_kmeans_fallback,False
1760,347,10.7812857057,8.64831516222,0.03295883617000008,-0.005322113533000028,0.03230218502580001,-0.01100698996280002,0.029253665178634532,-0.009810771736430635,0.9872117459733746,-0.15941257652671142,-1,-1,instant_velocity,dbscan_kmeans_fallback,False
1760,349,14.1996600162,12.7582755731,0.03190651062000001,-0.0030787114099998904,0.019606929611999994,-0.0011551134299999787,0.022248348745842576,-0.0012900345953363005,0.9953766293530465,-0.09604551944064811,-1,-1,instant_velocity,dbscan_kmeans_fallback,False
1760,376,14.2855297809,8.79031774305,-0.00027360465000008104,-0.0005727835189999197,-0.00028202324800002287,-0.0005680103231999922,-0.0002822745855477147,-0.0005679743812083625,-0.4310187779817645,-0.902325499246329,2,2,instant_velocity,dbscan_kmeans_fallback,False
1760,412,0.426612777211,3.66891710099,-0.0348109291321,-0.008257629071000005,-0.040312487097579994,-0.007976010506600009,-0.03706986129325743,-0.007175659083463957,-0.9729988721580758,-0.2308086561634974,0,0,instant_velocity,dbscan_kmeans_fallback,False
1760,413,1.16008368426,3.4128351359,-0.02464546433700001,0.0,-0.032929371052,-0.0014940103462000032,-0.0310758470844894,-0.0009691032068264415,-0.9999995942459916,0.0,0,0,instant_velocity,dbscan_kmeans_fallback,False
1760,421,8.35546485213,4.48680423461,-0.032327440839000056,-0.004272010414999983,-0.03023541764880001,-0.004921165070200005,-0.028179786772621694,-0.004552846578097678,-0.9913808547082494,-0.1310091125875904,10,10,instant_velocity,dbscan_kmeans_fallback,False
1760,422,8.35946368922,5.31757899742,-0.041209068464000076,-0.0015274227179999933,-0.035261324465599986,-0.0006252886751999931,-0.03565276721839896,-0.0004445470161919925,-0.9993135497930844,-0.0370397651597634,10,10,instant_velocity,dbscan_kmeans_fallback,False
1760,423,9.57931946461,5.36435631816,-0.044534417198999955,-0.0018376804580000794,-0.028543278167799998,-0.011980721945600016,-0.029481863841354556,-0.008792987121581601,-0.9991494913287927,-0.04122917981908323,10,10,instant_velocity,dbscan_kmeans_fallback,False
1760,424,11.9131670652,3.95817277825,0.0031148836199999864,-0.002219536137000011,0.0031148836199999864,-0.002219536137000011,0.002050898305439998,-0.0014532233863560025,0.8143961936167868,-0.580304756801066,7,7,instant_velocity,dbscan_kmeans_fallback,False
1760,425,12.6236972753,4.22523309413,-0.006313953290000107,0.0014319587990000216,-0.006313953290000107,0.0014319587990000216,-0.004148267311530007,0.0009407969305860012,-0.9752324078913421,0.2211756348849964,7,7,instant_velocity,dbscan_kmeans_fallback,False
1760,426,11.3918449887,5.40468982431,-0.018626162199999997,-0.005513041372999972,-0.018626162199999997,-0.005513041372999972,-0.01489455266813999,-0.004905103265642997,-0.9588792107132206,-0.2838126664853989,7,7,instant_velocity,dbscan_kmeans_fallback,False
1770,51,12.2981077507,12.1955157654,-0.011933371719999997,0.023865979979999886,-0.006907464897999986,0.031918361613999975,-0.0031511984642003787,0.030121691246868636,-0.44722487268434213,0.8944211333125647,-1,-1,instant_velocity,dbscan_kmeans_fallback,False
1770,55,0.210465109626,6.35503314677,-0.021046510962499997,-0.006706340371999975,-0.01895869707508,-0.006133556852600002,-0.019208079346418716,-0.0058471453312345986,-0.9527980827899966,-0.30360320816898584,0,0,instant_velocity,dbscan_kmeans_fallback,False
1770,56,0.335691849853,6.9977439874,-0.0204782551665,-0.00250592789700006,-0.01821365058694,-0.0026825361488000076,-0.01855493554480161,-0.00256489624636509,-0.9925953398545642,-0.12146407652165866,0,0,instant_velocity,dbscan_kmeans_fallback,False
1770,58,0.132593019064,4.95505476165,-0.030706859494400003,-0.007732577511000027,-0.030264882764119996,-0.005813752721000007,-0.029965292352674727,-0.005982121513880008,-0.9697256793630684,-0.2441955674903707,0,0,instant_velocity,dbscan_kmeans_fallback,False
1770,59,0.385782545944,5.52688364176,-0.038599301105299993,-0.009450928069000053,-0.03706290580511999,-0.008902010529400001,-0.035737044824558056,-0.00751907670551657,-0.971308472949458,-0.23782209127602974,0,0,instant_velocity,dbscan_kmeans_fallback,False
1770,62,12.3818728644,5.78559086465,0.02773930144999994,-0.022648814993000067,0.01884504591599999,-0.01982785616020001,0.018017739665891937,-0.018183705692970942,0.7745995965807194,-0.632451505249035,1,1,instant_velocity,dbscan_kmeans_fallback,False
1770,63,11.5587438206,6.46768057223,0.016353139009999927,-0.021789639713999963,0.005110092862000002,-0.016887567427800006,0.005889277773555918,-0.016652816876185195,0.6002560257551124,-0.7998074577219313,1,1,instant_velocity,dbscan_kmeans_fallback,False
1770,64,11.6279868417,7.38150894534,-0.008881627629999934,-0.0005250515589999338,-0.009799255504000008,0.0008878144550000045,-0.009870370401069197,0.0006897267369942834,-0.9982560590013616,-0.05901349638768843,2,2,instant_velocity,dbscan_kmeans_fallback,False
1770,65,12.2280228692,7.6609795708,-0.009513022960000051,0.010787422947000015,-0.009445674120000015,0.008443783713800012,-0.009668473674455806,0.008005617637468005,-0.6614142994104195,0.7500198223986899,2,2,instant_velocity,dbscan_kmeans_fallback,False
1770,66,11.9643100869,7.00919965778,-0.009807674109999987,0.00742231977100003,-0.009340441564000023,0.0066824743917999994,-0.009202082401442402,0.006118203263308078,-0.7973941522800855,0.603457488020908,2,2,instant_velocity,dbscan_kmeans_fallback,False
1770,67,9.96489154544,3.21904337854,-0.045818254365999955,0.018949588098000004,-0.04528367298719999,0.0230593098484,-0.043897801996481314,0.021012180521015188,-0.9240856742499951,0.3821848548489075,-1,-1,instant_velocity,dbscan_kmeans_fallback,False
1770,68,13.0890356327,9.01322599598,-0.017447557590000072,0.04023804223199985,-0.01879032498800001,0.03794213495839997,-0.01827405861616689,0.0388167747378851,-0.39781988926998707,0.9174632851964226,3,3,instant_velocity,dbscan_kmeans_fallback,False
1770,69,13.5682646873,8.88196310614,-0.018520929650000007,0.03436701115900007,-0.020356185404000016,0.03842900095000001,-0.01875673886160426,0.0361699154285007,-0.4744097633835711,0.8803038476063628,3,3,instant_velocity,dbscan_kmeans_fallback,False
1770,70,13.9628867679,8.56096567552,-0.021698952799999914,0.00484479393400008,-0.021698952799999914,0.00484479393400008,-0.019557722868809982,0.004140795256947005,-0.975968926755957,0.21790767414913442,2,2,instant_velocity,dbscan_kmeans_fallback,False
1770,71,13.8982739792,9.4096399233,-0.02677116195,0.006205154791999945,-0.02677116195,0.006205154791999945,-0.019929804139019985,0.004703769858420002,-0.9741735716819235,0.2257988584078544,2,2,instant_velocity,dbscan_kmeans_fallback,False
1770,72,5.52997075541,3.44553152846,0.017110813411999982,-0.029092629584999984,0.0199226272772,-0.0254554542374,0.020230442121209592,-0.023337907111136896,0.5069649874440617,-0.8619663038304582,4,4,instant_velocity,dbscan_kmeans_fallback,False
1770,98,8.9319287874,10.3950662363,0.01696348783600001,0.0291880935,0.013284557719600016,0.025484093413000012,0.01455513315159436,0.025365671321367356,0.5024800797168679,0.8645884437478831,5,5,instant_velocity,dbscan_kmeans_fallback,False
1770,99,9.37180086652,10.4055672675,0.015637557645999854,0.028639175960000075,0.012387976352599993,0.023092722220200024,0.013794623530094726,0.024312250625405075,0.4792343079039584,0.8776866554759716,5,5,instant_velocity,dbscan_kmeans_fallback,False
1770,103,4.89731263588,3.06224389012,0.02039406912299997,-0.029021031645000007,0.02220406906559999,-0.0256797944492,0.021811229097295937,-0.023854207150344975,0.5749625621602131,-0.8181793741359701,4,4,instant_velocity,dbscan_kmeans_fallback,False
1770,104,6.72541257808,7.59367750728,0.038914998769000064,0.0069450001709999935,0.0422108823864,0.008329227009999994,0.04128362238218574,0.00908943033151742,0.9844452997894485,0.17568991370042739,-1,-1,instant_velocity,dbscan_kmeans_fallback,False
1770,105,1.06032322229,4.59992897968,0.03399011520420001,0.014057062202999937,0.03399011520420001,0.014057062202999937,0.017334958754205005,0.0071741135795399865,0.9240916091817494,0.3821703207976488,-1,-1,instant_velocity,dbscan_kmeans_fallback,False
1770,106,14.3598239646,5.10731971387,-0.03771534765000002,0.023865979971999973,-0.03771534765000002,0.023865979971999973,-0.011314604295000008,0.0071597939915999925,-0.8450254982357962,0.5347255924532038,6,6,instant_velocity,dbscan_kmeans_fallback,False
1770,107,14.4111774514,5.78439756565,-0.04070395219999998,0.02467742329,-0.04070395219999998,0.02467742329,-0.012211185659999997,0.007403226987000001,-0.8551197819470338,0.5184300708460311,6,6,instant_velocity,dbscan_kmeans_fallback,False
1770,109,14.8893541805,7.47577956622,0.0,0.0,0.0,0.0,0.0,0.0,0.0,0.0,2,2,instant_velocity,dbscan_kmeans_fallback,False
1770,222,12.4833170472,7.79224246064,0.013827557699999993,-0.008949742490000023,0.015182953007999983,-0.006529732120199991,0.013927943790705466,-0.0068836764387548224,0.8395004341353751,-0.5433578994036551,2,2,instant_velocity,dbscan_kmeans_fallback,False
1770,232,6.29206491736,9.01704455277,-0.0009470929939999984,0.00045345361900004375,-0.0009597209000000007,0.00043913403140003024,-0.0010508458468736668,0.0004080560690969625,-0.9019416566484305,0.4318358502545595,7,7,instant_velocity,dbscan_kmeans_fallback,False
1770,233,7.15349861106,8.63924608983,-0.005387906807000053,-0.0041526805150001065,-0.005392116108600007,-0.004143134123000003,-0.005492247969033064,-0.003905731744412539,-0.7920444047831009,-0.6104610722821673,7,7,instant_velocity,dbscan_kmeans_fallback,False
1770,236,11.9272682276,9.12277084405,-0.040872324289999894,-0.006873402231000014,-0.037934231357999976,-0.003999938243199992,-0.036121430008238864,-0.005363234780467605,-0.9861526041983885,-0.1658389540489647,8,8,instant_velocity,dbscan_kmeans_fallback,False
1770,237,11.7993054409,9.53756157595,-0.048743719389999995,-0.007541649670999994,-0.04130167311400001,-0.009188402288999989,-0.038130821197415954,-0.007587394180438294,-0.9882412864426257,-0.15290112584838264,8,8,instant_velocity,dbscan_kmeans_fallback,False
1770,238,14.1899786212,1.52074024377,-0.08652220655999994,0.033149846179999984,-0.08652220655999994,0.033149846179999984,-0.025956661967999985,0.009944953853999997,-0.9338073231319678,0.3577760017263977,-1,-1,instant_velocity,dbscan_kmeans_fallback,False
1770,314,14.5010460532,9.61798992845,-0.030769999029999974,0.007350721830999873,-0.030769999029999974,0.007350721830999873,-0.009230999708999994,0.002205216549299962,-0.9726309075965487,0.2323542239635611,2,2,instant_velocity,dbscan_kmeans_fallback,False
1770,320,7.35575558141,11.5809667811,-0.019299650553,-0.024868351129999945,-0.019299650553,-0.024868351129999945,-0.009838402014719996,-0.012677847220499992,-0.6131008176823746,-0.7900042734113316,-1,-1,instant_velocity,dbscan_kmeans_fallback,False
1770,340,12.4216507701,8.4118033007,0.006882209079999946,-0.005703969212999915,0.010047604333999977,-0.006090598088599996,0.008446608038548513,-0.005022337445845081,0.7699345449583971,-0.6381211162605118,2,2,instant_velocity,dbscan_kmeans_fallback,False
1770,343,13.1123972599,8.00608164119,0.00296755804999993,-0.005894897052999859,0.0029717673480000074,-0.005894897052799984,0.0043157938891308575,-0.0053525329553573255,0.44964887732813363,-0.8932037039162125,2,2,instant_velocity,dbscan_kmeans_fallback,False
1770,345,6.92977419953,10.1139249923,-0.028644301420000053,-0.005894897050000125,-0.026745906131199995,-0.005718288800000018,-0.026419134097050885,-0.0065209673531087,-0.97947331330249,-0.20157218221105724,7,7,instant_velocity,dbscan_kmeans_fallback,False
1770,346,7.22631953899,9.67717755878,-0.025361045709999974,-0.005250515593999872,-0.02734362704259999,-0.0027064021288000007,-0.025965246360376865,-0.0051501649502497925,-0.9792339662863726,-0.20273151466043982,7,7,instant_velocity,dbscan_kmeans_fallback,False
1770,347,11.0361589534,8.62325588325,0.02548732476999991,-0.002505927896999971,0.03274837105699998,-0.008687216709400012,0.028123763056044145,-0.007619318584601436,0.9952009093635007,-0.09784870496997809,2,2,instant_velocity,dbscan_kmeans_fallback,False
1770,349,14.5187251224,12.7274884589,0.03190651062000001,-0.0030787114200000686,0.022595534169999994,-0.0017708557139999926,0.025145797308089808,-0.001826637642735431,0.9953766293232215,-0.09604551974974242,-1,-1,instant_velocity,dbscan_kmeans_fallback,False
1770,376,14.2825832694,8.78482856765,-0.000294651149999936,-0.0005489175399999268,-0.00028623254999999404,-0.0005632371273999936,-0.00028598755488338113,-0.0005622573288458318,-0.47294723885578444,-0.8810725323913766,2,2,instant_velocity,dbscan_kmeans_fallback,False
1770,412,0.0785034858903,3.58634081029,-0.03481092913207,-0.008257629070000005,-0.040375626630594,-0.008749268257600003,-0.0363921816449012,-0.0075002500794247706,-0.9729988721643082,-0.2308086561372238,0,0,instant_velocity,dbscan_kmeans_fallback,False
1770,413,0.913629040884,3.4128351359,-0.0246454643376,0.0,-0.03132983621892001,-0.00043436083559999616,-0.029146732260422577,-0.000678372244778509,-0.9999995942459916,0.0,0,0,instant_velocity,dbscan_kmeans_fallback,False
1770,421,7.85224277502,4.45577846065,-0.050322207711000023,-0.0031025773959999724,-0.034781464016600004,-0.004391340314800001,-0.034822513054135196,-0.004117765823468367,-0.9981045809124266,-0.06153737787831609,9,9,instant_velocity,dbscan_kmeans_fallback,False
1770,422,7.94632067902,5.30874858483,-0.04131430101999998,-0.0008830412590000059,-0.037858463919399996,-0.000983278374799994,-0.03735122735887927,-0.0005760952890343966,-0.9997714178479268,-0.021368857507749618,9,9,instant_velocity,dbscan_kmeans_fallback,False
1770,423,9.13418575775,5.34597951358,-0.04451337068600001,-0.0018376804579999905,-0.03415006868700001,-0.010687185831200008,-0.03399131589474819,-0.006706395122507118,-0.9991486880078904,-0.04124864035888233,9,9,instant_velocity,dbscan_kmeans_fallback,False
1770,424,11.9443159015,3.93621607667,0.0031148836299999872,-0.0021956701579999736,0.0031148836299999872,-0.0021956701579999736,0.002370093902807995,-0.0016759574178491939,0.8173452227320567,-0.5761436790293916,10,10,instant_velocity,dbscan_kmeans_fallback,False
1770,425,12.5605577425,4.23955268211,-0.006313953279999928,0.0014319587980000214,-0.006313953279999928,0.0014319587980000214,-0.004797973102070984,0.0010881454908102074,-0.9752324078490962,0.22117563507126145,10,10,instant_velocity,dbscan_kmeans_fallback,False
1770,426,11.2055833667,5.34955941058,-0.018626162199999997,-0.005513041372999972,-0.018626162199999997,-0.005513041372999972,-0.016014035527697992,-0.00508748469785009,-0.9588792107132206,-0.2838126664853989,10,10,instant_velocity,dbscan_kmeans_fallback,False
1780,51,12.1789844987,12.4341755651,-0.011912325199999962,0.023865979970000062,-0.010203348514000012,0.030052041980000013,-0.005779536484940255,0.028244977863808064,-0.44659354158914444,0.8947365303876984,-1,-1,instant_velocity,dbscan_kmeans_fallback,False
1780,58,-0.174686040989,4.87772898654,-0.0307279060053,-0.007732577510999939,-0.030517440895780002,-0.006882948623799994,-0.03019407644846231,-0.0065072583130159865,-0.9697652754138895,-0.2440382744701413,0,0,instant_velocity,dbscan_kmeans_fallback,False
1780,62,12.7541856433,5.5011083834,0.037231277889999956,-0.028448248124999954,0.025318952687999996,-0.0220282995134,0.023781801133124343,-0.021263068422579648,0.7945916739654646,-0.6071438419549942,1,1,instant_velocity,dbscan_kmeans_fallback,False
1780,63,11.7761542789,6.22902077252,0.021741045829999982,-0.023865979970999974,0.010072860147999983,-0.0190736911932,0.010644808190489137,-0.018816765804629626,0.6734303155986928,-0.7392502895037874,1,1,instant_velocity,dbscan_kmeans_fallback,False
1780,64,11.5391705654,7.37625842974,-0.00888162763000011,-0.0005250515600000227,-0.009289929940000014,0.00010023711580000593,-0.009573747569748471,0.00032529324789599154,-0.9982560589947398,-0.059013496499701404,2,2,instant_velocity,dbscan_kmeans_fallback,False
1780,65,12.0303961313,7.76217132588,-0.01976267379000003,0.010119175507999945,-0.011529278705999992,0.00954161879259999,-0.012696733709119074,0.008639684998627587,-0.8901008805036428,0.45576257167181805,2,2,instant_velocity,dbscan_kmeans_fallback,False
1780,66,11.7702612558,6.97483264663,-0.019404883109999993,-0.0034367011149999626,-0.011735534512,0.005255288789800012,-0.012262922614009679,0.0032517319498156652,-0.9846759688902188,-0.1743910015337724,2,2,instant_velocity,dbscan_kmeans_fallback,False
1780,67,9.50691946689,3.40853925951,-0.04579720785500001,0.018949588097,-0.0454562543762,0.021689402598000004,-0.04446762375403692,0.020393402793810633,-0.9240236363661848,0.38233482173126926,-1,-1,instant_velocity,dbscan_kmeans_fallback,False
1780,68,12.914770522,9.4153677585,-0.01742651107000004,0.04021417625200012,-0.018095790124000005,0.03762233082700002,-0.018019794352316834,0.03923599519211961,-0.3976144165322908,0.9175523524208048,3,3,instant_velocity,dbscan_kmeans_fallback,False
1780,69,13.3830553909,9.22563321772,-0.018520929640000006,0.034367011157999984,-0.019484859848000014,0.037207062775200014,-0.018685996095122982,0.035629044147350485,-0.4744097631957714,0.8803038477075712,3,3,instant_velocity,dbscan_kmeans_fallback,False
1780,70,13.7623135184,8.60654969727,-0.020057324950000142,0.004558402174999898,-0.020057324950000142,0.004558402174999898,-0.019707603493167032,0.004266077332362873,-0.9751332303070386,0.221617261974222,2,2,instant_velocity,dbscan_kmeans_fallback,False
1780,71,13.7835704945,9.43135796508,-0.011470348470000146,0.002171804177999981,-0.011470348470000146,0.002171804177999981,-0.017391967438314032,0.003944180154293995,-0.9825421971647721,0.18603525903722662,2,2,instant_velocity,dbscan_kmeans_fallback,False
1780,72,5.70086842443,3.15484389241,0.017089766902000036,-0.029068763604999992,0.01861353429540001,-0.027340866655200004,0.019288239555446725,-0.025057164059295825,0.5068105274636419,-0.8620571304364495,4,4,instant_velocity,dbscan_kmeans_fallback,False
1780,98,9.02769041228,10.5936311897,0.009576162487999973,0.019856495340000002,0.014105371647200009,0.025923227445200005,0.013061441952516043,0.02371291852695715,0.43439082013073294,0.9007239911053504,5,5,instant_velocity,dbscan_kmeans_fallback,False
1780,99,9.47892760731,10.6859925322,0.010712674079000095,0.028042526469999985,0.013027790285800016,0.025746619193600006,0.012870038694766337,0.025431333378783547,0.3568621492353968,0.9341567000243106,5,5,instant_velocity,dbscan_kmeans_fallback,False
1780,103,5.07473472329,2.74148511931,0.01774220874100001,-0.032075877080999994,0.020255162150399998,-0.029178547113000004,0.02059052299040716,-0.02632070812954148,0.48402170080372564,-0.8750556825340222,4,4,instant_velocity,dbscan_kmeans_fallback,False
1780,104,7.10803814738,7.6588316326,0.038262556930000004,0.006515412532000031,0.040308277795400006,0.007899639370399995,0.04037730274653002,0.008317224991662204,0.9858096753356667,0.16786532914147523,-1,-1,instant_velocity,dbscan_kmeans_fallback,False
1780,105,1.40043483945,4.74073826151,0.03401116171599998,0.01408092818300002,0.03401116171599998,0.01408092818300002,0.0223378196427435,0.009246157960577997,0.9239460797944669,0.38252202330477725,-1,-1,instant_velocity,dbscan_kmeans_fallback,False
1780,106,13.9828809533,5.34597951358,-0.03769430112999998,0.023865979970999974,-0.03769430112999998,0.023865979970999974,-0.0192285133455,0.012171649785419987,-0.8448905851826285,0.5349387355428884,6,6,instant_velocity,dbscan_kmeans_fallback,False
1780,107,14.0043483945,6.03093313876,-0.040682905690000125,0.024653557311000007,-0.040682905690000125,0.024653557311000007,-0.020752701669000034,0.012578326084200004,-0.8552232671285132,0.518259339451164,6,6,instant_velocity,dbscan_kmeans_fallback,False
1780,108,14.8167437176,6.80180429183,0.0,0.0,0.0,0.0,0.0,0.0,0.0,0.0,2,2,instant_velocity,dbscan_kmeans_fallback,False
1780,109,14.5772344229,7.37697440914,-0.031211975759999965,-0.009880515708000016,-0.031211975759999965,-0.009880515708000016,-0.00936359272799999,-0.002964154712400005,-0.9533707346952484,-0.30180064831960923,-1,-1,instant_velocity,dbscan_kmeans_fallback,False
1780,222,12.6213821591,7.70274503575,0.013806511189999959,-0.008949742489000023,0.014724139067999999,-0.007336402243200002,0.013891514010493815,-0.007503496253828382,0.8391225768827827,-0.5439412518092523,2,2,instant_velocity,dbscan_kmeans_fallback,False
1780,232,6.28238352232,9.02134042917,-0.0009681395040000318,0.00042958763999987324,-0.0009639302022000074,0.00043436083559999616,-0.0010260339440115764,0.0004145155403678357,-0.9140468374985872,0.40558537498781044,7,7,instant_velocity,dbscan_kmeans_fallback,False
1780,233,7.099619543,8.59795794448,-0.005387906805999964,-0.004128814535000025,-0.005392116108599989,-0.0041383609270000225,-0.005460945620123134,-0.003972656581588785,-0.7937413234663137,-0.6082530435954044,7,7,instant_velocity,dbscan_kmeans_fallback,False
1780,236,11.4974984737,9.06310589412,-0.04297697539000005,-0.005966494993000104,-0.03881397551799999,-0.005789886740999997,-0.03817809362276722,-0.0055442128442273544,-0.9904999865300712,-0.13751114769173461,8,8,instant_velocity,dbscan_kmeans_fallback,False
1780,237,11.4453031265,9.48624971901,-0.03540023143999989,-0.005131185693999995,-0.041541603338,-0.0075273300829999815,-0.03731164427019113,-0.006850531634506805,-0.9896574754112117,-0.14344867457708851,8,8,instant_velocity,dbscan_kmeans_fallback,False
1780,238,13.3247565555,1.85223870558,-0.08652220656999994,0.03314984618100001,-0.08652220656999994,0.03314984618100001,-0.044126325348599976,0.016906421552100002,-0.9338073231421771,0.3577760016997514,-1,-1,instant_velocity,dbscan_kmeans_fallback,False
1780,314,14.1933460629,9.69149714676,-0.030769999029999974,0.007350721831000051,-0.030769999029999974,0.007350721831000051,-0.01569269950529999,0.003748868133809989,-0.9726309075965475,0.2323542239635664,2,2,instant_velocity,dbscan_kmeans_fallback,False
1780,320,7.13118930944,11.3800152297,-0.022456627197000055,-0.02009515514000011,-0.022456627197000055,-0.02009515514000011,-0.013623869569404014,-0.014903039596350028,-0.7452017622404382,-0.6668385635766159,-1,-1,instant_velocity,dbscan_kmeans_fallback,False
1780,340,12.4902623958,8.35476360857,0.00686116257000009,-0.005703969213000093,0.009748743878,-0.006792257899799985,0.007970974397983987,-0.005226826975991585,0.7689731636711901,-0.6392793067434477,2,2,instant_velocity,dbscan_kmeans_fallback,False
1780,343,13.1422833055,7.94713267066,0.0029886045599999632,-0.005894897053000036,0.002971767347999972,-0.005894897052799984,0.003917637090391589,-0.005515242184650139,0.45218763819393837,-0.8919211365295269,2,2,instant_velocity,dbscan_kmeans_fallback,False
1780,345,6.63701723204,10.0723981871,-0.02927569674899999,-0.0041526805200000185,-0.027549882849999995,-0.006357897064000006,-0.027276102892635618,-0.0058104813031760955,-0.9900886413906327,-0.14044146752259987,9,9,instant_velocity,dbscan_kmeans_fallback,False
1780,346,6.96997303547,9.63565075363,-0.025634650352000056,-0.0041526805150001065,-0.026480720093000017,-0.0037230928756000026,-0.02586606755786382,-0.0048509196196748865,-0.9871311858300034,-0.15991013666489798,9,9,instant_velocity,dbscan_kmeans_fallback,False
1780,347,11.2845077828,8.60177650127,0.024834882940000115,-0.002147938197999899,0.03277783617320001,-0.006209927988599979,0.027137099021230935,-0.0059779044686209745,0.9962803008029795,-0.08616704653609851,2,2,instant_velocity,dbscan_kmeans_fallback,False
1780,349,14.8377902286,12.6967013448,0.03190651062000001,-0.003078711410000068,0.025693580583999988,-0.0023054536640000124,0.02717401130166287,-0.0022022597729148222,0.995376629353046,-0.09604551944065359,-1,-1,instant_velocity,dbscan_kmeans_fallback,False
1780,376,14.279847223,8.77910073246,-0.00027360463999990257,-0.0005727835190000973,-0.0002820232459999872,-0.0005632371273999936,-0.00028227268041833753,-0.0005654151858921115,-0.4310187651547419,-0.9023255053733648,2,2,instant_velocity,dbscan_kmeans_fallback,False
1780,413,0.667384862623,3.4128351359,-0.024624417826099997,0.0,-0.029023138617340002,-0.00028161856379999684,-0.027790037930125803,-0.0004748605713449563,-0.9999995938991935,0.0,0,0,instant_velocity,dbscan_kmeans_fallback,False
1780,421,7.34881023279,4.42451402689,-0.05034325422299997,-0.0031264433760000545,-0.03933592898919999,-0.003861515559399997,-0.03947873540479463,-0.003820369089227873,-0.9980770001124043,-0.061983105262071486,10,10,instant_velocity,dbscan_kmeans_fallback,False
1780,422,7.53317766883,5.29991817224,-0.04131430101900006,-0.0008830412590000059,-0.04045560337219999,-0.001341268074399995,-0.03854014945691551,-0.0006681790800240795,-0.9997714178479158,-0.021368857508266566,10,10,instant_velocity,dbscan_kmeans_fallback,False
1780,423,8.74987646757,5.41853209269,-0.03843092901800009,0.00725525791099999,-0.03761432439260002,-0.005851938289000014,-0.035323199831723766,-0.0025178992124549847,-0.9826421145577013,0.18551000867003042,10,10,instant_velocity,dbscan_kmeans_fallback,False
1780,424,11.9754647377,3.9140207153,0.0031148836199999864,-0.002219536137000011,0.0031190929239999932,-0.002209989745399996,0.0025935308179655925,-0.001839031033594439,0.8143961936167868,-0.580304756801066,11,11,instant_velocity,dbscan_kmeans_fallback,False
1780,425,12.4744775126,4.30279752903,-0.00860802299000003,0.006324484691999999,-0.006772767227999985,0.002410463976999999,-0.0059409880684496985,0.002659047251167145,-0.8058711013323228,0.5920894321521135,11,11,instant_velocity,dbscan_kmeans_fallback,False
1780,426,10.9789124436,5.34502487438,-0.022667092310000036,-0.00045345362000004386,-0.022439789987999992,-0.005952175405000002,-0.018009952562388607,-0.003697275374495076,-0.9997995204134172,-0.02000092052414512,2,2,instant_velocity,dbscan_kmeans_fallback,False
1790,51,12.0596507815,12.6728353648,-0.011933371719999997,0.023865979969999885,-0.011870232184000002,0.028066392445999996,-0.007625687055458178,0.026931278495665612,-0.4472248728342523,0.8944211332376072,-1,-1,instant_velocity,dbscan_kmeans_fallback,False
1790,62,13.1264984222,5.21662590214,0.037231277889999956,-0.028448248126000043,0.02991130137999999,-0.023961443891199998,0.027816644160187025,-0.023418622333605768,0.7945916739551676,-0.6071438419684703,0,0,instant_velocity,dbscan_kmeans_fallback,False
1790,63,11.9937752022,5.99036097281,0.021762092330000017,-0.02386597997100006,0.015035627431999998,-0.021259814958400014,0.013979993432342401,-0.020331530054540754,0.6737863480044624,-0.7389258000730008,0,0,instant_velocity,dbscan_kmeans_fallback,False
1790,64,11.375218245,7.40346564691,-0.016395232039999996,0.0027207217169999964,-0.010388557812000022,0.0001193298998000003,-0.011620192910823928,0.001043921788627193,-0.9865083901166322,0.16370703351100765,1,1,instant_velocity,dbscan_kmeans_fallback,False
1790,65,11.8325589283,7.86336308096,-0.019783720300000064,0.010119175508000034,-0.013612883290000006,0.010515350775400006,-0.014822829686383371,0.009083532151439321,-0.89029753444141,0.4553783044209488,1,1,instant_velocity,dbscan_kmeans_fallback,False
1790,66,11.5656891693,6.92853264548,-0.020457208649999892,-0.004630000115000055,-0.013865441421999983,0.002840051616599997,-0.014721208424806741,0.0008872123303709488,-0.9753315261357274,-0.22074297405045146,1,1,instant_velocity,dbscan_kmeans_fallback,False
1790,67,9.1221892465,3.61999184205,-0.03847302203900007,0.021145258254000023,-0.04416399860400002,0.020758629379000002,-0.04266924323952587,0.02061895943186745,-0.8763590242828045,0.48165797511042113,-1,-1,instant_velocity,dbscan_kmeans_fallback,False
1790,68,12.7649193639,9.80820178882,-0.014985115809999883,0.03928340303199995,-0.01732127852199998,0.0385674236336,-0.01710939078962175,0.03925021754408371,-0.3564108146128856,0.934329093810421,2,2,instant_velocity,dbscan_kmeans_fallback,False
1790,69,13.3037100445,9.55927961772,-0.007934534639999847,0.033364639999999925,-0.016929813419999995,0.03589920707279999,-0.015460557658586041,0.03494972290314531,-0.2313603123003053,0.9728678341477869,2,2,instant_velocity,dbscan_kmeans_fallback,False
1790,70,13.5164902704,8.68626207037,-0.02458232479999989,0.007971237310000134,-0.027886627024,0.006486773356200004,-0.021170019885216888,0.005377625325654052,-0.9512384447691578,0.3084552597584443,1,1,instant_velocity,dbscan_kmeans_fallback,False
1790,71,13.6543449172,9.44854147066,-0.012922557729999973,0.0017183505580000257,-0.02356367367400001,0.00520278363380001,-0.016051144525819815,0.0032764312754058043,-0.99127387864349,0.13181260692250701,1,1,instant_velocity,dbscan_kmeans_fallback,False
1790,72,5.87197655855,2.86391759656,0.017110813411999982,-0.02909262958500003,0.018074743614600007,-0.0279661553304,0.018635011712412705,-0.026267803717007085,0.5069649874440612,-0.8619663038304585,3,3,instant_velocity,dbscan_kmeans_fallback,False
1790,98,9.10493110751,10.7688074827,0.007724069522999954,0.017517629299999983,0.013633929801600005,0.02497813463859998,0.011460230223661216,0.02185433175887,0.40345213813606745,0.9150001790008562,4,4,instant_velocity,dbscan_kmeans_fallback,False
1790,99,9.53680551246,10.9604513018,0.005787790515000069,0.027445876959999893,0.012682627506000016,0.028281186265199983,0.010745364240836457,0.02603569645314845,0.20634191705000818,0.9784795860126188,4,4,instant_velocity,dbscan_kmeans_fallback,False
1790,103,5.25236727581,2.42096500829,0.017763255252000044,-0.032052011102,0.0195985110082,-0.029937485276200004,0.019742342668885023,-0.028040099021279033,0.48473716306701015,-0.8746595548936017,3,3,instant_velocity,dbscan_kmeans_fallback,False
1790,104,7.49066371668,7.72398575793,0.038262556930000004,0.006515412533000031,0.0396684638622,0.0074652785351999994,0.039742879001571016,0.007776681254063552,0.9858096753314031,0.16786532916651356,-1,-1,instant_velocity,dbscan_kmeans_fallback,False
1790,105,1.76054064202,4.78775424205,0.03601058025700001,0.004701598054000033,0.03601058025700001,0.004701598054000033,0.026439647827020456,0.007882789988604607,0.9915840058872117,0.12946276897469963,-1,-1,instant_velocity,dbscan_kmeans_fallback,False
1790,106,13.6179344532,5.58463931329,-0.03649465001000003,0.02386597997100006,-0.03649465001000003,0.02386597997100006,-0.02440835434485001,0.01567994884109401,-0.8369264222688876,0.5473149961870258,5,5,instant_velocity,dbscan_kmeans_fallback,False
1790,107,13.5996239887,6.26410376308,-0.04047244057999997,0.023317062431999956,-0.04047244057999997,0.023317062431999956,-0.026668623342300017,0.015799946988539988,-0.8664857053529472,0.4992014565618816,5,5,instant_velocity,dbscan_kmeans_fallback,False
1790,108,14.5010460532,6.72233057853,-0.03156976644,-0.007947371329999963,-0.03156976644,-0.007947371329999963,-0.009470929932000001,-0.002384211398999989,-0.9697438899209071,-0.24412327543972978,6,6,instant_velocity,dbscan_kmeans_fallback,False
1790,109,14.2651146653,7.27840791186,-0.031211975759999965,-0.009856649728000022,-0.031211975759999965,-0.009856649728000022,-0.015918107637599984,-0.00503190321708001,-0.9535803004407669,-0.3011378414887528,6,6,instant_velocity,dbscan_kmeans_fallback,False
1790,222,12.7219844815,7.64021616823,0.010060232240000033,-0.006252886751999931,0.013520278642,-0.007603701218799994,0.012742129479345679,-0.007128313403279846,0.8493137960113515,-0.5278867183855523,1,1,instant_velocity,dbscan_kmeans_fallback,False
1790,232,6.27270212728,9.02563630556,-0.0009681395040000318,0.00042958763900013963,-0.0009639302020000073,0.00043436083540001393,-0.001008665612008113,0.0004190371699575269,-0.9140468378485079,0.4055853741992033,7,7,instant_velocity,dbscan_kmeans_fallback,False
1790,233,7.04574047493,8.55643113933,-0.005387906807000053,-0.004152680514999929,-0.005392116108600007,-0.004143134123000003,-0.005439033976186209,-0.004026663761612128,-0.7920444047831136,-0.6104610722821509,7,7,instant_velocity,dbscan_kmeans_fallback,False
1790,236,11.0729903476,8.9938945522,-0.0424508126100001,-0.006921134191999911,-0.039638998748000025,-0.007532103278999998,-0.039459909318937086,-0.005957289248559122,-0.9869681611780471,-0.16091421263242212,8,8,instant_velocity,dbscan_kmeans_fallback,False
1790,237,11.1245542995,9.44066569726,-0.0320748827000001,-0.004558402175000076,-0.04043455686000001,-0.006462907376400011,-0.035740615799133825,-0.006162892796654785,-0.9900514476635653,-0.14070363762831645,8,8,instant_velocity,dbscan_kmeans_fallback,False
1790,238,12.6131740199,2.29352067525,-0.07115825355999998,0.04412819696699999,-0.07115825355999998,0.04412819696699999,-0.05223590381201998,0.02507295417657,-0.8498486723741933,0.5270265602436442,-1,-1,instant_velocity,dbscan_kmeans_fallback,False
1790,239,14.8011692995,1.80999592103,0.0,0.0,0.0,0.0,0.0,0.0,0.0,0.0,-1,-1,instant_velocity,dbscan_kmeans_fallback,False
1790,314,13.9271076993,9.71345384834,-0.02662383635999994,0.0021956701580000625,-0.02662383635999994,0.0021956701580000625,-0.018972040561709973,0.003282908741067011,-0.996616218107114,0.08219102835098242,1,1,instant_velocity,dbscan_kmeans_fallback,False
1790,320,6.85947885292,11.2509002781,-0.027171045652000014,-0.012911495160000008,-0.027171045652000014,-0.012911495160000008,-0.017688022394182816,-0.014305576265445022,-0.903209576583558,-0.4291990166990817,9,9,instant_velocity,dbscan_kmeans_fallback,False
1790,340,12.5588740216,8.29748525664,0.006861162579999913,-0.005727835192999997,0.008372302061999974,-0.006281525928399994,0.007638030852588764,-0.005377129441094109,0.7676588833262185,-0.6408569272140827,1,1,instant_velocity,dbscan_kmeans_fallback,False
1790,343,13.2313100468,7.8280414306,0.008902674129999965,-0.011909124006000037,0.004158790565999979,-0.007097742443600001,0.0054131482022741016,-0.007433406731055109,0.5987433484638675,-0.8009401086125026,1,1,instant_velocity,dbscan_kmeans_fallback,False
1790,345,6.34552305521,10.0158358146,-0.029149417682999966,-0.00565623724999984,-0.028290720035800004,-0.007116835225999978,-0.027838097329744925,-0.005764208087223219,-0.9816888434162573,-0.1904897402900308,9,9,instant_velocity,dbscan_kmeans_fallback,False
1790,346,6.71383699705,9.59412394848,-0.02561360384200002,-0.004152680514999929,-0.025613603841600004,-0.004735010426399988,-0.025790328443104683,-0.004641447888272399,-0.9871104363285641,-0.16003816957507164,9,9,instant_velocity,dbscan_kmeans_fallback,False
1790,347,11.5299101006,8.5817290781,0.024540231779999998,-0.00200474231700003,0.030403789735999994,-0.0043054227868000085,0.02635803884886165,-0.00478595582313469,0.9966794070881718,-0.08142080326643751,1,1,instant_velocity,dbscan_kmeans_fallback,False
1790,376,14.2769007114,8.77337289727,-0.0002946511600001145,-0.0005727835189999197,-0.00028623254999999404,-0.0005680103231999922,-0.00028598622429287064,-0.000567625685824454,-0.4574351742220909,-0.8892255126542478,1,1,instant_velocity,dbscan_kmeans_fallback,False
1790,413,0.420930219251,3.4128351359,-0.024645464337200003,0.0,-0.02671644101578,-0.00013364948779999607,-0.026846665852248063,-0.00033240239994146935,-0.9999995942459916,0.0,-1,-1,instant_velocity,dbscan_kmeans_fallback,False
1790,421,6.87379048037,4.42355938769,-0.04750197524199997,-9.546391999997184e-05,-0.042560254468400005,-0.0029689279083999942,-0.04188570735595623,-0.0027028975384595024,-0.9999977700762358,-0.002009678684651866,10,10,instant_velocity,dbscan_kmeans_fallback,False
1790,422,7.09078000839,5.21137538654,-0.04423976604399993,-0.008854278569999962,-0.041844673095800006,-0.0028639175965999896,-0.040250034433040836,-0.003124008927016845,-0.9805534878068046,-0.19625089620029826,10,10,instant_velocity,dbscan_kmeans_fallback,False
1790,423,8.3655671774,5.49132333161,-0.03843092901699983,0.007279123892000072,-0.040459812673999986,0.00013842268380001243,-0.036255518587306586,0.0004212077188815327,-0.9825307116648487,0.1860991383981319,10,10,instant_velocity,dbscan_kmeans_fallback,False
1790,424,12.108478687,3.86366349756,0.013301394930000043,-0.0050357217739999795,0.005156395186000005,-0.0027732268725999985,0.005805890051575928,-0.002798038255716101,0.9352213182631648,-0.35406168906878466,-1,-1,instant_velocity,dbscan_kmeans_fallback,False
1790,425,12.354301935,4.43907227467,-0.012017557759999953,0.013627474563999976,-0.00791348812199999,0.004849567130200008,-0.007763958975914776,0.005949575445016995,-0.6614143950564454,0.7500199312455957,-1,-1,instant_velocity,dbscan_kmeans_fallback,False
1790,426,10.7118322195,5.39084755593,-0.026708022410000077,0.00458226815499998,-0.022473464406000013,-0.003169402140200006,-0.02061937351667205,-0.0012134123156465587,-0.9855988358406623,0.1690981866701866,10,10,instant_velocity,dbscan_kmeans_fallback,False
1800,51,12.0703845021,12.7334549539,0.001073372059999933,0.006061958910000165,-0.009298348543999992,0.02240538199600003,-0.005015969320820744,0.02067048261996598,0.17435443266769424,0.9846813104190721,-1,-1,instant_velocity,dbscan_kmeans_fallback,False
1800,62,13.485130969,4.90135630672,0.03586325468000009,-0.03152695954199993,0.032348487348,-0.0262382583804,0.030230627316130944,-0.025851123496124017,0.7510529330772615,-0.6602416776253155,0,0,instant_velocity,dbscan_kmeans_fallback,False
1800,63,12.3098937969,5.6667382844,0.03161185947000007,-0.03236226884099995,0.019939464486000025,-0.024114186163000005,0.019269553243639704,-0.02394075169047851,0.6987642733170903,-0.7153516954937164,0,0,instant_velocity,dbscan_kmeans_fallback,False
1800,64,11.179275228,7.44451513246,-0.019594301699999938,0.004104948555000032,-0.012526883324000017,0.00105010311880001,-0.014012425547576732,0.001962229818539045,-0.9787519016553736,0.20504564367322017,1,1,instant_velocity,dbscan_kmeans_fallback,False
1800,65,11.6349321903,7.96479349584,-0.019762673799999853,0.010143041488000026,-0.015662813458000004,0.010386474483600007,-0.016304782920468316,0.009401384952407534,-0.8896646226568775,0.45661357715749296,1,1,instant_velocity,dbscan_kmeans_fallback,False
1800,66,11.3611170827,6.88199398454,-0.02045720866000007,-0.004653866093999958,-0.015991139029999994,0.000424814443599999,-0.01644200849536474,-0.0007751111969403235,-0.9750860109685346,-0.22182497136342547,1,1,instant_velocity,dbscan_kmeans_fallback,False
1800,67,8.78670786176,3.84576401258,-0.033548138473999956,0.022577217052999997,-0.041886766116799985,0.020114247919800005,-0.03993291180986809,0.021206436718207215,-0.8296248933410455,0.5583207337733246,-1,-1,instant_velocity,dbscan_kmeans_fallback,False
1800,68,12.7137763423,10.163088911,-0.0051143021600001505,0.035488712217999915,-0.014568394888,0.03874880508159997,-0.013510864200735268,0.03812176594625857,-0.14263710724464418,0.9897747712687001,2,2,instant_velocity,dbscan_kmeans_fallback,False
1800,69,13.2359402792,9.89149405892,-0.006776976530000134,0.033221444119999964,-0.014252697223999996,0.03458657817439999,-0.01285548332001027,0.034431239268201706,-0.19987755685890735,0.9798205817351672,2,2,instant_velocity,dbscan_kmeans_fallback,False
1800,70,13.2593019064,8.77480485606,-0.0257188364000001,0.008854278568999873,-0.025723045698,0.00674929913579998,-0.02253466483965185,0.006420621298657798,-0.945534376262704,0.32552113298545227,1,1,instant_velocity,dbscan_kmeans_fallback,False
1800,71,13.3946309719,9.42467549068,-0.02597139452999997,-0.0023865979980000063,-0.02209462720800001,0.003135989768199998,-0.01902721952707386,0.0015775224933840606,-0.9958039794587654,-0.091507746379637,1,1,instant_velocity,dbscan_kmeans_fallback,False
1800,72,6.07233934292,2.53432841316,0.02003627843700002,-0.03295891834,0.01812104593880001,-0.0293647017566,0.0190553917297889,-0.02827513810390496,0.5194610920179825,-0.8544938006556958,3,3,instant_velocity,dbscan_kmeans_fallback,False
1800,98,9.18238226785,10.9442224355,0.007745116034000077,0.017541495280000062,0.011790255441200017,0.022653588189599994,0.010345695966762875,0.020560480815209017,0.4039115513744371,0.914797472480594,4,4,instant_velocity,dbscan_kmeans_fallback,False
1800,99,9.59468341761,11.2349100715,0.005787790514999891,0.02744587697000007,0.010712674080000007,0.0280425264662,0.009258092123085487,0.026458750608203935,0.20634191697802046,0.9784795860277996,4,4,instant_velocity,dbscan_kmeans_fallback,False
1800,103,5.42999982834,2.10020623748,0.017763255252999953,-0.032075877080999994,0.018941859866400002,-0.0307011966352,0.019148616444119502,-0.029250832439195323,0.4844611694191425,-0.8748124541069989,3,3,instant_velocity,dbscan_kmeans_fallback,False
1800,104,7.77584394022,7.76933111987,0.028518022353999938,0.004534536193999994,0.03708395231599999,0.006634742432000014,0.03637542200729969,0.006804037736044485,0.9875929748113145,0.15703319233123145,-1,-1,instant_velocity,dbscan_kmeans_fallback,False
1800,105,2.13390574649,4.77248001487,0.037336510446999996,-0.0015274227179999933,0.03506769656574,0.009078618781200002,0.029708706613014314,0.005059726176623226,0.9991639827058327,-0.04087542590137445,-1,-1,instant_velocity,dbscan_kmeans_fallback,False
1800,106,13.258460046,5.82329911301,-0.03594744072000004,0.023865979971999973,-0.03594744072000004,0.023865979971999973,-0.02787008025739502,0.0181357581803658,-0.8331073289126312,0.5531109427574077,-1,-1,instant_velocity,dbscan_kmeans_fallback,False
1800,107,13.2136309776,6.37531922975,-0.038599301110000005,0.011121546667000003,-0.038599301110000005,0.011121546667000003,-0.030247826672610015,0.014396426892077992,-0.9609086084503614,0.2768648556912363,-1,-1,instant_velocity,dbscan_kmeans_fallback,False
1800,108,14.1853483888,6.64261820542,-0.03156976644,-0.007971237311000046,-0.03156976644,-0.007971237311000046,-0.0161005808844,-0.004060319172600007,-0.9695701233586907,-0.24481250305213575,1,1,instant_velocity,dbscan_kmeans_fallback,False
1800,109,13.9532053728,7.17960275478,-0.03119092925000011,-0.009880515707999925,-0.03119092925000011,-0.009880515707999925,-0.020499954121320024,-0.006486486964355985,-0.9533121260115396,-0.3019857266895563,1,1,instant_velocity,dbscan_kmeans_fallback,False
1800,222,12.813115874,7.58460843489,0.009113139249999947,-0.005560773334000046,0.012122790313999978,-0.007732577510800009,0.01165343241054196,-0.0066580513824959055,0.8536295764779274,-0.5208787505350847,5,5,instant_velocity,dbscan_kmeans_fallback,False
1800,232,6.26323119735,9.03017084176,-0.0009470929929999983,0.00045345361999995506,-0.0009597208998000006,0.0004391340316000125,-0.0009901938263056785,0.00042936210497025533,-0.9019416560999349,0.4318358514001494,-1,-1,instant_velocity,dbscan_kmeans_fallback,False
1800,233,6.91314745587,8.43853319827,-0.013259301905999976,-0.011789794106000073,-0.006966395128600009,-0.005670556841200032,-0.007785114355130339,-0.006355602864928512,-0.747303997434341,-0.6644814581342939,-1,-1,instant_velocity,dbscan_kmeans_fallback,False
1800,236,10.6600578025,8.90201052931,-0.041293254509999856,-0.009188402289000131,-0.04070816150399999,-0.007579835239000019,-0.04000991287625592,-0.006926623160691425,-0.9761261023974955,-0.2172034977637793,1,1,instant_velocity,dbscan_kmeans_fallback,False
1800,237,10.7939136123,9.41942497509,-0.033064068719999895,-0.0021240722170000836,-0.03907074294999997,-0.005379391885600029,-0.034937651675393644,-0.004951246622758374,-0.9979426041080977,-0.06410893279642114,1,1,instant_velocity,dbscan_kmeans_fallback,False
1800,238,11.9186391581,2.7469742947,-0.0694534861800001,0.04534536194500003,-0.0694534861800001,0.04534536194500003,-0.05740117852241402,0.03115467650709901,-0.8373367228572485,0.5466872702314517,-1,-1,instant_velocity,dbscan_kmeans_fallback,False
1800,239,14.1144216468,1.84770416938,-0.06867476526999994,0.0037708248349999974,-0.06867476526999994,0.0037708248349999974,-0.020602429580999983,0.0011312474504999994,-0.998495786099145,0.05482585478177499,-1,-1,instant_velocity,dbscan_kmeans_fallback,False
1800,314,13.6783379397,9.71345384834,-0.024876975960000002,0.0,-0.024876975960000002,0.0,-0.020743521181196982,0.0022980361187469075,-0.9999995980220426,0.0,1,1,instant_velocity,dbscan_kmeans_fallback,False
1800,320,6.58755793128,11.1215466666,-0.02719209216399996,-0.012935361149999913,-0.023079603921600002,-0.019130969546000003,-0.020539243325127958,-0.01389451173081149,-0.9030310053654933,-0.4295746025572415,6,6,instant_velocity,dbscan_kmeans_fallback,False
1800,340,12.6481112281,8.24116154391,0.00892372065,-0.005632371273000025,0.007412581161999974,-0.005746927976999991,0.008023737791812134,-0.0054537019906658836,0.8456447770454883,-0.533744335597677,5,5,instant_velocity,dbscan_kmeans_fallback,False
1800,343,13.3599042288,7.66885534419,0.01285941820000005,-0.01591860864100001,0.0061371625960000035,-0.009102484761199996,0.007647029201591887,-0.00997896730403858,0.6283983249436573,-0.7778911028368295,5,5,instant_velocity,dbscan_kmeans_fallback,False
1800,345,6.05613352947,9.93612344147,-0.028938952573999987,-0.007971237313000045,-0.02864009211799999,-0.006725433156600005,-0.028168353903021442,-0.006426316854956267,-0.9640940446772691,-0.265559798770227,6,6,instant_velocity,dbscan_kmeans_fallback,False
1800,346,6.35773003157,9.48386312101,-0.035610696547999955,-0.011026082747000033,-0.0274951619214,-0.006061958912800023,-0.028736438874573264,-0.00655683834589069,-0.9552574109032652,-0.29577481707237135,6,6,instant_velocity,dbscan_kmeans_fallback,False
1800,347,11.7492147448,8.54235021114,0.021930464419999927,-0.003937886695999993,0.025950348016000005,-0.0031837217281999843,0.025029766520203132,-0.004531535084994281,0.9842578897909915,-0.17673570314846007,5,5,instant_velocity,dbscan_kmeans_fallback,False
1800,376,14.274164665,8.76788372187,-0.00027360463999990257,-0.0005489175400001045,-0.00028202324799998736,-0.0005632371273999936,-0.00028227174900498017,-0.0005620132420771491,-0.4460918810809745,-0.894968952197137,5,5,instant_velocity,dbscan_kmeans_fallback,False
1800,421,6.41076723919,4.43549237767,-0.04630232411800002,0.0011932989980000031,-0.045359440426600006,-0.0018806392217999956,-0.043210692384569364,-0.0015340385775216504,-0.9996678540233706,0.025763342796763865,1,1,instant_velocity,dbscan_kmeans_fallback,False
1800,422,6.64122653423,5.10302383747,-0.044955347416000005,-0.010835154906999999,-0.04260655679260001,-0.004596587742599994,-0.041661628327928586,-0.005437352721011791,-0.9721615317809583,-0.2343107415898673,-1,-1,instant_velocity,dbscan_kmeans_fallback,False
1800,423,7.96147416691,5.54645374534,-0.04040930104900005,0.005513041372999972,-0.04126378939379999,0.003274412451999993,-0.03750165332581462,0.0019487578151170647,-0.9908211187457725,0.13517773579562403,1,1,instant_velocity,dbscan_kmeans_fallback,False
1800,424,12.2549624033,3.82237535221,0.014648371630000056,-0.004128814535000025,0.007458883486000012,-0.0031598557482,0.008458634525103167,-0.0031972711395012784,0.9624967094166308,-0.2712909328153812,-1,-1,instant_velocity,dbscan_kmeans_fallback,False
1800,425,12.2341263574,4.57534702031,-0.01201755776000013,0.013627474563999976,-0.00905420901600003,0.0072886702833999985,-0.009040038611140382,0.00825294518071189,-0.6614143950564508,0.7500199312455909,-1,-1,instant_velocity,dbscan_kmeans_fallback,False
1800,426,10.4447519954,5.43690889727,-0.0267080224099999,0.0046061341340000615,-0.022667092306,-0.0004582268153999891,-0.022445968184670404,0.0005324516192474275,-0.9854517031272357,0.16995353147087885,1,1,instant_velocity,dbscan_kmeans_fallback,False
1810,51,12.0811182227,12.794074543,0.0010733720600001107,0.006061958909999987,-0.006726464903999982,0.016744371547999997,-0.0031891669065744876,0.01628792550697618,0.1743544326677272,0.9846813104190664,-1,-1,instant_velocity,dbscan_kmeans_fallback,False
1810,62,13.8376600277,4.57319908211,0.035252905870000004,-0.032815722460999994,0.03466360355599999,-0.028777598649399997,0.03173731088229166,-0.02794050318558681,0.7319554166604132,-0.6813522237153872,0,0,instant_velocity,dbscan_kmeans_fallback,False
1810,63,12.6918879709,5.28679188325,0.0381994173999999,-0.03799464011499998,0.02593351080799998,-0.027975701722399986,0.02494851249054776,-0.028156918217834954,0.7090044918900897,-0.7052037005486489,0,0,instant_velocity,dbscan_kmeans_fallback,False
1810,64,10.9833322109,7.48580327781,-0.01959430170999994,0.0041288145349999365,-0.014669418141999983,0.0019808763376000017,-0.015686988396303694,0.0026122052334773124,-0.978512047950289,0.20618722861595257,1,1,instant_velocity,dbscan_kmeans_fallback,False
1810,65,11.3731135939,7.9951032904,-0.026181859640000128,0.0030309794559999935,-0.019000790098000025,0.008839958981400003,-0.01926790593632786,0.007490263303485271,-0.9933653043856128,0.11499831835077234,1,1,instant_velocity,dbscan_kmeans_fallback,False
1810,66,11.1437066245,6.84452439598,-0.02174104581999998,-0.003746958856000049,-0.018373604069999983,-0.001809041281799999,-0.018031719692755313,-0.0016666654946582414,-0.985471030772965,-0.1698409283830055,1,1,instant_velocity,dbscan_kmeans_fallback,False
1810,67,8.4510160119,4.07129752331,-0.03356918498599999,0.022553351073000005,-0.03944116154399999,0.020835000515000007,-0.03802379376270766,0.021610511024645052,-0.8300602121650273,0.557673335962555,-1,-1,instant_velocity,dbscan_kmeans_fallback,False
1810,68,12.6626333206,10.5177373734,-0.0051143021699999736,0.035464846240000014,-0.012017557760000025,0.03813783599479997,-0.010991895591514679,0.037324690034381006,-0.14273113994312894,0.9897612154080092,2,2,instant_velocity,dbscan_kmeans_fallback,False
1810,69,13.175957723,10.2291976755,-0.0059982556199999594,0.03377036165800007,-0.01155032521599999,0.033818093619000004,-0.010798315010007175,0.03423297598514122,-0.17488167667443802,0.9845891610489995,2,2,instant_velocity,dbscan_kmeans_fallback,False
1810,70,12.9979042403,8.85523320857,-0.026139766609999882,0.008042835251000113,-0.023639441111999986,0.0068543094478000196,-0.02361619537075626,0.006907285484360493,-0.9557804049678617,0.294080067660203,1,1,instant_velocity,dbscan_kmeans_fallback,False
1810,71,13.1351274917,9.40080951071,-0.025950348019999937,-0.002386597997000095,-0.020617162140000006,0.0010644227065999701,-0.021104158074951685,0.0003882863462688136,-0.9957972136775293,-0.09158133963172463,1,1,instant_velocity,dbscan_kmeans_fallback,False
1810,72,6.27291259239,2.20473922975,0.020057324946999966,-0.032958918340999996,0.018280999421999997,-0.0306343718912,0.01935597169495222,-0.029680272175033467,0.5198593362349344,-0.8542515742776778,3,3,instant_velocity,dbscan_kmeans_fallback,False
1810,98,9.25962296308,11.1196373882,0.007724069522999954,0.017541495269999884,0.009946581080799995,0.020329041737999987,0.009559208033633998,0.01965478515164628,0.4029924203368963,0.9152027456686984,4,4,instant_velocity,dbscan_kmeans_fallback,False
1810,99,9.65256132276,11.5093688412,0.005787790515000069,0.02744587697000007,0.008742720653999995,0.02780386666600002,0.008217001640659862,0.026754888516742778,0.20634191697802656,0.9784795860277984,4,4,instant_velocity,dbscan_kmeans_fallback,False
1810,103,5.619418427,1.77395829127,0.018941859866000055,-0.03262479462100001,0.018520929647000008,-0.031569918306,0.019086589470683667,-0.030263021093736728,0.5021042747537039,-0.8648067802237905,3,3,instant_velocity,dbscan_kmeans_fallback,False
1810,104,7.96378928312,7.79486771844,0.018794534289999998,0.002553659856999957,0.0325505338546,0.005412804257400001,0.031101155692109785,0.005528924372331126,0.9908946858286972,0.1346353116640768,-1,-1,instant_velocity,dbscan_kmeans_fallback,False
1810,105,2.50727085097,4.75696712789,0.037336510447999995,-0.0015512886979999862,0.035736975614439996,0.005952175404800002,0.03199704776351002,0.003076421714236262,0.9991376955199813,-0.041513012228729176,-1,-1,instant_velocity,dbscan_kmeans_fallback,False
1810,106,12.8962495923,6.00563519999,-0.03622104536999995,0.018233608698000038,-0.03681455697600001,0.022739505716800005,-0.0303753697911765,0.018165113335656072,-0.8932095557782973,0.44964007413394913,5,5,instant_velocity,dbscan_kmeans_fallback,False
1810,107,12.8278484317,6.48677335621,-0.03857825458999997,0.011145412645999997,-0.03980737083400001,0.018983000469199995,-0.032746955047827,0.013421122618254594,-0.9607100687732484,0.27755299620062196,5,5,instant_velocity,dbscan_kmeans_fallback,False
1810,108,13.8696507243,6.56314449212,-0.03156976645,-0.007947371329999963,-0.03156976645,-0.007947371329999963,-0.020741336554080003,-0.005226434819819993,-0.9697438899392135,-0.24412327536701,1,1,instant_velocity,dbscan_kmeans_fallback,False
1810,109,13.6288786389,7.11731254705,-0.03243267338999996,-0.006229020773000027,-0.03243267338999996,-0.006229020773000027,-0.024079769901924005,-0.006409247106949198,-0.9820512229953066,-0.1886128039655831,1,1,instant_velocity,dbscan_kmeans_fallback,False
1810,222,12.9042472665,7.52900070156,0.009113139250000124,-0.005560773332999957,0.01118411592600001,-0.007054783679599996,0.01089134446237941,-0.0063288679676471215,0.8536295765195848,-0.5208787504668152,6,6,instant_velocity,dbscan_kmeans_fallback,False
1810,232,6.2535498023,9.03446671815,-0.000968139504999943,0.000429587638999962,-0.0009597209000000007,0.00043913403139999473,-0.000983577529913958,0.00042942976517916737,-0.914046838003875,0.4055853738490802,-1,-1,instant_velocity,dbscan_kmeans_fallback,False
1810,233,6.74709048438,8.28770020485,-0.016605697148999975,-0.015083299341999989,-0.009205743895000005,-0.007861453802600026,-0.01043128919329123,-0.008973911808049954,-0.7402234316468905,-0.6723603049791195,-1,-1,instant_velocity,dbscan_kmeans_fallback,False
1810,236,10.2471252574,8.81012650642,-0.04129325451000003,-0.009188402288999952,-0.04177732426199999,-0.0076275671988000225,-0.04039491536637915,-0.007605156899183983,-0.9761261023974965,-0.2172034977637744,1,1,instant_velocity,dbscan_kmeans_fallback,False
1810,237,10.4590636228,9.4086852841,-0.03348499895000003,-0.0010739690989998607,-0.03655358023999998,-0.0040858557712000025,-0.03450185585777556,-0.00378806336563082,-0.9994857549564737,-0.032056647734008625,1,1,instant_velocity,dbscan_kmeans_fallback,False
1810,238,11.4162589414,3.25269441029,-0.05023802166999989,0.050572011559,-0.07277883490799997,0.041269052566400004,-0.05525223146668978,0.036979877022669305,-0.7047601258750008,0.7094454766987028,-1,-1,instant_velocity,dbscan_kmeans_fallback,False
1810,239,13.4276739941,1.88541241774,-0.06867476527000012,0.0037708248359999974,-0.06867476527000012,0.0037708248359999974,-0.035024130287700024,0.001923120666149999,-0.9984957860983492,0.05482585479627063,-1,-1,instant_velocity,dbscan_kmeans_fallback,False
1810,314,13.3801088793,9.73946776651,-0.029822906040000062,0.0026013918169999427,-0.02857274328399999,0.003899701127399986,-0.023467336638837905,0.002389042828222818,-0.9962168800648216,0.08689798493419507,1,1,instant_velocity,dbscan_kmeans_fallback,False
1810,320,6.31311142833,11.1733358432,-0.027444650295000005,0.005178917659999982,-0.024712813172200008,-0.013126288984,-0.022610865416089573,-0.008172482913568046,-0.9826568542371246,0.18543136390613177,-1,-1,instant_velocity,dbscan_kmeans_fallback,False
1810,340,12.7857554098,8.18603113017,0.01376441817000007,-0.005513041373999883,0.008658534610000004,-0.005656237253199982,0.009745941905268516,-0.005471503805666083,0.928306801513534,-0.3718133045146785,6,6,instant_velocity,dbscan_kmeans_fallback,False
1810,343,13.6050960815,7.61229297166,0.024519185269999966,-0.005656237253000018,0.010447488041999974,-0.009054752801199993,0.01270867602211431,-0.008682148288727012,0.9744085356996763,-0.2247825854968025,6,6,instant_velocity,dbscan_kmeans_fallback,False
1810,345,5.76674400374,9.85664972817,-0.028938952572999988,-0.007947371330000053,-0.028989464199799996,-0.006324484692600016,-0.028399533504015008,-0.006882633197469403,-0.9642973667506215,-0.26482054686590817,7,7,instant_velocity,dbscan_kmeans_fallback,False
1810,346,6.00141260097,9.37384095335,-0.035631743059999985,-0.01100221676600004,-0.0295703479024,-0.007116835227399996,-0.030805030130201277,-0.007890451871923495,-0.9554873158639556,-0.29503127446212546,7,7,instant_velocity,dbscan_kmeans_fallback,False
1810,347,11.9070635771,8.45714866265,0.01578488323000009,-0.008520154848999973,0.02251555742800001,-0.003823329991399973,0.02225630153314222,-0.005728121014195989,0.879990714533267,-0.47498971289542585,6,6,instant_velocity,dbscan_kmeans_fallback,False
1810,376,14.2712181535,8.76215588668,-0.00029465115000011367,-0.0005727835189999197,-0.0002862325479999939,-0.0005632371273999936,-0.0002859855693035202,-0.0005652443251539802,-0.45743516194598743,-0.8892255189691939,6,6,instant_velocity,dbscan_kmeans_fallback,False
1810,421,6.00520097295,4.45506248125,-0.04055662662400002,0.0019570103579999555,-0.0470052775836,-0.0006348350672000081,-0.042414472656398555,-0.0004867238968651684,-0.9988375697292726,0.04819768389619822,8,8,instant_velocity,dbscan_kmeans_fallback,False
1810,422,6.2032486411,5.12187796165,-0.043797789313000025,0.0018854124179999766,-0.0431243009624,-0.0039140207153999995,-0.04230247662345002,-0.003240523179308261,-0.9990744876665623,0.043008276789769206,8,8,instant_velocity,dbscan_kmeans_fallback,False
1810,423,7.54896255205,5.59418570528,-0.041251161486000054,0.0047731959940000126,-0.040607138251200006,0.004596587742400011,-0.03862650577387025,0.0027960892687819493,-0.9933717736599585,0.11494362824657933,8,8,instant_velocity,dbscan_kmeans_fallback,False
1810,424,12.5243577436,3.86056092016,0.026939534029999913,0.0038185567950000275,0.012223813567999998,-0.0019522371617999924,0.014002904376572192,-0.001092522759150886,0.9901026366029202,0.14034255924906716,-1,-1,instant_velocity,dbscan_kmeans_fallback,False
1810,425,11.9889345047,4.71018980714,-0.024519185269999966,0.013484278683000017,-0.012695255412,0.009699134260199997,-0.013683782608798257,0.009822345231398327,-0.8762348081220448,0.48188364394469596,5,5,instant_velocity,dbscan_kmeans_fallback,False
1810,426,10.0526554962,5.47986766122,-0.03920964992000009,0.004295876394999976,-0.02678378985000002,0.0015035567382000003,-0.02747507270526931,0.0016614790519731922,-0.9940513625865164,0.10890996968006003,8,8,instant_velocity,dbscan_kmeans_fallback,False
1820,51,12.0918519433,12.854932792,0.001073372059999933,0.006085824899999892,-0.004125116147999997,0.013188340531999998,-0.0019104052166021611,0.013227295324883296,0.17369135765762964,0.9847984950788223,-1,-1,instant_velocity,dbscan_kmeans_fallback,False
1820,62,14.1901890863,4.2450418575,0.03525290586,-0.032815722460999994,0.036166324438000004,-0.030810980142999985,0.032791989375604166,-0.029403068968210766,0.7319554165640229,-0.6813522238189362,0,0,instant_velocity,dbscan_kmeans_fallback,False
1820,63,13.0738821448,4.90660682231,0.03819941739000008,-0.03801850609400006,0.03030276648400001,-0.031221474998400004,0.02892378396038346,-0.031115394580684484,0.7087830457036368,-0.7054262704399739,0,0,instant_velocity,dbscan_kmeans_fallback,False
1820,64,10.7899147752,7.45668678225,-0.01934174357000007,-0.00291164955599994,-0.016761441330000012,0.0015035567382000003,-0.016783414948412605,0.0009550487966341364,-0.9888577998349346,-0.14885976351698962,1,1,instant_velocity,dbscan_kmeans_fallback,False
1820,65,11.0837240682,7.9951032904,-0.0289389525699999,0.0,-0.022885976019999994,0.006682474391999999,-0.022169219926429472,0.005243184312439689,-0.9999996544451109,0.0,1,1,instant_velocity,dbscan_kmeans_fallback,False
1820,66,10.897041516,6.8280568698,-0.024666510850000024,-0.001646752617999958,-0.02134537141799999,-0.0036228557595999965,-0.020022157039928726,-0.0016606916316607564,-0.9977785250413395,-0.06661235584910302,1,1,instant_velocity,dbscan_kmeans_fallback,False
1820,67,8.11532416205,4.29706969384,-0.033569184985000076,0.022577217052999997,-0.03699134766780002,0.021560526306000007,-0.036687411129395386,0.021900522833151536,-0.8297870296146644,0.5580797354402727,-1,-1,instant_velocity,dbscan_kmeans_fallback,False
1820,68,12.611490299,10.8726244955,-0.005114302159999973,0.03548871221000009,-0.009550906674000003,0.03718796999040002,-0.009228617562060268,0.03677389668706673,-0.14263710727613824,0.9897747712641615,2,2,instant_velocity,dbscan_kmeans_fallback,False
1820,69,13.1833240018,10.6127239737,0.000736627880000107,0.03835262981999996,-0.007698813709999967,0.03461521735119998,-0.00733783214300499,0.03546887213559884,0.01920316439463573,0.9998153414991038,2,2,instant_velocity,dbscan_kmeans_fallback,False
1820,70,12.6984123893,8.86430228096,-0.029949185100000088,0.0009069072389999988,-0.02528948757200002,0.006066732108800004,-0.025516092289529408,0.005107172010752344,-0.9995414958574435,0.030267648860803232,1,1,instant_velocity,dbscan_kmeans_fallback,False
1820,71,12.8636275003,9.37455693274,-0.027149999140000068,-0.0026252577970000248,-0.020692929578000018,-0.0007016598112000238,-0.022917910394466202,-0.000515776896711838,-0.9953572430464406,-0.09624565178192894,1,1,instant_velocity,dbscan_kmeans_fallback,False
1820,72,6.47327537675,1.87515004635,0.020036278436000022,-0.03295891834,0.018866092426800006,-0.0314076296422,0.01956006371726656,-0.03066386602452343,0.5194610919990524,-0.8544938006672037,3,3,instant_velocity,dbscan_kmeans_fallback,False
1820,98,9.33686365832,11.295052341,0.007724069524000043,0.017541495280000062,0.0080986974184,0.017999722093999998,0.009008666480743811,0.019020798190152413,0.40299242018817055,0.9152027457341871,4,4,instant_velocity,dbscan_kmeans_fallback,False
1820,99,9.65445550874,11.7597229711,0.0001894185979999463,0.025035412989999985,0.005653092844400014,0.027083114072,0.005808726727861886,0.026239045858719938,0.007565806924841176,0.9999709794391695,4,4,instant_velocity,dbscan_kmeans_fallback,False
1820,103,5.80883702566,1.44794900486,0.018941859865999965,-0.03260092864099999,0.018230487795600006,-0.032285897705199997,0.019043170589278555,-0.030964393357915704,0.502379102937505,-0.8646471572199319,3,3,instant_velocity,dbscan_kmeans_fallback,False
1820,104,8.15173462602,7.82040431701,0.018794534289999998,0.002553659857000046,0.028526440958799987,0.004534536194600012,0.027409169271476845,0.004636345017731802,0.9908946858286967,0.1346353116640814,-1,-1,instant_velocity,dbscan_kmeans_fallback,False
1820,105,2.96671618528,4.60350887667,0.04594453343100002,-0.015345825122,0.0381278592598,7.15979398000144e-05,0.03618129346375702,-0.0024502523366346173,0.9484910557940586,-0.31680325786431557,-1,-1,instant_velocity,dbscan_kmeans_fallback,False
1820,106,12.5279356505,6.05694705693,-0.03683139418000003,0.005131185693999995,-0.03663776628200001,0.01899254686120001,-0.03231217710782356,0.01425493504315925,-0.9904343400561243,0.13798289827708898,1,1,instant_velocity,dbscan_kmeans_fallback,False
1820,107,12.4410135602,6.59130634849,-0.03868348714999996,0.010453299228000024,-0.03940327782400001,0.016138175656799997,-0.03452791467847889,0.012530775601178223,-0.965373819926572,0.26086948592404446,1,1,instant_velocity,dbscan_kmeans_fallback,False
1820,108,13.5276449212,6.54071047095,-0.03420058030999993,-0.0022434021170000483,-0.03420058030999993,-0.0022434021170000483,-0.024779109680855983,-0.00433152500897401,-0.9978552458384067,-0.06545475400366065,1,1,instant_velocity,dbscan_kmeans_fallback,False
1820,109,13.3013949283,7.06433007152,-0.03274837105999993,-0.005298247553000035,-0.031759185043999986,-0.008228989894000005,-0.026680350249346785,-0.006075947240764449,-0.987163694132069,-0.15970985601888807,1,1,instant_velocity,dbscan_kmeans_fallback,False
1820,222,13.0090588911,7.46098265864,0.010481162459999993,-0.006801804292000035,0.01051483687800001,-0.006625196039999999,0.010768289861665585,-0.0064707488649529965,0.8388432150513766,-0.544371619295706,5,5,instant_velocity,dbscan_kmeans_fallback,False
1820,232,6.24386840726,9.03876259455,-0.0009681395040000318,0.0004295876400000509,-0.0009639302020000073,0.00043436083559999616,-0.0009789461221397801,0.0004294771276254324,-0.9140468374985249,0.4055853749879505,6,6,instant_velocity,dbscan_kmeans_fallback,False
1820,233,6.53915095607,8.28602958625,-0.020793952830999985,-0.00016706185999986188,-0.012286953099799991,-0.007064330071599976,-0.013540088284603857,-0.006331856823634926,-0.9999672468535737,-0.008033892812782018,6,6,instant_velocity,dbscan_kmeans_fallback,False
1820,236,9.98783224239,8.77599815506,-0.02592930150099999,-0.00341283513599997,-0.0387887197042,-0.006935453779800014,-0.036055231206765403,-0.006347460370228779,-0.9914485500301891,-0.13049524095158366,1,1,instant_velocity,dbscan_kmeans_fallback,False
1820,237,10.2128194446,9.42300487209,-0.024624417820000133,0.0014319587990000216,-0.03172971992600001,-0.002291134077199999,-0.031538624446442926,-0.0022220567162415674,-0.9983130448265977,0.05805388615258404,1,1,instant_velocity,dbscan_kmeans_fallback,False
1820,238,10.9351357008,3.76390370128,-0.04811232406000006,0.05112092909899997,-0.065096858408,0.044863269150199996,-0.053110259244682864,0.041222192645568506,-0.6853533344825258,0.7282104929321589,-1,-1,instant_velocity,dbscan_kmeans_fallback,False
1820,239,12.768918201,2.02025520457,-0.06587557930999992,0.013484278683000017,-0.06587557930999992,0.013484278683000017,-0.044279564994389994,0.0053914680712050045,-0.979686371924595,0.2005350723187205,-1,-1,instant_velocity,dbscan_kmeans_fallback,False
1820,240,1.01212671219,13.5802199233,0.0,0.0,0.0,0.0,0.0,0.0,0.0,0.0,7,7,instant_velocity,dbscan_kmeans_fallback,False
1820,241,1.91712668358,13.5835611605,0.0,0.0,0.0,0.0,0.0,0.0,0.0,0.0,7,7,instant_velocity,dbscan_kmeans_fallback,False
1820,314,13.0324205182,9.79125694304,-0.034768836109999944,0.005178917653000071,-0.029372510699999986,0.0034653402918000255,-0.026857786480186517,0.003226005275655994,-0.9890874908303465,0.1473274126984527,1,1,instant_velocity,dbscan_kmeans_fallback,False
1820,320,6.03845446027,11.2253636795,-0.02746569680600004,0.0052027836299998855,-0.026346022422800014,-0.0071120620320000326,-0.024067314833062712,-0.004159902950497667,-0.9825269350817266,0.1861185277760894,-1,-1,instant_velocity,dbscan_kmeans_fallback,False
1820,340,12.9233995914,8.13090071644,0.01376441816000007,-0.00551304137300015,0.010034976426000028,-0.005618051685200029,0.010951484781687983,-0.005483965075866303,0.9283068014435695,-0.37181330468935764,5,5,instant_velocity,dbscan_kmeans_fallback,False
1820,343,13.8797530496,7.5810285379,0.02746569681000004,-0.0031264433759999656,0.015347115793999997,-0.008501062065800013,0.01713578225848003,-0.007015436814908897,0.9935831990386605,-0.11310041149250095,5,5,instant_velocity,dbscan_kmeans_fallback,False
1820,345,5.56322424273,9.80104199483,-0.02035197610100008,-0.005560773334000046,-0.027330999136,-0.006257659949400001,-0.025985266283110528,-0.0064860752384285954,-0.9646401204496029,-0.2635687577502194,6,6,instant_velocity,dbscan_kmeans_fallback,False
1820,346,5.64046493796,9.29174198224,-0.03609476630100002,-0.008209897110999976,-0.0317170920206,-0.007708711530800017,-0.032391950981440897,-0.007986285443646438,-0.9750943895828922,-0.2217890689533867,6,6,instant_velocity,dbscan_kmeans_fallback,False
1820,347,12.0649124093,8.37194711415,0.015784883219999914,-0.008520154850000062,0.02057506911800001,-0.0050261753819999914,0.020314876039199528,-0.006565731164937211,0.879990714384182,-0.4749897131716283,5,5,instant_velocity,dbscan_kmeans_fallback,False
1820,376,14.2676402466,8.75738269069,-0.00035779069000003717,-0.00047731959900012557,-0.0002988604560000141,-0.0005489175392000334,-0.0003075271055124753,-0.0005388669073078239,-0.5997764129116818,-0.8001466916333345,5,5,instant_velocity,dbscan_kmeans_fallback,False
1820,421,5.62446958963,4.47773516222,-0.03807313833199997,0.0022672680970000415,-0.04455546370779999,0.00043913403139999473,-0.04111207235907898,0.0003394737012943947,-0.998231319191548,0.059445008280996456,1,1,instant_velocity,dbscan_kmeans_fallback,False
1820,422,5.77305795703,5.22569497453,-0.043019068407000025,0.010381701287999956,-0.04346525443980001,-0.0016610722060000072,-0.042517454158515024,0.0008461441608842045,-0.9720933874846677,0.23459325240208262,1,1,instant_velocity,dbscan_kmeans_fallback,False
1820,423,7.13308349543,5.63642848983,-0.04158790566199997,0.004224278454999997,-0.0400220452464,0.0058089795250000084,-0.03951492574030917,0.0032245460246473636,-0.9948806318590844,0.10105468769251331,1,1,instant_velocity,dbscan_kmeans_fallback,False
1820,424,12.7937530839,3.89874648812,0.02693953403000009,0.0038185567959999832,0.01698874364800002,-0.0007493917710000009,0.017883893272600565,0.000380801107394375,0.9901026365978135,0.14034255928509354,-1,-1,instant_velocity,dbscan_kmeans_fallback,False
1820,425,11.6606089337,4.84383929498,-0.03283255709999988,0.013364948784000052,-0.017998976175999992,0.012085732257400004,-0.019428414956158747,0.010885126297178846,-0.9262032259206758,0.3770238985743059,1,1,instant_velocity,dbscan_kmeans_fallback,False
1820,426,9.6468787648,5.52234910557,-0.04057767313999996,0.00424814443499999,-0.031174092038000013,0.0034557938997999927,-0.0314058528356885,0.0024374786668812315,-0.9945642240657022,0.1041225912372461,1,1,instant_velocity,dbscan_kmeans_fallback,False
1830,51,12.1023751988,12.9155523811,0.0010523255500000772,0.006061958909999987,-0.0015321859979999886,0.009627536319999984,-0.0010215859866214896,0.011077694400418302,0.17103669842803193,0.9852630091255629,-1,-1,instant_velocity,dbscan_kmeans_fallback,False
1830,62,14.5427181449,3.9168846329,0.03525290586,-0.032815722460000044,0.035770650032000015,-0.031684475010000004,0.03353026432092292,-0.03042686501574755,0.7319554165743772,-0.6813522238078128,-1,-1,instant_velocity,dbscan_kmeans_fallback,False
1830,63,13.490813527,4.46055165664,0.04169313821999996,-0.04460551656699998,0.034293184962000005,-0.03536938231760001,0.032754590238268405,-0.035162431176579134,0.6828547217153503,-0.7305539688954661,-1,-1,instant_velocity,dbscan_kmeans_fallback,False
1830,64,10.5969182696,7.4103867811,-0.019299650560000003,-0.004630000115000055,-0.01884504591599999,0.0006825670271999939,-0.017538285631888823,-0.0007204658768561213,-0.9724087150731631,-0.23328155339491288,0,0,instant_velocity,dbscan_kmeans_fallback,False
1830,65,10.7943345425,7.9951032904,-0.028938952570000075,0.0,-0.024721231776000004,0.0046586392904000105,-0.024200139719500652,0.0036702290187077824,-0.9999996544451109,0.0,0,0,instant_velocity,dbscan_kmeans_fallback,False
1830,66,10.6501659424,6.81158934362,-0.024687557360000056,-0.001646752618000047,-0.022401906268000003,-0.0032648660602000133,-0.021421777135950122,-0.0016565099275625437,-0.9977822981802301,-0.06655581950706174,0,0,instant_velocity,dbscan_kmeans_fallback,False
1830,67,7.78552533527,4.47940578082,-0.032979882677999936,0.018233608697999948,-0.03442788263240001,0.021417330426199994,-0.03557515259397675,0.02080044859260606,-0.8751527206410241,0.4838462409025835,-1,-1,instant_velocity,dbscan_kmeans_fallback,False
1830,68,12.5393007664,11.1876554312,-0.00721895325999995,0.03150309356999994,-0.007509395111999986,0.03544575345399999,-0.008625718271442172,0.035192655751946696,-0.2233612215785807,0.974735423525871,1,1,instant_velocity,dbscan_kmeans_fallback,False
1830,69,13.1909007458,10.9962502718,0.0007576743999999636,0.03835262980999996,-0.0038430929019999736,0.03541234108159998,-0.004909180180103504,0.03633399943791918,0.019751615402160028,0.9998046570777283,1,1,instant_velocity,dbscan_kmeans_fallback,False
1830,70,12.3989205383,8.87361001315,-0.029949185099999907,0.0009307732189999029,-0.027267859601999973,0.005341206317600005,-0.02684602013267056,0.003854252373226612,-0.9995170820242734,0.031063407193711118,0,0,instant_velocity,dbscan_kmeans_fallback,False
1830,71,12.484790303,9.3268249728,-0.03788371972999993,-0.004773195993999835,-0.025975603829999975,-0.002090659845599987,-0.027407653195126322,-0.0017930026258982372,-0.9921555205642726,-0.12500759666511804,0,0,instant_velocity,dbscan_kmeans_fallback,False
1830,72,6.67384862623,1.54556086294,0.020057324947999965,-0.032958918340999996,0.01945960403599999,-0.032185660589400006,0.01970924208648658,-0.0313523817194664,0.5198593362538485,-0.8542515742661677,2,2,instant_velocity,dbscan_kmeans_fallback,False
1830,99,9.60036597557,11.986211121,-0.0054089533169999985,0.022648814989999978,0.0024287673651999953,0.026004371776,0.0024434227144033206,0.02516197659810395,-0.232286001972835,0.972647086251329,-1,-1,instant_velocity,dbscan_kmeans_fallback,False
1830,103,5.99825562433,1.12170105865,0.018941859866999967,-0.03262479462100001,0.018470418020799996,-0.0323956812132,0.019012777372594977,-0.031462513736840995,0.5021042747735269,-0.8648067802122813,2,2,instant_velocity,dbscan_kmeans_fallback,False
1830,104,8.18982881086,7.84307699798,0.003809418484000027,0.0022672680969999526,0.021635813269599992,0.003684907307599996,0.0203292440352338,0.003925621941512247,0.8593150277302019,0.5114422465865534,3,3,instant_velocity,dbscan_kmeans_fallback,False
1830,105,3.51245221454,4.31186660142,0.054573602926,-0.02916422752500001,0.0422403475018,-0.00857743320179999,0.041698986302429915,-0.010464444893144237,0.881961235585841,-0.47132160538737755,-1,-1,instant_velocity,dbscan_kmeans_fallback,False
1830,106,12.1596217086,6.10802025407,-0.03683139419000003,0.005107319714000002,-0.03646518489400002,0.015240814809800014,-0.0336679422324765,0.011510650444411475,-0.9905218554180993,0.13735325285889521,0,0,instant_velocity,dbscan_kmeans_fallback,False
1830,107,12.0455496192,6.63474243203,-0.03954639410000009,0.00434360835400005,-0.039175975506,0.012076185865400007,-0.03603345850493525,0.01007462542702477,-0.9940218364152938,0.10917914644237897,0,0,instant_velocity,dbscan_kmeans_fallback,False
1830,108,13.185639118,6.51827644977,-0.034200580320000104,-0.00224340211799996,-0.03262209199200001,-0.005670556841199996,-0.02760555087259922,-0.003705088141681795,-0.9978552458377515,-0.06545475401365282,0,0,instant_velocity,dbscan_kmeans_fallback,False
1830,109,12.9718065667,7.02184862717,-0.03295883616000008,-0.00424814443499999,-0.03210855712400001,-0.0071025156394,-0.028563896022542775,-0.005527606399035111,-0.9917951602372764,-0.127834886831814,0,0,instant_velocity,dbscan_kmeans_fallback,False
1830,222,13.1170274923,7.39010069813,0.010796860119999963,-0.0070881960509999505,0.009912906664000012,-0.006252886752399984,0.010776860939165899,-0.006655983020767083,0.8359493491411716,-0.5488051905426048,4,4,instant_velocity,dbscan_kmeans_fallback,False
1830,232,6.23418701222,9.04305847094,-0.0009681395040000318,0.000429587638999962,-0.0009639302020000073,0.00043436083540001393,-0.0009757041366978556,0.00042951028103779126,-0.9140468378485699,0.40558537419906304,3,3,instant_velocity,dbscan_kmeans_fallback,False
1830,233,6.32089863738,8.32135123661,-0.02182523186900003,0.0035321650360000236,-0.015574418112400004,-0.005532134157399966,-0.016025631359922708,-0.003372650265744441,-0.9871554501945435,0.1597598590110092,5,5,instant_velocity,dbscan_kmeans_fallback,False
1830,236,9.79420434153,8.76645176307,-0.019362790086000104,-0.0009546391989999847,-0.03406588264340002,-0.00593308262099999,-0.031047498870535813,-0.00472961401886014,-0.9987863144505016,-0.04924293260239234,0,0,instant_velocity,dbscan_kmeans_fallback,False
1830,237,10.0549706124,9.46286105864,-0.015784883219999914,0.003985618654999889,-0.027806650282000012,-0.0004677732074000218,-0.02681250207851002,-0.0003597541048691302,-0.9695698255918641,0.24481242783650722,0,0,instant_velocity,dbscan_kmeans_fallback,False
1830,238,10.3782450207,4.27821556966,-0.055689068010000044,0.051431186838000055,-0.058930230696000015,0.04851953728160001,-0.053883901874278016,0.04428489090329797,-0.7346330820317514,0.6784644212858105,-1,-1,instant_velocity,dbscan_kmeans_fallback,False
1830,239,12.1099519427,2.15509799141,-0.06589662582999996,0.013484278683999974,-0.06589662582999996,0.013484278683999974,-0.05076468324507298,0.007819311255043496,-0.979698953222329,0.2004735985383145,-1,-1,instant_velocity,dbscan_kmeans_fallback,False
1830,240,1.24132321657,13.3468106392,0.022919650438000018,-0.023340928410000038,0.022919650438000018,-0.023340928410000038,0.006875895131400006,-0.007002278523000012,0.7006381556116406,-0.7135163372444868,6,6,instant_velocity,dbscan_kmeans_fallback,False
1830,241,2.14632318796,13.3818936297,0.022919650438000018,-0.02016675308,0.022919650438000018,-0.02016675308,0.006875895131400006,-0.006050025924,0.7507545207052925,-0.6605808009032851,6,6,instant_velocity,dbscan_kmeans_fallback,False
1830,314,12.6872577384,9.83707962459,-0.03451627798000008,0.00458226815499998,-0.030121766490000007,0.002911649556600011,-0.029155333930130586,0.00363288413945919,-0.9913023376177174,0.13160205559460195,0,0,instant_velocity,dbscan_kmeans_fallback,False
1830,320,5.74485563234,11.2625946083,-0.029359882792999947,0.003723092880000145,-0.027726673541999994,-0.002348412427999982,-0.025655085221043886,-0.0017950042013483226,-0.9920551098145081,0.1258013644658954,-1,-1,instant_velocity,dbscan_kmeans_fallback,False
1830,340,13.1515437703,8.10154556107,0.022814417889999918,-0.002935515537000022,0.013225627489999994,-0.005064360950000016,0.014510364714181564,-0.004719430214206418,0.9918230599405073,-0.12761719437454708,4,4,instant_velocity,dbscan_kmeans_fallback,False
1830,343,14.1173681584,7.3268558512,0.023761510880000003,-0.025417268669999958,0.019501697058000006,-0.012405536389199999,0.019123500844936026,-0.012535986371436218,0.6829126722982679,-0.7304996284795469,-1,-1,instant_velocity,dbscan_kmeans_fallback,False
1830,345,5.35991494683,9.7451956017,-0.020330929589999956,-0.005584639312999862,-0.025542045704199996,-0.00654405170799997,-0.024288965275177356,-0.006215644460799976,-0.9642820928676576,-0.264875625131242,5,5,instant_velocity,dbscan_kmeans_fallback,False
1830,346,5.27215099612,9.25212445549,-0.036831394184000034,-0.003961752674999985,-0.033956440787000004,-0.007670525962799993,-0.03372378394220864,-0.006778925613052503,-0.994264385746042,-0.10694761024272488,5,5,instant_velocity,dbscan_kmeans_fallback,False
1830,347,12.2303379854,8.33781876279,0.016542557610000053,-0.00341283513599997,0.018916604051999998,-0.0052791547696000056,0.019183180510439685,-0.005619862356256038,0.979374360485351,-0.2020511765811463,4,4,instant_velocity,dbscan_kmeans_fallback,False
1830,376,14.262589084,8.75380279369,-0.0005051162599999159,-0.0003579896999999832,-0.00034516278000001676,-0.0005059587754000105,-0.0003668038518587075,-0.0004846037451154716,-0.8158596529108939,-0.5782220362253038,4,4,instant_velocity,dbscan_kmeans_fallback,False
1830,421,5.20311844016,4.55529959713,-0.04213511494700004,0.00775644349100002,-0.0429138358526,0.0026157114048000096,-0.0414189851354553,0.0025645646382060827,-0.9834749430306108,0.18104300486723884,0,0,instant_velocity,dbscan_kmeans_fallback,False
1830,422,5.32287308754,5.30469136823,-0.045018486949000014,0.007899639370000067,-0.0442060916258,9.546391980000735e-05,-0.04326776399566052,0.0029621927236189636,-0.9849506300215688,0.17283465753167848,0,0,instant_velocity,dbscan_kmeans_fallback,False
1830,423,6.70331374157,5.65623725321,-0.04297697538600005,0.0019808763379999482,-0.04093125451999999,0.0047541032104,-0.040553540634016436,0.0028514451186531387,-0.9989392407895784,0.04604267953729251,0,0,instant_velocity,dbscan_kmeans_fallback,False
1830,424,13.0507309828,3.88156298254,0.02569778988999989,-0.0017183505579999813,0.021505324902,-0.0006491546551999949,0.020228062257820364,-0.00024894439222393196,0.9977714412752128,-0.06671862133711744,-1,-1,instant_velocity,dbscan_kmeans_fallback,False
1830,425,11.3295473163,4.97557950443,-0.03310616174000014,0.01317402094499993,-0.022898603926000013,0.01345563950799999,-0.02353173899131117,0.01157179469152517,-0.9291373331011039,0.3697340326911382,0,0,instant_velocity,dbscan_kmeans_fallback,False
1830,426,9.23941831256,5.5817753957,-0.04074604522400005,0.0059426290130000226,-0.03478988262080002,0.004735010426400006,-0.03420791055218197,0.0034890237707168687,-0.9895310157068863,0.14431868641179116,0,0,instant_velocity,dbscan_kmeans_fallback,False
1840,51,12.1131089194,12.9761719702,0.001073372059999933,0.006061958909999987,0.0010691627579999974,0.006066732108000004,-0.00039309857263506267,0.009572973753292807,0.1743544326676992,0.9846813104190714,-1,-1,instant_velocity,dbscan_kmeans_fallback,False
1840,62,14.9337623186,3.494934107,0.03910441736999992,-0.04219505258999998,0.03614527792800001,-0.03443383590279999,0.03520251023564602,-0.03395732128802328,0.6797346966328,-0.7334578341952863,0,0,instant_velocity,dbscan_kmeans_fallback,False
1840,63,13.9117437462,4.00709803719,0.042093021920000064,-0.04534536194500003,0.038359370880000014,-0.0396652587124,0.035556119742787905,-0.03821731040710541,0.6803348055790476,-0.7329012410036797,0,0,instant_velocity,dbscan_kmeans_fallback,False
1840,64,10.4039217641,7.36408677996,-0.019299650550000002,-0.004630000113999966,-0.01942592961799999,-0.0007875773389999985,-0.018066695107322176,-0.001893326147999275,-0.9724087150571739,-0.23328155346156126,1,1,instant_velocity,dbscan_kmeans_fallback,False
1840,65,10.5203089697,7.96789607323,-0.02740255727999994,-0.0027207217169999964,-0.026244999171999978,0.0020906598454000047,-0.02516086498765044,0.0017529437979954487,-0.9951068151993208,-0.09880131606634854,1,1,instant_velocity,dbscan_kmeans_fallback,False
1840,66,10.4049740897,6.78390480685,-0.024519185269999966,-0.0027684536769999823,-0.023214301592000018,-0.002892556772599999,-0.022350999576165074,-0.001990093052393775,-0.9936856051071612,-0.11219673643099302,1,1,instant_velocity,dbscan_kmeans_fallback,False
1840,67,7.45635790381,4.65696867181,-0.032916743146000016,0.017756289099,-0.0333166268538,0.02073953659519999,-0.03477762975958373,0.01988720074452424,-0.8801147004517503,0.4747605494318201,2,2,instant_velocity,dbscan_kmeans_fallback,False
1840,68,12.4462751879,11.46306884,-0.00930255785000007,0.027541340880000043,-0.006372883520000023,0.0330973410236,-0.008828770145009542,0.0328972612903627,-0.3200056720802608,0.9474152636735185,3,3,instant_velocity,dbscan_kmeans_fallback,False
1840,69,13.1557530725,11.3506600744,-0.0035147673300000904,0.03544098026000011,-0.0029591394400000225,0.035827609133600016,-0.00449085632507248,0.03606609368454346,-0.09868825918386322,0.9951181165750111,3,3,instant_velocity,dbscan_kmeans_fallback,False
1840,70,12.091220548,8.83709506379,-0.030769999029999974,-0.0036514949359998995,-0.02850539444799999,0.003016659868399998,-0.028023213801869385,0.001602528180458658,-0.9930318301329343,-0.11784370534044586,1,1,instant_velocity,dbscan_kmeans_fallback,False
1840,71,12.1059531057,9.27909301286,-0.03788371973000011,-0.0047731959940000126,-0.030967836230000004,-0.0033889691559999945,-0.03055047315558846,-0.00268706063632877,-0.992155520564272,-0.12500759666512204,1,1,instant_velocity,dbscan_kmeans_fallback,False
1840,72,6.78286955301,1.32790312561,0.010902092678000042,-0.021765773732999993,0.018217859889200005,-0.030720289419,0.017067097263940616,-0.02847639932352648,0.44784446119870286,-0.8941110205106462,4,4,instant_velocity,dbscan_kmeans_fallback,False
1840,99,9.5464869075,12.2126992709,-0.005387906806999965,0.022648814989999978,0.0001936279007999886,0.025044959382000017,9.402385798233442e-05,0.02440802811567276,-0.23143066454160433,0.972850959004269,3,3,instant_velocity,dbscan_kmeans_fallback,False
1840,103,6.07065562204,0.942706208868,0.0072399997710000715,-0.017899484978199997,0.0163657669246,-0.02956517598844,0.015480944092116505,-0.027393605109248695,0.37496872042421847,-0.9270369048093312,4,4,instant_velocity,dbscan_kmeans_fallback,False
1840,104,8.16352067215,7.86431772016,-0.0026308138710000152,0.002124072217999995,0.013457139109399989,0.002806639244599989,0.013441226663363653,0.003385157024458571,-0.7780568168986717,0.6281892029753434,1,1,instant_velocity,dbscan_kmeans_fallback,False
1840,105,4.05797777869,4.01998566637,0.05455255641499997,-0.029188093505000002,0.045948742733399994,-0.015355371513599997,0.045555057336200924,-0.01608153947670097,0.8817252096076654,-0.47176300351467737,-1,-1,instant_velocity,dbscan_kmeans_fallback,False
1840,106,11.8049879989,6.12544241945,-0.035463370969999984,0.00174221653799993,-0.03625892908600001,0.010816062123199988,-0.03420657085373355,0.008580120272488011,-0.9987951571801111,0.04906802126581453,1,1,instant_velocity,dbscan_kmeans_fallback,False
1840,107,11.6502961433,6.67817851558,-0.039525347589999885,0.004343608354999961,-0.038986556907999986,0.008281495050000007,-0.03708102523045464,0.008355320305417328,-0.9940155253796293,0.10923658877907029,1,1,instant_velocity,dbscan_kmeans_fallback,False
1840,108,12.8436333149,6.4960810884,-0.03420058030999993,-0.0022195361369999667,-0.033148254765999995,-0.004524989802599997,-0.029584059703819433,-0.0032594225402772462,-0.9979004871826428,-0.06476136288787296,1,1,instant_velocity,dbscan_kmeans_fallback,False
1840,109,12.6232763451,7.07411512331,-0.0348530221599999,0.005226649614000056,-0.032836766403999997,-0.0040858557709999846,-0.030450633863779913,-0.0023013295951245607,-0.9889414983405839,0.14830423246632063,1,1,instant_velocity,dbscan_kmeans_fallback,False
1840,222,13.2252065586,7.31921873761,0.010817906629999995,-0.007088196052000039,0.010064441542000004,-0.006419948612400006,0.010789174646416128,-0.00678564693013697,0.8364391432472024,-0.5480584031351653,5,5,instant_velocity,dbscan_kmeans_fallback,False
1840,232,6.22471608228,9.04759300714,-0.0009470929939999984,0.00045345361999995506,-0.0009597209000000007,0.000439134031599977,-0.0009671207938884985,0.0004366932827264404,-0.9019416562775378,0.4318358510292236,1,1,instant_velocity,dbscan_kmeans_fallback,False
1840,233,6.12369282966,8.35452494877,-0.019720580771999962,0.003317371215999998,-0.018440952905399984,-0.004038123811199981,-0.017134116183545885,-0.001365643821221109,-0.9861441064838292,0.16588791737423675,1,1,instant_velocity,dbscan_kmeans_fallback,False
1840,236,9.61404620769,8.77217959827,-0.018015813383999914,0.0005727835200000087,-0.029178882798199978,-0.004434299078600006,-0.027137993224575045,-0.003138894757202095,-0.9994944189652692,0.031777301380337894,1,1,instant_velocity,dbscan_kmeans_fallback,False
1840,237,9.885335734,9.50033064719,-0.016963487840000013,0.00374695885499996,-0.024784371309999997,0.0011932989985999854,-0.02385779780695702,0.0008722597830915971,-0.9764624728477183,0.21568469548959887,1,1,instant_velocity,dbscan_kmeans_fallback,False
1840,238,9.8022020157,4.79324341744,-0.05760430049999989,0.05150278477799999,-0.056219440084,0.04999445484380001,-0.05500002146199458,0.04645025906570858,-0.745484932234838,0.6665222854347974,-1,-1,instant_velocity,dbscan_kmeans_fallback,False
1840,239,11.3966856862,2.39757634792,-0.07132662565000007,0.024247835650999992,-0.068089672266,0.011751608537799996,-0.056933265966551114,0.012747868573830446,-0.9467856329741636,0.32186441200426386,-1,-1,instant_velocity,dbscan_kmeans_fallback,False
1840,240,1.47051972095,13.1136400149,0.022919650437999994,-0.02331706242999996,0.022919650437999994,-0.02331706242999996,0.011689021723380003,-0.011896713695099996,0.7010029766869308,-0.7131579172745574,6,6,instant_velocity,dbscan_kmeans_fallback,False
1840,241,2.37551969234,13.1804647588,0.022919650437999994,-0.020142887090000096,0.022919650437999994,-0.020142887090000096,0.011689021723380003,-0.010277884273800029,0.7511422894340033,-0.6601398378881028,6,6,instant_velocity,dbscan_kmeans_fallback,False
1840,314,12.352407749,9.85879766636,-0.03348499894000003,0.002171804176999892,-0.03149399900600002,0.002906876360399977,-0.03045423343309142,0.0031945601507214006,-0.9979029693672614,0.06472300748749588,1,1,instant_velocity,dbscan_kmeans_fallback,False
1840,320,5.44283820003,11.293859042,-0.030201743231000045,0.0031264433699998762,-0.0283328130578,0.0008591752779999951,-0.027019082624030737,-0.0003185699299438627,-0.9946843001749731,0.10296836549265764,-1,-1,instant_velocity,dbscan_kmeans_fallback,False
1840,340,13.4188344595,8.08316875649,0.026729068919999932,-0.0018376804579999018,0.017199208757999997,-0.004286330002999997,0.018175975975927072,-0.0038549052873444634,0.9976445456694564,-0.06859018887242838,5,5,instant_velocity,dbscan_kmeans_fallback,False
1840,343,14.318362338,6.84953625178,0.020099417960000032,-0.04773195994200004,0.021741045824000018,-0.0195701035764,0.01941627597945523,-0.023094778442605365,0.38808563626879156,-0.9216231077592619,-1,-1,instant_velocity,dbscan_kmeans_fallback,False
1840,345,5.15639518583,9.68958786837,-0.02035197609999999,-0.005560773333000135,-0.0237825573876,-0.0065249589246000285,-0.023107868522624146,-0.006019183122460024,-0.9646401204583597,-0.26356875771817,1,1,instant_velocity,dbscan_kmeans_fallback,False
1840,346,4.90383705427,9.21226826894,-0.03683139418499994,-0.003985618654999889,-0.036199998855599984,-0.0076371135907999845,-0.03465606701504603,-0.005940933525636718,-0.9941956793431036,-0.10758443805865851,1,1,instant_velocity,dbscan_kmeans_fallback,False
1840,347,12.4031298405,8.35476360857,0.017279185509999982,0.001694484577999944,0.017464394797999994,-0.004539309390600011,0.018611982010307775,-0.0034255582759792434,0.9952254527238746,0.09759685607273856,5,5,instant_velocity,dbscan_kmeans_fallback,False
1840,376,14.2577483865,8.75046155649,-0.00048406975000006016,-0.0003341237199999014,-0.0003830464980000059,-0.0004582268156000069,-0.0004019836213011133,-0.0004394597375808006,-0.8229742483499918,-0.5680487519056661,5,5,instant_velocity,dbscan_kmeans_fallback,False
1840,421,4.75461729155,4.66937898139,-0.04485011486100001,0.011407938426000009,-0.04238346377640001,0.004916391874000006,-0.04244832405311871,0.005217576774544261,-0.9691406218716052,0.2465076527610061,7,7,instant_velocity,dbscan_kmeans_fallback,False
1840,422,4.82533356838,5.32640941,-0.049753951916,0.002171804176999981,-0.045308928800200016,0.002300680469199996,-0.04521362037176237,0.0027250761596332687,-0.9990484586843602,0.04360935226329904,7,7,instant_velocity,dbscan_kmeans_fallback,False
1840,423,6.27354398772,5.67604601658,-0.04297697538499996,0.001980876337000037,-0.04184046379360001,0.003694453699399993,-0.041280571059311495,0.0025902744841572083,-0.9989392407905979,0.04604267951516941,7,7,instant_velocity,dbscan_kmeans_fallback,False
1840,424,13.2995007423,3.8271485482,0.02487697595,-0.005441443434000037,0.02382044110599999,-0.0007302989872000065,0.021622736365474255,-0.0018066941047567638,0.9769028722797304,-0.2136819897525493,-1,-1,instant_velocity,dbscan_kmeans_fallback,False
1840,425,10.973861281,5.09085218769,-0.03556860352999998,0.011527268326000062,-0.02760881308000002,0.013035598260400008,-0.027142798352917816,0.011558436781867638,-0.9512892156684236,0.308299032189754,1,1,instant_velocity,dbscan_kmeans_fallback,False
1840,426,8.81848809331,5.79298931844,-0.042093021924999974,0.021121392273999985,-0.037866882523799994,0.008042835250200006,-0.03657344396402737,0.008778734321701804,-0.8937900940297374,0.4484850534193959,2,2,instant_velocity,dbscan_kmeans_fallback,False
1850,51,12.12384264,13.0367915593,0.001073372059999933,0.006061958909999987,0.0010691627579999974,0.006066732107999968,4.6842617155436086e-05,0.00851966930030496,0.1743544326676992,0.9846813104190714,-1,-1,instant_velocity,dbscan_kmeans_fallback,False
1850,62,15.341643701,3.03241141516,0.04078813824000012,-0.04625226918400003,0.03713025464000001,-0.037378897831200006,0.036878198636952256,-0.0376458056568163,0.661414651779742,-0.7500202224566694,0,0,instant_velocity,dbscan_kmeans_fallback,False
1850,63,14.3326739655,3.55364441773,0.042093021929999884,-0.04534536194599994,0.04045560337199998,-0.0422618773334,0.0375171903989515,-0.04035572586877377,0.6803348056578046,-0.7329012409305715,0,0,instant_velocity,dbscan_kmeans_fallback,False
1850,64,10.2029275844,7.31921873761,-0.020099417970000033,-0.004486804235000008,-0.01952695287200001,-0.0025059278970000066,-0.018676511966125534,-0.002671369574099495,-0.975977735808068,-0.21786805194187178,1,1,instant_velocity,dbscan_kmeans_fallback,False
1850,65,10.26164735,7.9132429791,-0.02586616196999998,-0.005465309413000075,-0.027465696806000004,-0.0010310103348000156,-0.025372454082355302,-0.0004125321653032088,-0.978398159008268,-0.2067275645413364,1,1,instant_velocity,dbscan_kmeans_fallback,False
1850,66,10.1614659578,6.73903676451,-0.024350813189999876,-0.004486804234000008,-0.02399302249799998,-0.002859144400600009,-0.022950943660315515,-0.002739106406875645,-0.983444673081656,-0.18120642167710502,1,1,instant_velocity,dbscan_kmeans_fallback,False
1850,67,7.12719047236,4.834292903,-0.03291674314500002,0.01773242311900001,-0.03319034778800001,0.01977057780839999,-0.034219363775208615,0.01924076745686697,-0.8803812764290503,0.4742660363121784,2,2,instant_velocity,dbscan_kmeans_fallback,False
1850,68,12.3530391444,11.7384822489,-0.009323604349999926,0.027541340890000043,-0.007214743957999978,0.031507866758000026,-0.008977220406506657,0.0312904851702539,-0.3206553007329856,0.9471955924076408,3,3,instant_velocity,dbscan_kmeans_fallback,False
1850,69,13.0210554023,11.637051834,-0.013469767019999957,0.028639175959999895,-0.004297697537999987,0.0349111555016,-0.007184529533550723,0.03383801836718039,-0.42560308014808745,0.9049096011371883,3,3,instant_velocity,dbscan_kmeans_fallback,False
1850,70,11.7755228835,8.75499609269,-0.03156976645,-0.008209897110000064,-0.02967558045799997,-0.00039617526739998965,-0.02908717959630857,-0.0013411994066789591,-0.9678090849405879,-0.25168425056516497,1,1,instant_velocity,dbscan_kmeans_fallback,False
1850,71,11.7271159083,9.23136105292,-0.03788371973999993,-0.0047731959940000126,-0.033350301272,-0.0038662887551999957,-0.0327504471309119,-0.003312901243630143,-0.9921555205683648,-0.1250075966326406,1,1,instant_velocity,dbscan_kmeans_fallback,False
1850,72,6.86916024796,1.13816858483,0.008629069494999975,-0.018973454077999996,0.015936418100799994,-0.027923196566599997,0.014535688933258423,-0.025625515749868537,0.41399248532441035,-0.9102797715896492,4,4,instant_velocity,dbscan_kmeans_fallback,False
1850,99,9.49260783944,12.4391874209,-0.005387906806000054,0.02264881499999998,-0.0020415115634000005,0.024085546987999997,-0.0015505553412123823,0.023880264180970927,-0.23143066440424556,0.9728509590369455,3,3,instant_velocity,dbscan_kmeans_fallback,False
1850,103,6.14284515464,0.763711359083,0.00721895325999995,-0.017899484978500003,0.014256906526000002,-0.026729897567940003,0.013002346842481539,-0.024545369070024085,0.37403138023616705,-0.9274154896003499,4,4,instant_velocity,dbscan_kmeans_fallback,False
1850,104,8.13721253345,7.88555844233,-0.0026308138699999263,0.0021240722169999946,0.007227371864600016,0.002324546449199989,0.008619614503354578,0.003006831582220998,-0.7780568169265037,0.6281892029408694,1,1,instant_velocity,dbscan_kmeans_fallback,False
1850,105,4.66622194551,3.79803205264,0.060824416682000046,-0.022195361373000023,0.050646323980400004,-0.019488959244600004,0.050135865139940665,-0.017915686045590684,0.9394087987606295,-0.34279848295920257,-1,-1,instant_velocity,dbscan_kmeans_fallback,False
1850,106,11.4638240562,6.10897489327,-0.034116394269999975,-0.001646752617999958,-0.03589271979599999,0.005713515605200001,-0.03417951787861348,0.00551205840534162,-0.998836807477557,-0.04821251374488786,1,1,instant_velocity,dbscan_kmeans_fallback,False
1850,107,11.2548322023,6.72161459913,-0.03954639410000009,0.004343608354999961,-0.039175975506,0.006925907387599999,-0.037820635891318274,0.007151806720292118,-0.9940218364125661,0.10917914646721273,1,1,instant_velocity,dbscan_kmeans_fallback,False
1850,108,12.4780554195,6.4972743874,-0.036557789539999955,0.0001193298999999648,-0.03414585938599998,-0.0029068763603999946,-0.03167617865467359,-0.002245796808194083,-0.9999943991870702,0.0032641260086295172,1,1,instant_velocity,dbscan_kmeans_fallback,False
1850,109,12.2747461236,7.12614295964,-0.03485302215000008,0.005202783632999974,-0.03356918498399999,-0.0010691959028000042,-0.03177135034964596,-5.009562668719975e-05,-0.9890406057900555,0.14764183874874875,1,1,instant_velocity,dbscan_kmeans_fallback,False
1850,110,0.0776616254518,7.71062080914,0.0,0.0,0.0,0.0,0.0,0.0,0.0,0.0,-1,-1,instant_velocity,dbscan_kmeans_fallback,False
1850,222,13.3285449275,7.25239399369,0.010333836889999937,-0.006682474391999982,0.010308581070000003,-0.006644288823999993,0.01065257331949127,-0.006754695168695873,0.8397223586279088,-0.5430144889698234,5,5,instant_velocity,dbscan_kmeans_fallback,False
1850,232,6.21503468724,9.05188888353,-0.0009681395039999429,0.000429587638999962,-0.0009639302021999896,0.00043436083539997837,-0.0009674264069219318,0.0004345615896084969,-0.9140468378485561,0.4055853741990942,1,1,instant_velocity,dbscan_kmeans_fallback,False
1850,233,6.11632655083,8.36788989755,-0.0007366278830000184,0.0013364948779999608,-0.015936418100799994,-0.0014128660143999739,-0.012214869693382124,-0.0005550022114547879,-0.48269806394439435,0.8757793520587716,1,1,instant_velocity,dbscan_kmeans_fallback,False
1850,236,9.48776714192,8.83900434219,-0.012627906577000126,0.006682474391999982,-0.023445813211600032,-0.0012601237423999834,-0.022784967230302572,-0.0001924840124414716,-0.8838708692275374,0.467729501594944,1,1,instant_velocity,dbscan_kmeans_fallback,False
1850,237,9.60962644039,9.51679817337,-0.02757092936099994,0.0016467526180001357,-0.023685743438200006,0.0019474639656000292,-0.024971737273169894,0.0011046076335641587,-0.9982206882201331,0.05962158584300923,1,1,instant_velocity,dbscan_kmeans_fallback,False
1850,238,9.41831365574,5.39371147352,-0.03838883599600003,0.06004680560799995,-0.050006510047199984,0.05293474357639999,-0.05001666582219621,0.05052922302839599,-0.5386442493557831,0.8425331400072633,-1,-1,instant_velocity,dbscan_kmeans_fallback,False
1850,239,10.6600578025,2.68587738598,-0.07366278836999988,0.02883010380600002,-0.06908727688599998,0.016763464332,-0.061952122687585744,0.01757253914348132,-0.931218917959408,0.3644599758568818,-1,-1,instant_velocity,dbscan_kmeans_fallback,False
1850,240,1.69971622534,12.8802307307,0.022919650438999996,-0.02334092842000004,0.022919650438999996,-0.02334092842000004,0.015058210338066001,-0.01532997811257001,0.7006381554743821,-0.7135163373792681,6,6,instant_velocity,dbscan_kmeans_fallback,False
1850,241,2.60471619673,12.978797228,0.022919650438999996,-0.02016675308,0.022919650438999996,-0.02016675308,0.015058210338066001,-0.01324454491566002,0.7507545207195857,-0.6605808008870405,6,6,instant_velocity,dbscan_kmeans_fallback,False
1850,276,14.7460274408,9.25140847609,0.0,0.0,0.0,0.0,0.0,0.0,0.0,0.0,5,5,instant_velocity,dbscan_kmeans_fallback,False
1850,314,12.0175577596,9.88051570814,-0.03348499893999986,0.0021718041780001583,-0.033215603601999995,0.0033412371960000087,-0.03136346308516395,0.002887733358905028,-0.9979029693653361,0.06472300751718077,1,1,instant_velocity,dbscan_kmeans_fallback,False
1850,320,5.2214289047,11.333237909,-0.022140929533,0.003937886699999993,-0.027322580531600006,0.004233824847999976,-0.025555636696721513,0.000958367059039294,-0.9845488755092013,0.17510745953954132,-1,-1,instant_velocity,dbscan_kmeans_fallback,False
1850,340,13.6781274746,8.04880174534,0.02592930151000008,-0.0034367011149999626,0.020600324930000014,-0.0038471959713999838,0.020501973636148974,-0.0037294440356411135,0.991330092781109,-0.1313920945336658,5,5,instant_velocity,dbscan_kmeans_fallback,False
1850,343,14.5281960523,6.36529551816,0.02098337143000002,-0.04842407336200001,0.023365836470000012,-0.0260711965206,0.019886404614618665,-0.03069356691842376,0.39760108176808456,-0.9175581729836574,-1,-1,instant_velocity,dbscan_kmeans_fallback,False
1850,345,4.95771612234,9.9148827193,-0.01986790634900002,0.022529485093000012,-0.021968348142600007,-0.0004248144434000167,-0.02213587987053691,0.0025454173421779877,-0.6614145388963519,0.7500200943472255,7,7,instant_velocity,dbscan_kmeans_fallback,False
1850,346,4.63486264417,9.50391054419,-0.026897441010000023,0.02916422752499983,-0.034457347748,0.00040094846359998824,-0.03232847921353223,0.004590614789554247,-0.6779616223387505,0.7350969558685653,7,7,instant_velocity,dbscan_kmeans_fallback,False
1850,347,12.5761321606,8.37194711415,0.017300232010000017,0.0017183505580000257,0.016538348316000012,-0.003408061939800007,0.018218457010215447,-0.0018823856257854624,0.9951028716615288,0.09883888110856695,5,5,instant_velocity,dbscan_kmeans_fallback,False
1850,376,14.2526972238,8.7468816595,-0.0005051162699999167,-0.0003579896990000719,-0.0004293488240000087,-0.00042004124740000035,-0.00043292341591075434,-0.00041501872600658196,-0.8158596590733945,-0.5782220275304811,5,5,instant_velocity,dbscan_kmeans_fallback,False
1850,421,4.33095102587,4.77104805607,-0.042366626567999964,0.01016690746799993,-0.0415963242664,0.006711113567999991,-0.04242381480758309,0.006702375982580962,-0.972392718777918,0.2333493977507088,8,8,instant_velocity,dbscan_kmeans_fallback,False
1850,422,4.34336846734,5.35313930757,-0.048196510103999925,0.0026729897570000106,-0.0459571613378,0.005002309401999998,-0.04610848729143363,0.0027094502388432915,-0.9984654130638535,0.05537512604293249,8,8,instant_velocity,dbscan_kmeans_fallback,False
1850,423,5.87029283768,5.55528415793,-0.040325115004,-0.012076185864999988,-0.04182362658460001,0.00017660825180000118,-0.04099393424271805,-0.0018096636205899514,-0.9579655298006221,-0.2868824996280349,-1,-1,instant_velocity,dbscan_kmeans_fallback,False
1850,424,13.4853414341,3.72834339112,0.018584069180000107,-0.00988051570799997,0.024607580616,-0.0018806392217999956,0.02071113620983201,-0.004228840585729726,0.8829631087591954,-0.46944136836664885,-1,-1,instant_velocity,dbscan_kmeans_fallback,False
1850,425,10.6183857108,5.20612487095,-0.03554755701999994,0.011527268325999974,-0.03231481293199998,0.012615557012800007,-0.029664225953042453,0.011549086245107339,-0.9512356704811038,0.30846420215962833,1,1,instant_velocity,dbscan_kmeans_fallback,False
1850,426,8.39755787406,6.00420324119,-0.042093021924999974,0.021121392274999984,-0.040943882426800006,0.011345886878399991,-0.03822931735231915,0.012481531707691259,-0.8937900940212259,0.44848505343635864,2,2,instant_velocity,dbscan_kmeans_fallback,False
1860,63,14.7536041847,3.10019079828,0.042093021920000064,-0.04534536194500003,0.04123432427600001,-0.043732021699400006,0.03888993985526607,-0.04185261669164165,0.6803348055790476,-0.7329012410036797,-1,-1,instant_velocity,dbscan_kmeans_fallback,False
1860,64,9.96973224296,7.28031719026,-0.02331953414400001,-0.0038901547350000064,-0.020271999358800023,-0.004109721750999995,-0.020069418619487876,-0.003037005122369649,-0.9863690380134758,-0.16454566201841542,0,0,instant_velocity,dbscan_kmeans_fallback,False
1860,65,10.0031961954,7.85882854476,-0.025845115460000123,-0.005441443433999993,-0.027398347970000004,-0.002725494912800013,-0.02551425249564875,-0.0019212055459122443,-0.9785466170703919,-0.20602369033953483,0,0,instant_velocity,dbscan_kmeans_fallback,False
1860,66,9.9181682911,6.69440738196,-0.02432976667000002,-0.0044629382550000155,-0.02451076666799999,-0.0030023402804000023,-0.023364590563220867,-0.0032562559613129563,-0.9835883642823784,-0.18042483504543672,0,0,instant_velocity,dbscan_kmeans_fallback,False
1860,67,6.7980230409,5.01185579398,-0.032916743145999926,0.017756289098,-0.03305985942,0.01881116541339999,-0.03382857758644601,0.01879542394920688,-0.8801147004629221,0.47476054941111007,1,1,instant_velocity,dbscan_kmeans_fallback,False
1860,68,12.2600135659,12.013656998,-0.00930255785000007,0.02751747490999996,-0.008052395093999997,0.029918392492000016,-0.009074821639554682,0.03015858209217772,-0.320254759171742,0.9473310934923586,2,2,instant_velocity,dbscan_kmeans_fallback,False
1860,69,12.8863577322,11.9234435937,-0.013469767009999956,0.028639175970000076,-0.005791999815999986,0.033884918364000004,-0.009070100776485493,0.03227836564802629,-0.4256030797676602,0.9049096013161135,2,2,instant_velocity,dbscan_kmeans_fallback,False
1860,70,11.4598252191,8.67313578139,-0.03156976644,-0.008186031129999983,-0.030761580423999995,-0.0036419485436000086,-0.029831955649415997,-0.0033946489236752666,-0.9679870896617331,-0.25099876695220275,0,0,instant_velocity,dbscan_kmeans_fallback,False
1860,71,11.3815321983,9.17384404119,-0.03455837099999996,-0.005751701173000079,-0.035071905868,-0.004539309390399993,-0.03329282429163832,-0.004044541222441124,-0.9864307735004553,-0.16417599767726176,0,0,instant_velocity,dbscan_kmeans_fallback,False
1860,72,6.95566140801,0.948434044061,0.008650116005000008,-0.018973454076900008,0.013654976312400003,-0.02512610371378,0.012770017054780898,-0.02362989724797798,0.4148286395716594,-0.9098990277293717,3,3,instant_velocity,dbscan_kmeans_fallback,False
1860,103,6.21524515235,0.584716509298,0.007239999770999983,-0.017899484978500003,0.011916534506999987,-0.02378483563944,0.01127364272103707,-0.02255160384256686,0.3749687204188135,-0.9270369048115175,3,3,instant_velocity,dbscan_kmeans_fallback,False
1860,104,8.11090439475,7.90679916451,-0.0026308138700001037,0.002124072217999995,0.002942302232599996,0.0022386289213999966,0.005244485991348173,0.0027420037729546974,-0.7780568167819722,0.6281892031198827,0,0,instant_velocity,dbscan_kmeans_fallback,False
1860,105,5.29025099555,3.59350060429,0.06240290500399999,-0.020453144835000003,0.055659602891600005,-0.023269330472000006,0.05381597709915846,-0.018676923682413478,0.9502601550990623,-0.31145679166578644,-1,-1,instant_velocity,dbscan_kmeans_fallback,False
1860,106,11.1226601135,6.09250736708,-0.034116394269999975,-0.001646752619000047,-0.035471789576,0.0017374433417999846,-0.03416058079602943,0.0033644150980391197,-0.9988368074761469,-0.04821251377409973,0,0,instant_velocity,dbscan_kmeans_fallback,False
1860,107,10.9288217475,6.72376253733,-0.03260104547999987,0.00021479382000002544,-0.03798053368399998,0.004739783622400005,-0.03625475876792275,0.005070702850204489,-0.9999779894450495,0.006588411172292508,0,0,instant_velocity,dbscan_kmeans_fallback,False
1860,108,12.1067949661,6.50419552159,-0.03712604533999997,0.0006921134189999733,-0.03525711516399998,-0.0011789794106000073,-0.03331113866027151,-0.001364423740035866,-0.9998260090767612,0.018639017196955675,0,0,instant_velocity,dbscan_kmeans_fallback,False
1860,109,11.926215902,7.17840945578,-0.03485302216000008,0.005226649613999967,-0.03405325473800001,0.0012219381745999947,-0.0326958518927522,0.0015329279455189506,-0.9889414983405843,0.1483042324663174,0,0,instant_velocity,dbscan_kmeans_fallback,False
1860,110,0.379889522874,7.70441565435,0.03022278974222,-0.0006205154789999945,0.03022278974222,-0.0006205154789999945,0.009066836922666001,-0.00018615464369999837,0.9997889671620075,-0.0205270438350961,-1,-1,instant_velocity,dbscan_kmeans_fallback,False
1860,111,14.6805727917,7.19320636336,0.0,0.0,0.0,0.0,0.0,0.0,0.0,0.0,4,4,instant_velocity,dbscan_kmeans_fallback,False
1860,222,13.3900007395,7.22256151873,0.006145581200000016,-0.0029832474960000076,0.00971506945999998,-0.006128783656600003,0.009300475683643894,-0.005623260866887113,0.8996074399022461,-0.4366961488477845,4,4,instant_velocity,dbscan_kmeans_fallback,False
1860,232,6.2053532922,9.05618475993,-0.0009681395040000318,0.0004295876400000509,-0.0009639302020000073,0.00043436083559999616,-0.0009676403360453618,0.00043306940472596304,-0.9140468374985249,0.4055853749879505,0,0,instant_velocity,dbscan_kmeans_fallback,False
1860,233,6.10896027199,8.38149350614,-0.0007366278840000185,0.0013603608589999538,-0.012762604247800003,0.0018758660258000148,-0.008771397150567493,1.9606709681634722e-05,-0.4761629945320326,0.8793496884046408,0,0,instant_velocity,dbscan_kmeans_fallback,False
1860,236,9.36148807614,8.90582908611,-0.01262790657799986,0.006682474391999982,-0.0177127436252,0.0019140515938000035,-0.01973784903461176,0.0018700035088909648,-0.8838708692428459,0.46772950156601545,0,0,instant_velocity,dbscan_kmeans_fallback,False
1860,237,9.33370668167,9.53326569955,-0.027591975872000064,0.001646752617999958,-0.022507138822600012,0.002491608308999993,-0.025757808852818947,0.0012672511288948985,-0.9982233941181677,0.059576269392183266,0,0,instant_velocity,dbscan_kmeans_fallback,False
1860,238,9.04263343506,5.98916767381,-0.03756802206799996,0.05954562002900001,-0.0474725101268,0.05472946527039999,-0.046282072695937336,0.0532341421285772,-0.5335893857741665,0.8457435091819713,-1,-1,instant_velocity,dbscan_kmeans_fallback,False
1860,239,9.96825898719,2.96224543404,-0.06917988153100012,0.027636804806000014,-0.06918830013819999,0.021536660326000004,-0.06412045034061006,0.020591818842236927,-0.9286391696185546,0.37098385972883446,-1,-1,instant_velocity,dbscan_kmeans_fallback,False
1860,240,1.92870226461,12.6468214466,0.022898603927000005,-0.02334092840999986,0.022898603927000005,-0.02334092840999986,0.017410328414746202,-0.017733263201798966,0.7003103866485368,-0.713838042338869,5,5,instant_velocity,dbscan_kmeans_fallback,False
1860,241,2.833702236,12.7773683571,0.022898603927000005,-0.020142887089999915,0.022898603927000005,-0.020142887089999915,0.017410328414746202,-0.015314047567961989,0.7508414711294825,-0.6604819675324215,5,5,instant_velocity,dbscan_kmeans_fallback,False
1860,276,14.1483065295,9.28959404405,-0.05977209113000015,0.003818556795999939,-0.05977209113000015,0.003818556795999939,-0.01793162733900005,0.0011455670387999818,-0.9979653941565618,0.06375529893610546,-1,-1,instant_velocity,dbscan_kmeans_fallback,False
1860,314,11.7113310251,9.94566983346,-0.030622673450000092,0.006515412531999942,-0.033375557084,0.004124041339000009,-0.031141226194614798,0.003976037110833502,-0.9781059410252609,0.20810605305852425,0,0,instant_velocity,dbscan_kmeans_fallback,False
1860,320,5.12061611719,11.3850270855,-0.010081278750999978,0.005178917650000159,-0.0238499062228,0.004233824846000012,-0.020913329313005054,0.0022245322363275534,-0.88949290859486,0.45694704388716173,-1,-1,instant_velocity,dbscan_kmeans_fallback,False
1860,340,13.8675460732,7.86980689555,0.018941859859999965,-0.017899484979000048,0.021635813267999994,-0.006324484692400017,0.02003393950330427,-0.007980456318648795,0.7268222474053603,-0.6868250528718316,-1,-1,instant_velocity,dbscan_kmeans_fallback,False
1860,343,14.7586553474,5.86530323776,0.02304592950999993,-0.04999922803999999,0.023071185318000006,-0.03493979467799999,0.020834262083233045,-0.03648526525489663,0.41859928602980523,-0.9081708399092242,-1,-1,instant_velocity,dbscan_kmeans_fallback,False
1860,345,4.77945217449,10.1323017968,-0.017826394784999967,0.021741907750000067,-0.019745836585000003,0.005513041372600007,-0.02084303434487583,0.008304364464524611,-0.6340374744224072,0.773301861940955,6,6,instant_velocity,dbscan_kmeans_fallback,False
1860,346,4.40040451205,9.78099457166,-0.02344581321200003,0.02770840274700017,-0.03202016177840001,0.00814307236620003,-0.029663679413072568,0.011525951176788025,-0.6459459433804339,0.7633827920635063,6,6,instant_velocity,dbscan_kmeans_fallback,False
1860,347,12.8602600586,8.37695896994,0.02841278979999995,0.0005011855790000297,0.019063929629999983,-0.0016037938542000064,0.021276756847150798,-0.0011673142643498146,0.9998441096052411,0.01763668589074181,-1,-1,instant_velocity,dbscan_kmeans_fallback,False
1860,376,14.2478565263,8.7433017625,-0.00048406975000006016,-0.0003579896999999832,-0.00046723254399999803,-0.00037708248360001305,-0.00044826731613754607,-0.0003979100182046023,-0.8040047550617735,-0.5945949340215713,4,4,instant_velocity,dbscan_kmeans_fallback,False
1860,421,3.96495220024,4.84383929498,-0.03659988256300002,0.0072791238910000725,-0.040804975454200004,0.007775536274600014,-0.04067663513420817,0.006875400355106696,-0.9807903774769506,0.19506332175974767,7,7,instant_velocity,dbscan_kmeans_fallback,False
1860,422,4.00031033865,5.42378260829,-0.03430581286900001,0.007064330071999958,-0.044058766049,0.0060380929327999945,-0.04256768496470354,0.004015914188790291,-0.9794490453349703,0.20169034826176296,7,7,instant_velocity,dbscan_kmeans_fallback,False
1860,423,5.47377657114,5.39920064892,-0.039651626653999995,-0.015608350901000012,-0.04150371961819999,-0.0038997011272000038,-0.04059124196610263,-0.00594926980471297,-0.930504069373842,-0.3662809134245256,-1,-1,instant_velocity,dbscan_kmeans_fallback,False
1860,424,13.5768937568,3.56223617052,0.009155232270000013,-0.016610722060000027,0.02105072026400002,-0.005966494992800006,0.017244365027882413,-0.007943405028010816,0.4827009727832389,-0.8757846290003529,-1,-1,instant_velocity,dbscan_kmeans_fallback,False
1860,425,10.2580694431,5.31161250242,-0.036031626770000005,0.010548763146999995,-0.03461730123199999,0.012028453905600003,-0.03157444619812972,0.011248989315675136,-0.9597161729600904,0.28097034478971633,1,1,instant_velocity,dbscan_kmeans_fallback,False
1860,426,8.02734974623,6.12305582145,-0.03702081278300007,0.011885258026000045,-0.0405061149994,0.012863763204600006,-0.03786676598152343,0.012302649603183896,-0.9521353206149692,0.30567599980877946,1,1,instant_velocity,dbscan_kmeans_fallback,False
1870,63,15.0549902217,2.53480573276,0.030138603700000034,-0.05653850655199997,0.039622161538,-0.04743602179099999,0.03626453900868626,-0.046258383649749144,0.4704026404413479,-0.8824517231589997,-1,-1,instant_velocity,dbscan_kmeans_fallback,False
1870,64,9.7365369015,7.24165430271,-0.02331953414600001,-0.0038662887550000137,-0.02106755747400001,-0.00430064959080001,-0.02104445327744152,-0.0032857902121587582,-0.9865324178832757,-0.16356326716583808,0,0,instant_velocity,dbscan_kmeans_fallback,False
1870,65,9.74453457566,7.80417545063,-0.02586616197399998,-0.0054653094129999856,-0.02678378985080002,-0.00381855679540001,-0.02561982533915412,-0.002984436706038567,-0.9783981590147347,-0.20672756451073054,0,0,instant_velocity,dbscan_kmeans_fallback,False
1870,66,9.68013225212,6.65168727781,-0.02380360389800007,-0.004272010414999983,-0.024338185277599997,-0.003527391839800007,-0.023496294563654627,-0.0035609822974190645,-0.9842739010216837,-0.17664671174983618,0,0,instant_velocity,dbscan_kmeans_fallback,False
1870,67,6.47979979515,5.15743827181,-0.03182232457500005,0.014558247783000055,-0.03271048733799999,0.0172073715594,-0.03322670168301222,0.017524271099344832,-0.9093564082976997,0.4160172486411408,-1,-1,instant_velocity,dbscan_kmeans_fallback,False
1870,68,12.1669879875,12.2890704068,-0.009302557839999892,0.027541340880000043,-0.008890046229999981,0.028328918226000005,-0.009143142499688246,0.029373409728524418,-0.32000567177148437,0.9474152637778128,1,1,instant_velocity,dbscan_kmeans_fallback,False
1870,69,12.7621833175,12.1716497854,-0.012417441470000058,0.024820619169999957,-0.008422813686000018,0.031178516234,-0.010074302984539863,0.03004104170461839,-0.4474190005418322,0.894324056102901,1,1,instant_velocity,dbscan_kmeans_fallback,False
1870,70,11.1327624388,8.60273114047,-0.032706278030000036,-0.007040464091999965,-0.03131299900999998,-0.005231422809800002,-0.030694252363591207,-0.004488393474172676,-0.9776058773161138,-0.21044274952530315,0,0,instant_velocity,dbscan_kmeans_fallback,False
1870,71,11.0580473248,9.10988321486,-0.032348487349999996,-0.006396082632999978,-0.036111603509999986,-0.005293474357599983,-0.033009523209146824,-0.00475000364560878,-0.9810073479332648,-0.1939690098356739,0,0,instant_velocity,dbscan_kmeans_fallback,False
1870,72,7.04195210296,0.758699503289,0.008629069494999975,-0.01897345407719999,0.011373534524199994,-0.022329010861219998,0.011527732786846621,-0.02223296429674458,0.41399248533887434,-0.9102797715830709,-1,-1,instant_velocity,dbscan_kmeans_fallback,False
1870,103,6.233766082,0.552020116737,0.0018520929650000183,-0.003269639256099999,0.008498581126799997,-0.017918577762460003,0.008447177794225956,-0.016767014466626803,0.49286972413861396,-0.8701000590360611,-1,-1,instant_velocity,dbscan_kmeans_fallback,False
1870,104,8.08459625605,7.92827854648,-0.0026308138699999263,0.0021479381969999878,-0.001342767399399989,0.002157484589399985,0.0028818960329437425,0.0025637841001682846,-0.7746105916755286,0.6324338246174273,2,2,instant_velocity,dbscan_kmeans_fallback,False
1870,105,5.91406958048,3.38896915593,0.06238185849299995,-0.020453144836000005,0.05894706790399999,-0.024290794414800008,0.056385741517310906,-0.019209790028489437,0.9502290513546207,-0.3115516735833034,-1,-1,instant_velocity,dbscan_kmeans_fallback,False
1870,106,10.7850740777,6.03212643776,-0.033758603580000116,-0.006038092931999995,-0.03485723145600002,-0.0004964123834000133,-0.03403998763122064,0.0005436626890273849,-0.9843779448573401,-0.17606668762747932,0,0,instant_velocity,dbscan_kmeans_fallback,False
1870,107,10.6200694317,6.71588676394,-0.03087523158000014,-0.0007875773389999452,-0.03641888257000001,0.0024916083090000107,-0.03464090061154597,0.0033132187934431586,-0.9996744961188075,-0.02550008337522429,0,0,instant_velocity,dbscan_kmeans_fallback,False
1870,108,11.7353240476,6.51111665578,-0.03714709185,0.0006921134190000621,-0.03584641747199999,-0.0005918763033999852,-0.034461924617190054,-0.0007474625923250875,-0.999826205973959,0.018628460516283918,0,0,instant_velocity,dbscan_kmeans_fallback,False
1870,109,11.6349321903,7.27220275707,-0.029128371169999844,0.009379330128999986,-0.033329254759999996,0.004157453710999999,-0.03162560767592649,0.0038868486005632615,-0.9518697123610448,0.3065018713173224,0,0,instant_velocity,dbscan_kmeans_fallback,False
1870,110,0.682117420296,7.69821049956,0.030222789742199996,-0.0006205154789999945,0.030222789742199996,-0.0006205154789999945,0.015413622768526201,-0.0003164628942899972,0.9997889671620072,-0.020527043835109685,-1,-1,instant_velocity,dbscan_kmeans_fallback,False
1870,111,14.4141239629,7.02614450356,-0.026644882879999977,-0.016706185979999955,-0.026644882879999977,-0.016706185979999955,-0.007993464863999994,-0.005011855793999987,-0.8472378254091217,-0.5312131693098863,-1,-1,instant_velocity,dbscan_kmeans_fallback,False
1870,112,14.7733879051,6.38605892073,0.0,0.0,0.0,0.0,0.0,0.0,0.0,0.0,3,3,instant_velocity,dbscan_kmeans_fallback,False
1870,222,13.4514565515,7.19272904376,0.006145581200000016,-0.0029832474970000076,0.008847953207999986,-0.005365072297599998,0.008354007338550731,-0.004831256855920982,0.8996074398447389,-0.4366961489662516,3,3,instant_velocity,dbscan_kmeans_fallback,False
1870,232,6.19567189716,9.06071929612,-0.0009681395039999429,0.00045345361900004375,-0.0009639302019999895,0.00043913403139999473,-0.0009677900864317361,0.00043918466900818724,-0.9055804722463515,0.42415244986832085,2,2,instant_velocity,dbscan_kmeans_fallback,False
1870,233,6.10138352804,8.39509711472,-0.0007576743949999631,0.0013603608580000427,-0.008755348560599998,0.0021813505693999958,-0.006367280323897233,0.0004218329541771572,-0.4865809484863008,0.873628145463898,2,2,instant_velocity,dbscan_kmeans_fallback,False
1870,236,9.1026159913,8.92587650928,-0.025887208484000012,0.00200474231700003,-0.017704325021800003,0.0029975670844000035,-0.021582656869428236,0.0019104251513236844,-0.9970144490852274,0.07721021978777626,0,0,instant_velocity,dbscan_kmeans_fallback,False
1870,237,9.03947645842,9.52849250356,-0.029423022325000048,-0.0004773195989999479,-0.023466859723599996,0.002109752629399999,-0.026857372894473278,0.0007438799105264444,-0.9998680988867321,-0.016220517210699375,0,0,instant_velocity,dbscan_kmeans_fallback,False
1870,238,8.54804042744,6.45455428325,-0.04945930076200007,0.04653866094400003,-0.0477419054672,0.053813011639400006,-0.04723524111575616,0.05122549777320405,-0.7282826966603564,0.6852766005397879,-1,-1,instant_velocity,dbscan_kmeans_fallback,False
1870,239,9.38064040112,3.21092894534,-0.058761858606999874,0.024868351129999987,-0.06776555599759998,0.0238134748154,-0.062512872820527,0.021874778528565845,-0.9209245577177191,0.38974048487356805,-1,-1,instant_velocity,dbscan_kmeans_fallback,False
1870,240,2.17620923353,12.458041545,0.02475069689199998,-0.018877990160000024,0.0232816504268,-0.022443567565999984,0.019612438957922335,-0.018076681289259284,0.7951167307514482,-0.6064558862594648,4,4,instant_velocity,dbscan_kmeans_fallback,False
1870,241,3.04079990387,12.5597106197,0.020709766786999984,-0.021765773739999973,0.0224734644058,-0.020477010815999997,0.018400159926422337,-0.017249565419573384,0.6893137967216462,-0.7244624379218847,4,4,instant_velocity,dbscan_kmeans_fallback,False
1870,276,13.5505856181,9.327779612,-0.05977209113999997,0.0038185567950000275,-0.05977209113999997,0.0038185567950000275,-0.030483766479300026,0.0019474639656599955,-0.9979653941583029,0.06375529890885577,-1,-1,instant_velocity,dbscan_kmeans_fallback,False
1870,314,11.4053147557,10.010585299,-0.03060162694000006,0.0064915465540000385,-0.032542115250000024,0.004386567119200002,-0.03097934641823038,0.004730689943783463,-0.9782319153106452,0.20751308521270614,0,0,instant_velocity,dbscan_kmeans_fallback,False
1870,320,5.02148705056,11.4532837882,-0.009912906662999977,0.00682567026999994,-0.02033934819419999,0.004558402174000022,-0.01761320251800353,0.0036048736464292692,-0.8236319242695346,0.5671232596078987,-1,-1,instant_velocity,dbscan_kmeans_fallback,False
1870,340,14.0584379277,7.68890276737,0.019089185450000025,-0.01809041281799999,0.022700766725999983,-0.008839958981399984,0.019750513287312997,-0.011013443268454154,0.725839987137529,-0.6878630333139587,-1,-1,instant_velocity,dbscan_kmeans_fallback,False
1870,343,14.9891146424,5.36531095736,0.023045929500000107,-0.04999922803999999,0.02218723185600002,-0.044314351610799996,0.02149776230826316,-0.04053945409042763,0.4185992858799983,-0.908170839978274,-1,-1,instant_velocity,dbscan_kmeans_fallback,False
1870,345,4.68390101472,10.3165471622,-0.009555115977000029,0.01842453653999989,-0.017586464560199994,0.010310103347399995,-0.017456658834513087,0.011340416087167196,-0.4603796938728949,0.8877215632392831,5,5,instant_velocity,dbscan_kmeans_fallback,False
1870,346,4.30401149184,9.99984560799,-0.009639302020999985,0.021885103632999937,-0.026729068922400002,0.014162072515000013,-0.02365636619545079,0.0146336969136516,-0.40308372800817927,0.9151626477743472,5,5,instant_velocity,dbscan_kmeans_fallback,False
1870,347,13.1921635364,8.37695896994,0.033190347780000094,0.0,0.02254502254200002,0.00010023711580000593,0.02485083412700559,-0.0008171199850448702,0.9999996987076768,0.0,-1,-1,instant_velocity,dbscan_kmeans_fallback,False
1870,376,14.2428053637,8.73996052531,-0.0005051162599999159,-0.00033412371899999016,-0.0004966976579999738,-0.000348443307599986,-0.000465321999296257,-0.00037877412844321864,-0.834028144357458,-0.5516919715540752,3,3,instant_velocity,dbscan_kmeans_fallback,False
1870,421,3.5989533746,4.9163918741,-0.03659988256399997,0.0072552579119999905,-0.040510324300600004,0.008773134237600004,-0.03945360936314571,0.006989357622174685,-0.9809125564002551,0.1944479896447324,6,6,instant_velocity,dbscan_kmeans_fallback,False
1870,422,3.65746267507,5.494425909,-0.03428476635800002,0.007064330071000047,-0.042311905639199995,0.005374618689400012,-0.040082809382692486,0.004930438953453218,-0.979424580005169,0.20180911955354858,6,6,instant_velocity,dbscan_kmeans_fallback,False
1870,423,5.08420565322,5.24263982031,-0.03895709179200004,-0.015656082861,-0.04097755684420001,-0.007875773390400003,-0.04010099691387185,-0.008861313721599078,-0.927873677660757,-0.3728940358166251,-1,-1,instant_velocity,dbscan_kmeans_fallback,False
1870,424,13.6802321257,3.37894544434,0.010333836889999937,-0.018329072617999966,0.01772958083599999,-0.010396020875599996,0.01517120658651767,-0.01105910530500756,0.491117603402631,-0.8710927327927841,-1,-1,instant_velocity,dbscan_kmeans_fallback,False
1870,425,9.87923224582,5.37843724634,-0.037883719727999934,0.006682474391999982,-0.0356275337576,0.010691959027199988,-0.03346722825709078,0.00987903483857259,-0.9847961480177325,0.17371248356070967,0,0,instant_velocity,dbscan_kmeans_fallback,False
1870,426,7.70765324471,6.14954705922,-0.03196965015199993,0.0026491237769999286,-0.0387845104018,0.012543959072999994,-0.03609763123266638,0.009406591855328706,-0.9965840719292217,0.08258065221780204,0,0,instant_velocity,dbscan_kmeans_fallback,False
1880,63,15.3429064917,1.95701035765,0.02879162700000002,-0.057779537511000026,0.037041859294000015,-0.050070825979800004,0.034022665406080385,-0.049714729808124414,0.4459969003401978,-0.8950343317866747,-1,-1,instant_velocity,dbscan_kmeans_fallback,False
1880,64,9.50334156003,7.20299141515,-0.023319534146999922,-0.0038662887560000137,-0.021871534191399995,-0.004147907319000002,-0.021726977538309038,-0.003459939775311135,-0.986532417877581,-0.16356326720018552,0,0,instant_velocity,dbscan_kmeans_fallback,False
1880,65,9.50313109492,7.75501153189,-0.024140348073999895,-0.0049163918739999705,-0.025824068951599985,-0.004801835170200004,-0.02517598215960785,-0.0035640232564269876,-0.979884775421805,-0.19956205820116912,0,0,instant_velocity,dbscan_kmeans_fallback,False
1880,66,9.46356365431,6.61660428726,-0.02165685978099994,-0.0035082990549999415,-0.023732045761799974,-0.003899701127199986,-0.02294446412885822,-0.003545177324693328,-0.9871311160183758,-0.15991012531404056,0,0,instant_velocity,dbscan_kmeans_fallback,False
1880,67,6.1615765494,5.30302074963,-0.03182232457499996,0.014558247781999966,-0.032478975717399994,0.016472299376200004,-0.03280538855060854,0.01663446410414137,-0.9093564083085107,0.41601724861750916,-1,-1,instant_velocity,dbscan_kmeans_fallback,False
1880,68,12.1080577568,12.5234343302,-0.005893023070000147,0.02343639234000001,-0.008624860192000022,0.02671557798000002,-0.008168106670781817,0.027592304511967095,-0.24385655588761324,0.9698108849356839,1,1,instant_velocity,dbscan_kmeans_fallback,False
1880,69,12.6409554143,12.4103095851,-0.012122790319999943,0.023865979970000062,-0.010998906630000001,0.02828118626600002,-0.010688849185177887,0.02818852318423289,-0.45287680354399046,0.8915726855744692,1,1,instant_velocity,dbscan_kmeans_fallback,False
1880,70,10.7796019848,8.56024969612,-0.03531604540000011,-0.004248144435000078,-0.032386371070000024,-0.006267206340599998,-0.032080790274513875,-0.004416318762420897,-0.9928425338980552,-0.1194283911870378,0,0,instant_velocity,dbscan_kmeans_fallback,False
1880,71,10.7347729165,9.04568372874,-0.032327440829999964,-0.006419948611999971,-0.03500034772999999,-0.005622824881200011,-0.032804898495402766,-0.0052509871355261376,-0.9808451922273261,-0.19478732521824166,0,0,instant_velocity,dbscan_kmeans_fallback,False
1880,72,7.04784512603,0.741993317309,0.0005893023070000503,-0.0016706185980000065,0.00747992999600001,-0.01607135091262,0.008246203642892651,-0.01606426058712121,0.3326536984309809,-0.9430430675239744,2,2,instant_velocity,dbscan_kmeans_fallback,False
1880,103,6.23881724463,0.555838673533,0.000505116263000005,0.00038185567959999613,0.004811232406000006,-0.011317247702340001,0.0060645593348581705,-0.011622353422758762,0.7976934513259517,0.6030369585794443,2,2,instant_velocity,dbscan_kmeans_fallback,False
1880,104,8.04523928055,7.94283679426,-0.00393569755000005,0.0014558247780000143,-0.0028917906062000042,0.001995195925599997,0.0008366179580606044,0.0022313963035178034,-0.9378893322865997,0.3469277076346233,3,3,instant_velocity,dbscan_kmeans_fallback,False
1880,105,6.59618700077,3.23264698712,0.068211742029,-0.015632216881000006,0.06167469572459999,-0.021584392286000006,0.05993354167081764,-0.018136518084242607,0.9747310612218011,-0.22338100298315852,-1,-1,instant_velocity,dbscan_kmeans_fallback,False
1880,106,10.4495926929,5.94262901286,-0.033548138479999955,-0.008949742489999935,-0.034200580314,-0.003307824824200001,-0.03389243288585443,-0.002304358864680811,-0.9662090426200645,-0.25775862729653787,0,0,instant_velocity,dbscan_kmeans_fallback,False
1880,107,10.3113171159,6.70801099055,-0.03087523157999996,-0.000787577339000034,-0.03468465006599999,0.0014653711703999938,-0.033511199902082164,0.0020829799537102007,-0.9996744961188074,-0.02550008337522731,0,0,instant_velocity,dbscan_kmeans_fallback,False
1880,108,11.3621694082,6.55932593532,-0.03731546394000009,0.004820927953999998,-0.03646939419599999,0.0008209897110000064,-0.03531798641403307,0.0009230545715724383,-0.9917572521355896,0.1281289244611942,0,0,instant_velocity,dbscan_kmeans_fallback,False
1880,109,11.350172897,7.37029193475,-0.02847592933000005,0.009808917768000035,-0.032432673393999994,0.006968866151600004,-0.030680704172148555,0.005663469350794294,-0.9454787104730208,0.3256828886934367,0,0,instant_velocity,dbscan_kmeans_fallback,False
1880,110,0.984345317719,7.69224400456,0.030222789742300006,-0.0005966495000000016,0.030222789742300006,-0.0005966495000000016,0.01985637286065834,-0.00040051887600299854,0.9998048586705222,-0.019737855906413162,-1,-1,instant_velocity,dbscan_kmeans_fallback,False
1880,111,14.147464669,6.85908264376,-0.02666592939000001,-0.016706185980000045,-0.02666592939000001,-0.016706185980000045,-0.013595204221799998,-0.008520154849800005,-0.8474265118259913,-0.5309121127522686,4,4,instant_velocity,dbscan_kmeans_fallback,False
1880,112,14.3659274528,6.2473975771,-0.04074604523000005,-0.013866134362999993,-0.04074604523000005,-0.013866134362999993,-0.012223813569000016,-0.004159840308899999,-0.946684126413118,-0.3221625368073433,4,4,instant_velocity,dbscan_kmeans_fallback,False
1880,222,13.5127018984,7.1628965688,0.006124534689999983,-0.0029832474960000076,0.00791348812199999,-0.004544082586600009,0.007685165543985507,-0.004276854047944689,0.8990174550055899,-0.43790944247320984,5,5,instant_velocity,dbscan_kmeans_fallback,False
1880,232,6.18620096722,9.06501517252,-0.0009470929940000872,0.0004295876400000509,-0.0009597209000000007,0.0004391340316000125,-0.0009615809587022414,0.00043630556030574636,-0.9106867674298385,0.41307430387287136,3,3,instant_velocity,dbscan_kmeans_fallback,False
1880,233,6.09401724921,8.4087007233,-0.0007366278830000184,0.0013603608580000427,-0.004537627763399996,0.0017469897337999995,-0.0046780845916280685,0.000703391325324023,-0.4761629943028236,0.8793496885287498,3,3,instant_velocity,dbscan_kmeans_fallback,False
1880,236,8.78691832687,8.92587650928,-0.031569766443000094,0.0,-0.0201457202932,0.0031884949242000004,-0.024578789741499796,0.001337297605926579,-0.9999996832413426,0.0,0,0,instant_velocity,dbscan_kmeans_fallback,False
1880,237,8.67116251657,9.43899507867,-0.03683139418499994,-0.008949742489000023,-0.027676161916600002,-0.00047731959939998345,-0.02984957928163128,-0.002164206809331496,-0.9717233366704893,-0.23612121740682257,0,0,instant_velocity,dbscan_kmeans_fallback,False
1880,238,8.05976137311,6.9099171811,-0.04882790543300004,0.045536289784999975,-0.0463696729518,0.05263403222879999,-0.047713040410929324,0.049518735376742826,-0.7313272103361377,0.6820265477743612,-1,-1,instant_velocity,dbscan_kmeans_fallback,False
1880,239,8.79302181504,3.45961245665,-0.058761858608000136,0.02486835113099999,-0.06633860255320002,0.0260902893048,-0.06138756855676894,0.02277285030929609,-0.9209245577144751,0.3897404848812331,-1,-1,instant_velocity,dbscan_kmeans_fallback,False
1880,240,2.4357127137,12.2988554586,0.025950348017000024,-0.01591860864000001,0.0238877899426,-0.020959103611999978,0.02151381167564564,-0.0174292594944815,0.8524025129891061,-0.5228855504803649,6,6,instant_velocity,dbscan_kmeans_fallback,False
1880,241,3.23295454896,12.3315518512,0.019215464509000003,-0.022815876850000017,0.021732627219999995,-0.02100683557,0.01864475130119564,-0.018919458848701373,0.6441766119665315,-0.7648763443316575,6,6,instant_velocity,dbscan_kmeans_fallback,False
1880,276,13.4541925979,9.35928270556,-0.009639302019999896,0.0031503093559999583,-0.009639302019999896,0.0031503093559999583,-0.024230427141509987,0.0023083175827619843,-0.9505235352977147,0.31064937898341516,5,5,instant_velocity,dbscan_kmeans_fallback,False
1880,314,11.0845659286,10.1509172612,-0.03207488270999992,0.014033196219999943,-0.03205383619599999,0.006276752732199995,-0.03130800730576124,0.007521441826648407,-0.9161525102246421,0.40082914907806183,-1,-1,instant_velocity,dbscan_kmeans_fallback,False
1880,320,4.93435449517,11.6671229688,-0.00871325553900002,0.021383918059999906,-0.016210022743400002,0.008090567209999976,-0.014943218424302476,0.008938586970500461,-0.37734459666353903,0.9260724535530938,7,7,instant_velocity,dbscan_kmeans_fallback,False
1880,340,14.2630100142,7.48986049441,0.02045720865000007,-0.01990422729599999,0.022229324878000015,-0.012233701333199978,0.01996252189611912,-0.013680678476717905,0.7167271476346001,-0.6973532068722764,-1,-1,instant_velocity,dbscan_kmeans_fallback,False
1880,345,4.58813938984,10.5010311874,-0.009576162487999973,0.01844840252000015,-0.015435511139799995,0.015116711713999998,-0.015092509930559153,0.013472812017017083,-0.4607083465686317,0.8875510448441621,7,7,instant_velocity,dbscan_kmeans_fallback,False
1880,346,4.20761847163,10.2186966443,-0.009639302020999985,0.021885103630999936,-0.021290650489799993,0.019331443776199997,-0.019451246943115546,0.0168091189288561,-0.4030837280390306,0.9151626477607587,7,7,instant_velocity,dbscan_kmeans_fallback,False
1880,347,13.5148065495,8.37695896994,0.03226430130999987,0.0,0.02568937128199998,0.0007828041429999999,0.027074874281903874,-0.000571983989531409,0.99999969006002,0.0,-1,-1,instant_velocity,dbscan_kmeans_fallback,False
1880,350,11.6260926557,12.5439590729,0.0,0.0,0.0,0.0,0.0,0.0,0.0,0.0,-1,-1,instant_velocity,dbscan_kmeans_fallback,False
1880,376,14.2379646662,8.73638062831,-0.00048406975000006016,-0.0003579896999999832,-0.0004924883560000026,-0.000348443307599986,-0.0004709463245073979,-0.00037253879991024796,-0.8040047550617735,-0.5945949340215713,5,5,instant_velocity,dbscan_kmeans_fallback,False
1880,421,3.43205454266,4.87534238855,-0.01668988319400002,-0.004104948555000032,-0.035421277949999996,0.006400855828399994,-0.032624491512402,0.0036610657690222693,-0.9710592691054638,-0.23883620377684087,8,8,instant_velocity,dbscan_kmeans_fallback,False
1880,422,3.35586617298,5.53022487896,-0.030159650209000022,0.0035798969960000094,-0.0393401382912,0.0045106702146000014,-0.03710586163058475,0.004525276366217255,-0.9930286154786948,0.11787073566368447,8,8,instant_velocity,dbscan_kmeans_fallback,False
1880,423,4.72346845533,5.0834537339,-0.03607371978899998,-0.01591860864100001,-0.03959690572479999,-0.011455670386199995,-0.038892813776410295,-0.010978502197419358,-0.9148826099838943,-0.40371933656897735,-1,-1,instant_velocity,dbscan_kmeans_fallback,False
1880,424,13.8906972353,3.04100316795,0.02104651095999994,-0.033794227639000016,0.01679932505,-0.016811196291800005,0.016933797898562353,-0.0178796420052053,0.5286455995254428,-0.84884234563497,-1,-1,instant_velocity,dbscan_kmeans_fallback,False
1880,425,9.5003950485,5.44526199026,-0.03788371973200011,0.006682474391999982,-0.036583045355999995,0.009393649716599999,-0.03479217569956358,0.008920066704600807,-0.9847961480208702,0.1737124835429207,0,0,instant_velocity,dbscan_kmeans_fallback,False
1880,426,7.38816720829,6.17603829698,-0.03194860364200007,0.0026491237760000175,-0.037025022085400004,0.011885258025599992,-0.034852922955466485,0.007379351431530099,-0.99657959316092,0.08263468176895078,0,0,instant_velocity,dbscan_kmeans_fallback,False
1890,64,9.25751831199,7.17673883718,-0.024582324804000067,-0.002625257796999936,-0.022928069042200006,-0.0037469588555999957,-0.022583581718016346,-0.0032095351818177756,-0.9943453814372661,-0.10619064658621256,0,0,instant_velocity,dbscan_kmeans_fallback,False
1890,65,9.26172761418,7.70584761315,-0.024140348074000072,-0.0049163918739999705,-0.02517162711040001,-0.005240969201599999,-0.024865291933925518,-0.003969733841698882,-0.9798847754218052,-0.19956205820116768,0,0,instant_velocity,dbscan_kmeans_fallback,False
1890,66,9.2467845914,6.5812826369,-0.02167790629099997,-0.0035321650360000236,-0.023163789965999975,-0.004052443398999994,-0.022564496777500744,-0.0035412736380853365,-0.9869836793457246,-0.16081761755446788,0,0,instant_velocity,dbscan_kmeans_fallback,False
1890,67,5.84314283853,5.44836456766,-0.03184337108699999,0.014534381802999975,-0.03226430130559999,0.015827917917,-0.03251678331152598,0.016004439413798952,-0.9097180622606311,0.4152258130540473,-1,-1,instant_velocity,dbscan_kmeans_fallback,False
1890,68,12.1295251979,12.661857014,0.002146744110000043,0.01384226838,-0.0063349997999999986,0.023975763480000013,-0.005073651436547259,0.023467293672376967,0.1532539794186121,0.9881861110197165,1,1,instant_velocity,dbscan_kmeans_fallback,False
1890,69,12.5447728592,12.6456281476,-0.00961825551000004,0.023531856249999983,-0.01221960426599999,0.025899361463999994,-0.010367671082624532,0.026791523103963016,-0.37834918622613917,0.9256625230345897,1,1,instant_velocity,dbscan_kmeans_fallback,False
1890,70,10.4262310657,8.51752959197,-0.035337091909999965,-0.004272010414999983,-0.03329978964600002,-0.006391309436400015,-0.033057680765159705,-0.004373026258194622,-0.9927712884754333,-0.12001919385108811,0,0,instant_velocity,dbscan_kmeans_fallback,False
1890,71,10.411288043,8.98172290242,-0.032348487349999996,-0.006396082632000066,-0.033893301253999975,-0.005947402208800021,-0.032667975151781936,-0.005594515784468316,-0.9810073479390349,-0.19396900980649123,0,0,instant_velocity,dbscan_kmeans_fallback,False
1890,72,7.0448986145,0.744141255507,-0.0002946511530000251,0.00021479381980000768,0.005240581229799996,-0.01167523740206,0.005683947204124848,-0.011180544265044843,-0.8080584485207869,0.5890557664962978,2,2,instant_velocity,dbscan_kmeans_fallback,False
1890,103,6.24386840726,0.559657230328,0.000505116263000005,0.0003818556794999983,0.003464255704399992,-0.007660979570800002,0.00439672641330072,-0.008021090692081134,0.7976934514019182,0.6030369584789538,2,2,instant_velocity,dbscan_kmeans_fallback,False
1890,104,7.8890741692,7.89653679312,-0.015616511135,-0.004630000113999966,-0.0054889300590000014,0.0006443814592000052,-0.004099320769857578,0.00017297737826247228,-0.9587492540166229,-0.2842510159292597,0,0,instant_velocity,dbscan_kmeans_fallback,False
1890,105,7.27851488618,3.07632481831,0.06823278854100004,-0.015632216881000006,0.0644107421498,-0.018873216961200007,0.06242331573187236,-0.017385227723269826,0.9747460618220053,-0.22331553741419027,-1,-1,instant_velocity,dbscan_kmeans_fallback,False
1890,106,10.1141113082,5.85313158797,-0.033548138469999954,-0.008949742489000023,-0.033817533813999996,-0.005446216629599991,-0.03378914456109809,-0.004297973951976575,-0.9662090426081015,-0.2577586273413808,0,0,instant_velocity,dbscan_kmeans_fallback,False
1890,107,10.0053008465,6.59536356508,-0.030601626939999883,-0.011264742546999962,-0.032899905935999986,-0.0016562990099999908,-0.03263832801345748,-0.0019213367965028485,-0.9384377066442553,-0.34544761892795794,0,0,instant_velocity,dbscan_kmeans_fallback,False
1890,108,10.9869101178,6.66887078339,-0.03752592903999989,0.010954484806999964,-0.037134463941999984,0.0034557938997999927,-0.03598036920182311,0.003932483642200697,-0.9599349413263741,0.2802220491132762,3,3,instant_velocity,dbscan_kmeans_fallback,False
1890,109,11.0654136037,7.46861977223,-0.02847592933000005,0.00983278374800003,-0.03115725482800002,0.007890092978399998,-0.030019271719504005,0.006914263669956015,-0.9452345025830575,0.3263909791086549,3,3,instant_velocity,dbscan_kmeans_fallback,False
1890,110,1.28657321514,7.68603884977,0.0302227897421,-0.0006205154789999945,0.0302227897421,-0.0006205154789999945,0.02296629792509084,-0.0004665178569020973,0.9997889671620057,-0.02052704383517757,-1,-1,instant_velocity,dbscan_kmeans_fallback,False
1890,111,13.8808053751,6.69202078397,-0.02666592939000001,-0.016706185978999956,-0.02666592939000001,-0.016706185978999956,-0.017516421772260003,-0.010975964188559992,-0.8474265118402904,-0.5309121127294447,4,4,instant_velocity,dbscan_kmeans_fallback,False
1890,112,13.9586774657,6.10897489327,-0.040724998710000015,-0.013842268383000001,-0.040724998710000015,-0.013842268383000001,-0.020774169111300016,-0.0070645687311300005,-0.9468025004935622,-0.321814480851272,4,4,instant_velocity,dbscan_kmeans_fallback,False
1890,222,13.5741577104,7.13306409384,0.006145581200000016,-0.0029832474960000076,0.006979023035999994,-0.0037230928754000024,0.007223290240789859,-0.003888772082361285,0.8996074399022461,-0.4366961488477845,5,5,instant_velocity,dbscan_kmeans_fallback,False
1890,232,6.17651957218,9.06931104891,-0.0009681395039999429,0.000429587638999962,-0.0009639302019999895,0.00043436083540001393,-0.0009635485222915519,0.000434290183914011,-0.9140468378485561,0.4055853741990942,0,0,instant_velocity,dbscan_kmeans_fallback,False
1890,233,6.08644050526,8.42206567209,-0.0007576743950000519,0.0013364948789998722,-0.0007450464880000141,0.0013508144663999743,-0.0035019615326396638,0.0008933223914267778,-0.4931706109522753,0.8699251292646745,0,0,instant_velocity,dbscan_kmeans_fallback,False
1890,236,8.44259740752,8.86072238396,-0.034432091935000034,-0.006515412531999942,-0.023428976003400024,0.0017708557138000102,-0.027534780399549867,-0.0010185154354513779,-0.9825635382041663,-0.1859255836789349,0,0,instant_velocity,dbscan_kmeans_fallback,False
1890,237,8.30284857473,9.34949765377,-0.036831394184000034,-0.008949742490000112,-0.03164974318540001,-0.003016659868399998,-0.0319441237523419,-0.004199867513532081,-0.9717233366629646,-0.23612121743778977,0,0,instant_velocity,dbscan_kmeans_fallback,False
1890,238,7.62767650305,7.27411203547,-0.043208487005999975,0.036419485437,-0.04349051025300001,0.049617372360599994,-0.04636167438945052,0.04558896039481998,-0.7646198486590717,0.6444812899654028,-1,-1,instant_velocity,dbscan_kmeans_fallback,False
1890,239,8.15699625376,3.64815369842,-0.06360255612800003,0.018854124176999987,-0.0647937886488,0.02501154701,-0.06205206482813827,0.02159723246960726,-0.958761325195088,0.2842119276614311,-1,-1,instant_velocity,dbscan_kmeans_fallback,False
1890,240,2.69542665897,12.139908032,0.02597139452699997,-0.015894742660000107,0.024498138760399996,-0.019474639658000007,0.022851086531051938,-0.01696890444413708,0.8529403866646991,-0.522007701059802,6,6,instant_velocity,dbscan_kmeans_fallback,False
1890,241,3.44783942589,12.1391920526,0.02148848769299998,-0.01923597986000001,0.021446394670999992,-0.020825454123999984,0.01949787221873694,-0.019014415152090965,0.745078412080937,-0.666976361187974,6,6,instant_velocity,dbscan_kmeans_fallback,False
1890,276,13.4133623667,9.39006981973,-0.004083023120000107,0.0030787114169999797,-0.004083023120000107,0.0030787114169999797,-0.018186205935057022,0.0025394357330333827,-0.7984522484609301,0.6020548943807855,5,5,instant_velocity,dbscan_kmeans_fallback,False
1890,314,10.7600287296,10.3101033476,-0.03245371989999999,0.01591860864000001,-0.03184758038799998,0.009026113624800018,-0.031651721084032865,0.010040591870653887,-0.8978119584518564,0.4403783986225583,-1,-1,instant_velocity,dbscan_kmeans_fallback,False
1890,320,4.84722193979,11.8812008091,-0.00871325553800002,0.021407784029999988,-0.011912325204799998,0.011746835341999997,-0.013074229558411738,0.012679346088350321,-0.37698373639980165,0.9262194109277576,7,7,instant_velocity,dbscan_kmeans_fallback,False
1890,340,14.4677925659,7.29105688125,0.020478255169999925,-0.019880361315999996,0.020979162128000012,-0.015842237504799996,0.020117241878283364,-0.015540583328502534,0.7175032519884111,-0.6965546515814149,-1,-1,instant_velocity,dbscan_kmeans_fallback,False
1890,345,4.54036380995,10.7179729453,-0.004777557989000059,0.021694175789999902,-0.012320627517600009,0.020567701538600006,-0.011998024348091425,0.015939221148911928,-0.21506947350924044,0.9765982906151454,7,7,instant_velocity,dbscan_kmeans_fallback,False
1890,346,4.12511614866,10.4850409808,-0.008250232296999994,0.026634433649999956,-0.015574418112200004,0.025455454237199967,-0.016090942549280878,0.019756713345199257,-0.29588787227578006,0.9552223038416262,7,7,instant_velocity,dbscan_kmeans_fallback,False
1890,347,13.753894914,8.37695896994,0.02390883645000006,0.0,0.027015301469999996,0.0004439072274000111,0.02612506293233273,-0.0004003887926719863,0.9999995817447729,0.0,5,5,instant_velocity,dbscan_kmeans_fallback,False
1890,350,11.8786507873,12.2575673133,0.025255813159999897,-0.028639175960000075,0.025255813159999897,-0.028639175960000075,0.0075767439479999706,-0.008591752788000024,0.6614145860099129,-0.7500201474902175,-1,-1,instant_velocity,dbscan_kmeans_fallback,False
1890,351,13.2172088845,13.3623235262,0.0,0.0,0.0,0.0,0.0,0.0,0.0,0.0,-1,-1,instant_velocity,dbscan_kmeans_fallback,False
1890,376,14.2329135035,8.73280073131,-0.0005051162699999167,-0.0003579896999999832,-0.000496697659999974,-0.00035321650360000236,-0.00048119730815515357,-0.0003681740699371685,-0.8158596583114863,-0.5782220286055444,5,5,instant_velocity,dbscan_kmeans_fallback,False
1890,421,3.26515571073,4.8340542432,-0.016689883192999976,-0.004128814535000025,-0.029789231616399993,0.003293505236199987,-0.027844109016581395,0.0013241016778155808,-0.9707364480063423,-0.24014492551175565,8,8,instant_velocity,dbscan_kmeans_fallback,False
1890,422,3.11635687823,5.51375735278,-0.023950929474999993,-0.001646752618000047,-0.03417953380299999,0.0037469588555999957,-0.033159381983909324,0.0026736676709520645,-0.9976442882209383,-0.06859330220046185,8,8,instant_velocity,dbscan_kmeans_fallback,False
1890,423,4.36399404809,4.92999548268,-0.035947440723999954,-0.015345825122,-0.038190998792599996,-0.014921010678000002,-0.038009201860687195,-0.01228869907479355,-0.9197017233793722,-0.39261715235151834,0,0,instant_velocity,dbscan_kmeans_fallback,False
1890,424,14.1011623449,2.70282223175,0.02104651096000012,-0.03381809362000001,0.016033232052000024,-0.022486526328999997,0.018167611816993685,-0.022661177489643712,0.5283767077952988,-0.8490097482100046,-1,-1,instant_velocity,dbscan_kmeans_fallback,False
1890,425,9.04305436528,5.59752694248,-0.045734068322,0.015226495222000036,-0.0386161383144,0.010133495095799994,-0.03807474348629451,0.010811995259820576,-0.9487962772697641,0.31588796957190773,3,3,instant_velocity,dbscan_kmeans_fallback,False
1890,426,6.99333466264,6.04310478854,-0.039483254564999994,-0.013293350843999985,-0.036503068613400004,0.005002309401999998,-0.03624202243832654,0.0011775407488710731,-0.9477263233640909,-0.3190835876974784,0,0,instant_velocity,dbscan_kmeans_fallback,False
1900,64,8.99885669226,7.1631352286,-0.02586616197299989,-0.0013603608580000427,-0.02408141784279998,-0.0031216701802000025,-0.02356835579451141,-0.0026547828846724556,-0.9986195019713795,-0.05251969286882988,0,0,instant_velocity,dbscan_kmeans_fallback,False
1900,65,9.02032413344,7.65668369441,-0.024140348073999895,-0.004916391874000059,-0.024826464331199994,-0.005131185693799996,-0.02464780877594783,-0.004253731251389235,-0.9798847754218043,-0.19956205820117257,0,0,instant_velocity,dbscan_kmeans_fallback,False
1900,66,9.03021599359,6.54619964634,-0.021656859781000116,-0.0035082990560000304,-0.02262499928420002,-0.0038567423633999987,-0.02229220567855056,-0.0035313812634597446,-0.9871311160111804,-0.15991012535845822,0,0,instant_velocity,dbscan_kmeans_fallback,False
1900,67,5.52491959278,5.59394704548,-0.03182232457500005,0.014558247782000055,-0.0320454175916,0.01519308284960001,-0.0323084456905682,0.015570581924259284,-0.9093564083085102,0.4160172486175104,-1,-1,instant_velocity,dbscan_kmeans_fallback,False
1900,68,12.150782174,12.800041038,0.0021256976100000103,0.013818402399999919,-0.004045139408000011,0.021231175781999987,-0.002913846722583078,0.02057262629066385,0.1520423707875067,0.9883732528596811,1,1,instant_velocity,dbscan_kmeans_fallback,False
1900,69,12.5494030916,12.8680590809,0.0004630232400000267,0.02224309333000001,-0.009433046213999994,0.024620144938000018,-0.007118462785837164,0.025426994171774114,0.020811976892688225,0.9997829577751671,1,1,instant_velocity,dbscan_kmeans_fallback,False
1900,70,10.0520241008,8.4927089728,-0.037420696489999905,-0.002482061917000067,-0.034469975654,-0.0052457423978000154,-0.03436658548261176,-0.0038057369558362553,-0.9978072250025417,-0.06618314317982199,0,0,instant_velocity,dbscan_kmeans_fallback,False
1900,71,10.0526554962,8.94067341687,-0.03586325468000009,-0.004104948554999943,-0.033489208242,-0.005813752721000007,-0.03362655901024739,-0.005147645615627804,-0.9935127221788752,-0.11371858604781332,0,0,instant_velocity,dbscan_kmeans_fallback,False
1900,72,7.04174163785,0.746527853504,-0.0003156976649999699,0.00023865979969999173,0.0034516277978000076,-0.007832814626520001,0.003884053743387402,-0.007754783045621392,-0.7976858935964374,0.6030312437985653,2,2,instant_velocity,dbscan_kmeans_fallback,False
1900,103,6.249130035,0.563475787123,0.0005261627740000385,0.0003818556794999983,0.00212569760720001,-0.004004711439200001,0.0032355573215105153,-0.005500206780606794,0.8093145300454565,0.5873493243360979,2,2,instant_velocity,dbscan_kmeans_fallback,False
1900,104,7.73290905786,7.85047545177,-0.015616511134,-0.004606134134999973,-0.008086069511800015,-0.0007016598111999884,-0.007554477879100305,-0.0012607560757162614,-0.9591477808468304,-0.2829033512004704,0,0,instant_velocity,dbscan_kmeans_fallback,False
1900,105,7.96231602735,2.93623151587,0.068380114117,-0.014009330243999996,0.06592188163679999,-0.0172360107354,0.06421035524741064,-0.016372458479488875,0.9796514879781545,-0.20070544479685162,-1,-1,instant_velocity,dbscan_kmeans_fallback,False
1900,106,9.78220783028,5.7500305545,-0.03319034779199992,-0.010310103346999977,-0.03363232451839998,-0.007178886775399995,-0.033609505530368636,-0.0061016127704835955,-0.9549852238138209,-0.29665240069438625,0,0,instant_velocity,dbscan_kmeans_fallback,False
1900,107,9.69970550731,6.45694088125,-0.03055953391900008,-0.013842268383000001,-0.031102533899799986,-0.005293474357599983,-0.03201468978512026,-0.005497616272451994,-0.9109092239816318,-0.4126060948548845,0,0,instant_velocity,dbscan_kmeans_fallback,False
1900,108,10.6114403622,6.77865429126,-0.037546975560000105,0.010978350786999958,-0.037332301146000016,0.005627598077199991,-0.03645035110927621,0.006046243785640476,-0.9598129877308019,0.28063947926748006,0,0,instant_velocity,dbscan_kmeans_fallback,False
1900,109,10.7690787293,7.53806977395,-0.02963348743999994,0.006945000171999993,-0.030113347885999994,0.008238536286200002,-0.029903536435652786,0.006923484620569208,-0.9736185341088888,0.22818039559263656,0,0,instant_velocity,dbscan_kmeans_fallback,False
1900,110,1.56586041561,7.73257751072,0.027928720047,0.004653866094999959,0.029763975803164,0.00043913403159999474,0.02445502456166359,0.0010695973286685197,0.9863988473944449,0.16436729446644113,-1,-1,instant_velocity,dbscan_kmeans_fallback,False
1900,111,13.4802902715,6.65264191701,-0.04005151036000001,-0.003937886695999993,-0.04005151036000001,-0.003937886695999993,-0.024276948348582003,-0.008864540940791992,-0.9952010506707862,-0.09784871886368739,3,3,instant_velocity,dbscan_kmeans_fallback,False
1900,112,13.5512170135,5.97031354963,-0.040746045219999874,-0.013866134363999994,-0.040746045219999874,-0.013866134363999994,-0.026765731943909972,-0.009105038420990998,-0.9466841263819176,-0.3221625368990267,3,3,instant_velocity,dbscan_kmeans_fallback,False
1900,222,13.6524507312,7.05764759713,0.007829302080000034,-0.007541649670999994,0.0064781160740000135,-0.003894927931200005,0.007405093792552911,-0.004984635358952898,0.7202128305183557,-0.6937518569124758,-1,-1,instant_velocity,dbscan_kmeans_fallback,False
1900,232,6.16683817714,9.07384558511,-0.0009681395040000318,0.00045345361999995506,-0.0009639302020000073,0.0004391340316000125,-0.0009649258168040959,0.00044003921473979423,-0.905580471887111,0.42415245063532137,0,0,instant_velocity,dbscan_kmeans_fallback,False
1900,233,6.07907422642,8.43566928067,-0.0007366278839999296,0.0013603608580000427,-0.0007450464881999963,0.0013555876623999907,-0.0026723614380477433,0.0010334339313987574,-0.47616299480262625,0.8793496882581117,0,0,instant_velocity,dbscan_kmeans_fallback,False
1900,236,8.06944276815,8.73065279312,-0.037315463937000005,-0.01300695908399998,-0.0283664874754,-0.002167030981399982,-0.030468985460784907,-0.004615048530015959,-0.9442791105270761,-0.329145036900458,0,0,instant_velocity,dbscan_kmeans_fallback,False
1900,237,7.85034858903,9.36333992216,-0.045249998569999936,0.0013842268390000356,-0.035185557027200005,-0.003069165024200018,-0.035935886197639315,-0.0025246392077724455,-0.9995322134297789,0.030576339447486833,0,0,instant_velocity,dbscan_kmeans_fallback,False
1900,238,7.2309497714,7.62565792044,-0.039672673165000026,0.03515458849700002,-0.043747277686800014,0.044638928938400005,-0.04435497402211537,0.04245864882547399,-0.7484388093458936,0.6632035670576302,-1,-1,instant_velocity,dbscan_kmeans_fallback,False
1900,239,7.51570906473,3.8300124658,-0.0641287189029999,0.018185876738000005,-0.0628869747554,0.022882701596399997,-0.06267506105059675,0.020573825750125084,-0.9620633132127723,0.2728257343594138,-1,-1,instant_velocity,dbscan_kmeans_fallback,False
1900,240,2.99681269596,12.0138956578,0.03013860369900003,-0.012601237420000012,0.025941929412400002,-0.017326701458000002,0.02503734168143637,-0.01565860433689596,0.9226033316769594,-0.38574924515597653,4,4,instant_velocity,dbscan_kmeans_fallback,False
1900,241,3.71576151044,12.0306018438,0.026792208455000032,-0.01085902088000008,0.0222209062742,-0.018963907683999998,0.021686173089615866,-0.0165677968704637,0.9267712852258859,-0.37562520290761126,4,4,instant_velocity,dbscan_kmeans_fallback,False
1900,276,13.3727426005,9.42085693389,-0.004061976619999896,0.003078711416000068,-0.027465696806000004,0.0033889691559999945,-0.013948937140539883,0.0027012184379233885,-0.7969530266568732,0.6040380363352227,5,5,instant_velocity,dbscan_kmeans_fallback,False
1900,314,10.5064182725,10.3833719061,-0.025361045710000064,0.007326855850000058,-0.030222789742000024,0.010057123959199998,-0.029764518471823022,0.009226471064457738,-0.9607104701694634,0.27755113921591607,-1,-1,instant_velocity,dbscan_kmeans_fallback,False
1900,320,4.78239868602,12.0687874117,-0.00648232537700002,0.01875866026000015,-0.008780604373600003,0.014710990054000029,-0.011096658303988224,0.014503140339845271,-0.32661285568190335,0.945157677216249,6,6,instant_velocity,dbscan_kmeans_fallback,False
1900,340,14.6723646524,7.09225326808,0.02045720865000007,-0.019880361316999995,0.01988474355600001,-0.019130969545200004,0.020219231909798373,-0.016842516725051774,0.7171451829043197,-0.6969232995960999,-1,-1,instant_velocity,dbscan_kmeans_fallback,False
1900,345,4.49237776496,10.9349147033,-0.004798604499000003,0.021694175800000083,-0.009306767147600006,0.02040063968000002,-0.009838198393363997,0.017665707544238372,-0.21597281562305778,0.9763989157939597,6,6,instant_velocity,dbscan_kmeans_fallback,False
1900,346,4.04619173255,10.7635569671,-0.007892441611000046,0.02785159863000004,-0.011773418232400008,0.02519292845820001,-0.013631392267796628,0.02218517893063949,-0.27263942250372464,0.9621159256604979,6,6,instant_velocity,dbscan_kmeans_fallback,False
1900,347,13.9929832786,8.37695896994,0.02390883646000006,0.0,0.028337022360000005,0.00010023711580000593,0.02546019499063293,-0.0002802721548703904,0.9999995817447731,0.0,-1,-1,instant_velocity,dbscan_kmeans_fallback,False
1900,350,12.1265786864,11.9785740074,0.024792789910000047,-0.027899330589999848,0.024792789910000047,-0.027899330589999848,0.012741557736599993,-0.014384026128599972,0.6642646478703388,-0.7474971182129613,7,7,instant_velocity,dbscan_kmeans_fallback,False
1900,351,13.3224414393,13.1367900154,0.01052325548000006,-0.022553351080000006,0.01052325548000006,-0.022553351080000006,0.0031569766440000184,-0.0067660053240000025,0.4228311269917795,-0.906208052510155,7,7,instant_velocity,dbscan_kmeans_fallback,False
1900,376,14.228072806,8.72945949412,-0.00048406975000006016,-0.00033412371899999016,-0.0004924883560000026,-0.000348443307599986,-0.00048205904070862556,-0.000357958964656015,-0.8229742491447206,-0.5680487507542546,5,5,instant_velocity,dbscan_kmeans_fallback,False
1900,421,3.09089059996,4.80255114963,-0.01742651107700004,-0.0031503093569999587,-0.024801208518200005,0.0006300618712000095,-0.024718829634706986,-1.8221632629081296e-05,-0.9840492096931973,-0.17789329254416467,8,8,instant_velocity,dbscan_kmeans_fallback,False
1900,422,2.87684758347,5.4972898266,-0.023950929475999992,-0.001646752617999958,-0.02933041767740001,0.0028830103806000017,-0.030396846231536524,0.0013775415842664576,-0.9976442882211346,-0.06859330219760773,8,8,instant_velocity,dbscan_kmeans_fallback,False
1900,423,4.01630568698,4.82617846981,-0.03476883611100003,-0.010381701286999955,-0.037079743014,-0.014582113762399995,-0.03703709213578105,-0.011716599738455472,-0.9581965070709244,-0.2861099485441176,8,8,instant_velocity,dbscan_kmeans_fallback,False
1900,424,14.2714286186,2.20640984835,0.017026627369999936,-0.049641238340000005,0.01572174368999999,-0.030438670855400005,0.01782531648289556,-0.0307551957447506,0.32443976428522187,-0.9459061572131051,-1,-1,instant_velocity,dbscan_kmeans_fallback,False
1900,425,8.55182879941,5.78654550385,-0.049122556586999974,0.018901856137000017,-0.041331138227800004,0.011608412658000002,-0.041389087416506154,0.013238953522974408,-0.9332908947928733,0.35912076758674827,-1,-1,instant_velocity,dbscan_kmeans_fallback,False
1900,426,6.57956025711,5.87031509355,-0.04137744055299999,-0.017278969498999965,-0.03635995233900001,-0.0026777629527999914,-0.03778264787272857,-0.004359412325490239,-0.922772635300543,-0.38534428439203866,-1,-1,instant_velocity,dbscan_kmeans_fallback,False
1910,64,8.74040553764,7.14953162002,-0.025845115462000124,-0.0013603608579999538,-0.024586534106400004,-0.002615711404799992,-0.024251383694758023,-0.002266456276670705,-0.9986172576642568,-0.052562343219053204,0,0,instant_velocity,dbscan_kmeans_fallback,False
1910,65,8.7658718159,7.64904658082,-0.02544523175400002,-0.0007637113589999522,-0.024746487589999974,-0.004195639278799988,-0.024887035669363487,-0.0032067252836724502,-0.9995494934960231,-0.030000406734183485,0,0,instant_velocity,dbscan_kmeans_fallback,False
1910,66,8.75640088597,6.53927851215,-0.027381510761999905,-0.0006921134189999733,-0.0232353481026,-0.0031025773961999904,-0.023818997203585362,-0.002679600910121813,-0.9996803329892491,-0.025268590151440066,0,0,instant_velocity,dbscan_kmeans_fallback,False
1910,67,5.14208355837,5.67795529498,-0.038283603440999944,0.008400824950000007,-0.0331187896506,0.013321990020000013,-0.034100993015697724,0.0134196548319815,-0.9767595484402042,0.21433682430999715,-1,-1,instant_velocity,dbscan_kmeans_fallback,False
1910,68,12.1722496152,12.9384637219,0.0021467441200000437,0.01384226839,-0.0017552790139999884,0.018496134477999995,-0.0013956694698081414,0.018553518920464696,0.15325398000762136,0.98818611092837,1,1,instant_velocity,dbscan_kmeans_fallback,False
1910,69,12.5542437892,13.0904900143,0.00048406975999988334,0.02224309334000001,-0.006642278860000026,0.023340928412000004,-0.00483770302208605,0.024471823922241884,0.021757538144880906,0.9997628271704336,1,1,instant_velocity,dbscan_kmeans_fallback,False
1910,70,9.65656015984,8.48554917881,-0.039546394096000095,-0.0007159793989998775,-0.03606530118520002,-0.003751732051599994,-0.03592052806662826,-0.0028788096887853417,-0.999835895675436,-0.0181018249589691,0,0,instant_velocity,dbscan_kmeans_fallback,False
1910,71,9.65866481093,8.92229661229,-0.039399068526999946,-0.0018376804580000794,-0.0344573477474,-0.005030948578000008,-0.035358311865273155,-0.0041546560683394865,-0.9989137458635953,-0.04659207282383347,0,0,instant_velocity,dbscan_kmeans_fallback,False
1910,72,7.03879512632,0.748675791701,-0.0002946511530000251,0.00021479381969999878,0.001662674366200001,-0.0039951650472,0.002630442274471174,-0.005363909986024975,-0.8080584486513391,0.5890557663172005,2,2,instant_velocity,dbscan_kmeans_fallback,False
1910,103,6.25418119763,0.567294343919,0.000505116263000005,0.0003818556796000072,0.0007787209056000144,-0.00034844330757999976,0.002416425003957362,-0.0037355880425447535,0.7976934513259433,0.6030369585794554,2,2,instant_velocity,dbscan_kmeans_fallback,False
1910,104,7.57674394652,7.80417545063,-0.015616511134,-0.004630000114000055,-0.010683208964599995,-0.0020524742775999984,-0.009973087855570214,-0.0022715292872013994,-0.958749254011661,-0.284251015945996,0,0,instant_velocity,dbscan_kmeans_fallback,False
1910,105,8.66169158664,2.94386862947,0.069937555929,0.0007637113599999968,0.0674288118218,-0.012992639496400003,0.06592851545188745,-0.011231607527642212,0.9999402402180975,0.010919250903634,-1,-1,instant_velocity,dbscan_kmeans_fallback,False
1910,106,9.45577644526,5.62664343804,-0.03264313850200011,-0.012338711646,-0.03333767336480001,-0.009317278580799986,-0.03331959542185808,-0.007972742433138518,-0.9354068285527383,-0.35357247062822755,3,3,instant_velocity,dbscan_kmeans_fallback,False
1910,107,9.39411016814,6.31827953761,-0.03055953391700008,-0.013866134364000082,-0.03069423158720003,-0.008109659994400005,-0.0315781430246842,-0.008008171699916421,-0.9106417377377676,-0.4131961150727513,3,3,instant_velocity,dbscan_kmeans_fallback,False
1910,108,10.2359706066,6.88819913933,-0.03754697555999993,0.010954484807000054,-0.03741648719000001,0.0076800723548000075,-0.036779338444493326,0.00751871609204835,-0.9599771848564104,0.2800772986301283,0,0,instant_velocity,dbscan_kmeans_fallback,False
1910,109,10.4611682739,7.5788805997,-0.030791045540000006,0.00408108257499995,-0.02930095256199998,0.008009422878399999,-0.030169789166956954,0.006070764006898431,-0.9913301526184521,0.13139210250809838,0,0,instant_velocity,dbscan_kmeans_fallback,False
1910,110,1.83946505813,7.79224246064,0.027360464252000005,0.005966494992000015,0.02919151070512,0.0017565361257999967,0.025326656468764516,0.0025386666276679686,0.9770381710790038,0.2130626622795556,-1,-1,instant_velocity,dbscan_kmeans_fallback,False
1910,111,13.0463112155,6.64524346322,-0.04339790560000001,-0.0007398453790000481,-0.032685231524000005,-0.0109592580028,-0.030013235524007406,-0.006427132272254409,-0.9998544849878135,-0.01704547051668564,4,4,instant_velocity,dbscan_kmeans_fallback,False
1910,112,13.0970333069,5.97437076623,-0.045418370660000026,0.0004057216599999691,-0.045418370660000026,0.0004057216599999691,-0.03236152355873699,-0.006251810396693707,-0.9999598831125227,0.00893262743278223,4,4,instant_velocity,dbscan_kmeans_fallback,False
1910,222,13.7703111926,6.87626614934,0.01178604613999994,-0.018138144778999978,0.007606209061999998,-0.006925907387799999,0.00871937949678702,-0.008930688184967023,0.5448662878715078,-0.8385223931093263,5,5,instant_velocity,dbscan_kmeans_fallback,False
1910,232,6.15715678209,9.0781414615,-0.000968139504999943,0.000429587638999962,-0.0009639302021999896,0.00043913403139999473,-0.00096588992326285,0.0004369037420178445,-0.914046838003875,0.4055853738490802,0,0,instant_velocity,dbscan_kmeans_fallback,False
1910,233,6.07149748248,8.44927288926,-0.0007576743940000518,0.0013603608589999538,-0.000749255790200003,0.0013555876623999907,-0.0020979553248334356,0.0011315120096791163,-0.48658094772321847,0.8736281458889105,0,0,instant_velocity,dbscan_kmeans_fallback,False
1910,236,7.68197650133,8.59175278968,-0.038746626681999886,-0.013890000344000165,-0.0335902314962,-0.006281525928600012,-0.03295227782714941,-0.007397534074211221,-0.9413414890824686,-0.3374547599843405,-1,-1,instant_velocity,dbscan_kmeans_fallback,False
1910,237,7.37680209237,9.40319610871,-0.047354649666000004,0.003985618655000067,-0.039138091785999994,-0.002601391816799996,-0.03936151523814752,-0.0005715618489406913,-0.9964765979909784,0.08386875937708359,0,0,instant_velocity,dbscan_kmeans_fallback,False
1910,238,6.97460326788,7.92660792788,-0.025634650351999966,0.030095000744,-0.04136060334360001,0.0387488050814,-0.03873887692108075,0.0387495544010318,-0.6484394403006375,0.7612659104111449,-1,-1,instant_velocity,dbscan_kmeans_fallback,False
1910,239,6.83106606312,3.87464184835,-0.06846430016100005,0.0044629382550000155,-0.0627438584814,0.018247928286199998,-0.06441183278371775,0.015740559501587564,-0.9978819712356786,0.06504828958931526,-1,-1,instant_velocity,dbscan_kmeans_fallback,False
1910,240,3.32619059252,11.9100786449,0.032937789656000006,-0.010381701289999868,0.0279497665582,-0.014734856034000004,0.027407476073805462,-0.01407553342282713,0.9537460993751554,-0.30061237301063753,6,6,instant_velocity,dbscan_kmeans_fallback,False
1910,241,3.98368359499,11.9253528721,0.026792208454999987,-0.010524897170000002,0.022999627179799996,-0.017040309700000016,0.0232179836992311,-0.014754926960324592,0.930758420944288,-0.36563378815911096,6,6,instant_velocity,dbscan_kmeans_fallback,False
1910,242,0.346425570444,4.11282432846,0.0,0.0,0.0,0.0,0.0,0.0,0.0,0.0,-1,-1,instant_velocity,dbscan_kmeans_fallback,False
1910,276,13.7132751479,9.48171518282,0.03405325473999987,0.0060858248929999805,-0.008700627632,0.0038424227754000027,0.00045172042362204463,0.003716600374446366,0.9844028360911822,0.17592747977732712,-1,-1,instant_velocity,dbscan_kmeans_fallback,False
1910,314,10.3590926958,10.327525513,-0.014732557670000012,-0.005584639310000128,-0.02704476658600001,0.0076371135907999845,-0.025254930231276118,0.004783137952120377,-0.9350720950588389,-0.35445579082194517,-1,-1,instant_velocity,dbscan_kmeans_fallback,False
1910,320,4.80639170852,12.1504090632,0.0023993022500000015,0.0081621651499999,-0.0062844881734000066,0.015307639553999976,-0.007047870137791756,0.01260084778289166,0.2820216103573485,0.9594068273830859,-1,-1,instant_velocity,dbscan_kmeans_fallback,False
1910,340,14.7961181369,6.81493058082,0.01237534844999999,-0.027732268726000077,0.018571441274000015,-0.02109752629460001,0.01786606687185886,-0.020109442325336263,0.40750988356528733,-0.9132004359468004,5,5,instant_velocity,dbscan_kmeans_fallback,False
1910,345,4.44923241748,11.1215466666,-0.004314534747999943,0.01866319633,-0.006604395140200001,0.019784897396000006,-0.00818109929975478,0.01796495417996686,-0.22523821157892548,0.9743031889276653,7,7,instant_velocity,dbscan_kmeans_fallback,False
1910,346,3.9815789439,10.9599739822,-0.0064612788649999866,0.019641701509999977,-0.008376511363,0.02357958821079997,-0.011480358246957634,0.021422135704447634,-0.31248385336041085,0.9499225621799263,7,7,instant_velocity,dbscan_kmeans_fallback,False
1910,347,14.2787948974,8.25691309069,0.028581161879999862,-0.01200458792500001,0.028370696775999987,-0.002400917585000002,0.02639648505744301,-0.0037975668859092765,0.9219760504055564,-0.38724606817271195,-1,-1,instant_velocity,dbscan_kmeans_fallback,False
1910,350,12.356196121,11.7289358569,0.022961743459999972,-0.024963815050000095,0.022961743459999972,-0.024963815050000095,0.015807613453619987,-0.01755796280502001,0.6769770253460523,-0.7360037482902049,8,8,instant_velocity,dbscan_kmeans_fallback,False
1910,351,13.4276739941,12.9114951645,0.010523255479999882,-0.0225294850900001,0.010523255479999882,-0.0225294850900001,0.005366860294799977,-0.011495049253800033,0.42319885587855754,-0.9060363812074977,8,8,instant_velocity,dbscan_kmeans_fallback,False
1910,352,10.9656531417,13.4365467239,0.0,0.0,0.0,0.0,0.0,0.0,0.0,0.0,-1,-1,instant_velocity,dbscan_kmeans_fallback,False
1910,376,14.2230216434,8.72587959712,-0.0005051162600000936,-0.0003579896999999832,-0.0004966976580000093,-0.000348443307599986,-0.000488976206496066,-0.00035796818525920545,-0.8158596529109898,-0.5782220362251682,-1,-1,instant_velocity,dbscan_kmeans_fallback,False
1910,421,2.85180223543,4.85672692417,-0.02390883645299997,0.005417577454,-0.022262999296199997,0.000257752583799995,-0.02447583168019488,0.0016125180933596432,-0.9752754964617385,0.2209907015532245,9,9,instant_velocity,dbscan_kmeans_fallback,False
1910,422,2.70573944935,5.47533312503,-0.017110813411999982,-0.0021956701570000625,-0.025891417786,0.0010310103347999978,-0.02641103638567556,0.0003055780618865015,-0.9918666348017605,-0.1272769398695555,9,9,instant_velocity,dbscan_kmeans_fallback,False
1910,423,3.66840686077,4.72236145693,-0.03478988262099998,-0.010381701288000044,-0.0361073942074,-0.013536783839800002,-0.036362929281346726,-0.011316130203318843,-0.9582439476529191,-0.2859510201267995,-1,-1,instant_velocity,dbscan_kmeans_fallback,False
1910,424,14.4244367533,1.64245674163,0.01530081347000003,-0.05639531067199999,0.016950859929999992,-0.0383955885778,0.017067965579026904,-0.03844723022292542,0.26184721864555793,-0.9651091605729718,-1,-1,instant_velocity,dbscan_kmeans_fallback,False
1910,425,8.08186020962,5.96172179684,-0.04699685897899997,0.01751762929899998,-0.043524184669599994,0.013002185888399999,-0.0430714188852543,0.01452255625578208,-0.9370232403780694,0.3492664430366586,0,0,instant_velocity,dbscan_kmeans_fallback,False
1910,426,6.1659963167,5.69728673876,-0.04135639404099996,-0.017302835479000044,-0.03722706859059999,-0.00851538165380001,-0.03885477172320999,-0.008242439271543181,-0.9225134136026663,-0.38596444861496215,-1,-1,instant_velocity,dbscan_kmeans_fallback,False
1920,64,8.48174391791,7.13592801143,-0.02586616197299989,-0.0013603608590000427,-0.02509585967179998,-0.0021145258255999976,-0.024735817178230583,-0.001994627651369506,-0.9986195019693548,-0.05251969290733058,0,0,instant_velocity,dbscan_kmeans_fallback,False
1920,65,8.50279042887,7.66885534419,-0.026308138703000063,0.0019808763369999483,-0.02483488293579999,-0.0027064021288000007,-0.02531336657945446,-0.0016504447974707306,-0.9971769355914722,0.07508262814845264,0,0,instant_velocity,dbscan_kmeans_fallback,False
1920,66,8.468484616,6.53927851215,-0.028791626997000108,0.0,-0.024232952722400006,-0.0022481753131999935,-0.025310786141609788,-0.0018757206370852689,-0.9999996526769214,0.0,0,0,instant_velocity,dbscan_kmeans_fallback,False
1920,67,4.75209171023,5.75528107009,-0.03899918481400002,0.007732577510999939,-0.0345541616984,0.011956855965599988,-0.03557045055518841,0.011713531635687032,-0.9809044076478157,0.19448917712493732,1,1,instant_velocity,dbscan_kmeans_fallback,False
1920,68,12.1935065913,13.0768864057,0.0021256976100000103,0.01384226838,0.0005303720759999919,0.015756319977999988,-0.00033925934586569563,0.017140143758325288,0.151786273564201,0.9884126157886394,2,2,instant_velocity,dbscan_kmeans_fallback,False
1920,69,12.5590844867,13.3129209476,0.00048406975000006016,0.02224309333000001,-0.004061976616000003,0.022825423244000012,-0.0032411711904602163,0.02380320474456932,0.02175753770540757,0.9997628271799976,2,2,instant_velocity,dbscan_kmeans_fallback,False
1920,70,9.26109621885,8.47815072502,-0.039546394099,-0.0007398453789999593,-0.03743332439900002,-0.002491608308999993,-0.03700828787633978,-0.002237120395849727,-0.9998247931020618,-0.018705011413540123,0,0,instant_velocity,dbscan_kmeans_fallback,False
1920,71,9.26488459083,8.90391980771,-0.03937802201,-0.0018376804579999018,-0.0358632546794,-0.004119268142999993,-0.036564224908691205,-0.003459563385237611,-0.9989125864336984,-0.046616920953347435,0,0,instant_velocity,dbscan_kmeans_fallback,False
1920,72,7.03584861478,0.751062389698,-0.0002946511540000252,0.00023865979970000284,-0.00012206976359999899,-0.00015274227182000111,0.001752914245929814,-0.0036831390503074815,-0.7770532337769112,0.6293929842522227,3,3,instant_velocity,dbscan_kmeans_fallback,False
1920,103,6.25923236026,0.571112900714,0.000505116263000005,0.0003818556794999983,0.0005093255652000117,0.00038185567953999964,0.0018430323816701548,-0.002500354925931328,0.7976934514019182,0.6030369584789538,3,3,instant_velocity,dbscan_kmeans_fallback,False
1920,104,7.31724046635,7.77243369727,-0.025950348016999934,-0.0031741753359999514,-0.015347115793999997,-0.003116896984199986,-0.01476626590399913,-0.002542323101840965,-0.9926017743752705,-0.12141232435988028,0,0,instant_velocity,dbscan_kmeans_fallback,False
1920,105,9.36085668081,2.95174440286,0.06991650941700005,0.000787577339000034,0.06893574200660002,-0.008744495061399994,0.06712491364142123,-0.0076258520676495386,0.9999364180934307,0.01126382409388081,-1,-1,instant_velocity,dbscan_kmeans_fallback,False
1920,106,9.12913459512,5.50325632159,-0.032664185013999966,-0.012338711645,-0.033118789651599985,-0.010577402323399987,-0.03312297229950065,-0.009282533196696963,-0.9354821605401807,-0.3533731095081563,4,4,instant_velocity,dbscan_kmeans_fallback,False
1920,107,9.05547180675,6.17985685378,-0.033863836138999834,-0.013842268383000001,-0.03129195249899997,-0.010720598203200015,-0.03226385095897889,-0.009758400704841495,-0.9256531788580479,-0.3783723639205111,4,4,instant_velocity,dbscan_kmeans_fallback,False
1920,108,9.87397061808,6.98103780142,-0.03619999885200009,0.009283866209000013,-0.03722706859040002,0.009398422912799997,-0.03660553656674535,0.00804826112713385,-0.9686519196529975,0.24842085940156305,0,0,instant_velocity,dbscan_kmeans_fallback,False
1920,109,10.1530473534,7.61969142545,-0.030812092050000038,0.004081082575000039,-0.029637696738000017,0.00694977336760001,-0.03036248003186988,0.005473859577328913,-0.9913418390875489,0.13130390168909944,0,0,instant_velocity,dbscan_kmeans_fallback,False
1920,110,2.11306970064,7.85190741057,0.027360464251000007,0.005966494993000016,0.02861904560688,0.003073938220199999,0.025936798803435163,0.003567015137267583,0.977038171069949,0.2130626623210781,-1,-1,instant_velocity,dbscan_kmeans_fallback,False
1920,111,12.6121216943,6.63760634963,-0.04341895211999987,-0.0007637113589999522,-0.03604004537199998,-0.007770763078599998,-0.034034950502805146,-0.004728105998278071,-0.9998451129393986,-0.017586630554372096,5,5,instant_velocity,dbscan_kmeans_fallback,False
1920,112,12.6308530891,6.01422695278,-0.046618021779999984,0.0039856186549999785,-0.04285069631999999,-0.007436639359000008,-0.036638473025115886,-0.003180581681185601,-0.9963649837514069,0.08518445688598586,5,5,instant_velocity,dbscan_kmeans_fallback,False
1920,222,13.888171654,6.69488470156,0.011786046140000117,-0.018138144777999975,0.008734302050000017,-0.009956886843999993,0.00963937948975095,-0.01169292516287691,0.5448662878926352,-0.838522393095598,-1,-1,instant_velocity,dbscan_kmeans_fallback,False
1920,232,6.14768585216,9.0824373379,-0.0009470929929999983,0.0004295876400000509,-0.0009597209000000007,0.00043436083559999616,-0.0009602508441839946,0.00043470891141250646,-0.9106867672657417,0.4130743042346279,6,6,instant_velocity,dbscan_kmeans_fallback,False
1920,233,6.06413120364,8.46287649784,-0.0007366278840000185,0.0013603608580000427,-0.0007450464880000141,0.0013555876623999907,-0.0016895570925834103,0.0012001666641753943,-0.4761629948026707,0.8793496882580876,6,6,instant_velocity,dbscan_kmeans_fallback,False
1920,236,7.26104628208,8.43256670328,-0.042093021925000064,-0.01591860864000001,-0.03683139418440001,-0.00986619612000002,-0.0356945010565046,-0.009953856443947858,-0.9353484103519292,-0.35372716439717744,-1,-1,instant_velocity,dbscan_kmeans_fallback,False
1920,237,6.93482536216,9.43111930528,-0.04419767302100004,0.0027923196569998865,-0.042093021925199994,-0.0019474639656000292,-0.040812362573003275,0.0004376026028414822,-0.9980100007248992,0.0630522548456908,0,0,instant_velocity,dbscan_kmeans_fallback,False
1920,238,6.71846722947,8.22755793532,-0.025613603841000022,0.030095000744,-0.03659146395940001,0.035460073041399996,-0.03480129499705653,0.03615318830392226,-0.6481307520517167,0.7615287402073033,-1,-1,instant_velocity,dbscan_kmeans_fallback,False
1920,239,6.1354788758,3.88490421974,-0.06955871873200001,0.001026237139000008,-0.06490323050640003,0.013479505488,-0.06595589856820243,0.011326262792811296,-0.9998910406029159,0.01475192958590273,-1,-1,instant_velocity,dbscan_kmeans_fallback,False
1920,240,3.6471498847,11.8341848286,0.032095929217999995,-0.0075893816300000696,0.029418813023400006,-0.012477134328000012,0.028814012017063823,-0.012129687884979012,0.9731634688372808,-0.23011357307077934,7,7,instant_velocity,dbscan_kmeans_fallback,False
1920,241,4.25307893531,11.8489817362,0.026939534031999956,-0.007637113589999878,0.02424558062879999,-0.014214577669999997,0.024334448799061756,-0.012619582949227178,0.9620866051070145,-0.27274282761876534,7,7,instant_velocity,dbscan_kmeans_fallback,False
1920,242,0.61813602697,4.03335061516,0.0271710456526,-0.007947371330000053,0.0271710456526,-0.007947371330000053,0.008151313695780002,-0.0023842113990000164,0.9597859045150905,-0.28073174209073903,-1,-1,instant_velocity,dbscan_kmeans_fallback,False
1920,276,14.1977658302,9.51130899798,0.04844906823000006,0.002959381516000015,0.012943604242000006,0.0036705877196,0.014850924765535452,0.003489434716912461,0.998139473519892,0.060968675275692726,-1,-1,instant_velocity,dbscan_kmeans_fallback,False
1920,314,10.211767119,10.2719177797,-0.014732557680000013,-0.005560773329999868,-0.023870952734,0.005226649614000003,-0.022098218465893285,0.0016799645674843032,-0.9355734830861168,-0.3531302701134482,-1,-1,instant_velocity,dbscan_kmeans_fallback,False
1920,320,4.83038473102,12.2322693745,0.0023993022500000015,0.008186031129999983,-0.0038220463908000112,0.015579711725999985,-0.004213718421454228,0.011276402787024156,0.2812645241499208,0.9596290548453754,8,8,instant_velocity,dbscan_kmeans_fallback,False
1920,340,14.8390530193,6.45932747924,0.0042934882399999095,-0.035560310157999986,0.015612301831999994,-0.024591505762600007,0.013794293282301175,-0.02474470267513538,0.1198676404844322,-0.9927896002654789,-1,-1,instant_velocity,dbscan_kmeans_fallback,False
1920,345,4.40713939556,11.3005415164,-0.004209302192000042,0.01789948497999987,-0.005535232383200004,0.019679887084,-0.006989560167428358,0.017945313419976763,-0.2289185560994614,0.9734450200161648,8,8,instant_velocity,dbscan_kmeans_fallback,False
1920,346,3.93843359642,11.0334812006,-0.0043145347479999875,0.007350721840000141,-0.007311557908399999,0.02067271185220001,-0.009330611197270341,0.017200711545113385,-0.5061982841454733,0.8624157643795938,8,8,instant_velocity,dbscan_kmeans_fallback,False
1920,347,14.5696576789,8.12350226265,0.029086278150000134,-0.01334108280400006,0.027549882849999995,-0.005069134145800014,0.027203422985210148,-0.006660621661336512,0.9089476536942961,-0.41690950797832205,-1,-1,instant_velocity,dbscan_kmeans_fallback,False
1920,350,12.5858135556,11.4795363662,0.022961743459999972,-0.024939949070000012,0.022961743459999972,-0.024939949070000012,0.017953852455533985,-0.01977255868451401,0.677327722423033,-0.7356810222340829,9,9,instant_velocity,dbscan_kmeans_fallback,False
1920,351,13.5329065489,12.6862003136,0.01052325548000006,-0.022529485089999923,0.01052325548000006,-0.022529485089999923,0.006913778850360002,-0.014805380004660001,0.42319885587856615,-0.9060363812074937,9,9,instant_velocity,dbscan_kmeans_fallback,False
1920,352,11.0736217429,13.1978869242,0.010796860119999963,-0.023865979969999885,0.010796860119999963,-0.023865979969999885,0.0032390580359999894,-0.007159793990999966,0.41217865744239857,-0.911102623656271,9,9,instant_velocity,dbscan_kmeans_fallback,False
1920,376,14.2181809459,8.72253835993,-0.0004840697499998825,-0.00033412371899999016,-0.0004924883560000026,-0.000348443307599986,-0.000487504269547211,-0.0003508148453814408,-0.8229742491446231,-0.5680487507543958,-1,-1,instant_velocity,dbscan_kmeans_fallback,False
1920,421,2.61271387089,4.9109026987,-0.023908836454000014,0.005417577453,-0.019724790074200006,-0.00010978350800000314,-0.02430573311233642,0.0027540359012517505,-0.9752754964725223,0.22099070150563316,1,1,instant_velocity,dbscan_kmeans_fallback,False
1920,422,2.60282201074,5.44764858826,-0.010291743861000003,-0.0027684536769999823,-0.0210928132866,-0.0009355464148000081,-0.02157524862827289,-0.0006166314597794438,-0.965671370783428,-0.25976321343846875,1,1,instant_velocity,dbscan_kmeans_fallback,False
1920,423,3.41121849681,4.85577228497,-0.025718836396000012,0.013341082803999971,-0.03345974312819999,-0.007737350706800008,-0.033169701415742714,-0.003918966301123198,-0.8876781922795595,0.4604636105678739,1,1,instant_velocity,dbscan_kmeans_fallback,False
1920,424,14.627325119,1.21119848355,0.02028883656999998,-0.04312582580799999,0.018941859866000003,-0.043354939215800005,0.018034226876318827,-0.03985080889844779,0.4256995513086557,-0.9048643392113864,-1,-1,instant_velocity,dbscan_kmeans_fallback,False
1920,425,7.66092999037,6.10491767667,-0.042093021925000064,0.014319587983000037,-0.044366045109000024,0.014529608606600011,-0.042777899797178026,0.014461665773947467,-0.9467179521897968,0.322063144708929,0,0,instant_velocity,dbscan_kmeans_fallback,False
1920,426,5.86924051213,5.47461714563,-0.029675580457000007,-0.022266959313,-0.0367682546516,-0.013498598271799995,-0.03610101434334699,-0.012449795283980228,-0.7998668423882962,-0.6001770533548816,-1,-1,instant_velocity,dbscan_kmeans_fallback,False
1930,64,8.22687067015,7.15478213561,-0.025487324776000086,0.0018854124179999766,-0.025529417797600013,-0.0009641855907999996,-0.024961269457561434,-0.0008306156305586613,-0.9972746740718385,0.07377290756001458,0,0,instant_velocity,dbscan_kmeans_fallback,False
1930,65,8.23970904184,7.68890276737,-0.026308138703000063,0.0020047423180000303,-0.025268441061600023,-0.0013221752904000006,-0.025611798216518142,-0.0005538886628295022,-0.9971088057903571,0.07598204651363084,0,0,instant_velocity,dbscan_kmeans_fallback,False
1930,66,8.18035788093,6.53927851215,-0.028812673506999963,0.0,-0.025664115467600012,-0.0015465155022000054,-0.02636135235122684,-0.0013130044459596882,-0.9999996529306269,0.0,0,0,instant_velocity,dbscan_kmeans_fallback,False
1930,67,4.3620998621,5.8323681854,-0.03899918481300002,0.007708711531000034,-0.03598953374600001,0.010586948715400002,-0.036599070832531895,0.010512085604280933,-0.981018768630656,0.19391150687205488,-1,-1,instant_velocity,dbscan_kmeans_fallback,False
1930,68,12.2149740324,13.2150704297,0.002146744110000043,0.013818402400000096,0.00213832551200003,0.013832721990000003,0.00040654169089402597,0.016143621350827732,0.1535124341924315,0.9881459924324701,1,1,instant_velocity,dbscan_kmeans_fallback,False
1930,69,12.5637147191,13.5353518809,0.0004630232400000267,0.02224309333000001,-0.0015448139040000087,0.022500845916000003,-0.0021299128613221432,0.023335171320198526,0.020811976892688225,0.9997829577751671,1,1,instant_velocity,dbscan_kmeans_fallback,False
1930,70,8.87215669626,8.45356876565,-0.03889395225900003,-0.0024581959370001626,-0.0381489057708,-0.00213361860940001,-0.03757398719113786,-0.002303443058194858,-0.9980084282555294,-0.06307665127711388,0,0,instant_velocity,dbscan_kmeans_fallback,False
1930,71,8.87089390561,8.88554300313,-0.039399068522000036,-0.0018376804580000794,-0.03727758021780001,-0.003202814512200014,-0.03741467799268385,-0.0029729985070663517,-0.9989137458633202,-0.04659207282973337,0,0,instant_velocity,dbscan_kmeans_fallback,False
1930,72,7.03269163814,0.753210327896,-0.0003156976639999698,0.00021479381979999657,-0.00030306975780000303,0.0002243402117399995,0.0011323306729508788,-0.0025137591892752382,-0.8267594117183777,0.5625091102942257,2,2,instant_velocity,dbscan_kmeans_fallback,False
1930,103,6.26428352289,0.57493145751,0.0005051162629999162,0.00038185567959999613,0.0005093255651999939,0.00038185567953999964,0.0014416575460690832,-0.0016356917442719306,0.7976934513259006,0.6030369585795117,2,2,instant_velocity,dbscan_kmeans_fallback,False
1930,104,7.05752652107,7.74045328411,-0.02597139452800006,-0.003198041316000033,-0.019754255189599997,-0.004047670202999996,-0.01812780449119941,-0.0027390385660886855,-0.9925033928219088,-0.12221395555377963,0,0,instant_velocity,dbscan_kmeans_fallback,False
1930,105,10.0602322401,2.95938151645,0.0699375559289999,0.0007637113589999966,0.0692809047866,-0.005465309413399995,0.06796870632769483,-0.005108983039654677,0.9999402402182537,0.010919250889338103,-1,-1,instant_velocity,dbscan_kmeans_fallback,False
1930,106,8.77534274584,5.40588312331,-0.03537918492800003,-0.009737319828000057,-0.033484998941199995,-0.010734917791000012,-0.03379983608805046,-0.009418969186087891,-0.9641490632579628,-0.2653602057230931,0,0,instant_velocity,dbscan_kmeans_fallback,False
1930,107,8.7023113528,6.04119551015,-0.035316045395000016,-0.013866134362999993,-0.03218011526199998,-0.013336309608000007,-0.03317950928978523,-0.010990720802289045,-0.9308232270437085,-0.3654690039620532,0,0,instant_velocity,dbscan_kmeans_fallback,False
1930,108,9.5178636526,7.06671666952,-0.035610696548000045,0.008567886809999958,-0.03688611511200001,0.01014781468399999,-0.036307084561121764,0.008204148831993682,-0.9722547909466321,0.23392322551406963,0,0,instant_velocity,dbscan_kmeans_fallback,False
1930,109,9.84513689806,7.6605022512,-0.030791045534000007,0.00408108257499995,-0.030100719978800008,0.005804206328999992,-0.030491049682508917,0.005056026476630224,-0.9913301526151173,0.13139210253325967,0,0,instant_velocity,dbscan_kmeans_fallback,False
1930,110,2.38667434315,7.9115723605,0.027360464251000007,0.005966494993000016,0.028046580508620002,0.004386567118800002,0.026363898437704612,0.004286859093987313,0.977038171069949,0.2130626623210781,-1,-1,instant_velocity,dbscan_kmeans_fallback,False
1930,111,12.156464732,6.69679397996,-0.045565696230000084,0.005918763032999941,-0.039819998739999994,-0.0032457732760000015,-0.03749417422096363,-0.0015340452888946668,-0.9916686883131088,0.12881295489800437,0,0,instant_velocity,dbscan_kmeans_fallback,False
1930,112,12.1648833364,6.05408313933,-0.04659697526999995,0.003985618655000067,-0.04402088232799997,-0.003866288755399996,-0.039626023698581106,-0.0010307215803299003,-0.9963617173440021,0.08522265286027787,0,0,instant_velocity,dbscan_kmeans_fallback,False
1930,222,13.9873007206,6.34906665178,0.009912906659999976,-0.03458180497800001,0.009491976444000016,-0.016276598340399993,0.009721437640825658,-0.018559589107413843,0.2755533803533492,-0.9612854823761857,3,3,instant_velocity,dbscan_kmeans_fallback,False
1930,232,6.13800445712,9.08673321429,-0.0009681395040000318,0.000429587638999962,-0.0009639302019999895,0.00043436083539997837,-0.0009626174421288057,0.00043317252968874307,-0.9140468378485699,0.40558537419906304,4,4,instant_velocity,dbscan_kmeans_fallback,False
1930,233,6.05655445969,8.47624144662,-0.0007576743949999631,0.0013364948779999608,-0.000749255790400003,0.0013508144663999743,-0.001409992283308376,0.0012410651283227643,-0.49317061123145894,0.8699251291063979,4,4,instant_velocity,dbscan_kmeans_fallback,False
1930,236,6.83653815597,8.27839247266,-0.04245081261100001,-0.015417423061999891,-0.039007603418,-0.012949680732399998,-0.037721394522853224,-0.011592926429363468,-0.9399299312385301,-0.3413667844555194,-1,-1,instant_velocity,dbscan_kmeans_fallback,False
1930,237,6.54020328161,9.44090435706,-0.03946220805499996,0.0009785051780001552,-0.042619184699199994,3.818556780000648e-05,-0.04040731621760228,0.0005998733753890841,-0.9996924674618451,0.02478838118880239,0,0,instant_velocity,dbscan_kmeans_fallback,False
1930,238,6.5770346758,8.48435587981,-0.014143255366999962,0.02567979444899997,-0.02965453394619999,0.031488773974199996,-0.02860388310803956,0.03301117014744557,-0.4824257260108025,0.875936491238992,-1,-1,instant_velocity,dbscan_kmeans_fallback,False
1930,239,5.461990525,3.87869906494,-0.06734883507999996,-0.0006205154799999946,-0.06662062580079998,0.008381732165800005,-0.06637377952174169,0.007742229310967909,-0.9999574103549158,-0.009213062879690308,-1,-1,instant_velocity,dbscan_kmeans_fallback,False
1930,240,3.94769406125,11.8227291582,0.030054417654999988,-0.0011455670400000173,0.030239626951,-0.009522526008000014,0.029186133708444674,-0.008834451631485314,0.9992740273156374,-0.03808875629404943,5,5,instant_velocity,dbscan_kmeans_fallback,False
1930,241,4.52247427563,11.7726106003,0.026939534032,-0.007637113590000055,0.025790394533399992,-0.011178825018000004,0.02511597436894323,-0.011124842141459042,0.9620866051070128,-0.2727428276187707,5,5,instant_velocity,dbscan_kmeans_fallback,False
1930,242,0.899738343649,3.96342329384,0.028160231667899993,-0.006992732131999979,0.028160231667899993,-0.006992732131999979,0.014153989087416,-0.0037667676189000053,0.9705247285430261,-0.24100012862889483,-1,-1,instant_velocity,dbscan_kmeans_fallback,False
1930,276,14.7548669754,9.48314714161,0.055710114520000076,-0.002816185636999968,0.026013487550000002,0.002477288721000015,0.027108681691874845,0.0015977486107387321,0.9987245775263092,-0.05048623279240836,-1,-1,instant_velocity,dbscan_kmeans_fallback,False
1930,314,10.0745438676,10.2046157161,-0.013722325140000002,-0.006730206360000146,-0.020200441220000018,0.001073969097999985,-0.0195854504681253,-0.0008430867107610319,-0.8978276336960254,-0.44034558202319857,-1,-1,instant_velocity,dbscan_kmeans_fallback,False
1930,320,4.85458821862,12.3141296858,0.0024203487600000352,0.008186031129999983,-0.0015953255310000003,0.01294013434,-0.0022234982670179485,0.010349291289916903,0.2835342051836873,0.9589609020038223,6,6,instant_velocity,dbscan_kmeans_fallback,False
1930,340,14.8819879016,6.10396303747,0.0042934882300000865,-0.03553644417699999,0.012379557747999996,-0.02771794913880001,0.010944051766610847,-0.02798222512569476,0.11994698447557299,-0.9927800170109231,3,3,instant_velocity,dbscan_kmeans_fallback,False
1930,345,4.29517195724,11.3876523433,-0.011196743831999978,0.008711082690000005,-0.005859348652000005,0.01773242311799997,-0.008251715266799844,0.015175044200983735,-0.7892661092173949,0.6140501600257846,6,6,instant_velocity,dbscan_kmeans_fallback,False
1930,346,3.89528824895,11.1067497591,-0.004314534746999987,0.0073268558499998806,-0.0062466044536,0.017761062296,-0.007825788262189236,0.014238554836579332,-0.5074231045900337,0.8616956775874126,6,6,instant_velocity,dbscan_kmeans_fallback,False
1930,347,14.8607309255,7.99009143461,0.02910732465999999,-0.013341082803999971,0.02691848752000002,-0.007737350706600008,0.0277745934876471,-0.00866476000413555,0.9090618694457029,-0.4166604047571763,-1,-1,instant_velocity,dbscan_kmeans_fallback,False
1930,350,12.7314554115,11.3876523433,0.014564185590000101,-0.009188402290000041,0.022107255115999997,-0.023126134592000015,0.016936952395873818,-0.01659731176615982,0.8457512950089672,-0.5335762228384815,-1,-1,instant_velocity,dbscan_kmeans_fallback,False
1930,351,13.6236170112,12.458041545,0.009071046230000056,-0.022815876860000018,0.009071046230000056,-0.022815876860000018,0.0075609590642520185,-0.017208529061262006,0.3694479398967013,-0.9292509914662591,7,7,instant_velocity,dbscan_kmeans_fallback,False
1930,352,11.1813798791,12.9592271244,0.01077581361999993,-0.023865979980000063,0.01077581361999993,-0.023865979980000063,0.005500084711199973,-0.012171649787699995,0.41151136128058236,-0.9114042109671358,7,7,instant_velocity,dbscan_kmeans_fallback,False
1930,376,14.2133402483,8.71895846293,-0.000484069760000061,-0.0003579896999999832,-0.0004924883580000028,-0.000348443307599986,-0.000486473916683066,-0.0003529673017670035,-0.8040047609342426,-0.5945949260812562,-1,-1,instant_velocity,dbscan_kmeans_fallback,False
1930,421,2.49653713038,4.89324187352,-0.011617674050999982,-0.0017660825180000118,-0.018710348245599997,0.00035798969940000093,-0.02049931539393549,0.0013980003754762217,-0.9886410751562665,-0.15029012793313226,8,8,instant_velocity,dbscan_kmeans_fallback,False
1930,422,2.50011503724,5.41972539169,-0.010270697350000014,-0.0027923196569999754,-0.017115022714799998,-0.002209989745400005,-0.018183883244791026,-0.0012693379189456034,-0.9649720017920437,-0.26234930280158003,8,8,instant_velocity,dbscan_kmeans_fallback,False
1930,423,3.17633943447,5.04860940314,-0.02348790623400001,0.01928371181700008,-0.030942580417199998,-0.0006968866151999898,-0.030265162861219903,0.0030418371343137866,-0.7728861682383101,0.6345441772105896,-1,-1,instant_velocity,dbscan_kmeans_fallback,False
1930,424,14.8798832505,0.912873733904,0.025255813150000073,-0.02983247496460001,0.019783720304000028,-0.04256258868092,0.0202007027584232,-0.03684530871829345,0.6461351238760077,-0.7632227001481308,-1,-1,instant_velocity,dbscan_kmeans_fallback,False
1930,425,7.23999977112,6.2481135565,-0.042093021924999974,0.014319587982999949,-0.04520790554759999,0.016057031324800006,-0.04257243643552461,0.014419042436663213,-0.9467179521897972,0.32206314470892783,0,0,instant_velocity,dbscan_kmeans_fallback,False
1930,426,5.58553354435,5.2464583771,-0.02837069677800006,-0.022815876853000017,-0.0360526732788,-0.018591598397600002,-0.03378191907374291,-0.015559619754686164,-0.7792673127759803,-0.6266912364891998,-1,-1,instant_velocity,dbscan_kmeans_fallback,False
1940,64,7.97220788751,7.17363625979,-0.025466278263999963,0.0018854124180000653,-0.02570620848959999,-6.205154779999945e-05,-0.025112772099492992,-1.5807215991043145e-05,-0.99727018629644,0.07383354465275584,0,0,instant_velocity,dbscan_kmeans_fallback,False
1940,65,7.97662765481,7.70871153074,-0.026308138702999972,0.0019808763369999483,-0.0257019991874,5.727835179998308e-05,-0.025820700362462687,0.00020654083711933307,-0.9971769355914722,0.0750826281484529,0,0,instant_velocity,dbscan_kmeans_fallback,False
1940,66,7.89244161096,6.53927851215,-0.028791626997000018,0.0,-0.027086859608800022,-0.0008400824950000008,-0.027090434744958793,-0.0009191031121717817,-0.9999996526769214,0.0,0,0,instant_velocity,dbscan_kmeans_fallback,False
1940,67,3.98515685076,5.93546921887,-0.037694301133999984,0.010310103346999977,-0.03715971975540001,0.009742093024200003,-0.03692763992297232,0.010451490927096647,-0.9645694836930244,0.2638279730106826,0,0,instant_velocity,dbscan_kmeans_fallback,False
1940,68,12.2362310085,13.3534931136,0.0021256976100000103,0.01384226839,0.0021341162120000236,0.013832721992000004,0.0009222884666258214,0.015453215462579412,0.15178627345707318,0.988412615805091,-1,-1,instant_velocity,dbscan_kmeans_fallback,False
1940,70,8.50847298683,8.35953680456,-0.03636837094299992,-0.009403196108999978,-0.03835516157739999,-0.003159855748200009,-0.03721230231669648,-0.004433368973436394,-0.9681622496316693,-0.25032244399633896,0,0,instant_velocity,dbscan_kmeans_fallback,False
1940,71,8.49310903383,8.83303784719,-0.03777848717799994,-0.005250515593999872,-0.038363580183400005,-0.002973701104599975,-0.037523820748278675,-0.0036562536331464076,-0.9904794932334947,-0.1376584509659256,0,0,instant_velocity,dbscan_kmeans_fallback,False
1940,72,7.0297451266,0.755596925893,-0.0002946511540000252,0.00023865979970000284,-0.00030306975800000304,0.00022911340771999855,0.0007042361248656076,-0.0016880334925826659,-0.7770532337769112,0.6293929842522227,1,1,instant_velocity,dbscan_kmeans_fallback,False
1940,103,6.26933468553,0.578750014305,0.0005051162640000051,0.0003818556794999983,0.000509325565399994,0.00038185567953999964,0.0011606951614483597,-0.0010304275171403518,0.7976934519762439,0.6030369577192723,1,1,instant_velocity,dbscan_kmeans_fallback,False
1940,104,6.7980230409,7.70871153074,-0.025950348016999934,-0.0031741753370000403,-0.021821022565999985,-0.0037565052476000106,-0.020474567548939566,-0.002869579597362092,-0.9926017743706606,-0.12141232439756984,0,0,instant_velocity,dbscan_kmeans_fallback,False
1940,105,10.8294822158,2.9183320309,0.07692499757000011,-0.004104948555000032,0.07101934659240002,-0.0031598557482,0.07065559370038642,-0.004807772694258284,0.9985790991828273,-0.0532871752971285,-1,-1,instant_velocity,dbscan_kmeans_fallback,False
1940,106,8.3941904323,5.33500116279,-0.03811523135399995,-0.007088196051999951,-0.034398417518,-0.010362608503599997,-0.03509445466783531,-0.00871973724586151,-0.9831437533998872,-0.1828328314912923,0,0,instant_velocity,dbscan_kmeans_fallback,False
1940,107,8.34936136395,5.90253416651,-0.035294998884999984,-0.013866134363999994,-0.033118789651,-0.013856587971400014,-0.03381415616834966,-0.01185334487080233,-0.9307490765884818,-0.36565780316909663,0,0,instant_velocity,dbscan_kmeans_fallback,False
1940,108,9.16175668711,7.15239553761,-0.035610696548999954,0.008567886809000048,-0.036503068613800024,0.009670495084400006,-0.03609816815748522,0.008313270225095593,-0.9722547909543349,0.23392322548205474,0,0,instant_velocity,dbscan_kmeans_fallback,False
1940,109,9.51870551303,7.71968988153,-0.032643138503000026,0.005918763033000029,-0.030934161813400002,0.005021402185999993,-0.03113667632865625,0.005314847443541166,-0.9839562530344016,0.1784082096154452,0,0,instant_velocity,dbscan_kmeans_fallback,False
1940,110,2.71499991417,7.91753885549,0.03283255710199997,0.0005966494990000016,0.028568533980599997,0.004630000114400001,0.02830449603699322,0.0031797962154911197,0.9998346166125794,0.01816949015672056,-1,-1,instant_velocity,dbscan_kmeans_fallback,False
1940,111,11.6864961422,6.80013367324,-0.046996858980000056,0.01033396932800006,-0.043886184658,0.0021622577854000014,-0.04034497964867456,0.002026359096173752,-0.9766675435410802,0.21475589342900112,0,0,instant_velocity,dbscan_kmeans_fallback,False
1940,112,11.6989135836,6.09370066608,-0.04659697528000013,0.003961752674999985,-0.045195277641999994,-0.0003054845437999987,-0.04171730917300681,0.0004670206962690657,-0.9964049226199011,0.08471601093959538,0,0,instant_velocity,dbscan_kmeans_fallback,False
1940,222,14.0815890897,5.96243777624,0.009428836909999915,-0.03866288755400005,0.010148627585999997,-0.023412526352,0.009633657421577934,-0.024590578641389707,0.2369291857329359,-0.9715266637540532,2,2,instant_velocity,dbscan_kmeans_fallback,False
1940,232,6.12832306208,9.09126775048,-0.0009681395040000318,0.00045345361900004375,-0.0009639302020000073,0.00043913403139999473,-0.0009642740606901736,0.0004392568564821333,-0.9055804722463667,0.424152449868289,3,3,instant_velocity,dbscan_kmeans_fallback,False
1940,233,6.04918818086,8.48984505521,-0.0007366278830000184,0.0013603608590001316,-0.0007450464879999963,0.0013555876624000262,-0.0012079829632158686,0.0012768538475259744,-0.4761629940321373,0.879349688675329,3,3,instant_velocity,dbscan_kmeans_fallback,False
1940,236,6.39729747218,8.14354968582,-0.04392406837899996,-0.013484278684000017,-0.040905998706799986,-0.014343453962800012,-0.03958219667969724,-0.012160332105754432,-0.9559671403814078,-0.2934729821113842,0,0,instant_velocity,dbscan_kmeans_fallback,False
1940,237,6.14558120107,9.45092806865,-0.039462208054000046,0.0010023711589999707,-0.0431453474732,0.002028608297600023,-0.04012378376852161,0.0007206227104723501,-0.9996773027772228,0.025392590684220413,0,0,instant_velocity,dbscan_kmeans_fallback,False
1940,238,6.46296258638,8.71227598854,-0.011407208942000046,0.022792010873000024,-0.023294278333400004,0.028763279061400002,-0.023444880858227705,0.029945422365111905,-0.447565043614978,0.8942509418661324,-1,-1,instant_velocity,dbscan_kmeans_fallback,False
1940,239,4.81060101071,3.85602638397,-0.06513895142899999,-0.002267268096999997,-0.06692790486099998,0.004157453711000007,-0.06600333109391918,0.004739380088577536,-0.999394645385784,-0.034785570631507466,-1,-1,instant_velocity,dbscan_kmeans_fallback,False
1940,240,4.23834637764,11.7976698792,0.02906523163900001,-0.0025059278999998826,0.030858394373400006,-0.00684476305599997,0.029149863087611274,-0.006935894512039684,0.9963035342913324,-0.08589867283559133,-1,-1,instant_velocity,dbscan_kmeans_fallback,False
1940,241,4.75651147754,11.622732246,0.023403720191000055,-0.014987835430000018,0.026173441033000008,-0.010329196132000007,0.024602298115560278,-0.012283740128021334,0.8421166050417556,-0.5392948209186751,-1,-1,instant_velocity,dbscan_kmeans_fallback,False
1940,242,1.26805228549,3.98060679942,0.03683139418410001,0.0017183505579999813,0.03683139418410001,0.0017183505579999813,0.020957210616421203,-0.0021212321658300093,0.9989131809940807,0.04660380254342136,-1,-1,instant_velocity,dbscan_kmeans_fallback,False
1940,314,9.95226363886,10.1198914872,-0.012228022873999933,-0.008472422889999897,-0.016155301814800006,-0.0038042372079999964,-0.017378222189887688,-0.0031318875645326917,-0.821975498887602,-0.5695216719460025,-1,-1,instant_velocity,dbscan_kmeans_fallback,False
1940,320,4.87837077601,12.3458714392,0.002378255738999968,0.0031741753400000407,0.0006229767243999973,0.009293412602000011,-0.0008429720652125734,0.008196756504941845,0.5996150664696077,0.8002854050845789,4,4,instant_velocity,dbscan_kmeans_fallback,False
1940,340,14.924922784,5.7483599359,0.0042934882399999095,-0.03556031015699999,0.009142604361999993,-0.030853938907000007,0.008948882708627565,-0.03025565063508633,0.1198676404877546,-0.9927896002650778,2,2,instant_velocity,dbscan_kmeans_fallback,False
1940,345,4.16552544971,11.4520904892,-0.01296465075300004,0.006443814590000052,-0.007496767204800001,0.014682350878000001,-0.009665595912659903,0.01255567531768863,-0.8954880410736739,0.4450840222522644,4,4,instant_velocity,dbscan_kmeans_fallback,False
1940,346,3.85214290148,11.1802569774,-0.004314534746999987,0.007350721829999962,-0.005459464943599998,0.013904319932,-0.006772412207632461,0.01217220493460552,-0.5061982845704035,0.8624157641301778,4,4,instant_velocity,dbscan_kmeans_fallback,False
1940,347,15.1515937071,7.85691926637,0.029086278159999958,-0.013317216823999977,0.027953975862,-0.010400794071400004,0.02816809888935296,-0.010060497050094878,0.9092301577500455,-0.4162930398681533,-1,-1,instant_velocity,dbscan_kmeans_fallback,False
1940,350,12.8773077324,11.2960069802,0.014585232089999955,-0.00916453630999996,0.01997313890200001,-0.01923120666199999,0.01623143630411166,-0.014367479129311862,0.8467229863847224,-0.5320329155786794,-1,-1,instant_velocity,dbscan_kmeans_fallback,False
1940,351,13.6560286381,12.2193817453,0.00324116269000001,-0.023865979970000062,0.008776395072000015,-0.02285883561800002,0.0062650201519764154,-0.01920576433388342,0.13457144335750118,-0.9909034747355157,5,5,instant_velocity,dbscan_kmeans_fallback,False
1940,352,11.2891380152,12.7205673247,0.010775813610000106,-0.023865979970000062,0.010775813610000106,-0.023865979970000062,0.007082803380840013,-0.015679948842390014,0.4115113611065995,-0.911404211045691,5,5,instant_velocity,dbscan_kmeans_fallback,False
1940,376,14.2082890857,8.71537856594,-0.0005051162599999159,-0.0003579896990000719,-0.0004924883560000026,-0.0003484433074000037,-0.000492066619678121,-0.00035447402093692404,-0.8158596536728021,-0.5782220351502404,-1,-1,instant_velocity,dbscan_kmeans_fallback,False
1940,421,2.3942510871,4.86746661516,-0.010228604328000036,-0.0025775258360000385,-0.017418092472600007,0.0006682474391999982,-0.017418102074154854,0.00020534251203334353,-0.969685393849045,-0.24435290243810648,6,6,instant_velocity,dbscan_kmeans_fallback,False
1940,422,2.39740806374,5.39204085493,-0.010270697350000014,-0.0027684536759999823,-0.0143789762898,-0.002434329956999992,-0.015809927476353722,-0.0017190726460619172,-0.9655377340710383,-0.26025949340291443,6,6,instant_velocity,dbscan_kmeans_fallback,False
1940,423,2.96692665039,5.22736559312,-0.020941278407999996,0.017875618997999963,-0.027941347954000006,0.005947402208800003,-0.02746799752525393,0.00749197169341964,-0.7605836327087655,0.6492394098166768,-1,-1,instant_velocity,dbscan_kmeans_fallback,False
1940,424,15.1324413821,0.614548984262,0.025255813159999897,-0.029832474964199995,0.020625580743999984,-0.041765464949759995,0.021717235878896207,-0.03474145859206541,0.6461351240300788,-0.7632227000176961,-1,-1,instant_velocity,dbscan_kmeans_fallback,False
1940,425,6.86431955044,6.37961510614,-0.03756802206799996,0.013150154964000026,-0.04357469629679999,0.015641763273200004,-0.04107111212526721,0.014038376194864255,-0.9438475649182874,0.33038049537459524,0,0,instant_velocity,dbscan_kmeans_fallback,False
1940,426,5.22879518354,5.19753311816,-0.035673836080999964,-0.004892525893999977,-0.03529078958199999,-0.0169114334076,-0.03434949417592002,-0.012359491596480308,-0.9907258263212542,-0.13587413891024952,0,0,instant_velocity,dbscan_kmeans_fallback,False
1950,64,7.71733463975,7.19249038396,-0.025487324776,0.0018854124169999764,-0.02563044105020001,0.0005871031072000044,-0.025225137902445096,0.0005545586739062627,-0.9972746740747173,0.07377290752109951,0,0,instant_velocity,dbscan_kmeans_fallback,False
1950,65,7.69418347769,7.70871153074,-0.028244417711999946,0.0,-0.026522813115000012,0.0010405567265999948,-0.026547815567323864,0.00014457858598353312,-0.9999996459478626,0.0,0,0,instant_velocity,dbscan_kmeans_fallback,False
1950,66,7.56495790038,6.56576974992,-0.03274837105800001,0.0026491237770000175,-0.029305161864200003,0.00039140207160000886,-0.02878781563887116,0.0001513649545797581,-0.9967438042670717,0.08062989474452992,0,0,instant_velocity,dbscan_kmeans_fallback,False
1950,67,3.62105221111,6.06458417052,-0.03641046396500003,0.012911495165000009,-0.038077347633400004,0.009412742500799993,-0.036772487135580637,0.011189492198467656,-0.9424955753534927,0.33421785220611683,0,0,instant_velocity,dbscan_kmeans_fallback,False
1950,68,12.2576984497,13.4919157974,0.002146744119999866,0.01384226838,0.0021383255139999944,0.01383749518800002,0.001289625162638035,0.014969931337805588,0.15325398011572305,0.9881861109116044,-1,-1,instant_velocity,dbscan_kmeans_fallback,False
1950,70,8.14499974251,8.26550484348,-0.03634732443199997,-0.00940319610799989,-0.038140487165800006,-0.004544082586399973,-0.036952808951287525,-0.005924317113805443,-0.9681271130632049,-0.25045830040767564,0,0,instant_velocity,dbscan_kmeans_fallback,False
1950,71,8.12626834775,8.75809867008,-0.03668406860799998,-0.007493917711000009,-0.03852774296899998,-0.003651494935799988,-0.037271895106195066,-0.004807552856502488,-0.9797651975546783,-0.2001490032372047,0,0,instant_velocity,dbscan_kmeans_fallback,False
1950,72,7.02679861507,0.75798352389,-0.0002946511530000251,0.00023865979970000284,-0.00029886045560001406,0.00022911340772000077,0.00040456994150591774,-0.0011100255048978652,-0.7770532327321262,0.6293929855420357,1,1,instant_velocity,dbscan_kmeans_fallback,False
1950,103,6.27438584816,0.582568571101,0.000505116263000005,0.0003818556796000072,0.0005051162631999873,0.00038185567956000143,0.0009640214919138533,-0.0006067425581182441,0.7976934513259433,0.6030369585794554,1,1,instant_velocity,dbscan_kmeans_fallback,False
1950,104,6.49474281793,7.63138575564,-0.030328022297000067,-0.007732577509999938,-0.0247633247986,-0.0043817939226000035,-0.023430603973357715,-0.004328478971153446,-0.9689996545333834,-0.24706078301003215,0,0,instant_velocity,dbscan_kmeans_fallback,False
1950,105,11.5987321915,2.87704388555,0.07692499756999993,-0.004128814534999981,0.072728323283,-0.001183752606399997,0.07253641486127048,-0.004604085246480793,0.9985625662710889,-0.053596097081124124,-1,-1,instant_velocity,dbscan_kmeans_fallback,False
1950,106,8.01303811877,5.26411920228,-0.03811523135300003,-0.00708819605100004,-0.03538339423020002,-0.009718227044400009,-0.036000687673384726,-0.008230274887403069,-0.983143753403661,-0.18283283147099888,0,0,instant_velocity,dbscan_kmeans_fallback,False
1950,107,7.97094509685,5.84286921658,-0.03784162671000004,-0.005966494993000016,-0.034575208209199994,-0.012281433293400017,-0.03502239733084477,-0.010087289907461636,-0.9877968599423189,-0.1557460799482364,0,0,instant_velocity,dbscan_kmeans_fallback,False
1950,108,8.80543925651,7.23807440571,-0.0356317430599999,0.008567886809999958,-0.036120022113799985,0.009188402289000006,-0.03595824062823962,0.008389655200566903,-0.9722862079600751,0.23379260909853528,0,0,instant_velocity,dbscan_kmeans_fallback,False
1950,109,9.16449273353,7.80703936823,-0.03542127794999992,0.008734948669999998,-0.0320917199154,0.005379391885599993,-0.03242205681505935,0.006340877811478815,-0.9709135983195757,0.23942897984363967,0,0,instant_velocity,dbscan_kmeans_fallback,False
1950,110,3.05700571731,7.9101404017,0.034200580314000015,-0.0007398453790000481,0.029822906034,0.0035512578196,0.03007332132009526,0.0020039037371437692,0.9997658064680245,-0.021627472551827998,-1,-1,instant_velocity,dbscan_kmeans_fallback,False
1950,111,11.2163170873,6.90371202631,-0.047017905489999914,0.010357835306999963,-0.04527946368399999,0.005021402185999993,-0.04234685740107216,0.004525801959421615,-0.9765836582325018,0.21513703322303843,0,0,instant_velocity,dbscan_kmeans_fallback,False
1950,112,11.2512542955,6.14548984262,-0.044765928809999876,0.005178917653999982,-0.04599925435999999,0.0035035258597999963,-0.04263189506410473,0.0018805897835883407,-0.9933742603808834,0.11492229985779995,0,0,instant_velocity,dbscan_kmeans_fallback,False
1950,222,14.1758774588,5.57557024091,0.009428836910000094,-0.038686753532999954,0.010468534552000008,-0.02964154712439999,0.009572211268104583,-0.02881943110887278,0.23679122114030543,-0.971560299374506,2,2,instant_velocity,dbscan_kmeans_fallback,False
1950,232,6.14242422442,9.08482393589,0.001410116234000025,-0.0006443814589999874,-0.00048827905439999595,0.00021956701560000625,-0.0002519569722831139,0.00011416536183749703,0.9095278911262205,-0.41562737549838413,3,3,instant_velocity,dbscan_kmeans_fallback,False
1950,233,6.04161143691,8.50344866379,-0.0007576743949999631,0.0013603608579998649,-0.000749255790200003,0.0013555876623999907,-0.001072890392751097,0.0013019059506681416,-0.4865809484863493,0.8736281454638709,3,3,instant_velocity,dbscan_kmeans_fallback,False
1950,236,5.95805678839,8.00870689898,-0.04392406837899996,-0.013484278684000017,-0.042227719595199976,-0.01443891788280002,-0.04088475818948806,-0.012557516079228108,-0.9559671403814078,-0.2934729821113842,0,0,instant_velocity,dbscan_kmeans_fallback,False
1950,237,5.78210795674,9.41847033589,-0.03634732443299997,-0.0032457732760001077,-0.041364812645800005,0.0011026082745999944,-0.03899084596786512,-0.00046929608546938744,-0.9960362757580516,-0.08894486667764134,0,0,instant_velocity,dbscan_kmeans_fallback,False
1950,238,6.48001026026,8.72516361772,0.0017047673880000503,0.0012887629179999748,-0.01501879022279999,0.021990113945599993,-0.015899986384359376,0.021348424530978325,0.7977023164671975,0.6030436599750196,3,3,instant_velocity,dbscan_kmeans_fallback,False
1950,239,4.17646963541,3.81068102202,-0.06341313753,-0.004534536195000038,-0.0667847885864,-0.0003866288756000014,-0.06522627302474342,0.001957205203504264,-0.9974529212158695,-0.07132569922000959,-1,-1,instant_velocity,dbscan_kmeans_fallback,False
1950,240,4.4890103232,11.7181961659,0.02506639455599995,-0.007947371330000053,0.02984395254479999,-0.005913989837999978,0.027924822528127877,-0.007239337557427795,0.9532358613347822,-0.3022261274223266,4,4,instant_velocity,dbscan_kmeans_fallback,False
1950,241,4.96697658716,11.4239286329,0.021046510961999942,-0.019880361310000084,0.02502430153439999,-0.012133464218000007,0.023535561969492177,-0.01456272648261496,0.7269594321144569,-0.6866799059588431,4,4,instant_velocity,dbscan_kmeans_fallback,False
1950,242,1.63636622734,3.9975516452,0.03683139418499999,0.0016944845780000328,0.03683139418499999,0.0016944845780000328,0.02571946568699484,-0.0009765171426809966,0.9989431057856367,0.04595790424199,-1,-1,instant_velocity,dbscan_kmeans_fallback,False
1950,314,9.82998341017,10.0351672584,-0.012228022869000021,-0.008472422880000075,-0.013528697246599997,-0.006964092954000023,-0.015833162393621387,-0.004734048159172907,-0.8219754990932634,-0.569521671649176,-1,-1,instant_velocity,dbscan_kmeans_fallback,False
1950,320,4.9021533334,12.3563724704,0.002378255739000057,0.0010501031200000454,0.0023950929476000125,0.00575170117399999,0.00012339627605121586,0.006052760489459305,0.9147902802261966,0.40391960866880594,-1,-1,instant_velocity,dbscan_kmeans_fallback,False
1950,340,14.9678576663,5.39275683433,0.0042934882300000865,-0.03556031015699999,0.005909860277999997,-0.033989928675,0.007552264365039321,-0.031847048491660424,0.11986764021258613,-0.9927896002983012,2,2,instant_velocity,dbscan_kmeans_fallback,False
1950,345,4.03398475619,11.5559075021,-0.013154069351999986,0.010381701290000045,-0.009167860175399998,0.012419855975999993,-0.010712137944461929,0.011903483109382055,-0.7849719786018162,0.6195303053974937,5,5,instant_velocity,dbscan_kmeans_fallback,False
1950,346,3.80415685648,11.2917111038,-0.004798604500000003,0.011145412640000175,-0.004840697521399991,0.010563082734000027,-0.006180269895342723,0.011864167246223916,-0.39545004106075715,0.9184865904508589,5,5,instant_velocity,dbscan_kmeans_fallback,False
1950,350,13.0117949375,11.2103281121,0.013448720509999923,-0.008567886810000046,0.017704325021999985,-0.01536491790600003,0.015396621565878139,-0.012627601433518317,0.8433878782505564,-0.5373040411096258,-1,-1,instant_velocity,dbscan_kmeans_fallback,False
1950,351,13.6882297998,11.9807219456,0.0032201161699999758,-0.023865979970000062,0.007315767209999997,-0.02312136139600003,0.0053515489573834835,-0.020603829024718412,0.1337132761984705,-0.9910196412186604,6,6,instant_velocity,dbscan_kmeans_fallback,False
1950,352,11.4055252208,12.4909765974,0.011638720559999882,-0.022959072729999974,0.011638720559999882,-0.022959072729999974,0.008449578534587974,-0.017863686008673003,0.4521539116148649,-0.891939495273849,6,6,instant_velocity,dbscan_kmeans_fallback,False
1950,376,14.2034483882,8.71203732874,-0.00048406975000006016,-0.00033412372000007906,-0.0004924883560000026,-0.0003484433076000215,-0.0004896675587747028,-0.00034836893065587056,-0.8229742483498506,-0.5680487519058706,-1,-1,instant_velocity,dbscan_kmeans_fallback,False
1950,421,2.29175457871,4.84145269699,-0.01024965083899998,-0.0026013918169999427,-0.015982720424999996,0.0007780309472000014,-0.01526756670360839,-0.0006366777866766424,-0.9692680627149165,-0.24600311234328634,7,7,instant_velocity,dbscan_kmeans_fallback,False
1950,422,2.27870574192,5.36554961716,-0.011870232181999984,-0.0026491237770000175,-0.011962836830999999,-0.002634804188800004,-0.0146280188880476,-0.0019980879853433472,-0.9759892024868134,-0.21781513307918088,7,7,instant_velocity,dbscan_kmeans_fallback,False
1950,423,2.85832665382,5.35051404978,-0.010859999657000019,0.012314845666000006,-0.023159580663200004,0.010486711599399996,-0.022485598164777756,0.00893883388519375,-0.6614143562407042,0.7500198872594686,-1,-1,instant_velocity,dbscan_kmeans_fallback,False
1950,425,6.50021491078,6.50801407839,-0.036410463966000076,0.012839897224999942,-0.04103227777260001,0.014429371490799987,-0.03967291767748707,0.013678832503904961,-0.9430782948114536,0.33257001041828566,0,0,instant_velocity,dbscan_kmeans_fallback,False
1950,426,4.82364984751,5.26817641887,-0.04051453360300004,0.007064330071000047,-0.035118208192000004,-0.012042773493599999,-0.03619900600404403,-0.006532345096236201,-0.98513620568658,0.1717736008035217,0,0,instant_velocity,dbscan_kmeans_fallback,False
1960,64,7.4561474387,7.20513935335,-0.026118720104999937,0.001264896938999982,-0.025685161978799977,0.0011121546665999915,-0.025493212563211548,0.0007676601534343786,-0.9988290048818331,0.04837203912674005,0,0,instant_velocity,dbscan_kmeans_fallback,False
1960,65,7.41173930057,7.70871153074,-0.028244417712000036,0.0,-0.027082650306600016,0.0011932989983999853,-0.027056796210726715,0.00010120501018847318,-0.9999996459478626,0.0,0,0,instant_velocity,dbscan_kmeans_fallback,False
1960,66,7.23768465491,6.59226098768,-0.03272732454699998,0.0026491237759999286,-0.030374324621200016,0.0010596495105999893,-0.029969668311309802,0.0009006926010058094,-0.9967396355498374,0.08068140929835413,0,0,instant_velocity,dbscan_kmeans_fallback,False
1960,67,3.25715803656,6.19346046236,-0.036389417454999996,0.012887629184000016,-0.03769851043620001,0.010310103347599995,-0.036657566231406445,0.011698933294127365,-0.9426293408895506,0.3338403924263336,0,0,instant_velocity,dbscan_kmeans_fallback,False
1960,70,7.78152649818,8.17147288239,-0.03634732443300006,-0.009403196108999978,-0.0375006732332,-0.006281525928399994,-0.036771163595801286,-0.006967980812363803,-0.9681271130584169,-0.2504583004261835,0,0,instant_velocity,dbscan_kmeans_fallback,False
1960,71,7.75963812678,8.68315949297,-0.03666302209700012,-0.007493917711000009,-0.037980533683000015,-0.004782742386399974,-0.03708923320343658,-0.005613462312851744,-0.9797426606958639,-0.2002592928042274,0,0,instant_velocity,dbscan_kmeans_fallback,False
1960,72,7.02364163842,0.760131462087,-0.0003156976649999699,0.00021479381969999878,-0.00030306975800000304,0.00022911340772000077,0.00018848965955415138,-0.0007125797075185059,-0.826759412668902,0.5625091088972671,1,1,instant_velocity,dbscan_kmeans_fallback,False
1960,103,6.27943701079,0.586387127896,0.000505116263000005,0.0003818556794999983,0.0005051162631999873,0.00038185567953999964,0.0008263499232396989,-0.0003101630868327713,0.7976934514019182,0.6030369584789538,1,1,instant_velocity,dbscan_kmeans_fallback,False
1960,104,6.19146259496,7.55429864033,-0.03032802229699998,-0.007708711531000034,-0.027705627031199994,-0.0049975362059999995,-0.025499829470450396,-0.005342548739107423,-0.9691819761626712,-0.24634459188001923,0,0,instant_velocity,dbscan_kmeans_fallback,False
1960,105,12.3709286787,2.8316985236,0.07721964872000005,-0.004534536194999994,0.07418474184120001,-0.0022434021173999954,0.07394138501888935,-0.004583220531036553,0.9982801472236311,-0.058621575406921575,-1,-1,instant_velocity,dbscan_kmeans_fallback,False
1960,106,7.63188580524,5.19299858196,-0.03811523135300003,-0.007112062031999944,-0.0364778128004,-0.008672897121599998,-0.03663505077726932,-0.007894811030782132,-0.9830329313586794,-0.18342775156135532,0,0,instant_velocity,dbscan_kmeans_fallback,False
1960,107,7.57548115586,5.83570942259,-0.039546394099,-0.0007159793989999664,-0.03637258024559998,-0.009651402300399993,-0.03637959636129134,-0.007275896754923135,-0.9998358956754607,-0.01810182495759863,0,0,instant_velocity,dbscan_kmeans_fallback,False
1960,108,8.50826252172,7.29034090185,-0.029717673478999986,0.005226649613999967,-0.03455416169759999,0.008042835250399989,-0.034086070483467734,0.007440753524596822,-0.9848831527223771,0.17321810718625286,0,0,instant_velocity,dbscan_kmeans_fallback,False
1960,109,8.81027995403,7.89438885492,-0.035421277950000093,0.008734948668999997,-0.03301776639740002,0.006310165104400003,-0.03332182315554157,0.00705909906873517,-0.9709135983259479,0.23942897981779943,0,0,instant_velocity,dbscan_kmeans_fallback,False
1960,110,3.39901152045,7.90274194791,0.034200580314000015,-0.0007398453789999593,0.031190929246400004,0.002209989745400005,0.031311499018266686,0.0011807790023006506,0.9997658064680245,-0.021627472551825403,-1,-1,instant_velocity,dbscan_kmeans_fallback,False
1960,111,10.7962287285,6.95884244004,-0.04200883588000011,0.005513041372999972,-0.04500164974,0.006271979536399996,-0.042245450944750546,0.004821973783495122,-0.9914980767778856,0.13011952852349243,0,0,instant_velocity,dbscan_kmeans_fallback,False
1960,112,10.8160124488,6.20515479255,-0.043524184670000035,0.005966494993000016,-0.04562041716199999,0.004615680526400006,-0.04289958194587332,0.0031063613464118434,-0.9907340716181244,0.13581437360683024,0,0,instant_velocity,dbscan_kmeans_fallback,False
1960,222,14.3206774542,5.15648363261,0.014479999539999965,-0.04190866083000007,0.011007325232000013,-0.03439565033460001,0.011044547749673197,-0.03274620002521096,0.32656978794720115,-0.9451728532585527,2,2,instant_velocity,dbscan_kmeans_fallback,False
1960,232,6.17188933977,9.07145898711,0.002946511534999985,-0.0013364948779999608,0.0002946511535999896,-0.00013364948779997831,0.0007075835799018159,-0.00032103271011374034,0.9106927097157922,-0.4130769988541951,3,3,instant_velocity,dbscan_kmeans_fallback,False
1960,233,6.03424515807,8.51705227237,-0.0007366278840000185,0.0013603608580000427,-0.0007450464881999963,0.0013555876622000085,-0.0009720116401257734,0.0013194424228677119,-0.4761629948026707,0.8793496882580876,3,3,instant_velocity,dbscan_kmeans_fallback,False
1960,236,5.55333238258,8.05643885893,-0.04047244058100006,0.004773195994999924,-0.04257288237500001,-0.010706278615000002,-0.040761062906941654,-0.007358302456959697,-0.9931169129075241,0.11712517464247643,0,0,instant_velocity,dbscan_kmeans_fallback,False
1960,237,5.41842424731,9.38577394333,-0.03636837094300001,-0.003269639256000012,-0.0391675569012,-0.0003484433076000215,-0.038204103460405585,-0.001309399036628575,-0.9959827533186199,-0.08954221000587133,0,0,instant_velocity,dbscan_kmeans_fallback,False
1960,238,6.49705793414,8.73828990671,0.0017047673879999614,0.001312628898999968,-0.009550906674800004,0.016233639576599988,-0.010618560252651574,0.015337685841384818,0.7923351015941473,0.6100785123914964,3,3,instant_velocity,dbscan_kmeans_fallback,False
1960,239,3.56864639881,3.73096864892,-0.060782323660000026,-0.00797123731,-0.0652483932862,-0.0028734639886000045,-0.0638930882153204,-0.0010213275505470158,-0.9915098209803358,-0.1300305681375438,-1,-1,instant_velocity,dbscan_kmeans_fallback,False
1960,240,4.73062426905,11.6389611124,0.024161394585000016,-0.00792350534999997,0.028088673530599993,-0.0054223506499999985,0.026795794145189518,-0.007444587895199448,0.9502089461369777,-0.3116122143466154,4,4,instant_velocity,dbscan_kmeans_fallback,False
1960,241,5.17744169679,11.2248863599,0.02104651096300003,-0.019904227299999987,0.023875162035999997,-0.014009330244000005,0.022788846667544535,-0.016165176727830466,0.7265480305069728,-0.6871151788057104,4,4,instant_velocity,dbscan_kmeans_fallback,False
1960,242,2.02741040102,4.01473515078,0.03910441736800001,0.0017183505579999813,0.03361969661152,-0.0019617835536000073,0.02973495119129639,-0.0001680568324767031,0.9990356638076031,0.04390024467595019,-1,-1,instant_velocity,dbscan_kmeans_fallback,False
1960,314,9.70791364659,9.95068168925,-0.012206976357999898,-0.008448556914999905,-0.013023580984199973,-0.007536876474999978,-0.01474530658293494,-0.005848400785921006,-0.8222681319685357,-0.5690990879796446,-1,-1,instant_velocity,dbscan_kmeans_fallback,False
1960,320,4.92593589079,12.3666348418,0.002378255738999968,0.0010262371399999636,0.002390883645400006,0.004324515572000003,0.0007998541149358417,0.004544803484621503,0.918162323561619,0.3961946823194903,-1,-1,instant_velocity,dbscan_kmeans_fallback,False
1960,340,15.0318390597,5.04359754734,0.0063981393399998865,-0.034915928698999996,0.004714418455999975,-0.03542666066959999,0.007206026857527491,-0.032767712553862294,0.18024293812937398,-0.9836218378175554,2,2,instant_velocity,dbscan_kmeans_fallback,False
1960,345,3.89360452807,11.8184332818,-0.014038022811999973,0.02625257797000007,-0.011112557788200004,0.013937732304000007,-0.011709903404723342,0.01620821156756746,-0.4715462111255053,0.8818409714684589,-1,-1,instant_velocity,dbscan_kmeans_fallback,False
1960,346,3.75154057908,11.4408734787,-0.00526162774000003,0.014916237489999951,-0.004600767296399999,0.009617989930000022,-0.0059046772487399155,0.012779788319356725,-0.33265536569902887,0.9430477947665431,-1,-1,instant_velocity,dbscan_kmeans_fallback,False
1960,350,13.1296553989,11.1339569762,0.011786046140000117,-0.007637113589999878,0.015469185558000014,-0.011899577613999988,0.014313448938114733,-0.011130455080462785,0.8392170677013088,-0.5437952640410628,5,5,instant_velocity,dbscan_kmeans_fallback,False
1960,351,13.7206414267,11.7862142088,0.00324116269000001,-0.019450773679999856,0.005859348652000023,-0.022505619113999984,0.004718433077168441,-0.020257912421302846,0.1643676741771914,-0.9863986280579136,-1,-1,instant_velocity,dbscan_kmeans_fallback,False
1960,352,11.5983112612,12.3418142226,0.01927860403999997,-0.01491623747999995,0.01265316238999997,-0.021894650025999985,0.011698286186211573,-0.016979451450071088,0.7909047244389654,-0.6119386377409901,5,5,instant_velocity,dbscan_kmeans_fallback,False
1960,353,11.7830996275,13.4093395067,0.0,0.0,0.0,0.0,0.0,0.0,0.0,0.0,-1,-1,instant_velocity,dbscan_kmeans_fallback,False
1960,376,14.1983972256,8.70845743174,-0.0005051162599999159,-0.0003579896999999832,-0.000492488355999967,-0.0003484433076000215,-0.0004943021691422667,-0.00035125516145910436,-0.8158596529108939,-0.5782220362253038,-1,-1,instant_velocity,dbscan_kmeans_fallback,False
1960,421,2.18631155879,4.82092795421,-0.010544301992000005,-0.002052474278000016,-0.013309813532800004,-0.0007159793992000019,-0.013850587290125874,-0.0010614167340736546,-0.9815762010523287,-0.19106621814183675,6,6,instant_velocity,dbscan_kmeans_fallback,False
1960,422,2.09707435231,5.34383157538,-0.018163138961000014,-0.002171804177999981,-0.012173301940800005,-0.0026300309929999876,-0.015688554909933324,-0.002050202843140337,-0.9929264715544639,-0.11872627655379872,6,6,instant_velocity,dbscan_kmeans_fallback,False
1960,423,2.74972665726,5.47366250643,-0.010859999655999975,0.012314845665000008,-0.018373604070200004,0.015026020990000007,-0.01899791861214442,0.009951637419135628,-0.6614143562366553,0.7500198872630391,-1,-1,instant_velocity,dbscan_kmeans_fallback,False
1960,425,6.13126957361,6.62615067924,-0.03689453371699995,0.011813660085000066,-0.039011812720200004,0.013288577648000004,-0.03883940248934094,0.013119280778233492,-0.9523683679528782,0.3049491358530831,0,0,instant_velocity,dbscan_kmeans_fallback,False
1960,426,4.41829404637,5.33881971959,-0.04053558011399998,0.007064330071999958,-0.03495404540660001,-0.007169340383399998,-0.037499978237030815,-0.0024533425457653525,-0.9851512944490817,0.17168704371009405,0,0,instant_velocity,dbscan_kmeans_fallback,False
1970,64,7.16865209896,7.19344502316,-0.02874953397400004,-0.0011694330190000102,-0.026261836379000005,0.001150340234599998,-0.026470108986448096,0.00018653220170406181,-0.9991733854436249,-0.04064296658514585,0,0,instant_velocity,dbscan_kmeans_fallback,False
1970,65,7.12929512346,7.70871153074,-0.028244417710999947,0.0,-0.027469906108199993,0.0007971237309999956,-0.027413082660808684,7.084350713193123e-05,-0.9999996459478626,0.0,0,0,instant_velocity,dbscan_kmeans_fallback,False
1970,66,6.91020094433,6.61875222545,-0.03274837105800001,0.0026491237770000175,-0.031165673433399998,0.0015894742659999927,-0.030803279135316865,0.0014252219538040717,-0.9967438042670717,0.08062989474452992,0,0,instant_velocity,dbscan_kmeans_fallback,False
1970,67,2.89305339691,6.32257541401,-0.03641046396499999,0.012911495165000009,-0.0371807662664,0.011345886878400008,-0.03658343555148451,0.012062701855389157,-0.9424955753534926,0.33421785220611716,0,0,instant_velocity,dbscan_kmeans_fallback,False
1970,70,7.41721139342,8.15381205721,-0.03643151047600002,-0.0017660825180000118,-0.0368776965086,-0.006486773356200004,-0.03666926765986091,-0.005407411324054666,-0.9988267936787941,-0.04841991220726904,0,0,instant_velocity,dbscan_kmeans_fallback,False
1970,71,7.40268930086,8.60989093446,-0.035694882592,-0.007326855851000147,-0.03724390579940001,-0.005880577465000023,-0.03667092802000561,-0.006127480374296265,-0.9795763389888552,-0.2010712491439982,0,0,instant_velocity,dbscan_kmeans_fallback,False
1970,72,7.02069512689,0.762518060084,-0.0002946511530000251,0.00023865979970000284,-0.00030306975780000303,0.00022911340772000077,4.354741578789842e-05,-0.0004272078553529532,-0.7770532327321262,0.6293929855420357,1,1,instant_velocity,dbscan_kmeans_fallback,False
1970,103,6.28448817342,0.590205684691,0.000505116263000005,0.0003818556794999983,0.0005051162631999873,0.00038185567953999964,0.0007299798251677907,-0.00010255745693294037,0.7976934514019182,0.6030369584789538,1,1,instant_velocity,dbscan_kmeans_fallback,False
1970,104,5.88797190688,7.47697286522,-0.030349068808000014,-0.007732577511000027,-0.02858537118940001,-0.0059092166410000145,-0.02695460127171528,-0.006059557370675204,-0.9690406603320072,-0.24689989879863108,0,0,instant_velocity,dbscan_kmeans_fallback,False
1970,105,13.1696437697,2.7474516143,0.0798715091,-0.008424690930000001,0.0761757417778,-0.0040858557712000025,0.07572042224322255,-0.0057356616507255875,0.9944830578627829,-0.10489613245100503,-1,-1,instant_velocity,dbscan_kmeans_fallback,False
1970,106,7.25683697989,5.16937126179,-0.03750488253499995,-0.002362732017000013,-0.037445952304599996,-0.006677701196000001,-0.03689600030458851,-0.006235187326647496,-0.9980212485198063,-0.06287332736807028,0,0,instant_velocity,dbscan_kmeans_fallback,False
1970,107,7.18001721487,5.8283109688,-0.039546394099,-0.0007398453789999593,-0.03750909183760001,-0.007030917699599986,-0.03732963568260394,-0.005315081342146182,-0.9998247931020618,-0.018705011413540123,0,0,instant_velocity,dbscan_kmeans_fallback,False
1970,108,8.2258183446,7.33449296479,-0.028244417712000036,0.004415206294000029,-0.03296304546959998,0.007069103267399992,-0.03233357465202742,0.006533089355417784,-0.9880009293790983,0.15444566662173104,0,0,instant_velocity,dbscan_kmeans_fallback,False
1970,109,8.45606717453,7.98173834162,-0.03542127794999992,0.008734948669999998,-0.033939603577399995,0.007240938323399995,-0.03395165959387908,0.007561853949114617,-0.9709135983195757,0.23942897984363967,0,0,instant_velocity,dbscan_kmeans_fallback,False
1970,110,3.70881616182,7.86240844176,0.030980464136999997,-0.004033350614999964,0.0319149292236,0.00021002062380000907,0.03121218855388668,-0.000383459882889534,0.9916311800438834,-0.1291005910110435,-1,-1,instant_velocity,dbscan_kmeans_fallback,False
1970,111,10.4091833919,6.98199244062,-0.03870453366,0.0023150000580000273,-0.044058766048000034,0.006887721819799992,-0.04118317575932538,0.004069881665846594,-0.9982157830890398,0.05970539823699997,0,0,instant_velocity,dbscan_kmeans_fallback,False
1970,112,10.3807706021,6.26481974248,-0.043524184670000035,0.005966494993000016,-0.04500164974,0.005011855794000013,-0.04308696276311134,0.0039644014403882955,-0.9907340716181244,0.13581437360683024,0,0,instant_velocity,dbscan_kmeans_fallback,False
1970,113,14.9127158076,9.06644713131,0.0,0.0,0.0,0.0,0.0,0.0,0.0,0.0,2,2,instant_velocity,dbscan_kmeans_fallback,False
1970,222,14.4709495425,4.73357846752,0.01502720882999995,-0.042290516508999954,0.01165555776999998,-0.03922612468080001,0.012239346073771223,-0.035609494970347655,0.33482326883842495,-0.9422807081871628,3,3,instant_velocity,dbscan_kmeans_fallback,False
1970,232,6.20156492023,9.05809403832,0.0029675580460000184,-0.0013364948790000498,0.001077581361399993,-0.00048686599159999846,0.0013855759197312768,-0.0006256713607796332,0.9117928995004353,-0.4106428659528674,4,4,instant_velocity,dbscan_kmeans_fallback,False
1970,233,6.02666841413,8.53041722116,-0.000757674393999963,0.0013364948790000498,-0.0007492557901999852,0.0013508144664000099,-0.0009077104662880303,0.0013245581597074133,-0.49317061045959276,0.8699251295439796,4,4,instant_velocity,dbscan_kmeans_fallback,False
1970,236,5.15239634874,8.12469556164,-0.04009360338399999,0.006825670271000029,-0.04217299866679999,-0.006157422832799995,-0.04056082505005915,-0.0031031106385717793,-0.9858159357679365,0.16782862994386127,0,0,instant_velocity,dbscan_kmeans_fallback,False
1970,237,5.11619634989,9.39675229412,-0.03022278974199999,0.0010978350790001202,-0.036372580245399994,-0.0006873402231999748,-0.03580970934488391,-0.0005872288019399662,-0.9993405782474313,0.03630078996789835,0,0,instant_velocity,dbscan_kmeans_fallback,False
1970,238,6.51410560802,8.75117753589,0.0017047673880000503,0.0012887629179999748,-0.00408723242899999,0.010472392011399982,-0.006921561960456086,0.011123008964369364,0.7977023164671975,0.6030436599750196,4,4,instant_velocity,dbscan_kmeans_fallback,False
1970,239,3.00396850969,3.61450266666,-0.056467788911999994,-0.011646598225999982,-0.0626302073222,-0.005408031061600003,-0.06166549842432428,-0.004208908753182907,-0.979385294602148,-0.2020002421638975,-1,-1,instant_velocity,dbscan_kmeans_fallback,False
1970,240,4.89373472901,11.5618739971,0.01631104599600004,-0.007708711530000123,0.024931696886200002,-0.005446216630000009,0.023650369700432675,-0.00752382498563965,0.9041138402072308,-0.427290364219886,5,5,instant_velocity,dbscan_kmeans_fallback,False
1970,241,5.41189982891,11.0840770781,0.02344581321200003,-0.01408092817999993,0.02317641787200001,-0.015298093162000015,0.022985936630881186,-0.015539902163481304,0.8572757281902866,-0.5148568680452622,5,5,instant_velocity,dbscan_kmeans_fallback,False
1970,242,2.47170224744,4.03239597596,0.044429184642000005,0.0017660825180000118,0.0370713244094,-1.9092783999994366e-05,0.034143221226507474,0.0004121849726663115,0.9992106590018545,0.03971912811099042,-1,-1,instant_velocity,dbscan_kmeans_fallback,False
1970,320,4.94971844817,12.3771358729,0.002378255737999968,0.0010501031100000446,0.002386674342999999,0.0028973299680000154,0.0012733746018550795,0.0034963933722350652,0.9147902815847186,0.4039196055920301,-1,-1,instant_velocity,dbscan_kmeans_fallback,False
1970,340,15.1099216153,4.69897279656,0.0078082555599999996,-0.03446247507800004,0.0054173719199999935,-0.0352070936536,0.007386695468269243,-0.03327614131110362,0.22097178919166624,-0.9752799097624409,3,3,instant_velocity,dbscan_kmeans_fallback,False
1970,345,3.75322429995,12.0809590615,-0.014038022812000017,0.026252577969999892,-0.013078301912199998,0.015608350902000013,-0.012408339226906345,0.01922152148829719,-0.471546211125509,0.881840971468457,6,6,instant_velocity,dbscan_kmeans_fallback,False
1970,346,3.68398127889,11.5919451319,-0.006755930018999967,0.015107165319999893,-0.005089046350599995,0.011169278625999972,-0.0061600530798179304,0.013478001419549676,-0.4082379876734552,0.9128748747163417,6,6,instant_velocity,dbscan_kmeans_fallback,False
1970,350,13.2475158603,11.0575858403,0.01178604613999994,-0.007637113590000055,0.013234046094000007,-0.008439010517999996,0.013555228098680296,-0.010082452633323965,0.8392170677012994,-0.5437952640410775,7,7,instant_velocity,dbscan_kmeans_fallback,False
1970,351,13.7530530536,11.6208229676,0.00324116269000001,-0.016539124120000005,0.004402930094000013,-0.02130754692,0.004275251961017912,-0.019142275930911994,0.192311336987459,-0.9813333597637837,7,7,instant_velocity,dbscan_kmeans_fallback,False
1970,352,11.7913077668,12.1926518478,0.019299650560000003,-0.01491623747999995,0.014353720477999979,-0.020104701528,0.013978695498348102,-0.016360487259049747,0.7912277229635057,-0.611520948516244,7,7,instant_velocity,dbscan_kmeans_fallback,False
1970,353,11.9643100869,13.1375059948,0.018121045939999903,-0.02718335119000006,0.018121045939999903,-0.02718335119000006,0.005436313781999972,-0.008155005357000018,0.5546748471479356,-0.832066825292868,-1,-1,instant_velocity,dbscan_kmeans_fallback,False
1970,376,14.193556528,8.70487753475,-0.000484069760000061,-0.0003579896989998943,-0.0004924883580000028,-0.00035321650360000236,-0.000491232446399605,-0.0003532755227213413,-0.8040047617283446,-0.5945949250074525,2,2,instant_velocity,dbscan_kmeans_fallback,False
1970,421,2.06866156251,4.82092795421,-0.011764999627999994,0.0,-0.0108810461676,-0.001799494889800002,-0.01322491099148811,-0.0007429917138515582,-0.9999991500219451,0.0,0,0,instant_velocity,dbscan_kmeans_fallback,False
1970,422,1.91523249759,5.32211353361,-0.018184185472000004,-0.0021718041770000694,-0.013751790263000005,-0.002510701093000005,-0.016437244078553327,-0.0020866832432982567,-0.9929426625490303,-0.11859079557707417,0,0,instant_velocity,dbscan_kmeans_fallback,False
1970,423,2.63586503295,5.58583261229,-0.011386162431000013,0.011217010585999975,-0.015507069277200003,0.014601206546400007,-0.016714391757801098,0.010331249369194932,-0.7123780528152682,0.7017950260315327,0,0,instant_velocity,dbscan_kmeans_fallback,False
1970,425,5.7440137719,6.70252181515,-0.03872558017100003,0.007637113590999967,-0.0383383243694,0.01195208276959999,-0.038805255793838665,0.011474630622063435,-0.9811030929762034,0.19348440313753412,0,0,instant_velocity,dbscan_kmeans_fallback,False
1970,426,4.10785800967,5.46411611444,-0.031043603669999965,0.012529639485000032,-0.035227650049200004,-0.00021002062379999131,-0.03556306586692156,0.0020415520634642637,-0.9273162240200514,0.37427800261446853,0,0,instant_velocity,dbscan_kmeans_fallback,False
1980,64,6.88115675921,7.18198935278,-0.02874953397500004,-0.001145567038000017,-0.026914278218799995,0.0005441443433999993,-0.02715393648301368,-0.00021309757020716193,-0.9992067267908056,-0.039814846785161985,0,0,instant_velocity,dbscan_kmeans_fallback,False
1980,65,6.84937652765,7.70465431415,-0.02799185958100008,-0.000405721658999969,-0.027806650283799996,0.00031503093559999586,-0.0275867157368661,-7.212604270763888e-05,-0.9998946173990666,-0.014492745714959558,0,0,instant_velocity,dbscan_kmeans_fallback,False
1980,66,6.61155095378,6.62185480285,-0.029864999054999952,0.0003102577399999973,-0.031376138543,0.0016515258139999922,-0.03052179511122179,0.0010907326896628493,-0.999945707289599,0.010388109997761066,0,0,instant_velocity,dbscan_kmeans_fallback,False
1980,67,2.56767433743,6.35360118797,-0.03253790594799999,0.0031025773959999724,-0.0358885104934,0.010424660051399996,-0.035369776670439154,0.009374664517572401,-0.9954843932085823,0.09492213117142964,0,0,instant_velocity,dbscan_kmeans_fallback,False
1980,70,7.05310675377,8.14474298482,-0.03641046396499999,-0.0009069072389999988,-0.03638099884979999,-0.006176515616599971,-0.036591626551402634,-0.004057260098538266,-0.9996896686995791,-0.024900144040149123,0,0,instant_velocity,dbscan_kmeans_fallback,False
1980,71,7.13476721631,8.55189660313,-0.026792208454999945,-0.005799433132999887,-0.034722533785999994,-0.006672927999999984,-0.033707312150503904,-0.0060290662019073515,-0.9773646289857996,-0.21156004447646043,0,0,instant_velocity,dbscan_kmeans_fallback,False
1980,72,7.01774861535,0.764665998282,-0.00029465115399993633,0.00021479381979999657,-0.0002988604557999963,0.00022911340772000077,-5.791215514845201e-05,-0.00023460735280706827,-0.8080584494724029,0.5890557651909873,1,1,instant_velocity,dbscan_kmeans_fallback,False
1980,103,6.28953933605,0.594262901286,0.000505116263000005,0.0004057216595000024,0.000505116263200005,0.0003866288755200009,0.000662520756517455,4.992627799694249e-05,0.7796290272123501,0.6262169838609295,1,1,instant_velocity,dbscan_kmeans_fallback,False
1980,104,5.61078935751,7.43353678167,-0.027718254936999996,-0.004343608354999961,-0.0289347432712,-0.0061383300488000005,-0.027183697371300698,-0.005544772665972631,-0.9879429167281011,-0.1548162796365297,0,0,instant_velocity,dbscan_kmeans_fallback,False
1980,105,13.9681483956,2.663204705,0.07985046258999998,-0.008424690930000001,0.07815832311000001,-0.005923536229000001,0.07695943434725577,-0.006542370434507912,0.9944801733046009,-0.10492347601193906,-1,-1,instant_velocity,dbscan_kmeans_fallback,False
1980,106,6.8832614103,5.15743827181,-0.037357556958999984,-0.0011932989980000031,-0.03784162671079999,-0.00496889702999999,-0.03703446730091195,-0.004722620828053248,-0.9994899565328541,-0.03192634799300988,0,0,instant_velocity,dbscan_kmeans_fallback,False
1980,107,6.7980230409,5.82544705121,-0.03819941739699999,-0.0002863917590000042,-0.038085766238,-0.004314969178799988,-0.03759057019692275,-0.0038064744672023287,-0.9999716348056619,-0.007497068148075857,0,0,instant_velocity,dbscan_kmeans_fallback,False
1980,108,7.94337416749,7.37840636794,-0.028244417711000037,0.004391340315000036,-0.03148978970219998,0.006233793968400007,-0.031106827569719206,0.005890564643292459,-0.9881280001403453,0.15363058172400268,0,0,instant_velocity,dbscan_kmeans_fallback,False
1980,109,8.12100672001,8.04665380714,-0.03350604545200007,0.0064915465520000385,-0.034482603561000004,0.007723031118800012,-0.03381797535131538,0.007240761729980243,-0.9817439847841726,0.190205579124589,0,0,instant_velocity,dbscan_kmeans_fallback,False
1980,110,3.99736382712,7.80059555363,0.028854766529999985,-0.006181288813000041,0.0322137896794,-0.0022195361374000022,0.030504961946720675,-0.0021228085619226862,0.9778151016639961,-0.20946825346218317,-1,-1,instant_velocity,dbscan_kmeans_fallback,False
1980,111,10.0221380553,7.00514244119,-0.03870453366,0.0023150000570000273,-0.04268653353400001,0.00616696922460001,-0.040439583129527765,0.003543417183192624,-0.998215783090577,0.05970539821130124,0,0,instant_velocity,dbscan_kmeans_fallback,False
1980,112,9.94552875535,6.32448469241,-0.043524184674999945,0.005966494993000016,-0.044387091621000005,0.005408031061600003,-0.043218129336677916,0.004565029506171812,-0.9907340716202238,0.13581437359151616,0,0,instant_velocity,dbscan_kmeans_fallback,False
1980,113,14.2343867593,9.17241208239,-0.06783290483000001,0.01059649510800007,-0.06783290483000001,0.01059649510800007,-0.020349871449000006,0.0031789485324000212,-0.9880172128457422,0.15434278671653592,-1,-1,instant_velocity,dbscan_kmeans_fallback,False
1980,222,14.6212216308,4.31091196222,0.01502720882999995,-0.04226665053000005,0.012678418203999975,-0.040763093791200015,0.013075704900639841,-0.03760664163824337,0.33499111696827055,-0.9422210492800018,2,2,instant_velocity,dbscan_kmeans_fallback,False
1980,232,6.23124050068,9.04449042974,0.0029675580450000184,-0.0013603608580000427,0.001864720871200003,-0.0008448556909999993,0.0018601705573118993,-0.0008460782099457561,0.9090353403849126,-0.4167116790459857,3,3,instant_velocity,dbscan_kmeans_fallback,False
1980,233,6.01930213529,8.54402082974,-0.0007366278840000185,0.0013603608580000427,-0.0007450464879999963,0.0013555876624000262,-0.0008563856916016268,0.0013352989691952021,-0.4761629948026707,0.8793496882580876,3,3,instant_velocity,dbscan_kmeans_fallback,False
1980,236,4.75230217534,8.29104144205,-0.040009417340000034,0.016634588041000063,-0.0416847196126,0.0002529793877999964,-0.04039540273704142,0.0028181989652997746,-0.9233714314752762,0.3839071996697997,0,0,instant_velocity,dbscan_kmeans_fallback,False
1980,237,4.82912194036,9.41847033589,-0.028707440952999975,0.002171804176999892,-0.034221626825,-0.00044868042340002746,-0.03367902882731873,0.00024048109174199135,-0.9971501906464292,0.07543740846450625,0,0,instant_velocity,dbscan_kmeans_fallback,False
1980,238,6.5420974676,8.76597444348,0.0027991859579999277,0.0014796907590000075,-0.0006987441640000113,0.00563237127339999,-0.004005337584919281,0.008230013502758557,0.8840763538738975,0.46733572928192735,3,3,instant_velocity,dbscan_kmeans_fallback,False
1980,239,2.46812434058,3.47369338483,-0.05358441691099998,-0.01408092818300002,-0.0598773236884,-0.008100113602200008,-0.059241173970326994,-0.007170514582128041,-0.9671641865660628,-0.25415167761974283,-1,-1,instant_velocity,dbscan_kmeans_fallback,False
1980,240,5.05663472386,11.4850255416,0.016289999485000005,-0.007684845549999863,0.022178813252200006,-0.006754072331999979,0.021442258635802874,-0.007572131154947714,0.9044121624933563,-0.4266585636606495,4,4,instant_velocity,dbscan_kmeans_fallback,False
1980,241,5.66256377447,10.981692024,0.02506639455599995,-0.01023850540999991,0.0228017899768,-0.015818371525999984,0.023610074008416818,-0.013949483137436885,0.9257526355175851,-0.37812870717778263,4,4,instant_velocity,dbscan_kmeans_fallback,False
1980,242,2.91620455897,4.05005680114,0.044450231152999994,0.0017660825180000118,0.04032932430642,0.0017326701460000037,0.03723532420445523,0.0008183542362664217,0.9992114053169676,0.03970035135795733,-1,-1,instant_velocity,dbscan_kmeans_fallback,False
1980,243,0.204782551666,7.10084502087,0.0,0.0,0.0,0.0,0.0,0.0,0.0,0.0,-1,-1,instant_velocity,dbscan_kmeans_fallback,False
1980,320,4.97350100556,12.3873982443,0.002378255739000057,0.0010262371399999636,0.0023782557388000035,0.0014653711700000115,0.0016048389429985728,0.0027553465025645344,0.9181623235616244,0.39619468231947785,-1,-1,instant_velocity,dbscan_kmeans_fallback,False
1980,340,15.1877937059,4.35410938597,0.007787209060000144,-0.03448634105899995,0.006116116086000005,-0.03499707302999999,0.007506849545788513,-0.03363920123547252,0.22026002211123377,-0.9754409038802326,2,2,instant_velocity,dbscan_kmeans_fallback,False
1980,345,3.60821383942,12.3227214386,-0.014501046053,0.02417623771000006,-0.013739162356400002,0.018701381906000025,-0.013036151274734443,0.02070793635480805,-0.5143730719173452,0.8575661102547836,5,5,instant_velocity,dbscan_kmeans_fallback,False
1980,346,3.48235570386,11.7609162701,-0.020162557503,0.016897113819999986,-0.008258650901799997,0.013083330219999993,-0.010360804406772553,0.01450373513968477,-0.7664423340343154,0.6423125316675395,5,5,instant_velocity,dbscan_kmeans_fallback,False
1980,350,13.3127600443,11.0003074884,0.00652441839999991,-0.005727835189999908,0.011626092655999969,-0.007746897097999969,0.011445985189076179,-0.008776067400326748,0.7514920344094954,-0.6597404175819548,6,6,instant_velocity,dbscan_kmeans_fallback,False
1980,351,13.7854646805,11.4556703862,0.00324116269000001,-0.0165152581400001,0.003236953386000003,-0.020047423176000015,0.003965025179712541,-0.018354170593638426,0.19257894391062666,-0.9812808782556329,6,6,instant_velocity,dbscan_kmeans_fallback,False
1980,352,11.9965112487,11.98740442,0.020520348189999992,-0.020524742779999983,0.01630262739199999,-0.019436454087999985,0.01594119130584367,-0.01760976391533482,0.7070308254613498,-0.7071822415370659,7,7,instant_velocity,dbscan_kmeans_fallback,False
1980,353,12.1455205463,12.865672483,0.01812104594000008,-0.02718335117999988,0.01812104594000008,-0.02718335117999988,0.009241733429400004,-0.013863509103899977,0.5546748472892125,-0.8320668251986895,7,7,instant_velocity,dbscan_kmeans_fallback,False
1980,376,14.1885053654,8.70153629755,-0.0005051162600000936,-0.00033412372000007906,-0.0004966976580000093,-0.0003484433076000215,-0.0004953975904797515,-0.0003475299819049627,-0.834028143597724,-0.5516919727026409,-1,-1,instant_velocity,dbscan_kmeans_fallback,False
1980,421,1.95122203134,4.82092795421,-0.011743953117000005,0.0,-0.010906301980800004,-0.0014462783861999996,-0.01278062362914168,-0.0005200941996960907,-0.9999991484986882,0.0,0,0,instant_velocity,dbscan_kmeans_fallback,False
1980,422,1.73339064288,5.30039549184,-0.01818418547099998,-0.002171804176999981,-0.015334487887199998,-0.0023865979970000063,-0.016961326496287323,-0.002112219523408774,-0.992942662548263,-0.1185907955834995,0,0,instant_velocity,dbscan_kmeans_fallback,False
1980,423,2.47528015431,5.59848158168,-0.016058487863999993,0.001264896938999982,-0.014021185603199999,0.010997443570799988,-0.01651762058966077,0.007611343640136446,-0.9969115338697021,0.07852484980684005,0,0,instant_velocity,dbscan_kmeans_fallback,False
1980,425,5.35675797019,6.77889295106,-0.03872558017099994,0.007637113590999967,-0.03766483601859999,0.010615587891199993,-0.03878135310698705,0.010323375512744395,-0.9811030929762031,0.1934844031375345,0,0,instant_velocity,dbscan_kmeans_fallback,False
1980,426,3.80794522845,5.59537900428,-0.02999127812200002,0.013126288983999946,-0.03555176631799999,0.006978412543600001,-0.0338915295434451,0.005366973139624968,-0.9160997865185065,0.40094958564642413,0,0,instant_velocity,dbscan_kmeans_fallback,False
1990,64,6.59366141946,7.17029502259,-0.028749533974999953,-0.0011694330189999213,-0.027570929360999995,-6.682474399999805e-05,-0.027632615730609565,-0.0004999982048449898,-0.9991733854436824,-0.04064296658373154,0,0,instant_velocity,dbscan_kmeans_fallback,False
1990,65,6.58061258266,7.68484555077,-0.02687639449899999,-0.0019808763379999482,-0.027920301443,-0.00047731959939998345,-0.027373619365506266,-0.0006447511312953318,-0.9972945647188687,-0.07350380295024579,0,0,instant_velocity,dbscan_kmeans_fallback,False
1990,66,6.35541491536,6.58963572989,-0.02561360384200002,-0.0032219072959999372,-0.030740533911999997,0.0010071443548000047,-0.02904933773045526,-0.00020305930603598693,-0.9921808556969284,-0.12480534787844134,0,0,instant_velocity,dbscan_kmeans_fallback,False
1990,67,2.25197667299,6.36028366236,-0.031569766444,0.0006682474389999804,-0.0346636035554,0.008496288869799997,-0.03422977360250741,0.006762739394000674,-0.9997757308592014,0.02116257568474886,0,0,instant_velocity,dbscan_kmeans_fallback,False
1990,70,6.69657885807,8.13066205664,-0.035652789570000024,-0.0014080928180000285,-0.03623788257520001,-0.004577494958399981,-0.03630997545698185,-0.0032625099143767946,-0.9992207192770676,-0.039463826965023104,0,0,instant_velocity,dbscan_kmeans_fallback,False
1990,71,6.86684513175,8.4941409316,-0.026792208456000034,-0.005775567152999983,-0.03252527804160001,-0.006777938311800007,-0.03163278104215274,-0.005953016487235141,-0.9775443269002165,-0.21072816428397084,0,0,instant_velocity,dbscan_kmeans_fallback,False
1990,72,7.01459163871,0.767052596279,-0.0003156976640000586,0.00023865979970000284,-0.00030306975780000303,0.00022911340772000077,-0.000135247807803934,-9.262720705494691e-05,-0.7976858926775776,0.6030312450139426,1,1,instant_velocity,dbscan_kmeans_fallback,False
1990,103,6.29459049868,0.598081458082,0.000505116263000005,0.00038185567959999613,0.000505116263000005,0.0003866288755400005,0.00061529940846222,0.0001495050984778586,0.7976934513259517,0.6030369585794443,1,1,instant_velocity,dbscan_kmeans_fallback,False
1990,104,5.35086494712,7.4125347193,-0.025992441039000003,-0.002100206237000002,-0.02894316187560001,-0.005923536228799993,-0.026826320471610487,-0.004511402737280842,-0.9967511426438873,-0.08053814427727596,0,0,instant_velocity,dbscan_kmeans_fallback,False
1990,105,14.7666530215,2.5789577957,0.07985046258999998,-0.008424690930000001,0.07874341611399999,-0.006787484703999995,0.07782674282007904,-0.007107066583155539,0.9944801733046009,-0.10492347601193906,-1,-1,instant_velocity,dbscan_kmeans_fallback,False
1990,106,6.50968584072,5.14550528182,-0.03735755695800007,-0.0011932989990000031,-0.03769009183160001,-0.0037899176194000008,-0.03713139419803839,-0.0036638242793372742,-0.9994899565319731,-0.03192634802059098,0,0,instant_velocity,dbscan_kmeans_fallback,False
1990,107,6.44717770316,5.8326068452,-0.035084533774000004,0.0007159793989999664,-0.03804367321580001,-0.0013985464261999957,-0.03683875927004593,-0.0024497383073416403,-0.9997915518642646,0.02040301173845149,0,0,instant_velocity,dbscan_kmeans_fallback,False
1990,108,7.66092999037,7.42231977109,-0.028244417712000036,0.004391340314999948,-0.0300165339348,0.005398484669599988,-0.030248104612403452,0.005440797344804706,-0.9881280001411714,0.1536305817186887,0,0,instant_velocity,dbscan_kmeans_fallback,False
1990,109,7.83098579895,8.05954143632,-0.029002092106,0.0012887629179999748,-0.0337543942816,0.006797031095800001,-0.032373210377720764,0.005455162086386162,-0.9990137968596814,0.04439307106733719,0,0,instant_velocity,dbscan_kmeans_fallback,False
1990,110,4.2857010273,7.73878266551,0.028833720017999998,-0.006181288812000041,0.031414022262600004,-0.0035751237996000107,0.030003589368104475,-0.003340352636945893,0.9777837750379001,-0.20961443426043805,-1,-1,instant_velocity,dbscan_kmeans_fallback,False
1990,111,9.60962644039,7.01325687438,-0.041251161490999874,0.0008114433189999381,-0.04153739403619998,0.0042624640227999855,-0.040683056637969395,0.0027238250239348177,-0.9998063436316204,0.019666989934589842,0,0,instant_velocity,dbscan_kmeans_fallback,False
1990,112,9.51428574573,6.37364861115,-0.04312430096200011,0.0049163918739999705,-0.0436925567574,0.0055989589014,-0.043189980824274575,0.004670438216520259,-0.9935638543870732,0.11327138413937414,0,0,instant_velocity,dbscan_kmeans_fallback,False
1990,113,13.5562681761,9.27861569326,-0.06781185831999999,0.010620361087000063,-0.06781185831999999,0.010620361087000063,-0.0345884675103,0.005411372298780034,-0.9879568101405951,0.15472895629169492,-1,-1,instant_velocity,dbscan_kmeans_fallback,False
1990,222,14.7845425559,3.88227896194,0.016332092510000073,-0.042863300027999963,0.014059069324000006,-0.04160317628599999,0.014052621183447911,-0.03918363915517035,0.3560564817215739,-0.9344642025264795,-1,-1,instant_velocity,dbscan_kmeans_fallback,False
1990,232,6.26091608114,9.03112548096,0.0029675580460000184,-0.0013364948779999608,0.002651860381200013,-0.0012028453904000002,0.002192386803918335,-0.0009932032103620175,0.9117928996154882,-0.4106428656974027,2,2,instant_velocity,dbscan_kmeans_fallback,False
1990,233,6.06202655254,8.51991618997,0.004272441724999965,-0.002410463976999999,0.00025676743360000034,0.0006014226952000001,0.0006822625333788508,0.00021157008533664162,0.8709445318902507,-0.4913771925318873,2,2,instant_velocity,dbscan_kmeans_fallback,False
1990,236,4.35241846706,8.48196928182,-0.039988370828,0.019092783976999962,-0.04089758010240001,0.006768391919999992,-0.04027329316432899,0.007700574468809831,-0.9024156876234525,0.4308659598901741,-1,-1,instant_velocity,dbscan_kmeans_fallback,False
1990,237,4.4561777661,9.38792188153,-0.03729441742600006,-0.0030548454359999866,-0.0337880686994,-0.001260123742400019,-0.03476364540692313,-0.0007481168665806023,-0.9966617662045523,-0.08163816082572897,0,0,instant_velocity,dbscan_kmeans_fallback,False
1990,238,6.58629514062,8.78363526865,0.004419767302000022,0.0017660825170001005,0.0024666510848000023,0.0014271856022000052,-0.0014778061188434894,0.006290834207031019,0.9286068581916805,0.3710594303633568,2,2,instant_velocity,dbscan_kmeans_fallback,False
1990,239,1.91207552095,3.34553307238,-0.05560488196300002,-0.012816031244999993,-0.0579705097952,-0.010209866231800006,-0.0581502863681289,-0.008864169580989626,-0.9744519037292106,-0.22459549600794615,-1,-1,instant_velocity,dbscan_kmeans_fallback,False
1990,240,5.21953471871,11.4079384263,0.016289999485000005,-0.007708711530000123,0.019623766821400004,-0.007794629058000027,0.019896580890562014,-0.007613105267463437,0.9039005078940807,-0.4277414663881473,3,3,instant_velocity,dbscan_kmeans_fallback,False
1990,241,5.86250562862,10.9337214043,0.019994185415000042,-0.004797061970000094,0.0221198830216,-0.013780216834,0.022525307430391786,-0.011203756787205848,0.9724038506614713,-0.23330190426213895,3,3,instant_velocity,dbscan_kmeans_fallback,False
1990,242,3.40301035754,3.97822020142,0.048680579856999986,-0.007183659972000012,0.042699161441,-4.77319599999948e-05,0.04066890090021866,-0.0015822500262135087,0.989286408053801,-0.1459862883978745,-1,-1,instant_velocity,dbscan_kmeans_fallback,False
1990,243,0.443449985981,7.15669141401,0.023866743431499998,0.005584639314000039,0.023866743431499998,0.005584639314000039,0.00716002302945,0.001675391794200012,0.9736985913932682,0.22783818199111336,-1,-1,instant_velocity,dbscan_kmeans_fallback,False
1990,320,4.99728356295,12.3978992755,0.002378255738999968,0.0010501031200000454,0.0023782557388000035,0.0010405567260000125,0.0018368639817989915,0.0022437734877951876,0.9147902802261911,0.4039196086688186,-1,-1,instant_velocity,dbscan_kmeans_fallback,False
1990,345,3.44468244924,12.481907525,-0.016353139017999972,0.01591860864000001,-0.01441686000939999,0.020596340716000014,-0.014031247597714102,0.019271138040365638,-0.7165625161885633,0.6975222462637924,4,4,instant_velocity,dbscan_kmeans_fallback,False
1990,346,3.28051966373,11.9301260681,-0.020183604013000032,0.01692097980000007,-0.011432464755000007,0.014997381814000016,-0.013307644288640797,0.015228908537779359,-0.766325910576755,0.6424514296224818,4,4,instant_velocity,dbscan_kmeans_fallback,False
1990,350,13.3721112052,10.9454157345,0.005935116090000037,-0.005489175390000156,0.009896069455999985,-0.007011824914000009,0.009792724459353336,-0.00778999979722877,0.7341482890643206,-0.6789873457963927,5,5,instant_velocity,dbscan_kmeans_fallback,False
1990,351,13.8275577024,11.3029281144,0.004209302189999953,-0.015274227179999933,0.0034305812859999917,-0.01832907261799999,0.0040383082827987644,-0.017430187569546878,0.2656779185920838,-0.9640611916449411,5,5,instant_velocity,dbscan_kmeans_fallback,False
1990,352,12.2069763583,11.7582910123,0.02104651096000012,-0.02291134076999999,0.018356766861999992,-0.01924552624799997,0.017472787202090605,-0.01920023697173437,0.6765003954473151,-0.7364418321208096,6,6,instant_velocity,dbscan_kmeans_fallback,False
1990,353,12.3267310057,12.5938389711,0.018121045939999903,-0.02718335119000006,0.018121045939999903,-0.02718335119000006,0.011905527182579975,-0.01785946172973,0.5546748471479356,-0.832066825292868,6,6,instant_velocity,dbscan_kmeans_fallback,False
1990,376,14.1836646679,8.69795640056,-0.0004840697499998825,-0.0003579896989998943,-0.0004924883560000026,-0.000348443307599986,-0.0004919992383357908,-0.00035066789703344214,-0.8040047558557714,-0.5945949329479087,-1,-1,instant_velocity,dbscan_kmeans_fallback,False
1990,421,1.83357203506,4.82092795421,-0.011764999627999994,0.0,-0.011213581040799996,-0.0009307732189999917,-0.012475936428799173,-0.0003640659397872635,-0.9999991500219451,0.0,0,0,instant_velocity,dbscan_kmeans_fallback,False
1990,422,1.55175925327,5.27867745006,-0.018163138961000014,-0.002171804177999981,-0.0169129762094,-0.002267268097400006,-0.017321870235701132,-0.002130094919786136,-0.9929264715544639,-0.11872627655379872,0,0,instant_velocity,dbscan_kmeans_fallback,False
1990,423,2.31448481055,5.61113055106,-0.01607953437599998,0.0012648969379999819,-0.013048836796799997,0.0076752991587999905,-0.016386194725562533,0.005707409629495507,-0.9969195754746023,0.07842270111578682,0,0,instant_velocity,dbscan_kmeans_fallback,False
1990,425,4.95266495971,6.81707851901,-0.04040930104800004,0.0038185567950000275,-0.03823309181460001,0.008749268257399993,-0.03926973748929095,0.008371929897421084,-0.9955645967799271,0.09407784488476335,0,0,instant_velocity,dbscan_kmeans_fallback,False
1990,426,3.50803244724,5.72664189412,-0.029991278120999977,0.013126288984000034,-0.034415254725999996,0.010582175519200003,-0.03272145411671156,0.007694767892937489,-0.9160997865135948,0.4009495856576466,-1,-1,instant_velocity,dbscan_kmeans_fallback,False
2000,64,6.30995445168,7.15311151701,-0.02837069677799997,-0.0017183505580000257,-0.02814760376139999,-0.0007875773389999985,-0.027854040044826688,-0.0008655039107915007,-0.998170451107132,-0.06045698366383208,0,0,instant_velocity,dbscan_kmeans_fallback,False
2000,65,6.31163817256,7.6650367874,-0.026897441009999933,-0.001980876337000037,-0.027650906102599997,-0.0008734948667999909,-0.027230765858854367,-0.0010455886930067434,-0.9972987795026939,-0.07344659860026993,0,0,instant_velocity,dbscan_kmeans_fallback,False
2000,66,6.09948934206,6.55741665693,-0.025592557329999988,-0.003221907296000026,-0.029309371166399992,-0.00016706185980000399,-0.02801230361031868,-0.001108713703025199,-0.9921681410345045,-0.12490638318159251,0,0,instant_velocity,dbscan_kmeans_fallback,False
2000,67,1.93627900855,6.36696613676,-0.03156976644400002,0.0006682474400000693,-0.0336954640512,0.006047639324800009,-0.03343177145495519,0.004934391807800492,-0.9997757308585313,0.021162575716406253,0,0,instant_velocity,dbscan_kmeans_fallback,False
2000,70,6.3583614269,8.10512545807,-0.033821743116999946,-0.002553659856999957,-0.03573276631220001,-0.0032075877081999948,-0.035563505754987276,-0.0030498548971637433,-0.997161446496746,-0.07528917560688464,0,0,instant_velocity,dbscan_kmeans_fallback,False
2000,71,6.59913351231,8.43614660027,-0.026771161943999998,-0.005799433133000065,-0.03054269670880002,-0.0064390413962000185,-0.03017429531270692,-0.005906941480964619,-0.97733022662451,-0.21171891268764892,0,0,instant_velocity,dbscan_kmeans_fallback,False
2000,72,7.01164512717,0.769200534476,-0.00029465115399993633,0.00021479381969999878,-0.00030306975799998526,0.00022434021171999997,-0.0001830688116627347,-4.008990284631891e-07,-0.8080584496029407,0.58905576501191,1,1,instant_velocity,dbscan_kmeans_fallback,False
2000,103,6.29985212642,0.601900014877,0.0005261627740000385,0.0003818556794999983,0.0005093255652000117,0.0003866288755199987,0.0005885584181235656,0.0002192102727845005,0.8093145300454565,0.5873493243360979,1,1,instant_velocity,dbscan_kmeans_fallback,False
2000,104,5.09073007162,7.39153265693,-0.026013487549999947,-0.002100206237000002,-0.028080254926199987,-0.004797061974200005,-0.026582470595127326,-0.0037880437871965896,-0.9967563717211342,-0.08047340613727984,0,0,instant_velocity,dbscan_kmeans_fallback,False
2000,106,6.13611027113,5.13357229184,-0.037357556958999984,-0.0011932989980000031,-0.037538556952800006,-0.002610938208799993,-0.037199243026326864,-0.0029226666949360926,-0.9994899565328541,-0.03192634799300988,0,0,instant_velocity,dbscan_kmeans_fallback,False
2000,107,6.09654283052,5.84000529899,-0.03506348726400006,0.0007398453790000481,-0.037488045326600015,-5.727835179998308e-05,-0.03630617766823217,-0.0014928632014391337,-0.9997771807453922,0.02109546382637216,0,0,instant_velocity,dbscan_kmeans_fallback,False
2000,108,7.36901488332,7.46074399884,-0.029191510704999944,0.0038424227750000206,-0.02872848746380001,0.0044533918626,-0.0299311264401824,0.004961284973863301,-0.991447656021956,0.13050236050533162,0,0,instant_velocity,dbscan_kmeans_fallback,False
2000,109,7.54096487788,8.07242906551,-0.029002092107,0.0012887629190000637,-0.032470557113000016,0.005307793945600015,-0.031361874896504535,0.004205242336170332,-0.9990137968582214,0.04439307110019096,0,0,instant_velocity,dbscan_kmeans_fallback,False
2000,110,4.61928822606,7.86336308096,0.03335871987600001,0.012458041545000053,0.031245650175,-0.0009355464147999904,0.031010128520473135,0.0013991656176378913,0.9368033401178286,0.3498555991975955,-1,-1,instant_velocity,dbscan_kmeans_fallback,False
2000,111,9.17164854726,7.00681305979,-0.043797789313000025,-0.0006443814589999874,-0.0408933708008,0.0020620206695999956,-0.041617476440478585,0.001713363079054376,-0.9998915582890519,-0.0147110525731678,0,0,instant_velocity,dbscan_kmeans_fallback,False
2000,112,9.09945901466,6.38056974534,-0.04148267310699989,0.0006921134189999733,-0.0430359056168,0.004701598054399998,-0.04267778850909217,0.003476940777264173,-0.9998606034898136,0.016682072030887007,0,0,instant_velocity,dbscan_kmeans_fallback,False
2000,113,12.897512383,9.27193321887,-0.06587557930999992,-0.0006682474390000692,-0.06587557930999992,-0.0006682474390000692,-0.04397460105020998,0.003587486377446003,-0.9999484009602683,-0.010143561014156864,-1,-1,instant_velocity,dbscan_kmeans_fallback,False
2000,222,14.9668053408,3.44457688926,0.01822627849000007,-0.043770207268,0.01581855764,-0.042619867033000004,0.01530471837541356,-0.040559609589019247,0.38441207921243786,-0.9231613789223505,-1,-1,instant_velocity,dbscan_kmeans_fallback,False
2000,232,6.2905916616,9.01776053217,0.0029675580459999295,-0.0013364948790000498,0.002963348743599994,-0.0013412680744000127,0.002424938176542813,-0.0010961907109534271,0.9117928995004306,-0.4106428659528777,2,2,instant_velocity,dbscan_kmeans_fallback,False
2000,233,6.10454050469,8.4955728904,0.00425139521500002,-0.002434329957000081,0.0012585813555999969,-0.00015751546779998904,0.0017530023378652018,-0.0005821999273643753,0.8678047922277705,-0.4969011573176649,2,2,instant_velocity,dbscan_kmeans_fallback,False
2000,236,3.96684638622,8.50607392159,-0.03855720808399998,0.002410463976999999,-0.03982420804340001,0.009947340452199995,-0.03975846764023029,0.006113541321266881,-0.998051291095434,0.06239473250093023,0,0,instant_velocity,dbscan_kmeans_fallback,False
2000,237,4.02556615181,9.32300641601,-0.043061161429,-0.0064915465520000385,-0.03513083609860001,-0.001909278397600005,-0.03725290021354619,-0.0024711457722064335,-0.988826805823062,-0.14906739690358084,0,0,instant_velocity,dbscan_kmeans_fallback,False
2000,238,6.63049281364,8.80129609383,0.004419767302000022,0.0017660825180000118,0.0030096510675999967,0.0015226495222000124,0.00029146590740956424,0.004933408700321717,0.928606858119292,0.37105943054451573,2,2,instant_velocity,dbscan_kmeans_fallback,False
2000,239,1.32529879531,3.23718152331,-0.05867767256400001,-0.010835154906999999,-0.057023416802,-0.011469989974199998,-0.05830850222689023,-0.009455465178792737,-0.9833749722635088,-0.1815855961996527,-1,-1,instant_velocity,dbscan_kmeans_fallback,False
2000,240,5.36412424903,11.2960069802,0.014458953031999932,-0.011193144609999983,0.017502278516600002,-0.008443783714000013,0.018265292532993388,-0.0086871170702244,0.7907466644602404,-0.6121426458464926,2,2,instant_velocity,dbscan_kmeans_fallback,False
2000,241,6.01214632156,10.9399265591,0.014964069294000026,0.0006205154799999946,0.020903394688000017,-0.009680041475999985,0.020256935989474256,-0.007656475107044095,0.999140682862971,0.041431394644959714,2,2,instant_velocity,dbscan_kmeans_fallback,False
2000,242,3.9182289459,3.84647999198,0.05152185883600002,-0.01317402094400002,0.0456372543712,-0.0030214330644000053,0.043924788280953066,-0.005059781301549463,0.9688295584929925,-0.2477274924295779,-1,-1,instant_velocity,dbscan_kmeans_fallback,False
2000,243,0.681906955187,7.21229914734,0.023845696920599995,0.0055607733330000466,0.023845696920599995,0.0055607733330000466,0.012165725196795,0.0028410062558400224,0.9738699281178104,0.227104703381927,-1,-1,instant_velocity,dbscan_kmeans_fallback,False
2000,320,5.02106612034,12.4081616469,0.002378255739000057,0.0010262371399999636,0.0023782557388000035,0.0010357835299999963,0.001999281508959311,0.0018785125834566204,0.9181623235616244,0.39619468231947785,2,2,instant_velocity,dbscan_kmeans_fallback,False
2000,345,3.28094059395,12.6410936114,-0.016374185529000006,0.01591860864000001,-0.015060883244799993,0.02170372218600001,-0.014734128977099872,0.01826537922025595,-0.717010765222719,0.6970614655631332,3,3,instant_velocity,dbscan_kmeans_fallback,False
2000,346,3.10625455296,12.1325095782,-0.017426511076999995,0.020238351010000065,-0.013958046070400005,0.016815969487999995,-0.014543304325148557,0.016731741279445572,-0.6525022967441044,0.7577862521068544,3,3,instant_velocity,dbscan_kmeans_fallback,False
2000,350,13.4314623661,10.8902853207,0.005935116090000037,-0.005513041379999884,0.008393348572000008,-0.006400855827999976,0.008635441948547345,-0.0071069122720601036,0.7326779519869869,-0.6805736916121218,4,4,instant_velocity,dbscan_kmeans_fallback,False
2000,351,13.8696507243,11.1501858426,0.004209302189999953,-0.01527422718000011,0.003628418489999987,-0.01661072206,0.004089606454959121,-0.016783399452682847,0.2656779185920809,-0.964061191644942,4,4,instant_velocity,dbscan_kmeans_fallback,False
2000,352,12.4029193753,11.5492250277,0.019594301699999938,-0.020906598460000047,0.019947883090000004,-0.018835031393999984,0.018109241551463404,-0.019712145418214075,0.6838362277828258,-0.7296350564336117,4,4,instant_velocity,dbscan_kmeans_fallback,False
2000,353,12.517412395,12.3088791702,0.01906813892999999,-0.02849598008999994,0.01906813892999999,-0.02849598008999994,0.014054310706805979,-0.02105041723781098,0.5561291476788006,-0.8310955346979816,4,4,instant_velocity,dbscan_kmeans_fallback,False
2000,376,14.1786135053,8.69437650356,-0.0005051162600000936,-0.0003579897000001608,-0.0004966976580000093,-0.00035321650360000236,-0.0004959343448350817,-0.00035286443792345774,-0.8158596529108545,-0.5782220362253593,-1,-1,instant_velocity,dbscan_kmeans_fallback,False
2000,421,1.70097901599,4.80971094363,-0.013259301906999999,-0.0011217010580000242,-0.0118155112544,-0.0006348350672000081,-0.012710946072259421,-0.0005913564752510916,-0.9964399931782423,-0.08429612678111646,0,0,instant_velocity,dbscan_kmeans_fallback,False
2000,422,1.34087321342,5.28798518225,-0.02108860398499999,0.0009307732189999917,-0.01875665057,-0.001551288698200004,-0.01845189036049079,-0.0012118344781502975,-0.9990269404133301,0.04409336539571937,0,0,instant_velocity,dbscan_kmeans_fallback,False
2000,423,2.15389993191,5.62354086065,-0.016058487864000038,0.0012410309590000779,-0.0140885344382,0.005460536217400005,-0.016287882667093787,0.004367496028346878,-0.9970264427960793,0.07705212924969906,0,0,instant_velocity,dbscan_kmeans_fallback,False
2000,425,4.54120567039,6.83879656079,-0.041145928931999975,0.002171804177999981,-0.039180184807799986,0.006615649648000001,-0.039832594922103656,0.006511892181594753,-0.9986096408937747,0.05270957896875808,0,0,instant_velocity,dbscan_kmeans_fallback,False
2000,426,3.20811966602,5.85790478397,-0.02999127812200002,0.013126288984999946,-0.03231060362979999,0.011794567301999983,-0.0319024013182981,0.009324224220556227,-0.916099786507287,0.40094958567205924,-1,-1,instant_velocity,dbscan_kmeans_fallback,False
2010,64,6.06034283167,7.08652543289,-0.02496116200100005,-0.006658608411999989,-0.02791609214060001,-0.0023722784091999927,-0.026986176631678696,-0.0026034352611540475,-0.9662124109272892,-0.2577456164469218,0,0,instant_velocity,dbscan_kmeans_fallback,False
2010,65,6.04266376246,7.64498936422,-0.026897441010000023,-0.0020047423180000303,-0.027381510762199995,-0.001274443330399997,-0.027130768404198063,-0.0013333347805047297,-0.9972335781595121,-0.07432663777657125,0,0,instant_velocity,dbscan_kmeans_fallback,False
2010,66,5.84356376875,6.52519758397,-0.025592557330999986,-0.003221907296000026,-0.027882417723199993,-0.001341268074199995,-0.02728637972652307,-0.0017426717809176473,-0.9921681410351093,-0.1249063831767881,0,0,instant_velocity,dbscan_kmeans_fallback,False
2010,67,1.62605343697,6.37531922975,-0.031022557157999998,0.0008353092989999312,-0.0326220919918,0.0036371753477999922,-0.03270900716586863,0.003704667055160324,-0.9996373736781302,0.02691610461408667,0,0,instant_velocity,dbscan_kmeans_fallback,False
2010,70,6.02014399573,8.0795888595,-0.033821743117000036,-0.0025536598570001347,-0.035227650049,-0.0018376804578000261,-0.035040976963591104,-0.002900996385114661,-0.9971614464967454,-0.07528917560688964,0,0,instant_velocity,dbscan_kmeans_fallback,False
2010,71,6.32594980001,8.35834350556,-0.027318371229999982,-0.007780309470999924,-0.02867376653539999,-0.0064963197482000015,-0.029317518087894838,-0.0064689518779752105,-0.9617551921507882,-0.2739091934608773,0,0,instant_velocity,dbscan_kmeans_fallback,False
2010,72,7.00848815053,0.771587132474,-0.0003156976640000586,0.00023865979980000062,-0.00030306975780000303,0.00022911340774000032,-0.00022285746736393187,7.131731062007596e-05,-0.7976858925560337,0.6030312451747266,1,1,instant_velocity,dbscan_kmeans_fallback,False
2010,103,6.30490328905,0.605718571673,0.000505116263000005,0.0003818556796000072,0.0005093255652000117,0.0003866288755400005,0.0005635257715864974,0.0002680038948291525,0.7976934513259433,0.6030369585794554,1,1,instant_velocity,dbscan_kmeans_fallback,False
2010,104,4.82196612663,7.37196255335,-0.02687639449900008,-0.0019570103579999555,-0.027389929366600008,-0.0036467217395999897,-0.026670647766289152,-0.0032387337584375993,-0.9973590979110155,-0.07262291396005392,0,0,instant_velocity,dbscan_kmeans_fallback,False
2010,106,5.77916144521,5.13118569384,-0.035694882592,-0.0002386598000000184,-0.0370544872006,-0.001236257762400008,-0.0367479348960288,-0.00211746462645527,-0.9999773685971988,-0.006685955561804811,0,0,instant_velocity,dbscan_kmeans_fallback,False
2010,107,5.74569749278,5.84716509298,-0.035084533774000004,0.0007159793989999664,-0.036595673261600015,0.00022911340780000346,-0.03593968449996252,-0.0008302104213074035,-0.9997915518642646,0.02040301173845149,0,0,instant_velocity,dbscan_kmeans_fallback,False
2010,108,7.07709977627,7.4994068864,-0.029191510705000034,0.0038662887560000137,-0.02862325490900002,0.004181319691000009,-0.029709241719627688,0.004632786108504315,-0.9913424699232471,0.13129900276634304,0,0,instant_velocity,dbscan_kmeans_fallback,False
2010,109,7.25073349171,8.08531669469,-0.029023138616999945,0.0012887629179999748,-0.031190929246399986,0.00381855679540001,-0.030660254012653158,0.0033302985107192245,-0.9990152242972273,0.04436094223240075,0,0,instant_velocity,dbscan_kmeans_fallback,False
2010,110,4.95792658745,8.00870689898,0.033863836139000014,0.014534381801999974,0.031178301340000002,0.002119299021399996,0.0318662408060312,0.005339730472946517,0.9189352845455623,0.39440765724509236,-1,-1,instant_velocity,dbscan_kmeans_fallback,False
2010,111,8.73367065413,7.00036924519,-0.043797789313000025,-0.0006443814599999875,-0.04125116148739998,0.0008305361030000036,-0.042271570302235016,0.0010060397173380668,-0.999891558288716,-0.014711052595992587,0,0,instant_velocity,dbscan_kmeans_fallback,False
2010,112,8.6848427487,6.38772953933,-0.041461626596000126,0.0007159793990000552,-0.04262339400200002,0.003651494935600006,-0.04231293993516456,0.0026486523637849375,-0.9998506919684993,0.017265904796761083,0,0,instant_velocity,dbscan_kmeans_fallback,False
2010,113,12.2579089148,9.15260331901,-0.06396034682000007,-0.011932989986000031,-0.06396034682000007,-0.011932989986000031,-0.049970324781147005,-0.0010686565315878084,-0.983037489193076,-0.18340389159265,-1,-1,instant_velocity,dbscan_kmeans_fallback,False
2010,114,14.5523995399,5.65575993361,0.0,0.0,0.0,0.0,0.0,0.0,0.0,0.0,2,2,instant_velocity,dbscan_kmeans_fallback,False
2010,115,14.7115111628,6.61087645206,0.0,0.0,0.0,0.0,0.0,0.0,0.0,0.0,2,2,instant_velocity,dbscan_kmeans_fallback,False
2010,116,14.8567320885,6.07007334591,0.0,0.0,0.0,0.0,0.0,0.0,0.0,0.0,2,2,instant_velocity,dbscan_kmeans_fallback,False
2010,222,15.1492785908,3.00711347639,0.018247324999999925,-0.043746341287000015,0.016572022731999994,-0.0429874031244,0.01618750036278947,-0.04151562909841348,0.38496910082997904,-0.9229292331811842,-1,-1,instant_velocity,dbscan_kmeans_fallback,False
2010,232,6.32026724205,9.00415692359,0.0029675580450000184,-0.0013603608580000427,0.0029675580456000007,-0.001346041270400029,0.0025877241370799746,-0.001175441755067412,0.9090353403849126,-0.4167116790459857,3,3,instant_velocity,dbscan_kmeans_fallback,False
2010,233,6.14726492194,8.47146825063,0.004272441724999965,-0.002410463976999999,0.0022603952773999937,-0.0009116804347999974,0.002508834154005631,-0.0011306791422550624,0.8709445318902507,-0.4913771925318873,3,3,instant_velocity,dbscan_kmeans_fallback,False
2010,236,3.58485221225,8.48841309641,-0.03819941739699999,-0.0017660825180000118,-0.0393696034066,0.008639484749600008,-0.0392907525672612,0.0037496541694868124,-0.9989326932267807,-0.046183886728728966,0,0,instant_velocity,dbscan_kmeans_fallback,False
2010,237,3.63915221054,9.25474971329,-0.03864139412699998,-0.00682567027199994,-0.0355854407354,-0.0026204846007999907,-0.03766944838758233,-0.0037775031221444853,-0.9847545057471769,-0.17394842259068222,0,0,instant_velocity,dbscan_kmeans_fallback,False
2010,238,6.67469048666,8.81895691901,0.004419767302000022,0.0017660825180000118,0.003552651050400009,0.0016133402460000211,0.0015299563257867017,0.003983210845625205,0.928606858119292,0.37105943054451573,3,3,instant_velocity,dbscan_kmeans_fallback,False
2010,239,0.738522069676,3.12859131444,-0.058677672563399993,-0.010859020886999993,-0.056602486582679995,-0.012047546689599998,-0.05841925332784316,-0.009876531891254915,-0.9833034803636301,-0.18197233402520185,-1,-1,instant_velocity,dbscan_kmeans_fallback,False
2010,240,5.50892424445,11.184314194,0.014479999542000055,-0.0111692786199999,0.015565999508000007,-0.009092938367999999,0.017129704635695388,-0.00943176553515705,0.7918084460422011,-0.6107686068540394,3,3,instant_velocity,dbscan_kmeans_fallback,False
2010,241,6.1615765494,10.9463703737,0.014943022783999994,0.0006443814600000763,0.019682697052200007,-0.005570319723999973,0.018662762027831976,-0.005166218136930844,0.9990708489843176,0.043082496869465435,3,3,instant_velocity,dbscan_kmeans_fallback,False
2010,242,4.43365799937,3.71497844234,0.05154290534700001,-0.013150154963999983,0.04812495196700001,-0.005995134168799998,0.04621022340076715,-0.007486893400284619,0.968961382948866,-0.2472113718488892,-1,-1,instant_velocity,dbscan_kmeans_fallback,False
2010,243,0.920363924392,7.26790688067,0.023845696920500002,0.005560773332999957,0.023845696920500002,0.005560773332999957,0.0156697167139065,0.0036569363789880033,0.9738699281176005,0.22710470338282676,-1,-1,instant_velocity,dbscan_kmeans_fallback,False
2010,244,0.29212557216,8.11443319026,0.0,0.0,0.0,0.0,0.0,0.0,0.0,0.0,4,4,instant_velocity,dbscan_kmeans_fallback,False
2010,245,0.180579064059,7.51205585578,0.0,0.0,0.0,0.0,0.0,0.0,0.0,0.0,4,4,instant_velocity,dbscan_kmeans_fallback,False
2010,320,5.04484867772,12.4186626781,0.002378255737999968,0.0010501031200000454,0.0023782557386000038,0.0010405567260000125,0.0021129737776715085,0.0016299897444196478,0.9147902801634338,0.40391960881094713,3,3,instant_velocity,dbscan_kmeans_fallback,False
2010,321,11.1967438321,12.481907525,0.0,0.0,0.0,0.0,0.0,0.0,0.0,0.0,-1,-1,instant_velocity,dbscan_kmeans_fallback,False
2010,345,3.12498594772,12.798847739,-0.01559546462300001,0.015775412759999875,-0.015372371607000002,0.01960828914399997,-0.014992529670869913,0.017518389282179126,-0.7030388258118699,0.7111508333731478,5,5,instant_velocity,dbscan_kmeans_fallback,False
2010,346,2.94356502322,12.3494513362,-0.016268952973999974,0.021694175799999903,-0.016159511117199994,0.018171557149999983,-0.015060998919803982,0.01822047163561187,-0.5999601537169936,0.8000294222088054,5,5,instant_velocity,dbscan_kmeans_fallback,False
2010,350,13.490813527,10.835154907,0.005935116090000037,-0.00551304137000006,0.007223162561999992,-0.005976041384000013,0.007825344190983153,-0.006628751001442091,0.7326779526025394,-0.6805736909494415,6,6,instant_velocity,dbscan_kmeans_fallback,False
2010,351,13.9077449092,11.0516193453,0.0038094184900000273,-0.009856649729999844,0.0037420696499999907,-0.014691897269999999,0.004005550065471392,-0.014705374535877946,0.36049506585330887,-0.9327601057318508,6,6,instant_velocity,dbscan_kmeans_fallback,False
2010,352,12.540563557,11.4208260555,0.01376441817000007,-0.012839897220000118,0.018845045916000024,-0.018419763342000017,0.016805794537024403,-0.017650470958749886,0.7312375166860173,-0.6821221530540391,6,6,instant_velocity,dbscan_kmeans_fallback,False
2010,353,12.7173542491,12.0105544206,0.019994185410000042,-0.029832474960000077,0.018685092431999985,-0.027975701722000004,0.0158362731177642,-0.02368503455446771,0.5567392422058977,-0.8306869803282886,-1,-1,instant_velocity,dbscan_kmeans_fallback,False
2010,376,14.1737728077,8.69103526636,-0.00048406975999988334,-0.0003341237199999014,-0.0004924883580000028,-0.000348443307599986,-0.0004923749693845222,-0.0003472422225463908,-0.8229742538361975,-0.5680487439578125,2,2,instant_velocity,dbscan_kmeans_fallback,False
2010,421,1.56480809007,4.79563001544,-0.013617092591999991,-0.0014080928190000285,-0.012430069374399997,-0.0005059587754000105,-0.012982790028181593,-0.0008363773783757727,-0.9946953424940859,-0.1028577399614334,0,0,instant_velocity,dbscan_kmeans_fallback,False
2010,422,1.12304182496,5.30516868783,-0.021783138846000007,0.0017183505580000257,-0.019480650547,-0.0007732577510000027,-0.019451264906143552,-0.0003327789673052004,-0.996902612985887,0.0786400974352942,0,0,instant_velocity,dbscan_kmeans_fallback,False
2010,423,1.95353714754,5.63881508783,-0.020036278436999976,0.0015274227179999933,-0.0159237901944,0.0033030516280000023,-0.017412401398065644,0.0035154740352428123,-0.9971063834886875,0.07601226680853979,0,0,instant_velocity,dbscan_kmeans_fallback,False
2010,425,4.16026382197,6.83951254019,-0.038094184842,7.159794000006769e-05,-0.0394201150328,0.004267237219000002,-0.03931107189807256,0.004579803909116348,-0.9999979712422603,0.0018794940761208785,0,0,instant_velocity,dbscan_kmeans_fallback,False
2010,426,2.89115921093,5.92019499169,-0.03169604550899998,0.0062290207720000264,-0.030542696708799992,0.011627505441999997,-0.031840494575508665,0.008395663185989367,-0.9812308782749101,0.19283501852515744,0,0,instant_velocity,dbscan_kmeans_fallback,False
2020,64,5.81073121165,7.01993934877,-0.024961162001999958,-0.006658608411999989,-0.027158417746199995,-0.0034701134877999883,-0.026378672242775073,-0.0038199872064078304,-0.9662124109298604,-0.2577456164372828,0,0,instant_velocity,dbscan_kmeans_fallback,False
2020,65,5.74948586475,7.59916668268,-0.02931778977100006,-0.00458226815399998,-0.027596185174200018,-0.0021908969611999928,-0.02778687481423866,-0.002308014792553305,-0.9880046912250137,-0.15442168280642982,0,0,instant_velocity,dbscan_kmeans_fallback,False
2020,66,5.60910563663,6.48032954162,-0.02344581321200003,-0.004486804235000008,-0.026021906153999998,-0.0027684536766,-0.02613420977216616,-0.0025659115171423556,-0.9821765917120053,-0.1879582529880343,0,0,instant_velocity,dbscan_kmeans_fallback,False
2020,67,1.33792670189,6.39083211673,-0.028812673507999986,0.0015512886980000751,-0.0311025339004,0.0013651340544000056,-0.03154010706850804,0.003058653548012249,-0.998553397853199,0.05376261248402165,0,0,instant_velocity,dbscan_kmeans_fallback,False
2020,70,5.67982191346,8.04808576594,-0.03403220822700002,-0.0031503093559999583,-0.0347477895992,-0.0021145258254000156,-0.03473834634261378,-0.00297579027638025,-0.9957425878300203,-0.09217436522734407,0,0,instant_velocity,dbscan_kmeans_fallback,False
2020,71,6.05129283195,8.27528989526,-0.02746569680600004,-0.008305361030000036,-0.027027929378199998,-0.006692020783999979,-0.028761971703326398,-0.007019874623582658,-0.9571939248472224,-0.28944618364250696,0,0,instant_velocity,dbscan_kmeans_fallback,False
2020,72,7.005541639,0.773973730471,-0.0002946511530000251,0.00023865979970000284,-0.00030306975780000303,0.00022911340774000032,-0.00024439557305475985,0.00012152005734405403,-0.7770532327321262,0.6293929855420357,1,1,instant_velocity,dbscan_kmeans_fallback,False
2020,103,6.30995445168,0.609537128468,0.000505116263000005,0.0003818556794999983,0.0005093255652000117,0.0003866288755400005,0.0005460029190105497,0.00030215943023040624,0.7976934514019182,0.6030369584789538,1,1,instant_velocity,dbscan_kmeans_fallback,False
2020,104,4.51721264789,7.35955224376,-0.03047534787399995,-0.0012410309590000779,-0.027415185179799996,-0.0023484124291999996,-0.027812057798602394,-0.0026394229186063427,-0.9991715431042055,-0.0406887174338741,0,0,instant_velocity,dbscan_kmeans_fallback,False
2020,106,5.42663238658,5.13118569384,-0.035252905863000006,0.0,-0.036604091866200006,-0.0007637113590000055,-0.036299426186120164,-0.001482225238518689,-0.9999997163355213,0.0,0,0,instant_velocity,dbscan_kmeans_fallback,False
2020,107,5.39695680613,5.84024395879,-0.03487406866499994,-0.0006921134189999733,-0.0356612081748,0.00023865979980000062,-0.035619999749473746,-0.0007887813206151745,-0.9998028381546589,-0.019842163163932027,0,0,instant_velocity,dbscan_kmeans_fallback,False
2020,108,6.78518466922,7.53783111415,-0.029191510704999944,0.0038424227750000206,-0.0288126735076,0.004066762987200007,-0.029553922415239367,0.004395677108453027,-0.991447656021956,0.13050236050533162,0,0,instant_velocity,dbscan_kmeans_fallback,False
2020,109,6.95797652422,8.09868164348,-0.02927569674899999,0.0013364948790000498,-0.0299618130062,0.00233886603720002,-0.030244886833557208,0.002732157421203472,-0.9989592313662987,0.0456045131392642,0,0,instant_velocity,dbscan_kmeans_fallback,False
2020,110,5.18670216161,8.25237855449,0.022877557416000015,0.024367165551000092,0.029557719995800005,0.007799402254600007,0.02916963578902184,0.01104796099636259,0.6844716306994492,0.7290390856390918,-1,-1,instant_velocity,dbscan_kmeans_fallback,False
2020,111,8.295692761,6.9939254306,-0.043797789313000025,-0.0006443814589999874,-0.04226981261799999,0.0002386597996000006,-0.04272943600546452,0.0005109133644366504,-0.9998915582890519,-0.0147110525731678,0,0,instant_velocity,dbscan_kmeans_fallback,False
2020,112,8.27001601763,6.39465067352,-0.04148267310699989,0.0006921134189999733,-0.04221509168939999,0.0025966186207999975,-0.04206385988671516,0.0020616906803494484,-0.9998606034898136,0.016682072030887007,0,0,instant_velocity,dbscan_kmeans_fallback,False
2020,113,11.6185159118,9.03327341915,-0.06393930030000003,-0.011932989986000031,-0.06588399791600001,-0.0006634742431999996,-0.05416101743680291,-0.004327956567911476,-0.9830266032540191,-0.18346222992061473,-1,-1,instant_velocity,dbscan_kmeans_fallback,False
2020,114,14.2341762942,5.70229859455,-0.031822324570000046,0.004653866094000048,-0.031822324570000046,0.004653866094000048,-0.009546697371000015,0.0013961598282000145,-0.9894743816314847,0.14470599925618266,2,2,instant_velocity,dbscan_kmeans_fallback,False
2020,115,14.3686634992,6.61087645206,-0.034284766360000066,0.0,-0.034284766360000066,0.0,-0.010285429908000021,0.0,-0.9999997083253542,0.0,2,2,instant_velocity,dbscan_kmeans_fallback,False
2020,116,14.5128320993,6.12257850185,-0.03438999891999987,0.00525051559399996,-0.03438999891999987,0.00525051559399996,-0.010316999675999963,0.0015751546781999882,-0.9885446652436709,0.15092670378680498,2,2,instant_velocity,dbscan_kmeans_fallback,False
2020,222,15.3317518409,2.56965006351,0.018247325010000103,-0.043746341287999965,0.017216045968000023,-0.0432785680802,0.016805447756952658,-0.04218484275528943,0.3849691010021932,-0.9229292331093509,-1,-1,instant_velocity,dbscan_kmeans_fallback,False
2020,232,6.35604631069,8.97122187123,0.0035779068640000135,-0.003293505235999916,0.0030896278091999997,-0.0017374433418000023,0.0028847789551559866,-0.0018108607993471632,0.7357418722221643,-0.6772590233942071,3,3,instant_velocity,dbscan_kmeans_fallback,False
2020,233,6.18977887409,8.44736361086,0.00425139521500002,-0.002410463976999999,0.00326220919919999,-0.0016610722060000072,0.0030316024723039477,-0.0015146145926785435,0.869902772195295,-0.4932190939273062,3,3,instant_velocity,dbscan_kmeans_fallback,False
2020,236,3.21085571245,8.46621773503,-0.037399649980000005,-0.0022195361379999667,-0.0388308127258,0.006830443467800009,-0.03872342179108284,0.0019588970772407783,-0.9982433715706344,-0.05924219180940985,0,0,instant_velocity,dbscan_kmeans_fallback,False
2020,237,3.31903477879,9.18219713418,-0.032011743174999996,-0.007255257910999902,-0.035943231422000003,-0.004291103198799995,-0.03597213682380763,-0.00482082955880111,-0.9752649740383685,-0.22103760109318032,0,0,instant_velocity,dbscan_kmeans_fallback,False
2020,238,6.71867769458,8.83661774419,0.004398720791999988,0.0017660825180000118,0.004091441731199996,0.0017088041660000286,0.002390585665650688,0.0033180723473376474,0.9279942427809798,0.3725888699189233,3,3,instant_velocity,dbscan_kmeans_fallback,False
2020,239,0.15174534404,3.02023976537,-0.05867767256359999,-0.010835154906999999,-0.057044463313,-0.0118852580258,-0.058496779098570206,-0.01016411879597844,-0.9833749722632876,-0.18158559620084977,-1,-1,instant_velocity,dbscan_kmeans_fallback,False
2020,240,5.65351377476,11.0723827479,0.014458953031000022,-0.011193144609999983,0.015195580915000005,-0.00978982498399997,0.016328479154286778,-0.009960179257609931,0.7907466644397492,-0.6121426458729625,4,4,instant_velocity,dbscan_kmeans_fallback,False
2020,241,6.31121724234,10.9525755284,0.014964069293999937,0.0006205154699999938,0.01798634826859999,-0.0026300309939999876,0.017553154207682366,-0.0034301980548515918,0.9991406828906106,0.041431393978412875,4,4,instant_velocity,dbscan_kmeans_fallback,False
2020,242,4.96529286629,3.5818062741,0.053163486692000016,-0.013317216824000023,0.04987181237700001,-0.009011794037200005,0.04829620238813701,-0.00923599042739924,0.9700291123085338,-0.24298797573314382,-1,-1,instant_velocity,dbscan_kmeans_fallback,False
2020,243,1.11251856948,7.31325224262,0.019215464508799997,0.004534536194999994,0.019215464508799997,0.004534536194999994,0.01673344105237455,0.003920216323791601,0.9732668371058406,0.22967509831617433,5,5,instant_velocity,dbscan_kmeans_fallback,False
2020,244,0.515008123254,8.11443319026,0.022288255109400003,0.0,0.022288255109400003,0.0,0.006686476532820002,0.0,0.9999995513334056,0.0,5,5,instant_velocity,dbscan_kmeans_fallback,False
2020,245,0.435662776925,7.54093369155,0.025508371286599996,0.002887783577000036,0.025508371286599996,0.002887783577000036,0.0076525113859799996,0.0008663350731000109,0.9936523921426031,0.1124906418773818,5,5,instant_velocity,dbscan_kmeans_fallback,False
2020,320,5.06863123511,12.4289250495,0.002378255738999968,0.0010262371399999636,0.0023782557388000035,0.0010357835319999963,0.0021925583660700465,0.0014488639630937424,0.918162323561619,0.3961946823194903,4,4,instant_velocity,dbscan_kmeans_fallback,False
2020,321,11.0883543006,12.3950353579,-0.010838953149999853,-0.008687216710000101,-0.010838953149999853,-0.008687216710000101,-0.0032516859449999566,-0.002606165013000031,-0.7803041474042807,-0.6253990707776923,-1,-1,instant_velocity,dbscan_kmeans_fallback,False
2020,345,2.97660804543,12.9554085676,-0.014837790229000003,0.015656082859999997,-0.0155323250904,0.01748899012199999,-0.01494610783830894,0.01695969735552539,-0.687883866479296,0.7258201285666006,6,6,instant_velocity,dbscan_kmeans_fallback,False
2020,346,2.7638278196,12.5470616503,-0.017973720362000022,0.01976103141000003,-0.018403069185800005,0.01910233036800001,-0.015934815352462793,0.018682639567928316,-0.6728599888581752,0.7397693469444361,6,6,instant_velocity,dbscan_kmeans_fallback,False
2020,350,13.5749995708,10.6800260372,0.008418604379999906,-0.01551288698000004,0.0065496742099999845,-0.00755119606200001,0.00800332224768818,-0.009293991795009476,0.4769744345797102,-0.8789165236892329,7,7,instant_velocity,dbscan_kmeans_fallback,False
2020,351,13.942050722,11.0072286226,0.0034305812799999558,-0.0044390722700001104,0.00377995336799998,-0.01227188690000002,0.0038330594298299613,-0.011625483856114595,0.6114898329538134,-0.7912500358692297,7,7,instant_velocity,dbscan_kmeans_fallback,False
2020,352,12.6779972736,11.2921884234,0.013743371660000036,-0.012863763209999846,0.01773379013600003,-0.018009268487999996,0.015887067673917094,-0.016214458634124875,0.7300838733305637,-0.683356770252975,7,7,instant_velocity,dbscan_kmeans_fallback,False
2020,353,12.9114030802,11.7482673007,0.019404883109999993,-0.026228711989999987,0.018941859866000003,-0.02778477388199999,0.016906856115434937,-0.02444813778512739,0.5947563964257148,-0.8039056013700633,-1,-1,instant_velocity,dbscan_kmeans_fallback,False
2020,376,14.1687216451,8.68745536937,-0.0005051162600000936,-0.0003579896990000719,-0.0004966976580000093,-0.0003484433076000215,-0.0004961973565691936,-0.0003504664654824952,-0.815859653672898,-0.578222035150105,-1,-1,instant_velocity,dbscan_kmeans_fallback,False
2020,421,1.42863716414,4.78154908726,-0.013617092593000013,-0.0014080928179999396,-0.0128004879674,-0.0007875773389999985,-0.013173080797627119,-0.0010078920102630229,-0.9946953425023332,-0.10285773988167843,0,0,instant_velocity,dbscan_kmeans_fallback,False
2020,422,0.90499997139,5.32211353361,-0.021804185357000006,0.001694484577999944,-0.020204650523999997,0.0,-0.02015714104140049,0.000275400096286343,-0.9969934417080262,0.0774800793371065,0,0,instant_velocity,dbscan_kmeans_fallback,False
2020,423,1.66014878473,5.6605331296,-0.029338836281,0.002171804176999981,-0.019514324964399997,0.0014940103462000032,-0.020990331862945952,0.0031123730777699627,-0.9972710276510324,0.07382287977305392,0,0,instant_velocity,dbscan_kmeans_fallback,False
2020,425,3.80941848422,6.81970377681,-0.035084533775,-0.001980876338000037,-0.038691905753599994,0.002343639233200001,-0.03804311046115079,0.002611599834981432,-0.998409644894293,-0.05637030988883718,0,0,instant_velocity,dbscan_kmeans_fallback,False
2020,426,2.57251503495,5.97460942603,-0.03186441759800003,0.005441443433999993,-0.030706859494400007,0.010209866231799989,-0.031847671482256076,0.007509397260392555,-0.9857300794802076,0.16833179053680633,0,0,instant_velocity,dbscan_kmeans_fallback,False
2030,64,5.56111959164,6.95335326465,-0.02496116200100005,-0.006658608412000078,-0.026400743351399997,-0.004572721762600001,-0.02595341917024257,-0.004671573568085504,-0.9662124109272882,-0.257745616446925,0,0,instant_velocity,dbscan_kmeans_fallback,False
2030,65,5.43989168849,7.53592183575,-0.030959417625999918,-0.0063244846929999985,-0.028189696783199984,-0.003374649567999999,-0.028738637657767033,-0.003512955762687313,-0.9797650641902742,-0.20014940933526096,0,0,instant_velocity,dbscan_kmeans_fallback,False
2030,66,5.38390796933,6.43044964348,-0.02251976672999998,-0.004987989813999949,-0.024552859689000003,-0.0038281031873999894,-0.025049876859516308,-0.0032925350061996338,-0.9763369955888798,-0.2162526391776994,0,0,instant_velocity,dbscan_kmeans_fallback,False
2030,67,1.0495895017,6.40634500371,-0.028833720018999996,0.0015512886979999862,-0.0303616967146,0.0010548763148000085,-0.030728190953655622,0.0026064440930085703,-0.9985555040868079,0.053723483019006854,0,0,instant_velocity,dbscan_kmeans_fallback,False
2030,70,5.33781611032,8.01085483718,-0.03420058031399993,-0.003723092875999967,-0.03430581286899999,-0.0026777629528000092,-0.03457701653402963,-0.0031999810562661655,-0.9941265540159636,-0.10822113125326537,0,0,instant_velocity,dbscan_kmeans_fallback,False
2030,71,5.7265451678,8.25977700828,-0.03247476641499993,-0.0015512886979999862,-0.0281644409702,-0.005842391896999999,-0.02987581011682846,-0.005379298845907856,-0.9988607006774312,-0.047714625442895564,0,0,instant_velocity,dbscan_kmeans_fallback,False
2030,72,7.00259512746,0.776121668668,-0.00029465115399993633,0.00021479381969999878,-0.00030306975780000303,0.00022911340772000077,-0.00025947224733831277,0.00014950218605083745,-0.8080584496029407,0.58905576501191,1,1,instant_velocity,dbscan_kmeans_fallback,False
2030,103,6.31500561431,0.613355685264,0.000505116263000005,0.00038185567959999613,0.0005093255652000117,0.0003818556795599992,0.0005337369222073863,0.00032606830504128324,0.7976934513259517,0.6030369585794443,1,1,instant_velocity,dbscan_kmeans_fallback,False
2030,104,4.21266963426,7.34690327438,-0.030454301363,-0.0012648969379999819,-0.027962394464999995,-0.0017326701458000038,-0.028604730867921677,-0.002227065124424434,-0.9991382391167063,-0.04149846959985951,0,0,instant_velocity,dbscan_kmeans_fallback,False
2030,106,5.07389286285,5.13118569384,-0.03527395237299995,0.0,-0.036187370949,-0.000525051559400005,-0.0359917840421841,-0.0010375576669630821,-0.9999997165047722,0.0,0,0,instant_velocity,dbscan_kmeans_fallback,False
2030,107,5.04821611948,5.8335614844,-0.03487406866500002,-0.0006682474390000692,-0.034996138428400006,0.00016228866379998762,-0.03539622042413163,-0.0007526211561306429,-0.9998161779780368,-0.019158206254127074,0,0,instant_velocity,dbscan_kmeans_fallback,False
2030,108,6.46885560945,7.55477595993,-0.03163290597700001,0.001694484577999944,-0.029490371160799996,0.0035273918397999895,-0.030177617483767558,0.0035853193493171017,-0.9985680453349756,0.05349044296258917,0,0,instant_velocity,dbscan_kmeans_fallback,False
2030,109,6.66332537074,8.11228525206,-0.029465115348000025,0.0013603608579998649,-0.029153626985399993,0.0013126288983999856,-0.030010955387890052,0.00232061845224239,-0.9989355958417295,0.04611938111208171,0,0,instant_velocity,dbscan_kmeans_fallback,False
2030,110,5.34265680784,8.56168165492,0.015595464622999966,0.030930310042999842,0.0269058596144,0.015221722025799984,0.025097384439215276,0.017012665710353765,0.45022042748008356,0.8929171234253481,-1,-1,instant_velocity,dbscan_kmeans_fallback,False
2030,111,7.85097998436,6.98127646122,-0.04447127766399994,-0.0012648969379999819,-0.043423161418799976,-0.00047731959940000123,-0.04325198850302515,-2.1829726294339297e-05,-0.9995955182132121,-0.028431504032319112,0,0,instant_velocity,dbscan_kmeans_fallback,False
2030,112,7.8038357998,6.35002129098,-0.04661802178300008,-0.004462938254000015,-0.04283385911100002,0.0005107319713999914,-0.043430108455600636,0.00010430200004460919,-0.9954485310190112,-0.09529845238076859,0,0,instant_velocity,dbscan_kmeans_fallback,False
2030,113,11.0283717444,8.94974248925,-0.059014416740000006,-0.008353092990000022,-0.064120300298,-0.004453391862800018,-0.05561703722776204,-0.005535497494538039,-0.9901306346960561,-0.14014631882751533,-1,-1,instant_velocity,dbscan_kmeans_fallback,False
2030,114,13.9159530484,5.7488372555,-0.031822324579999874,0.004653866094999959,-0.031822324579999874,0.004653866094999959,-0.016229385533699972,0.002373471708239998,-0.9894743816335442,0.1447059992421025,2,2,instant_velocity,dbscan_kmeans_fallback,False
2030,115,14.0260263008,6.61087645206,-0.034263719840000026,0.0,-0.034263719840000026,0.0,-0.017478916887600022,0.0,-0.9999997081461929,0.0,2,2,instant_velocity,dbscan_kmeans_fallback,False
2030,116,14.1689321102,6.17484499799,-0.03438999891000005,0.005226649614000056,-0.03438999891000005,0.005226649614000056,-0.01753889944619999,0.002670603158940009,-0.988646802699447,0.15025619637949117,2,2,instant_velocity,dbscan_kmeans_fallback,False
2030,117,14.7281379065,4.93858723547,0.0,0.0,0.0,0.0,0.0,0.0,0.0,0.0,-1,-1,instant_velocity,dbscan_kmeans_fallback,False
2030,232,6.39813933262,8.91871671529,0.004209302192999953,-0.0052505155940000495,0.0033379766387999863,-0.002515474289000004,0.0032821359265091765,-0.0028427572377430293,0.6254992781681175,-0.7802228406216765,3,3,instant_velocity,dbscan_kmeans_fallback,False
2030,233,6.23250329134,8.42325897109,0.004272441724999965,-0.002410463976999999,0.0042640231209999865,-0.0024152371730000156,0.003403854248112753,-0.0017833694079749801,0.8709445318902507,-0.4913771925318873,3,3,instant_velocity,dbscan_kmeans_fallback,False
2030,236,2.90673362904,8.40440484691,-0.03041220834099998,-0.006181288812000041,-0.03691137092599999,0.0022672680971999883,-0.03623005775605798,-0.00048315868953146797,-0.9799630538464603,-0.19917773129116165,0,0,instant_velocity,dbscan_kmeans_fallback,False
2030,237,3.00396850969,9.11036053446,-0.03150662690999999,-0.0071836599720001,-0.036503068613400004,-0.006162196028599993,-0.03463248384966534,-0.005529678682760808,-0.9749780829942162,-0.2222996148838754,0,0,instant_velocity,dbscan_kmeans_fallback,False
2030,238,6.7628753676,8.85427856937,0.004419767302000022,0.0017660825180000118,0.004415558000000015,0.0017660825178000294,0.0029993401565554883,0.002852475398536357,0.928606858119292,0.37105943054451573,3,3,instant_velocity,dbscan_kmeans_fallback,False
2030,242,5.50408354693,3.44815678626,0.05387906806399991,-0.013364948783999964,0.05175757975919999,-0.0120380002976,0.049971062090895885,-0.010474677934379457,0.9705849824054491,-0.24075803547603758,-1,-1,instant_velocity,dbscan_kmeans_fallback,False
2030,243,1.29288716843,7.35573368697,0.018036859895000014,0.00424814443499999,0.021762092335280002,0.0050977733220000055,0.01712446670516219,0.0040185947571541175,0.9733663586452119,0.22925281361425456,4,4,instant_velocity,dbscan_kmeans_fallback,False
2030,244,0.737890674347,8.11443319026,0.022288255109299993,0.0,0.022288255109299993,0.0,0.011367010105764,0.0,0.9999995513334056,0.0,4,4,instant_velocity,dbscan_kmeans_fallback,False
2030,245,0.690746489791,7.56981152731,0.025508371286599996,0.002887783575999947,0.025508371286599996,0.002887783575999947,0.013009269356166,0.0014727696239699919,0.9936523921469577,0.11249064183891733,4,4,instant_velocity,dbscan_kmeans_fallback,False
2030,320,5.09262425761,12.4394260807,0.0023993022500000015,0.0010501031200000454,0.0023824650409999927,0.0010405567280000127,0.002254581531249033,0.0013292357101656333,0.916096568347311,0.4009481775974017,-1,-1,instant_velocity,dbscan_kmeans_fallback,False
2030,321,10.9799647692,12.3084018506,-0.010838953140000029,-0.008663350730000019,-0.010838953140000029,-0.008663350730000019,-0.005527866103499979,-0.004423320728100028,-0.7811427957731066,-0.6243512563054757,-1,-1,instant_velocity,dbscan_kmeans_fallback,False
2030,345,2.82823014315,13.1117307365,-0.014837790228000003,0.015632216890000095,-0.0155996739254,0.015780185957999997,-0.014913612555216258,0.0165614532158678,-0.6884365306349425,0.7252959501729798,5,5,instant_velocity,dbscan_kmeans_fallback,False
2030,346,2.56662201188,12.7251018609,-0.019720580772000007,0.017804021060000074,-0.018314673839600008,0.01928371181600003,-0.017070544978323957,0.018419054015549843,-0.7422543015957518,0.6701177500943433,5,5,instant_velocity,dbscan_kmeans_fallback,False
2030,350,13.6591856147,10.5248971674,0.008418604390000084,-0.015512886979999863,0.00692851140800002,-0.00950820642,0.00812790689038175,-0.011159660350506593,0.4769744350173963,-0.8789165234517076,6,6,instant_velocity,dbscan_kmeans_fallback,False
2030,351,13.9763565349,10.9628378998,0.0034305812900001344,-0.0044390722799999335,0.0038178370880000046,-0.009856649727999987,0.003712315987881013,-0.009469560383280198,0.6114898332073818,-0.7912500356732737,6,6,instant_velocity,dbscan_kmeans_fallback,False
2030,352,12.8072228509,11.1124775943,0.012922557729999973,-0.017971082910000113,0.016214232044000028,-0.01749853651400002,0.014997714690741957,-0.01674144591688745,0.5838097932772767,-0.8118899073903373,6,6,instant_velocity,dbscan_kmeans_fallback,False
2030,353,13.0997693533,11.5222564704,0.018836627309999975,-0.02260108302999999,0.01908497613999998,-0.026868320252000012,0.01748578747380445,-0.023894021358589167,0.6402321507034878,-0.7681810420936237,6,6,instant_velocity,dbscan_kmeans_fallback,False
2030,376,14.1638809476,8.68387547237,-0.00048406975000006016,-0.0003579896999999832,-0.0004924883560000026,-0.00035321650360000236,-0.0004925590745984536,-0.00035272343583774154,-0.8040047550617735,-0.5945949340215713,-1,-1,instant_velocity,dbscan_kmeans_fallback,False
2030,421,1.29162437777,4.80326712903,-0.013701278636999992,0.002171804176999981,-0.013191953071399998,-0.00035321650360000236,-0.013331540149438981,-5.3983154084121616e-05,-0.9876682987740258,0.1565563473014344,0,0,instant_velocity,dbscan_kmeans_fallback,False
2030,422,0.694534861764,5.30803260543,-0.021046510962599997,-0.0014080928179999396,-0.020777115622320003,0.0001527422718000082,-0.02042395201776034,-0.00022964777799954186,-0.9977689492277028,-0.06675459385774186,0,0,instant_velocity,dbscan_kmeans_fallback,False
2030,423,1.36676042191,5.68225117138,-0.029338836282000003,0.002171804177999981,-0.022170394648,0.001675391794000003,-0.023494883188662167,0.0028302024078389683,-0.9972710276487152,0.07382287980435767,0,0,instant_velocity,dbscan_kmeans_fallback,False
2030,425,3.46404523933,6.79941769384,-0.03453732448900002,-0.002028608297000023,-0.03785425461720001,0.0004104948556000032,-0.036991374669505556,0.0012195373953869954,-0.9982791624219979,-0.05863561875664367,0,0,instant_velocity,dbscan_kmeans_fallback,False
2030,426,2.25387085898,6.02926252016,-0.03186441759699998,0.0054653094129999856,-0.031081487389399996,0.008677670317599997,-0.03185269531667925,0.006896170906174785,-0.9856073282660258,0.169049033841473,0,0,instant_velocity,dbscan_kmeans_fallback,False
2030,427,11.3724821986,10.695777584,0.0,0.0,0.0,0.0,0.0,0.0,0.0,0.0,6,6,instant_velocity,dbscan_kmeans_fallback,False
2030,428,11.8447659046,10.5067590226,0.0,0.0,0.0,0.0,0.0,0.0,0.0,0.0,6,6,instant_velocity,dbscan_kmeans_fallback,False
2030,429,12.1684612432,10.7516239771,0.0,0.0,0.0,0.0,0.0,0.0,0.0,0.0,6,6,instant_velocity,dbscan_kmeans_fallback,False
2040,64,5.31150797162,6.88676718053,-0.024961162001999958,-0.006658608411999989,-0.0256430689568,-0.005670556841200014,-0.025655742019769785,-0.00526768402125985,-0.9662124109298604,-0.2577456164372828,0,0,instant_velocity,dbscan_kmeans_fallback,False
2040,65,5.13029751223,7.47291564863,-0.03095941762600001,-0.006300618712000006,-0.02900630140859999,-0.004238598042800011,-0.02940487164823693,-0.004349254647481121,-0.9799129283655811,-0.1994242206741599,0,0,instant_velocity,dbscan_kmeans_fallback,False
2040,66,5.15892076714,6.38056974534,-0.022498720219000033,-0.0049879898140000375,-0.023929882964400004,-0.004181319691000009,-0.024284529867361425,-0.0038011714485397547,-0.976294266497292,-0.21644546042412935,0,0,instant_velocity,dbscan_kmeans_fallback,False
2040,67,0.761252301516,6.42209655049,-0.02883372001840001,0.0015751546779999791,-0.029814487429480004,0.0012362577626000083,-0.03015984967307894,0.002297057268505993,-0.9985108268687171,0.05454755747687816,0,0,instant_velocity,dbscan_kmeans_fallback,False
2040,70,4.99581030718,7.97338524863,-0.034200580314000015,-0.003746958855000049,-0.034015371017799986,-0.003145536160200013,-0.03446408566802074,-0.0033640743958863305,-0.9940516884683088,-0.10890665428005575,0,0,instant_velocity,dbscan_kmeans_fallback,False
2040,71,5.35128587734,8.31156618482,-0.03752592904600007,0.005178917653999982,-0.030311185088200007,-0.003651494935600006,-0.032170845795579946,-0.0022118338959355045,-0.9906104047151468,0.13671319654542127,0,0,instant_velocity,dbscan_kmeans_fallback,False
2040,72,6.99943815082,0.778508266665,-0.0003156976640000586,0.00023865979969999173,-0.00030306975780000303,0.00022911340771999855,-0.0002763398723368365,0.00017624947014558372,-0.7976858926775912,0.6030312450139247,1,1,instant_velocity,dbscan_kmeans_fallback,False
2040,103,6.32005677694,0.617174242059,0.0005051162629999162,0.0003818556794999983,0.0005093255651999939,0.00038185567953999964,0.0005251507244451453,0.00034280451737889775,0.7976934514018671,0.6030369584790213,1,1,instant_velocity,dbscan_kmeans_fallback,False
2040,104,3.90791615553,7.33449296479,-0.03047534787299999,-0.001241030958999989,-0.028858975831799992,-0.0015608350902000011,-0.02916591596944517,-0.0019312548747971005,-0.9991715431041513,-0.04068871743520406,0,0,instant_velocity,dbscan_kmeans_fallback,False
2040,106,4.71968008335,5.13046971444,-0.03542127795000001,-7.159793999997888e-05,-0.03580011514739999,-0.00030071134760000005,-0.03582063221452888,-0.0007477697488741511,-0.9999976748124855,-0.0020213210156451375,0,0,instant_velocity,dbscan_kmeans_fallback,False
2040,107,4.69947543283,5.8266403502,-0.03487406866500002,-0.0006921134199999734,-0.03495404540660001,-0.00011932990000000032,-0.03523957489639215,-0.000734468835291442,-0.9998028381540902,-0.019842163192589645,0,0,instant_velocity,dbscan_kmeans_fallback,False
2040,108,6.15000096837,7.56909554791,-0.03188546410800006,0.0014319587980000214,-0.03021858044,0.002935515536400004,-0.03068997147103731,0.0029393111839219775,-0.9989927802952866,0.04486422076332336,0,0,instant_velocity,dbscan_kmeans_fallback,False
2040,109,6.36867421727,8.12612752044,-0.029465115347000026,0.0013842268380001243,-0.029246231633599996,0.0013317216824000155,-0.029847203375623046,0.00203970096796971,-0.9988979949459749,0.046926726630632715,0,0,instant_velocity,dbscan_kmeans_fallback,False
2040,110,5.49861145408,8.87098475535,0.015595464623999966,0.03093031004300002,0.024258208535599995,0.022644041796799998,0.02224680849465068,0.021187959010147642,0.4502204275030986,0.8929171234137437,-1,-1,instant_velocity,dbscan_kmeans_fallback,False
2040,111,7.40458348685,6.96671821344,-0.04463964975100003,-0.0014558247780000143,-0.04410085907080001,-0.0009307732187999918,-0.04366828687741761,-0.0004520282418060419,-0.9994684021072482,-0.03259548120856878,0,0,instant_velocity,dbscan_kmeans_fallback,False
2040,112,7.3248172103,6.29250427924,-0.04790185894999999,-0.00575170117399999,-0.04378937070859999,-0.0016228866382000007,-0.04477163360392044,-0.001652498952168771,-0.9928681020294433,-0.11921626327760486,0,0,instant_velocity,dbscan_kmeans_fallback,False
2040,113,10.4436996698,8.87026877595,-0.05846720745999985,-0.007947371329999875,-0.062251370125999975,-0.008166938346200005,-0.05647208829743338,-0.00625905964517659,-0.9908876063634859,-0.13469006125276278,-1,-1,instant_velocity,dbscan_kmeans_fallback,False
2040,114,13.5975193376,5.79537591644,-0.031843371080000085,0.004653866094000048,-0.031843371080000085,0.004653866094000048,-0.020913581197590007,0.003057590023968013,-0.9894880718611602,0.1446123582984708,2,2,instant_velocity,dbscan_kmeans_fallback,False
2040,115,13.6831786372,6.61087645206,-0.034284766360000066,0.0,-0.034284766360000066,0.0,-0.022520671729320034,0.0,-0.9999997083253542,0.0,2,2,instant_velocity,dbscan_kmeans_fallback,False
2040,116,13.8250321211,6.22735015392,-0.03438999891000005,0.005250515592999961,-0.03438999891000005,0.005250515592999961,-0.02259422928534001,0.003444576889157994,-0.9885446652414117,0.15092670380160098,2,2,instant_velocity,dbscan_kmeans_fallback,False
2040,117,14.2436472241,4.9941949688,-0.04844906824000006,0.005560773332999957,-0.04844906824000006,0.005560773332999957,-0.01453472047200002,0.0016682319998999875,-0.9934774424306161,0.114027019909623,2,2,instant_velocity,dbscan_kmeans_fallback,False
2040,232,6.44023235454,8.86621155935,0.004209302192000042,-0.005250515593999872,0.003586325467999991,-0.003298278432199986,0.0035602858061564357,-0.0035650847446200822,0.6254992780776786,-0.7802228406941806,3,3,instant_velocity,dbscan_kmeans_fallback,False
2040,233,6.27501724349,8.39891567152,0.00425139521500002,-0.002434329957000081,0.0042598138189999975,-0.0024200103690000317,0.003658116538178933,-0.0019786575726825103,0.8678047922277705,-0.4969011573176649,3,3,instant_velocity,dbscan_kmeans_fallback,False
2040,236,2.60282201074,8.34259195878,-0.030391161829999992,-0.006181288812999952,-0.03499192912639999,-0.0027875464607999946,-0.034478388978240584,-0.0021925977265720136,-0.9799361223621446,-0.1993101884190677,0,0,instant_velocity,dbscan_kmeans_fallback,False
2040,237,2.73604642513,9.04520640914,-0.02679220845599999,-0.006515412531999942,-0.03440262681939999,-0.006854309447799984,-0.03228040123156573,-0.005825398837532548,-0.9716806683885791,-0.23629632526628291,0,0,instant_velocity,dbscan_kmeans_fallback,False
2040,238,6.80707304062,8.87193939455,0.004419767301999933,0.001766082517999834,0.004415557999999997,0.0017660825179999762,0.003425468300188822,0.0025265575343754003,0.9286068581193023,0.37105943054449003,3,3,instant_velocity,dbscan_kmeans_fallback,False
2040,242,6.05150329706,3.34433977338,0.054741975013000044,-0.010381701288,0.052969858790400004,-0.012677608560799998,0.051402335967527135,-0.01044678494046562,0.982487653747206,-0.18632673260197885,-1,-1,instant_velocity,dbscan_kmeans_fallback,False
2040,243,1.47325576738,7.39845379112,0.01803685989499999,0.004272010414999983,0.02059611562798,0.004835247542199994,0.017398184662113528,0.0040946194545078765,0.973078279846812,0.2304725196245614,4,4,instant_velocity,dbscan_kmeans_fallback,False
2040,244,0.960773225441,8.11443319026,0.022288255109400003,0.0,0.022288255109400003,0.0,0.014643383606854802,0.0,0.9999995513334056,0.0,4,4,instant_velocity,dbscan_kmeans_fallback,False
2040,245,0.945830202657,7.59868936308,0.025508371286600006,0.002887783577000036,0.025508371286600006,0.002887783577000036,0.0167589999352962,0.001897273809879005,0.9936523921426031,0.11249064187738175,4,4,instant_velocity,dbscan_kmeans_fallback,False
2040,320,5.116406815,12.4496884521,0.002378255739000057,0.0010262371399999636,0.0023824650410000105,0.0010357835319999963,0.00229168379357434,0.0012383361391159324,0.9181623235616244,0.39619468231947785,-1,-1,instant_velocity,dbscan_kmeans_fallback,False
2040,321,10.8715752377,12.2215296835,-0.01083895315000003,-0.008687216709999923,-0.01083895315000003,-0.008687216709999923,-0.007121192217449994,-0.0057024895226699965,-0.780304147404292,-0.6253990707776783,-1,-1,instant_velocity,dbscan_kmeans_fallback,False
2040,345,2.67985224086,13.2682915651,-0.014837790229000003,0.015656082859999997,-0.015296604167600005,0.015727680801999995,-0.014890865857351382,0.016289842109107458,-0.687883866479296,0.7258201285666006,5,5,instant_velocity,dbscan_kmeans_fallback,False
2040,346,2.36962666927,12.9031420715,-0.019699534260999973,0.017804021059999897,-0.018217859889199994,0.019460320067999994,-0.01785924176312676,0.01823454412888486,-0.7418982614159001,0.6705119063030834,5,5,instant_velocity,dbscan_kmeans_fallback,False
2040,350,13.7393728215,10.2521090163,0.00801872067999998,-0.02727881511000003,0.007345232326000008,-0.013866134363999976,0.008095151027267218,-0.015995406778354624,0.28202184271068825,-0.9594076176608254,6,6,instant_velocity,dbscan_kmeans_fallback,False
2040,351,14.0106623478,10.9184471771,0.0034305812899999566,-0.0044390722700001104,0.0036620929080000055,-0.007689618746000022,0.003627795578516696,-0.007960413949296172,0.6114898340697796,-0.7912500350067967,-1,-1,instant_velocity,dbscan_kmeans_fallback,False
2040,352,12.9305554052,10.8986384137,0.012333255429999922,-0.021383918059999906,0.014471580937999988,-0.017193051972000006,0.014198376912519347,-0.018134187559821185,0.4996122120749483,-0.8662487098741664,6,6,instant_velocity,dbscan_kmeans_fallback,False
2040,353,13.2832949289,11.2544801751,0.018352557560000093,-0.02677762953000009,0.01913127846400002,-0.026787175920000017,0.017745818499663144,-0.024759103810012444,0.5653344504960867,-0.8248614083589506,6,6,instant_velocity,dbscan_kmeans_fallback,False
2040,376,14.1588297849,8.68053423518,-0.0005051162699999167,-0.00033412371899999016,-0.0004966976600000094,-0.0003484433076000215,-0.0004963262332188925,-0.0003471435207864161,-0.8340281493833533,-0.551691963956519,-1,-1,instant_velocity,dbscan_kmeans_fallback,False
2040,421,1.15334880075,4.87820630614,-0.013827557702000014,0.007493917711000009,-0.013604464686200001,0.0011455670385999994,-0.013480345415207292,0.002210387105441118,-0.8791851246022385,0.4764790079705471,0,0,instant_velocity,dbscan_kmeans_fallback,False
2040,422,0.484069752139,5.29395167724,-0.021046510962500004,-0.0014080928190000285,-0.021353790022619997,0.00030548454359999864,-0.020610719701182237,-0.0005831812902996879,-0.9977689492245236,-0.06675459390525836,0,0,instant_velocity,dbscan_kmeans_fallback,False
2040,423,1.07337205909,5.70396921315,-0.029338836282000003,0.002171804176999981,-0.024822255029200005,0.0018567732418000027,-0.025248069116663517,0.002632682938587272,-0.9972710276512177,0.07382287977055142,0,0,instant_velocity,dbscan_kmeans_fallback,False
2040,425,3.16644757432,6.77459707467,-0.029759766501000005,-0.002482061916999978,-0.0357243477078,-0.000849628886799998,-0.03482189221895389,0.00010905760167090328,-0.9965396540906865,-0.08311466839350735,0,0,instant_velocity,dbscan_kmeans_fallback,False
2040,426,1.95900924039,6.10229241887,-0.029486161859000014,0.007302989871000065,-0.030980464137000004,0.007513010495000003,-0.03114273527937548,0.007018216595622369,-0.9706708332500489,0.24041105441929864,0,0,instant_velocity,dbscan_kmeans_fallback,False
2040,427,11.4471973125,10.9728616114,0.007471511389999996,0.027708402740000082,0.007471511389999996,0.027708402740000082,0.0022414534169999992,0.008312520822000026,0.2603488491763598,0.9655142566642223,-1,-1,instant_velocity,dbscan_kmeans_fallback,False
2040,428,11.8016205571,10.5628440755,-0.004314534749999943,0.005608505289999855,-0.004314534749999943,0.005608505289999855,-0.0012943604249999832,0.0016825515869999567,-0.6097365266872211,0.792602385559987,7,7,instant_velocity,dbscan_kmeans_fallback,False
2040,429,12.2033984514,10.8709538769,0.003493720820000057,0.01193298998000003,0.003493720820000057,0.01193298998000003,0.0010481162460000172,0.00357989699400001,0.2809828570951677,0.9597119492416574,7,7,instant_velocity,dbscan_kmeans_fallback,False
2050,64,5.00906960909,6.85072955077,-0.030243836253000023,-0.003603762976000002,-0.02601769685180001,-0.006047639324800009,-0.02703217028973886,-0.004768507707681896,-0.992975200041166,-0.11831988614339847,0,0,instant_velocity,dbscan_kmeans_fallback,False
2050,65,4.82386031262,7.4153986369,-0.030643719961000036,-0.00575170117299999,-0.02975555719880001,-0.004992763010000001,-0.02977652614206586,-0.004769988605136782,-0.9828369759863519,-0.18447448922137918,0,0,instant_velocity,dbscan_kmeans_fallback,False
2050,66,4.93372309984,6.3306898472,-0.02251976672999998,-0.004987989813999949,-0.023315324844400003,-0.004534536194599994,-0.023755100926152992,-0.004157216958177813,-0.9763369955888798,-0.2162526391776994,0,0,instant_velocity,dbscan_kmeans_fallback,False
2050,67,0.473125566438,6.43760943747,-0.028812673507799997,0.0015512886979999862,-0.029263068842239996,0.0014128660141999915,-0.029755696823495256,0.002073326697354191,-0.998553397853179,0.05376261248439066,0,0,instant_velocity,dbscan_kmeans_fallback,False
2050,70,4.66474868974,7.96694143403,-0.03310616174400005,-0.0006443814599999875,-0.03387225474320001,-0.0027636804808000193,-0.03405670849081453,-0.0025481665151204274,-0.9998103263750144,-0.0194604026529701,0,0,instant_velocity,dbscan_kmeans_fallback,False
2050,71,4.98444519126,8.37433371215,-0.03668406860799998,0.006276752732999924,-0.032293766421,-0.001236257762400008,-0.033524812639305956,0.00033474209274512437,-0.9856753894035456,0.16865197697673745,0,0,instant_velocity,dbscan_kmeans_fallback,False
2050,72,6.99649163928,0.780656204863,-0.00029465115399993633,0.00021479381980000768,-0.00030306975780000303,0.00022911340774000032,-0.00028183325683576646,0.00018781277504191092,-0.8080584494723886,0.5890557651910073,1,1,instant_velocity,dbscan_kmeans_fallback,False
2050,103,6.32510793958,0.620992798854,0.0005051162640000051,0.00038185567950000944,0.0005051162631999873,0.00038185567954000186,0.0005191403863116032,0.00035451986601523123,0.7976934519762355,0.6030369577192836,1,1,instant_velocity,dbscan_kmeans_fallback,False
2050,104,3.60042663036,7.31038832502,-0.03074895251700003,-0.002410463976999999,-0.02980606882520001,-0.0016228866382000007,-0.029640826933711627,-0.00207501760545797,-0.9969411335754303,-0.0781519529273244,0,0,instant_velocity,dbscan_kmeans_fallback,False
2050,106,4.35136614151,5.12450321945,-0.036831394184000034,-0.0005966494990000016,-0.0356948825924,-0.00018138144779999976,-0.03612386080537022,-0.0007024336739119062,-0.9998685427779165,-0.016197352240699663,0,0,instant_velocity,dbscan_kmeans_fallback,False
2050,107,4.3467359091,5.80993416422,-0.03527395237299995,-0.001670618597999951,-0.034996138428399985,-0.0006014226954000002,-0.03524988813937449,-0.0010153137641039948,-0.9988800562477822,-0.04730821149534993,0,0,instant_velocity,dbscan_kmeans_fallback,False
2050,108,5.83114632728,7.58365379569,-0.03188546410899997,0.0014558247780000143,-0.030757371120800004,0.002458195937000003,-0.031048619262426108,0.0024942652621453886,-0.9989589898758869,0.0456104149745366,0,0,instant_velocity,dbscan_kmeans_fallback,False
2050,109,6.06918236627,8.14259504662,-0.029949185099999998,0.001646752617999958,-0.029435650232199996,0.0014033196221999943,-0.029877797892936132,0.0019218164629787845,-0.9984914172007734,0.054901939730101774,0,0,instant_velocity,dbscan_kmeans_fallback,False
2050,110,5.83893353634,9.10916723546,0.03403220822600002,0.023818248010999986,0.024392906205599994,0.024916083089999982,0.02578242841405548,0.021977045710403344,0.8192803269336155,0.5733927662833758,-1,-1,instant_velocity,dbscan_kmeans_fallback,False
2050,111,6.95818698933,6.95215996565,-0.044639649752000035,-0.0014558247790000145,-0.044269231158600014,-0.0010930618827999972,-0.04395969573979234,-0.0007531672029642338,-0.9994684021065424,-0.032595481230205274,0,0,instant_velocity,dbscan_kmeans_fallback,False
2050,112,6.8460090859,6.23474860771,-0.047880812440000045,-0.005775567152999983,-0.045068998575200026,-0.002916422752599992,-0.04570438725474432,-0.002889419412418135,-0.992803178645603,-0.11975572543103476,0,0,instant_velocity,dbscan_kmeans_fallback,False
2050,113,9.86849852523,8.81012650642,-0.057520114457000025,-0.00601422695300009,-0.0605802771554,-0.00923613424900001,-0.05678649614530337,-0.006185609837523641,-0.9945779852776829,-0.10399175631663965,-1,-1,instant_velocity,dbscan_kmeans_fallback,False
2050,114,13.2571972553,5.83881199999,-0.03403220823000001,0.004343608354999961,-0.03403220823000001,0.004343608354999961,-0.02484916930731301,0.0034433955232775976,-0.9919528909615631,0.1266052098596662,2,2,instant_velocity,dbscan_kmeans_fallback,False
2050,115,13.327703067,6.65407387581,-0.03554755701999994,0.004319742374999968,-0.03554755701999994,0.004319742374999968,-0.02642873731652401,0.0012959227124999906,-0.9926969385679457,0.12063262262022817,2,2,instant_velocity,dbscan_kmeans_fallback,False
2050,116,13.481132132,6.27961665006,-0.03438999890999987,0.005226649614000056,-0.03438999890999987,0.005226649614000056,-0.026132960172737967,0.003979198706610613,-0.988646802699447,0.15025619637949195,2,2,instant_velocity,dbscan_kmeans_fallback,False
2050,117,13.7589460767,5.04956404234,-0.04847011474000009,0.005536907354000054,-0.04847011474000009,0.005536907354000054,-0.02471533875240004,0.002828834606130008,-0.9935383281174404,0.11349528890003951,2,2,instant_velocity,dbscan_kmeans_fallback,False
2050,118,14.8377902286,6.70634037195,0.0,0.0,0.0,0.0,0.0,0.0,0.0,0.0,3,3,instant_velocity,dbscan_kmeans_fallback,False
2050,119,14.9137681332,7.43234348268,0.0,0.0,0.0,0.0,0.0,0.0,0.0,0.0,3,3,instant_velocity,dbscan_kmeans_fallback,False
2050,232,6.48232537647,8.81370640342,0.004209302193000042,-0.005250515593000138,0.0038346742974000136,-0.004081082575000003,0.0037549907222095176,-0.0040707139991340985,0.62549927824064,-0.7802228405635355,4,4,instant_velocity,dbscan_kmeans_fallback,False
2050,233,6.31774166074,8.37481103174,0.004272441725000053,-0.0024104639779999105,0.004264023121000005,-0.002415237173199998,0.0038424140942252692,-0.0021081994942777306,0.8709445318030218,-0.49137719268649716,4,4,instant_velocity,dbscan_kmeans_fallback,False
2050,236,2.3111173688,8.30178113303,-0.029170464194,-0.004081082575000039,-0.033114580348399994,-0.0040858557712000025,-0.03288601154296841,-0.0027591431811004215,-0.9903543769195428,-0.13855514824315676,0,0,instant_velocity,dbscan_kmeans_fallback,False
2050,237,2.46812434058,8.98005228382,-0.026792208454999987,-0.00651541253200012,-0.03114883622459999,-0.006859082643800001,-0.030633943398596007,-0.00603240294587282,-0.9716806683865528,-0.23629632527461616,0,0,instant_velocity,dbscan_kmeans_fallback,False
2050,238,6.85127071364,8.88960021973,0.004419767302000022,0.0017660825180000118,0.004415557999999997,0.0017660825179999762,0.0037237580007321823,0.0022984150294627836,0.928606858119292,0.37105943054451573,4,4,instant_velocity,dbscan_kmeans_fallback,False
2050,242,6.6338602554,3.36032997997,0.05823569583400001,0.0015990206589999723,0.05431262619,-0.0097230002402,0.053452343927469,-0.006833043260625941,0.9996230776589431,0.02744739166414445,-1,-1,instant_velocity,dbscan_kmeans_fallback,False
2050,243,1.65130925012,7.42589966808,0.017805348274,0.002744587695999989,0.01938804589866,0.004272010414799982,0.01752033374567947,0.0036896099269555106,0.9883268659521603,0.15234466151271478,5,5,instant_velocity,dbscan_kmeans_fallback,False
2050,244,1.13461740599,8.10608009727,0.017384418054900007,-0.0008353092989999312,0.017384418054900007,-0.0008353092989999312,0.015465693941268363,-0.0002505927896999794,0.9988470529939553,-0.0479939120774513,5,5,instant_velocity,dbscan_kmeans_fallback,False
2050,245,1.13714298731,7.60250791987,0.019131278465300005,0.0003818556789999761,0.019131278465300005,0.0003818556789999761,0.017470683494297343,0.0014426483706152964,0.9998003410430991,0.019955772364397155,5,5,instant_velocity,dbscan_kmeans_fallback,False
2050,320,5.14018937238,12.4601894832,0.002378255737999968,0.0010501031100000446,0.0023824650407999926,0.0010405567260000125,0.0023176553769020287,0.0011818662303811661,0.9147902815847186,0.4039196055920301,-1,-1,instant_velocity,dbscan_kmeans_fallback,False
2050,321,10.7244601261,12.1212925676,-0.014711511159999979,-0.010023711590000062,-0.014711511159999979,-0.010023711590000062,-0.009398287900214991,-0.0069988561428690164,-0.8264063076469882,-0.5630732556240188,-1,-1,instant_velocity,dbscan_kmeans_fallback,False
2050,345,2.53147433858,13.4248523937,-0.014837790228000003,0.015656082859999997,-0.014989325107400005,0.015675175645999993,-0.014874943168545967,0.01609971433437522,-0.6878838664548727,0.7258201285897473,6,6,instant_velocity,dbscan_kmeans_fallback,False
2050,346,2.17242086155,13.0811822821,-0.019720580772000007,0.017804021060000074,-0.018676673828199996,0.018973454077999996,-0.018417643465788735,0.018105387208219425,-0.7422543015957518,0.6701177500943433,6,6,instant_velocity,dbscan_kmeans_fallback,False
2050,350,13.8195600282,9.97932086522,0.008018720669999979,-0.02727881510800003,0.007761953241999997,-0.018219289109600006,0.008072221920087046,-0.019380429277248246,0.2820218424059896,-0.9594076177503927,7,7,instant_velocity,dbscan_kmeans_fallback,False
2050,351,14.0599111834,10.851861093,0.004924883560000026,-0.0066586084099999,0.00380520918200002,-0.00596649499199998,0.004016921972961695,-0.007569872287507291,0.5946482605866125,-0.8039844720580173,-1,-1,instant_velocity,dbscan_kmeans_fallback,False
2050,352,13.0538879594,10.6845605734,0.0123332554200001,-0.021407784029999988,0.01301937168200002,-0.017293289085999995,0.013638840464763572,-0.019116266500874828,0.4991940858832274,-0.8664897316819951,7,7,instant_velocity,dbscan_kmeans_fallback,False
2050,353,13.4636635279,10.959019343,0.018036859899999945,-0.029546083209999983,0.018925022658000012,-0.026997196544000027,0.017833130919764184,-0.02619519763000871,0.5210484939691404,-0.8535267360621593,7,7,instant_velocity,dbscan_kmeans_fallback,False
2050,376,14.1539890874,8.67695433818,-0.00048406975000006016,-0.0003579896999999832,-0.0004924883580000028,-0.000348443307599986,-0.0004926492882532428,-0.00035039737455048623,-0.8040047550617735,-0.5945949340215713,3,3,instant_velocity,dbscan_kmeans_fallback,False
2050,421,1.01507322372,4.95314548325,-0.013827557702999992,0.007493917711000009,-0.013718115845400001,0.002868690792400006,-0.0135845091015451,0.0037954462871087856,-0.8791851246166734,0.4764790079439123,0,0,instant_velocity,dbscan_kmeans_fallback,False
2050,422,0.273604642513,5.28010940886,-0.0210465109626,-0.0013842268380000356,-0.021345371418140004,-0.0001575154678000068,-0.020741457079607565,-0.0008234949546097923,-0.9978436789104353,-0.06562807502540467,0,0,instant_velocity,dbscan_kmeans_fallback,False
2050,423,0.909209273582,5.72735787352,-0.016416278550800002,0.0023388660370000204,-0.02489381316656,0.0020763402573999914,-0.022598531946904463,0.0025445378681110964,-0.9900021565375845,0.14104794904139192,0,0,instant_velocity,dbscan_kmeans_fallback,False
2050,425,2.86884990931,6.7500151153,-0.029759766500999964,-0.0024581959369999852,-0.0334471152216,-0.001775628909799991,-0.03330325450356771,-0.0006611184599303634,-0.9966055360976371,-0.08232093082936608,0,0,instant_velocity,dbscan_kmeans_fallback,False
2050,426,1.69992669045,6.20324551415,-0.025908254993999978,0.010095309527999951,-0.030163859511399996,0.006906814603600004,-0.02957239119376283,0.007941344475335644,-0.9317626499579965,0.363066997763217,0,0,instant_velocity,dbscan_kmeans_fallback,False
2050,427,11.5219124264,11.2501842987,0.007471511389999996,0.02773226872999999,0.007471511389999996,0.02773226872999999,0.003810470808899999,0.014138445194400016,0.26013996514485666,0.9655705578480018,-1,-1,instant_velocity,dbscan_kmeans_fallback,False
2050,428,11.7582647446,10.6189291285,-0.004335581249999975,0.005608505300000033,-0.004335581249999975,0.005608505300000033,-0.002206726672499981,0.0028603377008999797,-0.6115999817642532,0.7911653689351935,8,8,instant_velocity,dbscan_kmeans_fallback,False
2050,429,12.2385461247,10.9902837768,0.0035147673299999126,0.011932989990000031,0.0035147673299999126,0.011932989990000031,0.001788111571199986,0.006085824892800016,0.2825407724905497,0.9592544522418471,8,8,instant_velocity,dbscan_kmeans_fallback,False
2060,64,4.69337194465,6.82232903461,-0.031569766444,-0.0028400516159999612,-0.0273394177404,-0.0052839279656000035,-0.028393449136017202,-0.004189970880177315,-0.9959775808169135,-0.08959926082812064,0,0,instant_velocity,dbscan_kmeans_fallback,False
2060,65,4.52920915914,7.38150894534,-0.029465115348000025,-0.0033889691559999767,-0.030269092066400008,-0.005269608377599991,-0.02968310290384611,-0.00435568277039574,-0.993450197837539,-0.11426298654289903,0,0,instant_velocity,dbscan_kmeans_fallback,False
2060,66,4.6769556661,6.30061871244,-0.025676743374000034,-0.0030071134760000008,-0.02333216205300001,-0.004491577430599989,-0.024331593660507106,-0.0038121859135244692,-0.9932114867508288,-0.11631925446397187,0,0,instant_velocity,dbscan_kmeans_fallback,False
2060,67,0.24729650381,6.44381459226,-0.0225829062628,0.0006205154789999945,-0.0275751386632,0.0013699072502000042,-0.02760385965528668,0.0016374833318479319,-0.9996222723412442,0.027466840889414514,0,0,instant_velocity,dbscan_kmeans_fallback,False
2060,70,4.35852195524,8.03209555936,-0.030622673450000006,0.006515412533000031,-0.03323244080980001,-0.0009498660027999861,-0.03302649797857017,0.0001709071993157105,-0.9781059410187588,0.20810605308908486,0,0,instant_velocity,dbscan_kmeans_fallback,False
2060,71,4.65127892272,8.48029866322,-0.03331662685399994,0.010596495106999981,-0.03349341754579999,0.002439103153199973,-0.03346235690371415,0.003413267997021582,-0.9529606227951519,0.30309318589976425,0,0,instant_velocity,dbscan_kmeans_fallback,False
2060,72,6.99354512775,0.78304280286,-0.0002946511530000251,0.00023865979970000284,-0.0002988604555999963,0.00022911340772000077,-0.00028567862568504407,0.0002030668824393385,-0.7770532327321262,0.6293929855420357,1,1,instant_velocity,dbscan_kmeans_fallback,False
2060,103,6.33015910221,0.62481135565,0.000505116263000005,0.00038185567959999613,0.0005051162631999873,0.00038185567953999964,0.0005149331493181238,0.0003627206100906607,0.7976934513259517,0.6030369585794443,1,1,instant_velocity,dbscan_kmeans_fallback,False
2060,104,3.28830687279,7.26933883947,-0.03121197575700001,-0.004104948555000032,-0.030673185076799996,-0.002052474277600016,-0.030112171580698142,-0.0026839968903205886,-0.9914617454489655,-0.13039544471662518,0,0,instant_velocity,dbscan_kmeans_fallback,False
2060,106,3.98305219966,5.11853672445,-0.03683139418499999,-0.0005966495000000016,-0.035922184910999994,-0.0002529793877999964,-0.03633612081925915,-0.0006706984217383349,-0.999868542777484,-0.01619735226740009,0,0,instant_velocity,dbscan_kmeans_fallback,False
2060,107,3.98999754828,5.78344292646,-0.03567383608200005,-0.0026491237760000175,-0.03511399889,-0.001274443330399997,-0.035377072522162156,-0.0015054567676728017,-0.9972538306735829,-0.07405564199689423,0,0,instant_velocity,dbscan_kmeans_fallback,False
2060,108,5.49987424473,7.64952390042,-0.033127208255,0.00658701047300001,-0.0315445106308,0.0030023402804000023,-0.031672195960198275,0.0037220888254017753,-0.9807985891439616,0.19502188439376866,0,0,instant_velocity,dbscan_kmeans_fallback,False
2060,109,5.72570330736,8.18674710957,-0.03434790589099999,0.004415206294999941,-0.030500603687000007,0.0020286082975999875,-0.03121883029235529,0.002669833412585132,-0.991838969286122,0.1274946331434369,0,0,instant_velocity,dbscan_kmeans_fallback,False
2060,110,6.19967073424,9.33923528239,0.03607371978999998,0.02300680469300005,0.02483488293579999,0.026610567668199997,0.02886981582683883,0.022285973405182354,0.8431230735391354,0.5377202017978201,-1,-1,instant_velocity,dbscan_kmeans_fallback,False
2060,111,6.51789397999,6.90776924291,-0.04402930093399995,-0.004439072274000022,-0.0443155334828,-0.0018520000456000042,-0.04398057729805462,-0.0018589387242749704,-0.9949557728235994,-0.100312303200501,0,0,instant_velocity,dbscan_kmeans_fallback,False
2060,112,6.41918584358,6.13904602803,-0.042682324231999934,-0.009570257968000017,-0.04531313810239999,-0.004973670226000006,-0.044797768347921,-0.0048936709790927,-0.9757721275523787,-0.2187882489224725,0,0,instant_velocity,dbscan_kmeans_fallback,False
2060,113,9.33054970503,8.8277873316,-0.053794882020000045,0.0017660825180000118,-0.05854718419539999,-0.0064963197482000015,-0.05588901190771238,-0.0038001021308665447,-0.999461347202372,0.03281225176875753,-1,-1,instant_velocity,dbscan_kmeans_fallback,False
2060,114,12.8838321508,5.87723622774,-0.03733651044999995,0.0038424227750000206,-0.033371347781999995,0.004429525882600007,-0.028595371650119092,0.0035631036987943242,-0.9947458600815677,0.10237255978254939,2,2,instant_velocity,dbscan_kmeans_fallback,False
2060,115,12.9593891252,6.74023006351,-0.03683139418000003,0.008615618770000033,-0.035042440752000026,0.0025870722290000005,-0.029549534375566816,0.0034918315297500033,-0.9737142814962387,0.22777174817975035,2,2,instant_velocity,dbscan_kmeans_fallback,False
2060,116,13.1250251665,6.31613159942,-0.03561069655000004,0.0036514949359999884,-0.03463413843999998,0.004921165070200005,-0.028976281085916593,0.0038808875754274253,-0.9947836673829492,0.10200439406637586,2,2,instant_velocity,dbscan_kmeans_fallback,False
2060,117,13.2744553943,5.10517177567,-0.04844906823999988,0.005560773332999957,-0.04844906823999988,0.005560773332999957,-0.03183545759867999,0.003648416224190993,-0.9934774424306159,0.11402701990962341,2,2,instant_velocity,dbscan_kmeans_fallback,False
2060,118,14.4168600093,6.90037078911,-0.042093021929999884,0.019403041716000047,-0.042093021929999884,0.019403041716000047,-0.012627906578999967,0.005820912514800015,-0.908160262182756,0.4186221526515524,2,2,instant_velocity,dbscan_kmeans_fallback,False
2060,119,14.5336681452,7.74021462431,-0.03800999879999996,0.030787114162999972,-0.03800999879999996,0.030787114162999972,-0.01140299963999999,0.009236134248899993,-0.7770735673284851,0.6294094550298103,-1,-1,instant_velocity,dbscan_kmeans_fallback,False
2060,232,6.52441839839,8.76120124748,0.004209302191999953,-0.005250515593999872,0.004083023126800001,-0.004859113522199969,0.003891284163146648,-0.004424654477593831,0.6254992780776706,-0.780222840694187,3,3,instant_velocity,dbscan_kmeans_fallback,False
2060,233,6.3802497983,8.3311362884,0.0062508137560000065,-0.004367474334000043,0.004659697527200013,-0.0028066392446000066,0.0045649339927576905,-0.0027859819461944248,0.8197292811168871,-0.5727488829226137,3,3,instant_velocity,dbscan_kmeans_fallback,False
2060,236,2.03835458672,8.29295072044,-0.027276278208000004,-0.000883041258999917,-0.030929952510599996,-0.003909247519399983,-0.03120309154247789,-0.00219631260447027,-0.9994760085427391,-0.03235700069465254,0,0,instant_velocity,dbscan_kmeans_fallback,False
2060,237,2.20041272113,8.9151368183,-0.026771161945,-0.006491546551999861,-0.028774789788199993,-0.006792257899799985,-0.029475108962517205,-0.006170146027710932,-0.9718367191757828,-0.23565369767787306,0,0,instant_velocity,dbscan_kmeans_fallback,False
2060,238,6.90999047923,8.90630640571,0.005871976559000025,0.00167061859800004,0.004705999851399998,0.001746989733999982,0.004368223568212535,0.0021100761000239603,0.9618284988578494,0.273646967444983,3,3,instant_velocity,dbscan_kmeans_fallback,False
2060,242,7.21621721373,3.37632018655,0.05823569583300001,0.0015990206580000165,0.0556511842872,-0.006773165115799999,0.05488734949912831,-0.004303424085038154,0.9996230776594011,0.027447391647463973,-1,-1,instant_velocity,dbscan_kmeans_fallback,False
2060,243,1.82936273287,7.45358420485,0.017805348275,0.002768453677000071,0.01817997616956,0.0037135464836000054,0.017605838104475628,0.0034132630519688786,0.9881265988455795,0.1536382593401206,4,4,instant_velocity,dbscan_kmeans_fallback,False
2060,244,1.2354301935,8.08531669469,0.010081278751,-0.002076340258000009,0.0188660924268,-0.0005823299113999881,0.013850369384187855,-0.0007983170301899883,0.9794410664881912,-0.20172569045233163,4,4,instant_velocity,dbscan_kmeans_fallback,False
2060,245,1.26468484374,7.5807898781,0.012754185642999993,-0.002171804176999981,0.021682115593620002,0.0013746804464000028,0.016055734138908137,0.000358312606330713,0.9858091673646765,-0.16786524262194158,4,4,instant_velocity,dbscan_kmeans_fallback,False
2060,321,10.5607182708,12.0150889568,-0.016374185529999963,-0.010620361079999974,-0.01272051122599997,-0.009336371364000015,-0.011491057189150482,-0.008085307624008303,-0.8389779858936812,-0.5441644185622001,-1,-1,instant_velocity,dbscan_kmeans_fallback,False
2060,345,2.38309643629,13.5814132223,-0.014837790229000003,0.015656082859999997,-0.014837790228600004,0.015651309666000018,-0.014863797286682178,0.01596662489206265,-0.687883866479296,0.7258201285666006,5,5,instant_velocity,dbscan_kmeans_fallback,False
2060,346,1.97542551895,13.2592224927,-0.019699534259999995,0.017804021059999897,-0.0193627900854,0.018195423129999996,-0.018802210704052115,0.018014977363753567,-0.7418982613989686,0.6705119063218173,5,5,instant_velocity,dbscan_kmeans_fallback,False
2060,350,13.9117437462,9.89650591472,0.009218371800000114,-0.008281495049999954,0.008418604384000012,-0.018772979845599985,0.008416066884060967,-0.01605074900907376,0.7438967168938673,-0.6682933941401347,6,6,instant_velocity,dbscan_kmeans_fallback,False
2060,351,14.1697739706,10.6960162438,0.010986278719999909,-0.01558448491999993,0.005240581227999997,-0.007112062029999997,0.00610772899707316,-0.009974256077255083,0.5761740348977298,-0.8173263929498465,6,6,instant_velocity,dbscan_kmeans_fallback,False
2060,352,13.2087902801,10.4532992274,0.015490232069999976,-0.023126134600000015,0.013364534462000002,-0.019350536561999972,0.014194257946334495,-0.020319226930612385,0.5565096019604622,-0.8308407455079594,6,6,instant_velocity,dbscan_kmeans_fallback,False
2060,353,13.604043756,10.7318152137,0.014038022809999972,-0.022720412930000045,0.017733790137999996,-0.02557478413800002,0.01669459848683492,-0.02515276222000611,0.5256234940983987,-0.850716870406986,6,6,instant_velocity,dbscan_kmeans_fallback,False
2060,376,14.1491483899,8.67337444119,-0.0004840697499998825,-0.0003579896990000719,-0.0004924883560000026,-0.0003532165034000201,-0.0004900754267772347,-0.0003526750718853619,-0.8040047558556302,-0.5945949329480994,6,6,instant_velocity,dbscan_kmeans_fallback,False
2060,421,0.8767976467,5.02832332016,-0.013827557701999994,0.007517783691000002,-0.013760208867400002,0.004653866094400012,-0.013657423681681567,0.004912147508276151,-0.8785491232276383,0.47765067502757863,0,0,instant_velocity,dbscan_kmeans_fallback,False
2060,423,0.744836022965,5.7505078741,-0.016437325061700002,0.0023150000580000273,-0.024174022491500004,0.002233855725399998,-0.020750169881343122,0.002475676525077776,-0.9902268748743148,0.13946157687838168,0,0,instant_velocity,dbscan_kmeans_fallback,False
2060,425,2.56998945364,6.72662645492,-0.02988604556700003,-0.0023388660380000204,-0.03180548736660001,-0.0022577217054000087,-0.03227809182259741,-0.0011644427333512605,-0.9969513900950836,-0.07802088578774663,0,0,instant_velocity,dbscan_kmeans_fallback,False
2060,426,1.4408441405,6.30419860943,-0.025908254995,0.01009530952800004,-0.029006301408600003,0.0076800723548000075,-0.02847315033413398,0.008587533991134962,-0.9317626499627364,0.3630669977510532,0,0,instant_velocity,dbscan_kmeans_fallback,False
2060,427,11.5966275404,11.5272683262,0.007471511399999997,0.027708402749999906,0.007471511399999997,0.027708402749999906,0.004908782986229998,0.018209432461079984,0.2603488494136065,0.9655142566002495,-1,-1,instant_velocity,dbscan_kmeans_fallback,False
2060,428,11.714908932,10.6750141814,-0.004335581259999976,0.005608505290000032,-0.004335581259999976,0.005608505290000032,-0.0028453830487499797,0.0036847879776299953,-0.6115999833298273,0.7911653677249465,7,7,instant_velocity,dbscan_kmeans_fallback,False
2060,429,12.2549624033,11.1396848114,0.0016416278600001276,0.01494010346000003,0.0016416278600001276,0.01494010346000003,0.0017441664578400284,0.008742108462960021,0.10922316053644665,0.9940165846372627,7,7,instant_velocity,dbscan_kmeans_fallback,False
2070,64,4.37767428021,6.79392851844,-0.031569766444,-0.00284005161700005,-0.028661138628800008,-0.004520216606600016,-0.029346344328412044,-0.0037849951012241356,-0.9959775808140978,-0.08959926085941862,0,0,instant_velocity,dbscan_kmeans_fallback,False
2070,65,4.23455800567,7.34738059398,-0.029465115346999936,-0.003412835136000059,-0.030298557181599985,-0.005035721774000006,-0.029617706636792255,-0.004072828480077036,-0.99335854720519,-0.11505703991391379,0,0,instant_velocity,dbscan_kmeans_fallback,False
2070,66,4.3730440478,6.30061871244,-0.030391161829999992,0.0,-0.024721231776600003,-0.0035942165835999873,-0.02614946411135497,-0.0026685301394671285,-0.9999996709570773,0.0,0,0,instant_velocity,dbscan_kmeans_fallback,False
2070,67,0.0631395328877,6.44381459226,-0.018415697092230003,0.0,-0.025495743380046,0.0010596495105999893,-0.02484741088636968,0.0011462383322935522,-0.9999994569852816,0.0,0,0,instant_velocity,dbscan_kmeans_fallback,False
2070,70,4.05250568584,8.09701102488,-0.03060162693999997,0.0064915465520000385,-0.032546324552399995,0.0009785051788000132,-0.03229903666699911,0.0020670990051210093,-0.9782319153236235,0.20751308515152653,0,0,instant_velocity,dbscan_kmeans_fallback,False
2070,71,4.31811265419,8.58650227409,-0.033316626853000034,0.010620361087000063,-0.03466360355519999,0.006224247576599993,-0.033418637888499914,0.005575395924015127,-0.9527632904194696,0.30371292446077647,0,0,instant_velocity,dbscan_kmeans_fallback,False
2070,72,6.9903881511,0.785190741057,-0.0003156976649999699,0.00021479381969999878,-0.00030306975799998526,0.00022434021171999997,-0.00029468433747952184,0.00020658496361753657,-0.826759412668902,0.5625091088972671,1,1,instant_velocity,dbscan_kmeans_fallback,False
2070,103,6.33521026484,0.628629912445,0.000505116263000005,0.0003818556794999983,0.0005051162631999873,0.00038185567953999964,0.0005119880834226881,0.000368461130913462,0.7976934514019182,0.6030369584789538,1,1,instant_velocity,dbscan_kmeans_fallback,False
2070,104,2.97618711521,7.22805069412,-0.031211975757999964,-0.0041288145349999365,-0.0308205106536,-0.002630030992799988,-0.03044211283388869,-0.003117442183724393,-0.9913634646758568,-0.13114055688616424,0,0,instant_velocity,dbscan_kmeans_fallback,False
2070,106,3.61473825782,5.11257022946,-0.036831394183999985,-0.0005966494990000016,-0.03623788257519999,-0.0003723092875999967,-0.0364847028286814,-0.0006484837449168349,-0.9998685427779165,-0.016197352240699684,0,0,instant_velocity,dbscan_kmeans_fallback,False
2070,107,3.63346965258,5.75695168869,-0.035652789569999975,-0.0026491237770000175,-0.035269743071000004,-0.0016658454020000058,-0.0354597876365135,-0.0018485568704709665,-0.9972506010105084,-0.07409911848770091,0,0,instant_velocity,dbscan_kmeans_fallback,False
2070,108,5.16039402291,7.7495223565,-0.03394802218199997,0.00999984560799998,-0.032495812926200005,0.004233824846999994,-0.032354943826738786,0.005605415860181238,-0.9592493954575212,0.2825597851538053,0,0,instant_velocity,dbscan_kmeans_fallback,False
2070,109,5.38243471356,8.23066051272,-0.03432685937999995,0.004391340315000036,-0.0315108362132,0.002639577384799985,-0.032151239018648685,0.003186285483309603,-0.9919161084656276,0.1268930882369311,0,0,instant_velocity,dbscan_kmeans_fallback,False
2070,110,6.56651142032,9.56071157652,0.03668406860800007,0.02214762941299995,0.027596185174199997,0.026166660440599968,0.0312140916611872,0.022244470207527633,0.8560770718996015,0.5168477340941312,-1,-1,instant_velocity,dbscan_kmeans_fallback,False
2070,111,6.08370445884,6.8330687256,-0.04341895211500004,-0.007470051731000016,-0.0442397660432,-0.00321713410000001,-0.043812089743138244,-0.0035422726262924844,-0.9855205396281009,-0.16955474635790754,0,0,instant_velocity,dbscan_kmeans_fallback,False
2070,112,5.99825562433,6.03880891215,-0.042093021925000064,-0.010023711587999973,-0.04543520786600002,-0.007116835227399996,-0.04398634442104472,-0.0064326831617648825,-0.9727978475320329,-0.2316546689012339,0,0,instant_velocity,dbscan_kmeans_fallback,False
2070,113,8.79281134994,8.84544815678,-0.0537738355090001,0.0017660825180000118,-0.056514091237200005,-0.0037565052473999927,-0.05525445898809869,-0.002130246736206577,-0.9994609258874126,0.03282508030022214,-1,-1,instant_velocity,dbscan_kmeans_fallback,False
2070,114,12.5104670464,5.9156604555,-0.03733651043999995,0.0038424227760000206,-0.03447418495599997,0.004267237219000002,-0.03121771328708335,0.003646899421956033,-0.9947458600760624,0.1023725598360444,2,2,instant_velocity,dbscan_kmeans_fallback,False
2070,115,12.5910751833,6.8263862512,-0.03683139419000003,0.008615618768999944,-0.03555176631800002,0.004310195982799989,-0.03173409231989678,0.005028967701524985,-0.9737142815158183,0.22777174809604925,2,2,instant_velocity,dbscan_kmeans_fallback,False
2070,116,12.7609205268,6.34190685779,-0.03641046397000007,0.00257752583699995,-0.03503823145000002,0.004386567118800002,-0.031206535951141638,0.0034898790538991824,-0.9975034365161894,0.07061406529274482,2,2,instant_velocity,dbscan_kmeans_fallback,False
2070,117,12.793963549,5.15887023061,-0.048049184529999955,0.005369845494000014,-0.048049184529999955,0.005369845494000014,-0.03669957567807598,0.004164845005133699,-0.9938128460398865,0.11106580653527316,2,2,instant_velocity,dbscan_kmeans_fallback,False
2070,118,13.9959297901,7.09416254648,-0.042093021920000064,0.019379175736999966,-0.042093021920000064,0.019379175736999966,-0.0214674411813,0.00988839148146,-0.9083559616035771,0.4181973402889219,2,2,instant_velocity,dbscan_kmeans_fallback,False
2070,119,14.1533576921,8.04832442574,-0.03803104530999999,0.030810980143000054,-0.03803104530999999,0.030810980143000054,-0.01939141334099999,0.01570858801713001,-0.7770054243649953,0.6294935757345137,-1,-1,instant_velocity,dbscan_kmeans_fallback,False
2070,232,6.67911025397,8.65237237881,0.015469185558000031,-0.010882886867000074,0.006461278865600004,-0.006376989848400001,0.007364654581602664,-0.006362124194415704,0.8178765578757033,-0.5753928037878864,-1,-1,instant_velocity,dbscan_kmeans_fallback,False
2070,233,6.62312653481,8.11085329326,0.02428767365099995,-0.022028299513999983,0.0086669532144,-0.006730206352000004,0.01048175589023037,-0.008558677216536094,0.7407196535276322,-0.6718138022717214,-1,-1,instant_velocity,dbscan_kmeans_fallback,False
2070,236,1.76559180465,8.28412030785,-0.027276278207000005,-0.0008830412590000947,-0.028905278155999997,-0.0036419485436000086,-0.030025047541834524,-0.0018023312008292173,-0.9994760085427006,-0.032357000695844074,0,0,instant_velocity,dbscan_kmeans_fallback,False
2070,237,2.00741621561,8.86239300256,-0.019299650552000003,-0.005274381574000131,-0.026232371263599993,-0.006396082632400031,-0.026422471439362043,-0.005901416691597692,-0.9646256669619667,-0.2636215526246687,0,0,instant_velocity,dbscan_kmeans_fallback,False
2070,238,7.00301605768,8.92014867409,0.009302557844999981,0.0013842268379999467,0.005686767261999997,0.0016706185979999688,0.005848523851248769,0.0018923213214167563,0.9891086454754774,0.14718002893159468,-1,-1,instant_velocity,dbscan_kmeans_fallback,False
2070,242,7.79583812564,3.39779956852,0.05796209119099993,0.0021479381969999878,0.05661090518699998,-0.0036801341115999973,0.055809772006689795,-0.002368015400426711,0.9993138998320859,0.037032212815945625,-1,-1,instant_velocity,dbscan_kmeans_fallback,False
2070,243,2.04761505155,7.493917711,0.021825231867999985,0.004033350614999964,0.018701929641399998,0.0036133093675999994,0.018871656233532937,0.0035992893208782045,0.9833489263790353,0.18172503371135496,3,3,instant_velocity,dbscan_kmeans_fallback,False
2070,244,1.33708484145,8.06168937452,0.010165464795,-0.002362732017000013,0.01644153436392,-0.0010548763147999907,0.012744898007431497,-0.0012676415262329959,0.9740351931697996,-0.22639241618534156,3,3,instant_velocity,dbscan_kmeans_fallback,False
2070,245,1.39222670017,7.55907183632,0.012754185642999993,-0.002171804177999981,0.0191312784649,0.0003627628953999995,0.015065269590135693,-0.0004007224289684953,0.9858091673518857,-0.16786524269705652,3,3,instant_velocity,dbscan_kmeans_fallback,False
2070,321,10.3969764155,11.9091240057,-0.01637418553000014,-0.010596495109999892,-0.013827557702000028,-0.009718227043999973,-0.01295599569140538,-0.00883866386980578,-0.8395361936879855,-0.5433028198430694,-1,-1,instant_velocity,dbscan_kmeans_fallback,False
2070,345,2.234718534,13.7377353911,-0.014837790228999958,0.015632216879999918,-0.014837790228599995,0.01564653647,-0.014855995169377512,0.015866302488443833,-0.6884365308910253,0.7252959499299105,4,4,instant_velocity,dbscan_kmeans_fallback,False
2070,346,1.77821971123,13.4372627033,-0.019720580772000007,0.017804021060000074,-0.0197121621674,0.017804021060000005,-0.019077721724436482,0.01795169047262752,-0.7422543015957518,0.6701177500943433,4,4,instant_velocity,dbscan_kmeans_fallback,False
2070,350,14.0051902549,9.83445436679,0.00934465086999996,-0.006205154793000034,0.008603813682000023,-0.016911433408199984,0.008694642079842664,-0.01309707074425164,0.8330608558121017,-0.5531797425304125,5,5,instant_velocity,dbscan_kmeans_fallback,False
2070,351,14.2796367579,10.5404100543,0.010986278730000087,-0.015560618950000027,0.006751720718000022,-0.00933637136599998,0.007571293916951239,-0.011650164939078566,0.576763917694332,-0.8169102357510101,5,5,instant_velocity,dbscan_kmeans_fallback,False
2070,352,13.3771623678,10.2146394277,0.01683720876999999,-0.023865979970000062,0.013983301883999993,-0.021550979914000016,0.014987143193434145,-0.021383252842428688,0.5764689680829822,-0.8171186230171729,5,5,instant_velocity,dbscan_kmeans_fallback,False
2070,353,13.7042251482,10.5726291273,0.010018139220000144,-0.01591860863999983,0.015856441360000025,-0.02351276346799999,0.014691660706784487,-0.022382516146004224,0.5326344694940964,-0.8463447634190822,5,5,instant_velocity,dbscan_kmeans_fallback,False
2070,376,14.1440972273,8.67003320399,-0.0005051162600000936,-0.0003341237199999014,-0.0004924883560000026,-0.000348443307599986,-0.0004945876767440924,-0.00034710966631972375,-0.8340281435978593,-0.551691972702437,5,5,instant_velocity,dbscan_kmeans_fallback,False
2070,421,0.68022323431,5.11233156966,-0.019657441239000005,0.008400824950000007,-0.0149682785966,0.006615649648000001,-0.015457428948877097,0.005958750740793307,-0.9195470981392361,0.3929786237601479,0,0,instant_velocity,dbscan_kmeans_fallback,False
2070,423,0.580673237457,5.77389653447,-0.016416278550800002,0.0023388660370000204,-0.021589510945460005,0.002267268097400006,-0.019450002482180186,0.0024346333786544492,-0.9900021565375845,0.14104794904139192,0,0,instant_velocity,dbscan_kmeans_fallback,False
2070,425,2.26607783534,6.70896562974,-0.030391161829999992,-0.0017660825180000118,-0.0308668129776,-0.0022147629414000034,-0.031712012824818184,-0.0013449346687458858,-0.9983154508631447,-0.05801382240932577,0,0,instant_velocity,dbscan_kmeans_fallback,False
2070,426,1.16744996309,6.37985376594,-0.027339417741000016,0.0075655156509999875,-0.0281013014372,0.008104886798200006,-0.02813303055619379,0.00828092848909447,-0.9637786273652984,0.2667021791944258,0,0,instant_velocity,dbscan_kmeans_fallback,False
2070,427,11.630512423,11.865926582,0.0033884882600000664,0.03386582558000004,0.0033884882600000664,0.03386582558000004,0.004452694568361019,0.022906350396756002,0.09955912777884292,0.9950313524932105,6,6,instant_velocity,dbscan_kmeans_fallback,False
2070,428,11.7018600952,10.9124806821,-0.0013048836799999463,0.023746650070000007,-0.0013048836799999463,0.023746650070000007,-0.0023832332381249696,0.009703346605341,-0.05486742395111245,0.9984932272349809,6,6,instant_velocity,dbscan_kmeans_fallback,False
2070,429,12.2633810077,11.3019734752,0.0008418604399999197,0.016228866380000005,0.0008418604399999197,0.016228866380000005,0.0014734746524879957,0.010988135838072018,0.05180457379871111,0.9986566253810574,6,6,instant_velocity,dbscan_kmeans_fallback,False
2080,64,4.06197661577,6.76552800228,-0.031569766444,-0.0028400516159999612,-0.0299828595174,-0.0037565052473999927,-0.030013370963088433,-0.003501512055656883,-0.9959775808169135,-0.08959926082812064,0,0,instant_velocity,dbscan_kmeans_fallback,False
2080,65,3.93990685219,7.31325224262,-0.029465115348000025,-0.00341283513599997,-0.029999696726000006,-0.0044533918626,-0.029571929250154585,-0.003874830476853916,-0.9933585472056367,-0.11505703991005733,0,0,instant_velocity,dbscan_kmeans_fallback,False
2080,66,4.06892196439,6.30061871244,-0.030412208340999936,0.0,-0.026299720098799995,-0.0025966186207999975,-0.02742828738024846,-0.0018679710976269898,-0.9999996711847886,0.0,0,0,instant_velocity,dbscan_kmeans_fallback,False
2080,70,3.74627895133,8.1621651502,-0.030622673451000004,0.006515412531999942,-0.03183074317980001,0.003026206260399995,-0.031796127702199375,0.0034015930631846897,-0.9781059410266442,0.20810605305202334,0,0,instant_velocity,dbscan_kmeans_fallback,False
2080,71,3.98473592054,8.69246722516,-0.03333767336500002,0.010596495106999981,-0.03483618494520001,0.008653804337599985,-0.033394348531449944,0.007081725678910583,-0.9530158781360868,0.30291940229291786,0,0,instant_velocity,dbscan_kmeans_fallback,False
2080,72,6.98744163957,0.787577339054,-0.0002946511530000251,0.00023865979969999173,-0.00030306975780000303,0.00022911340771999855,-0.0002946743821356728,0.00021620741444227311,-0.7770532327321407,0.6293929855420181,1,1,instant_velocity,dbscan_kmeans_fallback,False
2080,103,6.34026142747,0.632448469241,0.000505116263000005,0.00038185567959999613,0.0005051162631999873,0.00038185567953999964,0.0005099265372958832,0.0003724794955194222,0.7976934513259517,0.6030369585794443,1,1,instant_velocity,dbscan_kmeans_fallback,False
2080,104,2.65733247413,7.13043883604,-0.031885464108000014,-0.009761185808000051,-0.031106743202600002,-0.004329288766800002,-0.03087511821612209,-0.005110565271007091,-0.95619690346344,-0.2927232174550389,0,0,instant_velocity,dbscan_kmeans_fallback,False
2080,106,3.25926268766,5.10731971387,-0.035547557015999987,-0.0005250515590000226,-0.0362926035038,-0.00047731959940000123,-0.03620355908487698,-0.0006114540891417912,-0.9998906542673173,-0.014768782749720528,0,0,instant_velocity,dbscan_kmeans_fallback,False
2080,107,3.27673129176,5.73046045092,-0.03567383608200001,-0.0026491237770000175,-0.0354296965544,-0.0020620206695999956,-0.035524002170159455,-0.0020887269424296816,-0.9972538306715182,-0.07405564202469576,0,0,instant_velocity,dbscan_kmeans_fallback,False
2080,108,4.82091380108,7.84952081258,-0.03394802218300006,0.00999984560799998,-0.03295883616740001,0.005894897053000001,-0.03283286733361716,0.006923744784526861,-0.9592493954597773,0.2825597851461458,0,0,instant_velocity,dbscan_kmeans_fallback,False
2080,109,5.03895565465,8.27457391587,-0.03434790589100008,0.004391340315000036,-0.032487394321800006,0.003245773276200019,-0.0328102390803541,0.0035478019328167324,-0.9919258923653855,0.12681658597934622,0,0,instant_velocity,dbscan_kmeans_fallback,False
2080,110,6.98744163957,9.70390745635,0.042093021924999974,0.014319587983000126,0.0328956966346,0.022844516028600027,0.03447777074033104,0.01986700554016938,0.946717952189796,0.32206314470893144,-1,-1,instant_velocity,dbscan_kmeans_fallback,False
2080,111,5.64972540279,6.75860686809,-0.04339790560500001,-0.007446185750999934,-0.04402509163140001,-0.0044533918626,-0.043687834501696776,-0.00471344656370472,-0.9855972672343902,-0.16910816835961892,0,0,instant_velocity,dbscan_kmeans_fallback,False
2080,112,5.57732540508,5.93881045607,-0.042093021924999974,-0.009999845608000069,-0.0445302078944,-0.008224216698200006,-0.043418347672231294,-0.007502831895635439,-0.9729220188662598,-0.23113260897783203,0,0,instant_velocity,dbscan_kmeans_fallback,False
2080,113,8.36851368893,8.89962393131,-0.04242976610099998,0.005417577453,-0.0531971611094,-0.0010023711587999883,-0.051407051121969076,0.00013410052055539638,-0.9919465768190956,0.12665512688341246,-1,-1,instant_velocity,dbscan_kmeans_fallback,False
2080,114,12.1349972908,5.94668622946,-0.037546975560000105,0.0031025773959999724,-0.035619115152000023,0.0039569794792000046,-0.03311649196895838,0.003483602814169215,-0.9966031055499989,0.08235119398955905,2,2,instant_velocity,dbscan_kmeans_fallback,False
2080,115,12.2227612415,6.9125424389,-0.03683139417999985,0.008615618770000033,-0.03606530118599999,0.006033319736799996,-0.0332632828779277,0.0061049630220675,-0.9737142814962386,0.22777174817975143,2,2,instant_velocity,dbscan_kmeans_fallback,False
2080,116,12.3970263523,6.36768211615,-0.03638941745000004,0.0025775258360000385,-0.035438115158000015,0.0038567423631999985,-0.03276140040079916,0.003216173088529439,-0.9975005587904703,0.07065470243483961,2,2,instant_velocity,dbscan_kmeans_fallback,False
2080,117,12.3490403073,5.19681713876,-0.04449232417000015,0.0037946908150000348,-0.04758195198400003,0.005164598065800004,-0.03903740022565323,0.0040537987480936,-0.9963824218828846,0.08498012398947373,2,2,instant_velocity,dbscan_kmeans_fallback,False
2080,118,13.5749995708,7.28819296365,-0.042093021930000064,0.019403041717000045,-0.042093021930000064,0.019403041717000045,-0.027655115405910022,0.012742786552122014,-0.9081602621745545,0.4186221526693451,2,2,instant_velocity,dbscan_kmeans_fallback,False
2080,119,13.7732577041,8.35619556737,-0.03800999879999996,0.030787114162999885,-0.03800999879999996,0.030787114162999885,-0.02497698897869998,0.020232145860890977,-0.777073567328486,0.6294094550298092,-1,-1,instant_velocity,dbscan_kmeans_fallback,False
2080,232,6.94619047808,8.48721979741,0.02670802241099999,-0.016515258139999923,0.010961022909200011,-0.008629938357599976,0.013167664930421862,-0.009408064378090969,0.8505252933156802,-0.5259335400258742,3,3,instant_velocity,dbscan_kmeans_fallback,False
2080,233,6.86600327131,7.89057029813,0.024287673650000043,-0.022028299512999984,0.012669999599400015,-0.0106537734592,0.014623531218161272,-0.012599563905475262,0.7407196535290453,-0.6718138022701634,3,3,instant_velocity,dbscan_kmeans_fallback,False
2080,236,1.4541034424,8.25810638968,-0.03114883622500002,-0.0026013918169999427,-0.029052603732800004,-0.002925969144599989,-0.030362184146784175,-0.002042049385680435,-0.9965304494846979,-0.08322513682229123,0,0,instant_velocity,dbscan_kmeans_fallback,False
2080,237,1.83315110484,8.81322908382,-0.017426511077000016,-0.0049163918739999705,-0.023416348097,-0.005942629012800005,-0.023723683330653434,-0.0056059092463183755,-0.9624315086815851,-0.2715225341238093,0,0,instant_velocity,dbscan_kmeans_fallback,False
2080,238,7.09583117102,8.93422960227,0.009281511334000037,0.0014080928180000285,0.0066591160684,0.0015990206579999723,0.00687842009607415,0.0017470527703917378,0.9886859828438913,0.1499929894606728,-1,-1,instant_velocity,dbscan_kmeans_fallback,False
2080,242,8.36472531696,3.44195163147,0.056888719132,0.004415206294999985,0.0572128354006,-0.00012410309580000777,0.05613345614428286,-0.000333048891798702,0.9970016079658107,0.0773785707040052,-1,-1,instant_velocity,dbscan_kmeans_fallback,False
2080,243,2.32563946136,7.55358266093,0.027802440981000043,0.005966494993000016,0.020655045858600004,0.0039569794792000046,0.021550891657773068,0.004309451022514748,0.9777384115323885,0.20982586891771363,4,4,instant_velocity,dbscan_kmeans_fallback,False
2080,244,1.44778948911,8.01133215678,0.011070464765999998,-0.005035721774000024,0.014197976295260002,-0.0020620206695999956,0.012242568035002047,-0.0023980656005631045,0.910251325667952,-0.41405419893086476,4,4,instant_velocity,dbscan_kmeans_fallback,False
2080,245,1.52755576566,7.53019400056,0.013532906549000013,-0.002887783576000036,0.01673618551738,-0.000792350534999997,0.01460556067779499,-0.0011468407730779577,0.9779808696110877,-0.2086910954922555,4,4,instant_velocity,dbscan_kmeans_fallback,False
2080,321,10.3180519994,11.7971925596,-0.007892441609999957,-0.01119314461000016,-0.013238255396000013,-0.010224185820000002,-0.011436929466983752,-0.009545008091864093,-0.5762635200334062,-0.8172630514021219,-1,-1,instant_velocity,dbscan_kmeans_fallback,False
2080,346,1.58122436862,13.6153029139,-0.019699534260999997,0.017804021060000074,-0.019707952865199996,0.017804021060000005,-0.019264265485405538,0.017907389648839287,-0.7418982614158972,0.6705119063030865,-1,-1,instant_velocity,dbscan_kmeans_fallback,False
2080,350,14.1177890886,9.75688993189,0.01125988336999999,-0.007756443489999931,0.009172069478000004,-0.015360144710199997,0.009464214466889862,-0.011494882567976128,0.8235194718145825,-0.5672867148040811,5,5,instant_velocity,dbscan_kmeans_fallback,False
2080,351,14.4576902406,10.3289574718,0.01780534826999993,-0.021145258249999976,0.009626674113999983,-0.012677608559999989,0.010641510222865847,-0.014498692932354989,0.644110431252664,-0.7649320419811417,5,5,instant_velocity,dbscan_kmeans_fallback,False
2080,352,13.5375367813,9.98433272101,0.01603744134999996,-0.023030670668999952,0.01460627860799999,-0.022562897465799984,0.01530223264040389,-0.021877478190400066,0.571450941571485,-0.82063579542399,5,5,instant_velocity,dbscan_kmeans_fallback,False
2080,353,13.8486042134,10.4225121133,0.0144379065199999,-0.0150117014000001,0.014976697202000011,-0.02199488714200001,0.014615534450749111,-0.020171271722202986,0.6931976455881188,-0.7207468792194403,5,5,instant_velocity,dbscan_kmeans_fallback,False
2080,376,14.1392565298,8.66645330699,-0.0004840697499998825,-0.0003579896999999832,-0.000492488355999967,-0.000348443307599986,-0.0004914322987208294,-0.0003503736764238016,-0.8040047550616692,-0.5945949340217124,5,5,instant_velocity,dbscan_kmeans_fallback,False
2080,421,0.477334868631,5.19777177796,-0.0202888365679,0.008544020829999966,-0.01628579018278,0.0078900929786,-0.016906851234583967,0.0067343317675553046,-0.9216129774166499,0.38810901994767133,0,0,instant_velocity,dbscan_kmeans_fallback,False
2080,423,0.416299986839,5.79704653504,-0.016437325061799995,0.0023150000569999384,-0.019009208701419998,0.0022959072731999976,-0.018546199256066126,0.002398743382158096,-0.9902268748827521,0.13946157681847363,0,0,instant_velocity,dbscan_kmeans_fallback,False
2080,425,1.96195575193,6.69130480457,-0.030412208341000002,-0.0017660825170000116,-0.030041789747999998,-0.0021622577854000014,-0.031322071479672725,-0.0014712790232221237,-0.9983177755101902,-0.0579738093981805,0,0,instant_velocity,dbscan_kmeans_fallback,False
2080,426,0.890688343935,6.44882644806,-0.027676161915499996,0.006897268212000008,-0.027263650300900003,0.008391278558000011,-0.02799596996398565,0.007865830405966131,-0.9703215015195282,0.24181704342835905,0,0,instant_velocity,dbscan_kmeans_fallback,False
2080,427,11.6646077708,12.2048234975,0.0034095347799999232,0.03388969154999995,0.0058425114439999955,0.030180918269999992,0.00413974663185269,0.026201352742729188,0.10010148565019159,0.9949769371121696,6,6,instant_velocity,dbscan_kmeans_fallback,False
2080,428,11.7018600952,11.2275116177,0.0,0.03150309355999994,-0.0028581161879999684,0.014415051901999973,-0.0016682632666874786,0.016243270691738684,0.0,0.9999996825709574,6,6,instant_velocity,dbscan_kmeans_fallback,False
2080,429,12.262118217,11.4897987376,-0.00012627907000002382,0.018782526239999875,0.0018731394759999985,0.014763495209999995,0.0009935485357415897,0.013326452958650375,-0.006723065217104904,0.9999768675322006,-1,-1,instant_velocity,dbscan_kmeans_fallback,False
2090,64,3.78100569442,6.76123212588,-0.02809709213499998,-0.0004295876399999621,-0.030610045544,-0.0025107010929999872,-0.029438487314661897,-0.002579934730959807,-0.9998827818088536,-0.015287606363321722,0,0,instant_velocity,dbscan_kmeans_fallback,False
2090,65,3.66524988413,7.29797801544,-0.027465696805999994,-0.0015274227179999933,-0.029300952562000004,-0.0034987526637999975,-0.028940059516908208,-0.003170608149197739,-0.9984568665454829,-0.05552619733905682,0,0,instant_velocity,dbscan_kmeans_fallback,False
2090,66,3.76501034609,6.30061871244,-0.030391161830000034,0.0,-0.027878208420999993,-0.00159902065799999,-0.028317149715173934,-0.0013075797683388928,-0.9999996709570773,0.0,0,0,instant_velocity,dbscan_kmeans_fallback,False
2090,70,3.47835686678,8.15500535621,-0.026792208454999987,-0.0007159793990000552,-0.030349068808000004,0.0036324021515999937,-0.030294951928039555,0.002166321324529266,-0.9996427476108947,-0.0267138714918308,0,0,instant_velocity,dbscan_kmeans_fallback,False
2090,71,3.68082430224,8.75809867008,-0.030391161829999992,0.0065631444920001055,-0.033409231501999995,0.008930649705200012,-0.03249339252101496,0.006926151322837439,-0.9774664212577459,0.2110894408933109,0,0,instant_velocity,dbscan_kmeans_fallback,False
2090,72,6.96492187284,0.906907238911,-0.0022519766730000335,0.011932989985700004,-0.000690325559599998,0.002567979444920001,-0.0008818650693949811,0.003731242185819593,-0.18544501001786112,0.9826538054202751,1,1,instant_velocity,dbscan_kmeans_fallback,False
2090,103,6.3453125901,0.636267026036,0.000505116263000005,0.00038185567950000944,0.000505116263200005,0.00038185567954000186,0.0005084834550071198,0.00037529235071359835,0.7976934514019097,0.603036958478965,1,1,instant_velocity,dbscan_kmeans_fallback,False
2090,104,2.33132201932,6.97650326522,-0.032601045481,-0.015393557081999987,-0.0315318827242,-0.0071597939914000005,-0.031392896395585464,-0.00819546281430496,-0.9042631864258128,-0.42697486451805566,-1,-1,instant_velocity,dbscan_kmeans_fallback,False
2090,106,3.02017432313,5.10731971387,-0.023908836453000015,0.0,-0.033990115204400005,-0.0004630000114000055,-0.03251514229531389,-0.0004280178623992538,-0.999999581744773,0.0,0,0,instant_velocity,dbscan_kmeans_fallback,False
2090,107,3.01575455582,5.73809756451,-0.026097673593999993,0.0007637113590000411,-0.033674417540199994,-0.0017708557137999924,-0.032696103597311614,-0.0012329954520007647,-0.999571713404122,0.02925104679971812,0,0,instant_velocity,dbscan_kmeans_fallback,False
2090,108,4.49532427649,7.92613060828,-0.03255895245899998,0.007660979570000048,-0.0330935338376,0.007140701207400006,-0.03275069287123201,0.007144915220168817,-0.9734165468329002,0.2290406697751568,0,0,instant_velocity,dbscan_kmeans_fallback,False
2090,109,4.71715450204,8.3299429894,-0.032180115260999995,0.005536907352999876,-0.0330303943046,0.004076309379199969,-0.03262120193454787,0.004144533558871675,-0.9855181525551874,0.1695681529149409,0,0,instant_velocity,dbscan_kmeans_fallback,False
2090,110,7.40837185882,9.84710333618,0.042093021924999974,0.014319587982999949,0.0381952080948,0.01952237161660001,0.036762346095731716,0.01820278027301855,0.9467179521897972,0.32206314470892783,-1,-1,instant_velocity,dbscan_kmeans_fallback,False
2090,111,5.21764053273,6.68844088697,-0.043208487005999975,-0.007016598112000061,-0.0437388590824,-0.005565546529400009,-0.04354403025298774,-0.005404392028193322,-0.9870697949565562,-0.16028962223886076,0,0,instant_velocity,dbscan_kmeans_fallback,False
2090,112,5.14524053502,5.89322643432,-0.043208487005999975,-0.004558402174999987,-0.043591533505599994,-0.007985556898400005,-0.043355389472361894,-0.006619502979444803,-0.9944808991247774,-0.10491558968349986,0,0,instant_velocity,dbscan_kmeans_fallback,False
2090,113,8.05786718712,8.99055331501,-0.031064650181,0.00909293837000007,-0.04771664965360003,0.0024056907812000008,-0.04530433083967835,0.002821751875388799,-0.9597300670427658,0.28092273051873723,-1,-1,instant_velocity,dbscan_kmeans_fallback,False
2090,114,11.7551077679,5.95981251844,-0.03798895228999992,0.001312628897999968,-0.03684823139399999,0.0032887320399999885,-0.03457823006527084,0.0028323106393184404,-0.9994033192366625,0.03453229421998185,2,2,instant_velocity,dbscan_kmeans_fallback,False
2090,115,11.8498170672,6.9103945007,-0.03729441743000006,-0.00021479382000002544,-0.036667231399999986,0.005990360972799991,-0.03447262324354941,0.004209035969447243,-0.9999831468863429,-0.005759312381230131,2,2,instant_velocity,dbscan_kmeans_fallback,False
2090,116,12.0329217126,6.39345737452,-0.0364104639699999,0.00257752583699995,-0.03584220816999999,0.0033221444119999966,-0.03385611947155938,0.003024578913070592,-0.9975034365161894,0.07061406529274515,2,2,instant_velocity,dbscan_kmeans_fallback,False
2090,117,11.9041170655,5.23476404691,-0.04449232417999997,0.003794690814999946,-0.04679060317200001,0.004811381562200001,-0.04067387741195726,0.003976066368165504,-0.9963824218845021,0.0849801239705101,2,2,instant_velocity,dbscan_kmeans_fallback,False
2090,118,13.2919239984,7.56981152731,-0.028307557239999958,0.028161856365999948,-0.028307557239999958,0.028161856365999948,-0.027850847956137,0.017368507496285393,-0.7089287019200881,0.7052797988869611,3,3,instant_velocity,dbscan_kmeans_fallback,False
2090,119,13.511860038,8.67122650299,-0.02613976661000006,0.031503093562000116,-0.02613976661000006,0.031503093562000116,-0.025325822268090003,0.02361343017122372,-0.6385564247125942,0.7695746902591452,3,3,instant_velocity,dbscan_kmeans_fallback,False
2090,232,7.2132707022,8.32182855621,0.026708022411999988,-0.016539124120000005,0.0154607669532,-0.010887660062800002,0.0172297721748953,-0.01154738230066368,0.8501852797863244,-0.5264830038881936,4,4,instant_velocity,dbscan_kmeans_fallback,False
2090,233,7.20590442336,7.72971359312,0.03399011520499995,-0.01608567050100005,0.0186177435974,-0.013384041567999994,0.020433506414212876,-0.013645395884132699,0.9038909408074082,-0.4277623584084857,4,4,instant_velocity,dbscan_kmeans_fallback,False
2090,236,1.12619880161,8.22493267752,-0.03279046407899999,-0.003317371215999998,-0.029532464182600006,-0.0023531856251999984,-0.031090668126448923,-0.0024246459347763037,-0.9949210892470609,-0.10065495186978216,0,0,instant_velocity,dbscan_kmeans_fallback,False
2090,237,1.65909645918,8.76382650528,-0.017405464566000006,-0.004940257853999874,-0.021538999319000003,-0.005627598077199991,-0.021828217701257407,-0.005406213828622826,-0.9619998365754768,-0.27304799766575755,0,0,instant_velocity,dbscan_kmeans_fallback,False
2090,238,7.18864628437,8.94831053046,0.009281511334999947,0.0014080928190001174,0.007631464875000002,0.0015274227182000288,0.007599347467751889,0.0016453647849742517,0.9886859828304895,0.14999298954901225,-1,-1,instant_velocity,dbscan_kmeans_fallback,False
2090,242,8.93382297338,3.48610369441,0.05690976564200003,0.004415206294000029,0.0576463935264,0.002835278420599998,0.05636634899359801,0.0010914276639409175,0.9970038152829899,0.07735012560183153,-1,-1,instant_velocity,dbscan_kmeans_fallback,False
2090,243,2.60366387118,7.61324761086,0.027802440982,0.005966494993000016,0.022608162076000006,0.004295876394800011,0.023426356455041146,0.004806564213660328,0.9777384115339367,0.2098258689104992,-1,-1,instant_velocity,dbscan_kmeans_fallback,False
2090,244,1.5721743689,7.94975792846,0.012438487979,-0.0061574228319999594,0.012228022869180002,-0.0032935052359999873,0.012301344018201432,-0.003525872769994161,0.8962011500592886,-0.44364632041742197,5,5,instant_velocity,dbscan_kmeans_fallback,False
2090,245,1.69319180694,7.47219966923,0.016563604128,-0.005799433132999976,0.014947232085660001,-0.0025297938769999993,0.015192973712856495,-0.0025426184810545633,0.9438192275794118,-0.3304604757326694,5,5,instant_velocity,dbscan_kmeans_fallback,False
2090,321,10.2391275833,11.6854997734,-0.007892441609999957,-0.0111692786199999,-0.012648953087999999,-0.010720598201999998,-0.010373583109888614,-0.010032289250304836,-0.5770850761432681,-0.816683140832011,-1,-1,instant_velocity,dbscan_kmeans_fallback,False
2090,350,14.306786757,9.61608065005,0.018899766839999898,-0.014080928184000108,0.011348278709999987,-0.012720567325000012,0.012294880178822874,-0.012270696252783323,0.8019079180987673,-0.597446936807282,6,6,instant_velocity,dbscan_kmeans_fallback,False
2090,351,14.6433204673,10.1115383943,0.018563022670000075,-0.021741907750000067,0.012653162390000005,-0.01613817565599998,0.013017963957006117,-0.016671657377648513,0.6493199700120547,-0.7605148762248882,6,6,instant_velocity,dbscan_kmeans_fallback,False
2090,352,13.665499568,9.78719972645,0.012796278669999949,-0.019713299456000043,0.014698883255999995,-0.022228773745000013,0.014550446449282708,-0.02122822457008006,0.5444685733195637,-0.8387807351674154,6,6,instant_velocity,dbscan_kmeans_fallback,False
2090,353,14.059069323,10.2862373676,0.02104651095999994,-0.013627474569999975,0.015515487881999981,-0.019364856149999988,0.01654482740352436,-0.018208132576542083,0.8394034485118598,-0.5435080983401955,6,6,instant_velocity,dbscan_kmeans_fallback,False
2090,376,14.1342053671,8.66287341,-0.0005051162700000944,-0.0003579896990000719,-0.0004924883560000026,-0.00035321650360000236,-0.0004955374901046089,-0.0003526584831966827,-0.8158596590734906,-0.5782220275303458,-1,-1,instant_velocity,dbscan_kmeans_fallback,False
2090,421,0.274446502952,5.28297332646,-0.0202888365679,0.008520154849999972,-0.01757804595596,0.008095340406399991,-0.017921446834578775,0.007270078692288705,-0.9220004491822101,0.3871876325935162,0,0,instant_velocity,dbscan_kmeans_fallback,False
2090,425,1.65614994764,6.70992026894,-0.030580580429000005,0.0018615464370000724,-0.0302059525336,-0.0012935361145999913,-0.03109962416447091,-0.0004714313851554647,-0.9981520171471727,0.060760989655470554,0,0,instant_velocity,dbscan_kmeans_fallback,False
2090,426,0.613716259668,6.51803778997,-0.027697208426699992,0.006921134191,-0.026905859614439996,0.008314907421999997,-0.027906341502799952,0.0075824215414762915,-0.9701682640369546,0.24243110135158508,0,0,instant_velocity,dbscan_kmeans_fallback,False
2090,427,11.6984926534,12.5434817533,0.0033884882600000664,0.03386582558000004,0.00502590681800001,0.03141240283799998,0.003914369120296903,0.02850069459391044,0.09955912777884292,0.9950313524932105,7,7,instant_velocity,dbscan_kmeans_fallback,False
2090,428,11.7018600952,11.5427812131,0.0,0.031526959540000024,-0.00199520923799998,0.019598742752000006,-0.001167784286681235,0.020828377346217085,0.0,0.9999996828112518,7,7,instant_velocity,dbscan_kmeans_fallback,False
2090,429,12.2223403113,11.7800090541,-0.00397779056999994,0.02902103165000014,0.00037883719799999935,0.018181103544000016,-0.0004978531959808693,0.018034826566055304,-0.1357960742436581,0.9907364651857553,7,7,instant_velocity,dbscan_kmeans_fallback,False
2100,64,3.52318593513,6.77316511587,-0.02578197592900002,0.0011932989990000031,-0.029717673479200003,-0.0015512886979999862,-0.028341533898963336,-0.0014479646119718637,-0.998930215682106,0.04623471954698036,0,0,instant_velocity,dbscan_kmeans_fallback,False
2100,65,3.39901152045,7.29105688125,-0.026623836367999986,-0.0006921134189999733,-0.028496975843399993,-0.0024868351129999945,-0.02824519257223574,-0.002427059730138409,-0.999661899642077,-0.025987217080288155,0,0,instant_velocity,dbscan_kmeans_fallback,False
2100,66,3.49793012198,6.30539190843,-0.02670802241099999,0.0004773195989999479,-0.028715859557199998,-0.0005059587754000105,-0.02783441152392175,-0.0007721099581372405,-0.999839963888082,0.017868908572977082,0,0,instant_velocity,dbscan_kmeans_fallback,False
2100,70,3.21064524734,8.14760690242,-0.026771161943999998,-0.0007398453789999593,-0.029082068847999992,0.0036133093677999995,-0.02923781493282769,0.0012944713134704984,-0.9996179736325314,-0.02762535074511712,0,0,instant_velocity,dbscan_kmeans_fallback,False
2100,71,3.39648593914,8.79676155764,-0.02843383630999998,0.003866288755999925,-0.031759185042399996,0.00844855690980001,-0.03127552565771047,0.006008192552786184,-0.9908813145315916,0.13473501229788573,0,0,instant_velocity,dbscan_kmeans_fallback,False
2100,72,6.94240210611,1.02623713877,-0.0022519766729999446,0.0119329899859,-0.0010817906633999997,0.004911618678139999,-0.0012928985504764702,0.006191766525843715,-0.18544501001485286,0.9826538054208429,1,1,instant_velocity,dbscan_kmeans_fallback,False
2100,103,6.35036375273,0.640085582831,0.000505116263000005,0.0003818556794999983,0.000505116263000005,0.00038185567953999964,0.0005074732974049853,0.0003772613493495184,0.7976934514019182,0.6030369584789538,1,1,instant_velocity,dbscan_kmeans_fallback,False
2100,104,2.00552202962,6.82256769441,-0.03257999897000001,-0.015393557080999987,-0.031898092014800004,-0.009756412612199998,-0.031749027167909824,-0.010354891094313468,-0.904156675841362,-0.4272003634053891,-1,-1,instant_velocity,dbscan_kmeans_fallback,False
2100,106,2.78108595859,5.10731971387,-0.023908836454000014,0.0,-0.0314056036584,-0.00034367011160000514,-0.029933250542919725,-0.0002996125036794776,-0.999999581744773,0.0,0,0,instant_velocity,dbscan_kmeans_fallback,False
2100,107,2.76509061026,5.7493145751,-0.025066394555999995,0.0011217010589999355,-0.031632905976800005,-0.0012123917824000152,-0.03040719088491813,-0.0005265864987005545,-0.9989998577191169,0.044704442668883626,0,0,instant_velocity,dbscan_kmeans_fallback,False
2100,108,4.18362544914,7.97911308382,-0.031169882734999987,0.0052982475539999465,-0.0329504175628,0.007909185762599993,-0.0322764498303624,0.006590914920318156,-0.985858840060993,0.16757599739306117,0,0,instant_velocity,dbscan_kmeans_fallback,False
2100,109,4.44586497573,8.4115646409,-0.027128952630999948,0.008162165150000077,-0.03246634781079999,0.005379391885599993,-0.030973527143483497,0.005349823036210196,-0.9575975423269767,0.28810803697506693,0,0,instant_velocity,dbscan_kmeans_fallback,False
2100,110,7.82930207807,9.990299216,0.042093021924999974,0.014319587982000037,0.039807370834599995,0.01762263961080002,0.03836154884451219,0.017037822585712997,0.9467179521966542,0.32206314468877145,-1,-1,instant_velocity,dbscan_kmeans_fallback,False
2100,111,4.78997542997,6.62877593704,-0.04276651027599998,-0.005966494992999926,-0.04336423118719999,-0.006467680572199992,-0.04331077425989141,-0.005573022917635303,-0.9904075978988581,-0.1381749863562944,0,0,instant_velocity,dbscan_kmeans_fallback,False
2100,112,4.71020915342,5.86148468096,-0.043503138159999996,-0.0031741753359999514,-0.04271599864959999,-0.007465278535,-0.043399714078653326,-0.005585904686411348,-0.9973484595448597,-0.07277081644182791,0,0,instant_velocity,dbscan_kmeans_fallback,False
2100,113,7.72912068589,9.06501517252,-0.03287465012299995,0.007446185751000023,-0.04278755678680001,0.005097773322000023,-0.04157542662467483,0.004209082038072166,-0.9752946763759168,0.2209065433422116,-1,-1,instant_velocity,dbscan_kmeans_fallback,False
2100,114,11.3750077799,5.97317746723,-0.03800999879999996,0.0013364948790000498,-0.03764378950799998,0.0026873093448000064,-0.03560776068568958,0.0023835659112229233,-0.9993821384753718,0.035139940868307906,2,2,instant_velocity,dbscan_kmeans_fallback,False
2100,115,11.4762414977,6.89846151072,-0.03735755694999998,-0.0011932989980000031,-0.03702923138599999,0.0048877526981999965,-0.03533810335548458,0.0025883354792130687,-0.9994899565326086,-0.031926348000693584,2,2,instant_velocity,dbscan_kmeans_fallback,False
2100,116,11.6717635845,6.40634500371,-0.03611581280999996,0.0012887629190000637,-0.03618737095,0.002534567072999998,-0.034534027473091554,0.0025038341148494333,-0.9993636507551028,0.03566146558753603,2,2,instant_velocity,dbscan_kmeans_fallback,False
2100,117,11.4594042889,5.27271095507,-0.04447127765999994,0.0037946908160000348,-0.04599083575599998,0.004462938254599997,-0.04181309748637006,0.003921653702515863,-0.9963790156401549,0.08502005111730032,2,2,instant_velocity,dbscan_kmeans_fallback,False
2100,118,13.0431542388,7.87362545235,-0.024876975960000002,0.030381392504000005,-0.03589271979599999,0.023345701608,-0.026958686357295904,0.021272372998599777,-0.6335346392825831,0.7737139985130338,3,3,instant_velocity,dbscan_kmeans_fallback,False
2100,119,13.3013949283,8.98959867581,-0.021046510969999942,0.03183721728200002,-0.03224746409799998,0.03114510386260001,-0.024042028878662983,0.026080566304456612,-0.551461510567478,0.8342000229692607,3,3,instant_velocity,dbscan_kmeans_fallback,False
2100,232,7.48161371697,8.18674710957,0.02683430147700001,-0.0135081446640001,0.019985766809999993,-0.012539185876999995,0.020111130965526712,-0.012135611009664605,0.893212074120024,-0.44963487956585946,4,4,instant_velocity,dbscan_kmeans_fallback,False
2100,233,7.64304045605,7.62876049784,0.04371360326899998,-0.010095309527999951,0.026505975906199984,-0.014921010678000002,0.027417535470649006,-0.012580369977292873,0.974354069746402,-0.2250193346777246,4,4,instant_velocity,dbscan_kmeans_fallback,False
2100,236,0.79829416081,8.19152030556,-0.03279046407999999,-0.00334123719600008,-0.030256464159800003,-0.0022052165494000063,-0.03160060691251424,-0.0026996233131434365,-0.9948483186370667,-0.10137167313334064,0,0,instant_velocity,dbscan_kmeans_fallback,False
2100,237,1.51324413821,8.73113011272,-0.014585232097,-0.003269639256000012,-0.019097604047400005,-0.00497844342199997,-0.019655322019980184,-0.004765241456835981,-0.9757812775928021,-0.2187454234028615,0,0,instant_velocity,dbscan_kmeans_fallback,False
2100,238,7.44751836921,8.79342032044,0.025887208484000012,-0.015489021002000137,0.0119249531114,-0.0019235979858000006,0.013085705772626327,-0.0034949509511180655,0.8581252878243205,-0.5134397018385873,4,4,instant_velocity,dbscan_kmeans_fallback,False
2100,242,9.50565667624,3.50376451959,0.057183370285999936,0.0017660825179999673,0.05743592841679998,0.0028686907923999973,0.05661145538131859,0.0012938241201586325,0.9995232385713174,0.030869822977322724,-1,-1,instant_velocity,dbscan_kmeans_fallback,False
2100,243,2.81391851569,7.64952390042,0.021025464451,0.0036276289559999952,0.023252185311400005,0.0044724846468000125,0.022706088853828802,0.004452883636362228,0.9854396445712199,0.17002285002398024,5,5,instant_velocity,dbscan_kmeans_fallback,False
2100,244,1.75106971208,7.84236101858,0.017889534318,-0.010739690988000029,0.0123290461218,-0.0052743815738000065,0.013977801108141003,-0.005690018235395921,0.8573662530328133,-0.5147058865499451,5,5,instant_velocity,dbscan_kmeans_fallback,False
2100,245,1.85903831332,7.4144439977,0.016584650637999986,-0.005775567152999983,0.014437906520199996,-0.0037612784433999915,0.015610476790399543,-0.0035125030826381894,0.9443726357995373,-0.3288756389609169,5,5,instant_velocity,dbscan_kmeans_fallback,False
2100,321,10.1602031672,11.5735683273,-0.007892441609999957,-0.011193144609999983,-0.011285139177999995,-0.010954484805999982,-0.009629240659922017,-0.01038054585821338,-0.5762635200334122,-0.8172630514021175,-1,-1,instant_velocity,dbscan_kmeans_fallback,False
2100,350,14.4955739603,9.47551002802,0.018878720330000043,-0.014057062202999937,0.013520278642,-0.010076216743999993,0.014270032224176023,-0.012806606037848306,0.8020745037716748,-0.5972232754061204,6,6,instant_velocity,dbscan_kmeans_fallback,False
2100,351,14.8291611591,9.89388065692,0.01858406917999993,-0.021765773737999972,0.015384999513999987,-0.019159608721599993,0.01468779552390426,-0.01819989228575395,0.6493335094985011,-0.7605033166501527,6,6,instant_velocity,dbscan_kmeans_fallback,False
2100,352,13.7936728197,9.59006673189,0.012817325169999982,-0.019713299456000043,0.01479569720599997,-0.021889876830200022,0.014030510065497891,-0.020773747035856053,0.5450981500884174,-0.8383717291308015,6,6,instant_velocity,dbscan_kmeans_fallback,False
2100,353,14.2493297821,10.1449507662,0.0190260459100001,-0.014128660140000093,0.015713325084000012,-0.016281371536000008,0.017289192955467082,-0.016984290845579487,0.8028439697160243,-0.5961884906208647,6,6,instant_velocity,dbscan_kmeans_fallback,False
2100,376,14.1293646696,8.6595321728,-0.00048406975000006016,-0.0003341237199999014,-0.0004924883560000026,-0.000348443307599986,-0.0004920971680732443,-0.00034709805423764834,-0.8229742483499918,-0.5680487519056661,-1,-1,instant_velocity,dbscan_kmeans_fallback,False
2100,425,1.34866042248,6.76505068268,-0.030748952515999982,0.005513041373999971,-0.030403789736600004,0.00030071134760000005,-0.03099442266992963,0.0013239104425911664,-0.9843042794824981,0.1764778886229897,0,0,instant_velocity,dbscan_kmeans_fallback,False
2100,426,0.336744175401,6.58701047209,-0.027697208426700003,0.006897268212000008,-0.02726365030098,0.007675299158800009,-0.027843601579969967,0.007376875542633406,-0.970364603799297,0.24164402537343715,0,0,instant_velocity,dbscan_kmeans_fallback,False
2100,427,11.724590327,12.8437157814,0.0026097673599998926,0.030023402810000023,0.004053558011999989,0.03187062965399999,0.0035229885922077996,0.028957507058737314,0.08659786240040736,0.9962430158267029,7,7,instant_velocity,dbscan_kmeans_fallback,False
2100,428,11.7018600952,11.8582894684,0.0,0.031550825530000104,-0.0011280929879999846,0.02478720679800002,-0.0008174490006768644,0.024045111801351993,0.0,0.9999996830511828,7,7,instant_velocity,dbscan_kmeans_fallback,False
2100,429,12.1825624056,12.0704580303,-0.00397779056999994,0.029044897619999864,-0.0011196743819999711,0.021603485069999984,-0.0015418344081865906,0.02133784788223867,-0.13568654684622747,0.990751471754847,7,7,instant_velocity,dbscan_kmeans_fallback,False
2110,64,3.26536617584,6.78509810585,-0.02578197592899998,0.0011932989980000031,-0.0285601153762,-0.0007446185751999934,-0.02757366650797433,-0.0006555855289803035,-0.9989302156838954,0.04623471950831796,0,0,instant_velocity,dbscan_kmeans_fallback,False
2110,65,3.13277315678,7.28413574705,-0.026623836367000032,-0.0006921134200000622,-0.027928720047199995,-0.0019474639658000116,-0.027758785710665028,-0.001906575837096905,-0.9996618996410762,-0.025987217118789145,0,0,instant_velocity,dbscan_kmeans_fallback,False
2110,66,3.24011036269,6.31135840342,-0.02578197592900002,0.0005966494990000016,-0.028736906068199994,0.0002147938195999899,-0.02721868084544523,-0.00036148212099606787,-0.9997319410644991,0.023135913376580674,0,0,instant_velocity,dbscan_kmeans_fallback,False
2110,70,2.94272316278,8.14044710843,-0.02679220845599999,-0.0007159793990000552,-0.028315975849199992,0.002167030981399982,-0.02850413298977938,0.0006913360997293323,-0.9996427476109213,-0.026713871490834432,0,0,instant_velocity,dbscan_kmeans_fallback,False
2110,71,3.11193711092,8.83566310499,-0.028454882822000017,0.0038901547349999175,-0.03078683623600001,0.007107288835399999,-0.030429332806997333,0.005372781207450304,-0.9907834141097838,0.13545305436220562,0,0,instant_velocity,dbscan_kmeans_fallback,False
2110,72,6.92977419953,1.18613920458,-0.001262790658000057,0.015990206581000012,-0.001275418564400006,0.008061928034400001,-0.0012838661827335462,0.009131298542390604,-0.07872758679726395,0.9968955412654018,-1,-1,instant_velocity,dbscan_kmeans_fallback,False
2110,103,6.35562538047,0.643904139627,0.0005261627740000385,0.00038185567959999613,0.0005093255652000117,0.00038185567953999964,0.0005130801403835012,0.00037863964842466173,0.8093145299723411,0.5873493244368465,-1,-1,instant_velocity,dbscan_kmeans_fallback,False
2110,104,1.65888599407,6.68605428897,-0.03466360355499998,-0.013651340543999968,-0.032588417574399994,-0.011665691009999986,-0.03262340008403687,-0.011343825929219419,-0.9304449216538708,-0.3664310452540995,-1,-1,instant_velocity,dbscan_kmeans_fallback,False
2110,106,2.54178712895,5.10731971387,-0.023929882964000004,0.0,-0.028825301414200002,-0.00022434021160000484,-0.028132240269243807,-0.00020972875257563433,-0.9999995821126314,0.0,0,0,instant_velocity,dbscan_kmeans_fallback,False
2110,107,2.51463712981,5.76077024548,-0.025045348045000006,0.001145567038000017,-0.029507208369399997,-0.0004534536196000083,-0.02879863803294269,-2.494043769038295e-05,-0.9989551793816375,0.04569192346150915,0,0,instant_velocity,dbscan_kmeans_fallback,False
2110,108,3.87171615667,8.03233421916,-0.03119092924700002,0.00532211353399994,-0.032563161761200006,0.007656206374799979,-0.031950793655353686,0.006210274504422691,-0.985752713957574,0.16819915234283603,0,0,instant_velocity,dbscan_kmeans_fallback,False
2110,109,4.17436498431,8.4931862924,-0.027149999141999982,0.008162165150000077,-0.03102676646099999,0.0061287836566000205,-0.02982646874303844,0.006193525670347161,-0.9576591421693657,0.2879032163099348,0,0,instant_velocity,dbscan_kmeans_fallback,False
2110,110,8.23318462344,10.1635662306,0.04038825453700001,0.017326701460000038,0.040670277784,0.01648661896420002,0.03896956055225854,0.01712448624799911,0.9190010004897112,0.3942546207917737,-1,-1,instant_velocity,dbscan_kmeans_fallback,False
2110,111,4.36252079232,6.56911098711,-0.04274546376500003,-0.005966494993000016,-0.04310746375340001,-0.00677316511599999,-0.043141181111423996,-0.005691064540244717,-0.9903982853396589,-0.13824171947324457,0,0,instant_velocity,dbscan_kmeans_fallback,False
2110,112,4.27517777182,5.8297429276,-0.043503138159999996,-0.0031741753360000403,-0.0428801614352,-0.006186062008600004,-0.043430741303057324,-0.004862385881287955,-0.9973484595448596,-0.07277081644182994,0,0,instant_velocity,dbscan_kmeans_fallback,False
2110,113,7.37343465062,9.11441775106,-0.035568603526999976,0.004940257853999874,-0.0391423010882,0.005732608389199995,-0.039773379695372375,0.004428434782850479,-0.9904913369821274,0.1375730875441967,-1,-1,instant_velocity,dbscan_kmeans_fallback,False
2110,114,10.9951182571,5.98630375621,-0.0379889522800001,0.001312628897999968,-0.037774277874000006,0.0021813505693999958,-0.03632211816398274,0.0020622848072560365,-0.9994033192363486,0.03453229422906093,1,1,instant_velocity,dbscan_kmeans_fallback,False
2110,115,11.1026659281,6.88652852073,-0.03735755695999998,-0.0011932989990000031,-0.037134463941999984,0.002925969144399989,-0.0359439394368392,0.001453845135749147,-0.9994899565320278,-0.03192634801888356,1,1,instant_velocity,dbscan_kmeans_fallback,False
2110,116,11.3110263866,6.41756201429,-0.03607371979000007,0.0011217010579999353,-0.03627997559800001,0.0020286082973999873,-0.03499593516816411,0.002089194197794584,-0.999516633539002,0.031079657763489824,1,1,instant_velocity,dbscan_kmeans_fallback,False
2110,117,11.0144810471,5.31065786322,-0.04449232417999997,0.0037946908150000348,-0.045199486944,0.004109721751000012,-0.04261686549445903,0.0038835648362611145,-0.9963824218845018,0.08498012397051205,1,1,instant_velocity,dbscan_kmeans_fallback,False
2110,118,12.7943844792,8.17743937738,-0.024876975960000002,0.030381392503000093,-0.03244951060200002,0.02554137176540001,-0.026334173238107134,0.02400507884991987,-0.6335346392950653,0.7737139985028133,2,2,instant_velocity,dbscan_kmeans_fallback,False
2110,119,13.0909298187,9.30773218882,-0.02104651096000012,0.03181335130099985,-0.028854766530000013,0.03135035129019999,-0.023143373503064123,0.027800401803419583,-0.5517493012195829,0.8340097027550106,2,2,instant_velocity,dbscan_kmeans_fallback,False
2110,232,7.75016719685,8.05524555993,0.026855347987999954,-0.013150154963999938,0.024514975969199996,-0.014119113751000008,0.022134396072268685,-0.012439974195965205,0.8981084403338425,-0.4397733058660651,3,3,instant_velocity,dbscan_kmeans_fallback,False
2110,233,8.08017648874,7.52780740256,0.04371360326899998,-0.01009530952800004,0.03399853380879998,-0.0160665777168,0.0323063558101543,-0.011834851842505023,0.9743540697464016,-0.22501933467772647,3,3,instant_velocity,dbscan_kmeans_fallback,False
2110,236,0.470389520013,8.1583465934,-0.0327904640797,-0.003317371215999998,-0.031359301334140006,-0.0026920825408000225,-0.03195756406266997,-0.0028849476840004046,-0.9949210892472761,-0.10065495186765513,0,0,instant_velocity,dbscan_kmeans_fallback,False
2110,237,1.37075925899,8.70034299855,-0.014248487921999998,-0.003078711417000157,-0.016593069242800004,-0.004295876395000029,-0.018033271790586128,-0.004259282444885234,-0.9774424311004245,-0.21119877341109958,0,0,instant_velocity,dbscan_kmeans_fallback,False
2110,238,7.72512184881,8.61991464605,0.027760347959999977,-0.017350567438999855,0.016302627391599992,-0.005727835193199979,0.017488098428838424,-0.0076516358974826025,0.847993240292972,-0.5300064655068262,3,3,instant_velocity,dbscan_kmeans_fallback,False
2110,242,10.0804368906,3.4944567874,0.057478021436000046,-0.0009307732189999917,0.05728439353739999,0.0023627320169999954,0.05687142519772303,0.000626444918411045,0.9998687363151838,-0.016191424461501132,-1,-1,instant_velocity,dbscan_kmeans_fallback,False
2110,243,2.97850223142,7.67028730299,0.016458371572999963,0.002076340257000009,0.022982789970999996,0.0043340619628,0.02083177366958015,0.0037399206225535624,0.9921353437484309,0.12516490744423747,4,4,instant_velocity,dbscan_kmeans_fallback,False
2110,244,1.92175691599,7.76240998568,0.017068720391000002,-0.007995103290000038,0.013726534449800001,-0.006458134180200013,0.014905076892998703,-0.006381543751777156,0.9055778889922608,-0.424178766408929,4,4,instant_velocity,dbscan_kmeans_fallback,False
2110,245,2.02488481971,7.35644966637,0.01658465063900001,-0.005799433133000065,0.0152039995194,-0.004486804234600008,0.015902728944979683,-0.004198582097746752,0.9439499706694473,-0.33008682877657025,4,4,instant_velocity,dbscan_kmeans_fallback,False
2110,321,10.0242427064,11.5034023462,-0.01359604607999998,-0.007016598110000061,-0.010729511287999998,-0.010233732212,-0.010819282285945406,-0.009371361533749383,-0.8886391482802055,-0.4586056660595669,-1,-1,instant_velocity,dbscan_kmeans_fallback,False
2110,350,14.6845716288,9.33470074619,0.018899766850000076,-0.01408092818300002,0.015456557651999993,-0.011236103370600006,0.015658952611923238,-0.01318890268139382,0.8019079182705491,-0.5974469365767127,5,5,instant_velocity,dbscan_kmeans_fallback,False
2110,351,15.0147913858,9.67622291958,0.018563022670000075,-0.02176577373399997,0.01690034830400002,-0.0203958664844,0.015850363667733007,-0.019269656720227755,0.6489078907562792,-0.7608665127169338,5,5,instant_velocity,dbscan_kmeans_fallback,False
2110,352,14.0032960689,9.44639353246,0.020962324919999987,-0.014367319942999935,0.015890115775999972,-0.020138113898800006,0.01611005452184852,-0.018851818907999217,0.8248541453084994,-0.5653448964837903,5,5,instant_velocity,dbscan_kmeans_fallback,False
2110,353,14.3924460566,9.9922084944,0.014311627450000053,-0.015274227179999933,0.015768046012000027,-0.014792134385999987,0.016395923303826974,-0.01647127174590562,0.6837383630529011,-0.7297265894768136,5,5,instant_velocity,dbscan_kmeans_fallback,False
2110,376,14.124313507,8.65595227581,-0.0005051162599999159,-0.0003579896990000719,-0.0004966976580000093,-0.000348443307599986,-0.0004960028956512458,-0.0003503655476663754,-0.8158596536728021,-0.5782220351502404,-1,-1,instant_velocity,dbscan_kmeans_fallback,False
2110,425,1.04096043221,6.82018109641,-0.030769999027000016,0.005513041372999972,-0.0305805804286,0.0018710928297999984,-0.030927095577050746,0.002580649721713808,-0.984325241478768,0.1763609344283335,0,0,instant_velocity,dbscan_kmeans_fallback,False
2110,427,11.7498461402,13.139653933,0.0025255813200001143,0.02959381515999997,0.0030643719960000127,0.032247712136,0.0032237664105454937,0.029148399489116107,0.08503240517899922,0.9963778483590516,6,6,instant_velocity,dbscan_kmeans_fallback,False
2110,428,11.7018600952,12.1740363834,0.0,0.03157469150000001,-0.00026097673599998926,0.029980444040000016,-0.000572214300473805,0.026303985710946397,0.0,0.999999683290751,6,6,instant_velocity,dbscan_kmeans_fallback,False
2110,429,12.1427844998,12.3606683468,-0.0039777905800001175,0.02902103165000014,-0.00224355807000002,0.024419670708000007,-0.0022726212597306487,0.02364280301256711,-0.13579607457875442,0.9907364651398252,6,6,instant_velocity,dbscan_kmeans_fallback,False
2120,64,3.00754641655,6.79703109584,-0.02578197592900002,0.0011932989990000031,-0.027402557273200002,6.205154800001722e-05,-0.027036159334282037,-0.0001009201705862115,-0.998930215682106,0.04623471954698036,0,0,instant_velocity,dbscan_kmeans_fallback,False
2120,65,2.87832083924,7.27339605607,-0.025445231753999976,-0.0010739690979999494,-0.0271247433286,-0.0014796907581999896,-0.02706471952366551,-0.0016567938153678183,-0.9991100769288521,-0.04216952545355624,0,0,instant_velocity,dbscan_kmeans_fallback,False
2120,66,2.98229060339,6.31732489842,-0.02578197592999998,0.0005966495000000016,-0.02781506888819999,0.0003341237195999902,-0.026787669370811656,-7.404263469724701e-05,-0.9997319410636231,0.02313591341443946,0,0,instant_velocity,dbscan_kmeans_fallback,False
2120,70,2.68090456641,8.13400329383,-0.026181859636999993,-0.0006443814599998987,-0.027432022388599996,0.0007398453789999948,-0.02780745098394557,0.0002906208318105629,-0.9996968866221775,-0.02460429275423176,0,0,instant_velocity,dbscan_kmeans_fallback,False
2120,71,2.82759874782,8.87432599254,-0.02843383630999998,0.0038662887550000137,-0.0298102781274,0.005756474368999989,-0.029830683857898124,0.004920833471715217,-0.9908813145362437,0.13473501226367274,0,0,instant_velocity,dbscan_kmeans_fallback,False
2120,72,6.95734512889,1.50761395479,0.0027570929360000384,0.032147475020999995,-0.0006608604442000043,0.01444846427466,-7.157844711347058e-05,0.01603615148597342,0.08545019021725293,0.9963421325703177,1,1,instant_velocity,dbscan_kmeans_fallback,False
2120,103,6.37709282165,0.914783012302,0.0021467441179999548,0.0270878872675,0.0008376511362000016,0.00572306199714,0.0010031793336684374,0.008391413934147263,0.07900333228997887,0.9968739827369754,1,1,instant_velocity,dbscan_kmeans_fallback,False
2120,104,1.28110112229,6.5760321213,-0.03777848717800001,-0.011002216767000039,-0.0339017198584,-0.013040371456400007,-0.03416992621222581,-0.011241343180553604,-0.9601124546580193,-0.27961324383035413,0,0,instant_velocity,dbscan_kmeans_fallback,False
2120,106,2.30269876441,5.10731971387,-0.023908836453999972,0.0,-0.0262407898682,-0.00010501031180000453,-0.026865219124670655,-0.00014681012680294403,-0.999999581744773,0.0,0,0,instant_velocity,dbscan_kmeans_fallback,False
2120,107,2.26397318424,5.77222591587,-0.025066394556999994,0.0011455670390000173,-0.0273899293668,0.00030548454359999864,-0.02767896499015988,0.00032621180531673715,-0.9989569300933764,0.04565363917388914,0,0,instant_velocity,dbscan_kmeans_fallback,False
2120,108,3.62904988527,8.09056721029,-0.024266627139999962,0.005823299113000146,-0.0306268827528,0.006820897075800012,-0.029645543700747568,0.006094181886995928,-0.9723931991045626,0.23334666252398614,0,0,instant_velocity,dbscan_kmeans_fallback,False
2120,109,3.90307545801,8.5748079439,-0.027128952630000036,0.0081621651499999,-0.029587185111000006,0.0068829486235999935,-0.02901721390912692,0.0067841175142429825,-0.9575975423240486,0.28810803698479875,0,0,instant_velocity,dbscan_kmeans_fallback,False
2120,110,8.62570205289,10.3571193282,0.03925174294500007,0.019355309759999884,0.041183812651400004,0.015928155033600008,0.039054215270081,0.017793733301599342,0.8968862021494126,0.4422608770875747,-1,-1,instant_velocity,dbscan_kmeans_fallback,False
2120,111,3.95021964256,6.51684449098,-0.041230114975999974,-0.005226649613000056,-0.0426696963256,-0.0063244846923999985,-0.042567861270796786,-0.005551740062071319,-0.9920602916350809,-0.1257612680043578,0,0,instant_velocity,dbscan_kmeans_fallback,False
2120,112,3.8963405745,5.77866973046,-0.03788371973200002,-0.005107319714000002,-0.04203830099659999,-0.00520278363380001,-0.04176663483174013,-0.00493586603110157,-0.991034136731527,-0.1336069483034549,0,0,instant_velocity,dbscan_kmeans_fallback,False
2120,113,7.01795908046,9.1638203296,-0.03554755701600003,0.004940257854000052,-0.03549704538959999,0.006367443456400004,-0.03850563289156067,0.004581981704195351,-0.9904802346106417,0.13765299697148203,-1,-1,instant_velocity,dbscan_kmeans_fallback,False
2120,114,10.5986019905,5.96721097224,-0.039651626659999904,-0.0019092783969999693,-0.038237301118,0.0010310103347999978,-0.037320970712787886,0.0008708158459792345,-0.9988424852860148,-0.04809559001235568,2,2,instant_velocity,dbscan_kmeans_fallback,False
2120,115,10.7290903585,6.87459553075,-0.03735755695999998,-0.0011932989980000031,-0.03723969649599997,0.0009641855909999997,-0.03636802469378743,0.0006597018956244018,-0.9994899565328814,-0.03192634799215614,2,2,instant_velocity,dbscan_kmeans_fallback,False
2120,116,10.9502891887,6.42901768468,-0.03607371979000007,0.0011455670390000173,-0.03621262676200001,0.001742216537800001,-0.0353192705547149,0.001806106050156214,-0.9994958735564458,0.031740267846738494,2,2,instant_velocity,dbscan_kmeans_fallback,False
2120,117,10.5743985029,5.30850992503,-0.044008254420000094,-0.00021479381900002537,-0.044391300922000027,0.002992793888400005,-0.04303428217212135,0.0026540572396827724,-0.9999878620689678,-0.004880702829009498,2,2,instant_velocity,dbscan_kmeans_fallback,False
2120,118,12.6028612295,8.52803062316,-0.019152324969999947,0.03505912457799987,-0.027861371211999993,0.028677361533599992,-0.024179618757674978,0.02732129256834387,-0.479414582713071,0.8775882617998114,3,3,instant_velocity,dbscan_kmeans_fallback,False
2120,119,12.8842530811,9.61727394905,-0.020667673759999873,0.030954176023000102,-0.02538209221999999,0.03137899046619999,-0.022400663580144847,0.028746534069293738,-0.5552868746684831,0.8316585534176696,3,3,instant_velocity,dbscan_kmeans_fallback,False
2120,232,8.01872067673,7.92350535049,0.026855347988000045,-0.01317402094400002,0.026792208455199997,-0.014577340566399997,0.023550681646988092,-0.01266018822037565,0.8977930849994015,-0.4404167434525699,4,4,instant_velocity,dbscan_kmeans_fallback,False
2120,233,8.45185787234,7.50131616479,0.03716813836000003,-0.0026491237769999286,0.0365746267506,-0.01219074256939999,0.03376489057510802,-0.009079133422853495,0.9974693737392923,-0.07109368269156392,4,4,instant_velocity,dbscan_kmeans_fallback,False
2120,236,0.142484879216,8.12493422144,-0.0327904640797,-0.003341237195999902,-0.03246213850868,-0.0031837217281999843,-0.03220743406777898,-0.003021834537600254,-0.9948483186369736,-0.10137167313425319,0,0,instant_velocity,dbscan_kmeans_fallback,False
2120,237,1.22806391466,8.66955588439,-0.014269534432999987,-0.003078711415999891,-0.015587046019000001,-0.003856742363399981,-0.016904150583310285,-0.0039051111362196312,-0.9775066959936196,-0.21090113614443906,0,0,instant_velocity,dbscan_kmeans_fallback,False
2120,238,8.04923811763,8.52993990156,0.0324116268820001,-0.00899747444900001,0.020924441199000013,-0.0078041754505999705,0.021965156964786927,-0.008055387462937824,0.9635617325081868,-0.2674849398902372,4,4,instant_velocity,dbscan_kmeans_fallback,False
2120,242,10.655217105,3.48538771502,0.05747802144000005,-0.0009069072379999987,0.05718757958720001,0.0017517629299999983,0.05705340407040614,0.00016643927148773181,0.9998753714391109,-0.015776364403960005,-1,-1,instant_velocity,dbscan_kmeans_fallback,False
2120,243,3.16476385344,7.68031101458,0.01862616220200004,0.0010023711589999707,0.02234297603780001,0.0037278660716000014,0.020170090229306117,0.0029186557834874846,0.9985545629637973,0.05373744111898981,5,5,instant_velocity,dbscan_kmeans_fallback,False
2120,244,2.05982202791,7.79224246064,0.013806511192000003,0.0029832474960000076,0.014454743729200002,-0.005388938277600008,0.014575507182699093,-0.0035721063774440064,0.977441894443816,0.21120115310337245,5,5,instant_velocity,dbscan_kmeans_fallback,False
2120,245,2.1821022566,7.38532750213,0.01572174368899999,0.002887783576000036,0.0157975111286,-0.003474886683800005,0.015848433368185776,-0.002072672395622715,0.98354525741334,0.18065844964755504,5,5,instant_velocity,dbscan_kmeans_fallback,False
2120,321,9.87376015297,11.4437373963,-0.015048255343000073,-0.005966494990000015,-0.010464325250599983,-0.009307732188000024,-0.012087974203061805,-0.008349901570624572,-0.9295967306284347,-0.36857656316916226,-1,-1,instant_velocity,dbscan_kmeans_fallback,False
2120,350,14.8733588321,9.19389146436,0.018878720329999866,-0.01408092818300002,0.017363371543999976,-0.012811258048600003,0.016624882927346228,-0.01345651033187568,0.801588827414616,-0.5978749890788008,6,6,instant_velocity,dbscan_kmeans_fallback,False
2120,352,14.2217588527,9.30868682802,0.02184627838000015,-0.013770670443999933,0.016891929698000005,-0.01811905199359998,0.01783092167929401,-0.01732747436879943,0.8459599205109347,-0.533245757998456,6,6,instant_velocity,dbscan_kmeans_fallback,False
2120,353,14.5355623312,9.83946622259,0.014311627459999875,-0.015274227181000022,0.016626743659999974,-0.014663258094200025,0.015770634550678845,-0.01611215837643394,0.6837383632834603,-0.7297265892607847,6,6,instant_velocity,dbscan_kmeans_fallback,False
2120,376,14.1194728094,8.65237237881,-0.000484069760000061,-0.0003579896999999832,-0.0004924883580000028,-0.00035321650360000236,-0.0004924229549558904,-0.0003526527933664577,-0.8040047609342426,-0.5945949260812562,-1,-1,instant_velocity,dbscan_kmeans_fallback,False
2120,425,0.76461974327,6.90514398511,-0.027634068893999986,0.00849628886999998,-0.0300291618414,0.003923567107399997,-0.02993918757213552,0.004355341466199659,-0.955841866708002,0.29388030567422113,0,0,instant_velocity,dbscan_kmeans_fallback,False
2120,427,11.7751019533,13.4355920847,0.0025255813099999357,0.02959381516999997,0.0028917906059999863,0.03139331005399999,0.0030143108803818265,0.029282024193381266,0.08503240481621777,0.996377848390012,7,7,instant_velocity,dbscan_kmeans_fallback,False
2120,428,11.6930205606,12.4904992778,-0.0008839534599999865,0.0316462894399999,-0.0001767906919999973,0.03156037191399999,-0.0006657360483316595,0.027906676829662448,-0.02792139496202373,0.9996098058564886,7,7,instant_velocity,dbscan_kmeans_fallback,False
2120,429,12.0781717112,12.6649595914,-0.006461278859999986,0.03042912445999999,-0.003704185930000001,0.027259722324,-0.0035292185398114505,0.025678699446796974,-0.20770766387974954,0.9781906171269563,7,7,instant_velocity,dbscan_kmeans_fallback,False
2130,64,2.75162084324,6.79512181744,-0.025592557330999986,-0.0001909278400000325,-0.026207115450599998,0.0005918763032000029,-0.026603078733297418,-0.0001279224714103578,-0.9999717824987485,-0.007460077163222999,0,0,instant_velocity,dbscan_kmeans_fallback,False
2130,65,2.65080805573,7.25406461229,-0.022751278351000038,-0.0019331443780000513,-0.025781975929200004,-0.0011837526066000058,-0.02577068717186587,-0.0017396989841574882,-0.9964091611868553,-0.08466349619653128,0,0,instant_velocity,dbscan_kmeans_fallback,False
2130,66,2.7244708441,6.32329139341,-0.02578197592900002,0.0005966494990000016,-0.02688902240580001,0.00045345361939999054,-0.026485961338268166,0.00012716500541192757,-0.9997319410644991,0.023135913376580674,0,0,instant_velocity,dbscan_kmeans_fallback,False
2130,70,2.42203248157,8.12779813904,-0.025887208484000012,-0.0006205154790000833,-0.026484929395199995,-0.0006873402232000103,-0.0272313782339619,1.7279938567369015e-05,-0.9997124580570059,-0.023963072540517553,0,0,instant_velocity,dbscan_kmeans_fallback,False
2130,71,2.55294177976,8.81370640342,-0.02746569680600004,-0.006061958911999987,-0.028635882815600002,0.002424783565199995,-0.0291211877423287,0.001625995756600655,-0.9764983709365306,-0.21552313214784427,0,0,instant_velocity,dbscan_kmeans_fallback,False
2130,72,6.98470559314,1.8293273648,0.002736046425000005,0.032171341000999984,-5.472092859999833e-05,0.02083500051492,0.0007707090145205722,0.02087670834048139,0.08474014953282386,0.9964027737929193,1,1,instant_velocity,dbscan_kmeans_fallback,False
2130,103,6.40045444882,1.21549435994,0.00233616271699999,0.030071134763800012,0.0012038604269999987,0.011660917813980003,0.0014030743486679032,0.01489533018304309,0.07745447150009332,0.996995557539421,1,1,instant_velocity,dbscan_kmeans_fallback,False
2130,104,0.903316250513,6.46577129384,-0.03777848717769999,-0.011026082746000032,-0.03508032447234,-0.013293350844000002,-0.03525249450186807,-0.011176765050187533,-0.9599494886813807,-0.2801722166479225,0,0,instant_velocity,dbscan_kmeans_fallback,False
2130,106,2.07981621332,5.11996868325,-0.02228825510900001,0.0012648969379999819,-0.023588929486800005,0.0002529793875999964,-0.025492129919969464,0.0002767019926379338,-0.9983930531650616,0.05666052859198449,0,0,instant_velocity,dbscan_kmeans_fallback,False
2130,107,2.02635807547,5.77986302946,-0.023761510877000003,0.0007637113590000411,-0.025007464325799998,0.0009880515708000103,-0.026503728756211917,0.00045746167142172837,-0.9994834674363654,0.03212408845401973,0,0,instant_velocity,dbscan_kmeans_fallback,False
2130,108,3.40343128775,8.15023216021,-0.022561859752,0.005966494992000015,-0.02834965026659999,0.006014226952600019,-0.027520438516123298,0.006055875818497154,-0.9667658622228656,0.2556617113479744,0,0,instant_velocity,dbscan_kmeans_fallback,False
2130,109,3.65346383799,8.63495021343,-0.024961162002000003,0.00601422695300009,-0.027709836333199993,0.007207525951200004,-0.027800398336988844,0.0065531503458701144,-0.972178410570132,0.2342399604436362,0,0,instant_velocity,dbscan_kmeans_fallback,False
2130,110,9.01821948234,10.5506724257,0.03925174294499989,0.01935530975000006,0.040615556855399984,0.016935299386999992,0.03911347357255667,0.018262206236119558,0.8968862022400448,0.44226087690377625,-1,-1,instant_velocity,dbscan_kmeans_fallback,False
2130,111,3.6755626745,6.52997077996,-0.027465696805999994,0.0013126288980000566,-0.03948325456579999,-0.004572721762600001,-0.03803721193135774,-0.0034924293740499057,-0.9988595720268074,0.0477370717570848,0,0,instant_velocity,dbscan_kmeans_fallback,False
2130,112,3.53160453952,5.72306199713,-0.036473603497999996,-0.005560773332999957,-0.0409144173112,-0.004314969178799988,-0.04017872543161809,-0.005123338221671086,-0.9885764358839496,-0.15071857329909963,0,0,instant_velocity,dbscan_kmeans_fallback,False
2130,113,6.56882653652,9.16334301,-0.04491325439400003,-4.773195999998592e-05,-0.035993743048199994,0.0052743815738000065,-0.04042791934229248,0.0031930676049367495,-0.9999992126211364,-0.0010627580446102348,-1,-1,instant_velocity,dbscan_kmeans_fallback,False
2130,114,10.1953508405,5.93403726008,-0.04032511500000009,-0.003317371215999998,-0.038792929005999996,-0.0002529793875999964,-0.03822221399895155,-0.00038564027261453525,-0.9966330153193218,-0.08198864846226962,2,2,instant_velocity,dbscan_kmeans_fallback,False
2130,115,10.4100252523,6.91994089269,-0.03190651062000001,0.004534536193999994,-0.036254719784,0.00014796907579999185,-0.0350295704716512,0.0018221521851370798,-0.9900511752911493,0.14070554256897766,2,2,instant_velocity,dbscan_kmeans_fallback,False
2130,116,10.5893415257,6.44047335507,-0.03609476629999993,0.0011455670390000173,-0.036153696531999985,0.0014558247783999967,-0.03555191927830041,0.0016079443468093551,-0.9994964606825137,0.03172177903684244,2,2,instant_velocity,dbscan_kmeans_fallback,False
2130,117,10.1364206098,5.28917848125,-0.04379778930999993,-0.0019331443780000513,-0.04425239394999998,0.0018472268497999877,-0.043263334313484926,0.001277896754377925,-0.9990271140038913,-0.044095002951788066,2,2,instant_velocity,dbscan_kmeans_fallback,False
2130,118,12.4683740244,8.92587650928,-0.0134487205100001,0.03978458861200007,-0.022132510928,0.032753670912599994,-0.020960349283372513,0.031060281381440732,-0.320236459732466,0.9473373916534304,-1,-1,instant_velocity,dbscan_kmeans_fallback,False
2130,119,12.7106193656,9.84996725377,-0.017363371550000117,0.02326933047199997,-0.02125276677000002,0.02987543372800001,-0.020889475971101426,0.027103372990105606,-0.598044375859648,0.8014625603515936,-1,-1,instant_velocity,dbscan_kmeans_fallback,False
2130,232,8.30705787692,7.92350535049,0.028833720018999996,0.0,0.027217347976799998,-0.011274288938400013,0.025135593158591665,-0.008862131754262955,0.9999996531839621,0.0,3,3,instant_velocity,dbscan_kmeans_fallback,False
2130,233,8.81596251199,7.48293936022,0.03641046396499999,-0.0018376804570000792,0.038999184813599985,-0.00815261875820001,0.03455856259207561,-0.00690669753309747,0.9987284823446507,-0.050407042756125287,3,3,instant_velocity,dbscan_kmeans_fallback,False
2130,237,1.12998717358,8.67647701858,-0.009807674108000009,0.0006921134189999733,-0.0140632786252,-0.0027350413047999922,-0.014775207640717202,-0.0025259437696537497,-0.9975182861855554,0.07039342702096214,0,0,instant_velocity,dbscan_kmeans_fallback,False
2130,238,8.39376950209,8.47576412702,0.034453138445999974,-0.005417577454000089,0.025958766621400002,-0.009169309504999994,0.02571155140915084,-0.007264044460256504,0.9878613909014577,-0.15533608374787275,3,3,instant_velocity,dbscan_kmeans_fallback,False
2130,242,11.1483368569,3.48443307582,0.04931197519000001,-9.546391999997184e-05,0.055672230798800015,0.0008496288870000068,0.0547309754062843,8.786831404142071e-05,0.9999979233271192,-0.0019359135663257147,-1,-1,instant_velocity,dbscan_kmeans_fallback,False
2130,243,3.40153710177,7.665514107,0.023677324832999957,-0.0014796907580000075,0.021517952808199993,0.0022386289213999966,0.02122226061041427,0.0015991518210412368,0.9980525305246529,-0.06237229568086874,4,4,instant_velocity,dbscan_kmeans_fallback,False
2130,244,2.19809760493,7.82207493561,0.013827557701999994,0.0029832474970000076,0.0150061623164,-0.003785144423400002,0.014351122338489362,-0.0016055002151108017,0.9775082135705556,0.21089399836744288,4,4,instant_velocity,dbscan_kmeans_fallback,False
2130,245,2.33826736794,7.42375172989,0.015616511134,0.0038424227760000206,0.016214232045599998,-0.0021288454133999934,0.01577885669793004,-0.00029814384413589384,0.9710379596907928,0.23892265952752542,4,4,instant_velocity,dbscan_kmeans_fallback,False
2130,321,9.7234880647,11.3840724463,-0.015027208827000038,-0.005966495000000016,-0.011891278694,-0.008262402265999995,-0.012969744590243274,-0.007634879599437205,-0.9294197870995903,-0.36902252284317516,-1,-1,instant_velocity,dbscan_kmeans_fallback,False
2130,352,14.4425367527,9.13541981343,0.022077789999999986,-0.017326701459000126,0.018099999428000012,-0.016978258151600017,0.019104982175505804,-0.017327242495859638,0.7866664446674241,-0.6173776738779337,5,5,instant_velocity,dbscan_kmeans_fallback,False
2130,353,14.6988832562,9.64853838282,0.016332092500000072,-0.019092783976999962,0.01700558085600001,-0.015479474609599997,0.015939071935475214,-0.017006346056603748,0.6500301739373958,-0.7599078739921632,5,5,instant_velocity,dbscan_kmeans_fallback,False
2130,376,14.1144216468,8.64903114162,-0.0005051162599999159,-0.00033412371899999016,-0.0004966976600000094,-0.0003484433074000037,-0.000496230946469098,-0.0003470940710565175,-0.834028144357458,-0.5516919715540752,-1,-1,instant_velocity,dbscan_kmeans_fallback,False
2130,425,0.491856961195,6.9936867708,-0.027276278207500004,0.008854278569000052,-0.029401975814699995,0.00604763932460001,-0.02914031476274486,0.0057050225970397776,-0.9511414286438573,0.3087544093685677,0,0,instant_velocity,dbscan_kmeans_fallback,False
2130,428,11.603572889,12.8160312446,-0.008944767160000033,0.032553196679999986,-0.001965744124000004,0.031770392538,-0.003149445381832172,0.029300632784763712,-0.26495366232227757,0.9642608383629935,6,6,instant_velocity,dbscan_kmeans_fallback,False
2130,429,11.9889345047,12.9830931044,-0.00892372065,0.03181335129999994,-0.005463674245999996,0.029865887336000013,-0.005147569172868015,0.027519095002757864,-0.2700783563758139,0.9628380321284873,6,6,instant_velocity,dbscan_kmeans_fallback,False
2140,64,2.49716852571,6.78414346665,-0.02544523175300002,-0.0010978350790000313,-0.025676743374200006,0.0004582268153999891,-0.026255724639208198,-0.0004188962536872599,-0.9990701586968154,-0.043104903788906405,0,0,instant_velocity,dbscan_kmeans_fallback,False
2140,65,2.42329527223,7.23473316851,-0.022751278349999994,-0.0019331443779999624,-0.024839092238000005,-0.0012648969385999998,-0.024864864525306105,-0.0017977326023102304,-0.9964091611865418,-0.08466349620022218,0,0,instant_velocity,dbscan_kmeans_fallback,False
2140,66,2.47464875898,6.30753984663,-0.024982208511999993,-0.0015751546779999791,-0.0258072317422,0.00013842268379999468,-0.026034835490387712,-0.0003835308996116445,-0.9980177903107565,-0.0629260775875791,0,0,instant_velocity,dbscan_kmeans_fallback,False
2140,70,2.16294993162,8.12183164405,-0.025908254995,-0.0005966494990000016,-0.0263081387032,-0.0006634742431999996,-0.02683444126227333,-0.0001668988927028422,-0.9997345448638336,-0.02302320690610452,0,0,instant_velocity,dbscan_kmeans_fallback,False
2140,71,2.27933713724,8.7421084635,-0.02736046425199996,-0.007159793992000019,-0.028029743299999996,-0.00031980413160002995,-0.028592970695230077,-0.0010097411679795476,-0.9674242202917646,-0.25315937830455376,0,0,instant_velocity,dbscan_kmeans_fallback,False
2140,72,6.87610559658,2.18373716738,-0.010859999655999975,0.035440980258,-0.0017763255251999866,0.02553659856938,-0.0027185035866355923,0.025245989915736976,-0.2929786040142703,0.9561187154503696,1,1,instant_velocity,dbscan_kmeans_fallback,False
2140,103,6.40361142547,1.53482117196,0.0003156976650000587,0.03193268120199999,0.0011659767074000094,0.01797108291848,0.0010768613435675498,0.02000653548873016,0.009885863863052324,0.9999508204951826,1,1,instant_velocity,dbscan_kmeans_fallback,False
2140,104,0.525531378735,6.35574912617,-0.0377784871778,-0.01100221676699995,-0.036115812811699996,-0.012415082780999995,-0.03601029230464765,-0.011124400565231257,-0.9601124546576225,-0.27961324383171665,0,0,instant_velocity,dbscan_kmeans_fallback,False
2140,106,1.86408947595,5.13786816823,-0.021572673737000003,0.0017899484980000047,-0.0231216969436,0.0006109690871999973,-0.024316293065078626,0.0007306759442465552,-0.9965749562754425,0.08268876949963619,0,0,instant_velocity,dbscan_kmeans_fallback,False
2140,107,1.79442552467,5.78606818425,-0.02319325508000001,0.0006205154789999945,-0.024426580623000002,0.000959412394800001,-0.025510586653348346,0.0005063778136952081,-0.9996418692925753,0.026744553587367003,0,0,instant_velocity,dbscan_kmeans_fallback,False
2140,108,3.17802315535,8.20989711014,-0.022540813240000013,0.005966494992999926,-0.026346022422799997,0.005675330037199995,-0.026026550933286312,0.006029061570847986,-0.9667068381354509,0.2558848009617755,0,0,instant_velocity,dbscan_kmeans_fallback,False
2140,109,3.42595105448,8.67361310099,-0.022751278350999993,0.003866288755999925,-0.025824068951199992,0.006873402231800014,-0.026285662341192187,0.005747091868909057,-0.9858656455588957,0.1675352567687007,0,0,instant_velocity,dbscan_kmeans_fallback,False
2140,110,9.4107369118,10.7442255233,0.03925174294600016,0.01935530976000006,0.04004730105960002,0.017942443742400015,0.03915495438458972,0.01859013729328371,0.8968862021538806,0.4422608770785137,-1,-1,instant_velocity,dbscan_kmeans_fallback,False
2140,111,3.40069524133,6.54333572874,-0.027486743317000028,0.0013364948779999608,-0.03633890582800001,-0.002902103164599996,-0.03487207134705043,-0.0020437520984349453,-0.9988196186303235,0.048565859147077665,0,0,instant_velocity,dbscan_kmeans_fallback,False
2140,112,3.16686850454,5.6674542638,-0.036473603497999996,-0.0055607733330000466,-0.039567440609600005,-0.0045154434104,-0.03906718885153266,-0.005254568755069774,-0.9885764358839492,-0.150718573299102,0,0,instant_velocity,dbscan_kmeans_fallback,False
2140,113,6.0260370188,9.11298579226,-0.05427895177199993,-0.005035721774000024,-0.04063660336639998,0.002448649544999988,-0.04458322907120471,0.0007244307912557173,-0.9957238141714775,-0.09237813053162638,-1,-1,instant_velocity,dbscan_kmeans_fallback,False
2140,114,9.79188922533,5.90086354792,-0.04034616151700003,-0.003317371215999998,-0.03926437085140002,-0.0011789794103999895,-0.038859398254366094,-0.001265159555630174,-0.996636509342724,-0.08194616649009294,2,2,instant_velocity,dbscan_kmeans_fallback,False
2140,115,10.0972740994,6.97149140943,-0.031275115290000065,0.0051550516739999885,-0.035050859356000004,0.0012219381745999947,-0.03390323391715586,0.0028220220317959526,-0.986686038592062,0.1626346527516323,2,2,instant_velocity,dbscan_kmeans_fallback,False
2140,116,10.2250264209,6.42782438568,-0.03643151047999993,-0.001264896938999982,-0.03615790583399999,0.0006873402232000103,-0.035815796638810266,0.0007460919610665538,-0.9993975358941181,-0.03469894240840154,2,2,instant_velocity,dbscan_kmeans_fallback,False
2140,117,9.69844271665,5.26984703747,-0.04379778931500002,-0.0019331443779999624,-0.044113486976999995,0.0007016598112000061,-0.043423670813939455,0.0003145844146645587,-0.999027114004113,-0.04409500294676181,2,2,instant_velocity,dbscan_kmeans_fallback,False
2140,118,12.3338868194,9.32372239541,-0.013448720499999922,0.03978458861299998,-0.019160743579999993,0.035078217362,-0.018706860648360735,0.0336775735509085,-0.32023645951154167,0.9473373917281115,-1,-1,instant_velocity,dbscan_kmeans_fallback,False
2140,119,12.5369856502,10.0826605585,-0.01736337153999994,0.02326933047300006,-0.019497487756,0.0282286811102,-0.01983164464177098,0.025953160234973943,-0.5980443756218925,0.8014625605290046,-1,-1,instant_velocity,dbscan_kmeans_fallback,False
2140,232,8.59560554222,7.92350535049,0.028854766529999944,0.0,0.02764669680039999,-0.007966464114400012,0.026251345170014147,-0.006203492227984068,0.9999996534369278,0.0,3,3,instant_velocity,dbscan_kmeans_fallback,False
2140,233,9.11524389788,7.47243832903,0.029928138588999963,-0.0010501031189999565,0.03818678949039999,-0.005145505281799991,0.03316943539115291,-0.005149719208868216,0.9993846682687672,-0.03506589473010177,3,3,instant_velocity,dbscan_kmeans_fallback,False
2140,237,1.04285461819,8.69294454476,-0.008713255538999997,0.001646752617999958,-0.012324836819799997,-0.0014176392104000258,-0.01295662201020204,-0.0012741348533576373,-0.9826041598429639,0.185706245551563,0,0,instant_velocity,dbscan_kmeans_fallback,False
2140,238,8.69957530637,8.43018010528,0.030580580428000027,-0.004558402173999987,0.030218580440000017,-0.010362608503600015,0.027172260114805596,-0.006452351774379549,0.98907171836186,-0.14743299859326664,3,3,instant_velocity,dbscan_kmeans_fallback,False
2140,242,11.632406609,3.48443307582,0.048406975209999994,0.0,0.053971672712400005,-3.341237179999901e-05,0.052833775347399005,6.150781982899449e-05,0.9999997934182441,0.0,-1,-1,instant_velocity,dbscan_kmeans_fallback,False
2140,243,3.75090918375,7.71658730413,0.03493720819800004,0.005107319713000003,0.0229449062514,0.0020667938653999938,0.02533674488669,0.0026516021886288667,0.9894828565247029,0.14464822919346657,4,4,instant_velocity,dbscan_kmeans_fallback,False
2140,244,2.33616271684,7.85190741057,0.013806511191000004,0.0029832474960000076,0.015279766958800001,-0.0019570103578000087,0.014187738994242555,-0.00022887590177755868,0.977441894440658,0.21120115311798726,4,4,instant_velocity,dbscan_kmeans_fallback,False
2140,245,2.49443247928,7.46241461744,0.015616511134,0.0038662887550000137,0.0160248134468,-0.00019570103579999554,0.015730153028751026,0.0009511859356048787,0.970692783923789,0.24032119356501358,4,4,instant_velocity,dbscan_kmeans_fallback,False
2140,321,9.61131016127,11.2487523399,-0.011217790343000012,-0.013532010640000003,-0.012556348440600011,-0.008734948670000015,-0.012444158316070295,-0.009404018911606044,-0.6382048022728325,-0.7698658925502311,-1,-1,instant_velocity,dbscan_kmeans_fallback,False
2140,352,14.6685762805,8.87909918854,0.022603952779999936,-0.025632062488999983,0.02006153425000001,-0.018162010758200006,0.020154673356854044,-0.019818688493801744,0.6614145656485237,-0.7500201244818647,5,5,instant_velocity,dbscan_kmeans_fallback,False
2140,353,14.8672553439,9.44806415106,0.01683720876999999,-0.020047423175999945,0.01616372041800002,-0.01676346433079999,0.016208512985832646,-0.017918669192422607,0.6431330136139631,-0.7657539832461946,5,5,instant_velocity,dbscan_kmeans_fallback,False
2140,376,14.1095809493,8.64545124462,-0.00048406975000006016,-0.0003579896999999832,-0.0004924883560000026,-0.000348443307599986,-0.0004925825875283867,-0.0003503627597395572,-0.8040047550617735,-0.5945949340215713,6,6,instant_velocity,dbscan_kmeans_fallback,False
2140,378,14.7199297672,10.6967322232,0.0,0.0,0.0,0.0,0.0,0.0,0.0,0.0,6,6,instant_velocity,dbscan_kmeans_fallback,False
2140,425,0.21909417912,7.0819908967,-0.027276278207499997,0.00883041258999997,-0.028741115370399997,0.007441412555199989,-0.028581103796171403,0.006642639594927835,-0.9513855912578012,0.30800123239238136,0,0,instant_velocity,dbscan_kmeans_fallback,False
2140,428,11.5143356825,13.1415632114,-0.00892372065,0.032553196679999986,-0.003750488254000004,0.031975639965999995,-0.004881727962282521,0.030276401953334593,-0.26437386282090725,0.9644199646097539,7,7,instant_velocity,dbscan_kmeans_fallback,False
2140,429,11.8994868331,13.3012266174,-0.008944767160000033,0.03181335129999994,-0.006457069564000015,0.030424351265999974,-0.006286728569007621,0.028807371891930486,-0.27066871853355323,0.9626722389304431,7,7,instant_velocity,dbscan_kmeans_fallback,False
2150,64,2.24271620817,6.77292645607,-0.025445231753999976,-0.0011217010579999353,-0.025609394539199998,-4.773195999998592e-06,-0.02601257677364573,-0.0006297376949810625,-0.9990293680877059,-0.04404016870393907,0,0,instant_velocity,dbscan_kmeans_fallback,False
2150,65,2.19557202361,7.21516306494,-0.022772324861999982,-0.001957010357000044,-0.024068789936800002,-0.0015178763262000139,-0.024237102626314268,-0.0018455159287171746,-0.9963272142157948,-0.08562246889578531,0,0,instant_velocity,dbscan_kmeans_fallback,False
2150,66,2.22672085984,6.28629912445,-0.024792789914000003,-0.002124072217999995,-0.025424185242800004,-0.0003818556795999939,-0.0256622218174714,-0.0009056932951281497,-0.9963497495593687,-0.085360253113558,0,0,instant_velocity,dbscan_kmeans_fallback,False
2150,70,1.90386738167,8.11562648926,-0.025908254995,-0.0006205154789999057,-0.0261355573134,-0.0006396082631999889,-0.02655658538209133,-0.00030298386859196126,-0.9997129245210633,-0.02394361736602107,0,0,instant_velocity,dbscan_kmeans_fallback,False
2150,71,2.00573249473,8.67051052359,-0.027360464251000007,-0.00715979399099993,-0.0278150688882,-0.002525020681000001,-0.028223218761961058,-0.0028547570148856624,-0.967424220298159,-0.2531593782801178,0,0,instant_velocity,dbscan_kmeans_fallback,False
2150,72,6.75214164701,2.54172686695,-0.012396394957000022,0.03579896995700001,-0.0038052091820000022,0.030309794563599998,-0.005621870997744922,0.02841188392811589,-0.3272152233945147,0.9449495593199546,1,1,instant_velocity,dbscan_kmeans_fallback,False
2150,103,6.32531840469,1.93051911988,-0.007829302078000033,0.039569794792,-0.0005009069607999983,0.025808670740980002,-0.0015949876829027257,0.02587551327971111,-0.19409764805868746,0.980981960687616,1,1,instant_velocity,dbscan_kmeans_fallback,False
2150,104,0.147956972067,6.2454882987,-0.0377574406668,-0.011026082747000033,-0.037151301151059996,-0.011541587914200005,-0.03653443681329335,-0.01109490521976189,-0.9599074769892976,-0.28031612005033274,0,0,instant_velocity,dbscan_kmeans_fallback,False
2150,106,1.64836273859,5.15576765321,-0.021572673736000005,0.0017899484980000047,-0.022654464399999998,0.0009689587867999982,-0.023493207266355037,0.0010484577103725902,-0.9965749562751266,0.082688769503443,0,0,instant_velocity,dbscan_kmeans_fallback,False
2150,107,1.56228250875,5.79203467925,-0.023214301591999997,0.0005966495000000016,-0.0240561620302,0.0008544020830000143,-0.02482170113494384,0.0005334593195866462,-0.9996694416217811,0.025693311088646448,0,0,instant_velocity,dbscan_kmeans_fallback,False
2150,108,2.99239292866,8.20297597595,-0.018563022668999986,-0.0006921134189999733,-0.023824650409599996,0.004477257842600011,-0.023787492454000414,0.0040127090738935976,-0.9993051181089501,-0.03725861322539756,0,0,instant_velocity,dbscan_kmeans_fallback,False
2150,109,3.19843827098,8.71227598854,-0.022751278349999994,0.0038662887550000137,-0.024948534095000002,0.006014226952800001,-0.02522534714383453,0.005182850934736344,-0.9858656455648359,0.16753525673374547,0,0,instant_velocity,dbscan_kmeans_fallback,False
2150,110,9.75295318005,10.799355937,0.03422162682499987,0.005513041369999883,0.0384730220396,0.016181134419999986,0.03767495611671276,0.014667008516298562,0.987270641006936,0.15904749108190772,-1,-1,instant_velocity,dbscan_kmeans_fallback,False
2150,111,3.12603827327,6.55646201773,-0.027465696805999994,0.0013126288990000568,-0.033278743134000005,-0.0014462783861999996,-0.03265015898473529,-0.0010368377992044445,-0.9988595720250734,0.04773707179336946,0,0,instant_velocity,dbscan_kmeans_fallback,False
2150,112,2.88800223428,5.59251508669,-0.027886627025999998,-0.007493917711000009,-0.0364441383828,-0.005379391885400011,-0.03571302030387286,-0.005926373441848844,-0.965737204246863,-0.2595206344722029,0,0,instant_velocity,dbscan_kmeans_fallback,False
2150,113,5.4445219209,9.03780795535,-0.058151509790000055,-0.007517783690999913,-0.0456919752998,-0.0005441443433999993,-0.048653713286843314,-0.0017482335534209723,-0.9917465786900123,-0.12821225591227645,-1,-1,instant_velocity,dbscan_kmeans_fallback,False
2150,114,9.39221598215,5.86959911415,-0.039967324317999875,-0.0031264433770000545,-0.039655835955,-0.0020715670616000105,-0.03919177607345623,-0.0018235447020411382,-0.9969541473872333,-0.07798672401664378,2,2,instant_velocity,dbscan_kmeans_fallback,False
2150,115,9.78431248138,7.02304192617,-0.03129616180199992,0.005155051674000077,-0.03383858032639999,0.0024916083090000107,-0.03312111228260908,0.00352193092445719,-0.9867035840641115,0.16252817182350235,2,2,instant_velocity,dbscan_kmeans_fallback,False
2150,116,9.85923806041,6.40515170471,-0.03657883604900007,-0.0022672680970000415,-0.036250510481800016,-2.3865980000010724e-05,-0.036044708461867206,-0.000157916056353425,-0.9980842953676273,-0.06186431623938038,2,2,instant_velocity,dbscan_kmeans_fallback,False
2150,117,9.26046482352,5.2505155937,-0.043797789313000025,-0.0019331443769999624,-0.04397878930760001,-0.0004439072273999933,-0.04353590636365763,-0.00035973422283479777,-0.9990271140050291,-0.04409500292600582,2,2,instant_velocity,dbscan_kmeans_fallback,False
2150,118,12.1993996143,9.72132962173,-0.013448720509999923,0.03976072263199999,-0.01687509248999998,0.0369540833876,-0.017129418606852492,0.03550251827523595,-0.32040895021451093,0.9472790656045492,-1,-1,instant_velocity,dbscan_kmeans_fallback,False
2150,119,12.3633519347,10.3153538632,-0.01736337154999994,0.02326933046999997,-0.018760859871999998,0.02651510374779999,-0.01909116271423967,0.025148011305481752,-0.5980443758926617,0.801462560326959,-1,-1,instant_velocity,dbscan_kmeans_fallback,False
2150,232,8.85405669684,7.89629813332,0.025845115462000124,-0.0027207217169999964,0.027448859597400014,-0.005808979524999991,0.02612947625760994,-0.005158661074688846,0.994504336115044,-0.10469171820482429,3,3,instant_velocity,dbscan_kmeans_fallback,False
2150,233,9.26256947462,7.48031410242,0.014732557674000012,0.000787577339000034,0.032390580371399996,-0.0029689279083999942,0.027638372076007042,-0.0033685302445077402,0.998573484120145,0.05338203079342215,3,3,instant_velocity,dbscan_kmeans_fallback,False
2150,237,0.95572206281,8.70941207094,-0.008713255537999998,0.001646752617999958,-0.011150441507999997,-0.00043436083560003167,-0.011683612068541427,-0.00039786861195035856,-0.9826041598390747,0.18570624557214102,0,0,instant_velocity,dbscan_kmeans_fallback,False
2150,238,8.96665553049,8.39342649612,0.026708022411999897,-0.003675360915999981,0.030382743225599994,-0.007999876486399984,0.027032988803963882,-0.005619254516865678,0.990663410426001,-0.13632778658876116,3,3,instant_velocity,dbscan_kmeans_fallback,False
2150,242,12.1164763611,3.48443307582,0.048406975209999994,0.0,0.05221639369720002,-0.0003866288753999925,0.0515057353061793,4.305547388029614e-05,0.9999997934182441,0.0,-1,-1,instant_velocity,dbscan_kmeans_fallback,False
2150,243,4.14847777583,7.79629967724,0.039756859207999984,0.007971237311000046,0.026691185202799995,0.002935515536400004,0.029662779183082993,0.0042474927253402205,0.9804861046601331,0.1965871443590105,-1,-1,instant_velocity,dbscan_kmeans_fallback,False
2150,244,2.45633829444,7.86551101916,0.012017557759999997,0.0013603608590000427,0.0141053716472,0.0004630000116000055,0.013536684623969788,0.0002478951264557218,0.9936532314832154,0.11247933985621014,4,4,instant_velocity,dbscan_kmeans_fallback,False
2150,245,2.62555224258,7.47005173103,0.013111976330000007,0.0007637113589999522,0.0153302785852,0.0011121546665999915,0.01494470001912572,0.0008949435626234008,0.9983072845912917,0.05814673500213427,4,4,instant_velocity,dbscan_kmeans_fallback,False
2150,321,9.49892179273,11.1136708933,-0.011238836853999956,-0.01350814465999992,-0.013225627489400012,-0.009197948680000003,-0.012082561877449194,-0.010635256636124208,-0.6395809732350978,-0.7687229933557029,-1,-1,instant_velocity,dbscan_kmeans_fallback,False
2150,352,14.8946158082,8.62277856365,0.022603952769999935,-0.025632062488999983,0.02201885977,-0.019345763364799994,0.02088945718079781,-0.021562700692361218,0.6614145654839215,-0.7500201246270211,5,5,instant_velocity,dbscan_kmeans_fallback,False
2150,353,15.0356274316,9.2475899193,0.01683720876999999,-0.020047423176000122,0.015725952989999997,-0.017947216937999996,0.01639712172108285,-0.018557295387495863,0.6431330136139599,-0.7657539832461976,5,5,instant_velocity,dbscan_kmeans_fallback,False
2150,376,14.1045297867,8.64187134762,-0.0005051162599999159,-0.0003579896999999832,-0.0004966976579999738,-0.00035321650360000236,-0.0004963426892698455,-0.000352650841817685,-0.8158596529108939,-0.5782220362253038,-1,-1,instant_velocity,dbscan_kmeans_fallback,False
2150,378,14.4842088444,10.801742535,-0.023572092280000057,0.010501031180000097,-0.023572092280000057,0.010501031180000097,-0.0070716276840000186,0.00315030935400003,-0.9134578312185219,0.406932445932243,-1,-1,instant_velocity,dbscan_kmeans_fallback,False
2150,379,14.8095879039,11.193860586,0.0,0.0,0.0,0.0,0.0,0.0,0.0,0.0,-1,-1,instant_velocity,dbscan_kmeans_fallback,False
2150,428,11.425098476,13.4668565184,-0.00892372065,0.03252933070000008,-0.005535232384000004,0.03217134099999999,-0.006094325768597765,0.03095228057733424,-0.26455425668537497,0.9643704953730562,6,6,instant_velocity,dbscan_kmeans_fallback,False
2150,429,11.8102496266,13.6195987902,-0.00892372065,0.03183721728000002,-0.007446255580000028,0.030982815198000006,-0.007077826193305334,0.029716325508351345,-0.26989065123333356,0.9628906643504517,6,6,instant_velocity,dbscan_kmeans_fallback,False
2160,64,1.98826389063,6.76194810528,-0.025445231753999997,-0.0010978350790000313,-0.0255420457042,-0.0004630000114000055,-0.02584237326775201,-0.0007701669101867531,-0.9990701586968885,-0.04310490378721557,0,0,instant_velocity,dbscan_kmeans_fallback,False
2160,65,1.96511272857,7.20752595135,-0.023045929503999994,-0.0007637113589999522,-0.023353208564199996,-0.0015321959139999919,-0.023879750689619984,-0.001520974557802008,-0.9994509327990981,-0.03312047058068486,0,0,instant_velocity,dbscan_kmeans_fallback,False
2160,66,1.9787929607,6.26505840228,-0.02479278991399998,-0.0021240722169999946,-0.025226348039799996,-0.0009260000227999932,-0.025401392246429972,-0.0012712069716897033,-0.9963497495627867,-0.08536025307366381,0,0,instant_velocity,dbscan_kmeans_fallback,False
2160,70,1.61258366995,7.99987648639,-0.029128371172,-0.011575000287000047,-0.0266027898566,-0.0028114124407999873,-0.02732812111906393,-0.0036845887941143875,-0.9293139576355351,-0.36928976436157823,0,0,instant_velocity,dbscan_kmeans_fallback,False
2160,71,1.73212785222,8.59891258368,-0.027360464251000007,-0.00715979399099993,-0.027596185173999997,-0.004735010426199971,-0.02796439240867274,-0.004146268107719942,-0.967424220298159,-0.2531593782801178,0,0,instant_velocity,dbscan_kmeans_fallback,False
2160,72,6.62838816255,2.89971656652,-0.01237534844599999,0.03579896995700001,-0.006027720739599989,0.0342715472388,-0.007647914232221442,0.030628009736781127,-0.32671902646032397,0.9451212354682363,1,1,instant_velocity,dbscan_kmeans_fallback,False
2160,103,6.24723584901,2.32597840801,-0.0078082555679999995,0.03954592881300001,-0.002167790629200006,0.033641485367660005,-0.0034589680484319084,0.029976637939697782,-0.1937079132126677,0.9810589932297847,1,1,instant_velocity,dbscan_kmeans_fallback,False
2160,106,1.43263600122,5.17366713819,-0.021572673737000003,0.0017899484980000047,-0.022183022554599998,0.0013269484863999992,-0.02291704720754853,0.0012709049466608146,-0.9965749562754425,0.08268876949963619,0,0,instant_velocity,dbscan_kmeans_fallback,False
2160,107,1.33034995794,5.79823983404,-0.023193255081000008,0.0006205154789999945,-0.0236857434374,0.0007493917712000097,-0.02433316731876069,0.0005595761674106507,-0.9996418692926061,0.026744553586214713,0,0,instant_velocity,dbscan_kmeans_fallback,False
2160,108,2.80655223686,8.19581618196,-0.018584069180000017,-0.0007159793990000552,-0.021303278396199995,0.003269639256000012,-0.022226465471800294,0.0025941025320255014,-0.9992581417178287,-0.038497932655298175,0,0,instant_velocity,dbscan_kmeans_fallback,False
2160,109,2.97092548747,8.75117753589,-0.022751278350999993,0.0038901547349999175,-0.024068789936800002,0.005159824869799969,-0.024483126505984165,0.004795042074815416,-0.9856943522211551,0.16854013618040342,0,0,instant_velocity,dbscan_kmeans_fallback,False
2160,110,10.0896973554,10.8392121236,0.03367441753500007,0.003985618659999979,0.037130254639200014,0.013512917859999973,0.03647479454219896,0.011462591559408986,0.9930682030053228,0.11753703405372513,-1,-1,instant_velocity,dbscan_kmeans_fallback,False
2160,111,2.86884990931,6.51994706837,-0.025718836395999967,-0.003651494936000077,-0.02987341766019999,-0.0009832783748000117,-0.030570762208114693,-0.0018212349402431344,-0.9900706780593993,-0.14056771509998542,0,0,instant_velocity,dbscan_kmeans_fallback,False
2160,112,2.63081387032,5.51304137338,-0.025718836396000012,-0.007947371330999963,-0.03288727803,-0.006334031084399996,-0.032714765131511,-0.00653267280859418,-0.9554241593587156,-0.2952353853074447,0,0,instant_velocity,dbscan_kmeans_fallback,False
2160,113,4.83754054474,8.94616259226,-0.06069813761599994,-0.009164536309000049,-0.0507178821176,-0.003365103175999984,-0.0522670405855903,-0.003973124380094696,-0.9887927863411714,-0.14929333499208233,-1,-1,instant_velocity,dbscan_kmeans_fallback,False
2160,114,9.02537529607,5.85599550557,-0.03668406860799998,-0.0013603608579999538,-0.03939485922059997,-0.0026061650127999947,-0.038439463833819354,-0.0016845895488287828,-0.9993128560677356,-0.03705766960631593,2,2,instant_velocity,dbscan_kmeans_fallback,False
2160,115,9.46187993343,7.06194347352,-0.0322432547950001,0.0038901547350000064,-0.032815719893400014,0.0035082990558000125,-0.03285775503632639,0.003632398067620035,-0.9927999677229769,0.11978150220567334,2,2,instant_velocity,dbscan_kmeans_fallback,False
2160,116,9.49344969988,6.38247902374,-0.03657883605300007,-0.0022672680969999526,-0.03635153373440001,-0.0007016598109999883,-0.036204946739207065,-0.0007907216685473833,-0.9980842953680452,-0.06186431623263882,2,2,instant_velocity,dbscan_kmeans_fallback,False
2160,117,9.03926599331,5.25672074849,-0.022119883020999966,0.0006205154789999945,-0.03950430107580001,-0.0010787422946000015,-0.03711109936086033,-6.565931228436008e-05,-0.9996063121897315,0.028041341314100174,2,2,instant_velocity,dbscan_kmeans_fallback,False
2160,118,12.0630182233,9.97597962802,-0.013638139100000047,0.025465000628999944,-0.014627325117999988,0.03597080501279997,-0.01608203475479676,0.03249126298136515,-0.47211834675911807,0.8815347833769576,3,3,instant_velocity,dbscan_kmeans_fallback,False
2160,119,12.1996100794,10.5399327347,-0.01637418553000014,0.022457887150000033,-0.017826394786,0.024644010917600028,-0.01827606955896781,0.024340974058837235,-0.5891400642782347,0.8080304852331942,3,3,instant_velocity,dbscan_kmeans_fallback,False
2160,232,9.04284390017,7.80584606923,0.018878720332999956,-0.009045206408999995,0.02585353406640001,-0.004987989814000002,0.023954249480226942,-0.006324624674982191,0.9018313662402948,-0.43208706468812313,4,4,instant_velocity,dbscan_kmeans_fallback,False
2160,233,9.40989505136,7.48842853561,0.014732557674000012,0.0008114433189999381,0.026594371252400002,-0.0007875773389999985,0.02376662775540493,-0.0021145381754554366,0.9984859594801136,0.05499484738927895,4,4,instant_velocity,dbscan_kmeans_fallback,False
2160,237,0.786508114671,8.63638217223,-0.016921394813900002,-0.007302989870999888,-0.011685022886379999,-0.0012792165263999778,-0.013254946892149,-0.0024694049896652175,-0.9181403559646071,-0.39625396094758253,0,0,instant_velocity,dbscan_kmeans_fallback,False
2160,238,9.2337357546,8.35667288697,0.02670802241099999,-0.00367536091500007,0.0301722781158,-0.005264835181600027,0.026935498886074716,-0.005036086436305995,0.9906634104303207,-0.13632778655737046,4,4,instant_velocity,dbscan_kmeans_fallback,False
2160,242,12.6194879731,3.53598359255,0.050301161199999986,0.005155051672999988,0.05078102165000001,0.0008305361030000036,0.05114436307432551,0.001576654333616204,0.9947893516457773,0.10194974408432025,-1,-1,instant_velocity,dbscan_kmeans_fallback,False
2160,243,4.54604636791,7.87577339054,0.039756859207999984,0.007947371329999963,0.0313508827298,0.004109721750999995,0.03269100319055809,0.005357456306738144,0.9805994046769078,0.1960212086717384,-1,-1,instant_velocity,dbscan_kmeans_fallback,False
2160,244,2.57672433715,7.87911462774,0.012038604270999986,0.0013603608579999538,0.013099348423199996,0.002334092841200004,0.013087260518078847,0.0005816348459189915,0.9936751922697021,0.11228517913704937,5,5,instant_velocity,dbscan_kmeans_fallback,False
2160,245,2.7505685177,7.47005173103,0.012501627512000013,0.0,0.014513673959800001,0.0022720412932000045,0.01421177826698801,0.0006264604938363806,0.999999200104787,0.0,5,5,instant_velocity,dbscan_kmeans_fallback,False
2160,321,9.3867438893,10.9783507868,-0.011217790343000012,-0.013532010650000004,-0.012749976342000018,-0.010501031187999992,-0.01182313041711444,-0.011504282840286947,-0.6382048019933025,-0.7698658927819565,-1,-1,instant_velocity,dbscan_kmeans_fallback,False
2160,376,14.0407588584,8.61561876966,-0.0063770928300000305,-0.0026252577960001132,-0.0016710929719999967,-0.0008066701230000106,-0.0022605677314889014,-0.0010344329280724135,-0.9247075877990871,-0.3806743713169377,-1,-1,instant_velocity,dbscan_kmeans_fallback,False
2160,377,13.22773214,12.5702116509,0.0,0.0,0.0,0.0,0.0,0.0,0.0,0.0,-1,-1,instant_velocity,dbscan_kmeans_fallback,False
2160,378,14.2484879216,10.9067528469,-0.02357209227999988,0.010501031189999921,-0.02357209227999988,0.010501031189999921,-0.012021767062799976,0.005355525904799998,-0.9134578310744773,0.406932446255586,6,6,instant_velocity,dbscan_kmeans_fallback,False
2160,379,14.5627123303,11.3174863622,-0.024687557360000056,0.012362577620000082,-0.024687557360000056,0.012362577620000082,-0.007406267208000018,0.003708773286000025,-0.894154350972527,0.44775805102812477,6,6,instant_velocity,dbscan_kmeans_fallback,False
2170,64,1.73738947996,6.75407233189,-0.025087441067000005,-0.000787577339000034,-0.025403138731799998,-0.0008591752790000129,-0.02561589360752641,-0.0007753900388307374,-0.9995071963590495,-0.031377820317246806,0,0,instant_velocity,dbscan_kmeans_fallback,False
2170,65,1.73254878244,7.20752595135,-0.023256394612999998,0.0,-0.022915441136,-0.001317402094400002,-0.02369274386663399,-0.0010646821904614055,-0.999999570010921,0.0,0,0,instant_velocity,dbscan_kmeans_fallback,False
2170,66,1.73086506156,6.2438176801,-0.024792789914000003,-0.002124072217999995,-0.0250285108366,-0.0014701443663999924,-0.02521881154670098,-0.0015270665455827909,-0.9963497495593687,-0.085360253113558,0,0,instant_velocity,dbscan_kmeans_fallback,False
2170,70,1.31330228406,7.85668060657,-0.02992813858900001,-0.014319587981999948,-0.027352045647000004,-0.005546453745199997,-0.02810812636004475,-0.006875088550480056,-0.9020620167429846,-0.4316057403823684,0,0,instant_velocity,dbscan_kmeans_fallback,False
2170,71,1.44421158225,8.50225536479,-0.028791626997000018,-0.00966572188899999,-0.027667743311400005,-0.007441412554999971,-0.028212562785170925,-0.005802104242103957,-0.9480040487141407,-0.31825723101621345,0,0,instant_velocity,dbscan_kmeans_fallback,False
2170,72,6.41476607628,3.25770626609,-0.021362208627,0.03579896995700001,-0.010851581052199997,0.035001846226,-0.01176220255065501,0.03217929780284679,-0.5124274437963584,0.8587302458240402,1,1,instant_velocity,dbscan_kmeans_fallback,False
2170,103,6.16894282823,2.72143769613,-0.007829302078000033,0.03954592881200001,-0.0041629998684000035,0.03613309367656001,-0.004770068257302347,0.03284742520138845,-0.19421036912827447,0.9809596507561085,1,1,instant_velocity,dbscan_kmeans_fallback,False
2170,106,1.13840577796,5.17390579799,-0.02942302232599998,2.386597999999296e-05,-0.023285859729000002,0.0013317216823999977,-0.024868839743083966,0.000896793256662568,-0.9999993311623382,0.0008111323090163065,0,0,instant_velocity,dbscan_kmeans_fallback,False
2170,107,1.04538019951,5.82592437081,-0.028496975842999994,0.0027684536769999823,-0.0243718596946,0.0010739690988000028,-0.02558230987603248,0.0012222394202874502,-0.9953138273752486,0.09669377692379907,0,0,instant_velocity,dbscan_kmeans_fallback,False
2170,108,2.62092201017,8.18889504777,-0.018563022668999986,-0.0006921134189999733,-0.020162557502,0.001966556749599988,-0.021127432630960202,0.0016082377467178588,-0.9993051181089501,-0.03725861322539756,0,0,instant_velocity,dbscan_kmeans_fallback,False
2170,109,2.66027898567,8.69198990556,-0.031064650179999997,-0.005918763032999941,-0.024855929446799995,0.002343639233200001,-0.026457583608188916,0.0015809005424708084,-0.9823284500825773,-0.1871635213312705,0,0,instant_velocity,dbscan_kmeans_fallback,False
2170,110,10.4264415308,10.8788296503,0.03367441753999998,0.0039617526700000735,0.03601478955819999,0.010434206442000011,0.035634681441539265,0.009212339892586312,0.9931501180891309,0.1168428563724017,-1,-1,instant_velocity,dbscan_kmeans_fallback,False
2170,111,2.62913014944,6.43379088068,-0.023971975987000026,-0.008615618768999944,-0.026421789862400003,-0.0016610722059999894,-0.028591126341780293,-0.0038595500888701775,-0.9410657267312863,-0.338222578834783,0,0,instant_velocity,dbscan_kmeans_fallback,False
2170,112,2.37362550636,5.43356766008,-0.025718836396000012,-0.007947371330000053,-0.0304543013628,-0.006902041407600006,-0.030615986510857708,-0.006957082365015943,-0.9554241593691933,-0.295235385273537,0,0,instant_velocity,dbscan_kmeans_fallback,False
2170,113,4.23034870347,8.85427856937,-0.06071918412700006,-0.009188402288999952,-0.0557522075398,-0.006190835204599985,-0.054802683648013224,-0.005537707752766273,-0.9887430005255672,-0.14962270293783447,-1,-1,instant_velocity,dbscan_kmeans_fallback,False
2170,114,8.65853460999,5.84239189699,-0.03668406860800015,-0.0013603608580000427,-0.03880134761020002,-0.0024963815050000095,-0.037912845266073594,-0.0015873209415801608,-0.9993128560677356,-0.03705766960631818,2,2,instant_velocity,dbscan_kmeans_fallback,False
2170,115,9.10114273554,7.05072646293,-0.03607371978899998,-0.0011217010590000242,-0.03255895245920001,0.0035226186436000083,-0.03382254446212847,0.002206168329634017,-0.9995166335381145,-0.031079657792033935,2,2,instant_velocity,dbscan_kmeans_fallback,False
2170,116,9.12766133935,6.35980634276,-0.0365788360529999,-0.0022672680980000415,-0.03645255698699998,-0.0013842268384000002,-0.036317113533344915,-0.0012336855973831809,-0.9980842953663603,-0.06186431625982294,2,2,instant_velocity,dbscan_kmeans_fallback,False
2170,117,8.81785669798,5.26268724348,-0.022140929533,0.0005966494990000016,-0.03513083609839999,-0.000916453630999996,-0.03262004841250223,0.00013303333110094843,-0.99963665415512,0.02693801576825109,2,2,instant_velocity,dbscan_kmeans_fallback,False
2170,118,11.9266368323,10.2146394277,-0.013638139100000047,0.02386597996800006,-0.013524487944000008,0.03373217609080001,-0.015348866058357745,0.02990367807735562,-0.4961507221291801,0.8682359894278932,3,3,instant_velocity,dbscan_kmeans_fallback,False
2170,119,12.1259472911,10.6890951096,-0.007366278830000006,0.014916237489999951,-0.015166115800000029,0.021436423211,-0.015003132340277468,0.021513553088186047,-0.44279143299558965,0.8966239705997676,3,3,instant_velocity,dbscan_kmeans_fallback,False
2170,232,9.23142063839,7.71539400514,0.018857673822000008,-0.009045206408999995,0.024253999233200006,-0.0041622269069999975,0.022425276782758862,-0.0071407991951875326,0.9016434052739383,-0.432479148011451,4,4,instant_velocity,dbscan_kmeans_fallback,False
2170,233,9.57216365088,7.46265327724,0.016226859952000083,-0.00257752583699995,0.022406115570800012,-0.0007732577510000027,0.021504697414383475,-0.002253434473918791,0.9876176409217708,-0.1568763145847597,4,4,instant_velocity,dbscan_kmeans_fallback,False
2170,237,0.608033701708,8.55332856193,-0.017847441296300004,-0.008305361030000036,-0.012400604259040002,-0.002324546449200007,-0.014632695213394302,-0.004220191801765663,-0.9066385517568226,-0.42190700454175695,0,0,instant_velocity,dbscan_kmeans_fallback,False
2170,238,9.57616248796,8.27123267867,0.03424267333599999,-0.008544020829999966,0.030538487406599975,-0.005174144457800019,0.0291276512210523,-0.006088466754414186,0.9702531120759118,-0.24209157733118888,4,4,instant_velocity,dbscan_kmeans_fallback,False
2170,242,13.1246042362,3.59326194449,0.05051162630999997,0.005727835193999997,0.04938774262399999,0.0021574845894000026,0.05095454204502785,0.002822008591731342,0.9936317840265876,0.11267423993627688,-1,-1,instant_velocity,dbscan_kmeans_fallback,False
2170,243,4.92656728611,7.94928060886,0.03805209182000002,0.007350721831999962,0.035236068653399996,0.005379391885599993,0.03429932977939067,0.005955435964316689,0.9818478849713459,0.1896686972664268,-1,-1,instant_velocity,dbscan_kmeans_fallback,False
2170,244,2.69689991474,7.89271823632,0.012017557758999996,0.0013603608580000427,0.012741557736599995,0.002009515513600011,0.012766349690355191,0.0008152526495433069,0.9936532314914104,0.11247933978381393,5,5,instant_velocity,dbscan_kmeans_fallback,False
2170,245,2.8753743277,7.47005173103,0.01248058099999998,0.0,0.013865441422,0.0016944845779999973,0.0136924190868916,0.00043852234568546636,0.9999991987558923,0.0,5,5,instant_velocity,dbscan_kmeans_fallback,False
2170,321,9.20637529035,10.7738193385,-0.018036859895000035,-0.020453144830000092,-0.013347697252400011,-0.013398361156000007,-0.013687249260480119,-0.01418894143720089,-0.66141451663864,-0.750020068915914,-1,-1,instant_velocity,dbscan_kmeans_fallback,False
2170,376,13.8389228183,8.53614505635,-0.020183604009999988,-0.007947371330999963,-0.005610999821999982,-0.002324546449200007,-0.007637478615042229,-0.0031083144489506788,-0.930466833147298,-0.3663748768821177,-1,-1,instant_velocity,dbscan_kmeans_fallback,False
2170,377,13.1224995852,12.3554178312,-0.01052325548000006,-0.021479381969999878,-0.01052325548000006,-0.021479381969999878,-0.0031569766440000184,-0.006443814590999964,-0.4399597157301566,-0.898017044586714,-1,-1,instant_velocity,dbscan_kmeans_fallback,False
2170,378,14.0230797892,10.9833626426,-0.022540813240000013,0.00766097956999996,-0.022540813240000013,0.00766097956999996,-0.015177480915959989,0.006047162004359986,-0.9468094261391464,0.3217935215160579,6,6,instant_velocity,dbscan_kmeans_fallback,False
2170,379,14.3160472218,11.4408734787,-0.024666510850000024,0.01233871165,-0.024666510850000024,0.01233871165,-0.01258434030060002,0.006297754795200018,-0.894347720918532,0.44737168991407755,6,6,instant_velocity,dbscan_kmeans_fallback,False
2180,64,1.49535460389,6.75407233189,-0.024203487606999995,0.0,-0.025125324786999997,-0.0008209897110000064,-0.025192171807368484,-0.0005427730271815161,-0.9999995868365736,0.0,0,0,instant_velocity,dbscan_kmeans_fallback,False
2180,65,1.49977437119,7.20752595135,-0.02327744112500001,0.0,-0.023020673690799996,-0.0009307732187999918,-0.023568153044143794,-0.0007452775333229838,-0.9999995703996993,0.0,0,0,instant_velocity,dbscan_kmeans_fallback,False
2180,66,1.4780964649,6.22735015392,-0.025276859666000018,-0.001646752618000047,-0.024927487584,-0.001918824789800002,-0.02523622598249069,-0.0015629723673079676,-0.9978841660833788,-0.0650107800048027,0,0,instant_velocity,dbscan_kmeans_fallback,False
2180,70,1.01402089818,7.71348472674,-0.029928138587999985,-0.014319587983000037,-0.0281602316678,-0.008286268245999989,-0.028654130028431323,-0.009108438380236051,-0.9020620167256337,-0.43160574041863187,0,0,instant_velocity,dbscan_kmeans_fallback,False
2180,71,1.15482205652,8.40273422831,-0.028938952572999988,-0.009952113647999994,-0.027962394464799995,-0.008219443502199972,-0.028430479721519644,-0.0070471070638727686,-0.9456425958764295,-0.3252067455037244,0,0,instant_velocity,dbscan_kmeans_fallback,False
2180,72,6.11148585331,3.61569596566,-0.030328022297000067,0.03579896995700001,-0.017464394796600013,0.035727372017200006,-0.017331948474558528,0.03326519944909276,-0.6463964126730892,0.7630014753677312,-1,-1,instant_velocity,dbscan_kmeans_fallback,False
2180,103,6.10790794644,3.01570522918,-0.006103488178999949,0.029426753304999977,-0.0058509300475999915,0.036004217384799996,-0.005170094233811627,0.031821223632471904,-0.2030903433547251,0.9791596636640731,-1,-1,instant_velocity,dbscan_kmeans_fallback,False
2180,106,0.810290672058,5.1669846638,-0.03281151059020001,-0.0006921134189999733,-0.02539051082524,0.0009403196110000067,-0.02725164099721878,0.0004201212539638055,-0.9997772992494703,-0.0210889188694891,0,0,instant_velocity,dbscan_kmeans_fallback,False
2180,107,0.747151139171,5.85909808297,-0.02982290603390001,0.003317371215999998,-0.025584138725980005,0.0015847010701999942,-0.026854488723392737,0.0018507789590012143,-0.9938698076081957,0.11055378333899149,0,0,instant_velocity,dbscan_kmeans_fallback,False
2180,108,2.35236853028,8.09247648868,-0.026855347989,-0.009641855909000085,-0.0210212551494,-0.0011551134306000321,-0.022845807238372144,-0.001766790349997525,-0.9411779062407675,-0.33791041398625277,0,0,instant_velocity,dbscan_kmeans_fallback,False
2180,109,2.32879643801,8.60845897566,-0.03314825476600003,-0.008353092990000022,-0.0264933479996,-0.0005298247554000213,-0.02846478495553225,-0.0013992975172704412,-0.9696860294405836,-0.24435306269363813,0,0,instant_velocity,dbscan_kmeans_fallback,False
2180,110,10.6495345471,10.8511451136,0.02230930163,-0.0027684536700000708,0.032626301295200014,0.006009453757999985,0.03163706749807749,0.005618101823810397,0.9923876819163476,-0.1231494990578141,-1,-1,instant_velocity,dbscan_kmeans_fallback,False
2180,111,2.38941038958,6.34763469298,-0.023971975985999983,-0.008615618770000033,-0.0257230456984,-0.0036467217396000074,-0.0272053812350462,-0.0052863706932091345,-0.941065726714299,-0.3382225788820478,0,0,instant_velocity,dbscan_kmeans_fallback,False
2180,112,2.11117551465,5.36173106036,-0.026244999170999962,-0.007183659971999923,-0.028408580497399995,-0.0072266187353999985,-0.029304690308900386,-0.007025055647111136,-0.9645211302242465,-0.26400426954465966,0,0,instant_velocity,dbscan_kmeans_fallback,False
2180,113,3.73049406811,8.77480485606,-0.049985463535999974,-0.007947371331000142,-0.056766649368199994,-0.007770763078800016,-0.05335751761440925,-0.006260606826236434,-0.9875950105358695,-0.15702133616743974,0,0,instant_velocity,dbscan_kmeans_fallback,False
2180,114,8.29169392392,5.8287882884,-0.03668406860699989,-0.0013603608589999538,-0.03807313833159998,-0.0021049794336000004,-0.03754421226835149,-0.0015192329168060986,-0.9993128560666894,-0.037057669634528466,1,1,instant_velocity,dbscan_kmeans_fallback,False
2180,115,8.74040553764,7.03927079255,-0.03607371979000007,-0.001145567038000017,-0.033392394293200026,0.002386597997200006,-0.034497897060489946,0.0012006477193438065,-0.9994958735573247,-0.031740267819059365,1,1,instant_velocity,dbscan_kmeans_fallback,False
2180,116,8.78691832687,6.34835067238,-0.03407430124800008,-0.001145567038000017,-0.03604846397660001,-0.001842453653800007,-0.03564426984774147,-0.0012072500295682318,-0.9994350441051303,-0.03360068442243197,1,1,instant_velocity,dbscan_kmeans_fallback,False
2180,117,8.59665786776,5.26889239827,-0.022119883022000054,0.0006205154789999945,-0.030795254840800014,-0.0004057216595999868,-0.02946999879535158,0.00027927797547066223,-0.999606312189767,0.028041341312833357,1,1,instant_velocity,dbscan_kmeans_fallback,False
2180,118,11.7900449761,10.4532992274,-0.013659185619999903,0.023865979970000062,-0.013566580965999967,0.03054845436240001,-0.014841961926850392,0.028092368645148955,-0.4967275778527596,0.8679060928949212,2,2,instant_velocity,dbscan_kmeans_fallback,False
2180,119,12.0522845027,10.8382574844,-0.007366278840000007,0.01491623747999995,-0.013166697258000007,0.019765804612599993,-0.012712076290194229,0.01953435840573022,-0.4427914337174899,0.896623970243262,2,2,instant_velocity,dbscan_kmeans_fallback,False
2180,232,9.41684039998,7.6609795708,0.01854197615899995,-0.005441443433999993,0.022195650461199996,-0.005250515593799996,0.021260286595631187,-0.00663099246683127,0.9595340415806954,-0.28159081672232916,3,3,instant_velocity,dbscan_kmeans_fallback,False
2180,233,9.76957992371,7.35812028497,0.019741627282999906,-0.010453299227000024,0.019072348234399995,-0.0024963815049999917,0.020975776374968405,-0.0047133938998431615,0.8837532818308279,-0.46795217868266403,3,3,instant_velocity,dbscan_kmeans_fallback,False
2180,237,0.429559288746,8.47027495163,-0.017847441296199994,-0.008305361030000036,-0.01400855769668,-0.004124041339000009,-0.015597119038236011,-0.005445742570235975,-0.9066385517559183,-0.4219070045437003,0,0,instant_velocity,dbscan_kmeans_fallback,False
2180,238,9.92700782571,8.18030329498,0.035084533775,-0.009092938368999982,0.030664766472399983,-0.0059092166407999965,0.03091471598723661,-0.0069898082387899255,0.9680170836200236,-0.25088318795810977,3,3,instant_velocity,dbscan_kmeans_fallback,False
2180,242,13.6147774766,3.68872586437,0.049017324040000074,0.00954639198799998,0.049328812394000006,0.004085855770999993,0.05037337664351951,0.004839323610611934,0.981557949758757,0.1911637799666118,-1,-1,instant_velocity,dbscan_kmeans_fallback,False
2180,243,5.30687773921,8.02254916737,0.03803104530999999,0.007326855851000058,0.038106812748800005,0.007140701207400006,0.03541884443857347,0.0063668619303217,0.981942966217004,0.18917583013379996,-1,-1,instant_velocity,dbscan_kmeans_fallback,False
2180,244,2.84275223571,7.9163455565,0.014585232097,0.0023627320179999247,0.012893092615599996,0.0018854124177999942,0.013312014412348633,0.0012794964600802922,0.9871308978505863,0.15991009006900367,4,4,instant_velocity,dbscan_kmeans_fallback,False
2180,245,2.9825010685,7.48413265921,0.010712674080000007,0.0014080928180000285,0.012884674011200001,0.0012076185863999988,0.012798495584824123,0.0007293934873798351,0.9914709603703273,0.1303206956664034,4,4,instant_velocity,dbscan_kmeans_fallback,False
2180,246,0.295703479024,4.25578154849,0.0,0.0,0.0,0.0,0.0,0.0,0.0,0.0,5,5,instant_velocity,dbscan_kmeans_fallback,False
2180,247,0.187945342896,3.36892173276,0.0,0.0,0.0,0.0,0.0,0.0,0.0,0.0,5,5,instant_velocity,dbscan_kmeans_fallback,False
2180,321,9.0260066914,10.5692878901,-0.018036859895000035,-0.020453144839999916,-0.01394962746600001,-0.01629569112399999,-0.014992132450836094,-0.0160682024580406,-0.6614145164567321,-0.7500200690763321,-1,-1,instant_velocity,dbscan_kmeans_fallback,False
2180,376,13.6372972433,8.45643268325,-0.020162557499999956,-0.007971237309999957,-0.00954248806999999,-0.0038519691674,-0.011395002280529547,-0.004567191307265462,-0.9299603914296197,-0.36765846639177424,-1,-1,instant_velocity,dbscan_kmeans_fallback,False
2180,377,13.0172670303,12.1406240114,-0.01052325549000006,-0.021479381980000056,-0.01052325549000006,-0.021479381980000056,-0.0053668602978000305,-0.010954484807699992,-0.4399597159021297,-0.8980170445024607,-1,-1,instant_velocity,dbscan_kmeans_fallback,False
2180,378,13.7974611917,11.0602110981,-0.022561859750000045,0.007684845550000041,-0.022561859750000045,0.007684845550000041,-0.017392794566172005,0.0065384670680520025,-0.9465955787684343,0.32242203886354276,2,2,instant_velocity,dbscan_kmeans_fallback,False
2180,379,14.0996890891,11.5692724509,-0.02163581326999999,0.012839897219999941,-0.02163581326999999,0.012839897219999941,-0.015299782191420011,0.008260397522639996,-0.8599654756223918,0.5103514336135644,2,2,instant_velocity,dbscan_kmeans_fallback,False
2190,64,1.25331972782,6.75407233189,-0.02420348760700002,0.0,-0.024876975957799998,-0.0006014226952000001,-0.024895566547257945,-0.0003799411190270613,-0.9999995868365736,0.0,0,0,instant_velocity,dbscan_kmeans_fallback,False
2190,65,1.26721042506,7.20752595135,-0.023256394612999998,0.0,-0.023121696943399998,-0.0005441443431999992,-0.023474625514800656,-0.0005216942733260886,-0.999999570010921,0.0,0,0,instant_velocity,dbscan_kmeans_fallback,False
2190,66,1.21375228721,6.22186097853,-0.026434417768999997,-0.0005489175390000156,-0.0252179294354,-0.0017135773620000094,-0.025595683518443484,-0.001258755918815582,-0.9997840935706269,-0.02076077593120791,0,0,instant_velocity,dbscan_kmeans_fallback,False
2190,70,0.714739512288,7.57028884691,-0.029928138589200005,-0.014319587983000037,-0.02896420838664,-0.011030855942799995,-0.029036332596661926,-0.010671783261065246,-0.9020620167323716,-0.4316057404045498,0,0,instant_velocity,dbscan_kmeans_fallback,False
2190,71,0.86543253078,8.30345175163,-0.028938952573999997,-0.00992824766800009,-0.028278092129200003,-0.008773134237399987,-0.02858302157726375,-0.007911449245110965,-0.9458822330674422,-0.32450908686625335,0,0,instant_velocity,dbscan_kmeans_fallback,False
2190,72,5.80820563034,3.97368566523,-0.03032802229699998,0.03579896995700001,-0.021357999324800012,0.03579896995700001,-0.021230770621290966,0.03402533060146493,-0.6463964126730881,0.7630014753677321,-1,-1,instant_velocity,dbscan_kmeans_fallback,False
2190,103,6.05381841327,3.26653667868,-0.0054089533169999985,0.025083144950000014,-0.006995860244000003,0.0346343101344,-0.005241751958768139,0.029799800027730337,-0.21079545748303688,0.9775297927291356,-1,-1,instant_velocity,dbscan_kmeans_fallback,False
2190,106,0.482175566152,5.1600635296,-0.032811510590599995,-0.0006921134199999734,-0.02763827819596,0.0004439072274000111,-0.028919601875233146,8.645085177467178e-05,-0.9997772992488332,-0.021088918899688905,0,0,instant_velocity,dbscan_kmeans_fallback,False
2190,107,0.448922078831,5.89227179513,-0.029822906033999997,0.003317371215999998,-0.02691006891678,0.0021240722175999947,-0.02774501391657492,0.0022907566361008496,-0.9938698076082364,0.11055378333862538,0,0,instant_velocity,dbscan_kmeans_fallback,False
2190,108,2.02846272657,7.93639297967,-0.032390580371000025,-0.015608350900999924,-0.0229912085756,-0.005470082609400002,-0.02570923917816051,-0.005919258515298245,-0.9008612853105907,-0.43410642517670306,0,0,instant_velocity,dbscan_kmeans_fallback,False
2190,109,1.99731389035,8.52492804576,-0.03314825476599999,-0.008353092990000022,-0.0285727432826,-0.0029737011046000105,-0.029869825898672573,-0.003485436159089316,-0.9696860294405835,-0.2443530626936384,0,0,instant_velocity,dbscan_kmeans_fallback,False
2190,110,10.8599996567,10.8158234632,0.02104651095999994,-0.0035321650400000236,0.02898525489799997,0.001431958797999968,0.02845990053665422,0.002873021764667271,0.9862073256644746,-0.16551185346228925,-1,-1,instant_velocity,dbscan_kmeans_fallback,False
2190,111,2.14969062972,6.26147850528,-0.023971975986000028,-0.008615618769999944,-0.0250200922322,-0.005637144469199988,-0.026235359660332348,-0.006285145116246378,-0.9410657267143003,-0.3382225788820442,0,0,instant_velocity,dbscan_kmeans_fallback,False
2190,112,1.82873133754,5.32068157481,-0.028244417711000013,-0.004104948555000032,-0.02676274334,-0.006935453779799996,-0.028986608529530278,-0.0061490235194778045,-0.9896027069753374,-0.1438255248732017,0,0,instant_velocity,dbscan_kmeans_fallback,False
2190,113,3.23063943275,8.69509248296,-0.049985463536000016,-0.007971237309999957,-0.05590795172100001,-0.008357866186000002,-0.05234590139088648,-0.006773795971365491,-0.987521786213535,-0.15748119452836135,0,0,instant_velocity,dbscan_kmeans_fallback,False
2190,114,7.96736718998,5.80539962803,-0.03243267339400004,-0.0023388660370000204,-0.036490440706999985,-0.0019092783978000049,-0.036010750606046055,-0.0017651228528642751,-0.9974095408844643,-0.0719276906906484,1,1,instant_velocity,dbscan_kmeans_fallback,False
2190,115,8.37945787463,7.02805378196,-0.036094766300999837,-0.0011217010590000242,-0.03435632449539998,0.0011312474506000036,-0.034976957832642916,0.0005039430858406573,-0.9995171964971904,-0.031061553036529212,1,1,instant_velocity,dbscan_kmeans_fallback,False
2190,116,8.47122066243,6.34835067238,-0.031569766444,0.0,-0.03507611516940003,-0.0015894742660000104,-0.03442191882661903,-0.0008450750206977622,-0.9999996832413426,0.0,1,1,instant_velocity,dbscan_kmeans_fallback,False
2190,117,8.37314392134,5.27605219227,-0.022351394641999887,0.0007159793999999664,-0.026505975906199984,0.0001241030959999989,-0.027334417549346072,0.00041028840282945347,-0.9994868950599468,0.03201643740333605,1,1,instant_velocity,dbscan_kmeans_fallback,False
2190,118,11.6660810265,10.674298202,-0.012396394960000024,0.022099897459999872,-0.013356115857999989,0.027011516131799987,-0.014108291836795281,0.02629462728960423,-0.4892175060779512,0.8721613626256682,2,2,instant_velocity,dbscan_kmeans_fallback,False
2190,119,11.9786217143,10.9874198592,-0.007366278840000007,0.01491623747999995,-0.01116727871800002,0.01809518601399997,-0.011108337055135961,0.018148922128011138,-0.4427914337174899,0.896623970243262,2,2,instant_velocity,dbscan_kmeans_fallback,False
2190,120,14.606278608,7.22017492073,0.0,0.0,0.0,0.0,0.0,0.0,0.0,0.0,3,3,instant_velocity,dbscan_kmeans_fallback,False
2190,121,14.9598599922,6.85979862316,0.0,0.0,0.0,0.0,0.0,0.0,0.0,0.0,3,3,instant_velocity,dbscan_kmeans_fallback,False
2190,232,9.59720899892,7.6609795708,0.018036859893999946,0.0,0.020032069133999998,-0.005250515593799996,0.020293258585141815,-0.004641694726781889,0.9999994455800779,0.0,4,4,instant_velocity,dbscan_kmeans_fallback,False
2190,233,9.96678573143,7.25382595249,0.01972058077200014,-0.01042943324800003,0.01703083667100003,-0.0043722475308000065,0.020599217694077923,-0.006428205704290223,0.8839890030997974,-0.46750673351798816,4,4,instant_velocity,dbscan_kmeans_fallback,False
2190,237,0.251084875783,8.38722134133,-0.017847441296300004,-0.008305361030000036,-0.015835394848140002,-0.006114464068600008,-0.01627221571565521,-0.006303628108165193,-0.9066385517568226,-0.42190700454175695,0,0,instant_velocity,dbscan_kmeans_fallback,False
2190,238,10.0242427064,8.15405071701,0.009723488069000119,-0.0026252577970000248,0.026493348000600003,-0.0055225877654000045,0.024557347611765663,-0.0056804431062529555,0.9654302223642078,-0.26065782163105294,4,4,instant_velocity,dbscan_kmeans_fallback,False
2190,242,14.0824309502,3.84099081659,0.04676534735999986,0.015226495222000036,0.049000486823999975,0.007131154815400001,0.04929096785846362,0.007955475094028365,0.9508678372921661,0.30959642980577057,-1,-1,instant_velocity,dbscan_kmeans_fallback,False
2190,243,5.67392889039,8.10035226207,0.03670511511800001,0.007780309470000013,0.038460394132799995,0.007675299158800009,0.035804725642401426,0.0067908961922251935,0.9782642800674594,0.2073607130205976,-1,-1,instant_velocity,dbscan_kmeans_fallback,False
2190,244,3.01407083495,7.94951926866,0.017131859924000015,0.003317371215999998,0.0135581623622,0.0019522371617999924,0.014457968065844047,0.001890858886856204,0.9817629552814602,0.19010616379271572,5,5,instant_velocity,dbscan_kmeans_fallback,False
2190,245,3.07742083294,7.50752131959,0.009491976444000016,0.0023388660380000204,0.011659767073200005,0.0009021340430000002,0.011806539842576892,0.0012122352525658908,0.9709573657705178,0.23924829781705934,5,5,instant_velocity,dbscan_kmeans_fallback,False
2190,246,0.605929050612,4.33740319999,0.031022557158799997,0.008162165149999989,0.031022557158799997,0.008162165149999989,0.00930676714764,0.002448649544999997,0.9670870141383009,0.254444657267013,6,6,instant_velocity,dbscan_kmeans_fallback,False
2190,247,0.511009286171,3.46892018883,0.0323063943275,0.00999984560699998,0.0323063943275,0.00999984560699998,0.009691918298250002,0.0029999536820999946,0.9552835421538727,0.2956903155334577,6,6,instant_velocity,dbscan_kmeans_fallback,False
2190,321,8.8380613485,10.3611765448,-0.018794534289999908,-0.020811134530000074,-0.01546497625539999,-0.017751515902,-0.01613285300258524,-0.01749108207962844,-0.6702345729224208,-0.7421488422390546,-1,-1,instant_velocity,dbscan_kmeans_fallback,False
2190,322,9.33349621656,12.6208075284,0.0,0.0,0.0,0.0,0.0,0.0,0.0,0.0,7,7,instant_velocity,dbscan_kmeans_fallback,False
2190,323,7.64261952583,11.9902683376,0.0,0.0,0.0,0.0,0.0,0.0,0.0,0.0,7,7,instant_velocity,dbscan_kmeans_fallback,False
2190,376,13.4579809699,8.42278165149,-0.017931627340000134,-0.003365103175999984,-0.013031999588000005,-0.0044533918626,-0.013355989798370722,-0.004206564867885818,-0.9828426161349366,-0.18444320453203125,-1,-1,instant_velocity,dbscan_kmeans_fallback,False
2190,377,12.8693100583,11.8036363742,-0.014795697199999935,-0.033698763720000004,-0.014795697199999935,-0.033698763720000004,-0.008195511368460001,-0.017777768481389997,-0.40201542123223954,-0.9156325997197059,-1,-1,instant_velocity,dbscan_kmeans_fallback,False
2190,378,13.5907844541,11.1499471828,-0.02066767376000005,0.008973608470000016,-0.02258290626200001,0.009064299192000008,-0.01837525832432042,0.0072690094886364055,-0.9172697408186871,0.3982654076636281,2,2,instant_velocity,dbscan_kmeans_fallback,False
2190,379,13.9544681635,11.7091270935,-0.014522092560000033,0.013985464259999959,-0.014522092560000033,0.013985464259999959,-0.015066475301994018,0.009977917543847987,-0.7202894483451696,0.6936729190415264,2,2,instant_velocity,dbscan_kmeans_fallback,False
2200,64,1.01128485175,6.75407233189,-0.024203487606999995,0.0,-0.024628627128400003,-0.00037708248360001305,-0.02468794286518056,-0.00026595878331894286,-0.9999995868365736,0.0,0,0,instant_velocity,dbscan_kmeans_fallback,False
2200,65,1.00560229379,7.18628522917,-0.026160813127000006,-0.002124072217999995,-0.0237993945964,-0.0005775567153999895,-0.024280481798460464,-0.0010024076567282606,-0.9967196847789822,-0.0809265591744062,0,0,instant_velocity,dbscan_kmeans_fallback,False
2200,66,0.94961857463,6.21637180314,-0.026413371257999994,-0.0005489175389999268,-0.025542045704199996,-0.0013985464261999957,-0.025840989840310434,-0.0010458044048708855,-0.9997837497726093,-0.020777311237431723,0,0,instant_velocity,dbscan_kmeans_fallback,False
2200,70,0.384098825067,7.45811874105,-0.03306406872210001,-0.011217010585999975,-0.030395371132060003,-0.013150154964200009,-0.03024465343429335,-0.010835351458545665,-0.9469884988064138,-0.321266572036604,0,0,instant_velocity,dbscan_kmeans_fallback,False
2200,71,0.576043005045,8.20393061515,-0.02893895257350001,-0.009952113647999994,-0.028593789793700006,-0.0093315981688,-0.028689800876134625,-0.008523648565977674,-0.9456425958781576,-0.3252067454986996,0,0,instant_velocity,dbscan_kmeans_fallback,False
2200,72,5.50766145379,4.327856808,-0.030054417654999988,0.035417114276999985,-0.024889603864400006,0.035722598821,-0.023877864731403672,0.03444286570412545,-0.6470215280822381,0.7624714497156604,-1,-1,instant_velocity,dbscan_kmeans_fallback,False
2200,103,5.9999393452,3.51736812818,-0.005387906807000053,0.025083144950000014,-0.006507581189800007,0.031736980166,-0.005285598413237713,0.02838480350441124,-0.21001148474516854,0.9776985203574489,-1,-1,instant_velocity,dbscan_kmeans_fallback,False
2200,106,0.154060460246,5.15290373561,-0.0328115105906,-0.0007159793990000552,-0.029886045566879998,-5.7278352000000866e-05,-0.030087174489843202,-0.00015427822345774635,-0.9997617027227342,-0.021815782637687013,0,0,instant_velocity,dbscan_kmeans_fallback,False
2200,107,0.150903483602,5.92544550729,-0.029801859522899998,0.003317371215999998,-0.028227580502960002,0.0026682165607999943,-0.028362067598472443,0.002598741010070594,-0.9938612259117858,0.11063090277990142,0,0,instant_velocity,dbscan_kmeans_fallback,False
2200,108,1.70476738797,7.78030947066,-0.03236953385999999,-0.015608350901000012,-0.025752510813800002,-0.00845333010580001,-0.02770732758271235,-0.008825986231008776,-0.9007508886069077,-0.4343354465520312,0,0,instant_velocity,dbscan_kmeans_fallback,False
2200,109,1.66583134269,8.44139711586,-0.03314825476600001,-0.008353092990000022,-0.030652138565800003,-0.005417577453600018,-0.030853354558870803,-0.004945733208362528,-0.9696860294405836,-0.24435306269363827,0,0,instant_velocity,dbscan_kmeans_fallback,False
2200,110,11.0864601146,10.7511466575,0.022646045790000003,-0.006467680569999956,0.026670138691,-0.0009641855899999996,0.026715744112657955,7.081106426710254e-05,0.9615528995790358,-0.2746182297476688,-1,-1,instant_velocity,dbscan_kmeans_fallback,False
2200,111,1.86387901084,6.18964190557,-0.028581161887999973,-0.0071836599710000115,-0.025243185248599996,-0.007336402243200002,-0.026939100328632636,-0.006554699572672468,-0.9698350489477304,-0.24376074166963044,0,0,instant_velocity,dbscan_kmeans_fallback,False
2200,112,1.54607669531,5.27987074906,-0.028265464223000004,-0.004081082575000039,-0.0268385107794,-0.006252886752600002,-0.028770265237571195,-0.005528641236134475,-0.989736464336807,-0.14290217229690286,0,0,instant_velocity,dbscan_kmeans_fallback,False
2200,113,2.8097092135,8.59175278968,-0.042093021924999974,-0.01033396932800006,-0.05269625414799999,-0.008921103313400031,-0.04927003755112053,-0.007841847978355862,-0.9711611383758957,-0.23842311522332293,0,0,instant_velocity,dbscan_kmeans_fallback,False
2200,114,7.67145324585,5.77556715307,-0.02959139441299996,-0.0029832474960000076,-0.034415254726,-0.0018806392215999957,-0.03408494374813223,-0.002130560245804995,-0.9949562756448774,-0.1003062166155677,1,1,instant_velocity,dbscan_kmeans_fallback,False
2200,115,8.01872067673,7.01659811158,-0.03607371979000007,-0.001145567038000017,-0.03531183609300001,-0.00012887629180001524,-0.03530598641985006,9.090048688454862e-06,-0.9994958735573247,-0.031740267819059365,1,1,instant_velocity,dbscan_kmeans_fallback,False
2200,116,8.15552299799,6.34835067238,-0.031569766444,0.0,-0.03407430124840001,-0.0011360206466000022,-0.03356627311183333,-0.0005915525144884335,-0.9999996832413426,0.0,1,1,instant_velocity,dbscan_kmeans_fallback,False
2200,117,8.13005671972,5.29180373905,-0.024308720161999985,0.0015751546779999791,-0.022608162075999978,0.0008257629069999872,-0.026426708333142247,0.0007597482853806113,-0.9979067927470175,0.06466229165205449,1,1,instant_velocity,dbscan_kmeans_fallback,False
2200,118,11.5930496335,10.8248925356,-0.007303139300000083,0.015059433360000086,-0.012126999616000021,0.022071258277400006,-0.012066746075756722,0.022924069110722985,-0.4363504454819228,0.8997761353588438,2,2,instant_velocity,dbscan_kmeans_fallback,False
2200,119,11.904958926,11.134195636,-0.007366278829999828,0.01467757768000002,-0.009167860173999998,0.01637683545599998,-0.00998571958759512,0.017107518793607803,-0.4485519718056223,0.8937560689233852,2,2,instant_velocity,dbscan_kmeans_fallback,False
2200,120,14.0801158339,7.04523728754,-0.05261627740999995,-0.01749376331899999,-0.05261627740999995,-0.01749376331899999,-0.015784883222999986,-0.005248128995699998,-0.9489262935796668,-0.31549727202676703,3,3,instant_velocity,dbscan_kmeans_fallback,False
2200,121,14.4547437291,6.68939552617,-0.05051162630999997,-0.017040309698999945,-0.05051162630999997,-0.017040309698999945,-0.015153487892999992,-0.005112092909699984,-0.9475339486779736,-0.31965456500442263,3,3,instant_velocity,dbscan_kmeans_fallback,False
2200,232,9.77757759787,7.6609795708,0.018036859895000035,0.0,0.01847041802059998,-0.004706371250399997,0.01961633897809928,-0.0032491863087473222,0.9999994455800779,0.0,4,4,instant_velocity,dbscan_kmeans_fallback,False
2200,233,10.1543101441,7.1605099708,0.01875244126699993,-0.009331598169,0.017834813389600013,-0.006396082632400013,0.020045184765954526,-0.007299223443703156,0.8952772848584238,-0.445508280931612,4,4,instant_velocity,dbscan_kmeans_fallback,False
2200,237,0.0728209279304,8.30440639083,-0.01782639478526,-0.008281495049999954,-0.017658022697592,-0.00810011360219999,-0.016738469436536646,-0.006896988190715622,-0.9069122061636625,-0.421318445855308,0,0,instant_velocity,dbscan_kmeans_fallback,False
2200,238,10.058127589,8.14402700542,0.003388488259999889,-0.0010023711589999707,0.021829441170199998,-0.004987989814000002,0.01820668980623593,-0.00427702152207706,0.9589205935466101,-0.28366465308110195,4,4,instant_velocity,dbscan_kmeans_fallback,False
2200,242,14.5500844237,3.99349442861,0.04676534735000004,0.015250361201999985,0.04867216125199999,0.010181227055799998,0.04853328170592454,0.010143940926419851,0.9507249038655888,0.31003507958948,-1,-1,instant_velocity,dbscan_kmeans_fallback,False
2200,243,6.02056492595,8.18459917137,0.034663603555999956,0.008424690929999912,0.03744174300239999,0.007765989882599982,0.03546238901648099,0.007281034613557609,0.9717123549825775,0.2361663365542844,-1,-1,instant_velocity,dbscan_kmeans_fallback,False
2200,244,3.18538943418,7.98293164062,0.017131859923000016,0.00334123719600008,0.014581022794800003,0.0023484124291999996,0.015260135622990837,0.0023259723795993666,0.9815068762892013,0.19142389080502437,5,5,instant_velocity,dbscan_kmeans_fallback,False
2200,245,3.17234059739,7.53090997996,0.009491976444999972,0.0023388660369999315,0.010935767096199998,0.0012171649785999961,0.011112170823303815,0.001550224487896103,0.9709573658001377,0.23924829769685207,5,5,instant_velocity,dbscan_kmeans_fallback,False
2200,246,0.9161546222,4.41902485149,0.0310225571588,0.008162165149999989,0.0310225571588,0.008162165149999989,0.015821504150988,0.0041627042264999956,0.9670870141383008,0.25444465726701293,6,6,instant_velocity,dbscan_kmeans_fallback,False
2200,247,0.834073229446,3.56867998512,0.0323063943275,0.009975979629000032,0.0323063943275,0.009975979629000032,0.016476261107025002,0.005092761466170007,0.9554827056798183,0.29504611102978867,6,6,instant_velocity,dbscan_kmeans_fallback,False
2200,321,8.62001949493,10.1397002506,-0.021804185356999996,-0.02214762941999986,-0.017578045956,-0.01947941285399999,-0.01783425270890967,-0.018888046281739866,-0.7015597309690154,-0.7126102022659738,-1,-1,instant_velocity,dbscan_kmeans_fallback,False
2200,322,9.51912644325,12.4523137098,0.018563022668999986,-0.016849381860000002,0.018563022668999986,-0.016849381860000002,0.005568906800699997,-0.005054814558000002,0.7404576197105114,-0.672102459180005,-1,-1,instant_velocity,dbscan_kmeans_fallback,False
2200,323,7.5304416224,11.8470724578,-0.011217790343000012,-0.014319587980000038,-0.011217790343000012,-0.014319587980000038,-0.003365337102900004,-0.004295876394000012,-0.6166882015103371,-0.7872068105877644,-1,-1,instant_velocity,dbscan_kmeans_fallback,False
2200,376,13.2811902778,8.39414247552,-0.01767906920999991,-0.0028639175969999544,-0.016466790178000002,-0.004954577441999995,-0.014652913621859479,-0.003803770686620059,-0.9871310147739041,-0.15991010896412575,-1,-1,instant_velocity,dbscan_kmeans_fallback,False
2200,377,12.7032530868,11.4141435811,-0.016605697149999977,-0.03894927931000005,-0.016605697149999977,-0.03894927931000005,-0.010718567102921994,-0.024129221729973012,-0.39218558726903363,-0.9198858585649932,-1,-1,instant_velocity,dbscan_kmeans_fallback,False
2200,378,13.4592437606,11.2917111038,-0.013154069349999986,0.014176392100000079,-0.020499301675999993,0.009799371376000003,-0.016808901632024288,0.009341224272045508,-0.6801807150367327,0.7330437645304912,2,2,instant_velocity,dbscan_kmeans_fallback,False
2200,379,13.809457703,11.8489817362,-0.014501046049999999,0.013985464270000136,-0.020002604018000022,0.013102423004000023,-0.01489684652639581,0.011180181561693633,-0.7197865754530289,0.6941947083206521,2,2,instant_velocity,dbscan_kmeans_fallback,False
2210,64,0.769249975681,6.75407233189,-0.024203487606899998,0.0,-0.02438027829898,-0.0001575154678000068,-0.02454260628769639,-0.00018617114832325998,-0.9999995868365736,0.0,0,0,instant_velocity,dbscan_kmeans_fallback,False
2210,65,0.736627883689,7.1597939914,-0.0268974410101,-0.0026491237770000175,-0.024569696897620005,-0.0009546391990000025,-0.025065569561952328,-0.0014964224928097876,-0.9951845134161001,-0.09801553077122939,0,0,instant_velocity,dbscan_kmeans_fallback,False
2210,66,0.685274396941,6.21064396794,-0.026434417768899997,-0.0005727835200000087,-0.025870371275180003,-0.0010882886867999986,-0.026019018218887302,-0.0009038981394096225,-0.9997649513072975,-0.021663003626134356,0,0,instant_velocity,dbscan_kmeans_fallback,False
2210,70,-0.0193627900855,7.41826255449,-0.04034616151525,-0.003985618655999978,-0.03263892920071,-0.011632278637999996,-0.033275105858580345,-0.00878043161778196,-0.9951558832143833,-0.09830704346603578,0,0,instant_velocity,dbscan_kmeans_fallback,False
2210,71,0.28665347931,8.10440947867,-0.028938952573499994,-0.009952113647999994,-0.028909487458200003,-0.009890062100200013,-0.028764546385344238,-0.00895218809058437,-0.9456425958781575,-0.3252067454986997,0,0,instant_velocity,dbscan_kmeans_fallback,False
2210,72,5.23132076485,4.64861557882,-0.02763406889399995,0.032075877082000034,-0.027941347954,0.034977980246000004,-0.02500472598018256,0.03373276911748783,-0.6527016469746643,0.7576147356325089,-1,-1,instant_velocity,dbscan_kmeans_fallback,False
2210,103,5.94584981203,3.76843823748,-0.0054089533169999985,0.02510701092999996,-0.0060277207396000065,0.028849196589399995,-0.0053226048843663986,0.027401465732087855,-0.21060397317437143,0.9775710653245344,-1,-1,instant_velocity,dbscan_kmeans_fallback,False
2210,108,1.25752903001,7.75047699569,-0.04472383579600001,-0.0029832474970000076,-0.030980464137,-0.0089067837254,-0.03281228004669865,-0.007073164610806145,-0.9977824788431725,-0.066555831573498,0,0,instant_velocity,dbscan_kmeans_fallback,False
2210,109,1.33771623678,8.40345020771,-0.032811510591,-0.003794690814999946,-0.0326641850138,-0.00695454656359999,-0.03144080136850956,-0.004600420490353753,-0.9933784452847451,-0.11488541655789895,0,0,instant_velocity,dbscan_kmeans_fallback,False
2210,110,11.377112431,10.5692878901,0.0290652316400001,-0.01818587673999996,0.025748301512000006,-0.005398484669999988,0.027420590370860597,-0.0054061952770130175,0.8477343778430075,-0.5304204382289051,1,1,instant_velocity,dbscan_kmeans_fallback,False
2210,111,1.57301622934,6.11947592445,-0.02908627815,-0.007016598112000061,-0.025916673599400003,-0.008009422878399999,-0.027583253675042843,-0.006693269134470746,-0.9721141025633899,-0.23450693627829847,0,0,instant_velocity,dbscan_kmeans_fallback,False
2210,112,1.26342205308,5.23882126351,-0.028265464223000004,-0.004104948554999943,-0.027347836344799998,-0.005484402197399998,-0.028618824933199838,-0.005101533431794115,-0.9896179444375449,-0.14372064505897408,0,0,instant_velocity,dbscan_kmeans_fallback,False
2210,113,2.44139527166,8.47242288983,-0.036831394184000034,-0.011932989984999942,-0.04792290546160001,-0.009474794048600011,-0.04553844454098438,-0.009069190580349086,-0.9513159646646501,-0.308216512853192,0,0,instant_velocity,dbscan_kmeans_fallback,False
2210,114,7.37553930172,5.7457346781,-0.02959139441300005,-0.0029832474970000076,-0.032996719887000016,-0.0022052165494000063,-0.03273687894759257,-0.0023863664211634986,-0.9949562756415218,-0.10030621664885225,2,2,instant_velocity,dbscan_kmeans_fallback,False
2210,115,7.7053381285,7.01158625578,-0.03133825482299999,-0.000501185579999941,-0.03513083609859999,-0.0010071443548000047,-0.03411566694079504,-0.00014399263991806392,-0.999871821123124,-0.01599072256657393,2,2,instant_velocity,dbscan_kmeans_fallback,False
2210,116,7.83982533355,6.34835067238,-0.03156976644399991,0.0,-0.03307248732659998,-0.0006825670272000117,-0.0329673211114833,-0.0004140867601419034,-0.9999996832413426,0.0,2,2,instant_velocity,dbscan_kmeans_fallback,False
2210,117,7.886759053,5.30779394563,-0.024329766672000108,0.001599020658000061,-0.023050138806200007,0.0010214639428000006,-0.025797625834799602,0.0010115299971664461,-0.9978468184526895,0.06558129791116148,2,2,instant_velocity,dbscan_kmeans_fallback,False
2210,118,11.5198077754,10.9752482094,-0.007324185809999939,0.015035567380000003,-0.010864208957999999,0.019985371627600015,-0.010643977996029688,0.02055751859150609,-0.43792885014044597,0.899008969016401,3,3,instant_velocity,dbscan_kmeans_fallback,False
2210,119,11.8315066027,11.2618786289,-0.007345232330000151,0.012768299290000052,-0.007362069533999999,0.014438917883999985,-0.00919357341031663,0.015805752942525477,-0.4986473135519126,0.866804187197873,3,3,instant_velocity,dbscan_kmeans_fallback,False
2210,120,13.5539530599,6.87029965435,-0.05261627740000012,-0.01749376331899999,-0.05261627740000012,-0.01749376331899999,-0.02683430147610003,-0.008921819292689995,-0.9489262935617154,-0.31549727208075945,4,4,instant_velocity,dbscan_kmeans_fallback,False
2210,121,13.949627466,6.51875376937,-0.05051162630999997,-0.017064175680000026,-0.05051162630999997,-0.017064175680000026,-0.025760929418099987,-0.008697717740789998,-0.9473982832368546,-0.32005642908558574,4,4,instant_velocity,dbscan_kmeans_fallback,False
2210,122,14.7660216262,5.2469356967,0.0,0.0,0.0,0.0,0.0,0.0,0.0,0.0,-1,-1,instant_velocity,dbscan_kmeans_fallback,False
2210,232,9.95794619682,7.6609795708,0.018036859895000035,0.0,0.018302045932999996,-0.0028973299685999977,0.019142495253169505,-0.0022744304161231256,0.9999994455800779,0.0,5,5,instant_velocity,dbscan_kmeans_fallback,False
2210,233,10.2530182805,7.16790842459,0.00987081363999991,0.0007398453790000481,0.016862464582799993,-0.006410402220399991,0.01699287342816814,-0.004887502796892194,0.997201809769513,0.0747430939126175,5,5,instant_velocity,dbscan_kmeans_fallback,False
2210,238,10.0920124717,8.13376463403,0.0033884882700000673,-0.0010262371390000525,0.017165534342000015,-0.004458165058799999,0.01376122934536517,-0.0033017862071539577,0.9570669598050064,-0.289857181256156,5,5,instant_velocity,dbscan_kmeans_fallback,False
2210,242,15.0179483624,4.14599804062,0.046786393870000074,0.01525036120100003,0.04796920778600001,0.012200288961400005,0.0480092153551472,0.011675867008793906,0.950766006419321,0.309909010209573,-1,-1,instant_velocity,dbscan_kmeans_fallback,False
2210,243,6.3672009615,8.26884608067,0.03466360355500005,0.00842469093000009,0.036423091871800005,0.007861453802600006,0.03522275337803671,0.007624131508490353,0.9717123549810128,0.23616633656072156,-1,-1,instant_velocity,dbscan_kmeans_fallback,False
2210,244,3.35670803342,8.01610535278,0.01713185992399997,0.003317371215999998,0.0155996739254,0.0027398145008000084,0.015821652913293578,0.002623392030519556,0.9817629552814602,0.19010616379271622,6,6,instant_velocity,dbscan_kmeans_fallback,False
2210,245,3.26726036183,7.55429864033,0.009491976444000016,0.0023388660370000204,0.010333836882599999,0.001684938186,0.010626112509512675,0.0017868169526272784,0.9709573657942805,0.23924829772062212,6,6,instant_velocity,dbscan_kmeans_fallback,False
2210,246,1.22616972868,4.500646503,0.031001510647999997,0.00816216515099999,0.031001510647999997,0.00816216515099999,0.0203755061000916,0.005362542503849994,0.9670444963632098,0.2546062021720009,7,7,instant_velocity,dbscan_kmeans_fallback,False
2210,247,1.15713717272,3.6686784412,0.03230639432739999,0.00999984560799998,0.03230639432739999,0.00999984560799998,0.021225301073137498,0.006564886708718999,0.9552835421452617,0.2956903155612772,7,7,instant_velocity,dbscan_kmeans_fallback,False
2210,321,8.40197764136,9.91798529669,-0.021804185356999996,-0.02217149539100003,-0.019695324958799994,-0.021207309802199995,-0.019025232503336768,-0.019873081014517915,-0.7011759369822788,-0.7129878415793145,-1,-1,instant_velocity,dbscan_kmeans_fallback,False
2210,322,9.70496713505,12.2840585511,0.01858406917999993,-0.016825515870000095,0.01858406917999993,-0.016825515870000095,0.009473455514489977,-0.008586024951600029,0.7413100377965478,-0.6711621488667012,1,1,instant_velocity,dbscan_kmeans_fallback,False
2210,323,7.41826371897,11.7038765779,-0.011217790343000012,-0.014319587990000038,-0.011217790343000012,-0.014319587990000038,-0.005721073074930007,-0.007302989872800021,-0.6166882012434589,-0.787206810796834,-1,-1,instant_velocity,dbscan_kmeans_fallback,False
2210,376,13.0656740056,8.40249556851,-0.021551627220000036,0.0008353092989999312,-0.019501697056000005,-0.004262464022999985,-0.016722527701301646,-0.002412046690934062,-0.9992492702292658,0.03872942859121147,-1,-1,instant_velocity,dbscan_kmeans_fallback,False
2210,377,12.6784182038,11.0690415107,-0.002483488300000047,-0.03451020703999994,-0.010986278724000017,-0.030023402803999986,-0.008248043462045409,-0.027243517322981088,-0.0717782338255563,-0.9974203261941793,-1,-1,instant_velocity,dbscan_kmeans_fallback,False
2210,378,13.327703067,11.4332363651,-0.013154069359999987,0.014152526129999999,-0.018415697092000017,0.010529670364000019,-0.015712451950416997,0.010784614829431856,-0.6807963474877521,0.732472045975967,3,3,instant_velocity,dbscan_kmeans_fallback,False
2210,379,13.6661309633,11.9680729762,-0.01433267396999991,0.011909123999999948,-0.017931627339999992,0.013011732279999997,-0.01472759475947704,0.011398864293185528,-0.7691377452529531,0.6390821978139121,3,3,instant_velocity,dbscan_kmeans_fallback,False
2220,64,0.527215099612,6.75407233189,-0.024203487606899998,0.0,-0.024203487606960002,0.0,-0.02444087068345747,-0.00013031980382628198,-0.9999995868365736,0.0,0,0,instant_velocity,dbscan_kmeans_fallback,False
2220,65,0.467653473588,7.13330275364,-0.0268974410101,-0.0026491237760000175,-0.025297906177040003,-0.001484463954200006,-0.02561513099639663,-0.0018422328777668567,-0.9951845134197091,-0.09801553073458562,0,0,instant_velocity,dbscan_kmeans_fallback,False
2220,66,0.420930219251,6.20515479255,-0.026434417769,-0.0005489175390000156,-0.02619869684618,-0.0007732577510000027,-0.02614363808392111,-0.0007974039592867405,-0.9997840935706269,-0.020760775931207908,0,0,instant_velocity,dbscan_kmeans_fallback,False
2220,72,4.95519054102,4.96937434963,-0.027613022383000008,0.032075877080999946,-0.0291915107052,0.034233361670799996,-0.025787214901027793,0.03323570150654146,-0.6524161783052793,0.7578605793569163,-1,-1,instant_velocity,dbscan_kmeans_fallback,False
2220,103,6.0106730658,3.97654958283,0.00648232537700002,0.020811134535000032,-0.0031653952485999957,0.025102237734,-0.0017811258059564725,0.02542436637296151,0.2973905783988036,0.9547554274980291,-1,-1,instant_velocity,dbscan_kmeans_fallback,False
2220,108,0.810290672058,7.72064452073,-0.04472383579519999,-0.0029832474960000076,-0.03621262676224,-0.009365010540800007,-0.036385746771249054,-0.005846189476364303,-0.997782478844575,-0.06655583155247224,0,0,instant_velocity,dbscan_kmeans_fallback,False
2220,109,1.0102325262,8.37695896994,-0.03274837105799999,-0.0026491237769999286,-0.0330009291894,-0.006300618712399988,-0.031833072275356686,-0.004015031476347606,-0.9967438042670721,-0.08062989474452731,0,0,instant_velocity,dbscan_kmeans_fallback,False
2220,110,11.6694484683,10.4115337625,0.029233603730000012,-0.01577541276000005,0.02486013875000001,-0.009345917756000013,0.02796449437860242,-0.008516960521909128,0.8800401853714701,-0.47489858923465317,-1,-1,instant_velocity,dbscan_kmeans_fallback,False
2220,111,1.28194298273,6.04930994334,-0.029107324661000012,-0.007016598110999972,-0.0269437433342,-0.007689618746800004,-0.028040474970829992,-0.006790267827429514,-0.9721527462166205,-0.2343466877203762,0,0,instant_velocity,dbscan_kmeans_fallback,False
2220,112,0.919311598844,5.18655476737,-0.0344110454236,-0.005226649614000056,-0.029086278150319993,-0.004940257854199999,-0.030356491080319885,-0.005139068286455897,-0.9886604507324036,-0.1501663695359198,0,0,instant_velocity,dbscan_kmeans_fallback,False
2220,113,2.07308132981,8.35309298997,-0.03683139418499999,-0.011932989986000031,-0.0431453474732,-0.010023711588000027,-0.042926329434189066,-0.009928330402044369,-0.9513159646595296,-0.3082165128689963,0,0,instant_velocity,dbscan_kmeans_fallback,False
2220,114,7.09877768256,5.73069911072,-0.02767616191600002,-0.0015035567380000004,-0.031195138548599993,-0.002233855725399998,-0.031218663838114807,-0.0021215235162144494,-0.9985271987915886,-0.05424676667148018,1,1,instant_velocity,dbscan_kmeans_fallback,False
2220,115,7.39174511516,7.00633574019,-0.03135930133400002,-0.0005250515590000226,-0.034187952407599996,-0.0008878144548000044,-0.03328875725875653,-0.00025831031564265154,-0.9998595451604432,-0.01674073689895504,1,1,instant_velocity,dbscan_kmeans_fallback,False
2220,116,7.50476487903,6.36720479656,-0.03350604545200007,0.0018854124180000653,-0.03245792920640001,0.00014796907600000964,-0.033128938413638336,0.00027576299330068734,-0.9984202501910361,0.056181919193944864,1,1,instant_velocity,dbscan_kmeans_fallback,False
2220,117,7.64367185138,5.32378415221,-0.024308720161999985,0.0015990206579999723,-0.023483696932000003,0.0012219381745999947,-0.025350954132959718,0.001187777195416504,-0.9978431007984224,0.06563783370683846,1,1,instant_velocity,dbscan_kmeans_fallback,False
2220,118,11.4465659172,11.1256038832,-0.007324185820000118,0.015035567380000003,-0.009601418302000014,0.018219289110000005,-0.009648040343220816,0.018900933228054265,-0.43792885062370573,0.8990089687809939,2,2,instant_velocity,dbscan_kmeans_fallback,False
2220,119,11.7580542794,11.3895616217,-0.007345232329999974,0.012768299280000051,-0.007357860233999993,0.014009330242000004,-0.008639071086221632,0.014894516843767849,-0.49864731384533245,0.8668041870290767,2,2,instant_velocity,dbscan_kmeans_fallback,False
2220,120,13.0261065649,6.71350016594,-0.05278464950000004,-0.01567994884099999,-0.05278464950000004,-0.01567994884099999,-0.03461940588327003,-0.010949258157182994,-0.9585995792297999,-0.28475688488425727,3,3,instant_velocity,dbscan_kmeans_fallback,False
2220,121,13.4445112029,6.34835067238,-0.05051162631000015,-0.017040309699000035,-0.05051162631000015,-0.017040309699000035,-0.033186138485670036,-0.01120049532825301,-0.9475339486779735,-0.31965456500442313,3,3,instant_velocity,dbscan_kmeans_fallback,False
2220,122,14.2583797818,5.21185270614,-0.05076418444000001,-0.0035082990559999415,-0.05076418444000001,-0.0035082990559999415,-0.015229255332000006,-0.0010524897167999826,-0.997620247054291,-0.06894526543854383,-1,-1,instant_velocity,dbscan_kmeans_fallback,False
2220,123,14.949968132,8.10918267466,0.0,0.0,0.0,0.0,0.0,0.0,0.0,0.0,-1,-1,instant_velocity,dbscan_kmeans_fallback,False
2220,232,9.98299154487,7.6633661688,0.0025045348049999917,0.0002386597999999296,0.015031418129599992,-0.0010405567268000127,0.01415110711871865,-0.0015205033512862088,0.9954865371450152,0.09486097673042823,4,4,instant_velocity,dbscan_kmeans_fallback,False
2220,233,10.3515159518,7.17554553818,0.009849767130000053,0.0007637113589999522,0.015587046018399988,-0.00574215478120001,0.014849941538717713,-0.00319213855012455,0.9970065623608841,0.07730388207385948,4,4,instant_velocity,dbscan_kmeans_fallback,False
2220,238,10.1258973543,8.12374092245,0.003388488259999889,-0.0010023711579998818,0.010994697326799995,-0.002949835124399982,0.010649407019755584,-0.0026119616924077348,0.9589205936235947,-0.2836646528208565,4,4,instant_velocity,dbscan_kmeans_fallback,False
2220,243,6.71383699705,8.35309298997,0.03466360355499996,0.008424690929999912,0.03574539421879999,0.008076247622199996,0.03505500843112568,0.00786429933494322,0.9717123549810138,0.23616633656071748,-1,-1,instant_velocity,dbscan_kmeans_fallback,False
2220,244,3.54633709719,8.04474452874,0.018962906377,0.002863917596000043,0.016988743649,0.0030405258484000088,0.016764028952405505,0.0026955497001637024,0.988786315974511,0.14933378210621434,5,5,instant_velocity,dbscan_kmeans_fallback,False
2220,245,3.36218012627,7.5776873007,0.009491976444000016,0.0023388660370000204,0.009736115971400006,0.0021527113934000043,0.010285871689858877,0.001952431677939101,0.9709573657942805,0.23924829772062212,5,5,instant_velocity,dbscan_kmeans_fallback,False
2220,246,1.53639530027,4.5822681545,0.031022557158999996,0.008162165150000077,0.031022557158999996,0.008162165150000077,0.02356962141776412,0.006202429297695019,0.9670870141387038,0.2544446572654814,6,6,instant_velocity,dbscan_kmeans_fallback,False
2220,247,1.480201116,3.76867689728,0.032306394328,0.009999845608000024,0.032306394328,0.009999845608000024,0.024549629049596247,0.007595374378503307,0.9552835421468125,0.29569031555626685,6,6,instant_velocity,dbscan_kmeans_fallback,False
2220,321,8.21508462401,9.73326261171,-0.018689301735000007,-0.018472268498000054,-0.019825813326799988,-0.020811134535799986,-0.01892445327283574,-0.019452837259562556,-0.711224068727443,-0.7029648376412907,7,7,instant_velocity,dbscan_kmeans_fallback,False
2220,322,9.89059736174,12.1155647325,0.018563022668999986,-0.016849381860000002,0.018563022668999986,-0.016849381860000002,0.01220032566084298,-0.011065032024120021,0.7404576197105114,-0.672102459180005,-1,-1,instant_velocity,dbscan_kmeans_fallback,False
2220,323,7.30587535043,11.5606806981,-0.011238836853999956,-0.014319587979999859,-0.011238836853999956,-0.014319587979999859,-0.007376402208650992,-0.009407969304959973,-0.6174044305733168,-0.7866451998268645,7,7,instant_velocity,dbscan_kmeans_fallback,False
2220,376,12.792069363,8.46597907524,-0.02736046426000005,0.006348350672999992,-0.020937069106000017,-0.0014033196221999943,-0.01991390866891117,0.00021607251824615442,-0.9741218308529126,0.22602200466020383,-1,-1,instant_velocity,dbscan_kmeans_fallback,False
2220,377,12.6889414593,10.7349177911,0.0010523255500000772,-0.03341237195999991,-0.008671162517999988,-0.03241000080199999,-0.005457932758431763,-0.029094173714086735,0.03147946821702854,-0.9995040994398317,-1,-1,instant_velocity,dbscan_kmeans_fallback,False
2220,378,13.1961623735,11.5750002861,-0.013154069349999986,0.014176392099999902,-0.01653834831400001,0.011832752870000008,-0.014944937170291894,0.011802148010602271,-0.6801807150367372,0.7330437645304869,2,2,instant_velocity,dbscan_kmeans_fallback,False
2220,379,13.5259612003,12.0554224629,-0.014016976300000117,0.008734948669999909,-0.01580172043000001,0.012290979683999979,-0.014514409221633964,0.010599689606229841,-0.8486953669919733,0.5288808590724065,2,2,instant_velocity,dbscan_kmeans_fallback,False
2230,64,0.285180223543,6.75407233189,-0.024203487606899998,0.0,-0.02420348760694,0.0,-0.024369655760490227,-9.122386267839738e-05,-0.9999995868365736,0.0,0,0,instant_velocity,dbscan_kmeans_fallback,False
2230,65,0.198679063486,7.10681151587,-0.0268974410102,-0.0026491237770000175,-0.02602190615408,-0.0020142887096000093,-0.025999824000537644,-0.0020843001475368047,-0.9951845134161357,-0.09801553077086848,0,0,instant_velocity,dbscan_kmeans_fallback,False
2230,72,4.67884985209,5.29013312045,-0.02763406889300004,0.032075877082000034,-0.028652720024399992,0.0334887430958,-0.02634127109861947,0.03288775417917903,-0.6527016469611083,0.7576147356441876,-1,-1,instant_velocity,dbscan_kmeans_fallback,False
2230,103,6.10496143491,4.17415989699,0.009428836911000004,0.019761031415999986,-5.893023060000502e-05,0.023169093356200002,0.0015818630091304709,0.023725365885873054,0.43063399331359453,0.9025261494065804,-1,-1,instant_velocity,dbscan_kmeans_fallback,False
2230,108,0.363052314104,7.69081204577,-0.0447238357954,-0.0029832474959999187,-0.03978632432352,-0.008033288858199974,-0.03888717347849434,-0.004987306882254988,-0.9977824788445949,-0.06655583155217394,0,0,instant_velocity,dbscan_kmeans_fallback,False
2230,109,0.682748815625,8.35046773217,-0.0327483710575,-0.0026491237770001064,-0.0329209524477,-0.005159824869800005,-0.03210766190999968,-0.003605259166543356,-0.9967438042669726,-0.0806298947457557,0,0,instant_velocity,dbscan_kmeans_fallback,False
2230,110,11.9777798539,10.4711987124,0.030833138559999897,0.005966494990000015,0.026564906135999992,-0.007598928023999996,0.028825087633021662,-0.004171923868336384,0.9817867207095186,0.18998473149150297,-1,-1,instant_velocity,dbscan_kmeans_fallback,False
2230,111,0.921416249941,5.96243777624,-0.036052673278899994,-0.008687216710000011,-0.029359882792779998,-0.0077039383348,-0.030444134463250994,-0.007359352492200663,-0.9721750670244719,-0.23425434840758788,0,0,instant_velocity,dbscan_kmeans_fallback,False
2230,112,0.548893005903,5.12927641544,-0.0370418592941,-0.005727835192999997,-0.031245650174940007,-0.004649092898400014,-0.03236210154445392,-0.005315698358419127,-0.9882545129472404,-0.15281519574806776,0,0,instant_velocity,dbscan_kmeans_fallback,False
2230,113,1.71655343411,8.33686412359,-0.035652789569999996,-0.0016228866379998763,-0.04027881268,-0.008758814649399973,-0.040744267474932344,-0.007436697272831021,-0.998965328250347,-0.04547210758528729,0,0,instant_velocity,dbscan_kmeans_fallback,False
2230,114,6.85127071364,5.73762024491,-0.02475069689199998,0.0006921134189999733,-0.02880846420560001,-0.0018233608698000126,-0.02927827375428036,-0.0012774324356501225,-0.9996088498074627,0.02795245328734538,1,1,instant_velocity,dbscan_kmeans_fallback,False
2230,115,7.07836256693,7.00132388439,-0.03133825482299999,-0.0005011855800000298,-0.033240859414199984,-0.0007589381632000069,-0.032703606528029575,-0.000331172894949865,-0.999871821123124,-0.01599072256657676,1,1,instant_velocity,dbscan_kmeans_fallback,False
2230,116,7.15034163442,6.40491304491,-0.03544232446099995,0.0037708248349999527,-0.03273153384899999,0.0011312474506000036,-0.03382295422784682,0.0013242815458104672,-0.9943875575321502,0.10579614499278205,1,1,instant_velocity,dbscan_kmeans_fallback,False
2230,117,7.40037418465,5.33953569899,-0.02432976667299993,0.0015751546779999791,-0.02392567366219998,0.0014128660143999917,-0.02504459789497178,0.0013039904401915465,-0.9979104009555959,0.06460658901568604,1,1,instant_velocity,dbscan_kmeans_fallback,False
2230,118,11.3733240591,11.2761982169,-0.007324185809999939,0.015059433369999908,-0.008334418340000021,0.016457979789999976,-0.008950883983254554,0.01774848327063796,-0.43736767214380307,0.8992821164980277,2,2,instant_velocity,dbscan_kmeans_fallback,False
2230,119,11.6848124213,11.5172446146,-0.007324185809999939,0.012768299289999873,-0.00734944162799998,0.01357974260399999,-0.008244605503355124,0.014256651577637457,-0.4975726440642243,0.8674215268070388,2,2,instant_velocity,dbscan_kmeans_fallback,False
2230,120,12.4913147214,6.62949191644,-0.053479184349999896,-0.008400824950000007,-0.053479184349999896,-0.008400824950000007,-0.04027733942328899,-0.010184728195028098,-0.987885572713404,-0.15518287849496393,3,3,instant_velocity,dbscan_kmeans_fallback,False
2230,121,12.9065623827,6.19178984377,-0.053794882019999865,-0.015656082861,-0.053794882019999865,-0.015656082861,-0.03936876154596898,-0.012537171588077108,-0.9601632236617434,-0.27943912924921716,3,3,instant_velocity,dbscan_kmeans_fallback,False
2230,122,13.7507379374,5.17676971558,-0.05076418444000001,-0.0035082990560000304,-0.05076418444000001,-0.0035082990560000304,-0.02588973406440001,-0.001789232518559997,-0.997620247054291,-0.06894526543854558,3,3,instant_velocity,dbscan_kmeans_fallback,False
2230,123,14.4355914041,7.80870998682,-0.05143767279000002,-0.030047268783999926,-0.05143767279000002,-0.030047268783999926,-0.015431301837000009,-0.00901418063519998,-0.8634720322286079,-0.5043963856172665,-1,-1,instant_velocity,dbscan_kmeans_fallback,False
2230,232,9.99077875392,7.6659914266,0.0007787209050000854,0.00026252578000001136,0.011478767078800018,0.00010023711599998819,0.010139391254603081,-0.0009855946119003427,0.9475885471507547,0.3194551743282173,4,4,instant_velocity,dbscan_kmeans_fallback,False
2230,233,10.4502240882,7.18294399198,0.009870813640000087,0.0007398453800000482,0.013612883289800023,-0.0035035258597999963,0.013356203169102424,-0.0020125433710871704,0.9972018097619831,0.07474309401307709,4,4,instant_velocity,dbscan_kmeans_fallback,False
2230,238,10.159782237,8.11371721086,0.0033884882700000673,-0.0010023711589999707,0.0046554882258000065,-0.00133172168239998,0.00847113139482893,-0.0021290845323854056,0.9589205937743355,-0.2836646523113098,4,4,instant_velocity,dbscan_kmeans_fallback,False
2230,243,7.09583117102,8.44139711586,0.03819941739700008,0.00883041258899997,0.03577906863620001,0.008376958969799978,0.035998331120888,0.008154133311160244,0.9743061451322472,0.2252266090893703,-1,-1,instant_velocity,dbscan_kmeans_fallback,False
2230,244,3.80941848422,8.05476824033,0.026308138703000018,0.0010023711589999707,0.019333324970200003,0.002768453676600018,0.01962726187758386,0.0021875961378145826,0.9992745597698249,0.038073541041557746,5,5,instant_velocity,dbscan_kmeans_fallback,False
2230,245,3.62947081549,7.60012132187,0.026729068921999978,0.0022434021169999594,0.0129393949398,0.0023197732531999903,0.015218830859501209,0.002039722809657359,0.9964959080507749,0.08363707079459441,5,5,instant_velocity,dbscan_kmeans_fallback,False
2230,246,1.80368598949,4.63381867124,0.026729068922,0.0051550516739999885,0.03015965020932,0.007560742455000007,0.024517455669034884,0.00588821601058651,0.9819048052442058,0.18937322600925185,6,6,instant_velocity,dbscan_kmeans_fallback,False
2230,247,1.78811157138,3.85483308497,0.030791045538000005,0.008615618768999989,0.03200332456968,0.0097182270442,0.026422053996117377,0.007901447695652312,0.9630114034004351,0.269459480083531,6,6,instant_velocity,dbscan_kmeans_fallback,False
2230,321,8.074914861,9.60414766007,-0.014016976301000027,-0.012911495164000008,-0.019021836607999987,-0.019302804600600007,-0.017452210181285028,-0.01749043463089379,-0.7355153736410042,-0.6775072587613605,7,7,instant_velocity,dbscan_kmeans_fallback,False
2230,322,10.0665461934,11.9391951405,0.01759488316600013,-0.017636959199999858,0.01759488316600013,-0.017636959199999858,0.013818692912390126,-0.013036610176883972,0.7062615236083771,-0.7079504625799907,-1,-1,instant_velocity,dbscan_kmeans_fallback,False
2230,323,7.2745160491,11.3909935805,-0.00313593013300002,-0.016968711760000053,-0.00313593013300002,-0.016968711760000053,-0.0061042605859557,-0.011676192041471998,-0.18172921655879734,-0.9833480222363236,7,7,instant_velocity,dbscan_kmeans_fallback,False
2230,376,12.5184647205,8.52970124176,-0.027360464249999873,0.006372216651999984,-0.022376650456,0.0014653711701999939,-0.022147875343237783,0.0020629157583723036,-0.9739344507312162,0.22682807090548338,-1,-1,instant_velocity,dbscan_kmeans_fallback,False
2230,377,12.7872286655,10.4225121133,0.00982872062000002,-0.031240567780000107,-0.004600767295999972,-0.034362237962000004,-0.0008719367449022278,-0.029738091933860747,0.3001115110686624,-0.9539038055492906,-1,-1,instant_velocity,dbscan_kmeans_fallback,False
2230,378,13.0728298193,11.7477899811,-0.012333255419999922,0.017278969500000053,-0.014492627447999985,0.013751577660000009,-0.014161432645204301,0.013445194457421605,-0.5809613549130469,0.8139305633728056,2,2,instant_velocity,dbscan_kmeans_fallback,False
2230,379,13.3855809722,12.1430106094,-0.014038022809999972,0.008758814649999992,-0.014282162338000006,0.011474763169999989,-0.014371493298143766,0.010047427119360887,-0.848403608313292,0.5293487590228051,2,2,instant_velocity,dbscan_kmeans_fallback,False
2240,72,4.49090450919,5.76816869927,-0.018794534289999998,0.04780355788200001,-0.026346022422999996,0.035889660680800003,-0.02407725005603363,0.037362495290025326,-0.3658979346743624,0.9306547759694525,-1,-1,instant_velocity,dbscan_kmeans_fallback,False
2240,103,6.19924980402,4.37153155135,0.009428836911000004,0.019737165436000036,0.0029086278149999954,0.022099897453400005,0.003935955179691331,0.022528905750911148,0.43105800368364167,0.9023237130435869,-1,-1,instant_velocity,dbscan_kmeans_fallback,False
2240,109,0.355475570158,8.32397649441,-0.0327273245467,-0.0026491237760000175,-0.03283676640384,-0.004019031027000004,-0.03229356070100978,-0.0033184185493803546,-0.9967396355497776,-0.08068140929909154,0,0,instant_velocity,dbscan_kmeans_fallback,False
2240,110,12.2859007744,10.5308636624,0.030812092050000038,0.005966495000000016,0.02851802235400001,-0.005699196015999988,0.029421188958115175,-0.0011303982078354634,0.981762507591215,0.19010981413481967,-1,-1,instant_velocity,dbscan_kmeans_fallback,False
2240,111,0.491436030976,5.85862076337,-0.0429980218965,-0.010381701286999955,-0.03316509197488,-0.008057154838200003,-0.0342103006932257,-0.00826605713064045,-0.972067195936871,-0.2347017563598596,1,1,instant_velocity,dbscan_kmeans_fallback,False
2240,112,0.178474412962,5.07199806351,-0.037041859294100005,-0.005727835192999997,-0.033005138491560004,-0.004973670226000006,-0.03376602886934774,-0.005439339408793388,-0.9882545129472405,-0.15281519574806776,1,1,instant_velocity,dbscan_kmeans_fallback,False
2240,113,1.36297204993,8.34641051558,-0.03535813841799999,0.0009546391989999847,-0.0373533476564,-0.006973639347599985,-0.039128428757852635,-0.004919296331281719,-0.9996354398487971,0.02698929350600217,0,0,instant_velocity,dbscan_kmeans_fallback,False
2240,114,6.60355327961,5.7447800389,-0.024771743403000014,0.0007159793990000552,-0.027276278207400004,-0.0012123917825999976,-0.027926314648896257,-0.0006794088852550692,-0.9995821644839866,0.028890991874707762,2,2,instant_velocity,dbscan_kmeans_fallback,False
2240,115,6.76498001869,6.9963120286,-0.03133825482399999,-0.0005011855789999409,-0.032289557118800015,-0.0006348350671999903,-0.0322940010168207,-0.0003821767001648878,-0.9998718211236424,-0.01599072253416616,2,2,instant_velocity,dbscan_kmeans_fallback,False
2240,116,6.7957079247,6.44262129326,-0.03546337097199999,0.0037708248350000416,-0.03351025475459998,0.001885412417600012,-0.03431507925109277,0.0020582445325673395,-0.9943941611496636,0.10573406012651025,2,2,instant_velocity,dbscan_kmeans_fallback,False
2240,117,7.14213349514,5.34597951358,-0.025824068951,0.0006443814589999874,-0.024620208524,0.0013985464261999957,-0.025278439211780242,0.0011061077458340788,-0.9996884385187103,0.024944972683445407,2,2,instant_velocity,dbscan_kmeans_fallback,False
2240,118,11.2899798756,11.484548222,-0.00833441834999995,0.020835000510000156,-0.007522023018000006,0.01620500040000003,-0.008765944293278174,0.018674438442446616,-0.3714065744463023,0.9284698515291311,3,3,instant_velocity,dbscan_kmeans_fallback,False
2240,119,11.611360098,11.6449276074,-0.007345232329999974,0.012768299280000051,-0.007345232325999973,0.013150154964000009,-0.007974793551348579,0.013810145888346234,-0.49864731384533245,0.8668041870290767,3,3,instant_velocity,dbscan_kmeans_fallback,False
2240,120,11.9567333429,6.54572232674,-0.053458137850000045,-0.008376958970000015,-0.052990905302000006,-0.013489051879799999,-0.04423157895130231,-0.009642397427519673,-0.9879437521622585,-0.15481205686125663,4,4,instant_velocity,dbscan_kmeans_fallback,False
2240,121,12.2920042626,6.06768674791,-0.061455812009999986,-0.012410309585999979,-0.05335711459199999,-0.015842237504999995,-0.04599487668517828,-0.012499112987453969,-0.9802133582033471,-0.19794305595794262,4,4,instant_velocity,dbscan_kmeans_fallback,False
2240,122,13.2433065581,5.14168672503,-0.05074313792999998,-0.0035082990550000305,-0.05074313792999998,-0.0035082990550000305,-0.03334575522408,-0.002304952479492007,-0.9976182796961389,-0.06897372552593974,4,4,instant_velocity,dbscan_kmeans_fallback,False
2240,123,13.9210042111,7.50799863919,-0.05145871930000005,-0.030071134763000006,-0.05145871930000005,-0.030071134763000006,-0.026239527075900024,-0.015331266873539988,-0.8633874604443517,-0.5045411356692355,-1,-1,instant_velocity,dbscan_kmeans_fallback,False
2240,124,14.8952472035,6.08892747009,0.0,0.0,0.0,0.0,0.0,0.0,0.0,0.0,-1,-1,instant_velocity,dbscan_kmeans_fallback,False
2240,232,9.99856596298,7.66861668439,0.0007787209059999967,0.0002625257790000113,0.00802713928120003,0.00015274227179999046,0.007331190150022155,-0.0006111584946302365,0.9475885476433021,0.31945517286722014,5,5,instant_velocity,dbscan_kmeans_fallback,False
2240,233,10.4615892042,7.20370739455,0.0011365115999998564,0.002076340257000009,0.009896069455399968,-0.0010023711587999883,0.009690295698371652,-0.0007858782826610165,0.48013972332646865,0.8771872073524977,5,5,instant_velocity,dbscan_kmeans_fallback,False
2240,238,10.1936671196,8.10345483947,0.0033884882600000664,-0.0010262371390000525,0.0033884882639999957,-0.0010119175507999857,0.00694633845438027,-0.0017982303143697996,0.9570669595676939,-0.28985718203970107,5,5,instant_velocity,dbscan_kmeans_fallback,False
2240,243,7.477825345,8.52993990156,0.038199417397999993,0.008854278570000141,0.036077929092200006,0.008591752789800004,0.0366586570040216,0.008364176888812214,0.9741724146823315,0.22580433216917775,-1,-1,instant_velocity,dbscan_kmeans_fallback,False
2240,244,4.07249987125,8.06479195192,0.026308138702999972,0.0010023711589999707,0.021168580725999996,0.0023054536652000125,0.021631524925208694,0.0018320286441701988,0.9992745597698249,0.03807354104155781,6,6,instant_velocity,dbscan_kmeans_fallback,False
2240,245,4.06955335972,7.62183936365,0.04400825442300005,0.00217180417800007,0.019842650535600005,0.0022863608812000004,0.023855657928550864,0.0020793472201601723,0.9987842853490343,0.04928993236114759,6,6,instant_velocity,dbscan_kmeans_fallback,False
2240,246,2.07118714382,4.68536918797,0.02675011543300001,0.005155051672999988,0.02930516186416,0.006959319759600006,0.02518725359822442,0.005668266709310553,0.9819325009986902,0.18922956780223024,7,7,instant_velocity,dbscan_kmeans_fallback,False
2240,247,2.08086853887,3.92762432388,0.02927569674899999,0.007279123890999983,0.031397185053979995,0.009174082701000001,0.027278146821982163,0.007714750554256614,0.9704518141971161,0.2412936247547311,7,7,instant_velocity,dbscan_kmeans_fallback,False
2240,321,7.93453463288,9.47479404862,-0.014038022811999973,-0.012935361145000001,-0.0180705343124,-0.01772764992359999,-0.01642795397049951,-0.016123912585125653,-0.7353984300626965,-0.6776341943393489,-1,-1,instant_velocity,dbscan_kmeans_fallback,False
2240,322,10.20397991,11.7317997745,0.01374337165999986,-0.020739536600000007,0.017409673868799977,-0.017780155077999994,0.013796096536673045,-0.015347488103818783,0.552388667420198,-0.8335862020474928,-1,-1,instant_velocity,dbscan_kmeans_fallback,False
2240,323,7.29703581583,11.2034069779,0.0022519766730000335,-0.01875866025999997,-0.006911674199999993,-0.015737227193999993,-0.0035973894082689797,-0.013800932507030392,0.11919407058508133,-0.9928704421850657,-1,-1,instant_velocity,dbscan_kmeans_fallback,False
2240,376,12.2730624027,8.59103681029,-0.024540231779999998,0.006133556852999966,-0.023698371343999974,0.003365103175999984,-0.02286558227426645,0.003284108086760602,-0.9701560780916497,0.24247967641887566,-1,-1,instant_velocity,dbscan_kmeans_fallback,False
2240,377,12.9076147082,10.1158342707,0.012038604269999986,-0.03066778425999992,0.000766092998000012,-0.033756042069999985,0.003001225559568437,-0.0300169996317025,0.3654036649926515,-0.93084883550275,-1,-1,instant_velocity,dbscan_kmeans_fallback,False
2240,378,12.949497265,11.9205796761,-0.012333255430000101,0.017278969499999873,-0.012825743781999997,0.01541264986599998,-0.01361297948064304,0.014595326970195084,-0.5809613552251213,0.8139305631500555,3,3,instant_velocity,dbscan_kmeans_fallback,False
2240,379,13.264353069,12.2282121579,-0.012122790319999943,0.008520154850000062,-0.013802301889999988,0.01038170128800001,-0.013696882404700617,0.009589245438552638,-0.8181455105156736,0.5750100641372742,3,3,instant_velocity,dbscan_kmeans_fallback,False
2250,72,4.31285102645,6.26386510328,-0.017805348274000023,0.04956964040099994,-0.023896208546800003,0.03872016590559999,-0.02219567952142355,0.04102463882331771,-0.3380516792187771,0.9411273465680114,-1,-1,instant_velocity,dbscan_kmeans_fallback,False
2250,103,6.57808700135,4.48799753361,0.03788371973300002,0.011646598225999939,0.01156295312300001,0.01941258810859999,0.01412028454568394,0.019264213493437786,0.9558491702038767,0.2938568685567247,-1,-1,instant_velocity,dbscan_kmeans_fallback,False
2250,110,12.5845507649,10.624179644,0.029864999049999952,0.00933159816,0.029961813006,-0.002539340269999997,0.02955433198568061,0.0020082007025151757,0.9544907188851616,0.29823954861588603,-1,-1,instant_velocity,dbscan_kmeans_fallback,False
2250,111,0.061245346901,5.75480375049,-0.04301906840750001,-0.010381701288000044,-0.036052673278780006,-0.00869676310160001,-0.03685293100750799,-0.008900750377848328,-0.972093387485289,-0.234593252399508,-1,-1,instant_velocity,dbscan_kmeans_fallback,False
2250,113,1.00286624737,8.34999041257,-0.03601058025599999,0.0003579896989998943,-0.0361368593226,-0.004835247542199994,-0.03819307420729684,-0.003336110522197235,-0.9999503119009553,0.009940742654726565,-1,-1,instant_velocity,dbscan_kmeans_fallback,False
2250,114,6.35604631069,5.75170117309,-0.02475069689199998,0.0006921134189999733,-0.026308138703200007,-0.00047731959960000124,-0.026973629321827376,-0.0002679521939785563,-0.9996088498074627,0.02795245328734538,0,0,instant_velocity,dbscan_kmeans_fallback,False
2250,115,6.44465212184,6.9996532658,-0.03203278968500003,0.00033412371999999026,-0.031481371097800005,-0.00033889691559998883,-0.0322156376172745,-0.00016728657411542436,-0.9999452927689891,0.010430107533622193,0,0,instant_velocity,dbscan_kmeans_fallback,False
2250,116,6.44128468009,6.48032954162,-0.03544232446100004,0.003770824835999953,-0.03428476635799999,0.0026395773848000028,-0.03465325281406495,0.0025720186235971233,-0.9943875575291986,0.10579614502052426,0,0,instant_velocity,dbscan_kmeans_fallback,False
2250,117,6.87400094548,5.34597951358,-0.026813254966000066,0.0,-0.02512111548480002,0.0010835154906,-0.02573888393804619,0.0007742754220838551,-0.9999996270502673,0.0,0,0,instant_velocity,dbscan_kmeans_fallback,False
2250,118,11.1996903436,11.7317997745,-0.00902895319999999,0.024725155249999985,-0.007867185797999988,0.01813814477800001,-0.008844846965294719,0.020489653484712628,-0.34301725395406907,0.9393286984191078,1,1,instant_velocity,dbscan_kmeans_fallback,False
2250,119,11.5315938215,11.7962379204,-0.00797662765000009,0.015131031299999976,-0.007467302090000025,0.013240845688,-0.007975343780944031,0.014206411511842355,-0.46633786903254465,0.8846060267971319,1,1,instant_velocity,dbscan_kmeans_fallback,False
2250,120,11.4219414994,6.46195273704,-0.053479184349999896,-0.008376958970000015,-0.05316348669,-0.011665691010000003,-0.04700586057091158,-0.009262765890263775,-0.9879530688383465,-0.1547525906113496,2,2,instant_velocity,dbscan_kmeans_fallback,False
2250,121,11.6774461425,5.94358365206,-0.061455812010000166,-0.012410309584999979,-0.055545951732000026,-0.014916237482200003,-0.050633157282624845,-0.012472471966717772,-0.9802133582064421,-0.19794305594261713,2,2,instant_velocity,dbscan_kmeans_fallback,False
2250,122,12.8105902927,5.21734188154,-0.04327162653999998,0.007565515651000077,-0.04327162653999998,0.007565515651000077,-0.036323516618855994,0.0006561879596556186,-0.9850573620122134,0.17222525440653916,3,3,instant_velocity,dbscan_kmeans_fallback,False
2250,123,13.4066274831,7.20752595135,-0.05143767280000002,-0.030047268784000013,-0.05143767280000002,-0.030047268784000013,-0.033798970793130025,-0.019746067446678,-0.8634720322713154,-0.5043963855441558,-1,-1,instant_velocity,dbscan_kmeans_fallback,False
2250,124,14.3972867542,6.07317592331,-0.049796044930000075,-0.0015751546779999791,-0.049796044930000075,-0.0015751546779999791,-0.014938813479000024,-0.0004725464033999938,-0.9994998788716579,-0.031616304308469546,3,3,instant_velocity,dbscan_kmeans_fallback,False
2250,232,10.006353172,7.67124194219,0.0007787209019999963,0.00026252578000001136,0.004575511482600021,0.00020524742779999273,0.005365449375615507,-0.00034905321224116214,0.9475885467781493,0.3194551754333314,4,4,instant_velocity,dbscan_kmeans_fallback,False
2250,233,10.463272925,7.22590275592,0.00016837208000008985,0.0022195361369999667,0.006179255617999999,0.0013078557024000048,0.006833718612860183,0.00011574604323727857,0.07564145780323338,0.9971305756248008,4,4,instant_velocity,dbscan_kmeans_fallback,False
2250,238,10.2275520023,8.09343112788,0.00338848826999989,-0.0010023711589999707,0.003388488265999996,-0.0010119175507999857,0.005878983399066156,-0.001559472567758851,0.9589205937743314,-0.28366465231132343,4,4,instant_velocity,dbscan_kmeans_fallback,False
2250,243,7.8103602182,8.61633474905,0.03325348731999993,0.008639484749000026,0.035795905845,0.008634711553600027,0.0356371060988151,0.008446769246868557,0.9678677301559497,0.2514586940390593,-1,-1,instant_velocity,dbscan_kmeans_fallback,False
2250,244,4.44249753398,8.12541154104,0.036999766273000036,0.006061958911999987,0.025142161995999997,0.002849598008399994,0.026241997329546095,0.0031010077245191355,0.9868426263106983,0.16168208764256495,5,5,instant_velocity,dbscan_kmeans_fallback,False
2250,245,4.49890218336,7.6628888492,0.042934882363999984,0.004104948554999943,0.026531231719400007,0.0026395773848000028,0.029579425259185603,0.0026870276206121036,0.9954603544234628,0.09517467659062728,5,5,instant_velocity,dbscan_kmeans_fallback,False
2250,246,2.33847783305,4.73715836451,0.026729068922999977,0.005178917653999982,0.028446464216999992,0.006362670260400005,0.02564979819565709,0.005521461992717382,0.9817414441237902,0.19021830170302403,6,6,instant_velocity,dbscan_kmeans_fallback,False
2250,247,2.37362550636,4.000176903,0.02927569674899999,0.0072552579119999905,0.030791045538279996,0.008629938357599993,0.02787741180008751,0.007576902761579627,0.970636816694035,0.24054834644502296,6,6,instant_velocity,dbscan_kmeans_fallback,False
2250,321,7.74153812736,9.31560796222,-0.019299650552000003,-0.01591860864000001,-0.0175696273514,-0.01648184576760002,-0.01728946294494966,-0.01606232140158796,-0.7714436639222635,-0.6362970013730953,-1,-1,instant_velocity,dbscan_kmeans_fallback,False
2250,322,10.3412031615,11.5241657488,0.013722325150000002,-0.02076340257000009,0.016441534364999982,-0.01856295922000001,0.013773965120671132,-0.016972262443673176,0.5513590859929627,-0.8342675558230144,-1,-1,instant_velocity,dbscan_kmeans_fallback,False
2250,323,7.31976604767,11.0158203754,0.0022730231839999783,-0.01875866024999997,-0.004213511494599995,-0.01662504164799998,-0.0018362656305882918,-0.015288250829921265,0.12029198824473283,-0.9927380213997654,-1,-1,instant_velocity,dbscan_kmeans_fallback,False
2250,376,12.0697531068,8.64855382202,-0.020330929590000046,0.005751701173000079,-0.02422874342,0.005088226929999991,-0.022105186468986526,0.004024386012632445,-0.9622345487986081,0.27221999655875767,-1,-1,instant_velocity,dbscan_kmeans_fallback,False
2250,377,12.9838030779,9.71226054934,0.007618836969999876,-0.04035737213600008,0.005610999821999982,-0.034037660635199994,0.004386508982697869,-0.03311911138299177,0.18550746559624479,-0.9826426070741877,-1,-1,instant_velocity,dbscan_kmeans_fallback,False
2250,378,12.8221658737,12.0852549379,-0.012733139130000026,0.016467526180000115,-0.012741557738000004,0.015870876681999987,-0.013349027375450136,0.015156986733136594,-0.6116948048753562,0.7910932340103135,1,1,instant_velocity,dbscan_kmeans_fallback,False
2250,379,13.1719588859,12.3095951496,-0.00923941830999997,0.008138299169999997,-0.012749976341999982,0.00921226826799998,-0.012359643176290423,0.009153961557986846,-0.7504062575818043,0.6609756608412313,1,1,instant_velocity,dbscan_kmeans_fallback,False
2260,72,4.16889289146,6.77602903346,-0.01439581349900001,0.05121639301800007,-0.021248557467800015,0.0425482690928,-0.019855719714696487,0.04408216508172241,-0.2705922892396654,0.9626938438943891,-1,-1,instant_velocity,dbscan_kmeans_fallback,False
2260,103,6.98849396512,4.59539444348,0.04104069637699999,0.010739690987000028,0.02085288306180001,0.016539124120000005,0.022196408095078755,0.01670685674150646,0.9674243343181824,0.2531594081260316,-1,-1,instant_velocity,dbscan_kmeans_fallback,False
2260,110,12.8606809888,10.7955373802,0.027613022390000096,0.017135773620000093,0.029671371156,0.004524989802000014,0.028971939106976454,0.006546472577760651,0.8496860035017136,0.5272884220512132,-1,-1,instant_velocity,dbscan_kmeans_fallback,False
2260,113,0.627817422013,8.33948938139,-0.037504882535700015,-0.0010501031179998676,-0.03627155699294,-0.0026586701687999793,-0.037986616705817794,-0.0026503083009380246,-0.9996079889721382,-0.027988128345637214,-1,-1,instant_velocity,dbscan_kmeans_fallback,False
2260,114,6.10685562089,5.78320426666,-0.02491906897999998,0.003150309357000047,-0.025373673616599993,0.0007493917712000097,-0.026357261219279157,0.0007575262713150248,-0.9921029216165731,0.1254232700099768,0,0,instant_velocity,dbscan_kmeans_fallback,False
2260,115,6.10896027199,7.02232594677,-0.033569184984999986,0.0022672680969999526,-0.031927557130200006,0.0002147938197999899,-0.032621701827592144,0.0005630798272191888,-0.9977266406878529,0.06738661611740958,0,0,instant_velocity,dbscan_kmeans_fallback,False
2260,116,6.11590562061,6.48701201601,-0.03253790594799995,0.0006682474390000692,-0.0344783942588,0.0027732268726000163,-0.03401864875424545,0.002000887268218007,-0.9997888649105788,0.020533169823067483,0,0,instant_velocity,dbscan_kmeans_fallback,False
2260,117,6.60565793071,5.34597951358,-0.02683430147700001,0.0,-0.0256220224458,0.0007637113589999878,-0.026067509199732337,0.0005419927954586985,-0.9999996273427768,0.0,0,0,instant_velocity,dbscan_kmeans_fallback,False
2260,118,11.1096112767,11.979051327,-0.009007906689999956,0.024725155249999985,-0.00820392997399999,0.020076062352000008,-0.00889376488270629,0.021760304014298834,-0.3423114684022132,0.9395861315366519,1,1,instant_velocity,dbscan_kmeans_fallback,False
2260,119,11.4503542892,11.9535147284,-0.00812395322999997,0.015727680800000067,-0.007623046269999989,0.013832721990000003,-0.008019926615660812,0.01466279229828967,-0.4589299365239282,0.8884718248448928,1,1,instant_velocity,dbscan_kmeans_fallback,False
2260,120,10.8482136105,6.51111665578,-0.05737278889000006,0.004916391874000059,-0.054114788987999984,-0.007183659971399994,-0.050115939066638124,-0.005009018560984624,-0.9963483609099933,0.08537913320969752,2,2,instant_velocity,dbscan_kmeans_fallback,False
2260,121,11.0976147654,6.02114808697,-0.057983137709999966,0.00775644349100002,-0.057040254012000025,-0.009952113647999994,-0.05283815141083738,-0.006403797329402434,-0.9911708518783438,0.13258959425362096,2,2,instant_velocity,dbscan_kmeans_fallback,False
2260,122,12.4100751891,5.34049033819,-0.04005151036000001,0.012314845665000008,-0.047118928742,0.0018710928298000162,-0.0374419147411992,0.004153785271258936,-0.9558370949594234,0.29389619016872587,2,2,instant_velocity,dbscan_kmeans_fallback,False
2260,123,12.7489240156,7.01850738997,-0.06577034674999993,-0.018901856138000016,-0.06577034674999993,-0.018901856138000016,-0.043390383580191,-0.0194928040540746,-0.9610967820118417,-0.27621130199199706,-1,-1,instant_velocity,dbscan_kmeans_fallback,False
2260,124,13.8991158397,6.05718571673,-0.04981709144999993,-0.0015990206579999723,-0.04981709144999993,-0.0015990206579999723,-0.025402296870299997,-0.0008104886797799873,-0.999485061751396,-0.032081304118425455,-1,-1,instant_velocity,dbscan_kmeans_fallback,False
2260,125,14.6904646519,4.70159805435,0.0,0.0,0.0,0.0,0.0,0.0,0.0,0.0,3,3,instant_velocity,dbscan_kmeans_fallback,False
2260,126,15.2239937048,3.4958887462,0.0,0.0,0.0,0.0,0.0,0.0,0.0,0.0,3,3,instant_velocity,dbscan_kmeans_fallback,False
2260,232,10.0141403811,7.67386719999,0.000778720909999997,0.00026252578000001136,0.0011238836856000134,0.000257752583799995,0.003989430835930854,-0.0001655795145688101,0.9475885477717341,0.3194551724864476,4,4,instant_velocity,dbscan_kmeans_fallback,False
2260,233,10.4647461808,7.2480981173,0.00014732558000005725,0.0022195361379999667,0.004234558006000029,0.0016037938541999886,0.004827800703002145,0.0007468830716660851,0.06623070303877714,0.9977998310928282,4,4,instant_velocity,dbscan_kmeans_fallback,False
2260,238,10.2614368849,8.08316875649,0.0033884882600000664,-0.0010262371390000525,0.0033884882639999957,-0.0010119175507999857,0.0051318348573463285,-0.0013995019391312114,0.9570669595676939,-0.28985718203970107,4,4,instant_velocity,dbscan_kmeans_fallback,False
2260,243,8.02819160667,8.69867237996,0.02178313884699996,0.00823376309099988,0.03321981290339998,0.008596525985799986,0.031480915923270555,0.008382867400107954,0.9354066949207818,0.3535724201094026,-1,-1,instant_velocity,dbscan_kmeans_fallback,False
2260,244,4.83901380051,8.19891875936,0.039651626653,0.007350721831999962,0.029646115341800002,0.003656268131599987,0.030264886126582267,0.004375921956763383,0.9832469884103113,0.18227688783630416,5,5,instant_velocity,dbscan_kmeans_fallback,False
2260,245,4.90299519384,7.7488063771,0.04040930104799996,0.00859175279000004,0.0327146966402,0.0038901547354000063,0.03282838799582991,0.004458445171428484,0.9781351013701938,0.20796932310736618,5,5,instant_velocity,dbscan_kmeans_fallback,False
2260,246,2.65186038128,4.77940114906,0.03133825482300003,0.004224278454999997,0.028513813052000004,0.005575092921200006,0.02735633518385997,0.005132306931402167,0.9910366362627548,0.13358799761905998,6,6,instant_velocity,dbscan_kmeans_fallback,False
2260,247,2.66659293896,4.07272948211,0.029296743260000025,0.00725525791099999,0.030189115324800002,0.008081020818199995,0.028303211238061267,0.007480409306405736,0.9706771529923596,0.24038552786480466,6,6,instant_velocity,dbscan_kmeans_fallback,False
2260,321,7.54875208694,9.15666053561,-0.01927860404199997,-0.015894742661000015,-0.017064511088399997,-0.015226495221600017,-0.017886205274064752,-0.01601204777941158,-0.7715714727181371,-0.6361420140537996,-1,-1,instant_velocity,dbscan_kmeans_fallback,False
2260,322,10.4761112967,11.3573425488,0.013490813519999988,-0.016682319999999962,0.015422883232999993,-0.018534320045999985,0.013689019640469789,-0.016885279710571213,0.6288058545318931,-0.7775617435985784,-1,-1,instant_velocity,dbscan_kmeans_fallback,False
2260,323,7.42247302116,10.7952987204,0.010270697349000013,-0.022052165500000064,8.418604380000972e-05,-0.018171557149999983,0.0017958232632882003,-0.017317425230944906,0.42219947944583375,-0.9065024971902119,-1,-1,instant_velocity,dbscan_kmeans_fallback,False
2260,376,11.866654276,8.70607083375,-0.020309883080000014,0.005751701172999901,-0.023980394591999996,0.006071505304799984,-0.02156659545229057,0.004542580560742682,-0.9621606271649605,0.2724811554099316,-1,-1,instant_velocity,dbscan_kmeans_fallback,False
2260,377,13.0412600528,9.26763734247,0.00574569749000009,-0.044462320687000026,0.00725683698000001,-0.036028083364600005,0.004794265534888535,-0.036522074174194244,0.12816051569859702,-0.9917532133078297,-1,-1,instant_velocity,dbscan_kmeans_fallback,False
2260,378,12.6609495997,12.1766616412,-0.016121627399999915,0.009140670330000055,-0.01333506934599999,0.014868505522,-0.01418080738281507,0.013352091812195634,-0.8699040827427402,0.4932198370415458,1,1,instant_velocity,dbscan_kmeans_fallback,False
2260,379,13.0795647028,12.3912168011,-0.00923941830999997,0.008162165150000077,-0.011731325209999994,0.008462876498000007,-0.011423575716403287,0.008856422635590815,-0.7494452765487776,0.6620650686913886,1,1,instant_velocity,dbscan_kmeans_fallback,False
2270,72,4.1040696377,7.3268558512,-0.006482325375999931,0.055082681774,-0.0170224180664,0.04714963003140001,-0.01584370141308752,0.04738232008940569,-0.11687696991835987,0.993146219496782,-1,-1,instant_velocity,dbscan_kmeans_fallback,False
2270,103,7.46519743842,4.67057228039,0.047670347329999974,0.007517783691000002,0.029090487452399998,0.013880453951199998,0.02983858986555512,0.013950134826354522,0.9877918348138801,0.15577829325345427,-1,-1,instant_velocity,dbscan_kmeans_fallback,False
2270,110,13.1370216777,10.9671337762,0.027634068889999953,0.0171596396,0.029351464187999988,0.011112000274000024,0.028570578041883503,0.009730422684432454,0.8495371446388715,0.5275282220234825,-1,-1,instant_velocity,dbscan_kmeans_fallback,False
2270,113,0.252558131551,8.32922701,-0.037525929046199995,-0.0010262371390000525,-0.03641046396518,-0.00047731959939998345,-0.03784841040793246,-0.0021630869523566326,-0.9996260027914533,-0.02733718671992855,-1,-1,instant_velocity,dbscan_kmeans_fallback,False
2270,114,5.8576649311,5.81446870042,-0.02491906897899998,0.0031264433759999656,-0.024822255029199988,0.001675391794000003,-0.025925803547195404,0.001468201402720507,-0.9922207278841181,0.12448787411910986,0,0,instant_velocity,dbscan_kmeans_fallback,False
2270,115,5.77326842214,7.04499862774,-0.033569184984999986,0.0022672680970000415,-0.0323695338604,0.0007732577510000027,-0.032905946774814496,0.0010743363081534448,-0.9977266406878528,0.06738661611741222,0,0,instant_velocity,dbscan_kmeans_fallback,False
2270,116,5.8031544677,6.48056820142,-0.031275115291000063,-0.0006443814590000763,-0.0340322082266,0.0022672680971999883,-0.03319558871527183,0.0012073066500525819,-0.9997874927967914,-0.020599269332951645,0,0,instant_velocity,dbscan_kmeans_fallback,False
2270,117,6.33752538104,5.34597951358,-0.026813254966999978,0.0,-0.026122929406799996,0.0004439072273999933,-0.02629123292991263,0.00037939495682108896,-0.9999996270502673,0.0,0,0,instant_velocity,dbscan_kmeans_fallback,False
2270,118,11.0193217447,12.2263028795,-0.009028953200000167,0.024725155249999985,-0.00854488345,0.022013979926000005,-0.008934321377894454,0.02264975938500918,-0.343017253954075,0.9393286984191056,1,1,instant_velocity,dbscan_kmeans_fallback,False
2270,119,11.3689042918,12.1107915365,-0.008144999740000002,0.015727680810000068,-0.007782999751999995,0.014424598296000006,-0.00805744855296257,0.01498225885180279,-0.45986769554784007,0.8879868092428834,1,1,instant_velocity,dbscan_kmeans_fallback,False
2270,120,10.2353392113,6.69369140256,-0.061287439920000075,0.01825747467799994,-0.055815347072,-0.00039617526760000744,-0.05346738932264671,0.0019709294107107464,-0.9583785104720894,0.2855001189431874,2,2,instant_velocity,dbscan_kmeans_fallback,False
2270,121,10.5262019928,6.14883107982,-0.057141277259999866,0.012768299284999961,-0.058366184201999974,-0.003990391851199994,-0.05412908916558612,-0.0006521683450817148,-0.9759321892150964,0.21807342907412622,2,2,instant_velocity,dbscan_kmeans_fallback,False
2270,122,12.0093496203,5.46387745464,-0.04007255688000004,0.012338711645,-0.044980603230000006,0.005040494970000004,-0.038231107382839455,0.006609263183381255,-0.9557204789531033,0.2942751928292633,2,2,instant_velocity,dbscan_kmeans_fallback,False
2270,123,12.091220548,6.8297274884,-0.06577034675999993,-0.018877990157000025,-0.057174951679999995,-0.0255891037252,-0.050104372534133676,-0.019308359884952227,-0.9611893185870862,-0.2758891109623305,-1,-1,instant_velocity,dbscan_kmeans_fallback,False
2270,124,13.4009449252,6.04119551015,-0.04981709145000011,-0.001599020658000061,-0.04981709145000011,-0.001599020658000061,-0.032726735244210034,-0.0010470482732460094,-0.999485061751396,-0.03208130411842711,3,3,instant_velocity,dbscan_kmeans_fallback,False
2270,125,14.1116856004,4.64193310443,-0.05787790514999998,-0.005966494992000015,-0.05787790514999998,-0.005966494992000015,-0.017363371544999995,-0.0017899484976000048,-0.994728280003469,-0.10254416233033771,3,3,instant_velocity,dbscan_kmeans_fallback,False
2270,126,14.5742879113,3.52691452017,-0.0649705793499999,0.003102577397000017,-0.0649705793499999,0.003102577397000017,-0.019491173804999973,0.0009307732191000053,-0.9988615908910228,0.04769921132971965,3,3,instant_velocity,dbscan_kmeans_fallback,False
2270,232,10.0221380553,7.67673111758,0.0007997674199998528,0.0002863917590000042,0.0007829302085999856,0.0002672989756000099,0.0030325318111515532,-2.9988132498165785e-05,0.9414469222732179,0.3371263111405773,4,4,instant_velocity,dbscan_kmeans_fallback,False
2270,233,10.4664299017,7.27029347867,0.00016837208999991303,0.0022195361370000556,0.0022982789980000007,0.0018949588098000091,0.0034299721191014755,0.0011886789912662764,0.0756414622699646,0.9971305752859599,4,4,instant_velocity,dbscan_kmeans_fallback,False
2270,238,10.2953217676,8.07314504491,0.0033884882700000673,-0.0010023711580000594,0.0033884882660000313,-0.001011917550800021,0.00460883088114245,-0.0012803627047918657,0.9589205938513065,-0.2836646520511106,4,4,instant_velocity,dbscan_kmeans_fallback,False
2270,243,8.24581253002,8.78101001086,0.021762092335000104,0.008233763089999967,0.030639510659400012,0.008558340417799997,0.028565268846789418,0.008338136107075558,0.9352935670775241,0.35387156401922737,-1,-1,instant_velocity,dbscan_kmeans_fallback,False
2270,244,5.20901146323,8.28746154505,0.03699976627200004,0.008854278569000052,0.03325348732080001,0.004854340326199988,0.0322853501702076,0.005719428940434384,0.9725399266044725,0.23273496827863574,5,5,instant_velocity,dbscan_kmeans_fallback,False
2270,245,5.30708820432,7.83472390499,0.04040930104800004,0.008591752788999952,0.038898161561000004,0.005140732085799992,0.035102661911480953,0.005698437456699925,0.9781351013751184,0.207969323084205,5,5,instant_velocity,dbscan_kmeans_fallback,False
2270,246,3.07279060053,4.80064187124,0.042093021924999974,0.002124072217999995,0.0307279060052,0.00436747433479999,0.03177734120620197,0.004229836517381515,0.99872901362362,0.05039725004605906,6,6,instant_velocity,dbscan_kmeans_fallback,False
2270,247,2.95934990644,4.14552072102,0.029275696747999992,0.007279123890999983,0.0295829758088,0.007536876474799987,0.028594956891042883,0.007420023681784011,0.970451814195186,0.2412936247624933,6,6,instant_velocity,dbscan_kmeans_fallback,False
2270,321,7.38059046435,8.96692599483,-0.016816162259000046,-0.018973454077999996,-0.016689883193200004,-0.015326732337600006,-0.01756519236954534,-0.016900469668988106,-0.6632803590688887,-0.7483704807199716,-1,-1,instant_velocity,dbscan_kmeans_fallback,False
2270,322,10.6108089669,11.195053885,0.013469767020000134,-0.016228866380000005,0.014404232103200023,-0.018410216949999985,0.013623243854328893,-0.01668835571139985,0.638663728078262,-0.7694853436844871,-1,-1,instant_velocity,dbscan_kmeans_fallback,False
2270,323,7.54517418008,10.5666626323,0.012270115892,-0.02286360881,0.004785976593000001,-0.019880361316000014,0.004938111051901741,-0.018981280304661435,0.47287251998117213,-0.8811304154753317,-1,-1,instant_velocity,dbscan_kmeans_fallback,False
2270,376,11.7060693974,8.73494866951,-0.01605848785999999,0.002887783576000125,-0.021719999311999985,0.005379391885400011,-0.019914163174603396,0.004046141465319915,-0.9842120317793495,0.17698997349269222,-1,-1,instant_velocity,dbscan_kmeans_fallback,False
2270,377,12.9979042403,8.76883836107,-0.004335581249999975,-0.049879898140000024,0.006179255619999999,-0.03932158860060003,0.002055311499421982,-0.040529421363935975,-0.08659389395993512,-0.9962434933649442,-1,-1,instant_velocity,dbscan_kmeans_fallback,False
2270,378,12.4997333258,12.2680683445,-0.016121627390000094,0.009140670329999878,-0.013928580954000012,0.013861361167999995,-0.014763053384970578,0.012088665367536907,-0.8699040826114829,0.493219837273047,1,1,instant_velocity,dbscan_kmeans_fallback,False
2270,379,12.9871705197,12.4725997928,-0.009239418310000146,0.008138299169999997,-0.010775813612,0.008343546598000025,-0.010768328494482345,0.00864098559591357,-0.7504062575818107,0.6609756608412243,1,1,instant_velocity,dbscan_kmeans_fallback,False
2280,72,4.03924638393,7.87768266894,-0.00648232537700002,0.055082681774,-0.012792069363199996,0.0517509909698,-0.013035288602261271,0.04969242859478398,-0.11687696993614526,0.993146219494689,-1,-1,instant_velocity,dbscan_kmeans_fallback,False
2280,103,7.94926719056,4.74217022031,0.04840697521399999,0.007159793992000019,0.036886115112999995,0.011360206466400005,0.03540910547008858,0.011913032576048171,0.9892376269663536,0.14631646755250316,-1,-1,instant_velocity,dbscan_kmeans_fallback,False
2280,110,13.4072588785,11.1334796566,0.027023720080000046,0.016634588039999974,0.028589580492000017,0.013245618884000016,0.028106520653318465,0.01180167229110271,0.8515932483694616,0.5242025458499106,-1,-1,instant_velocity,dbscan_kmeans_fallback,False
2280,114,5.60826377619,5.84597179398,-0.024940115491000014,0.003150309356000047,-0.024860138748999994,0.0021670309814000176,-0.025630097130336787,0.001972833788704369,-0.9921160869332187,0.12531909052432996,0,0,instant_velocity,dbscan_kmeans_fallback,False
2280,115,5.43757657229,7.06767130871,-0.033569184984999986,0.0022672680969999526,-0.032815719892799994,0.0013269484863999992,-0.033104918237870144,0.0014322158448073971,-0.9977266406878529,0.06738661611740958,0,0,instant_velocity,dbscan_kmeans_fallback,False
2280,116,5.49019284969,6.47412438683,-0.03129616180100001,-0.0006443814589999874,-0.03320297569460001,0.0013842268384000002,-0.032625760640990285,0.000651800217336811,-0.9997877782150693,-0.02058542230555558,0,0,instant_velocity,dbscan_kmeans_fallback,False
2280,117,6.06918236627,5.34597951358,-0.02683430147700001,0.0,-0.026623836367600014,0.00012887629179999749,-0.026454153494038846,0.00026557646977476223,-0.9999996273427768,0.0,0,0,instant_velocity,dbscan_kmeans_fallback,False
2280,118,10.9292426777,12.4733157722,-0.009007906699999957,0.024701289269999906,-0.008881627628000004,0.023942351106000005,-0.008956396974526104,0.0232652183505064,-0.3426034000585829,0.9394797228231282,1,1,instant_velocity,dbscan_kmeans_fallback,False
2280,119,11.2876647594,12.2683070043,-0.008123953239999971,0.01575154677999997,-0.007942953238,0.015021247794000025,-0.00807739995907379,0.015213045230261943,-0.45838077827945906,0.8887552720726539,1,1,instant_velocity,dbscan_kmeans_fallback,False
2280,120,9.62267527719,6.87626614934,-0.06126639341099995,0.01825747467800003,-0.057372788884200006,0.004935484658,-0.055807090549152685,0.006856892990897532,-0.958351671575651,0.28559019720703804,2,2,instant_velocity,dbscan_kmeans_fallback,False
2280,121,9.95499968529,6.27675273246,-0.0571202307510001,0.012792165264000043,-0.05903125394820002,0.0016992577738000137,-0.055026431641210315,0.0033811317376428135,-0.9758282064050626,0.21853825731241022,2,2,instant_velocity,dbscan_kmeans_fallback,False
2280,122,11.6010473077,5.56745580772,-0.04083023126,0.010357835307999963,-0.04299381259400001,0.007813721842800003,-0.03901084454598762,0.007733834820766868,-0.9692970378642665,0.2458918005827204,2,2,instant_velocity,dbscan_kmeans_fallback,False
2280,123,11.4541426612,6.71540944434,-0.06370778868000002,-0.011431804406000001,-0.05962897485799999,-0.021866010849600014,-0.054185397377893574,-0.01694539324126656,-0.9842789170875135,-0.1766202264155238,-1,-1,instant_velocity,dbscan_kmeans_fallback,False
2280,124,12.9067728478,6.05599241773,-0.04941720774,0.0014796907580000075,-0.04941720774,0.0014796907580000075,-0.03773387699294703,-0.00028902656387220425,-0.9995518126815766,0.02992940408832341,2,2,instant_velocity,dbscan_kmeans_fallback,False
2280,125,13.5329065489,4.5822681545,-0.05787790514999998,-0.005966494992999926,-0.05787790514999998,-0.005966494992999926,-0.02951773162649999,-0.003042912446219981,-0.994728280001716,-0.10254416234734214,2,2,instant_velocity,dbscan_kmeans_fallback,False
2280,126,13.9245821179,3.55817895393,-0.06497057934000008,0.00312644337600001,-0.06497057934000008,0.00312644337600001,-0.033134995465500014,0.0015894742661700066,-0.9988440423857665,0.04806528388229158,2,2,instant_velocity,dbscan_kmeans_fallback,False
2280,127,14.6694181409,6.3302125276,0.0,0.0,0.0,0.0,0.0,0.0,0.0,0.0,-1,-1,instant_velocity,dbscan_kmeans_fallback,False
2280,232,10.0299252643,7.67935637538,0.0007787208999999962,0.00026252578000001136,0.0007829302075999677,0.0002672989756000099,0.0023563885378060857,5.776604125128737e-05,0.9475885465297531,0.31945517617005237,3,3,instant_velocity,dbscan_kmeans_fallback,False
2280,233,10.4681136226,7.29248884004,0.00016837209000009068,0.0022195361369999667,0.00035779068800000145,0.0021908969611999928,0.00245149211037106,0.0014979361349863837,0.07564146227004698,0.9971305752859537,3,3,instant_velocity,dbscan_kmeans_fallback,False
2280,238,10.3292066502,8.06312133332,0.003388488259999889,-0.0010023711589999707,0.0033884882639999957,-0.001011917550800021,0.004242728094799681,-0.001196965241054297,0.9589205935466101,-0.28366465308110195,3,3,instant_velocity,dbscan_kmeans_fallback,False
2280,243,8.42828578006,8.87456465234,0.018247325003999927,0.009355464148000082,0.026649092180799982,0.00866335072960002,0.025469885693952574,0.008643334519352916,0.8898593680889131,0.45623385417275863,-1,-1,instant_velocity,dbscan_kmeans_fallback,False
2280,244,5.47209285026,8.43662391987,0.026308138702999972,0.01491623748199995,0.0332534873208,0.0076371135907999845,0.030492186730045313,0.008478471502904053,0.86990426447768,0.4932199401120658,4,4,instant_velocity,dbscan_kmeans_fallback,False
2280,245,5.66235330937,7.93687029927,0.035526510505,0.010214639428000005,0.040657649877600004,0.006734979548000002,0.03522981648953667,0.007053298048089949,0.9610635291440138,0.2763265313159772,4,4,instant_velocity,dbscan_kmeans_fallback,False
2280,246,3.49372081978,4.82164393361,0.042093021925000015,0.002100206237000002,0.033800696605800006,0.0037565052473999927,0.034872045421841386,0.003590947433267061,0.9987573564535969,0.04983240293393303,5,5,instant_velocity,dbscan_kmeans_fallback,False
2280,247,3.41605919433,4.13430371044,0.04567092878899999,-0.0011217010579999353,0.032558952459,0.005589412509400002,0.03371774846043002,0.004857506259848827,0.9996983083641322,-0.02455309493164669,5,5,instant_velocity,dbscan_kmeans_fallback,False
2280,321,7.22905558542,8.75690537109,-0.015153487892999973,-0.02100206237400002,-0.016917185511599993,-0.01694484577960001,-0.01684168102658173,-0.01813094748049168,-0.5851180391582026,-0.8109476604544498,-1,-1,instant_velocity,dbscan_kmeans_fallback,False
2280,322,10.6985729176,11.0380157367,0.008776395069999943,-0.015703814829999985,0.012640534483999986,-0.01802358807600001,0.012169189219030208,-0.016392993446979892,0.4878521708840299,-0.8729256254842189,-1,-1,instant_velocity,dbscan_kmeans_fallback,False
2280,323,7.66450789723,10.294113141,0.011933371714999997,-0.02725494912999995,0.007799836962600004,-0.021937608789999993,0.007036689250831217,-0.021463380952262988,0.40108192776577556,-0.9160418194698404,-1,-1,instant_velocity,dbscan_kmeans_fallback,False
2280,376,11.588208936,8.73494866951,-0.011786046140000117,0.0,-0.018605115690000035,0.0041049485550000145,-0.01747572806422241,0.0028322990257239403,-0.9999991515397618,0.0,3,3,instant_velocity,dbscan_kmeans_fallback,False
2280,377,12.8539461053,8.21610226494,-0.01439581350000001,-0.055273609612999944,0.0013343487959999933,-0.044128196967199995,-0.0028800260004046164,-0.04495267783865517,-0.2520384353665958,-0.9677170438422619,-1,-1,instant_velocity,dbscan_kmeans_fallback,False
2280,378,12.3387275169,12.3594750478,-0.016100580889999883,0.009140670330000055,-0.014682046048000004,0.012233701333999996,-0.015164311636479369,0.011204266856275853,-0.8696274085117559,0.4937074944963866,1,1,instant_velocity,dbscan_kmeans_fallback,False
2280,379,12.9031949409,12.5632905167,-0.008397557879999873,0.009069072389999988,-0.00964772062599998,0.008405598146000025,-0.010057097310137604,0.008769411634139496,-0.6794191834037524,0.7337492453750616,1,1,instant_velocity,dbscan_kmeans_fallback,False
2290,72,4.06050336001,8.38268680514,0.00212569760800001,0.05050041362000002,-0.008608022983599995,0.052290362117400006,-0.008486992739182886,0.04993482410234879,0.042055428574301085,0.9991150810800379,-1,-1,instant_velocity,dbscan_kmeans_fallback,False
2290,103,8.43333694269,4.81376816022,0.04840697521299999,0.007159793991000018,0.04468174277339999,0.0088447321774,0.03930846639296201,0.010487061000533726,0.9892376269688742,0.14631646753546274,-1,-1,instant_velocity,dbscan_kmeans_fallback,False
2290,110,13.6248798018,11.2528095565,0.021762092330000017,0.011932989990000031,0.026779580548000014,0.014438917882000019,0.02620319215632293,0.011841067600771906,0.87683007185551,0.48079956245561983,-1,-1,instant_velocity,dbscan_kmeans_fallback,False
2290,114,5.34476145894,5.88582798053,-0.02635023172500004,0.0039856186549999785,-0.0251758364134,0.0028209588326000025,-0.025846137508735767,0.0025766692485930517,-0.9887531205458174,0.14955439191443567,0,0,instant_velocity,dbscan_kmeans_fallback,False
2290,115,5.10525216419,7.09177594849,-0.033232440809999986,0.0024104639779999994,-0.03319455708999999,0.001909278397799987,-0.0331431750095091,0.0017256902847651778,-0.9973794835228663,0.07234338672784697,0,0,instant_velocity,dbscan_kmeans_fallback,False
2290,116,5.17744169679,6.46768057223,-0.031275115289999975,-0.0006443814599999875,-0.03236532455820001,0.0005011855793999941,-0.03222056703569319,0.0002629457141357714,-0.9997874927961194,-0.020599269365561175,0,0,instant_velocity,dbscan_kmeans_fallback,False
2290,117,5.76569167819,5.35170734877,-0.030349068808000014,0.0005727835190000085,-0.027528836339000017,0.00011455670380000171,-0.027622628088227196,0.0003577385845423361,-0.9998216196707831,0.01886981604972211,0,0,instant_velocity,dbscan_kmeans_fallback,False
2290,118,10.8389531457,12.7205673247,-0.00902895319999999,0.024725155249999985,-0.009020534598000013,0.02472038205399997,-0.00897816384216827,0.023703199420354475,-0.34301725395406907,0.9393286984191078,1,1,instant_velocity,dbscan_kmeans_fallback,False
2290,119,11.206214762,12.4255838123,-0.008144999740000002,0.015727680799999887,-0.008102906720000008,0.015613124097999993,-0.008097679893351653,0.015367435901183325,-0.459867695778403,0.88798680912348,1,1,instant_velocity,dbscan_kmeans_fallback,False
2290,120,9.0106427384,7.05239708153,-0.06120325387900003,0.017613093218999953,-0.058921812090000004,0.010133495095799994,-0.05742593954810689,0.010083753059328258,-0.9609975798379857,0.27655621039990924,2,2,instant_velocity,dbscan_kmeans_fallback,False
2290,121,9.35370086709,6.39608263232,-0.06012988182000001,0.011932989985999943,-0.058766067910200025,0.006567917688199998,-0.05655746669484722,0.005946689212149952,-0.9808711318319694,0.19465738231027377,2,2,instant_velocity,dbscan_kmeans_fallback,False
2290,122,11.1872729021,5.65790787181,-0.04137744055999999,0.009045206408999995,-0.041120673120000006,0.010324422935600009,-0.03972082335019133,0.008127246297236806,-0.9769298861551354,0.2135591846136669,3,3,instant_velocity,dbscan_kmeans_fallback,False
2290,123,10.8309554715,6.65120995821,-0.06231871897000012,-0.00641994861299997,-0.061800974792,-0.017135773619600007,-0.056625393855525535,-0.013787759852786581,-0.9947353549690097,-0.10247562799725686,-1,-1,instant_velocity,dbscan_kmeans_fallback,False
2290,124,12.4134426308,6.0784264389,-0.04933302169999987,0.0022434021170000483,-0.049636091454,-0.00021002062379999131,-0.04121362040506288,0.0004707020403894717,-0.9989674265025593,0.04542769857192708,3,3,instant_velocity,dbscan_kmeans_fallback,False
2290,125,12.9760158689,4.51950062717,-0.05568906800000004,-0.006276752733000013,-0.05568906800000004,-0.006276752733000013,-0.03736913253855001,-0.004013064532253991,-0.9937078593058758,-0.112001488724892,4,4,instant_velocity,dbscan_kmeans_fallback,False
2290,126,13.316127486,3.5798969957,-0.06084546319000008,0.002171804176999981,-0.06084546319000008,0.002171804176999981,-0.04144813578285003,0.001764173239418999,-0.9993634211791299,0.03567105152409347,4,4,instant_velocity,dbscan_kmeans_fallback,False
2290,127,14.2484879216,6.38629758053,-0.042093021929999884,0.005608505293000032,-0.042093021929999884,0.005608505293000032,-0.012627906578999967,0.00168255158790001,-0.9912396873270951,0.13207350715400928,3,3,instant_velocity,dbscan_kmeans_fallback,False
2290,128,14.5359832614,5.54931766294,0.0,0.0,0.0,0.0,0.0,0.0,0.0,0.0,-1,-1,instant_velocity,dbscan_kmeans_fallback,False
2290,232,10.0377124734,7.68198163318,0.000778720909999997,0.00026252578000001136,0.0007829302083999679,0.00026729897580000993,0.0018830882494642591,0.00011919396287590457,0.9475885477717341,0.3194551724864476,5,5,instant_velocity,dbscan_kmeans_fallback,False
2290,233,10.4697973434,7.31468420142,0.0001683720799999122,0.0022195361380000556,0.00016416278400001262,0.0022195361374000022,0.0017665561012597155,0.0017144161358904854,0.07564145776926631,0.9971305756273795,5,5,instant_velocity,dbscan_kmeans_fallback,False
2290,238,10.3630915329,8.05285896193,0.0033884882700000673,-0.0010262371390000525,0.003388488265999996,-0.001011917550800021,0.003986456147359797,-0.0011457468104380238,0.9570669598050064,-0.289857181256156,5,5,instant_velocity,dbscan_kmeans_fallback,False
2290,243,8.55793228759,8.98458682001,0.012964650753000129,0.01100221676699995,0.02160213885180001,0.009092938368999982,0.02171831521166684,0.009350999193647026,0.7624533560444561,0.6470422734670649,-1,-1,instant_velocity,dbscan_kmeans_fallback,False
2290,244,5.7351742373,8.58578629469,0.02630813870399997,0.01491623748199995,0.033253487321,0.01041988685539998,0.029236972322231707,0.010409801296632822,0.8699042644857239,0.4932199400978788,6,6,instant_velocity,dbscan_kmeans_fallback,False
2290,245,6.00520097295,8.04283525034,0.03428476635799997,0.010596495106999981,0.03871295226459999,0.008419917733799985,0.03494630145007566,0.008116257165762959,0.9554072059199287,0.2952905578241087,6,6,instant_velocity,dbscan_kmeans_fallback,False
2290,246,3.91465103903,4.84264599599,0.042093021924999974,0.002100206238000002,0.0368692779042,0.0031455361603999954,0.03703833837278896,0.0031437250746869433,0.998757356452416,0.04983240295760155,7,7,instant_velocity,dbscan_kmeans_fallback,False
2290,247,3.89128941187,4.11377896766,0.04752302175400001,-0.002052474278000016,0.03620841746,0.0037230928756000026,0.03785933044850101,0.002784512098494173,0.9990684455639176,-0.04314881947313892,7,7,instant_velocity,dbscan_kmeans_fallback,False
2290,248,0.352949988842,4.07153618311,0.0,0.0,0.0,0.0,0.0,0.0,0.0,0.0,-1,-1,instant_velocity,dbscan_kmeans_fallback,False
2290,321,7.08888582241,8.54067959255,-0.014016976301000027,-0.021622577854000014,-0.016912976209400004,-0.01868228912140001,-0.015994269608907218,-0.01917843659254418,-0.5439592556267353,-0.8391111678881731,-1,-1,instant_velocity,dbscan_kmeans_fallback,False
2290,322,10.7162519868,10.8888533619,0.001767906919999973,-0.01491623747999995,0.01024544153600001,-0.016858928252,0.009048804529321136,-0.01594996665688591,0.11769842736914489,-0.9930487141600859,-1,-1,instant_velocity,dbscan_kmeans_fallback,False
2290,323,7.77836952154,9.95617086465,0.011386162431000013,-0.03379422763500006,0.0096266741142,-0.02494472226500001,0.008341531204881856,-0.02516263495708411,0.31929039484810734,-0.9476566271168434,-1,-1,instant_velocity,dbscan_kmeans_fallback,False
2290,376,11.4703484746,8.73494866951,-0.01178604613999994,0.0,-0.01605427856200002,0.002878237184400021,-0.01576882348695567,0.0019826093180067583,-0.9999991515397618,0.0,5,5,instant_velocity,dbscan_kmeans_fallback,False
2290,377,12.4572193736,7.79152648124,-0.03967267317000012,-0.04245757836999999,-0.009007906692000028,-0.04648615578920001,-0.013917820151283268,-0.044204147998058614,-0.6827374199949027,-0.7306635827475574,-1,-1,instant_velocity,dbscan_kmeans_fallback,False
2290,378,12.1775112429,12.4508817511,-0.016121627400000095,0.009140670330000055,-0.015439720442000003,0.010606041500000031,-0.015451506365535588,0.010585187898393113,-0.8699040827427426,0.49321983704154165,1,1,instant_velocity,dbscan_kmeans_fallback,False
2290,379,12.8387926174,12.6756992824,-0.00644023235000013,0.01124087656999997,-0.008511209032000018,0.008949742490000006,-0.008972037822096362,0.009510851114897637,-0.49712014108012753,0.8676808293015348,1,1,instant_velocity,dbscan_kmeans_fallback,False
2300,72,4.11859173026,8.86835949755,0.005808837025000013,0.048567269240999876,-0.0038851859237999877,0.05208988788539999,-0.004198243809928015,0.04952455764394412,0.11875751799336001,0.992923080119706,-1,-1,instant_velocity,dbscan_kmeans_fallback,False
2300,103,8.92140553192,4.85171506837,0.048806858923000004,0.003794690814999946,0.04686637061139999,0.007274350695200002,0.04215798415197341,0.008479349944873591,0.9969909670056577,0.07751518021479219,-1,-1,instant_velocity,dbscan_kmeans_fallback,False
2300,110,13.8422902601,11.3721394563,0.021741045829999982,0.011932989979999854,0.025154789904000018,0.01495919624599999,0.024864548258426045,0.01186864431454029,0.8766338226497971,0.4811572867103885,-1,-1,instant_velocity,dbscan_kmeans_fallback,False
2300,114,5.02401263187,5.95957385864,-0.032074882707000006,0.007374587810999955,-0.026640673576400004,0.004157453710999999,-0.02771476106821504,0.0040160448173151226,-0.9745723781571708,0.22407157795550126,0,0,instant_velocity,dbscan_kmeans_fallback,False
2300,115,4.80323473187,7.12805223804,-0.030201743232000044,0.003627628955000084,-0.0328283477994,0.002567979444800006,-0.03226074547625638,0.0022962718858356495,-0.9928632066863696,0.11925600748481001,0,0,instant_velocity,dbscan_kmeans_fallback,False
2300,116,4.90951961223,6.53283469756,-0.026792208455999944,0.006515412533000031,-0.03063530135719999,0.00105010311880001,-0.030592059461785216,0.0021386857597950498,-0.9716806683802512,0.2362963253005286,0,0,instant_velocity,dbscan_kmeans_fallback,False
2300,117,5.42684285169,5.36340167896,-0.03388488264999996,0.0011694330190000102,-0.028943161875799994,0.0003484433076000038,-0.029501304456759025,0.0006012469148796384,-0.9994046997202511,0.034491394503815796,0,0,instant_velocity,dbscan_kmeans_fallback,False
2300,120,8.40555554822,7.17172698139,-0.0605087190179999,0.011932989986000031,-0.060327719023600006,0.014195484887000002,-0.058350773389074795,0.01063852413732979,-0.9811031824581359,0.19348442078278003,1,1,instant_velocity,dbscan_kmeans_fallback,False
2300,121,8.75240204889,6.51541253218,-0.06012988182000001,0.011932989986000031,-0.05850088187219999,0.0114365776024,-0.05762919123239306,0.007742579444304976,-0.9808711318319691,0.19465738231027513,1,1,instant_velocity,dbscan_kmeans_fallback,False
2300,122,10.7737089617,5.7483599359,-0.04135639403999995,0.009045206408999995,-0.04073762662,0.010620361087199992,-0.040211494557133916,0.008402634330765763,-0.9769072065621788,0.21366290584348324,2,2,instant_velocity,dbscan_kmeans_fallback,False
2300,123,10.2075578168,6.58701047209,-0.062339765469999975,-0.006419948611999971,-0.063981393326,-0.012410309585199997,-0.05833970533986787,-0.011577416480550598,-0.9947388811070873,-0.10244139436390876,-1,-1,instant_velocity,dbscan_kmeans_fallback,False
2300,124,11.920322879,6.10062180028,-0.04931197518000001,0.0022195361379999667,-0.04953927750399998,0.0005489175393999979,-0.04364312683754402,0.0009953522696726203,-0.9989883803145014,0.04496455077000001,2,2,instant_velocity,dbscan_kmeans_fallback,False
2300,125,12.5070996046,4.44456145006,-0.04689162642999989,-0.007493917711000009,-0.04689162642999989,-0.007493917711000009,-0.04022588070598498,-0.005057320485877797,-0.9874691291335758,-0.1578109560120855,3,3,instant_velocity,dbscan_kmeans_fallback,False
2300,126,12.8040658743,3.5798969957,-0.051206161169999834,0.0,-0.051206161169999834,0.0,-0.04437554339899497,0.0012349212675932992,-0.9999998047110382,0.0,3,3,instant_velocity,dbscan_kmeans_fallback,False
2300,127,13.8275577024,6.44238263346,-0.042093021920000064,0.005608505293000032,-0.042093021920000064,0.005608505293000032,-0.0214674411813,0.0028603376994300166,-0.9912396873229875,0.132073507184838,2,2,instant_velocity,dbscan_kmeans_fallback,False
2300,128,14.1005309496,5.57389962231,-0.04354523118000007,0.0024581959369999852,-0.04354523118000007,0.0024581959369999852,-0.013063569354000023,0.0007374587810999956,-0.9984101803977479,0.05636180546999595,2,2,instant_velocity,dbscan_kmeans_fallback,False
2300,232,10.0454996824,7.68460689097,0.0007787208999999962,0.00026252577899992245,0.0007829302079999678,0.00026729897559999214,0.0015517780446249801,0.00016219350771310993,0.9475885468981464,0.3194551750772859,4,4,instant_velocity,dbscan_kmeans_fallback,False
2300,233,10.4712705992,7.33687956279,0.00014732558000005725,0.0022195361369999667,0.0001599534840000061,0.0022195361374000022,0.001280786944881818,0.0018659521362233299,0.06623070306848601,0.9977998310908545,4,4,instant_velocity,dbscan_kmeans_fallback,False
2300,238,10.3969764155,8.04283525034,0.003388488259999889,-0.0010023711589999707,0.0033884882639999957,-0.001011917550800021,0.0038070657811518248,-0.0011027341150066077,0.9589205935466101,-0.28366465308110195,4,4,instant_velocity,dbscan_kmeans_fallback,False
2300,243,8.68736833001,9.09484764748,0.012943604242000006,0.011026082747000033,0.017540162236200026,0.009570257968599982,0.019085901920766788,0.009853524259652928,0.7612413455826956,0.6484677613671778,-1,-1,instant_velocity,dbscan_kmeans_fallback,False
2300,244,6.04034864625,8.6633507296,0.030517440895000015,0.00775644349100002,0.0319570222454,0.010758783771199987,0.0296211128940622,0.009613793954942981,0.9691851175186614,0.24633224070840648,5,5,instant_velocity,dbscan_kmeans_fallback,False
2300,245,6.33857770659,8.14712958282,0.033337673363999974,0.01042943324800003,0.03679351046459999,0.009684814672400002,0.034463713024252954,0.00881020999043408,0.9543866610330775,0.29857248480857485,5,5,instant_velocity,dbscan_kmeans_fallback,False
2300,246,4.32968823522,4.83811145979,0.04150371961900001,-0.00045345361999995506,0.039824208043400006,0.002019061905600008,0.038377952746652275,0.0020645714662808736,0.9999400799087806,-0.010924959333286036,6,6,instant_velocity,dbscan_kmeans_fallback,False
2300,247,4.36630916429,4.09325422489,0.04750197524199997,-0.002052474277000016,0.03985367315859999,0.0018615464378000013,0.0407521238865507,0.0013334161858459162,0.9990676211489994,-0.043167901607149756,6,6,instant_velocity,dbscan_kmeans_fallback,False
2300,248,0.680854629639,4.15482845321,0.0327904640797,0.008329227010000028,0.0327904640797,0.008329227010000028,0.009837139223910002,0.002498768103000009,0.9692199737605678,0.2461951488230324,-1,-1,instant_velocity,dbscan_kmeans_fallback,False
2300,321,7.05058117246,8.26956206007,-0.0038304649949999713,-0.02711175324799999,-0.013819139097999998,-0.020920918043000006,-0.012345128224735043,-0.021558431589180922,-0.13989490550027192,-0.9901659886009943,-1,-1,instant_velocity,dbscan_kmeans_fallback,False
2300,322,10.7337205909,10.7396909871,0.0017468604100001172,-0.014916237480000127,0.00785034858800003,-0.015689495234000005,0.006858221293524831,-0.015639847903820177,0.11631632546196018,-0.9932115488217328,-1,-1,instant_velocity,dbscan_kmeans_fallback,False
2300,323,7.89244161096,9.61798992845,0.011407208941999957,-0.03381809362000006,0.011453511265799996,-0.027956608939000028,0.009261234526017285,-0.02775927255595889,0.31961762496049106,-0.9475463120272173,-1,-1,instant_velocity,dbscan_kmeans_fallback,False
2300,376,11.3783752217,8.73494866951,-0.009197325289999902,0.0,-0.013827557701999994,0.0017278969498000052,-0.013797374027868941,0.0013878265226047307,-0.9999989127285583,0.0,4,4,instant_velocity,dbscan_kmeans_fallback,False
2300,377,11.8923310194,7.45239090585,-0.0564888354199999,-0.03391355753900003,-0.02182944116999998,-0.0451973928698,-0.02668912473189826,-0.04111697086034104,-0.857357130908389,-0.5147217175633125,-1,-1,instant_velocity,dbscan_kmeans_fallback,False
2300,378,12.0764879903,12.5570853619,-0.010102325259999923,0.010620361079999974,-0.014913557667999981,0.009436608480000004,-0.01384675203387489,0.010595739852875171,-0.6892143908414698,0.7245565257387775,7,7,instant_velocity,dbscan_kmeans_fallback,False
2300,379,12.7743902938,12.7878693882,-0.006440232359999953,0.011217010580000065,-0.007951371842000015,0.009565484772000019,-0.008212496183467439,0.010022698954428366,-0.4979158271054973,0.8672244708561861,7,7,instant_velocity,dbscan_kmeans_fallback,False
2310,72,4.17668010052,9.35379353017,0.005808837025999924,0.04854340326200006,0.00015574418119999932,0.05155528993419999,-0.0011961195591496329,0.049230211329360896,0.11881508015317609,0.9929161936660885,-1,-1,instant_velocity,dbscan_kmeans_fallback,False
2310,103,9.41010551647,4.88560475993,0.048869998455000105,0.0033889691559999767,0.04843223102700001,0.005804206328999992,0.04417158844288142,0.006952235708211507,0.9976039572366387,0.0691804613845364,-1,-1,instant_velocity,dbscan_kmeans_fallback,False
2310,110,14.0447576955,11.4859801808,0.02024674353999991,0.011384072450000105,0.023681534133999982,0.013808856011999993,0.023479206842898205,0.011723272755178236,0.8716619923194087,0.49010663136377275,-1,-1,instant_velocity,dbscan_kmeans_fallback,False
2310,114,4.70347426991,6.03355839656,-0.032053836195999975,0.007398453792000037,-0.028067627019600003,0.005007082597999996,-0.02901648360655052,0.0050307675097205976,-0.9743814765193881,0.2249002673417626,0,0,instant_velocity,dbscan_kmeans_fallback,False
2310,115,4.50121729956,7.1645671874,-0.030201743230999955,0.0036514949359999884,-0.03215485944859999,0.002844824812600013,-0.03164304480267945,0.002702838800884951,-0.9927700161884583,0.12002931946669483,0,0,instant_velocity,dbscan_kmeans_fallback,False
2310,116,4.64180799279,6.59775016308,-0.026771161944000088,0.006491546551999949,-0.02948195255640002,0.002214762941399986,-0.029445790206449676,0.0034445439974565197,-0.9718367191737664,0.23565369768618905,0,0,instant_velocity,dbscan_kmeans_fallback,False
2310,117,5.08820449031,5.37509600915,-0.033863836138000016,0.0011694330190000102,-0.030349068807999993,0.0005823299114000057,-0.03081006396113132,0.0007717027461157499,-0.9994039603719507,0.03451280551369222,0,0,instant_velocity,dbscan_kmeans_fallback,False
2310,120,7.80046835805,7.29105688125,-0.06050871901700008,0.011932989986000031,-0.06095490504900001,0.015598804509399997,-0.05899815707745239,0.011026863891930862,-0.9811031824575291,0.19348442078585742,1,1,instant_velocity,dbscan_kmeans_fallback,False
2310,121,8.14647299828,6.62328676165,-0.060592905060999944,0.010787422947000015,-0.059022835342399986,0.012042773493599999,-0.058518305380975126,0.008656032495113488,-0.9845193346627619,0.1752750829790137,1,1,instant_velocity,dbscan_kmeans_fallback,False
2310,122,10.3700368815,5.79871715364,-0.040367208019999976,0.005035721774000024,-0.04080076615199999,0.009164536308999995,-0.04025820859599373,0.007392560563736042,-0.9923083992780144,0.12378832368816894,2,2,instant_velocity,dbscan_kmeans_fallback,False
2310,123,9.5681648138,6.70634037195,-0.06393930030000003,0.011932989985999943,-0.06361518403600001,-0.006243340360400005,-0.060019583827907515,-0.004524294540585434,-0.9830266032540194,0.18346222992061342,1,1,instant_velocity,dbscan_kmeans_fallback,False
2310,124,11.4549845216,6.14000066723,-0.04653383574000003,0.003937886694999992,-0.048882626362000005,0.0016562990099999908,-0.04451033950828082,0.001878112597270832,-0.9964382797742063,0.08432275100284961,2,2,instant_velocity,dbscan_kmeans_fallback,False
2310,125,12.0379728753,4.36962227295,-0.0469126729300001,-0.007493917711000009,-0.053049835531999996,-0.006639515627999994,-0.042231918373189514,-0.00578829965341446,-0.9874801597846167,-0.15774191911241076,3,3,instant_velocity,dbscan_kmeans_fallback,False
2310,126,12.2917937975,3.5798969957,-0.05122720768000004,0.0,-0.058643998145999986,0.0016801649900000015,-0.046431042683296495,0.0008644448873153094,-0.999999804791272,0.0,3,3,instant_velocity,dbscan_kmeans_fallback,False
2310,127,13.4066274831,6.4984676864,-0.042093021930000064,0.005608505293999944,-0.042093021930000064,0.005608505293999944,-0.027655115405910022,0.0036847879778009953,-0.9912396873240126,0.13207350717714472,2,2,instant_velocity,dbscan_kmeans_fallback,False
2310,128,13.6650786378,5.59872024148,-0.04354523117999989,0.002482061916999978,-0.04354523117999989,0.002482061916999978,-0.022208067901799983,0.0012608397218699906,-0.998379240091628,0.05690724387962278,2,2,instant_velocity,dbscan_kmeans_fallback,False
2310,129,14.5688158185,4.95171352445,0.0,0.0,0.0,0.0,0.0,0.0,0.0,0.0,4,4,instant_velocity,dbscan_kmeans_fallback,False
2310,130,14.7167727906,6.55407541973,0.0,0.0,0.0,0.0,0.0,0.0,0.0,0.0,4,4,instant_velocity,dbscan_kmeans_fallback,False
2310,131,15.0366797572,4.05936453333,0.0,0.0,0.0,0.0,0.0,0.0,0.0,0.0,4,4,instant_velocity,dbscan_kmeans_fallback,False
2310,132,14.8556797629,5.95002746666,0.0,0.0,0.0,0.0,0.0,0.0,0.0,0.0,4,4,instant_velocity,dbscan_kmeans_fallback,False
2310,232,10.0532868915,7.68723214877,0.0007787209100001746,0.00026252578000001136,0.0007829302080000033,0.00026729897559999214,0.0013198609042375383,0.00019229318939918035,0.9475885477717562,0.3194551724863822,5,5,instant_velocity,dbscan_kmeans_fallback,False
2310,233,10.4729543201,7.35907492416,0.00016837208999991303,0.0022195361369999667,0.00016416278599997724,0.002219536137200002,0.0009470624884172465,0.001972027336456321,0.07564146226996762,0.9971305752859597,5,5,instant_velocity,dbscan_kmeans_fallback,False
2310,238,10.4106566476,8.04808576594,0.0013680232100000468,0.0005250515600000227,0.002984395253999992,-0.0007016598110000061,0.0030753530098062915,-0.0006143984125046185,0.9335930844455104,0.35831592754433705,5,5,instant_velocity,dbscan_kmeans_fallback,False
2310,243,8.84353344136,9.13518115363,0.01561651113499991,0.004033350615000053,0.016306836693800016,0.008730175473400017,0.018045084685036725,0.008107472166257065,0.9682274527920577,0.25006870986864654,5,5,instant_velocity,dbscan_kmeans_fallback,False
2310,244,6.35604631069,8.72301567953,0.031569766444,0.005966494993000104,0.030340650203599998,0.010481938403400014,0.030205708959043544,0.008519604266360118,0.9826049621007638,0.18570639719083198,5,5,instant_velocity,dbscan_kmeans_fallback,False
2310,245,6.58398002442,8.23447906951,0.024540231783,0.008734948668999997,0.0336196966116,0.009713453848199993,0.03148666865187707,0.008787631594003854,0.9420987541629694,0.33533441458540214,5,5,instant_velocity,dbscan_kmeans_fallback,False
2310,246,4.74409403607,4.830713006,0.041440580085,-0.0007398453790000481,0.0418446730958,0.0010262371387999992,0.03929674094815659,0.001223246412696597,0.9998404291624409,-0.017850312899481142,6,6,instant_velocity,dbscan_kmeans_fallback,False
2310,247,4.84259170737,4.0789346369,0.047628254308000086,-0.0014319587990000216,0.04351997536820001,0.0001241030957999989,0.04281496301298552,0.0005038036903921347,0.9995481346122772,-0.030051736457233368,6,6,instant_velocity,dbscan_kmeans_fallback,False
2310,248,1.00875927044,4.23812072331,0.03279046408009999,0.00832922700999994,0.03279046408009999,0.00832922700999994,0.016723136680766998,0.004247905775099988,0.969219973761285,0.24619514882020882,-1,-1,instant_velocity,dbscan_kmeans_fallback,False
2310,249,0.294651153476,3.55603101573,0.0,0.0,0.0,0.0,0.0,0.0,0.0,0.0,-1,-1,instant_velocity,dbscan_kmeans_fallback,False
2310,321,7.0122765225,7.9984445276,-0.00383046499600006,-0.027111753246999902,-0.010729511288800016,-0.023164320160199984,-0.009790729256114548,-0.023224428086526618,-0.1398949055411414,-0.99016598859522,-1,-1,instant_velocity,dbscan_kmeans_fallback,False
2310,322,10.588078735,10.6387378918,-0.014564185590000101,-0.010095309529999952,0.0022393487660000134,-0.014372093140000004,0.0004314992284673493,-0.01397648639167411,-0.8218638020614574,-0.5696830366546413,-1,-1,instant_velocity,dbscan_kmeans_fallback,False
2310,323,8.01872067673,9.4079693047,0.012627906577000036,-0.02100206237499993,0.0119249531114,-0.027746588314,0.010271236141312111,-0.025732109501671204,0.5152955154835126,-0.8570120860296607,-1,-1,instant_velocity,dbscan_kmeans_fallback,False
2310,376,11.2861915037,8.73494866951,-0.009218371800000114,0.0,-0.011609255446000014,0.000577556715200025,-0.012423673359508293,0.0009714785658233115,-0.9999989152109104,0.0,5,5,instant_velocity,dbscan_kmeans_fallback,False
2310,377,11.3508042923,7.15716873361,-0.054152672710000085,-0.029522217223999992,-0.03380911521000002,-0.04220937217719999,-0.03492818912532881,-0.037638544769438724,-0.8780017651184328,-0.4786570548732155,-1,-1,instant_velocity,dbscan_kmeans_fallback,False
2310,378,12.0663856651,12.6850070146,-0.0010102325200000094,0.012792165269999956,-0.011891278692,0.010166907467999984,-0.009995796179712425,0.011254667478012606,-0.07872757399928987,0.9968953859306152,7,7,instant_velocity,dbscan_kmeans_fallback,False
2310,379,12.7101984354,12.9002781539,-0.0064191858399999194,0.01124087656999997,-0.007387325348000005,0.010181227055999997,-0.007674503080427183,0.010388152239099847,-0.4958955625964924,0.8683812791370961,7,7,instant_velocity,dbscan_kmeans_fallback,False
2310,380,14.8447355772,9.92824766808,0.0,0.0,0.0,0.0,0.0,0.0,0.0,0.0,8,8,instant_velocity,dbscan_kmeans_fallback,False
2310,381,15.0417309198,9.11131517366,0.0,0.0,0.0,0.0,0.0,0.0,0.0,0.0,8,8,instant_velocity,dbscan_kmeans_fallback,False
2320,72,4.17204986811,9.8265785934,-0.00046302324099993796,0.04727850632300008,0.001359604608199998,0.04999445484400001,-0.0009761906637047245,0.048644699827452655,-0.009793053454413787,0.9999518353897101,-1,-1,instant_velocity,dbscan_kmeans_fallback,False
2320,103,9.90196247766,4.92307434849,0.0491856961189999,0.003746958856000049,0.0487353007848,0.005050041362000002,0.04567582074571696,0.005990652652548069,0.9971106821286241,0.075959740241856,-1,-1,instant_velocity,dbscan_kmeans_fallback,False
2320,110,14.1114751353,11.5499410071,0.0066717439799999665,0.006396082629999888,0.019489069151999983,0.011656144617999971,0.018436967984028732,0.010125115717624731,0.7218615858117705,0.6920359000758393,-1,-1,instant_velocity,dbscan_kmeans_fallback,False
2320,114,4.38272544284,6.10730427467,-0.032074882707000006,0.007374587810999955,-0.02949878976520001,0.005856711484999995,-0.029934003336685364,0.005733913600104405,-0.9745723781571708,0.22407157795550126,0,0,instant_velocity,dbscan_kmeans_fallback,False
2320,115,4.19919986725,7.20084347695,-0.030201743231000045,0.0036276289549999952,-0.031481371097800005,0.0031168969842000037,-0.031210654331175633,0.0029802758471194645,-0.9928632066859023,0.11925600748869962,0,0,instant_velocity,dbscan_kmeans_fallback,False
2320,116,4.37388590824,6.6629042884,-0.026792208454999945,0.006515412532000031,-0.028585371189199994,0.0036467217396000074,-0.028649715681014758,0.004365804557819573,-0.9716806683865534,0.23629632527461347,0,0,instant_velocity,dbscan_kmeans_fallback,False
2320,117,4.74935566381,5.38679033933,-0.03388488264999996,0.00116943301800001,-0.03176339434459999,0.0008162165150000078,-0.03173250956779191,0.000891021827681028,-0.9994046997212679,0.034491394474356764,0,0,instant_velocity,dbscan_kmeans_fallback,False
2320,120,7.21537535329,7.31229760342,-0.058509300476000003,0.0021240722169999946,-0.06039927716019999,0.012372124017200009,-0.058851500097016674,0.008356026389451602,-0.9993415203995056,0.036279250332959034,1,1,instant_velocity,dbscan_kmeans_fallback,False
2320,121,7.52286487845,6.68509964977,-0.06236081198300001,0.006181288811999952,-0.06006674228700001,0.010725371398999997,-0.0596710573615826,0.007913609390179427,-0.9951232241527392,0.09863797241276287,1,1,instant_velocity,dbscan_kmeans_fallback,False
2320,122,9.97099503362,5.8314135462,-0.03990418478800013,0.003269639256000012,-0.04076709173360001,0.007350721831199998,-0.040152001453595654,0.0061556841714152325,-0.9966597031307931,0.08166355753268542,2,2,instant_velocity,dbscan_kmeans_fallback,False
2320,123,8.92856134564,6.8256702718,-0.0639603468159999,0.011932989985000031,-0.06325318404720001,-8.114433199999383e-05,-0.061201812724335225,0.0004128908170902062,-0.9830374891937791,0.18340389158888204,1,1,instant_velocity,dbscan_kmeans_fallback,False
2320,124,11.0085880241,6.19059654477,-0.04463964975000003,0.005059587754000017,-0.04784713802199999,0.0029880206924000063,-0.04454913258079658,0.0028325551442895877,-0.9936377044637948,0.11262178779567375,2,2,instant_velocity,dbscan_kmeans_fallback,False
2320,125,11.569056611,4.29444443604,-0.04689162642999989,-0.007517783691000002,-0.05085257978799998,-0.006949773367799992,-0.043629830790232624,-0.006307144864690123,-0.9873906945620987,-0.15830096384703557,2,2,instant_velocity,dbscan_kmeans_fallback,False
2320,126,11.8327693934,3.5798969957,-0.04590244041000009,0.0,-0.05483037035800002,0.0010596495105999982,-0.04627246200130757,0.0006051114211207165,-0.9999997821467065,0.0,2,2,instant_velocity,dbscan_kmeans_fallback,False
2320,127,13.0132681933,6.48414809841,-0.039335928979999935,-0.0014319587989999327,-0.039335928979999935,-0.0014319587989999327,-0.031159359478136993,0.0021497639447607166,-0.9993378027367574,-0.03637922369978209,2,2,instant_velocity,dbscan_kmeans_fallback,False
2320,128,13.2382553954,5.60349343747,-0.04268232424000011,0.0004773195990000367,-0.04268232424000011,0.0004773195990000367,-0.02835034480326002,0.0010257836850090043,-0.9999372410305474,0.011182372361686147,2,2,instant_velocity,dbscan_kmeans_fallback,False
2320,129,14.0544390906,5.04025631015,-0.05143767278999985,0.00885427857000005,-0.05143767278999985,0.00885427857000005,-0.015431301836999957,0.0026562835710000157,-0.9855057189536753,0.16964107617326843,2,2,instant_velocity,dbscan_kmeans_fallback,False
2320,130,14.3091018732,6.71087490814,-0.04076709174000008,0.01567994884099999,-0.04076709174000008,0.01567994884099999,-0.012230127522000025,0.004703984652299998,-0.9333431052696034,0.35898494391170965,3,3,instant_velocity,dbscan_kmeans_fallback,False
2320,131,14.3575088484,4.1679547422,-0.06791709087999998,0.010859020886999993,-0.06791709087999998,0.010859020886999993,-0.020375127263999995,0.0032577062660999983,-0.9874579784127053,0.15788112643935376,2,2,instant_velocity,dbscan_kmeans_fallback,False
2320,132,14.4509553571,6.15193365721,-0.04047244057999997,0.02019061905499999,-0.04047244057999997,0.02019061905499999,-0.012141732173999992,0.006057185716499998,-0.8948299197924127,0.44640673432659134,3,3,instant_velocity,dbscan_kmeans_fallback,False
2320,133,14.9316576675,6.99177749241,0.0,0.0,0.0,0.0,0.0,0.0,0.0,0.0,-1,-1,instant_velocity,dbscan_kmeans_fallback,False
2320,232,10.0610741005,7.68985740657,0.0007787208999999962,0.00026252578000001136,0.0007787209040000321,0.00026252577979999356,0.0011575189029662757,0.00021336296657942965,0.9475885465297531,0.31945517617005237,4,4,instant_velocity,dbscan_kmeans_fallback,False
2320,233,10.474638041,7.38127028554,0.00016837209000009068,0.0022195361380000556,0.00016416278600001277,0.0022195361374000022,0.0007134553688920997,0.0020462799769194414,0.07564146223615927,0.9971305752885266,4,4,instant_velocity,dbscan_kmeans_fallback,False
2320,238,10.4241264146,8.05309762173,0.0013469767000000132,0.0005011855790000297,0.002576092939999981,-0.00040094846359998824,0.0025568401168644082,-0.000279723215053224,0.9372187532659677,0.3487220851743652,4,4,instant_velocity,dbscan_kmeans_fallback,False
2320,243,9.00664390131,9.1583311542,0.01631104599499995,0.0023150000570000273,0.015216627425799984,0.007546422866800029,0.017524873078025693,0.0063697305334799535,0.9900772215133364,0.14052003929977328,4,4,instant_velocity,dbscan_kmeans_fallback,False
2320,244,6.67342769601,8.80081877423,0.031738138532000006,0.007780309470000013,0.029288324655599992,0.010267144583600007,0.030665437830930484,0.008297815827452086,0.9712425187851854,0.2380910701159152,4,4,instant_velocity,dbscan_kmeans_fallback,False
2320,245,6.82959280735,8.32206721601,0.024561278293000033,0.008758814649999992,0.030450092060599995,0.009746866220400002,0.029409051544213957,0.008778986510802694,0.9419002089259908,0.33589169302846306,4,4,instant_velocity,dbscan_kmeans_fallback,False
2320,246,5.15828937181,4.82307589241,0.04141953357399997,-0.0007637113589999522,0.041709975425599996,0.0004486804234000097,0.0399335787359096,0.0006271590811876321,0.9998298140473282,-0.018435296589966257,5,5,instant_velocity,dbscan_kmeans_fallback,False
2320,247,5.32097890155,4.07344546151,0.04783871941799998,-0.0005489175389999268,0.047232579902200006,-0.0014415051901999832,0.044322089934489856,0.00018798732157451618,0.9999339672985925,-0.011473578289084648,5,5,instant_velocity,dbscan_kmeans_fallback,False
2320,248,1.33666391123,4.32141299341,0.03279046407900001,0.008329227010000028,0.03279046407900001,0.008329227010000028,0.021543334900236903,0.005472302145570001,0.9692199737593139,0.2461951488279695,6,6,instant_velocity,dbscan_kmeans_fallback,False
2320,249,0.647601142318,3.61760524406,0.0352949988842,0.006157422833000003,0.0352949988842,0.006157422833000003,0.010588499665260001,0.0018472268499000013,0.9851210587789777,0.17186023777748885,6,6,instant_velocity,dbscan_kmeans_fallback,False
2320,321,6.94787419896,7.86813627695,-0.006440232353999953,-0.013030825065000062,-0.008654325307799996,-0.021975794357599998,-0.008785580185480169,-0.02016634718006865,-0.44307074630143317,-0.8964858826696055,-1,-1,instant_velocity,dbscan_kmeans_fallback,False
2320,322,10.4422264141,10.5377847965,-0.014585232089999955,-0.010095309529999952,-0.003371651056000005,-0.013145381769999994,-0.004073520167072843,-0.012812133333171861,-0.8222486821993098,-0.5691273821503254,-1,-1,instant_velocity,dbscan_kmeans_fallback,False
2320,323,8.14499974251,9.19794868096,0.012627906578000036,-0.02100206237400002,0.011996511248600008,-0.027374279026800005,0.010978237272318489,-0.02431309536336985,0.5152955155315024,-0.857012086000806,-1,-1,instant_velocity,dbscan_kmeans_fallback,False
2320,324,0.34305812869,12.9566018666,0.0,0.0,0.0,0.0,0.0,0.0,0.0,0.0,-1,-1,instant_velocity,dbscan_kmeans_fallback,False
2320,376,11.1942182508,8.73494866951,-0.009197325289999902,0.0,-0.010237022931999995,0.0,-0.011455768938655774,0.000680034996076318,-0.9999989127285583,0.0,4,4,instant_velocity,dbscan_kmeans_fallback,False
2320,377,10.8189589603,6.88103934534,-0.05318453319999996,-0.02761293882700002,-0.043578905600000016,-0.03775598031459999,-0.040405092347730154,-0.03463086298670712,-0.8875103095977259,-0.4607874961522436,-1,-1,instant_velocity,dbscan_kmeans_fallback,False
2320,378,12.0560728747,12.813167327,-0.0010312790400000438,0.012816031240000036,-0.00887320902199999,0.010901979650000015,-0.007306441037798711,0.011723076606608835,-0.08020857162470764,0.9967773219341196,7,7,instant_velocity,dbscan_kmeans_fallback,False
2320,379,12.6457961118,13.0126869196,-0.006440232360000131,0.01124087656999997,-0.006827488158000002,0.010801742535999992,-0.007304221864299068,0.010643969538369883,-0.4971201416612674,0.8676808289685828,7,7,instant_velocity,dbscan_kmeans_fallback,False
2320,380,14.4941007046,10.1669074678,-0.03506348726000006,0.023865979972000063,-0.03506348726000006,0.023865979972000063,-0.01051904617800002,0.00715979399160002,-0.826676177947128,0.5626775500086321,8,8,instant_velocity,dbscan_kmeans_fallback,False
2320,381,14.7422390688,9.30415229183,-0.029949185100000088,0.01928371181700008,-0.029949185100000088,0.01928371181700008,-0.008984755530000027,0.005785113545100025,-0.8407864356622637,0.5413664268599324,8,8,instant_velocity,dbscan_kmeans_fallback,False
2330,72,4.15163475247,10.2962610792,-0.0020415115640000535,0.04696824858,0.0022477673707999913,0.048371568205200006,-0.0012957869337933232,0.048141764453216856,-0.04342476955628621,0.9990564868770997,-1,-1,instant_velocity,dbscan_kmeans_fallback,False
2330,103,10.4239159495,4.98989909241,0.052195347183999985,0.006682474391999982,0.0494929751788,0.004954577441999995,0.04763167867720187,0.006198199174383643,0.9919036014658836,0.1269915954914884,-1,-1,instant_velocity,dbscan_kmeans_fallback,False
2330,110,14.178192575,11.6139018335,0.0066717439700001435,0.006396082640000067,0.015418673930000005,0.00960844353799999,0.014907400779820156,0.00900640579433733,0.7218615847530964,0.6920359011801404,-1,-1,instant_velocity,dbscan_kmeans_fallback,False
2330,114,4.06197661577,6.18128881258,-0.032074882707000006,0.007398453791000037,-0.030925743208400008,0.006706340371999992,-0.030576267147779758,0.006233275657373095,-0.9744138065365079,0.22476015226080567,0,0,instant_velocity,dbscan_kmeans_fallback,False
2330,115,3.89718243494,7.23711976651,-0.030201743231,0.0036276289559999952,-0.030807882747000005,0.0033889691560000123,-0.030907981001122943,0.003174481779783624,-0.9928632066820098,0.11925600752110661,0,0,instant_velocity,dbscan_kmeans_fallback,False
2330,116,4.11143591653,6.70204449555,-0.02624499917100005,0.003914020714999999,-0.0275751386632,0.0045584021744000044,-0.027928300728010343,0.0042302694049737005,-0.9890612827448592,0.14750262798047328,0,0,instant_velocity,dbscan_kmeans_fallback,False
2330,117,4.42418706944,5.41877075249,-0.032516859437,0.003198041316000033,-0.03289990593659999,0.0014558247782000145,-0.031967814528554336,0.0015831276741767296,-0.9951981148933643,0.09787798527101424,0,0,instant_velocity,dbscan_kmeans_fallback,False
2330,120,6.63870095292,7.29153420085,-0.057667440036999994,-0.002076340257000009,-0.0596794864854,0.0083053610302,-0.05849628207901167,0.005226316395516119,-0.9993522613254857,-0.03598209543865241,1,1,instant_velocity,dbscan_kmeans_fallback,False
2330,121,6.89925675863,6.7469125379,-0.06236081198200001,0.006181288813000041,-0.0611148585332,0.009403196108799996,-0.060477983747707825,0.007393913217025611,-0.9951232241510176,0.09863797243013288,1,1,instant_velocity,dbscan_kmeans_fallback,False
2330,122,9.57174272066,5.86434859856,-0.03992523129599999,0.003293505236000005,-0.04058609174080001,0.005937855816800006,-0.040083970406316956,0.0052970304907906645,-0.9966145676564606,0.08221255557708655,1,1,instant_velocity,dbscan_kmeans_fallback,False
2330,123,8.31063578378,6.87650480914,-0.06179255618599999,0.00508345373400001,-0.0628701375484,0.0032219072960000083,-0.061379035762834655,0.0018140596921631476,-0.996633035228282,0.08198945369906588,1,1,instant_velocity,dbscan_kmeans_fallback,False
2330,124,10.5621915266,6.24143108211,-0.04463964975000003,0.00508345373400001,-0.046891626423999994,0.0037087732876000066,-0.04457628773155762,0.0035078247212027144,-0.9935781216316982,0.11314623749773862,1,1,instant_velocity,dbscan_kmeans_fallback,False
2330,125,11.1742240653,4.20279907295,-0.039483254569999994,-0.00916453630899996,-0.04717364967199998,-0.007589381630999998,-0.042385857924162836,-0.0071643622979830745,-0.9741035852188854,-0.22610110976638045,2,2,instant_velocity,dbscan_kmeans_fallback,False
2330,126,11.4977089388,3.5798969957,-0.03350604545999989,0.0,-0.048537463581999986,0.00043436083539999615,-0.04244253703891526,0.00042357799478450153,-0.9999997015464858,0.0,2,2,instant_velocity,dbscan_kmeans_fallback,False
2330,127,12.6319054146,6.43928005607,-0.03813627786999998,-0.004486804234000008,-0.040750254525999986,0.0021813505694000136,-0.03325243499569589,0.00015879349113249877,-0.9931497917256008,-0.11684592570099854,1,1,instant_velocity,dbscan_kmeans_fallback,False
2330,128,12.8173251762,5.59537900428,-0.04209302191999988,-0.0008114433190000269,-0.04209302191999988,-0.0008114433190000269,-0.03247314793828198,0.0004746155838062948,-0.9998140055365534,-0.019273797841770503,1,1,instant_velocity,dbscan_kmeans_fallback,False
2330,129,13.5398518975,5.12856043604,-0.05145871931000005,0.00883041258899997,-0.05145871931000005,0.00883041258899997,-0.02623952707889999,0.004508522276400003,-0.9855936072431503,0.16912970850688272,1,1,instant_velocity,dbscan_kmeans_fallback,False
2330,130,13.9012204908,6.86743573675,-0.04078813823999994,0.015656082861,-0.04078813823999994,0.015656082861,-0.0207975307374,0.007989614114909999,-0.9335879964498425,0.35834758979314785,3,3,instant_velocity,dbscan_kmeans_fallback,False
2330,131,13.6783379397,4.27630629127,-0.06791709086999997,0.010835154906999999,-0.06791709086999997,0.010835154906999999,-0.03463771634579999,0.005530940858369999,-0.9875120197186441,0.15754275645664076,1,1,instant_velocity,dbscan_kmeans_fallback,False
2330,132,14.0460204862,6.35383984777,-0.04049348709,0.020190619055999993,-0.04049348709,0.020190619055999993,-0.020647258648799995,0.010297215718349996,-0.8949225925329548,0.44622092215177495,3,3,instant_velocity,dbscan_kmeans_fallback,False
2330,133,14.4130716374,7.23902904491,-0.05185860300999998,0.024725155249999985,-0.05185860300999998,0.024725155249999985,-0.015557580902999997,0.007417546574999996,-0.9026536272228222,0.4303673792708266,3,3,instant_velocity,dbscan_kmeans_fallback,False
2330,232,10.0688613096,7.69248266436,0.000778720909999997,0.0002625257790000113,0.0007787209060000322,0.00026252577959999355,0.0010438795050763921,0.00022811181030560416,0.9475885481400945,0.31945517139377827,4,4,instant_velocity,dbscan_kmeans_fallback,False
2330,233,10.4763217618,7.40346564691,0.0001683720799999122,0.0022195361369999667,0.00016416278399997709,0.0022195361374000022,0.0005499303822244434,0.0020982568249435993,0.07564145780315402,0.9971305756248068,4,4,instant_velocity,dbscan_kmeans_fallback,False
2330,238,10.4378066468,8.05834813732,0.0013680232200000476,0.0005250515589999338,0.0021719999320000127,-9.546392000000736e-05,0.0022001950478051,-3.82907828372766e-05,0.9335930855500616,0.35831592466654283,4,4,instant_velocity,dbscan_kmeans_fallback,False
2330,243,9.16954389617,9.18148115478,0.016289999486000007,0.0023150000579999384,0.0148251623222,0.0061383300488000005,0.017154411000417986,0.0051533113908359485,0.990051947036478,0.1406979979822694,4,4,instant_velocity,dbscan_kmeans_fallback,False
2330,244,6.99333466264,8.90582908611,0.03199069666299996,0.01050103118799992,0.030424836247599993,0.009384103324800002,0.031063015480551327,0.008958780435616437,0.9501212457358348,0.31187982365488476,4,4,instant_velocity,dbscan_kmeans_fallback,False
2330,245,7.08383465978,8.4115646409,0.025424185242999987,0.008949742489000023,0.028429627008199995,0.009493886832600005,0.028213591653849766,0.008830213304261893,0.9432632919106109,0.33204460560838395,4,4,instant_velocity,dbscan_kmeans_fallback,False
2330,246,5.58195563749,4.85219238797,0.042366626568000054,0.00291164955599994,0.0417646963542,0.0006109690871999973,0.04066349308553674,0.0013125062236313246,0.9976465298742916,0.06856333182655107,5,5,instant_velocity,dbscan_kmeans_fallback,False
2330,247,5.79936609573,4.06795628612,0.04783871941799998,-0.0005489175390000156,0.047666138028,-0.0013269484863999992,0.04537707877954289,-3.30841365978434e-05,0.9999339672985925,-0.011473578289086505,5,5,instant_velocity,dbscan_kmeans_fallback,False
2330,248,1.66456855203,4.40470526351,0.03279046407999999,0.008329227010000028,0.03279046407999999,0.008329227010000028,0.024917473654165828,0.006329379604899009,0.9692199737611054,0.2461951488209166,6,6,instant_velocity,dbscan_kmeans_fallback,False
2330,249,1.00076159627,3.67917947238,0.0353160453952,0.006157422832000004,0.0353160453952,0.006157422832000004,0.018006763384242,0.0031402856445300023,0.9851383942179877,0.17176084052893728,6,6,instant_velocity,dbscan_kmeans_fallback,False
2330,321,6.88052536388,7.75357957309,-0.006734883507999978,-0.011455670385999994,-0.006970604430799998,-0.020066515959999993,-0.00817037118223611,-0.017553144141848054,-0.5068102963764367,-0.8620567373768219,-1,-1,instant_velocity,dbscan_kmeans_fallback,False
2330,322,10.3245764178,10.335878606,-0.011764999630000083,-0.02019061905000008,-0.00747992999600001,-0.014042742614000013,-0.006380964005951015,-0.015025679048220327,-0.5034601052956937,-0.8640179781202602,-1,-1,instant_velocity,dbscan_kmeans_fallback,False
2330,323,8.34346834088,9.00200898539,0.019846859836999898,-0.0195939695569999,0.013579208872999989,-0.025842083112199994,0.01363882404172291,-0.022897357621458864,0.7116257891367302,-0.7025581962505999,-1,-1,instant_velocity,dbscan_kmeans_fallback,False
2330,324,0.405566266248,12.9305879485,0.0062508137558,-0.0026013918100000312,0.0062508137558,-0.0026013918100000312,0.0018752441267400003,-0.0007804175430000095,0.9232387627925452,-0.3842228948150304,-1,-1,instant_velocity,dbscan_kmeans_fallback,False
2330,376,11.1020345327,8.73494866951,-0.009218371810000115,0.0,-0.009723488065999994,0.0,-0.010784549800059077,0.0004760244972534226,-0.9999989152109117,0.0,4,4,instant_velocity,dbscan_kmeans_fallback,False
2330,377,10.3197357203,6.85741202517,-0.04992232399999992,-0.0023627320169999242,-0.0506842077,-0.02717380479539999,-0.043260261843411085,-0.024950423695794956,-0.9988817005269899,-0.04727523852916889,1,1,instant_velocity,dbscan_kmeans_fallback,False
2330,378,12.0457600843,12.9410889797,-0.0010312790400000438,0.012792165269999956,-0.005859348652000023,0.011632278637999996,-0.005423892438459111,0.012043803205626171,-0.08035724890964552,0.9967653455796652,7,7,instant_velocity,dbscan_kmeans_fallback,False
2330,379,12.5813937883,13.1248570254,-0.006440232349999952,0.011217010580000065,-0.006436023052000017,0.011231330174000007,-0.0070450250100093335,0.010815881850858938,-0.49791582652403954,0.8672244711900293,7,7,instant_velocity,dbscan_kmeans_fallback,False
2330,380,14.1432553668,10.4055672675,-0.03508453377999991,0.023865979970000062,-0.03508453377999991,0.023865979970000062,-0.01788869245859999,0.012171649785120033,-0.8268331828084925,0.5624468121246025,8,8,instant_velocity,dbscan_kmeans_fallback,False
2330,381,14.4427472178,9.4967507502,-0.029949185100000088,0.019259845837,-0.029949185100000088,0.019259845837,-0.015274084401000046,0.009827533232670018,-0.8410913827500461,0.5408925255397017,8,8,instant_velocity,dbscan_kmeans_fallback,False
2340,72,4.13121963684,10.7659435651,-0.0020415115629999646,0.04696824859,0.0014143255365999963,0.0476651351992,-0.0015195043225553157,0.0477897096942518,-0.04342476952582542,0.9990564868784239,-1,-1,instant_velocity,dbscan_kmeans_fallback,False
2340,103,10.9458694214,5.05672383633,0.052195347189999984,0.006682474391999982,0.050250649574199995,0.004859113522199987,0.0490007792310413,0.006343481739668545,0.9919036014677225,0.12699159547712577,-1,-1,instant_velocity,dbscan_kmeans_fallback,False
2340,110,14.2449100148,11.6781013196,0.0066717439799999665,0.006419948609999971,0.012400604259999995,0.008505835261999977,0.0124367037398741,0.008230468639036124,0.7205726776664515,0.6933778595605996,-1,-1,instant_velocity,dbscan_kmeans_fallback,False
2340,114,3.78142662464,6.17508365779,-0.028054999113000002,-0.0006205154789999945,-0.031266696685999996,0.005785113545199998,-0.029819886737345834,0.0041771383164611675,-0.9997551344112455,-0.022112406192322298,0,0,instant_velocity,dbscan_kmeans_fallback,False
2340,115,3.68229755801,7.25788316909,-0.02148848769299998,0.002076340258000009,-0.028459092123600004,0.0033221444120000144,-0.028082133008686054,0.0028450393232485388,-0.9953637123220829,0.0961777197526993,0,0,instant_velocity,dbscan_kmeans_fallback,False
2340,116,3.85151150615,6.73020635192,-0.02599244103799996,0.002816185636999968,-0.026518603812799996,0.005250515593799996,-0.02734754282100723,0.0038060442745815807,-0.994181331475692,0.10771590025662263,0,0,instant_velocity,dbscan_kmeans_fallback,False
2340,117,4.11964405581,5.48153827982,-0.030454301363,0.006276752732999924,-0.03292095244759999,0.0025966186209999977,-0.031513760578888037,0.002991215191823688,-0.9794138335254217,0.20186108960580137,0,0,instant_velocity,dbscan_kmeans_fallback,False
2340,120,6.04329515779,7.39153265693,-0.05954057951299996,0.00999984560799998,-0.05934695161219999,0.006782711508000005,-0.05880957130920815,0.006658375159261277,-0.9861877438686018,0.16563031901687586,1,1,instant_velocity,dbscan_kmeans_fallback,False
2340,121,6.43160328505,6.80013367324,-0.046765347358000045,0.005322113534000028,-0.0584419516408,0.008081020818400014,-0.05636419283079549,0.0067723733121179365,-0.9935862724935782,0.11307472833579006,1,1,instant_velocity,dbscan_kmeans_fallback,False
2340,122,9.12155785117,5.95384602345,-0.045018486949000014,0.008949742488999934,-0.041314301018600015,0.005918763032799994,-0.04156432536912187,0.006392844090253445,-0.9808058685406551,0.19498567255454524,1,1,instant_velocity,dbscan_kmeans_fallback,False
2340,123,7.7249113837,6.82471563261,-0.058572440008000014,-0.005178917652999981,-0.06212088175599998,0.0034701134880000062,-0.06053705703638426,-0.0002838335113857914,-0.9961136408461009,-0.08807539037587218,-1,-1,instant_velocity,dbscan_kmeans_fallback,False
2340,124,10.1277915403,6.31517696022,-0.0434399986299999,0.007374587810999955,-0.045713021810000004,0.004735010426399988,-0.0442354010010903,0.004667853648141887,-0.9858938906907913,0.1673701956382324,1,1,instant_velocity,dbscan_kmeans_fallback,False
2340,125,10.8113822164,4.10423257567,-0.03628418489000005,-0.009856649728000022,-0.04329267304999998,-0.00830536103,-0.040555356013914,-0.007972048526988159,-0.9650266346666745,-0.26215083913106035,2,2,instant_velocity,dbscan_kmeans_fallback,False
2340,126,11.1624380192,3.5798969957,-0.0335270919600001,0.0,-0.04307378933599999,0.0,-0.03976790351524071,0.00029650459634915106,-0.9999997017338387,0.0,2,2,instant_velocity,dbscan_kmeans_fallback,False
2340,127,12.2503321709,6.39465067352,-0.03815732437000001,-0.0044629382550000155,-0.03996311501400001,0.00016706185980000399,-0.03472390180798713,-0.0012277260327072557,-0.993229131889875,-0.1161695784984564,1,1,instant_velocity,dbscan_kmeans_fallback,False
2340,128,12.3963949569,5.58702591129,-0.042093021930000064,-0.00083530929900002,-0.04279176609,0.0007541649669999906,-0.03535911013579741,8.163811896440032e-05,-0.9998029212446614,-0.01984045428413006,1,1,instant_velocity,dbscan_kmeans_fallback,False
2340,129,13.1094507484,5.22474033533,-0.04304011490999997,0.009617989929000004,-0.04304011490999997,0.009617989929000004,-0.031279703428229985,0.006041362572180004,-0.9759291650653105,0.21808670587063603,1,1,instant_velocity,dbscan_kmeans_fallback,False
2340,130,13.4922867828,7.02733780256,-0.040893370799999926,0.015990206580999988,-0.040893370799999926,0.015990206580999988,-0.02682628275617998,0.010389791854736995,-0.9313317816518745,0.36417119187602587,1,1,instant_velocity,dbscan_kmeans_fallback,False
2340,131,13.0067437749,4.34360835478,-0.06715941648000001,0.006730206350999968,-0.06715941648000001,0.006730206350999968,-0.04439422638606,0.00589072050615899,-0.9950160958301012,0.09971295163794637,-1,-1,instant_velocity,dbscan_kmeans_fallback,False
2340,132,13.6324565458,6.52185634677,-0.04135639403999995,0.016801649900000014,-0.04135639403999995,0.016801649900000014,-0.026859999266159985,0.012248545972845002,-0.9264615667893136,0.37638878466879855,1,1,instant_velocity,dbscan_kmeans_fallback,False
2340,133,13.8944856073,7.48628059741,-0.05185860300999998,0.024725155250000075,-0.05185860300999998,0.024725155250000075,-0.026447887535099995,0.012609829177500021,-0.9026536272228215,0.4303673792708278,1,1,instant_velocity,dbscan_kmeans_fallback,False
2340,134,14.9823797589,5.20278363375,0.0,0.0,0.0,0.0,0.0,0.0,0.0,0.0,-1,-1,instant_velocity,dbscan_kmeans_fallback,False
2340,232,10.0766485187,7.69510792216,0.000778720909999997,0.00026252578000001136,0.0007787209060000322,0.00026252577959999355,0.0009643319265534736,0.00023843600121392633,0.9475885477717341,0.3194551724864476,3,3,instant_velocity,dbscan_kmeans_fallback,False
2340,233,10.4777950176,7.42566100828,0.00014732558000005725,0.0022195361369999667,0.0001599534840000061,0.0022195361371999843,0.0004291489415571276,0.0021346406185605094,0.06623070306848601,0.9977998310908545,3,3,instant_velocity,dbscan_kmeans_fallback,False
2340,238,10.4512764138,8.06335999312,0.0013469767000000132,0.0005011855800001186,0.001763697618000002,0.00021002062380002685,0.0019442295434635738,0.00012355212601394198,0.9372187530385402,0.34872208578559977,3,3,instant_velocity,dbscan_kmeans_fallback,False
2340,243,9.32444621685,9.16835486579,0.015490232067999977,-0.001312628898999968,0.01533027858519997,0.0036753609156000167,0.016655157320692584,0.0032135293038851732,0.9964282194076943,-0.08443646749977292,3,3,instant_velocity,dbscan_kmeans_fallback,False
2340,244,7.31324162927,9.01083939798,0.03199069666300005,0.01050103118700001,0.031561347839400004,0.008501062065800013,0.031341319835285944,0.00942145566103151,0.9501212457446352,0.31187982362807537,4,4,instant_velocity,dbscan_kmeans_fallback,False
2340,245,7.41531720744,8.52015484977,0.03314825476600003,0.010859020886999993,0.028202324689800006,0.009546391988600007,0.029693990587494848,0.009438855579083324,0.9503078237556274,0.31131088439160987,4,4,instant_velocity,dbscan_kmeans_fallback,False
2340,246,6.00941027514,4.89706043032,0.04274546376499995,0.004486804235000008,0.041895184722199996,0.0010882886865999986,0.0412880842893757,0.0022647956270419297,0.9945359854515442,0.10439208932007478,5,5,instant_velocity,dbscan_kmeans_fallback,False
2340,247,6.2775428248,4.06270577052,0.04781767290700003,-0.0005250515600000227,0.047725068258600005,-0.0010214639428000006,0.04610925701778003,-0.0001806743636184972,0.9999395130455446,-0.010979618398647932,5,5,instant_velocity,dbscan_kmeans_fallback,False
2340,248,1.98363365822,4.46484753304,0.031906510619,0.006014226953000001,0.03261367338756,0.007866226998600005,0.02701418474361608,0.006234833809329307,0.9826942710914304,0.18523324102502572,6,6,instant_velocity,dbscan_kmeans_fallback,False
2340,249,1.35371158511,3.74075370071,0.035294998883999985,0.006157422833000003,0.035294998883999985,0.006157422833000003,0.023193234034169397,0.0040454268010710025,0.9851210587788128,0.171860237778434,6,6,instant_velocity,dbscan_kmeans_fallback,False
2340,250,0.322011617727,3.20042791416,0.0,0.0,0.0,0.0,0.0,0.0,0.0,0.0,-1,-1,instant_velocity,dbscan_kmeans_fallback,False
2340,251,0.147325576738,5.75170117309,0.0,0.0,0.0,0.0,0.0,0.0,0.0,0.0,-1,-1,instant_velocity,dbscan_kmeans_fallback,False
2340,321,6.84243117904,7.65047853961,-0.003809418484000027,-0.010310103347999977,-0.004929092867399998,-0.017804021058799985,-0.006862085372765286,-0.015380231903693631,-0.3465828165725863,-0.9380184068808806,-1,-1,instant_velocity,dbscan_kmeans_fallback,False
2340,322,10.2488089783,9.98266210241,-0.007576743949999987,-0.035321650358999965,-0.009348860170000002,-0.018123825189800016,-0.006739697989165707,-0.021114470441454217,-0.20973596233094158,-0.9777577780178144,-1,-1,instant_velocity,dbscan_kmeans_fallback,False
2340,323,8.61412647186,8.82015021801,0.027065813098000113,-0.01818587673800014,0.01671513900640001,-0.02272041293280001,0.01766692075860607,-0.021483913356421247,0.8300346722907184,-0.5577112419970381,-1,-1,instant_velocity,dbscan_kmeans_fallback,False
2340,324,0.467863938698,12.9043353705,0.006229767245000001,-0.002625257799999936,0.006229767245000001,-0.002625257799999936,0.0031816010622180008,-0.0013338696200999875,0.9215176929078293,-0.3883325678155772,-1,-1,instant_velocity,dbscan_kmeans_fallback,False
2340,376,11.025635698,8.73399403031,-0.007639883469999909,-9.546391999997184e-05,-0.008894255531999988,-1.9092783999994366e-05,-0.009841149901041327,0.00030457797207740424,-0.9999206320651648,-0.012494476336010306,3,3,instant_velocity,dbscan_kmeans_fallback,False
2340,377,9.82872061951,6.89726821172,-0.04910151007900012,0.0039856186549999785,-0.052569975081799995,-0.0178851653904,-0.04501263631408779,-0.016269610990556474,-0.996721622481447,0.08090489042011957,1,1,instant_velocity,dbscan_kmeans_fallback,False
2340,378,12.0354472939,13.0692492921,-0.0010312790399998662,0.012816031240000036,-0.002841278979999977,0.01236735081999999,-0.0041061084189213375,0.012275471615938331,-0.08020857162469391,0.9967773219341206,7,7,instant_velocity,dbscan_kmeans_fallback,False
2340,379,12.5169914648,13.2372657911,-0.006440232349999952,0.01124087656999997,-0.0064360230519999815,0.011231330174000007,-0.006863587212006519,0.010943380266601247,-0.4971201410801172,0.8676808293015407,7,7,instant_velocity,dbscan_kmeans_fallback,False
2340,380,13.9590983959,10.5447059307,-0.018415697090000016,0.01391386631999989,-0.018415697090000016,0.01391386631999989,-0.018046793848019996,0.012694314745583992,-0.7978714778514214,0.6028268725919526,8,8,instant_velocity,dbscan_kmeans_fallback,False
2340,381,14.1432553668,9.68958786837,-0.029949185099999907,0.019283711816999904,-0.029949185099999907,0.019283711816999904,-0.019676614610700006,0.012664386807968983,-0.8407864356622646,0.5413664268599312,8,8,instant_velocity,dbscan_kmeans_fallback,False
2350,72,4.00241498975,11.1685626472,-0.012880464708999995,0.04026190820999993,-0.002323534810200005,0.046004062993000014,-0.00492779243848872,0.04553136924897624,-0.3047038544555194,0.9524468950836287,-1,-1,instant_velocity,dbscan_kmeans_fallback,False
2350,103,11.4204682436,5.11352486866,0.04745988222000008,0.005680103233000011,0.04998125423360001,0.0052361960058000005,0.04853851012772893,0.006144468187667985,0.9929139099860098,0.1188341236090452,-1,-1,instant_velocity,dbscan_kmeans_fallback,False
2350,110,14.3116274545,11.7420621459,0.006671743969999966,0.006396082630000066,0.00938674388799999,0.0073984537920000195,0.010707215808911858,0.007680152836325307,0.7218615852935896,0.6920359006163516,0,0,instant_velocity,dbscan_kmeans_fallback,False
2350,114,3.5006661684,6.16911716279,-0.02807604562399999,-0.0005966495000000016,-0.030466929269399996,0.004190866083000007,-0.029296734403342083,0.0027450019715228166,-0.9997739138105363,-0.021246389672418396,1,1,instant_velocity,dbscan_kmeans_fallback,False
2350,115,3.55412430625,7.26313368468,-0.012817325176000028,0.0005250515589999338,-0.024982208512400003,0.002701628932799984,-0.023502690658880245,0.0021490429939739573,-0.9991612424850715,0.040929847753368456,1,1,instant_velocity,dbscan_kmeans_fallback,False
2350,116,3.59158709576,6.75836820829,-0.025992441039000003,0.002816185637000057,-0.026358650329400008,0.0045106702146000014,-0.02694101228640506,0.003509086683307124,-0.9941813314761354,0.10771590025252976,1,1,instant_velocity,dbscan_kmeans_fallback,False
2350,117,3.81489057707,5.54454446694,-0.030475347874000035,0.006300618712000006,-0.032239045492400004,0.0036228557595999965,-0.031202236767421634,0.003984036247876584,-0.9792895853102589,0.20246299767217996,1,1,instant_velocity,dbscan_kmeans_fallback,False
2350,120,5.41947657286,7.67291256079,-0.06238185849300004,0.028137990386000046,-0.059721579507200015,0.010023711588000007,-0.05988125746434572,0.013102259727282909,-0.9115592659068352,0.4111683505427135,-1,-1,instant_velocity,dbscan_kmeans_fallback,False
2350,121,6.11990445769,6.84428573618,-0.031169882735999986,0.00441520629399994,-0.052649951824,0.006577464079999995,-0.048805899802356834,0.006065223206682538,-0.9901158493343524,0.14024966878432119,1,1,instant_velocity,dbscan_kmeans_fallback,False
2350,122,8.65853460999,6.05718571673,-0.04630232411800002,0.01033396932800006,-0.042303487034200025,0.006176515616600007,-0.042985724993785314,0.00757518166157743,-0.9759875237938802,0.21782546184276363,2,2,instant_velocity,dbscan_kmeans_fallback,False
2350,123,7.15791837836,6.79034862145,-0.056699300534000054,-0.0034367011160000515,-0.060992788768799995,0.00406676298719999,-0.059385730085669,-0.0012296937927700697,-0.9981679170668017,-0.06050171275890543,-1,-1,instant_velocity,dbscan_kmeans_fallback,False
2350,124,9.72201480893,6.44285995306,-0.040577673137000045,0.012768299284000051,-0.04396616140140001,0.006844763055600005,-0.043138082641863223,0.007097987338899337,-0.9538904497323422,0.30015419329764953,2,2,instant_velocity,dbscan_kmeans_fallback,False
2350,125,10.4485403674,4.00542741859,-0.03628418490000005,-0.009880515708000016,-0.041171184744000014,-0.008782680629400002,-0.039274004679739814,-0.008544588681291716,-0.9648659002912339,-0.26274181741205654,3,3,instant_velocity,dbscan_kmeans_fallback,False
2350,126,10.8000171004,3.56891864491,-0.03624209187999998,-0.0010978350789999868,-0.04008097547800002,-0.00021956701579999737,-0.03871016002466849,-0.00012179730625559035,-0.9995412458613524,-0.030277817468353695,3,3,instant_velocity,dbscan_kmeans_fallback,False
2350,127,11.8523426486,6.37221665235,-0.03979895222999996,-0.0022434021170000483,-0.03950430107599999,-0.001403319622200012,-0.03624641693459098,-0.0015324288579950936,-0.9984148288298145,-0.05627901779164624,4,4,instant_velocity,dbscan_kmeans_fallback,False
2350,128,11.9422112504,5.61685838626,-0.045418370650000026,0.0029832474970000076,-0.043166393984,0.0008591752789999951,-0.0383768882900582,0.0009521209323750826,-0.9978495604051064,0.06554247016919551,4,4,instant_velocity,dbscan_kmeans_fallback,False
2350,129,12.7148286678,5.32402281201,-0.03946220805999996,0.009928247668,-0.03946220805999996,0.009928247668,-0.03373445481776098,0.007207428100926002,-0.9697786514884772,0.24398540042355318,4,4,instant_velocity,dbscan_kmeans_fallback,False
2350,130,13.0785123772,7.20012749756,-0.041377440560000166,0.017278969499999963,-0.041377440560000166,0.017278969499999963,-0.031191630097326034,0.012456545148315887,-0.9227726353157943,0.3853442843555168,5,5,instant_velocity,dbscan_kmeans_fallback,False
2350,131,12.3402007727,4.38346454134,-0.0666543002200001,0.0039856186560000674,-0.0666543002200001,0.0039856186560000674,-0.051072248536242024,0.005319189951111313,-0.9982168870684687,0.05968874978362792,-1,-1,instant_velocity,dbscan_kmeans_fallback,False
2350,132,13.1835344669,6.55359810013,-0.04489220789000008,0.0031741753360000403,-0.04489220789000008,0.0031741753360000403,-0.03226966185331201,0.009526234781791513,-0.9975094007478628,0.07053049707513596,4,4,instant_velocity,dbscan_kmeans_fallback,False
2350,133,13.3780042282,7.72159915993,-0.05164813791,0.023531856251999984,-0.05164813791,0.023531856251999984,-0.03400796264757,0.01588643729985001,-0.9099980486391364,0.4146121067809208,5,5,instant_velocity,dbscan_kmeans_fallback,False
2350,134,14.5157786109,5.20278363375,-0.046660114800000055,0.0,-0.046660114800000055,0.0,-0.013998034440000019,0.0,-0.9999997856842423,0.0,4,4,instant_velocity,dbscan_kmeans_fallback,False
2350,135,14.8194797641,4.29086453905,0.0,0.0,0.0,0.0,0.0,0.0,0.0,0.0,-1,-1,instant_velocity,dbscan_kmeans_fallback,False
2350,232,10.0844357277,7.69773317996,0.0007787208999999962,0.00026252578000001136,0.0007787209060000322,0.00026252577980001135,0.0009086486185874304,0.0002456629348497518,0.9475885465297531,0.31945517617005237,6,6,instant_velocity,dbscan_kmeans_fallback,False
2350,233,10.4794787385,7.44785636966,0.00016837208999991303,0.0022195361380000556,0.00016416278599997724,0.0022195361374000022,0.0003509158860899632,0.0021601092743923733,0.0756414622360799,0.9971305752885323,6,6,instant_velocity,dbscan_kmeans_fallback,False
2350,238,10.4649566459,8.06861050871,0.001368023209999869,0.0005250515589999338,0.001359604607999998,0.0005155051674000078,0.0017713676434244624,0.00024400195590973956,0.9335930846738071,0.3583159269495045,6,6,instant_velocity,dbscan_kmeans_fallback,False
2350,243,9.47598109578,9.13971568983,0.015153487893000061,-0.002863917596000043,0.015772255315399983,0.0008973608470000016,0.016204656492384825,0.001390295233919608,0.9826046307874245,-0.18570633453458352,6,6,instant_velocity,dbscan_kmeans_fallback,False
2350,244,7.62936022393,9.0750388841,0.03161185946599998,0.006419948611999971,0.0317802315536,0.008233763090000004,0.031422481724500156,0.008521003546322048,0.9799943346912638,0.19902382760924986,7,7,instant_velocity,dbscan_kmeans_fallback,False
2350,245,7.74701022021,8.62874505864,0.03316930127699998,0.010859020886999993,0.028168650272400005,0.0096323095164,0.030736583794346385,0.009864905171458325,0.9503662489755902,0.31113247944965977,7,7,instant_velocity,dbscan_kmeans_fallback,False
2350,246,6.43686491279,4.94168981287,0.04274546376500003,0.0044629382550000155,0.0421435335514,0.0020715670615999928,0.041725298132063,0.002924238415429356,0.9945934869311291,0.10384281582255962,8,8,instant_velocity,dbscan_kmeans_fallback,False
2350,247,6.75593001898,4.05721659513,0.04783871941799998,-0.0005489175390000156,0.047792417093800006,-0.0007207525952000005,0.046628095737846015,-0.00029114731623295276,0.9999339672985925,-0.011473578289086505,8,8,instant_velocity,dbscan_kmeans_fallback,False
2350,248,2.28186271856,4.47153000743,0.029822906033999973,0.0006682474389999804,0.032020161778419994,0.006334031084399996,0.027856801130731246,0.0045648578982305085,0.9997487183289139,0.022401556706283323,9,9,instant_velocity,dbscan_kmeans_fallback,False
2350,249,1.71108134126,3.82571658941,0.03573697561500002,0.00849628886999998,0.03573697561500002,0.00849628886999998,0.026956356508418586,0.0053806854217496956,0.972882662903812,0.2312980323151947,9,9,instant_velocity,dbscan_kmeans_fallback,False
2350,250,0.763988347941,3.28801606065,0.0441976730214,0.008758814648999991,0.0441976730214,0.008758814648999991,0.013259301906420003,0.0026276443946999977,0.9809234640962605,0.19439319356732038,9,9,instant_velocity,dbscan_kmeans_fallback,False
2350,251,0.520690681214,5.90563674391,0.037336510447599995,0.015393557081999987,0.037336510447599995,0.015393557081999987,0.01120095313428,0.004618067124599997,0.9245060364356412,0.3811667527017219,-1,-1,instant_velocity,dbscan_kmeans_fallback,False
2350,252,0.158269762438,6.14405788382,0.0,0.0,0.0,0.0,0.0,0.0,0.0,0.0,-1,-1,instant_velocity,dbscan_kmeans_fallback,False
2350,321,6.84832420211,7.56408369212,0.0005893023069999615,-0.008639484749000026,-0.0040451394070000115,-0.014109567358999993,-0.004626669068835711,-0.01335800775728555,0.06805214675089867,-0.9976806080807336,-1,-1,instant_velocity,dbscan_kmeans_fallback,False
2350,322,10.1730415389,9.62944559884,-0.007576743939999986,-0.03532165035699997,-0.011213581040000023,-0.022204907765199983,-0.006990811774415991,-0.025376624416117943,-0.20973596207765632,-0.9777577780721457,-1,-1,instant_velocity,dbscan_kmeans_fallback,False
2350,323,8.92940320608,8.68506877137,0.031527673421999934,-0.01350814466399992,0.020739231902400002,-0.018658423141599982,0.021825146557624228,-0.019091182748694847,0.9191839771956963,-0.3938276691272147,-1,-1,instant_velocity,dbscan_kmeans_fallback,False
2350,324,0.530372076256,12.8783214523,0.0062508137558,-0.002601391820000032,0.0062508137558,-0.002601391820000032,0.004102364870292601,-0.0017141262800700009,0.9232387622686126,-0.384222896073976,-1,-1,instant_velocity,dbscan_kmeans_fallback,False
2350,376,11.0115345356,8.72850485492,-0.0014101162400001143,-0.0005489175390000156,-0.00733681372200003,-0.00012887629179999749,-0.007311839802728962,4.8529318754178254e-05,-0.9318781360661145,-0.3627532529497652,6,6,instant_velocity,dbscan_kmeans_fallback,False
2350,377,8.9517125077,7.2418929625,-0.08770081118099995,0.03446247507799995,-0.05881237023400001,-0.004209958867000001,-0.05781908877416144,-0.001049985169989543,-0.9307203845436518,0.36573125863938466,-1,-1,instant_velocity,dbscan_kmeans_fallback,False
2350,379,12.4525891412,13.349435897,-0.006440232359999953,0.011217010589999887,-0.0064360230519999815,0.011231330175999971,-0.00673658075640455,0.01102546936362084,-0.4979158267716604,0.8672244710478589,-1,-1,instant_velocity,dbscan_kmeans_fallback,False
2350,380,13.774941425,10.6840832538,-0.018415697090000016,0.01393773231000015,-0.018415697090000016,0.01393773231000015,-0.018157464820614002,0.01306734001490884,-0.7973741805626049,0.6034845070090856,10,10,instant_velocity,dbscan_kmeans_fallback,False
2350,381,13.8850146773,9.84137550098,-0.02582406895000009,0.01517876326100005,-0.02582406895000009,0.01517876326100005,-0.021520850912490033,0.013418699743878302,-0.8621069875355442,0.5067256401302281,10,10,instant_velocity,dbscan_kmeans_fallback,False
2350,382,14.9623855735,10.5358755181,0.0,0.0,0.0,0.0,0.0,0.0,0.0,0.0,0,0,instant_velocity,dbscan_kmeans_fallback,False
2350,383,14.9392344114,9.95640952445,0.0,0.0,0.0,0.0,0.0,0.0,0.0,0.0,0,0,instant_velocity,dbscan_kmeans_fallback,False
2350,384,14.9857472007,6.90228006751,0.0,0.0,0.0,0.0,0.0,0.0,0.0,0.0,-1,-1,instant_velocity,dbscan_kmeans_fallback,False
2360,72,3.82688708832,11.5423038935,-0.01755279014300002,0.037374124629999984,-0.006995860243999994,0.0437702072666,-0.00871529174984211,0.04308419586328336,-0.4251021829543868,0.9051450986872479,-1,-1,instant_velocity,dbscan_kmeans_fallback,False
2360,103,11.8634972994,5.1638820864,0.04430290558000003,0.005035721774000024,0.0490678356586,0.005565546529400009,0.04726782876341026,0.005811844263567597,0.9936017588975755,0.11293846185619051,-1,-1,instant_velocity,dbscan_kmeans_fallback,False
2360,114,3.22011617727,6.162912008,-0.028054999113000002,-0.0006205154789999945,-0.0296671618528,0.0025870722288000004,-0.028924213816239462,0.001735346736365973,-0.9997551344112455,-0.022112406192322298,0,0,instant_velocity,dbscan_kmeans_fallback,False
2360,115,3.42595105448,7.26814554047,-0.012817325176999983,0.0005011855790000297,-0.021505324901600006,0.0020715670613999926,-0.020297081014316164,0.001654685769481779,-0.9992356056316266,0.03907230788406584,0,0,instant_velocity,dbscan_kmeans_fallback,False
2360,116,3.36449524247,6.76982387867,-0.022709185329000015,0.0011455670379999284,-0.025546255006399995,0.0034414743117999968,-0.025671464199183546,0.002800030789714965,-0.9987296300918469,0.050381012243800365,0,0,instant_velocity,dbscan_kmeans_fallback,False
2360,117,3.51034756344,5.60731199427,-0.030454301363,0.006276752733000013,-0.0315571385374,0.004644319702399997,-0.030977856146095144,0.004671851193413613,-0.9794138335254211,0.20186108960580415,0,0,instant_velocity,dbscan_kmeans_fallback,False
2360,120,4.79565798793,7.95429246465,-0.06238185849299995,0.028137990385999956,-0.06009620740239999,0.013264711667999994,-0.06063143777294199,0.01761297892489802,-0.9115592659068356,0.41116835054271295,-1,-1,instant_velocity,dbscan_kmeans_fallback,False
2360,121,5.80799516523,6.88843779913,-0.03119092924599993,0.004415206295000029,-0.046769556660999995,0.005303020749599998,-0.04352140863544976,0.005570218133177786,-0.9901289867693874,0.1401568930751506,0,0,instant_velocity,dbscan_kmeans_fallback,False
2360,122,8.19551136882,6.16052541,-0.04630232411699993,0.01033396932699997,-0.04349051025360001,0.007236165127199996,-0.0439807047307497,0.008402817961204193,-0.9759875237973615,0.21782546182716495,0,0,instant_velocity,dbscan_kmeans_fallback,False
2360,123,6.75698234453,6.9154063565,-0.040093603382999984,0.01250577350500004,-0.05622364938539999,0.004181319691000009,-0.05359809207486829,0.002890946396560964,-0.9546387626399616,0.2977656069130188,0,0,instant_velocity,dbscan_kmeans_fallback,False
2360,124,9.31602761246,6.57078160571,-0.040598719647000084,0.012792165264999955,-0.04277913818280002,0.008615618769599997,-0.04237627374340428,0.008806240716729523,-0.953774394191931,0.30052276973542286,0,0,instant_velocity,dbscan_kmeans_fallback,False
2360,125,10.2521764201,4.00805267639,-0.019636394730000006,0.00026252578000001136,-0.035715929104,-0.0072313919311999975,-0.03338272169481787,-0.005902454342904198,-0.9999101330884266,0.013368145793988848,1,1,instant_velocity,dbscan_kmeans_fallback,False
2360,126,10.4197066473,3.55054184034,-0.03803104530999999,-0.0018376804569999905,-0.03744174300400001,-0.0005871031071999955,-0.03850642561026794,-0.0006365622514789104,-0.9988343410111147,-0.04826420976059651,1,1,instant_velocity,dbscan_kmeans_fallback,False
2360,127,11.4375159175,6.37221665235,-0.04148267310999998,0.0,-0.03938223131199997,-0.002525020681000001,-0.03781729378721368,-0.0010727002005965654,-0.9999997589355545,0.0,2,2,instant_velocity,dbscan_kmeans_fallback,False
2360,128,11.4737159163,5.6631583874,-0.04684953341,0.004630000114000055,-0.04382725443000002,0.0012887629184000105,-0.04091868182604074,0.0020554846868625744,-0.9951518805409282,0.0983479019957195,2,2,instant_velocity,dbscan_kmeans_fallback,False
2360,129,12.3553542606,5.43285168068,-0.03594744072000004,0.010882886866999985,-0.04426923115799997,0.009622763124600002,-0.0343983505884327,0.008310065730748196,-0.9571000597310052,0.28975669649428787,2,2,instant_velocity,dbscan_kmeans_fallback,False
2360,130,12.6649484368,7.37291719255,-0.04135639403999995,0.01727896949900005,-0.041036487076000015,0.016376835456399997,-0.03424105928012821,0.013903272453521137,-0.9227028936786086,0.3855112498708503,2,2,instant_velocity,dbscan_kmeans_fallback,False
2360,131,11.7384810243,4.49086145121,-0.0601719748399999,0.01073969098699994,-0.065963974658,0.008629938357599993,-0.05380216642736939,0.006945340261877901,-0.9844424291899392,0.17570650642769453,2,2,instant_velocity,dbscan_kmeans_fallback,False
2360,132,12.7346123881,6.58533985349,-0.0448922078799999,0.0031741753359999514,-0.04242134749599998,0.012706247736599998,-0.03605642566131838,0.007620616948054045,-0.9975094007467575,0.0705304970907672,2,2,instant_velocity,dbscan_kmeans_fallback,False
2360,133,12.8819379648,7.84928215278,-0.049606626339999946,0.012768299284999961,-0.049606626339999946,0.012768299284999961,-0.038687561755298985,0.014950995895394994,-0.9684347552192818,0.2492663925154859,2,2,instant_velocity,dbscan_kmeans_fallback,False
2360,134,14.0489669977,5.20278363375,-0.04668116132000009,0.0,-0.04668116132000009,0.0,-0.02380297250400004,0.0,-0.999999785780868,0.0,2,2,instant_velocity,dbscan_kmeans_fallback,False
2360,135,14.2143925739,4.24122330071,-0.06050871902000008,-0.004964123834000045,-0.06050871902000008,-0.004964123834000045,-0.018152615706000026,-0.0014892371502000137,-0.9966514633906957,-0.0817650970593753,2,2,instant_velocity,dbscan_kmeans_fallback,False
2360,232,10.0922229368,7.70059709755,0.000778720909999997,0.0002863917590000042,0.0007787209059999967,0.0002672989756000099,0.0008696703060112004,0.00025788158209482753,0.9385292534628201,0.34516479565468317,3,3,instant_velocity,dbscan_kmeans_fallback,False
2360,233,10.4811624594,7.47005173103,0.00016837209000009068,0.0022195361369999667,0.00016416278600001277,0.0022195361374000022,0.0002961527472630014,0.0021779373331746515,0.07564146227004698,0.9971305752859537,3,3,instant_velocity,dbscan_kmeans_fallback,False
2360,238,10.4784264129,8.07362236451,0.0013469767000000132,0.000501185579999941,0.0013553953059999913,0.0005107319713999914,0.0016440503603971275,0.0003211570431368,0.9372187530385806,0.34872208578549124,3,3,instant_velocity,dbscan_kmeans_fallback,False
2360,243,9.63572411399,9.12086156565,0.01597430182099995,-0.0018854124180000653,0.015843813452599987,-0.00028639175960002203,0.016135550090969362,0.0004075829383437059,0.9931060346874611,-0.11721416504908222,3,3,instant_velocity,dbscan_kmeans_fallback,False
2360,244,7.94505788836,9.13470383403,0.031569766443000004,0.005966494993000104,0.0317802315534,0.008233763090000004,0.031466667140050114,0.007754650980325464,0.9826049620996905,0.18570639719651155,4,4,instant_velocity,dbscan_kmeans_fallback,False
2360,245,8.07870323298,8.73709660771,0.03316930127700006,0.01083515490700009,0.02989446417120002,0.010052350764000018,0.03146639903914249,0.010155980092120855,0.9505682862009758,0.31051466971391967,4,4,instant_velocity,dbscan_kmeans_fallback,False
2360,246,6.86453001555,4.97892074162,0.04276651027599998,0.003723092874999967,0.0424087195896,0.0029641547123999954,0.042037661775244095,0.0031638947533005396,0.9962317749952087,0.08672822260680714,5,5,instant_velocity,dbscan_kmeans_fallback,False
2360,247,7.19790674919,4.10494855507,0.04419767302100004,0.0047731959940000126,0.0471063008364,0.0005202783634000064,0.04589896892279222,0.001228155676836937,0.9942186704727096,0.1073721816260674,5,5,instant_velocity,dbscan_kmeans_fallback,False
2360,248,2.57988131379,4.47821248182,0.02980185952300003,0.0006682474389999804,0.031422440867,0.004801835170200004,0.02844031864841188,0.00339587476046135,0.9997483636567078,0.022417369061900852,6,6,instant_velocity,dbscan_kmeans_fallback,False
2360,249,2.06887202762,3.9133047359,0.03577906863599998,0.008758814649000034,0.03548441748288,0.007145474403400005,0.029603170146693003,0.006394124189924797,0.9713184087668676,0.23778142449998035,6,6,instant_velocity,dbscan_kmeans_fallback,False
2360,250,1.20596507815,3.37536554735,0.0441976730209,0.008734948669999998,0.0441976730209,0.008734948669999998,0.022540813240764002,0.004459835677289998,0.9810243443466253,0.19388344919959952,6,6,instant_velocity,dbscan_kmeans_fallback,False
2360,251,0.894055785689,6.05957231472,0.037336510447500006,0.015393557080999987,0.037336510447500006,0.015393557080999987,0.019041620328246002,0.007850714111519995,0.9245060364440072,0.38116675268143047,7,7,instant_velocity,dbscan_kmeans_fallback,False
2360,252,0.524689518296,6.329735208,0.0366419755858,0.018567732417999937,0.0366419755858,0.018567732417999937,0.010992592675740001,0.005570319725399982,0.8920113663665311,0.45201242836171845,7,7,instant_velocity,dbscan_kmeans_fallback,False
2360,321,6.85421722517,7.47792750442,0.0005893023060000502,-0.008615618769999944,-0.0031611859465999893,-0.010410340463600001,-0.003061877656384983,-0.011935291061099869,0.06823977988846641,-0.997667788640362,-1,-1,instant_velocity,dbscan_kmeans_fallback,False
2360,322,10.144418284,9.59412394848,-0.0028623254899999397,-0.0035321650360000236,-0.00887320901999999,-0.020892278866399997,-0.005752265889091175,-0.018823286602082566,-0.6295892595886524,-0.7769253278599799,3,3,instant_velocity,dbscan_kmeans_fallback,False
2360,323,9.31202877538,8.61991464605,0.038262556930000004,-0.006515412531999942,0.025866161973,-0.015761093172999986,0.026756369669336963,-0.015318451683686375,0.985809675335667,-0.167865329141473,-1,-1,instant_velocity,dbscan_kmeans_fallback,False
2360,324,0.592880213815,12.8523075342,0.006250813755899998,-0.0026013918100000312,0.006250813755899998,-0.0026013918100000312,0.004746899535974821,-0.00198030593904901,0.9232387627947256,-0.38422289480979116,8,8,instant_velocity,dbscan_kmeans_fallback,False
2360,325,0.829442997034,13.5902436349,0.0,0.0,0.0,0.0,0.0,0.0,0.0,0.0,8,8,instant_velocity,dbscan_kmeans_fallback,False
2360,376,10.9974333733,8.72325433933,-0.0014101162299999359,-0.0005250515590001115,-0.005775162607999995,-0.00023388660360001978,-0.005541322730910254,-0.00012354494457210872,-0.9371380222539297,-0.34893987397246634,3,3,instant_velocity,dbscan_kmeans_fallback,False
2360,377,8.10585323212,7.5791192595,-0.08458592755800005,0.03372262969999999,-0.0648990212036,0.008439010517799996,-0.06584914040931303,0.009381799291007319,-0.9288991284049674,0.3703325392320626,-1,-1,instant_velocity,dbscan_kmeans_fallback,False
2360,379,12.3881868177,13.4618446626,-0.00644023235000013,0.011240876560000146,-0.006440232354000024,0.011231330174000007,-0.006647676234483224,0.011090091522534632,-0.4971201414130736,0.8676808291107795,-1,-1,instant_velocity,dbscan_kmeans_fallback,False
2360,380,13.5329065489,10.9007863519,-0.024203487609999998,0.02167030981,-0.026236580566,0.019450773676400034,-0.0199712716574298,0.01564823095343619,-0.7450183672507059,0.6670434894594579,9,9,instant_velocity,dbscan_kmeans_fallback,False
2360,381,13.6265635227,9.9934017934,-0.025845115459999946,0.015202629242000044,-0.028303347942000023,0.017641732394800016,-0.022818130276743006,0.013953878593314824,-0.8619394638546695,0.5070105458925609,9,9,instant_velocity,dbscan_kmeans_fallback,False
2360,382,14.7035134887,10.627759541,-0.025887208480000014,0.009188402290000041,-0.025887208480000014,0.009188402290000041,-0.007766162544000006,0.002756520687000013,-0.942397355059952,0.33449439023186794,9,9,instant_velocity,dbscan_kmeans_fallback,False
2360,383,14.6330076769,10.0649997333,-0.030622673449999915,0.010859020884999992,-0.030622673449999915,0.010859020884999992,-0.009186802034999976,0.0032577062654999983,-0.9424961979896443,0.33421594997946413,9,9,instant_velocity,dbscan_kmeans_fallback,False
2360,384,14.9350251092,6.43713211787,-0.005072209150000085,-0.04651479496399995,-0.005072209150000085,-0.04651479496399995,-0.0015216627450000257,-0.013954438489199986,-0.10840245549040099,-0.9941068756460976,-1,-1,instant_velocity,dbscan_kmeans_fallback,False
2370,72,3.651569652,11.9162837997,-0.017531743631999986,0.037397990620000064,-0.010409604322200004,0.041794104125999994,-0.011360227314489473,0.04137833429029837,-0.42446226791731234,0.9054453594188636,-1,-1,instant_velocity,dbscan_kmeans_fallback,False
2370,103,12.342726354,5.10373981687,0.04792290545999993,-0.006014226953000001,0.048815277526800004,0.0036133093675999994,0.04746435177238716,0.002264022898597317,0.9922167414393869,-0.12452117859513859,-1,-1,instant_velocity,dbscan_kmeans_fallback,False
2370,114,2.95766618557,6.15455891501,-0.026244999170000005,-0.00083530929900002,-0.0285011851454,0.0009450928068000053,-0.028120449422367626,0.000964149925756175,-0.9994935130952446,-0.03181124984499879,0,0,instant_velocity,dbscan_kmeans_fallback,False
2370,115,3.29798826783,7.27339605607,-0.012796278664999994,0.0005250515600000227,-0.018024231988399995,0.001451051582399998,-0.018046840309521313,0.001315795506637252,-0.9991584859077172,0.040997053553390075,0,0,instant_velocity,dbscan_kmeans_fallback,False
2370,116,3.21401268909,6.7423780017,-0.015048255337999982,-0.0027445876969999896,-0.023197464383,0.0015894742659999927,-0.022484501540828476,0.0011366452437004781,-0.9837708434383399,-0.17942580670797054,0,0,instant_velocity,dbscan_kmeans_fallback,False
2370,117,3.28746501235,5.60611869527,-0.022288255108999965,-0.0001193298999999648,-0.0292378130292,0.004386567118800002,-0.02837097583496659,0.0032344968653895394,-0.999985219336971,-0.005353857250886324,0,0,instant_velocity,dbscan_kmeans_fallback,False
2370,120,4.21456382025,8.12636618024,-0.05810941676799999,0.017207371558999984,-0.06001623066079999,0.01628137153639999,-0.05987483147145939,0.01749129671512861,-0.9588439360548058,0.28393304893527904,-1,-1,instant_velocity,dbscan_kmeans_fallback,False
2370,121,5.68655679697,7.04165739055,-0.012143836826000065,0.015321959142000009,-0.036726161629600004,0.007131154815600009,-0.03410813709261485,0.008495740435824453,-0.6211412316267969,0.7836979950209102,-1,-1,instant_velocity,dbscan_kmeans_fallback,False
2370,122,7.75079859218,6.23331664892,-0.04447127766400003,0.007279123891999984,-0.044403928828799996,0.00803806205439999,-0.0441278766107248,0.00806570974044293,-0.9868672695366713,0.1615318807386619,1,1,instant_velocity,dbscan_kmeans_fallback,False
2370,123,6.35604631069,7.04046409155,-0.04009360338399999,0.012505773504999951,-0.05145030069900001,0.004295876394999993,-0.049546745467607796,0.00577539452909266,-0.9546387626420734,0.29776560690624854,1,1,instant_velocity,dbscan_kmeans_fallback,False
2370,124,8.92603576433,6.76743728067,-0.03899918481299984,0.01966556749600006,-0.04165104519539998,0.011536814718000006,-0.04136314706428295,0.012064038750510684,-0.8929017936283732,0.45025096227255235,1,1,instant_velocity,dbscan_kmeans_fallback,False
2370,125,10.0972740994,4.03621453275,-0.015490232069999976,0.002816185635999968,-0.029435650232000014,-0.005164598065800004,-0.0280149748073725,-0.003286862349232948,-0.983871746599434,0.17887178629206493,-1,-1,instant_velocity,dbscan_kmeans_fallback,False
2370,126,10.0391857291,3.53216503576,-0.03805209182000002,-0.001837680458000035,-0.035871673285999994,-0.0009546391988000025,-0.038370125473187564,-0.0009968977134352478,-0.998835627703709,-0.048237577121070435,-1,-1,instant_velocity,dbscan_kmeans_fallback,False
2370,127,11.0228996515,6.37221665235,-0.04146162660000012,0.0,-0.039807370836000014,-0.002238628921200014,-0.03891059363104961,-0.0007508901404175958,-0.9999997588131868,0.0,1,1,instant_velocity,dbscan_kmeans_fallback,False
2370,128,11.0052205823,5.70945838854,-0.0468495334,0.004630000113999966,-0.044660696262,0.002119299021399996,-0.04269793729822852,0.002827839315003792,-0.9951518805388737,0.09834790201650687,1,1,instant_velocity,dbscan_kmeans_fallback,False
2370,129,12.077750781,5.56292127152,-0.027760347959999977,0.01300695908399998,-0.039533766192000004,0.010453299227399989,-0.032406949799902884,0.009719133736723732,-0.9055301330159351,0.42428118719688185,1,1,instant_velocity,dbscan_kmeans_fallback,False
2370,130,12.2675903099,7.50298678339,-0.03973581269000004,0.01300695908399998,-0.04083023126600001,0.015842237504999995,-0.03588948530308976,0.01363437844266479,-0.9503791447021762,0.3110932383808781,1,1,instant_velocity,dbscan_kmeans_fallback,False
2370,131,11.1527566242,4.61544186666,-0.05857244001000002,0.012458041545000053,-0.064095044484,0.008949742489200005,-0.05523324850215858,0.008599150646814546,-0.978119970988948,0.20804083341063048,1,1,instant_velocity,dbscan_kmeans_fallback,False
2370,132,12.2926356579,6.61445634906,-0.044197673020000036,0.002911649557000029,-0.043166393984,0.009250453837000006,-0.03849879986892288,0.00620792673073784,-0.9978368639203921,0.0657353897676332,1,1,instant_velocity,dbscan_kmeans_fallback,False
2370,133,12.3858717015,7.97720380542,-0.049606626330000125,0.012792165264000043,-0.05091571932000001,0.01970852626020001,-0.04196328112770933,0.014303346705976508,-0.9683221977993834,0.24970328561848443,1,1,instant_velocity,dbscan_kmeans_fallback,False
2370,134,13.6027809653,5.23667332531,-0.04461860324,0.0033889691559999767,-0.04461860324,0.0033889691559999767,-0.03004766172480003,0.0010166907467999932,-0.9971276798552986,0.07573600933778192,1,1,instant_velocity,dbscan_kmeans_fallback,False
2370,135,13.6093053837,4.19134340257,-0.0605087190199999,-0.004987989813999949,-0.0605087190199999,-0.004987989813999949,-0.030859446700199994,-0.0025388629493399944,-0.9966193535837025,-0.08215555154072289,-1,-1,instant_velocity,dbscan_kmeans_fallback,False
2370,232,10.1000101458,7.70322235535,0.0007787208999999962,0.00026252578000001136,0.0007787209059999967,0.0002672989756000099,0.0008423854842078392,0.00025927484146638267,0.9475885465297531,0.31945517617005237,2,2,instant_velocity,dbscan_kmeans_fallback,False
2370,233,10.5036822261,7.46575585464,0.002251976670000033,-0.000429587638999962,0.0005808837020000012,0.0016897113819999987,0.000882899924084111,0.0013956798415222674,0.9822829569636495,-0.18738054524868114,2,2,instant_velocity,dbscan_kmeans_fallback,False
2370,238,10.4921066451,8.0788728801,0.0013680232200000476,0.0005250515590001115,0.0013596046099999981,0.0005155051674000078,0.0015612422182780033,0.00038232539789579344,0.933593085550021,0.3583159246666485,2,2,instant_velocity,dbscan_kmeans_fallback,False
2370,243,9.82787875907,9.14162496822,0.019215464508000046,0.0020763402570000977,0.016424697155200008,-0.00033412371960000797,0.017059524416078567,0.0009082101339406236,0.9942121008693244,0.10743027357845933,2,2,instant_velocity,dbscan_kmeans_fallback,False
2370,244,8.23970904184,9.19055022717,0.029465115347999938,0.005584639313999951,0.031325626916599986,0.007794629058799991,0.030866201602435063,0.00710364748042781,0.9825079963592345,0.18621860861507028,2,2,instant_velocity,dbscan_kmeans_fallback,False
2370,245,8.32494741124,8.79174970184,0.024624417825999955,0.0054653094129999856,0.029907092077800002,0.009393649716600016,0.029413804675199728,0.008748778888384594,0.9762435897785527,0.21667408822815312,2,2,instant_velocity,dbscan_kmeans_fallback,False
2370,246,7.2919846532,5.00875321659,0.04274546376500003,0.0029832474970000076,0.04267390562780001,0.0037135464835999876,0.04225000237217087,0.00310970057641038,0.9975732379800215,0.06962160667244523,3,3,instant_velocity,dbscan_kmeans_fallback,False
2370,247,7.63988347941,4.15268051501,0.04419767302199995,0.0047731959940000126,0.04637809155719999,0.001584701069999994,0.045388580152554536,0.00229166777198586,0.9942186704729689,0.10737218162366627,3,3,instant_velocity,dbscan_kmeans_fallback,False
2370,248,2.87811037413,4.48489495622,0.029822906033999973,0.0006682474399999805,0.030828929257999994,0.0032696392561999943,0.028855094864088306,0.002577586564322939,0.999748718328163,0.02240155673978935,4,4,instant_velocity,dbscan_kmeans_fallback,False
2370,249,2.42666271398,4.0006542226,0.035779068636,0.008734948669999954,0.03558123143324,0.007660979570799995,0.031455939693485105,0.0070963715339473436,0.9714678807022908,0.23717001017600634,4,4,instant_velocity,dbscan_kmeans_fallback,False
2370,250,1.63468250646,3.44720214706,0.042871742830999995,0.0071836599710000115,0.042871742830999995,0.0071836599710000115,0.028640092117834803,0.005276982965403002,0.9862501861383641,0.165257708590995,4,4,instant_velocity,dbscan_kmeans_fallback,False
2370,251,1.26763135527,6.21350788554,0.0373575569581,0.015393557082000076,0.0373575569581,0.015393557082000076,0.0245364013172022,0.010113567002664019,0.9245816976337371,0.38098318783159885,5,5,instant_velocity,dbscan_kmeans_fallback,False
2370,252,0.890898809045,6.51541253218,0.0366209290749,0.018567732418000027,0.0366209290749,0.018567732418000027,0.018681093595488002,0.009469543533179997,0.891906612325429,0.45221909268419275,5,5,instant_velocity,dbscan_kmeans_fallback,False
2370,321,6.85989978313,7.39177131672,0.0005682557960000167,-0.008615618770000033,-0.0017594883165999954,-0.009527299204599994,-0.0019728376206694827,-0.010939389373769919,0.06581339583315533,-0.9978307875588449,-1,-1,instant_velocity,dbscan_kmeans_fallback,False
2370,322,10.1210566568,9.59412394848,-0.0023361627199999903,0.0,-0.006423395145999997,-0.018873216960400008,-0.00472743493836382,-0.013176300621457795,-0.9999957194945758,0.0,2,2,instant_velocity,dbscan_kmeans_fallback,False
2370,323,9.69318108891,8.57313732531,0.03811523135300003,-0.004677732074000041,0.030963626927999997,-0.01249622711299999,0.030164028174435885,-0.012126235800780474,0.9925529154542684,-0.12181210615680133,-1,-1,instant_velocity,dbscan_kmeans_fallback,False
2370,324,0.655388351374,12.8260549562,0.006250813755899998,-0.002625257799999936,0.006246604453679999,-0.0026109382079999932,0.0051980738019523735,-0.002173791497334288,0.9219851679002691,-0.38722138397257905,6,6,instant_velocity,dbscan_kmeans_fallback,False
2370,325,0.97782089932,13.5231802312,0.0148377902286,-0.0067063403700000634,0.0148377902286,-0.0067063403700000634,0.004451337068580001,-0.0020119021110000194,0.9112455338490763,-0.41186205064788317,6,6,instant_velocity,dbscan_kmeans_fallback,False
2370,376,10.983542676,8.71800382373,-0.0013890697299999033,-0.0005250515600000227,-0.004213511495999995,-0.00033889691560002434,-0.004295646830637149,-0.00024399692920048293,-0.9354007979743589,-0.35357018988653466,2,2,instant_velocity,dbscan_kmeans_fallback,False
2370,377,7.38437883632,7.88603576193,-0.07214743957999996,0.030691650243000003,-0.0686916024796,0.0200999283318,-0.0677386301605191,0.015774754576605123,-0.9201976528010627,0.3914537325040272,-1,-1,instant_velocity,dbscan_kmeans_fallback,False
2370,380,13.2523565578,11.1692786266,-0.028054999109999913,0.02684922746999998,-0.02483488293599997,0.020047423176000015,-0.022396389893200835,0.019008529908405326,-0.7224614225703384,0.6914108603901807,7,7,instant_velocity,dbscan_kmeans_fallback,False
2370,381,13.452508877,10.1800337568,-0.017405464570000008,0.01866319634,-0.025794603836000008,0.017517629299399998,-0.02119433056472011,0.015366673917320377,-0.6820348215347372,0.7313191632333231,7,7,instant_velocity,dbscan_kmeans_fallback,False
2370,382,14.4444309387,10.7194049041,-0.025908255000000047,0.00916453630999996,-0.025908255000000047,0.00916453630999996,-0.013208790280800018,0.004678925373899998,-0.9427562550675455,0.3334815073823416,7,7,instant_velocity,dbscan_kmeans_fallback,False
2370,383,14.3269914075,10.1733512824,-0.03060162694000006,0.01083515491,-0.03060162694000006,0.01083515491,-0.015611249506500002,0.00553094085885,-0.9426552500078453,0.3337670797891167,7,7,instant_velocity,dbscan_kmeans_fallback,False
2370,384,14.8843030178,5.97222282803,-0.005072209139999906,-0.04649092898400005,-0.005072209139999906,-0.04649092898400005,-0.0025868266634999897,-0.023715385637640005,-0.10845744892147938,-0.9941008772352008,-1,-1,instant_velocity,dbscan_kmeans_fallback,False
2380,72,3.37354524219,12.2740348395,-0.027802440980999998,0.035775103980000014,-0.015561790205599993,0.039555475205999995,-0.01629289141444263,0.039697365197208866,-0.6136290873066109,0.7895941373834334,-1,-1,instant_velocity,dbscan_kmeans_fallback,False
2380,103,12.8373193616,4.996342907,0.04945930076000007,-0.010739690987000028,0.04826806824200002,0.00012887629179999749,0.04806283646867103,-0.0016370912670818874,0.9772267175667605,-0.212196954053892,-1,-1,instant_velocity,dbscan_kmeans_fallback,False
2380,114,2.85853711893,6.12663571844,-0.009912906663999976,-0.0027923196569999754,-0.024068789936799995,-0.0010930618827999972,-0.02265818659485733,-0.00016279094907067026,-0.9625407341664634,-0.271133533662434,0,0,instant_velocity,dbscan_kmeans_fallback,False
2380,115,3.16981501607,7.27864657166,-0.012817325176000028,0.0005250515590000226,-0.014547348377400002,0.0008305361030000036,-0.016477985769464926,0.001078572322346083,-0.9991612424850711,0.04092984775337536,0,0,instant_velocity,dbscan_kmeans_fallback,False
2380,116,3.06374060082,6.71517078454,-0.015027208826999993,-0.0027207217159999964,-0.02095390631419999,0.00026252577979999356,-0.020247313726679934,-2.0564844209664456e-05,-0.9840015078707506,-0.17815645618968637,0,0,instant_velocity,dbscan_kmeans_fallback,False
2380,117,3.11909292465,5.56244395192,-0.016837208770000035,-0.004367474335000043,-0.026101882895800007,0.0028734639885999867,-0.02491084571547662,0.0009539055052726645,-0.9679646023553846,-0.25108440571861224,0,0,instant_velocity,dbscan_kmeans_fallback,False
2380,120,3.66209290748,8.22588731672,-0.055247091277000046,0.009952113647999994,-0.0595321609088,0.018687062317399993,-0.058486509413121585,0.015229541794990024,-0.9841594197735147,0.17728474326780153,-1,-1,instant_velocity,dbscan_kmeans_fallback,False
2380,121,5.61268354349,7.22232285893,-0.007387325347999951,0.018066546838,-0.025731464302799996,0.009508206420600001,-0.02609189356923038,0.011366982356477116,-0.3784775131112087,0.925609932640191,-1,-1,instant_velocity,dbscan_kmeans_fallback,False
2380,122,7.31071604795,6.29847077424,-0.04400825442300001,0.006515412532000031,-0.0452205334542,0.008682443513599996,-0.044091989954407364,0.00760062057791006,-0.9892173412599995,0.14645341303854856,-1,-1,instant_velocity,dbscan_kmeans_fallback,False
2380,123,6.1222195739,7.37196255335,-0.023382673679000023,0.033149846180000074,-0.04376832419760001,0.009909154884200006,-0.041697523931025465,0.013987730024364885,-0.5763997408777878,0.8171675750430143,-1,-1,instant_velocity,dbscan_kmeans_fallback,False
2380,124,8.55182879941,7.03258831816,-0.03742069649200008,0.026515103748999992,-0.04020725454379999,0.015823144721000004,-0.04018041189259809,0.016399358250057477,-0.8159340246327287,0.5781446457069827,-1,-1,instant_velocity,dbscan_kmeans_fallback,False
2380,125,9.94258224382,4.06413772932,-0.015469185557999943,0.0027923196569999754,-0.024632836429600003,-0.0027732268726000163,-0.02425123803256073,-0.0014631077473630707,-0.9840953291289983,0.17763758289573767,1,1,instant_velocity,dbscan_kmeans_fallback,False
2380,126,9.92216712819,3.48801297281,-0.011701860090999893,-0.004415206294999985,-0.031510836212199994,-0.0018376804577999995,-0.03036964585853126,-0.002022390287904669,-0.9356165513647474,-0.35301567914565896,1,1,instant_velocity,dbscan_kmeans_fallback,False
2380,127,10.612913618,6.38056974534,-0.04099860334999992,0.00083530929900002,-0.040379835932,-0.0011742062146000087,-0.039536996546734704,-0.000275030308592311,-0.9997922689810972,0.02036985924175979,2,2,instant_velocity,dbscan_kmeans_fallback,False
2380,128,10.5981810603,5.72258467753,-0.04070395219999998,0.0013126288990000568,-0.044382882318000014,0.002544113465000013,-0.042099741768759955,0.0023732761902026714,-0.9994801868155713,0.03223142978219434,2,2,instant_velocity,dbscan_kmeans_fallback,False
2380,129,11.7868879995,5.69060426437,-0.029086278150000134,0.012768299285000052,-0.03505927796000002,0.011240876566600005,-0.03141074830493206,0.010633883401206627,-0.9156586455860983,0.40195598658060144,3,3,instant_velocity,dbscan_kmeans_fallback,False
2380,130,11.9079054375,7.53281925836,-0.0359684872399999,0.0029832474970000076,-0.039866301066,0.013307670432199999,-0.035913185884162806,0.010439039158965354,-0.9965777981196291,0.08265674900277431,2,2,instant_velocity,dbscan_kmeans_fallback,False
2380,131,10.5548252477,4.82092795421,-0.05979313765000001,0.020548608754999975,-0.062470253840000003,0.0108924332588,-0.056601215246511,0.012183988079270175,-0.9457121311460446,0.3250049979234915,-1,-1,instant_velocity,dbscan_kmeans_fallback,False
2380,132,11.8794926477,6.63211717424,-0.04131430102000007,0.0017660825180000118,-0.04333055677000001,0.005565546529400009,-0.03934345021424604,0.004875373466916491,-0.9990873348968501,0.04270847218890083,2,2,instant_velocity,dbscan_kmeans_fallback,False
2380,133,11.9518926454,8.04593782774,-0.04339790561000001,0.006873402231999925,-0.04922357984000001,0.016138175656599998,-0.042393668472396534,0.012074363363783532,-0.9876886459390208,0.15643108228600638,2,2,instant_velocity,dbscan_kmeans_fallback,False
2380,134,13.2039495826,5.34979807038,-0.03988313826999992,0.011312474507000037,-0.03988313826999992,0.011312474507000037,-0.03299830468835999,0.004105425874860007,-0.962048941908251,0.272876072493266,3,3,instant_velocity,dbscan_kmeans_fallback,False
2380,135,13.0456798201,4.19516195936,-0.05636255636000005,0.0003818556789999761,-0.05636255636000005,0.0003818556789999761,-0.03851037959814001,-0.001662647360838003,-0.9999768731399313,0.006774831954714431,-1,-1,instant_velocity,dbscan_kmeans_fallback,False
2380,232,10.1077973549,7.70584761315,0.000778720909999997,0.00026252578000001136,0.0007787209059999967,0.00026729897580000993,0.0008232861119454864,0.0002602501230264713,0.9475885477717341,0.3194551724864476,4,4,instant_velocity,dbscan_kmeans_fallback,False
2380,233,10.5262019928,7.46145997824,0.002251976670000033,-0.0004295876400000509,0.0009976046200000255,0.0011598866265999951,0.0012936229478588876,0.0008480995970655718,0.9822829568833573,-0.18738054566959034,4,4,instant_velocity,dbscan_kmeans_fallback,False
2380,238,10.5055764121,8.08388473589,0.0013469767000000132,0.0005011855790000297,0.0013553953059999913,0.0005107319714000269,0.0014969625627946062,0.0004179834522270643,0.9372187532659677,0.3487220851743652,4,4,instant_velocity,dbscan_kmeans_fallback,False
2380,243,10.0200334042,9.1623883708,0.019215464512999957,0.002076340258000009,0.0170097901606,-0.0003818556795999939,0.017706306445154984,0.0012586491711584391,0.9942121008667845,0.10743027360196684,4,4,instant_velocity,dbscan_kmeans_fallback,False
2380,244,8.34494159665,9.21298424834,0.010523255480999971,0.0022434021169999594,0.027032138680199987,0.006143103244599999,0.024763317766004534,0.005645573871399454,0.9780214834258597,0.20849968627584065,4,4,instant_velocity,dbscan_kmeans_fallback,False
2380,245,8.54993461343,8.83279918739,0.022498720219000033,0.004104948554999943,0.02932199907300001,0.008424690929800001,0.02733927933833982,0.007355629788369198,0.9837594613571452,0.17948940828888707,4,4,instant_velocity,dbscan_kmeans_fallback,False
2380,246,7.71943929085,5.03858569155,0.04274546376499995,0.0029832474960000076,0.04274967306719999,0.0037278660716000014,0.04239864079001959,0.0030717646522872683,0.9975732379816422,0.06962160664922096,5,5,instant_velocity,dbscan_kmeans_fallback,False
2380,247,8.08186020962,4.20041247496,0.04419767302100004,0.004773195995000012,0.04564988227780001,0.0026491237768,0.04503130801308819,0.0030361262388901057,0.9942186704703082,0.10737218164830288,5,5,instant_velocity,dbscan_kmeans_fallback,False
2380,248,3.26704989672,4.54074134935,0.03889395225900003,0.00558463931300004,0.032049626893800004,0.0027207217167999963,0.031866752082561824,0.003479702388926069,0.9898479411671233,0.14212861910568383,6,6,instant_velocity,dbscan_kmeans_fallback,False
2380,249,2.94230223256,3.95936607725,0.051563951858,-0.004128814534999981,0.038830812725799996,0.005603732097399998,0.03748834334283958,0.0037288157132631464,0.9968094000445877,-0.07981624742150507,6,6,instant_velocity,dbscan_kmeans_fallback,False
2380,250,2.03225109854,3.48276245722,0.039756859208000025,0.0035560310160000163,0.039756859208000025,0.0035560310160000163,0.03197512224488437,0.004760697380582106,0.9960234372440324,0.08908878382400018,6,6,instant_velocity,dbscan_kmeans_fallback,False
2380,251,1.53344878873,6.34763469298,0.026581743345999987,0.01341268074399995,0.026581743345999987,0.01341268074399995,0.02515000392584154,0.011103301125064798,0.892784452300882,0.4504833515263219,7,7,instant_velocity,dbscan_kmeans_fallback,False
2380,252,1.24763716986,6.70299913475,0.0356738360815,0.01875866025699997,0.0356738360815,0.01875866025699997,0.023778916341291603,0.012256278550325989,0.8850922162401171,0.4654151614822744,7,7,instant_velocity,dbscan_kmeans_fallback,False
2380,321,6.84179978371,7.27912389126,-0.00180999994200004,-0.011264742545999962,-0.0007745116034000077,-0.009489113636599988,-0.00192398631706865,-0.011036995325438932,-0.15864334304468897,-0.9873350681218614,-1,-1,instant_velocity,dbscan_kmeans_fallback,False
2380,322,10.086961309,9.55951827752,-0.0034095347800001006,-0.0034605670959999557,-0.004752302176000001,-0.015527206569599983,-0.004332064890854704,-0.010261580563820445,-0.7018334613158073,-0.7123381750929576,4,4,instant_velocity,dbscan_kmeans_fallback,False
2380,323,10.0671775887,8.59962856307,0.03739964997899996,0.0026491237760000175,0.034474184956400006,-0.008047608446400005,0.03233471471580511,-0.007693627927746326,0.9975004883355005,0.07065580190469636,4,4,instant_velocity,dbscan_kmeans_fallback,False
2380,324,0.717896488933,12.800041038,0.006250813755899998,-0.002601391820000032,0.006246604453699999,-0.0026109382099999932,0.005513895788136661,-0.0023020715941340112,0.923238762270793,-0.3842228960687368,8,8,instant_velocity,dbscan_kmeans_fallback,False
2380,325,1.12619880161,13.4563554872,0.014837790228999993,-0.006682474399999983,0.014837790228999993,-0.006682474399999983,0.007567273016705999,-0.0034130737977000085,0.9117951405937667,-0.41064387560578675,8,8,instant_velocity,dbscan_kmeans_fallback,False
2380,376,10.9694415137,8.71275330814,-0.0014101162300001135,-0.0005250515589999338,-0.0026518603799999953,-0.0004439072274000111,-0.003429987650446038,-0.00032831331814031823,-0.9371380222539827,-0.348939873972324,4,4,instant_velocity,dbscan_kmeans_fallback,False
2380,377,6.66290444052,8.18101927438,-0.07214743957999996,0.02949835124500009,-0.07313662559560001,0.026472144984200002,-0.06906127298636336,0.019891833577123614,-0.925621050907633,0.37845133574232215,-1,-1,instant_velocity,dbscan_kmeans_fallback,False
2380,380,12.9930635427,11.4215420349,-0.02592930151000008,0.025226340829999926,-0.023003836482000006,0.02031949534799999,-0.023456263378240607,0.020873873184883707,-0.7167556958842911,0.6973239703062425,9,9,instant_velocity,dbscan_kmeans_fallback,False
2380,381,13.2995007423,10.3752574729,-0.01530081347000003,0.019522371609999922,-0.022864929509999996,0.017570134453999985,-0.019426275436304086,0.01661338322512424,-0.6168688070580051,0.7870654792057729,9,9,instant_velocity,dbscan_kmeans_fallback,False
2380,382,14.1853483888,10.811288927,-0.025908254990000046,0.009188402290000041,-0.025908254990000046,0.009188402290000041,-0.01701862969356003,0.006031768448730011,-0.9424829874352881,0.3342530341537474,9,9,instant_velocity,dbscan_kmeans_fallback,False
2380,383,14.0527553697,10.3022275742,-0.027423603779999972,0.012887629179999926,-0.027423603779999972,0.012887629179999926,-0.019154955788549994,0.007737947355194978,-0.9050420093612747,0.42532140934287305,9,9,instant_velocity,dbscan_kmeans_fallback,False
2380,384,14.8333704613,5.50731353819,-0.005093255650000117,-0.04649092898399996,-0.005093255650000117,-0.04649092898399996,-0.003338755359450028,-0.03054804864154799,-0.10890215348351023,-0.9940522588545937,-1,-1,instant_velocity,dbscan_kmeans_fallback,False
2390,72,3.05174408957,12.6251034048,-0.032180115262,0.03510685653000003,-0.0215895109454,0.037183196794000006,-0.02105905856870984,0.03832021259704621,-0.6757111379317885,0.7371662214991093,-1,-1,instant_velocity,dbscan_kmeans_fallback,False
2390,103,13.2995007423,5.01495837138,0.04621813806999988,0.0018615464379999835,0.047072626418,-0.0008353092990000022,0.04750942694906969,-0.0005874999555573261,0.9991896350830171,0.04024476068806938,-1,-1,instant_velocity,dbscan_kmeans_fallback,False
2390,114,2.75961851741,6.09847386208,-0.009891860152000031,-0.002816185636000057,-0.0204361621446,-0.0015321959142000096,-0.018828288662000137,-0.0009588093551494865,-0.9617809643531354,-0.2738164202859198,0,0,instant_velocity,dbscan_kmeans_fallback,False
2390,115,3.11319990158,7.18008007438,-0.0056615114490000005,-0.009856649728000022,-0.011381953128600006,-0.0015560618942000025,-0.013233043473325448,-0.0022019942927577487,-0.49806983176522035,-0.867135908143542,0,0,instant_velocity,dbscan_kmeans_fallback,False
2390,116,2.91346851255,6.68796356737,-0.015027208826999993,-0.0027207217169999964,-0.018760859871999998,-0.0008448556909999993,-0.01868128225677595,-0.0008306119060467642,-0.9840015078592712,-0.17815645625308932,0,0,instant_velocity,dbscan_kmeans_fallback,False
2390,117,2.95072083695,5.51853054877,-0.01683720876999999,-0.004391340314999948,-0.023378464377200005,0.0007398453790000126,-0.02248875463183363,-0.0006496682408091193,-0.9676304010570305,-0.2523692880587421,0,0,instant_velocity,dbscan_kmeans_fallback,False
2390,120,3.13466734276,8.29700793704,-0.05274255647200001,0.0071120620320000326,-0.05817255630060001,0.018109505602200003,-0.056763323530785115,0.012794297866093027,-0.9910303828038464,0.13363534173470493,-1,-1,instant_velocity,dbscan_kmeans_fallback,False
2390,121,5.53859982491,7.40298832731,-0.007408371857999985,0.018066546838,-0.017860069202799984,0.012057093081399994,-0.02048683705586126,0.013376851700933983,-0.37940077185570353,0.9252318790804998,1,1,instant_velocity,dbscan_kmeans_fallback,False
2390,122,6.90557071192,6.43044964348,-0.04051453360299995,0.013197886924000013,-0.044319742784999984,0.00953207240060001,-0.043018753048985135,0.009279800481737046,-0.9508220861202094,0.30973680952178434,-1,-1,instant_velocity,dbscan_kmeans_fallback,False
2390,123,5.92817074282,7.65095585921,-0.019404883107999992,0.027899330585999936,-0.035934812817600005,0.01652480453199999,-0.03500973168411782,0.018161210192855402,-0.5709979519775742,0.8209511254197485,1,1,instant_velocity,dbscan_kmeans_fallback,False
2390,124,8.17783229961,7.29773935564,-0.037399649980000046,0.02651510374799999,-0.03899918481380002,0.019651247908400008,-0.03934618331881867,0.01943408189944023,-0.8157805485751028,0.5783611850013676,-1,-1,instant_velocity,dbscan_kmeans_fallback,False
2390,125,9.86197410683,4.06724030672,-0.008060813698999959,0.0003102577399999973,-0.018988162191399986,-0.0007398453790000126,-0.0193941107324925,-0.0009310981011541504,-0.9992588574403302,0.03846110409708129,2,2,instant_velocity,dbscan_kmeans_fallback,False
2390,126,9.80535899234,3.44386090987,-0.011680813585000038,-0.004415206293999985,-0.027141580537199984,-0.0027207217165999965,-0.024762996176471895,-0.002740235089733264,-0.9354063475566312,-0.3535722887045425,2,2,instant_velocity,dbscan_kmeans_fallback,False
2390,127,10.2477566528,6.46481665464,-0.036515696520000064,0.008424690930000001,-0.04005151036200001,0.0014033196223999945,-0.038630606538714314,0.002334886062985383,-0.9744026758910435,0.22480856639968017,3,3,instant_velocity,dbscan_kmeans_fallback,False
2390,128,10.2317613044,5.71375426494,-0.03664197558999991,-0.0008830412590000059,-0.04329267304999998,0.002534567073000016,-0.04046241191513194,0.001396380955441868,-0.9997094686345661,-0.024092170075519018,3,3,instant_velocity,dbscan_kmeans_fallback,False
2390,129,11.3743763846,5.79561457624,-0.041251161489999966,0.01050103118700001,-0.03470148727600002,0.011417484818200006,-0.03436287226045243,0.010594027736944641,-0.969092815337462,0.24669545073108531,3,3,instant_velocity,dbscan_kmeans_fallback,False
2390,130,11.5484310303,7.56265173332,-0.03594744072000004,0.0029832474960000076,-0.03887711505000002,0.010706278615200002,-0.035923462334913975,0.00820230166007575,-0.9965738104225867,0.08270481194140389,3,3,instant_velocity,dbscan_kmeans_fallback,False
2390,131,9.94447642981,5.10731971387,-0.06103488178899994,0.028639175965999984,-0.06124534690179999,0.015274227181800003,-0.05793131520925768,0.01712054444528912,-0.9052929986777838,0.42478734667744583,-1,-1,instant_velocity,dbscan_kmeans_fallback,False
2390,132,11.4663496375,6.64977799942,-0.04131430101999989,0.0017660825180000118,-0.043322138165999995,0.0025584330530000086,-0.03993470545597219,0.003942586182241547,-0.9990873348968501,0.04270847218890102,3,3,instant_velocity,dbscan_kmeans_fallback,False
2390,133,11.6625031197,7.97624916622,-0.0289389525699999,-0.006968866151999986,-0.044639649751999994,0.009799371376199986,-0.03835725370167754,0.006361394509048476,-0.972207397663711,-0.23411984970479702,3,3,instant_velocity,dbscan_kmeans_fallback,False
2390,134,12.7510286667,5.45433106265,-0.04529209159000001,0.010453299226999935,-0.04462702184400001,0.005030948577999989,-0.036686440758851996,0.006009787880501986,-0.9743849613105923,0.22488556402012644,3,3,instant_velocity,dbscan_kmeans_fallback,False
2390,135,12.500154256,4.22165319713,-0.05455255641000001,0.0026491237770000175,-0.05455255641000001,0.0026491237770000175,-0.04332303264169801,-0.00036911601948659675,-0.998822815620693,0.048503781380735515,3,3,instant_velocity,dbscan_kmeans_fallback,False
2390,232,10.1155845639,7.70847287094,0.0007787208999999962,0.00026252577899992245,0.0007787209039999965,0.00026729897559999214,0.0008099165483618394,0.00026093281981850666,0.9475885468981464,0.3194551750772859,4,4,instant_velocity,dbscan_kmeans_fallback,False
2390,233,10.5487217595,7.45716410185,0.0022519766699998557,-0.000429587638999962,0.001418534837999985,0.0006300618714000095,0.001581129064501178,0.00046479342624591163,0.9822829569636469,-0.1873805452486954,4,4,instant_velocity,dbscan_kmeans_fallback,False
2390,238,10.5192566442,8.08913525149,0.0013680232100000468,0.0005250515599998451,0.001359604607999998,0.0005155051673999722,0.0014582807569562383,0.00045010388455889855,0.9335930844455509,0.3583159275442314,4,4,instant_velocity,dbscan_kmeans_fallback,False
2390,243,10.2050322355,9.164536309,0.01849988312999997,0.00021479382000002544,0.017611720372999996,-7.637113579999521e-05,0.01794437945060848,0.000945492565810915,0.9999320639062028,0.011609761328634036,4,4,instant_velocity,dbscan_kmeans_fallback,False
2390,244,8.45017415146,9.23541826951,0.010523255481000148,0.0022434021169999594,0.02273865044380001,0.004491577430599989,0.02049129908050322,0.004624922345079606,0.9780214834258604,0.2084996862758373,4,4,instant_velocity,dbscan_kmeans_fallback,False
2390,245,8.77492181562,8.87408733275,0.022498720219000033,0.004128814535999936,0.027192092163600013,0.0070786496595999894,0.025887111602537885,0.006387585212658419,0.983574714679855,0.18049904793174357,4,4,instant_velocity,dbscan_kmeans_fallback,False
2390,246,8.12879392907,5.05266661973,0.040935463821999994,0.0014080928180000285,0.0423876730786,0.0031121237882000053,0.04195968769961372,0.002572663102001096,0.9994086737060144,0.0343775309792891,5,5,instant_velocity,dbscan_kmeans_fallback,False
2390,247,8.51162996348,4.27988618826,0.04297697538600005,0.007947371329999963,0.044681742773600014,0.004343608354799997,0.04441500822496175,0.004509499766223063,0.9833281537626198,0.18183862189009634,5,5,instant_velocity,dbscan_kmeans_fallback,False
2390,248,3.69471499948,4.61758980486,0.04276651027599998,0.007684845550999952,0.0342216268252,0.0030548454363999865,0.03513667954059327,0.004741245337548234,0.9842357238261534,0.17686033942370286,6,6,instant_velocity,dbscan_kmeans_fallback,False
2390,249,3.47541035525,3.90375834391,0.05331081226900003,-0.005560773334000002,0.0424339754028,0.003260092863999997,0.042235084020687715,0.0009419389990842017,0.9946036719340424,-0.1037456632414776,-1,-1,instant_velocity,dbscan_kmeans_fallback,False
2390,250,2.42960922552,3.51808410758,0.03973581269799999,0.003532165035999979,0.042151952155860005,0.006353123868399999,0.03430332938081906,0.004392137677207468,0.9960721858523527,0.08854207600935358,6,6,instant_velocity,dbscan_kmeans_fallback,False
2390,251,1.78748017605,6.47913624262,0.02540313873200002,0.013150154964000026,0.032803091986240006,0.014548701390600004,0.02522594436768908,0.011717357276745367,0.8880660628187971,0.4597150953486575,7,7,instant_velocity,dbscan_kmeans_fallback,False
2390,252,1.51598018463,6.9087238821,0.02683430147700001,0.020572474735000058,0.02683430147700001,0.020572474735000058,0.024695531882004122,0.014751137405728209,0.7936131200040824,0.6084222417580819,7,7,instant_velocity,dbscan_kmeans_fallback,False
2390,321,6.81738583099,7.1597939914,-0.0024413952719999797,-0.011932989986000031,-0.0005009069609999983,-0.0098136909642,-0.002079209003548049,-0.011305793723607262,-0.20043991858043117,-0.9797051582128921,-1,-1,instant_velocity,dbscan_kmeans_fallback,False
2390,322,10.0105624742,9.38577394333,-0.00763988347999991,-0.017374433419000114,-0.0047649300819999855,-0.011937763181600012,-0.005324410467598266,-0.012395436420374346,-0.4025235450605638,-0.9154090571594347,-1,-1,instant_velocity,dbscan_kmeans_fallback,False
2390,323,10.4203380427,8.5755239233,0.035316045399999926,-0.002410463976999999,0.03612423141679997,-0.004892525894199977,0.033229113921063556,-0.006108678742522427,0.9976785159009935,-0.0680956232774061,4,4,instant_velocity,dbscan_kmeans_fallback,False
2390,324,0.819761601991,12.7618554701,0.010186511305800006,-0.0038185567899999386,0.007037953265859999,-0.002849598007999994,0.006915680443435665,-0.0027570171528937893,0.936370164941912,-0.35101150373793155,8,8,instant_velocity,dbscan_kmeans_fallback,False
2390,325,1.27457670389,13.3892920835,0.014837790228000003,-0.006706340369999886,0.014837790228000003,-0.006706340369999886,0.0097484281800942,-0.004401053769389972,0.9112455338428298,-0.4118620506617035,8,8,instant_velocity,dbscan_kmeans_fallback,False
2390,376,10.9553403513,8.70726413275,-0.0014101162399999367,-0.0005489175390000156,-0.0014059069340000008,-0.0005345979512000198,-0.0028240262273122076,-0.00039449458439822746,-0.9318781360660989,-0.3627532529498048,4,4,instant_velocity,dbscan_kmeans_fallback,False
2390,377,5.9429033005,8.36932185635,-0.07200011400199999,0.01883025819699995,-0.07771634638019999,0.029441072892599996,-0.06994292529105435,0.019573360963086515,-0.9674606716664848,0.25302090830601826,-1,-1,instant_velocity,dbscan_kmeans_fallback,False
2390,380,12.8192193622,11.6081739983,-0.01738441804999997,0.01866319634,-0.022797580673999996,0.021269361352000013,-0.021634709779768415,0.020210670131418595,-0.6815933709609374,0.7317306147206033,9,9,instant_velocity,dbscan_kmeans_fallback,False
2390,381,13.0877728421,10.5413646935,-0.021172790019999964,0.016610722060000072,-0.021109650494000008,0.017035536502600018,-0.01995022981141285,0.01661258487558699,-0.7867698918024834,0.6172458134030747,9,9,instant_velocity,dbscan_kmeans_fallback,False
2390,382,14.038022812,10.9067528469,-0.014732557680000013,0.009546391990000024,-0.014732557680000013,0.009546391990000024,-0.016332808089492026,0.007086155511111015,-0.8392171872322672,0.5437953414525141,9,9,instant_velocity,dbscan_kmeans_fallback,False
2390,383,13.826715842,10.4611750008,-0.022603952769999935,0.015894742660000107,-0.022603952769999935,0.015894742660000107,-0.020189654882984978,0.010184985946636516,-0.8180060730928849,0.5752089538686769,9,9,instant_velocity,dbscan_kmeans_fallback,False
2390,384,14.7826483699,5.04240424835,-0.005072209139999906,-0.04649092898400005,-0.005072209139999906,-0.04649092898400005,-0.003858791493614991,-0.035330912744283606,-0.10845744892147938,-0.9941008772352008,-1,-1,instant_velocity,dbscan_kmeans_fallback,False
2400,72,2.69647898452,12.9086312469,-0.035526510505,0.02835278420999998,-0.0261187201046,0.03480137199400001,-0.02539929414959689,0.03532998408093234,-0.7816024246047629,0.6237765704490662,-1,-1,instant_velocity,dbscan_kmeans_fallback,False
2400,103,13.748001891,5.08751095049,0.04485011487000001,0.00725525791099999,0.046550672947999985,-0.0005202783634000064,0.046711633325348785,0.0017653274044098692,0.9871668613057281,0.1596907878770258,-1,-1,instant_velocity,dbscan_kmeans_fallback,False
2400,114,2.66048945078,6.07031200571,-0.009912906662999977,-0.002816185636999968,-0.016803534352399997,-0.001976103141600003,-0.01615367406230009,-0.001516022239704631,-0.9619339400923925,-0.27327852848068224,0,0,instant_velocity,dbscan_kmeans_fallback,False
2400,115,3.06479292637,7.06981924691,-0.004840697520999982,-0.011026082747000033,-0.009786627597599996,-0.003866288755399996,-0.010715339687627808,-0.004849220829030434,-0.4019882150164057,-0.9156439341357778,0,0,instant_velocity,dbscan_kmeans_fallback,False
2400,116,2.84590921236,6.62734397824,-0.006755930019000012,-0.006061958912999987,-0.014913557668,-0.002620484601000008,-0.01510367658544317,-0.0024000160081327315,-0.744299248233637,-0.6678446119305603,0,0,instant_velocity,dbscan_kmeans_fallback,False
2400,117,2.78234874925,5.47485580543,-0.01683720876999999,-0.004367474334000043,-0.020650836556399998,-0.0013937732301999971,-0.020793290873283538,-0.0017650100687663967,-0.9679646023693569,-0.2510844056647476,0,0,instant_velocity,dbscan_kmeans_fallback,False
2400,120,2.70763363533,8.25476515249,-0.04270337074299997,-0.004224278454999997,-0.0542368587506,0.011637051833999995,-0.05254533769444957,0.007688724969765119,-0.9951426613440351,-0.09844093407207333,-1,-1,instant_velocity,dbscan_kmeans_fallback,False
2400,121,5.47272424559,7.56551565092,-0.00658755793200001,0.016252732361,-0.012943604241999989,0.014424598294800006,-0.016317053318702885,0.014239615898953787,-0.3756369372370296,0.9267662871187312,1,1,instant_velocity,dbscan_kmeans_fallback,False
2400,122,6.52357653795,6.60729655507,-0.03819941739699999,0.017684691158999934,-0.04269916144079998,0.011002216766799987,-0.04157295235338959,0.011801267684915913,-0.9074687230315251,0.4201190802591909,2,2,instant_velocity,dbscan_kmeans_fallback,False
2400,123,5.89302306951,7.72064452073,-0.0035147673310000015,0.006968866151999986,-0.025297906176999996,0.018605917985599997,-0.025561242378182476,0.014803506980598777,-0.4503195122134464,0.8928660450922548,1,1,instant_velocity,dbscan_kmeans_fallback,False
2400,124,7.79983696272,7.4958269894,-0.03779953368899998,0.019808763376000016,-0.038443556924200005,0.0210593407268,-0.038882188429873066,0.019546486342408166,-0.8857445544376525,0.4641725063275564,2,2,instant_velocity,dbscan_kmeans_fallback,False
2400,125,9.89228108262,4.03287329556,0.0030306975789999415,-0.0034367011159999626,-0.011125185695599988,0.0005489175393999979,-0.012666668239044767,-0.001682779005607894,0.661413315655861,-0.7500187071788916,3,3,instant_velocity,dbscan_kmeans_fallback,False
2400,126,9.73106480865,3.40352740371,-0.007429418369000018,-0.004033350616000009,-0.021379045834999992,-0.0033078248240000006,-0.01956292283423033,-0.0031281697476132873,-0.8788405977582203,-0.4771130242340947,3,3,instant_velocity,dbscan_kmeans_fallback,False
2400,127,9.88259968758,6.54906356394,-0.03651569652199989,0.008424690930000001,-0.039394859220399994,0.0035369382318000044,-0.03799613353369999,0.004161827523089769,-0.9744026758937406,0.22480856638799054,4,4,instant_velocity,dbscan_kmeans_fallback,False
2400,128,9.86534154859,5.70492385235,-0.03664197558100017,-0.0008830412590000059,-0.041537394036200014,0.001761309321800013,-0.03931628101489241,0.0007125542911093057,-0.9997094686344237,-0.02409217008143293,4,4,instant_velocity,dbscan_kmeans_fallback,False
2400,129,10.9618647697,5.90062488812,-0.041251161489999966,0.010501031188000009,-0.035059277962000014,0.011532041522200007,-0.036429359029316696,0.010566128772261252,-0.9690928153318458,0.24669545075314808,4,4,instant_velocity,dbscan_kmeans_fallback,False
2400,130,11.2325229007,7.37864502774,-0.031590812960000034,-0.018400670557999987,-0.03691978953,0.003570350603600012,-0.03462366752243979,0.00022140999465302715,-0.8641035332414002,-0.5033135571190055,5,5,instant_velocity,dbscan_kmeans_fallback,False
2400,131,9.38064040112,5.38965425693,-0.056383602868999995,0.028233454306000015,-0.059191207431599974,0.020123794311799992,-0.05746700150718037,0.020454417403502387,-0.8941626712479116,0.4477418901282881,-1,-1,instant_velocity,dbscan_kmeans_fallback,False
2400,132,11.0494182553,6.70228315535,-0.04169313821999996,0.005250515592999961,-0.04268232423199997,0.0029737011043999926,-0.04046223528518052,0.004334965005469071,-0.9921633689374,0.12494548172222467,4,4,instant_velocity,dbscan_kmeans_fallback,False
2400,133,11.3731135939,7.90656050471,-0.028938952580000076,-0.006968866150999986,-0.04009781268600001,0.0036992268955999916,-0.0355317633651743,0.0023623163110339366,-0.9722073976897723,-0.23411984959657506,5,5,instant_velocity,dbscan_kmeans_fallback,False
2400,134,12.2166577533,5.54597642574,-0.053437091340000006,0.009164536309000049,-0.045982417152,0.006863855839799999,-0.041711635933196406,0.006956212409051405,-0.9856101155921801,0.16903352080656622,4,4,instant_velocity,dbscan_kmeans_fallback,False
2400,135,11.9544182267,4.2481444349,-0.05457360293000004,0.0026491237770000175,-0.05730123074800002,-0.0008544020829999965,-0.04669820372818862,0.0005363559194593876,-0.9988237217455463,0.048485119696087,4,4,instant_velocity,dbscan_kmeans_fallback,False
2400,136,14.5340890754,8.13495793303,0.0,0.0,0.0,0.0,0.0,0.0,0.0,0.0,-1,-1,instant_velocity,dbscan_kmeans_fallback,False
2400,232,10.123371773,7.71109812874,0.000778720909999997,0.00026252578000001136,0.0007787209059999967,0.00026729897559999214,0.0008005578568532866,0.00026141070787295806,0.9475885477717341,0.3194551724864476,6,6,instant_velocity,dbscan_kmeans_fallback,False
2400,233,10.5714519914,7.45310688525,0.0022730231900000676,-0.0004057216599999691,0.001839465058000016,0.00010501031180000453,0.0017886973021508448,0.00020363890037214735,0.9844364505926906,-0.17571628510263115,6,6,instant_velocity,dbscan_kmeans_fallback,False
2400,238,10.5327264112,8.09414710728,0.0013469767000000132,0.0005011855790000297,0.0013553953060000269,0.0005107319713999914,0.0014248895398693707,0.0004654283928912379,0.9372187532659677,0.3487220851743652,6,6,instant_velocity,dbscan_kmeans_fallback,False
2400,243,10.3891892064,9.164536309,0.018415697090000016,0.0,0.018264162212399987,0.0004964123834000133,0.018085774742425943,0.0006618447960676405,0.9999994569852815,0.0,6,6,instant_velocity,dbscan_kmeans_fallback,False
2400,244,8.55540670628,9.25785229068,0.010523255481999883,0.0022434021170001373,0.018520929646999987,0.0036562681316000224,0.017500886000952218,0.003910466276655765,0.9780214834298964,0.20849968625690624,6,6,instant_velocity,dbscan_kmeans_fallback,False
2400,245,8.88436367262,8.86477960056,0.010944185699999841,-0.0009307732189999029,0.022747069048199987,0.0047206908384000105,0.021404233831776472,0.004192077683160922,0.9964020742831733,-0.08474128560325352,6,6,instant_velocity,dbscan_kmeans_fallback,False
2400,246,8.49542415003,5.02951661916,0.03666302209600012,-0.0023150000570000273,0.04117118474480001,0.0017565361257999967,0.04037068801852964,0.0011063641543007589,0.998012173053343,-0.06301712476008002,7,7,instant_velocity,dbscan_kmeans_fallback,False
2400,247,8.94118925222,4.35959856137,0.042955928873999835,0.007971237311000046,0.04370518466479998,0.006047639324800009,0.04397728441967318,0.005548021029656158,0.9832143568705809,0.1824529272591634,7,7,instant_velocity,dbscan_kmeans_fallback,False
2400,248,4.12238010224,4.69467692016,0.04276651027600002,0.007708711530000034,0.03681034767360001,0.004462938254599997,0.037425628761215295,0.005631485195283774,0.9841399791321302,0.17739233702515253,-1,-1,instant_velocity,dbscan_kmeans_fallback,False
2400,249,4.00872894304,3.84791195078,0.05333185877900002,-0.005584639312999995,0.04595295203560001,0.0004439072274000022,0.0455641164481814,-0.0010160344945410577,0.9945618915641546,-0.1041454313800866,8,8,instant_velocity,dbscan_kmeans_fallback,False
2400,250,2.90968014057,3.47250008583,0.048007091504999974,-0.004558402174999987,0.04291383585258,0.0036896805036000036,0.03841445801807333,0.001706975721545231,0.9955220434277062,-0.09452748970532099,8,8,instant_velocity,dbscan_kmeans_fallback,False
2400,251,2.04151156337,6.61087645206,0.025403138731999973,0.01317402094400002,0.030416417643119996,0.014104794163000011,0.025279102676982346,0.012154356376921763,0.8877253289746547,0.46037272007255914,9,9,instant_velocity,dbscan_kmeans_fallback,False
2400,252,1.78453366451,7.11444862946,0.026855347988,0.02057247473599997,0.03252527804144,0.01940781491279999,0.025343476713802885,0.016497538604809736,0.7938433635849842,0.6081217993894842,9,9,instant_velocity,dbscan_kmeans_fallback,False
2400,321,6.78855211097,7.01445017338,-0.002883372001999973,-0.014534381801999974,-0.0011954418227999853,-0.01099267037479999,-0.002320457903083626,-0.012274370147125076,-0.19459053290012873,-0.9808838742497905,-1,-1,instant_velocity,dbscan_kmeans_fallback,False
2400,322,9.93395317432,9.21226826894,-0.0076609299880001204,-0.017350567438999855,-0.004781767291600012,-0.008343546597999988,-0.0060253663237188225,-0.013881975725962,-0.4039166027247954,-0.9147952358637539,-1,-1,instant_velocity,dbscan_kmeans_fallback,False
2400,323,10.7415078,8.47504814762,0.032116975730000163,-0.010047577567999965,0.036242091878400017,-0.004200412474999986,0.03289547246374454,-0.007290348390165688,0.9543863954935485,-0.29857329716160275,-1,-1,instant_velocity,dbscan_kmeans_fallback,False
2400,324,0.938253458711,12.7184193865,0.011849185671999996,-0.004343608359999962,0.008157627649099998,-0.00319804131599998,0.008395732012004964,-0.0032329945150256414,0.9389035626420084,-0.34417802850052065,10,10,instant_velocity,dbscan_kmeans_fallback,False
2400,325,1.42295460618,13.3224673396,0.014837790229000003,-0.00668247439000016,0.014837790229000003,-0.00668247439000016,0.011275236794765942,-0.005085479955573028,0.911795140823849,-0.41064387509491046,10,10,instant_velocity,dbscan_kmeans_fallback,False
2400,376,10.9414496541,8.70201361715,-0.0013890697200000801,-0.0005250515600000227,-0.001401697629999994,-0.0005298247554000213,-0.0023935392751185695,-0.000433661677078766,-0.9354007971324917,-0.353570192113648,6,6,instant_velocity,dbscan_kmeans_fallback,False
2400,377,5.23847657858,8.52015484977,-0.070442672192,0.015083299341999989,-0.0742647185824,0.025565237745400003,-0.07009284936133804,0.018226342476760554,-0.9778351397355343,0.20937564775449358,-1,-1,instant_velocity,dbscan_kmeans_fallback,False
2400,380,12.6453751816,11.7950446214,-0.017384418059999972,0.01868706231000008,-0.022591324867999987,0.022219227351999996,-0.020359622263837883,0.01975358778499304,-0.6811268701531457,0.7321648742935941,11,11,instant_velocity,dbscan_kmeans_fallback,False
2400,381,12.8366879663,10.6883791302,-0.025108487580000016,0.014701443669999925,-0.020966534219999992,0.01694007258439999,-0.021497707141989,0.01603924251391087,-0.86295734130458,0.5052761024486276,11,11,instant_velocity,dbscan_kmeans_fallback,False
2400,382,13.8906972353,11.0022167668,-0.014732557670000012,0.009546391990000024,-0.021433766764000026,0.009326824974000019,-0.015852732963644423,0.007824226454777717,-0.8392171870638183,0.5437953417124741,11,11,instant_velocity,dbscan_kmeans_fallback,False
2400,383,13.6006763142,10.6203610872,-0.022603952780000113,0.01591860863999983,-0.026771161943999998,0.013279031254999971,-0.02091394425208952,0.011905072754645512,-0.8175996898421148,0.5757864393654872,11,11,instant_velocity,dbscan_kmeans_fallback,False
2400,384,14.7319262785,4.5772562987,-0.005072209140000084,-0.04651479496499995,-0.005076418444000019,-0.04650047537619999,-0.004222816787530519,-0.03868607741049851,-0.10840245527689084,-0.9941068756693797,-1,-1,instant_velocity,dbscan_kmeans_fallback,False
2400,385,15.1351774285,3.6662918432,0.0,0.0,0.0,0.0,0.0,0.0,0.0,0.0,-1,-1,instant_velocity,dbscan_kmeans_fallback,False
2410,72,2.34142434458,13.1919204292,-0.03550546399400001,0.0283289182299999,-0.029709254874799997,0.032992330714,-0.028431145102917825,0.03322966432565261,-0.7816782982700881,0.6236814873789814,-1,-1,instant_velocity,dbscan_kmeans_fallback,False
2410,103,14.1573565292,5.30397538883,0.04093546382,0.021646443834000006,0.04587718459599998,0.0028018660485999904,0.04497878247374415,0.007729662333286911,0.8840133029901757,0.46746127992658637,-1,-1,instant_velocity,dbscan_kmeans_fallback,False
2410,114,2.56157084925,6.04238880915,-0.009891860153000032,-0.0027923196559999754,-0.013170906560400004,-0.002410463976999999,-0.01427512988951007,-0.0018989114645932342,-0.9623900548678191,-0.27166787898141626,0,0,instant_velocity,dbscan_kmeans_fallback,False
2410,115,3.01407083495,6.97387800743,-0.0050722091419999945,-0.009594123948000011,-0.0082376043906,-0.005885350660800004,-0.009022400523939463,-0.0062726917647213075,-0.46738102965038913,-0.8840549361972083,0,0,instant_velocity,dbscan_kmeans_fallback,False
2410,116,2.79918595802,6.55837129613,-0.004672325434000024,-0.006897268211000007,-0.011306185689000001,-0.004229051650799996,-0.011974271240010225,-0.0037491916689929147,-0.5608460281579561,-0.8279186747417531,0,0,instant_velocity,dbscan_kmeans_fallback,False
2410,117,2.61397666155,5.43118106208,-0.01683720876999999,-0.0043674743349999545,-0.017927418037799993,-0.0035226186437999907,-0.019606466242298472,-0.0025457493486364642,-0.967964602355386,-0.25108440571860813,0,0,instant_velocity,dbscan_kmeans_fallback,False
2410,120,2.28038946279,8.21276102774,-0.042724417254,-0.004200412475000093,-0.050305370502800005,0.005169371261799984,-0.0495990615623147,0.004121983736335555,-0.9952016919645091,-0.09784235504528863,-1,-1,instant_velocity,dbscan_kmeans_fallback,False
2410,121,5.47882773377,7.56551565092,0.0006103488179999949,0.0,-0.006583348629200003,0.013541557035800001,-0.01123883267769202,0.009967731129267651,0.999983616194761,0.0,1,1,instant_velocity,dbscan_kmeans_fallback,False
2410,122,6.14158236398,6.78414346665,-0.03819941739700008,0.01768469115800002,-0.04107858009680001,0.012472361132999996,-0.040560891866472736,0.013566294726841146,-0.9074687230405817,0.42011908023962874,2,2,instant_velocity,dbscan_kmeans_fallback,False
2410,123,5.85787539621,7.79033318225,-0.0035147673300000015,0.006968866152000075,-0.0179821389664,0.017498536515000006,-0.018947299863727732,0.012453114732019165,-0.4503195121113014,0.8928660451437719,1,1,instant_velocity,dbscan_kmeans_fallback,False
2410,124,7.4209997654,7.67720843718,-0.03788371973199993,0.018138144777999975,-0.037900556941199974,0.022128536629400005,-0.03858264782051112,0.01912398387308571,-0.9019500311277221,0.4318398605746564,2,2,instant_velocity,dbscan_kmeans_fallback,False
2410,125,9.92279852351,3.9982676246,0.003051744088999975,-0.003460567096,-0.006587557931799992,-0.00019570103580000443,-0.007951144540631346,-0.002216115432725526,0.6614133254900515,-0.7500187185737608,3,3,instant_velocity,dbscan_kmeans_fallback,False
2410,126,9.75589969158,3.37202431015,0.002483488292999958,-0.003150309356000003,-0.013276139114400003,-0.0035703506038000034,-0.012948999496061243,-0.0031348116301293015,0.6190900457421095,-0.7853168339086148,3,3,instant_velocity,dbscan_kmeans_fallback,False
2410,127,9.51744272238,6.63331047324,-0.036515696520000064,0.008424690930000001,-0.03840146390240001,0.005221876417800004,-0.03755200242959001,0.005440686545162839,-0.9744026758910435,0.22480856639968017,4,4,instant_velocity,dbscan_kmeans_fallback,False
2410,128,9.53007062895,5.83618674219,-0.033527091963999923,0.013126288983999946,-0.038872905746999996,0.003460567095799991,-0.03757952429962466,0.004436674698976498,-0.9311766057339506,0.364567652784455,4,4,instant_velocity,dbscan_kmeans_fallback,False
2410,129,10.557350829,5.94764086866,-0.04045139406999994,0.004701598053999945,-0.03596006863199999,0.010295783759599999,-0.037635969541521666,0.00880676955678286,-0.9933129172687403,0.11545110338501924,4,4,instant_velocity,dbscan_kmeans_fallback,False
2410,130,10.9212450036,7.17124966179,-0.03112778971000001,-0.020739536595000007,-0.03487406866400001,-0.0040333506152,-0.03357490417870786,-0.006066873982242885,-0.8322020996960783,-0.5544719384793947,-1,-1,instant_velocity,dbscan_kmeans_fallback,False
2410,131,8.86331716166,5.66817024319,-0.051732323946000136,0.02785159862599995,-0.057503277252800016,0.023546175839599996,-0.0557465982388263,0.022673571770251658,-0.8805012724321769,0.47404342505589947,5,5,instant_velocity,dbscan_kmeans_fallback,False
2410,132,10.6284880361,6.78987130185,-0.042093021920000064,0.008758814649999992,-0.04212248704,0.0040906289672000004,-0.04095147127562638,0.005662119898828347,-0.9790292271987081,0.20371869604096607,4,4,instant_velocity,dbscan_kmeans_fallback,False
2410,133,11.17359267,7.58818833189,-0.019952092389999974,-0.03183721728200002,-0.034166905896000015,-0.005221876417800004,-0.030857862072622005,-0.007897543766876252,-0.5310286911737574,-0.8473535253048727,-1,-1,instant_velocity,dbscan_kmeans_fallback,False
2410,134,11.6824973051,5.63786044863,-0.053416044819999974,0.009188402288999952,-0.04732939385199998,0.008701536297599989,-0.04522295859923747,0.00762586937303597,-0.9855255386167731,0.1695259382346436,4,4,instant_velocity,dbscan_kmeans_fallback,False
2410,135,11.4983403342,4.52666042116,-0.045607789249999975,0.02785159862599995,-0.054321044794,0.005708742409000002,-0.046371079384732034,0.008730928731421558,-0.853446722634944,0.5211797361456976,5,5,instant_velocity,dbscan_kmeans_fallback,False
2410,136,14.1432553668,8.00703628039,-0.03908337086000006,-0.012792165263999955,-0.03908337086000006,-0.012792165263999955,-0.011725011258000021,-0.0038376495791999873,-0.9503879560213434,-0.31106630597164736,-1,-1,instant_velocity,dbscan_kmeans_fallback,False
2410,232,10.131158982,7.71372338654,0.0007787208999999962,0.00026252578000001136,0.0007787209039999965,0.00026252577979999356,0.0007940067697972995,0.00026174522951107407,0.9475885465297531,0.31945517617005237,6,6,instant_velocity,dbscan_kmeans_fallback,False
2410,233,10.5939717581,7.44881100886,0.002251976670000033,-0.00042958763900005084,0.0022561859740000047,-0.000424814443399999,0.0019276811125056013,1.367093856048787e-05,0.9822829569636425,-0.18738054524871856,6,6,instant_velocity,dbscan_kmeans_fallback,False
2410,238,10.5464066433,8.09939762288,0.001368023209999869,0.0005250515600000227,0.001359604607999998,0.0005155051674000078,0.00140782964090852,0.0004833153430238733,0.9335930844454948,0.3583159275443777,6,6,instant_velocity,dbscan_kmeans_fallback,False
2410,243,10.6068101298,9.18386775277,0.021762092340000018,0.0019331443769999624,0.0194217203162,0.001260123742400019,0.019188670021698166,0.0010432346703473372,0.9960772847774026,0.08848235601801627,6,6,instant_velocity,dbscan_kmeans_fallback,False
2410,244,8.72672530551,9.26000022888,0.017131859923000016,0.00021479381999984782,0.01563334834299999,0.002505927896999971,0.017390178177566558,0.0028017645396589894,0.9999208289082747,0.01253668985760726,6,6,instant_velocity,dbscan_kmeans_fallback,False
2410,245,8.98075669283,8.84974403317,0.009639302021000162,-0.0015035567390000893,0.018041069197000006,0.0022529485091999746,0.017874754288543578,0.002483387356512618,0.9880513893651218,-0.15411814275782873,6,6,instant_velocity,dbscan_kmeans_fallback,False
2410,246,8.86184390589,5.00636661859,0.03664197558599991,-0.0023150000569999384,0.039946277806800004,0.0005489175394000157,0.039252074288770714,7.995489091054957e-05,0.9980098958211475,-0.06305317682148147,7,7,instant_velocity,dbscan_kmeans_fallback,False
2410,247,9.34044156518,4.41997949069,0.03992523129600016,0.006038092931999995,0.04285069631980001,0.006300618712400005,0.04276166848257127,0.005695042600359309,0.9887562482330444,0.14953456548979072,7,7,instant_velocity,dbscan_kmeans_fallback,False
2410,248,4.59108590137,4.73572640571,0.04687057991299994,0.004104948555000032,0.040224091751599994,0.005150278477800007,0.04025911410675069,0.005173524203198651,0.9961865395093541,0.08724650950467983,8,8,instant_velocity,dbscan_kmeans_fallback,False
2410,249,4.55699055361,3.90471298311,0.054826161057,0.005680103233000011,0.04976237051980001,-0.00017183505580000257,0.04834272983082698,0.0009928068237212632,0.9946759453848524,0.10305047707597045,8,8,instant_velocity,dbscan_kmeans_fallback,False
2410,250,3.44468244924,3.37297894935,0.05350023086700002,-0.009952113647999994,0.0447743474218,-4.77319599999948e-05,0.04294018987275134,-0.0017907510893183372,0.9831345531554536,-0.18288270248033434,-1,-1,instant_velocity,dbscan_kmeans_fallback,False
2410,251,2.33216387976,6.91779295449,0.02906523163900001,0.030691650243000003,0.02876216188142,0.017164412795400014,0.026414941365587644,0.017715544536745235,0.6876064740343064,0.7260832347045927,9,9,instant_velocity,dbscan_kmeans_fallback,False
2410,252,2.06339993477,7.32065069641,0.027886627025999998,0.020620206695000042,0.030774208329480003,0.019818309768200013,0.02610642180746202,0.017734339031866827,0.8040607870388707,0.5945466122033229,9,9,instant_velocity,dbscan_kmeans_fallback,False
2410,321,6.74056606598,6.76481202288,-0.004798604499000003,-0.024963815050000004,-0.002273023183799996,-0.014262309630800002,-0.0030639018818585393,-0.016081203617987552,-0.18876654911659313,-0.9820215899758754,-1,-1,instant_velocity,dbscan_kmeans_fallback,False
2410,322,9.85734387442,9.03876259455,-0.007660929989999943,-0.01735056743900003,-0.005741488191600013,-0.01110722707859999,-0.006516035423603158,-0.01492255323987341,-0.40391660281302877,-0.9147952358247955,-1,-1,instant_velocity,dbscan_kmeans_fallback,False
2410,323,11.0551008133,8.35953680456,0.031359301329999846,-0.011551134306000143,0.03486144075839999,-0.005207556829800026,0.03243462112362113,-0.008568584164916026,0.9383650867842502,-0.34564485450245225,-1,-1,instant_velocity,dbscan_kmeans_fallback,False
2410,324,1.05695578054,12.674983303,0.011870232182900009,-0.004343608350000139,0.009281511334500002,-0.0035464846240000013,0.009438082063273477,-0.0035661786655179907,0.9391006521598848,-0.34363990285619606,10,10,instant_velocity,dbscan_kmeans_fallback,False
2410,325,1.57133250846,13.2554039359,0.014837790228000003,-0.006706340369999886,0.01483779022852,-0.006696793979999996,0.012344002824736161,-0.0055717380799010854,0.9112455338428298,-0.4118620506617035,10,10,instant_velocity,dbscan_kmeans_fallback,False
2410,376,10.9273484918,8.69676310156,-0.0014101162299999359,-0.0005250515589999338,-0.001401697629999994,-0.0005298247553999858,-0.0020985123615829796,-0.0004610786416551164,-0.9371380222539684,-0.34893987397236265,6,6,instant_velocity,dbscan_kmeans_fallback,False
2410,377,4.59718938955,8.52015484977,-0.06412871890300006,0.0,-0.0701732768514,0.018820711805400004,-0.06830361022383666,0.012758439733732387,-0.9999998440636487,0.0,-1,-1,instant_velocity,dbscan_kmeans_fallback,False
2410,380,12.4719519313,11.9905069974,-0.017342325030000084,0.019546237600000006,-0.021219092352000004,0.021794412909999998,-0.019454433093686545,0.019691382729495128,-0.6636768922755307,0.7480188615774703,11,11,instant_velocity,dbscan_kmeans_fallback,False
2410,381,12.5858135556,10.835154907,-0.025087441069999983,0.01467757768000002,-0.020814999342,0.016835062271999986,-0.022574627320392296,0.015630743063737615,-0.863130452680347,0.5049803298726546,11,11,instant_velocity,dbscan_kmeans_fallback,False
2410,382,13.6183553834,11.1988724418,-0.02723418518999985,0.019665567500000057,-0.021703162105999995,0.011422258016000022,-0.01926716863155105,0.011376628768344419,-0.8107293737991565,0.5854206069853114,11,11,instant_velocity,dbscan_kmeans_fallback,False
2410,383,13.3609565544,10.8143915044,-0.023971975979999983,0.01940304172000005,-0.025441022450000014,0.014987835421999982,-0.021831353770462657,0.014154463444251874,-0.7772897079647373,0.6291423220492675,11,11,instant_velocity,dbscan_kmeans_fallback,False
2410,384,14.6378483745,4.15864701001,-0.009407790399999883,-0.04186092886899999,-0.005943534693999979,-0.0455697021572,-0.005778308871271329,-0.039638532848048955,-0.21926991693399803,-0.9756639981993798,12,12,instant_velocity,dbscan_kmeans_fallback,False
2410,385,14.9333413884,3.23885214191,-0.020183604009999988,-0.042743970129,-0.020183604009999988,-0.042743970129,-0.006055081202999997,-0.012823191038700001,-0.4269880772847232,-0.9042570202950272,12,12,instant_velocity,dbscan_kmeans_fallback,False
2420,72,1.98615923954,13.4754482712,-0.035526510504,0.02835278419999998,-0.0333082082492,0.03118328942999998,-0.030559754723242478,0.03176660028795682,-0.7816024247034652,0.6237765703253906,-1,-1,instant_velocity,dbscan_kmeans_fallback,False
2420,103,14.5079914018,5.73571096651,0.03506348726000006,0.04317355776800005,0.043305300956000006,0.0126394229928,0.04200419390962092,0.018362830963700852,0.6304297384305657,0.7762460855354505,-1,-1,instant_velocity,dbscan_kmeans_fallback,False
2420,114,2.46244178262,6.01422695278,-0.009912906662999977,-0.002816185637000057,-0.009904488058999999,-0.0028066392446000066,-0.012966462921557042,-0.002174093716315281,-0.9619339400923903,-0.2732785284806902,0,0,instant_velocity,dbscan_kmeans_fallback,False
2420,115,2.9582975809,6.9106331605,-0.005577325405,-0.0063244846929999985,-0.006793813738600001,-0.007255257911400009,-0.007988877988257623,-0.006288229643204914,-0.6614139746690266,-0.7500194546261278,0,0,instant_velocity,dbscan_kmeans_fallback,False
2420,116,2.75246270368,6.48939861401,-0.00467232543399998,-0.006897268212000008,-0.0092309997082,-0.005059587753799999,-0.009783687498207152,-0.004693614631895042,-0.5608460281022156,-0.8279186747795128,0,0,instant_velocity,dbscan_kmeans_fallback,False
2420,117,2.44560457385,5.38726765893,-0.016837208770000035,-0.004391340315000036,-0.016837208770000008,-0.004377020726800005,-0.01877568900060894,-0.0030994266385455356,-0.9676304010570295,-0.2523692880587462,0,0,instant_velocity,dbscan_kmeans_fallback,False
2420,120,1.85335575536,8.17051824319,-0.04270337074300001,-0.004224278454999997,-0.04722416129780001,0.0008830412589999881,-0.0475303543165203,0.0016181050789348893,-0.9951426613440351,-0.09844093407207324,-1,-1,instant_velocity,dbscan_kmeans_fallback,False
2420,121,5.48472075684,7.56551565092,0.0005893023069999615,0.0,-0.0040367208025999975,0.010477165207399998,-0.0076903921822844236,0.0069774117904873555,0.9999830310687877,0.0,0,0,instant_velocity,dbscan_kmeans_fallback,False
2420,122,6.12621841098,7.03378161715,-0.0015363952999999596,0.024963815050000004,-0.032491603624,0.0160092993646,-0.0288535428965309,0.016985550823788803,-0.06142863841335961,0.9981110773539046,-1,-1,instant_velocity,dbscan_kmeans_fallback,False
2420,123,5.84819400116,7.80799400743,-0.000968139504999943,0.0017660825179999229,-0.010157046190599992,0.0153505983176,-0.013553551756109394,0.009247005067813391,-0.48069380694333447,0.876882850631638,0,0,instant_velocity,dbscan_kmeans_fallback,False
2420,124,7.05205442822,7.89104761773,-0.03689453371800004,0.021383918054999996,-0.03747962672220002,0.022472206741199995,-0.038076213589757796,0.019801964127659995,-0.8651827073225545,0.5014562931571166,-1,-1,instant_velocity,dbscan_kmeans_fallback,False
2420,125,9.95331596441,3.96366195364,0.0030517440900000637,-0.003460567096,-0.0028791626997999842,-0.0014510515821999981,-0.004650277951441922,-0.002589450931707868,0.6614133256119813,-0.7500187184662357,1,1,instant_velocity,dbscan_kmeans_fallback,False
2420,126,9.78073457452,3.34052121659,0.002483488294000047,-0.003150309356000003,-0.005169023091599989,-0.003832876383399997,-0.008319253159042856,-0.003139460947890512,0.6190900458958624,-0.7853168337874072,1,1,instant_velocity,dbscan_kmeans_fallback,False
2420,127,9.17922529121,6.75073109469,-0.033821743116999946,0.011742062145,-0.03687348720579998,0.007570288846800004,-0.03643292463581299,0.007331099225113987,-0.9446872358085358,0.32797174859023137,2,2,instant_velocity,dbscan_kmeans_fallback,False
2420,128,9.19816715107,5.98296251902,-0.03319034778799992,0.01467757768300002,-0.03614106862459998,0.005470082609600002,-0.036262771346137236,0.007508945594183554,-0.9145633040348814,0.4044420994541815,2,2,instant_velocity,dbscan_kmeans_fallback,False
2420,129,10.1583089812,5.95575530185,-0.03990418478000013,0.0008114433190000269,-0.03838883599600003,0.007856680606600008,-0.038316434113065206,0.00640817168544801,-0.9997930617069596,0.020330584493266055,2,2,instant_velocity,dbscan_kmeans_fallback,False
2420,130,10.5200985046,7.13783728983,-0.04011464989999993,-0.003341237195999991,-0.034949836105999985,-0.007302989871199994,-0.03553682789509548,-0.005249182946370017,-0.996548902742607,-0.08300474439580192,2,2,instant_velocity,dbscan_kmeans_fallback,False
2420,131,8.35462299169,5.94978880686,-0.050869416996999914,0.028161856367000037,-0.055962672650199996,0.026686938803999992,-0.05428344386627838,0.02432005714927617,-0.8748784784363497,0.48434213527072834,3,3,instant_velocity,dbscan_kmeans_fallback,False
2420,132,10.2075578168,6.87745944834,-0.042093021930000064,0.008758814648999991,-0.04170155682200001,0.005260061985599993,-0.041293936471938485,0.00659112832387984,-0.9790292272129998,0.20371869597228393,2,2,instant_velocity,dbscan_kmeans_fallback,False
2420,133,10.9841740714,7.2421316223,-0.018941859859999965,-0.034605670959,-0.028033952601999985,-0.014701443662400013,-0.027283061408835393,-0.01590998192451338,-0.4801416272376222,-0.8771906923982499,-1,-1,instant_velocity,dbscan_kmeans_fallback,False
2420,134,11.2268403428,5.71757282174,-0.045565696230000084,0.007971237311000046,-0.047518812449999996,0.009617989928600003,-0.045325779888466255,0.007729479754425193,-0.9850403820200601,0.17232241127987757,2,2,instant_velocity,dbscan_kmeans_fallback,False
2420,135,11.0424729067,4.80493774763,-0.045586742749999944,0.027827732647000048,-0.05133664954,0.012271886901200003,-0.046135778394312404,0.014459969906095107,-0.8535384304168658,0.521029532112834,3,3,instant_velocity,dbscan_kmeans_fallback,False
2420,136,13.7524216583,7.87911462774,-0.03908337085000006,-0.012792165265000044,-0.03908337085000006,-0.012792165265000044,-0.019932519135600034,-0.006524004284940005,-0.9503879559906242,-0.3110663060655024,-1,-1,instant_velocity,dbscan_kmeans_fallback,False
2420,232,10.1389461911,7.71634864434,0.000778720909999997,0.00026252578000001136,0.0007787209059999967,0.00026252577979999356,0.0007894210118581087,0.0002619793946577552,0.9475885477717341,0.3194551724864476,4,4,instant_velocity,dbscan_kmeans_fallback,False
2420,233,10.6164915248,7.44451513246,0.002251976670000033,-0.0004295876399999621,0.0022561859740000047,-0.000424814443599999,0.002024969779753931,-0.00011930663500764715,0.9822829568833643,-0.18738054566955298,4,4,instant_velocity,dbscan_kmeans_fallback,False
2420,238,10.5598764104,8.10440947867,0.001346976710000014,0.0005011855790000297,0.0013553953059999913,0.0005107319713999914,0.0013895737616359681,0.0004886764138167202,0.9372187541121574,0.34872208290029244,4,4,instant_velocity,dbscan_kmeans_fallback,False
2420,243,10.8578950056,9.22229198053,0.025108487580000016,0.0038424227760000206,0.020600324930599996,0.0016133402462000035,0.02096461528918872,0.0018829911020431425,0.9884918242567974,0.15127169596784312,4,4,instant_velocity,dbscan_kmeans_fallback,False
2420,244,8.90519971848,9.26000022888,0.01784744129700009,0.0,0.013309813532800021,0.0013890000341999808,0.01752735711339662,0.0019612351777612926,0.9999994396959075,0.0,4,4,instant_velocity,dbscan_kmeans_fallback,False
2420,245,9.07714971304,8.83494712559,0.009639302020999985,-0.0014796907579999186,0.015044046036000012,0.0008639484749999937,0.0154041186082805,0.001294463922158857,0.9884211581033985,-0.15172858464968492,4,4,instant_velocity,dbscan_kmeans_fallback,False
2420,246,9.21921366204,4.97462486523,0.03573697561499998,-0.0031741753360000403,0.038544580176799986,-0.0006825670271999939,0.038197544686639495,-0.0008962841771626276,0.9960783702095364,-0.08847215918616087,5,5,instant_velocity,dbscan_kmeans_fallback,False
2420,247,9.71927876251,4.46771145064,0.037883719732999845,0.004773195995000012,0.041587905661999984,0.006300618712600006,0.04129828385769984,0.00541848861875152,0.9921555205622516,0.12500759668115854,5,5,instant_velocity,dbscan_kmeans_fallback,False
2420,248,5.08715216476,4.75267125149,0.04960662633900004,0.001694484577999944,0.0441808358126,0.0053555259054000005,0.0430633677764255,0.004129812315639039,0.9994169094430156,0.03413851465065572,6,6,instant_velocity,dbscan_kmeans_fallback,False
2420,249,5.10693588506,3.97416298483,0.054994533145,0.006945000171999993,0.05360546342160001,-0.0005298247553999946,0.050338270825078885,0.0027784648282048827,0.992119961259978,0.1252901499032295,6,6,instant_velocity,dbscan_kmeans_fallback,False
2420,250,3.98978708317,3.21259956394,0.05451046339299999,-0.016037938541000017,0.0471020915342,-0.004692051662400001,0.04641127192882594,-0.006064907324822842,0.9593393675752021,-0.2822545408613918,-1,-1,instant_velocity,dbscan_kmeans_fallback,False
2420,251,2.62281619615,7.22447079713,0.02906523163900001,0.03066778426400001,0.0271036968176,0.0202192582318,0.027210028447611355,0.02160121645492167,0.6878884227103623,0.7258161231055802,7,7,instant_velocity,dbscan_kmeans_fallback,False
2420,252,2.38372783162,7.52804606236,0.032032789684999986,0.02073953659499992,0.0298565804515,0.02025267060359999,0.02788433217072341,0.018635898300806756,0.8394212532511752,0.543480851078533,7,7,instant_velocity,dbscan_kmeans_fallback,False
2420,321,6.69279048609,6.51541253218,-0.004777557989000059,-0.024939949070000012,-0.003342185940800011,-0.017527175690799996,-0.0035779987140009952,-0.018738827253591293,-0.18814144946268155,-0.9821415414232036,-1,-1,instant_velocity,dbscan_kmeans_fallback,False
2420,322,9.74642876165,8.81633166121,-0.011091511276999987,-0.022243093334000007,-0.007492557903000012,-0.015555845745399992,-0.007888678179622207,-0.017118715268111387,-0.44624641970614853,-0.8949096760213494,-1,-1,instant_velocity,dbscan_kmeans_fallback,False
2420,323,11.3613275478,8.22946721372,0.030622673450000092,-0.01300695908399998,0.033362929177799996,-0.006873402231800014,0.03189103682153482,-0.009900096640641213,0.9204136856782076,-0.39094506786016847,-1,-1,instant_velocity,dbscan_kmeans_fallback,False
2420,324,1.17544763726,12.6315472194,0.011849185671999996,-0.004343608359999962,0.01040118571772,-0.0038901547360000064,0.010161413145891432,-0.003799407573862582,0.9389035626420084,-0.34417802850052065,8,8,instant_velocity,dbscan_kmeans_fallback,False
2420,325,1.71971041075,13.1883405322,0.014837790229000003,-0.0067063403700000634,0.0148377902286,-0.006696793979999996,0.013092139046015314,-0.0059121187669307785,0.9112455338532434,-0.4118620506386635,8,8,instant_velocity,dbscan_kmeans_fallback,False
2420,376,10.9132473294,8.69151258596,-0.0014101162399999367,-0.0005250515600000227,-0.0014059069320000006,-0.0005298247553999858,-0.0018919935251080666,-0.0004802705171585883,-0.9371380228458644,-0.34893987238284707,4,4,instant_velocity,dbscan_kmeans_fallback,False
2420,377,3.94832545657,8.50583526179,-0.06488639329799994,-0.0014319587979999327,-0.06872106759499999,0.012395989997200018,-0.06727844514608564,0.00850132017421269,-0.9997564209590112,-0.022063331464184006,-1,-1,instant_velocity,dbscan_kmeans_fallback,False
2420,380,12.2974763554,12.2050621573,-0.017447557589999895,0.021455515989999972,-0.019097604048,0.020715670613999995,-0.01885237044258055,0.02022062270764658,-0.6309179945976694,0.7758490580496827,9,9,instant_velocity,dbscan_kmeans_fallback,False
2420,381,12.375348446,11.0945781093,-0.02104651095999994,0.025942320230000072,-0.021543208619999987,0.018290887050000003,-0.02211619241227459,0.018724216213616352,-0.6300220406920591,0.7765768664770448,9,9,instant_velocity,dbscan_kmeans_fallback,False
2420,382,13.3620088799,11.3931415187,-0.025634650350000142,0.01942690768999995,-0.021648441176000014,0.01347473229200002,-0.021177413147085777,0.013791712444841078,-0.7969913556634733,0.6039901962697193,9,9,instant_velocity,dbscan_kmeans_fallback,False
2420,383,13.1155542365,11.0232188292,-0.02454023179,0.020882732479999964,-0.02422874342,0.016997350935999977,-0.02264401717632386,0.0161729441549763,-0.7615785354160161,0.6480721516283137,9,9,instant_velocity,dbscan_kmeans_fallback,False
2420,384,14.5151472155,3.77082483547,-0.0122701159,-0.03878221745400001,-0.0073831160459999975,-0.04402795985119999,-0.007725850979889931,-0.03938163822983427,-0.30164763918402593,-0.9534192205405841,10,10,instant_velocity,dbscan_kmeans_fallback,False
2420,385,14.7317158133,2.81117378082,-0.020162557510000133,-0.04276783610899999,-0.020162557510000133,-0.04276783610899999,-0.01028732409510004,-0.02180658455979,-0.4264291367164474,-0.9045207396009184,10,10,instant_velocity,dbscan_kmeans_fallback,False
2430,103,14.8285297638,6.15002437882,0.03205383620000006,0.04143134123100003,0.039824208044000005,0.02307362943640001,0.03901908659673466,0.025283384043890605,0.6119099633544092,0.790927186880215,-1,-1,instant_velocity,dbscan_kmeans_fallback,False
2430,114,2.27197085841,5.92329756909,-0.019047092421,-0.009092938368999982,-0.011731325210400004,-0.004066762987000008,-0.01479065177138993,-0.004249747112120692,-0.9024386024310107,-0.4308173873648291,0,0,instant_velocity,dbscan_kmeans_fallback,False
2430,115,2.90252432685,6.84738831358,-0.005577325405,-0.006324484691999999,-0.005345813784399995,-0.008625165161600012,-0.007265412213280337,-0.006299106157843439,-0.6614139747278559,-0.7500194545742483,0,0,instant_velocity,dbscan_kmeans_fallback,False
2430,116,2.70573944935,6.42042593189,-0.004672325432999979,-0.006897268212000008,-0.007160023029399998,-0.005894897053000001,-0.008250278878645,-0.005354710705926531,-0.5608460280199371,-0.8279186748352497,0,0,instant_velocity,dbscan_kmeans_fallback,False
2430,117,2.28291504411,5.30946456423,-0.016268952973999974,-0.007780309470000013,-0.016723557610799994,-0.005059587753799999,-0.01802366819262625,-0.0045036914879818795,-0.9021443861263337,-0.4314329583411625,0,0,instant_velocity,dbscan_kmeans_fallback,False
2430,120,1.54902320684,8.13042339684,-0.03043325485199999,-0.004009484634999972,-0.04226139401279999,-0.001909278397600005,-0.042401224477164205,-7.017183524556927e-05,-0.991432432123329,-0.1306180729787404,-1,-1,instant_velocity,dbscan_kmeans_fallback,False
2430,121,5.49082424502,7.56551565092,0.0006103488179999949,0.0,-0.0024371859694000087,0.006863855839799999,-0.005200169882199098,0.004884188253341149,0.999983616194761,0.0,0,0,instant_velocity,dbscan_kmeans_fallback,False
2430,122,6.15147422413,7.29153420085,0.002525581315000025,0.025775258370000033,-0.02318483647639999,0.0198612685322,-0.01943980563307162,0.019622463087652173,0.09751766053060992,0.9952334066164884,-1,-1,instant_velocity,dbscan_kmeans_fallback,False
2430,123,5.8446160943,7.81276720342,-0.0003577906860000368,0.0004773195990000367,-0.005552069591999995,0.008816093001399992,-0.009594823435076586,0.006616099427169384,-0.5997764086185816,0.8001466948512854,0,0,instant_velocity,dbscan_kmeans_fallback,False
2430,124,6.70626025311,8.18101927438,-0.034579417511,0.028997165665000057,-0.036911370926,0.022968619124400007,-0.03702717476613046,0.022560524588862013,-0.766245119579698,0.6425480320882285,1,1,instant_velocity,dbscan_kmeans_fallback,False
2430,125,9.9836229402,3.92929494248,0.0030306975789999415,-0.0034367011160000072,0.0008208139275999926,-0.0026968557367999945,-0.0023459852923093626,-0.00284362598699551,0.6614133156558563,-0.7500187071788961,2,2,instant_velocity,dbscan_kmeans_fallback,False
2430,126,9.80577992256,3.30925678283,0.0025045348039999028,-0.00312644337600001,-0.0023277441126000296,-0.003575123799600002,-0.005072116770130027,-0.003135555676323361,0.6252078502596893,-0.780455092477001,2,2,instant_velocity,dbscan_kmeans_fallback,False
2430,127,8.85258344107,6.88247130414,-0.03266418501400015,0.01317402094500002,-0.03520660353860002,0.010038031176000004,-0.03530230274926914,0.009083975741079798,-0.9274118743457821,0.37404097031768685,3,3,instant_velocity,dbscan_kmeans_fallback,False
2430,128,8.85468809217,6.13284087324,-0.03434790588999999,0.014987835422000018,-0.03486985936259998,0.008205123914199995,-0.03568831170929607,0.009752612542528493,-0.9165424760259447,0.3999366899380212,3,3,instant_velocity,dbscan_kmeans_fallback,False
2430,129,9.75905666823,5.96410839484,-0.039925231296999895,0.00083530929900002,-0.04055662662539998,0.005470082609400002,-0.03879907326824561,0.004736312969513612,-0.9997809597725718,0.020917257221348847,3,3,instant_velocity,dbscan_kmeans_fallback,False
2430,130,10.0585485192,7.22041358053,-0.04615499853999996,0.008257629069999961,-0.036987138366,-0.0062481135566000035,-0.03872227908856682,-0.0011971393414590228,-0.9843694959757217,0.17611436296646749,3,3,instant_velocity,dbscan_kmeans_fallback,False
2430,131,7.92590556339,6.25909190728,-0.04287174283000006,0.03093031004200002,-0.05257839368620001,0.028763279061400002,-0.05085993355539488,0.026303133017093326,-0.8109718102842655,0.5850849037530093,1,1,instant_velocity,dbscan_kmeans_fallback,False
2430,132,9.81630317804,6.89512027352,-0.03912546387599995,0.0017660825180000118,-0.04126378939319999,0.005260061985599993,-0.04064339469315693,0.005143614582115891,-0.99898253652032,0.045093026861672054,3,3,instant_velocity,dbscan_kmeans_fallback,False
2430,133,10.672475244,7.16838574419,-0.031169882740000078,-0.007374587810999955,-0.025588348028,-0.017551041670999988,-0.028449107808184798,-0.013349363690459352,-0.9731342385395206,-0.2302371155471422,3,3,instant_velocity,dbscan_kmeans_fallback,False
2430,134,10.7907566356,5.79442127724,-0.04360837071999999,0.007684845549999953,-0.048263858940000015,0.008892464137199987,-0.04481055713792638,0.0077160894930976215,-0.9848248536418814,0.17354986597947286,3,3,instant_velocity,dbscan_kmeans_fallback,False
2430,135,10.5916566419,5.06555424892,-0.045081626480000025,0.02606165012899995,-0.049080463564,0.017407845791199996,-0.045819532820018695,0.01794047397296656,-0.8657443602935676,0.5004860822653668,-1,-1,instant_velocity,dbscan_kmeans_fallback,False
2430,136,13.3628507403,7.71229142774,-0.038957091799999864,-0.016682319999999962,-0.038957091799999864,-0.016682319999999962,-0.025639890934919984,-0.009571498999457993,-0.9192607660373254,-0.39364853878748246,-1,-1,instant_velocity,dbscan_kmeans_fallback,False
2430,232,10.1467334002,7.71897390213,0.000778720909999997,0.0002625257790000113,0.0007787209059999967,0.00026252577959999355,0.0007862109813006751,0.00026214330996043205,0.9475885481400945,0.31945517139377827,4,4,instant_velocity,dbscan_kmeans_fallback,False
2430,233,10.6390112916,7.44021925607,0.0022519766799998565,-0.00042958763900005084,0.002256185975999969,-0.000424814443399999,0.002093071849827709,-0.00021239093620536824,0.9822829571168111,-0.18738054444588031,4,4,instant_velocity,dbscan_kmeans_fallback,False
2430,238,10.5735566425,8.10965999426,0.0013680232100000468,0.0005250515589999338,0.001359604607999998,0.0005155051673999722,0.0013831085961451917,0.0004995889573716843,0.9335930846738227,0.3583159269494639,4,4,instant_velocity,dbscan_kmeans_fallback,False
2430,243,11.1091903465,9.26071620828,0.02512953409000005,0.0038424227749999317,0.021783138846000014,0.001966556749599988,0.02221409092943212,0.0024708206039301796,0.988510761747999,0.1511478983521829,4,4,instant_velocity,dbscan_kmeans_fallback,False
2430,244,9.08388459655,9.26000022888,0.017868487806999945,0.0,0.014778859998000016,0.0009403196107999889,0.017629696321477616,0.0013728646244329048,0.9999994403558649,0.0,4,4,instant_velocity,dbscan_kmeans_fallback,False
2430,245,9.17375319836,8.81991155821,0.00966034853199993,-0.0015035567380000004,0.01247637169859999,-0.00025775258359999497,0.013680987585396329,0.0004550577241111996,0.9881024697371771,-0.15379032353610167,4,4,instant_velocity,dbscan_kmeans_fallback,False
2430,246,9.53912062867,4.90780012131,0.03199069666300005,-0.006682474391999982,0.03639362675640001,-0.002615711404799992,0.03633549027954766,-0.002632141241613834,0.9788715623801849,-0.20447457639233432,5,5,instant_velocity,dbscan_kmeans_fallback,False
2430,247,10.123371773,4.46222227524,0.04040930104900013,-0.0005489175400000157,0.040830231267600006,0.0052361960056,0.04103158901508992,0.003628266771126059,0.9999075036249259,-0.013582684007619876,5,5,instant_velocity,dbscan_kmeans_fallback,False
2430,248,5.58342889326,4.76985475707,0.049627672849999985,0.0017183505580000257,0.04632757993079999,0.004582268154399998,0.04503265929849784,0.003406373788347335,0.9994008971954313,0.03460410272615667,6,6,instant_velocity,dbscan_kmeans_fallback,False
2430,249,5.65667075141,4.04337432675,0.05497348663499997,0.006921134192000045,0.054287370377,0.0016801649900000104,0.051728835568055215,0.004021265637343431,0.9921674686179355,0.12491338300652301,6,6,instant_velocity,dbscan_kmeans_fallback,False
2430,250,4.57530101815,2.80783254363,0.05855139349800002,-0.040476702031,0.0508609983922,-0.013498598271800005,0.05005330839957817,-0.01638844573667599,0.8225790009020596,-0.5686506012467087,-1,-1,instant_velocity,dbscan_kmeans_fallback,False
2430,251,2.98692083581,7.4122960595,0.036410463965999985,0.018782526236999962,0.0290694409416,0.021293227330400004,0.029970159103127943,0.020755609389545158,0.8887196124062636,0.45845061059766806,7,7,instant_velocity,dbscan_kmeans_fallback,False
2430,252,2.70405572847,7.73568008811,0.03203278968500003,0.020763402575,0.029128371172200004,0.020653619067199997,0.029128869425006393,0.01927414958306473,0.8391359168889555,0.5439213077862504,7,7,instant_velocity,dbscan_kmeans_fallback,False
2430,321,6.50863351517,6.31660891902,-0.018415697092000017,-0.019880361315999996,-0.0066633253708000065,-0.019250299444800004,-0.008029308227400703,-0.019081287472313906,-0.6795658169023394,-0.7336140418974476,-1,-1,instant_velocity,dbscan_kmeans_fallback,False
2430,322,9.6317252769,8.58841155249,-0.011470348475000058,-0.022792010872000112,-0.009104720642000004,-0.019422134500600024,-0.008963179268235562,-0.018820703949278005,-0.4495428075083552,-0.8932583503013262,-1,-1,instant_velocity,dbscan_kmeans_fallback,False
2430,323,11.6551368408,8.17242752159,0.029380929299999893,-0.005703969212999915,0.03175918504199998,-0.008544020829600001,0.031138004565074342,-0.008641258412348822,0.9816712923918516,-0.19058018117517406,4,4,instant_velocity,dbscan_kmeans_fallback,False
2430,324,1.29414995909,12.5881111359,0.011870232183000007,-0.004343608349999961,0.011525069403140003,-0.0042385980419999926,0.010674058857024004,-0.003962667806703795,0.9391006521608236,-0.3436399028536306,8,8,instant_velocity,dbscan_kmeans_fallback,False
2430,325,1.86808831304,13.1215157882,0.01483779022899998,-0.006682474399999983,0.014837790228599998,-0.006696793979999996,0.013615834400910715,-0.00614322545685154,0.9117951405937665,-0.410643875605787,8,8,instant_velocity,dbscan_kmeans_fallback,False
2430,376,10.8667345402,8.68339815277,-0.004651278920000124,-0.0008114433190000269,-0.0020541394700000024,-0.0005871031074000044,-0.0027197791435756838,-0.0005796223577110199,-0.9851192472814091,-0.17185992183517854,4,4,instant_velocity,dbscan_kmeans_fallback,False
2430,377,3.23274408385,8.36263938196,-0.071558137272,-0.014319587983000126,-0.0686032071334,0.003632402151599976,-0.06856235278385994,0.0016550477270488445,-0.9805595582229739,-0.19622099459036363,-1,-1,instant_velocity,dbscan_kmeans_fallback,False
2430,380,12.1185810122,12.491453917,-0.017889534320000067,0.028639175969999896,-0.017489650609999997,0.021398237641999992,-0.018563519605806406,0.022746188686352576,-0.5297868601080117,0.8481304678939797,9,9,instant_velocity,dbscan_kmeans_fallback,False
2430,381,12.1648833364,11.3540013116,-0.02104651095999994,0.025942320229999892,-0.02269234811799997,0.019574876773999998,-0.021795287976592196,0.020889647418531415,-0.6300220406920617,0.7765768664770426,9,9,instant_velocity,dbscan_kmeans_fallback,False
2430,382,13.1427042357,11.5819214203,-0.021930464419999927,0.018877990160000024,-0.02085288306199999,0.015412649866000017,-0.02140332852896002,0.015317595759388763,-0.7578809057612977,0.6523923984193369,9,9,instant_velocity,dbscan_kmeans_fallback,False
2430,383,12.8897251739,11.2117600709,-0.022582906259999903,0.018854124170000118,-0.023260603915999985,0.018190649934000012,-0.022625683901426673,0.016977298159483446,-0.7676349956882483,0.6408867556422209,9,9,instant_velocity,dbscan_kmeans_fallback,False
2430,384,14.3947611728,3.34911296938,-0.012038604270000164,-0.04217118660899999,-0.008772185770000007,-0.0431640113762,-0.009019676966923,-0.04021850274358399,-0.2745037928500556,-0.9615857796742591,-1,-1,instant_velocity,dbscan_kmeans_fallback,False
2430,385,14.6892018612,2.26297222088,-0.004251395209999842,-0.05482015599399999,-0.004251395209999842,-0.05482015599399999,-0.00847654542956998,-0.031710655990052995,-0.0773195047896672,-0.997006183753155,-1,-1,instant_velocity,dbscan_kmeans_fallback,False
2440,103,15.078562314,6.52281098597,0.025003255019999848,0.037278660714999926,0.035581231433999994,0.0301570522918,0.03481433712371422,0.028881967045223403,0.5570239586289848,0.8304961552904325,-1,-1,instant_velocity,dbscan_kmeans_fallback,False
2440,114,2.0814999342,5.8323681854,-0.019047092421,-0.009092938368999982,-0.013562371664199997,-0.005322113533599992,-0.01606758396627295,-0.005702704489184479,-0.9024386024310107,-0.4308173873648291,0,0,instant_velocity,dbscan_kmeans_fallback,False
2440,115,2.84675107279,6.78414346665,-0.005577325406,-0.0063244846929999985,-0.005328976575799995,-0.007918732154600008,-0.006758986171096236,-0.006306719718390407,-0.6614139747357372,-0.7500194545672986,0,0,instant_velocity,dbscan_kmeans_fallback,False
2440,116,2.64217898624,6.35383984777,-0.006356046311000041,-0.006658608411999989,-0.005425790526200007,-0.006682474391999999,-0.007682009108351512,-0.005745880017748568,-0.6904807897628447,-0.7233492284476283,0,0,instant_velocity,dbscan_kmeans_fallback,False
2440,117,2.12422435145,5.20898878855,-0.015869069266000003,-0.010047577567999965,-0.01652992971,-0.006190835204400003,-0.017377288514638378,-0.006166857311987305,-0.8448867975507333,-0.5349441414789319,0,0,instant_velocity,dbscan_kmeans_fallback,False
2440,120,1.27541856433,8.09056721029,-0.027360464251000007,-0.003985618654999889,-0.037184975568599996,-0.004128814534999989,-0.037888996409314944,-0.0012448058811718654,-0.9895555880483563,-0.14414927962126095,-1,-1,instant_velocity,dbscan_kmeans_fallback,False
2440,121,5.4969277332,7.56551565092,0.0006103488179999949,0.0,-0.0008334418342000128,0.0032505464722,-0.0034570142721393696,0.0034189317773388036,0.999983616194761,0.0,1,1,instant_velocity,dbscan_kmeans_fallback,False
2440,122,6.16662771203,7.57458472331,0.0015153487900000152,0.028305052245999995,-0.014778859997799997,0.022882701596599997,-0.01315325930615013,0.02222723983515652,0.053459760456536345,0.9985696512687952,-1,-1,instant_velocity,dbscan_kmeans_fallback,False
2440,123,5.84103818744,7.81754039941,-0.0003577906860000368,0.0004773195990000367,-0.001742651107600004,0.0033316908040000115,-0.006823713610353621,0.00477446547871858,-0.5997764086185816,0.8001466948512854,1,1,instant_velocity,dbscan_kmeans_fallback,False
2440,124,6.36046607799,8.47075227123,-0.034579417512,0.028973299684999888,-0.03634732443239999,0.023460258311799986,-0.03629284758989132,0.024484357117703377,-0.7665055221916068,0.6422373713194535,2,2,instant_velocity,dbscan_kmeans_fallback,False
2440,125,10.0141403811,3.89468927152,0.0030517440900000637,-0.003460567096,0.003043325485399997,-0.003451020703999994,-0.0007266664776165345,-0.0030287083196968573,0.6614133256119813,-0.7500187184662357,3,3,instant_velocity,dbscan_kmeans_fallback,False
2440,126,9.8306148055,3.27775368926,0.002483488294000047,-0.003150309357000003,0.0005051162631999873,-0.0033221444122000054,-0.0028054352508910044,-0.0031399817805263536,0.6190900457746654,-0.7853168338829511,3,3,instant_velocity,dbscan_kmeans_fallback,False
2440,127,8.52594159093,7.01421151358,-0.032664185013999966,0.01317402094400002,-0.034436301237400005,0.010987897178800008,-0.03451086742868839,0.010310989301955864,-0.9274118743556303,0.37404097029326855,4,4,instant_velocity,dbscan_kmeans_fallback,False
2440,128,8.48469042944,6.28916304205,-0.036999766273000036,0.015632216881000006,-0.03494141749920001,0.011508175542199996,-0.03608174807840726,0.011516493844069949,-0.9211592609440298,0.38918519762452497,4,4,instant_velocity,dbscan_kmeans_fallback,False
2440,129,9.42315435326,6.01661355078,-0.03359023149700011,0.00525051559399996,-0.03902444062680001,0.004419979490799992,-0.03723642073687196,0.0048905737568595165,-0.9880025806997502,0.15443546310002454,4,4,instant_velocity,dbscan_kmeans_fallback,False
2440,130,9.59720899892,7.30298987123,-0.0461339520280001,0.00825762907000005,-0.03902444062760001,-0.005193237241799995,-0.040945780970396806,0.0016392911819786992,-0.9843555644050652,0.17619221346816707,4,4,instant_velocity,dbscan_kmeans_fallback,False
2440,131,7.49718813508,6.56839500771,-0.04287174283099997,0.03093031004300002,-0.048945765894600014,0.02922150587680001,-0.048463476338076406,0.027691286124865336,-0.8109718102817648,0.5850849037564754,2,2,instant_velocity,dbscan_kmeans_fallback,False
2440,132,9.4545136546,6.84285377738,-0.03617895234400006,-0.005226649613999967,-0.04023671965800002,0.0038615155591999973,-0.03930406198840987,0.002032535323281133,-0.9897249856372896,-0.14298218657526018,4,4,instant_velocity,dbscan_kmeans_fallback,False
2440,133,10.3473066496,7.12518832045,-0.032516859439999914,-0.004319742373999969,-0.026303929402000003,-0.017021216915399987,-0.02966943329772933,-0.010640477295521537,-0.9912907411288382,-0.13168924346182453,4,4,instant_velocity,dbscan_kmeans_fallback,False
2440,134,10.3548833936,5.87103107295,-0.04358732419999996,0.0076609795710000485,-0.047922905462,0.00833400020600001,-0.044443587256548456,0.0076995565164683505,-0.9849026018331624,0.1731080962310749,4,4,instant_velocity,dbscan_kmeans_fallback,False
2440,135,10.144418284,5.31423776022,-0.044723835789999986,0.024868351130000032,-0.047114719439999994,0.021851691261799998,-0.04549082371101308,0.020018837120076603,-0.8739763942821215,0.4859679736414477,-1,-1,instant_velocity,dbscan_kmeans_fallback,False
2440,136,12.974332148,7.51969296937,-0.03885185923000005,-0.019259845837,-0.03885185923000005,-0.019259845837,-0.029603481423444003,-0.012478003050720596,-0.8959537444070671,-0.44414685259228437,-1,-1,instant_velocity,dbscan_kmeans_fallback,False
2440,232,10.1545206092,7.72159915993,0.0007787208999999962,0.00026252578000001136,0.0007787209059999967,0.00026252577980001135,0.0007839639569104715,0.0002622580509723058,0.9475885465297531,0.31945517617005237,4,4,instant_velocity,dbscan_kmeans_fallback,False
2440,233,10.6615310583,7.43592337967,0.002251976670000033,-0.0004295876399999621,0.0022561859760000047,-0.000424814443599999,0.002140743295879406,-0.0002775499473437464,0.9822829568833643,-0.18738054566955298,4,4,instant_velocity,dbscan_kmeans_fallback,False
2440,238,10.5870264095,8.11467185006,0.0013469767000000132,0.0005011855800001186,0.0013553953059999913,0.0005107319714000269,0.0013722690273016381,0.0005000679441602146,0.9372187530385402,0.34872208578559977,4,4,instant_velocity,dbscan_kmeans_fallback,False
2440,243,11.3440694088,9.32014249841,0.02348790622999992,0.0059426290130000226,0.022780743466000005,0.0031121237881999875,0.02259623551960246,0.0035123631266511324,0.9694520653086831,0.2452791625444169,4,4,instant_velocity,dbscan_kmeans_fallback,False
2440,244,9.29961133391,9.29078734304,0.02157267373600007,0.003078711416000068,0.016988743649,0.0011073814706000107,0.01881258954583435,0.0018846186619030539,0.9899689401330583,0.14128191594475262,4,4,instant_velocity,dbscan_kmeans_fallback,False
2440,245,9.28992993887,8.81060382602,0.011617674050999938,-0.0009307732190000806,0.01030016246499997,-0.0012696701345999983,0.013061993525077411,3.930844117781547e-05,0.9968051455769897,-0.07986104016962695,4,4,instant_velocity,dbscan_kmeans_fallback,False
2440,246,9.8590275953,4.84097537739,0.03199069666300005,-0.006682474391999982,0.03460467332460002,-0.004233824846799994,0.03503205219458338,-0.0038472411867296785,0.9788715623801849,-0.20447457639233432,5,5,instant_velocity,dbscan_kmeans_fallback,False
2440,247,10.5443019922,4.42093412989,0.04209302191999988,-0.004128814535000025,0.04065344057439997,0.0028209588326000025,0.04135001888656291,0.0013011423792882336,0.9952235873568026,-0.09761935412627759,5,5,instant_velocity,dbscan_kmeans_fallback,False
2440,248,6.05423934349,4.81281352102,0.047081045023000014,0.004295876394999976,0.0471904868802,0.003904474323200002,0.045647175015848494,0.003673224570343128,0.9958628432015229,0.09086679530322758,6,6,instant_velocity,dbscan_kmeans_fallback,False
2440,249,6.13253236427,4.09015164749,0.04758616128600002,0.0046777320739999515,0.0531424401804,0.0037278660716000014,0.05048603328343866,0.004218205568340388,0.9952030562831682,0.09782872017222694,6,6,instant_velocity,dbscan_kmeans_fallback,False
2440,250,5.16102541824,2.40330418311,0.05857244000900001,-0.04045283605200001,0.0546283238544,-0.022295598489400003,0.05260904788240472,-0.023607762831273194,0.8228313533554689,-0.5682853886677676,-1,-1,instant_velocity,dbscan_kmeans_fallback,False
2440,251,3.35944407984,7.58651771329,0.03725232440299999,0.01742216537900001,0.03143927807579999,0.0221476294134,0.03215480869308956,0.019755576186381612,0.9058308687095485,0.42363893939434516,7,7,instant_velocity,dbscan_kmeans_fallback,False
2440,252,2.97429292923,7.87434143175,0.027023720076000003,0.013866134363999994,0.029166254892000004,0.019312350992999983,0.028497324620304475,0.01765174501734531,0.8897126558994863,0.4565202421190728,7,7,instant_velocity,dbscan_kmeans_fallback,False
2440,321,6.32447654425,6.11756664605,-0.018415697091999927,-0.019904227296999987,-0.009858185734799995,-0.020844546906999994,-0.01114522488678047,-0.01932816941971973,-0.6791269208389102,-0.7340203592815178,-1,-1,instant_velocity,dbscan_kmeans_fallback,False
2440,322,9.42652179502,8.42349763089,-0.02052034818799999,-0.016491392160000017,-0.01168081358360002,-0.019245526248800004,-0.012430329944164892,-0.01812191041249461,-0.7794747578358077,-0.626433030888265,-1,-1,instant_velocity,dbscan_kmeans_fallback,False
2440,323,11.9205333441,8.28674556565,0.026539650330000164,0.011431804405999913,0.03000390602800003,-0.005775567153000019,0.029758498294552085,-0.002619339566844201,0.9184206009190568,0.39560448391738456,4,4,instant_velocity,dbscan_kmeans_fallback,False
2440,324,1.43116274545,12.5327420624,0.013701278635999991,-0.0055369073499999645,0.01222802286918,-0.004582268153999997,0.0115822247907168,-0.004434939669692646,0.9271542809358505,-0.3746779763466191,8,8,instant_velocity,dbscan_kmeans_fallback,False
2440,325,2.01646621532,13.0544523845,0.014837790228000003,-0.0067063403700000634,0.014837790228599998,-0.006696793980000031,0.0139824211490375,-0.006312159930796097,0.9112455338428257,-0.4118620506617126,8,8,instant_velocity,dbscan_kmeans_fallback,False
2440,376,10.6899438481,8.6643053688,-0.01767906920999991,-0.0019092783970000582,-0.005307930063999997,-0.0008591752790000129,-0.007207566163502952,-0.0009785191694977313,-0.9942183350059209,-0.10737214535335718,4,4,instant_velocity,dbscan_kmeans_fallback,False
2440,377,2.5386301523,8.20751051215,-0.069411393155,-0.015512886980999951,-0.068085462964,-0.0032362268840000043,-0.06881706489520197,-0.003495332685365795,-0.9759238007701562,-0.21811110446390441,-1,-1,instant_velocity,dbscan_kmeans_fallback,False
2440,380,11.9630472962,12.7370348509,-0.015553371600000077,0.024558093390000126,-0.01712344132000002,0.022577217052000016,-0.017660475204064507,0.023289760097446842,-0.5350497476157188,0.8448201462789426,9,9,instant_velocity,dbscan_kmeans_fallback,False
2440,381,11.9864089234,11.5843080183,-0.0178474413,0.02303067067000004,-0.022027278373999978,0.02085886649599999,-0.020610933973614538,0.021531954393972003,-0.6125429693848128,0.7904368565776171,9,9,instant_velocity,dbscan_kmeans_fallback,False
2440,382,12.9233995914,11.7709399817,-0.021930464429999928,0.01890185613999993,-0.022292464411999974,0.017283742696,-0.021561469299271992,0.016392873873572113,-0.7574731819046734,0.6528657502886354,9,9,instant_velocity,dbscan_kmeans_fallback,False
2440,383,12.7106193656,11.3530466724,-0.0179105808300001,0.014128660149999916,-0.02232192952800002,0.017837433431999977,-0.0212111529799987,0.016122706756638384,-0.7851226765848783,0.619339572446796,9,9,instant_velocity,dbscan_kmeans_fallback,False
2440,384,14.2844774554,2.79231965665,-0.011028371739999977,-0.055679331272999996,-0.00996341829000002,-0.04500169183399999,-0.009622285398846093,-0.04485675130240879,-0.19429479269014535,-0.9809430060809216,10,10,instant_velocity,dbscan_kmeans_fallback,False
2440,385,14.7018297678,1.70355365035,0.0012627906599998796,-0.05594185705300001,0.0012627906599998796,-0.05594185705300001,-0.005554744602699022,-0.038980016308937104,0.022567517324252866,-0.9997451423932574,10,10,instant_velocity,dbscan_kmeans_fallback,False
2450,114,1.89123947509,5.74143880171,-0.01902604591100001,-0.009092938368999982,-0.015384999513800004,-0.006577464079999995,-0.01695512254969107,-0.00671977465312913,-0.9022532734598239,-0.4312053827251306,0,0,instant_velocity,dbscan_kmeans_fallback,False
2450,115,2.68490340349,6.74023006351,-0.016184766930000018,-0.004391340313999947,-0.007597790457600002,-0.006591783667999991,-0.00958672039876737,-0.0057321058970732685,-0.9651058372241488,-0.26185784377427984,0,0,instant_velocity,dbscan_kmeans_fallback,False
2450,116,2.53968247785,6.29274293904,-0.01024965083899998,-0.006109690872999974,-0.0061245346902000005,-0.006692020783999997,-0.008452301627546052,-0.00585502327432399,-0.8589712409112441,-0.5120221979461032,0,0,instant_velocity,dbscan_kmeans_fallback,False
2450,117,1.96553365879,5.10851301287,-0.015869069266000003,-0.010047577568000055,-0.0163363018092,-0.007326855851200005,-0.016924822740046867,-0.007331073388791131,-0.8448867975507309,-0.5349441414789352,0,0,instant_velocity,dbscan_kmeans_fallback,False
2450,120,1.00181392182,8.05071102373,-0.027360464251000007,-0.003985618655999978,-0.0341163942702,-0.0040810825751999855,-0.034730436761820464,-0.0020670497136202996,-0.9895555880431968,-0.14414927965667992,0,0,instant_velocity,dbscan_kmeans_fallback,False
2450,121,5.50282075627,7.56551565092,0.0005893023070000503,0.0,0.0006019302135999993,0.0,-0.0022431192983975437,0.0023932522441371625,0.9999830310687877,0.0,1,1,instant_velocity,dbscan_kmeans_fallback,False
2450,122,6.16662771203,7.89558215392,0.0,0.03209974306100003,-0.0071389765184,0.025765711977000016,-0.009207281514305091,0.025188990802909574,0.0,0.9999996884711236,-1,-1,instant_velocity,dbscan_kmeans_fallback,False
2450,123,5.83767074568,7.82231359541,-0.0003367441760000034,0.000477319599999948,-0.0011070464766000042,0.0020333814936000037,-0.004877622780047536,0.0034853217151029903,-0.5764592973032429,0.8171049146965267,1,1,instant_velocity,dbscan_kmeans_fallback,False
2450,124,6.02330097237,8.73876722631,-0.03371651056199996,0.026801495507999994,-0.03553071980699998,0.024858804738199982,-0.035519946481523915,0.02517949863479236,-0.7828095893407543,0.6222609440486254,-1,-1,instant_velocity,dbscan_kmeans_fallback,False
2450,125,10.0444473569,3.86032226037,0.0030306975799998526,-0.0034367011150000073,0.003043325485599979,-0.003451020703800003,0.0004005427396683818,-0.003151106158287802,0.6614133158868731,-0.7500187069751708,2,2,instant_velocity,dbscan_kmeans_fallback,False
2450,126,9.85566015354,3.2464892555,0.00250453480400008,-0.00312644337600001,0.002491906897800007,-0.0031407629642000055,-0.0012124442344236786,-0.0031359202591684505,0.6252078502597164,-0.7804550924769795,2,2,instant_velocity,dbscan_kmeans_fallback,False
2450,127,8.22708113526,7.15740739341,-0.0298860455669999,0.014319587982999949,-0.0331103710464,0.012166876589399998,-0.033123420870181844,0.01151356890626909,-0.9018252677927024,0.43210020002477156,3,3,instant_velocity,dbscan_kmeans_fallback,False
2450,128,8.11448230161,6.44548521086,-0.03702081278300007,0.015632216881000006,-0.03501718493959999,0.014811227170199998,-0.0363634674897851,0.012751210755148967,-0.9212385685663464,0.38899743199544373,3,3,instant_velocity,dbscan_kmeans_fallback,False
2450,129,9.11461250255,6.08821149069,-0.03085418507099984,0.007159793991000018,-0.036945045342999985,0.0037517320513999943,-0.03532175003711032,0.005571339827101667,-0.9741162548191851,0.22604621356035165,3,3,instant_velocity,dbscan_kmeans_fallback,False
2450,130,9.28487877624,7.36456409956,-0.031233022268,0.006157422832999959,-0.0389528824892,-0.0002816185636000057,-0.03803195335967777,0.002994730677285077,-0.9811154064253773,0.19342164051543437,3,3,instant_velocity,dbscan_kmeans_fallback,False
2450,131,7.11877186797,6.9144517173,-0.03784162671100004,0.034605670959,-0.04523737066300002,0.030495949207400005,-0.045276921449953496,0.029765601575105737,-0.7379547368944739,0.6748499212953286,-1,-1,instant_velocity,dbscan_kmeans_fallback,False
2450,132,9.09272413115,6.79058728125,-0.03617895234499997,-0.005226649613000056,-0.039133882483000024,0.001766082517999994,-0.0383665290953869,-0.00014522015760322403,-0.9897249856417198,-0.14298218654459452,3,3,instant_velocity,dbscan_kmeans_fallback,False
2450,133,10.0151927066,7.18031873418,-0.033211394299999954,0.005513041372999972,-0.027158417745999978,-0.014524835410599995,-0.030732021598410517,-0.005794421694965083,-0.9865003122540766,0.16375756425059587,3,3,instant_velocity,dbscan_kmeans_fallback,False
2450,134,10.0842252626,5.9989527256,-0.027065813099999936,0.012792165264999955,-0.04264864981399999,0.009059525997199992,-0.039230255009583895,0.009227339141027833,-0.9041052964607709,0.4273089571171238,3,3,instant_velocity,dbscan_kmeans_fallback,False
2450,135,9.69886364687,5.51518931158,-0.04455546371299999,0.02009515513600002,-0.045111091596599984,0.0253408975336,-0.04521021571160916,0.02004173252485363,-0.9115749567664971,0.4111334199619281,3,3,instant_velocity,dbscan_kmeans_fallback,False
2450,136,12.5858135556,7.3268558512,-0.03885185924000005,-0.019283711816999994,-0.03896551039600002,-0.01616204163659999,-0.032377994768410814,-0.014519715680604416,-0.8957346784292901,-0.44458848923090993,-1,-1,instant_velocity,dbscan_kmeans_fallback,False
2450,137,14.6104879102,5.03572177395,0.0,0.0,0.0,0.0,0.0,0.0,0.0,0.0,4,4,instant_velocity,dbscan_kmeans_fallback,False
2450,138,14.6643669783,5.72043673933,0.0,0.0,0.0,0.0,0.0,0.0,0.0,0.0,4,4,instant_velocity,dbscan_kmeans_fallback,False
2450,232,10.1623078183,7.72446307753,0.000778720909999997,0.0002863917600000043,0.0007787209059999967,0.00026729897580000993,0.0007823910428373291,0.0002694981636806154,0.938529253072388,0.3451647967163123,5,5,instant_velocity,dbscan_kmeans_fallback,False
2450,233,10.684050825,7.43162750328,0.002251976670000033,-0.00042958763900005084,0.002251976671999998,-0.0004295876394000153,0.0021741133081155943,-0.0003231612548406377,0.9822829569636425,-0.18738054524871856,5,5,instant_velocity,dbscan_kmeans_fallback,False
2450,238,10.6007066416,8.11992236565,0.0013680232100000468,0.0005250515589999338,0.001359604607999998,0.0005155051674000078,0.0013709952821111607,0.0005075630286121304,0.9335930846738227,0.3583159269494639,5,5,instant_velocity,dbscan_kmeans_fallback,False
2450,243,11.5545345184,9.4105945625,0.02104651096000012,0.009045206408999995,0.023306906240000026,0.004921165069999987,0.02213131815172176,0.005172216111355791,0.9187447036103544,0.3948509801517777,6,6,instant_velocity,dbscan_kmeans_fallback,False
2450,244,9.54017295422,9.34186054018,0.02405616203099985,0.005107319714000092,0.019695324958799994,0.0016801649900000015,0.020385661291384003,0.002851428977532165,0.9781965891600565,0.20767912676788522,6,6,instant_velocity,dbscan_kmeans_fallback,False
2450,245,9.58458109235,8.85022135277,0.029465115348000025,0.003961752674999985,0.014004348394600009,-0.0002911649558000207,0.017982930071954194,0.0012160417113244667,0.991081241334181,0.13325652089342685,6,6,instant_velocity,dbscan_kmeans_fallback,False
2450,246,10.2595426989,4.85434032617,0.04005151036000001,0.0013364948779999608,0.0352823709774,-0.0035035258597999963,0.03653788964420837,-0.0022921203673107863,0.9994434567031864,0.033350828688558445,7,7,instant_velocity,dbscan_kmeans_fallback,False
2450,247,10.9652322115,4.37988464434,0.042093021930000064,-0.004104948555000032,0.040480859185600016,0.0004057216593999868,0.04157291979959406,-0.0003206849009982464,0.9952782543662548,-0.09706041155415104,7,7,instant_velocity,dbscan_kmeans_fallback,False
2450,248,6.51852537532,4.86197743976,0.04642860318300004,0.004916391874000059,0.0479229054616,0.003346010392000007,0.04588160346599396,0.004046174761440207,0.9944400009127847,0.10530268852581738,8,8,instant_velocity,dbscan_kmeans_fallback,False
2450,249,6.58966258238,4.13120113304,0.04571302181099997,0.004104948555000032,0.05161867278679999,0.005665783645200007,0.04905412984170705,0.004184228464338281,0.9959921428771598,0.08943833388654178,8,8,instant_velocity,dbscan_kmeans_fallback,False
2450,250,5.70549865684,2.07323768011,0.05444732385999993,-0.03300665029999998,0.0559163703254,-0.0279852481144,0.053160530675683285,-0.02642742907189123,0.8551401040704113,-0.5183966515073032,-1,-1,instant_velocity,dbscan_kmeans_fallback,False
2450,251,3.73575569585,7.77744555306,0.03763116160100002,0.019092783976999962,0.033884882649600004,0.02333138201999999,0.0337977145654627,0.019556738523567117,0.8917838735449259,0.4524611021125921,9,9,instant_velocity,dbscan_kmeans_fallback,False
2450,252,3.23905803714,8.00512700199,0.026476510790999976,0.01307855702399996,0.029090487452599997,0.017813567450599983,0.027891080471513126,0.016279788619341703,0.8965795845612472,0.4428818931543054,9,9,instant_velocity,dbscan_kmeans_fallback,False
2450,321,6.08433585416,5.97293880743,-0.02401406900900005,-0.014462783861999996,-0.014084325136200011,-0.020830227319,-0.015005878123446345,-0.01786855375240381,-0.8566362064143065,-0.5159202423000626,-1,-1,instant_velocity,dbscan_kmeans_fallback,False
2450,322,9.18301366318,8.28531360685,-0.024350813183999877,-0.013818402403999919,-0.015018790222799972,-0.018539093241800017,-0.016006474916115388,-0.0168308580099462,-0.8697213175940967,-0.49354241499207846,-1,-1,instant_velocity,dbscan_kmeans_fallback,False
2450,323,12.1859298473,8.40082494991,0.026539650319999986,0.011407938426000009,0.028888440945999995,-0.0014844639542000238,0.028792843902186456,0.0015888438310090627,0.9187205086779714,0.3949075013171353,6,6,instant_velocity,dbscan_kmeans_fallback,False
2450,324,1.64162785508,12.4282090701,0.02104651096300001,-0.010453299230000112,0.014067487927380003,-0.0058042063280000274,0.014421510642401762,-0.006240447537784886,0.8956144086897058,-0.4448302820924486,10,10,instant_velocity,dbscan_kmeans_fallback,False
2450,325,2.16484411761,12.9876276406,0.014837790229000003,-0.006682474389999982,0.014837790228599998,-0.006696793979999996,0.014239031873026251,-0.006423254268557263,0.9117951408238534,-0.41064387509490147,10,10,instant_velocity,dbscan_kmeans_fallback,False
2450,376,10.513153156,8.64521258482,-0.017679069210000085,-0.0019092783979999695,-0.008565929961999999,-0.0011360206466000022,-0.010349017077452092,-0.0012577469380484028,-0.9942183349999182,-0.10737214540893987,5,5,instant_velocity,dbscan_kmeans_fallback,False
2450,377,2.03751272628,7.94617803146,-0.050111742602,-0.026133248069000015,-0.06401927704600001,-0.011479536366200005,-0.06320546820724138,-0.010286707300456062,-0.8866718144773146,-0.4623988965532646,-1,-1,instant_velocity,dbscan_kmeans_fallback,False
2450,380,11.9009600889,12.8196111416,-0.006208720729999939,0.008257629069999873,-0.014888301854000013,0.020491330403999974,-0.014224948861845136,0.01878012078921275,-0.6009591047007522,0.7992785613435182,11,11,instant_velocity,dbscan_kmeans_fallback,False
2450,381,11.8218252077,11.8022044154,-0.016458371570000095,0.02178963971000005,-0.020297255171999994,0.022276505704000017,-0.019365165252530205,0.021609259988780417,-0.6027183566430169,0.7979535388417882,11,11,instant_velocity,dbscan_kmeans_fallback,False
2450,382,12.811221688,11.9840631828,-0.0112177903400001,0.021312320110000015,-0.02158951094599999,0.019636928319999997,-0.018458365611490425,0.017868707744500483,-0.4657715923302715,0.8849045108724225,11,11,instant_velocity,dbscan_kmeans_fallback,False
2450,383,12.5313030922,11.4945719336,-0.017931627339999957,0.014152526119999998,-0.02138746443999999,0.01748421692800001,-0.020227295287999075,0.01553165256564687,-0.7849680389083028,0.61953555376614,11,11,instant_velocity,dbscan_kmeans_fallback,False
2450,384,14.1948193187,2.25867634449,-0.008965813669999888,-0.05336433121600002,-0.010742139195999983,-0.0463715990842,-0.00942534388019223,-0.04740902527648616,-0.16568907886889733,-0.9861778539095936,-1,-1,instant_velocity,dbscan_kmeans_fallback,False
2450,385,14.8636774371,1.15296549242,0.016184766930000018,-0.055058815793,-0.005429999828000014,-0.0502665270156,0.000967108857110691,-0.043803656154155976,0.2820218926776577,-0.9594077879336107,-1,-1,instant_velocity,dbscan_kmeans_fallback,False
2460,114,1.70076855088,5.65050941802,-0.019047092421,-0.009092938368999982,-0.017216045967399996,-0.007837587822599997,-0.017582713511083748,-0.007431723767890386,-0.9024386024310107,-0.4308173873648291,0,0,instant_velocity,dbscan_kmeans_fallback,False
2460,115,2.51126968805,6.69870325836,-0.017363371543999983,-0.004152680515000018,-0.010056022938,-0.005503494981399992,-0.011919715742337154,-0.005258278282451293,-0.9725711255035101,-0.23260327938589134,0,0,instant_velocity,dbscan_kmeans_fallback,False
2460,116,2.43697550435,6.23140737052,-0.010270697350000014,-0.006133556851999966,-0.0072442090733999985,-0.006539278512199989,-0.008997820344282242,-0.005938583347626782,-0.85855476242593,-0.5127202434696179,0,0,instant_velocity,dbscan_kmeans_fallback,False
2460,117,1.80663250103,5.00803723719,-0.015890115776000014,-0.010047577567999965,-0.016146883210400004,-0.008462876497800007,-0.01661441065083281,-0.008146024642553781,-0.8452070029068945,-0.5344380772574547,0,0,instant_velocity,dbscan_kmeans_fallback,False
2460,120,0.531213936695,7.93042648468,-0.04705999851249999,-0.012028453905000092,-0.034983510521900005,-0.005646690861199986,-0.038429305287024325,-0.005055470971034238,-0.9688526595979093,-0.24763705748130732,-1,-1,instant_velocity,dbscan_kmeans_fallback,False
2460,121,5.50892424445,7.56551565092,0.0006103488179999949,0.0,0.0006019302135999993,0.0,-0.0013870788634782819,0.0016752765708960137,0.999983616194761,0.0,1,1,instant_velocity,dbscan_kmeans_fallback,False
2460,122,6.16662771203,8.21657958453,0.0,0.03209974306100003,0.0005009069610000161,0.028648722357600017,-0.006445097060013563,0.02726221648033671,0.0,0.9999996884711236,-1,-1,instant_velocity,dbscan_kmeans_fallback,False
2460,123,5.83409283882,7.8270867914,-0.000357790685999948,0.0004773195990000367,-0.0004756511477999936,0.0007350721829999963,-0.0035216731518332594,0.0025829210802721042,-0.5997764086184864,0.8001466948513569,1,1,instant_velocity,dbscan_kmeans_fallback,False
2460,124,5.69434400603,8.98482547981,-0.03289569663400007,0.02460582535000011,-0.034533115187400015,0.026152340852600008,-0.034732671527266765,0.025007396649354682,-0.8007697040918893,0.598971947719484,-1,-1,instant_velocity,dbscan_kmeans_fallback,False
2460,125,10.0749647978,3.82571658941,0.0030517440900000637,-0.003460567096,0.003043325485799997,-0.003451020703800003,0.0011959031447678866,-0.0032439444396014615,0.6614133256119813,-0.7500187184662357,2,2,instant_velocity,dbscan_kmeans_fallback,False
2460,126,9.88049503648,3.21498616194,0.0024834882939998694,-0.0031503093559999583,0.0024919068979999894,-0.003140762964199997,-0.00010366447589661406,-0.003140236988217903,0.6190900458958405,-0.7853168337874245,2,2,instant_velocity,dbscan_kmeans_fallback,False
2460,127,7.93516602821,7.30370585063,-0.029191510705000034,0.014629845722000035,-0.031645533883399996,0.013407907547800003,-0.0319438478206273,0.012448451950988374,-0.8940089112454633,0.4480484952556461,3,3,instant_velocity,dbscan_kmeans_fallback,False
2460,128,7.77016138226,6.58844243089,-0.034432091934999944,0.014295722002999955,-0.03519818493379999,0.015045113774,-0.03578405482334955,0.013214564129504263,-0.9235614432169942,0.3834497674391621,3,3,instant_velocity,dbscan_kmeans_fallback,False
2460,129,8.80586018673,6.1598094306,-0.03087523158200014,0.007159793991000018,-0.03502981284540002,0.0042433712388000085,-0.03398779450057727,0.006047876076271172,-0.9741501745665444,0.22589999196182003,3,3,instant_velocity,dbscan_kmeans_fallback,False
2460,130,8.97254855356,7.42613832788,-0.031233022268,0.006157422832000048,-0.038973929000799996,0.005097773321800006,-0.035992274032174434,0.003943538323699569,-0.981115406431338,0.19342164048519953,3,3,instant_velocity,dbscan_kmeans_fallback,False
2460,131,6.81570211011,7.31540018082,-0.030306975785999946,0.04009484635199998,-0.040952301030999984,0.03294459875260001,-0.04078593775076743,0.03286437500817401,-0.6029987762806193,0.7977418616800384,-1,-1,instant_velocity,dbscan_kmeans_fallback,False
2460,132,8.75282297911,6.80777078683,-0.03399011520399995,0.0017183505580000257,-0.0375133011398,0.00035798969960000094,-0.037053604927970815,0.00041385105707775096,-0.9987242760993228,0.05048992646313496,3,3,instant_velocity,dbscan_kmeans_fallback,False
2460,133,9.68034271723,7.27793059226,-0.03348499893700012,0.00976118580799996,-0.029864999055400007,-0.006205154792599999,-0.0315579147999874,-0.0011277394440755693,-0.9600403460352724,0.27986060917780103,3,3,instant_velocity,dbscan_kmeans_fallback,False
2460,134,9.81377759673,6.12663571844,-0.02704476658699999,0.012768299284000051,-0.03737439416739999,0.00977550539620001,-0.03557460848280872,0.010289627183919499,-0.904285013349049,0.4269285020942541,3,3,instant_velocity,dbscan_kmeans_fallback,False
2460,135,9.25962296308,5.52545168297,-0.04392406837900005,0.0010262371389999636,-0.044774347422399996,0.019975825236200003,-0.04482437151182642,0.014337083909097529,-0.9997269484510142,0.023357511296700363,3,3,instant_velocity,dbscan_kmeans_fallback,False
2460,136,12.1648833364,7.11683522746,-0.04209302191999988,-0.02100206237400002,-0.039567440607999986,-0.017804021058600003,-0.03529250291388753,-0.016464419688623097,-0.8948046329360712,-0.44645743774785773,-1,-1,instant_velocity,dbscan_kmeans_fallback,False
2460,137,14.2526972238,5.03572177395,-0.03577906863999995,0.0,-0.03577906863999995,0.0,-0.010733720591999988,0.0,-0.9999997205070565,0.0,4,4,instant_velocity,dbscan_kmeans_fallback,False
2460,138,14.3232030356,5.80277437023,-0.034116394269999975,0.008233763089999967,-0.034116394269999975,0.008233763089999967,-0.010234918280999993,0.0024701289269999905,-0.972089915951988,0.23460738572730344,4,4,instant_velocity,dbscan_kmeans_fallback,False
2460,232,10.1700950273,7.72708833532,0.0007787208999999962,0.0002625257790000113,0.0007787209059999967,0.0002672989756000099,0.0007812899999861292,0.0002674064482764342,0.9475885468981136,0.31945517507738297,5,5,instant_velocity,dbscan_kmeans_fallback,False
2460,233,10.7065705918,7.42733162688,0.002251976680000034,-0.0004295876399999621,0.002251976673999998,-0.0004295876395999976,0.002197472319680926,-0.0003550891703884351,0.9822829570365358,-0.1873805448667005,5,5,instant_velocity,dbscan_kmeans_fallback,False
2460,238,10.6141764086,8.12493422144,0.0013469767000000132,0.0005011855790000297,0.0013553953060000269,0.0005107319712000091,0.0013637897074778164,0.0005056497937285002,0.9372187532659677,0.3487220851743652,5,5,instant_velocity,dbscan_kmeans_fallback,False
2460,243,11.7649996281,9.50104662659,0.021046510969999942,0.009045206408999995,0.02316378996600001,0.006343577476399993,0.021805875997205217,0.006334113200649053,0.9187447036784118,0.3948509799934214,6,6,instant_velocity,dbscan_kmeans_fallback,False
2460,244,9.78052410941,9.39293373732,0.024035115519000172,0.005107319713999914,0.021075976078000026,0.002658670168800015,0.021480497559668854,0.00352819619847249,0.9781596305593148,0.2078531289206917,6,6,instant_velocity,dbscan_kmeans_fallback,False
2460,245,9.87923224582,8.89007753933,0.029465115347000116,0.003985618655999978,0.0179695110598,0.0008066701231999929,0.021427585654467972,0.0020469147947271204,0.9909749214396558,0.1340448896264078,6,6,instant_velocity,dbscan_kmeans_fallback,False
2460,246,10.6943636154,4.90207228611,0.043482091649999964,0.0047731959940000126,0.03665039419020001,-0.002085886649600006,0.038621150245945854,-0.0001725254589175463,0.9940285377225048,0.10911832559413581,7,7,instant_velocity,dbscan_kmeans_fallback,False
2460,247,11.39437057,4.335016602,0.04291383584999995,-0.004486804234000008,0.041078580096399975,-0.0016992577738000137,0.04197519461471583,-0.0015705207008987752,0.9945784291127848,-0.10398694543145402,7,7,instant_velocity,dbscan_kmeans_fallback,False
2460,248,6.98302187227,4.9113800183,0.046449649694999984,0.004940257853999963,0.04783871941800001,0.0035130722517999935,0.04605201733469577,0.004314399689208134,0.9943913893564039,0.10576075177046415,8,8,instant_velocity,dbscan_kmeans_fallback,False
2460,249,7.04700326559,4.17248927839,0.045734068321,0.0041288145349999365,0.04980025423959999,0.005355525905599992,0.04805811138549494,0.004167604285536778,0.9959493987275515,0.08991306709756645,8,8,instant_velocity,dbscan_kmeans_fallback,False
2460,250,6.24534166303,1.7515242701,0.05398430061899999,-0.03217134100100001,0.05601318427579999,-0.032429093585000006,0.053407661658678295,-0.028150602650623864,0.8590280662786899,-0.5119281815786781,-1,-1,instant_velocity,dbscan_kmeans_fallback,False
2460,251,4.1215382418,8.00608164119,0.03857825459499997,0.02286360881300009,0.0357874872408,0.021765773734000005,0.03523187657432388,0.02054879961039701,0.8602676644351789,0.5098422300491632,9,9,instant_velocity,dbscan_kmeans_fallback,False
2460,252,3.50382314505,8.13591257223,0.026476510791000017,0.013078557024000048,0.0288084642056,0.016305237516399985,0.027466709567359193,0.015319419140739206,0.8965795845612463,0.44288189315430726,9,9,instant_velocity,dbscan_kmeans_fallback,False
2460,321,5.80694283968,5.86458725836,-0.02773930144800003,-0.010835154906999999,-0.018672464526000018,-0.018004495290399998,-0.01882590512081245,-0.015758534098782667,-0.9314628373953797,-0.3638355548430853,-1,-1,instant_velocity,dbscan_kmeans_fallback,False
2460,322,8.75997879283,8.14092442803,-0.04230348703500013,-0.014438917881999913,-0.02194730163180001,-0.017956763330399993,-0.02389557855178081,-0.016113275971562313,-0.9463918833906276,-0.32302005452086646,-1,-1,instant_velocity,dbscan_kmeans_fallback,False
2460,323,12.5153077439,8.75356413389,0.03293778965999987,0.03527391839800007,0.029204138612,0.007880546586600019,0.030036327629530478,0.011694366201106367,0.6824893577158918,0.7308952470726885,-1,-1,instant_velocity,dbscan_kmeans_fallback,False
2460,324,1.8520929647,12.3239147376,0.021046510961999988,-0.010429433250000031,0.015902743683199997,-0.007021371308000006,0.01640901073828123,-0.0074971432514494285,0.8960188298391121,-0.444015095586282,10,10,instant_velocity,dbscan_kmeans_fallback,False
2460,325,2.31322201989,12.9205642369,0.014837790228000003,-0.006706340369999886,0.014837790228599998,-0.006696793979999996,0.014418659379518375,-0.006508180098990049,0.9112455338428298,-0.4118620506617035,10,10,instant_velocity,dbscan_kmeans_fallback,False
2460,376,10.3298380455,8.63304093503,-0.01833151104999988,-0.001217164978999996,-0.011950208925999987,-0.0012744433306000147,-0.012743765269216428,-0.0012455723503338807,-0.9978024101997764,-0.0662515024726761,5,5,instant_velocity,dbscan_kmeans_fallback,False
2460,377,1.53639530027,7.68484555077,-0.05011174260100002,-0.026133248068999925,-0.061215881785599995,-0.01670618597999999,-0.05927735052536898,-0.015040669531019221,-0.8866718144735323,-0.4623988965605177,-1,-1,instant_velocity,dbscan_kmeans_fallback,False
2460,380,11.8388728815,12.9024260921,-0.00620872073999994,0.008281495050000132,-0.012661580995999984,0.018238381894,-0.011820080425291576,0.015630533067448965,-0.5998509766255372,0.8001105383364656,11,11,instant_velocity,dbscan_kmeans_fallback,False
2460,381,11.6974403279,11.9995760698,-0.012438487979999913,0.019737165439999947,-0.017767464553999978,0.023288423256,-0.017287162070771116,0.021047631624146277,-0.53316242531448,0.846012394090329,11,11,instant_velocity,dbscan_kmeans_fallback,False
2460,382,12.7110402958,12.2000503016,-0.010018139219999967,0.021598711879999934,-0.018146301752000014,0.02002355719599997,-0.015926297694043287,0.018987708985150318,-0.42077130332424634,0.9071662859035897,11,11,instant_velocity,dbscan_kmeans_fallback,False
2460,383,12.3919751896,11.658531216,-0.013932790259999984,0.016395928240000045,-0.01937962729599999,0.01688279423200001,-0.018338943779599347,0.015790935267952822,-0.6475469648196562,0.7620249332033604,11,11,instant_velocity,dbscan_kmeans_fallback,False
2460,384,14.2905809436,1.93314437768,0.009576162489999974,-0.032553196681000006,-0.006945348618000011,-0.04451005264660001,-0.0037248919691345683,-0.04295227669784031,0.28221215799402877,-0.9593517126033115,-1,-1,instant_velocity,dbscan_kmeans_fallback,False
2470,114,1.51029762667,5.55958003432,-0.019047092421,-0.00909293837000007,-0.019042883119,-0.009092938369199999,-0.018022027184058625,-0.007930088148523293,-0.9024386024125886,-0.4308173874034181,0,0,instant_velocity,dbscan_kmeans_fallback,False
2470,115,2.33763597261,6.65693779341,-0.017363371544000028,-0.004176546495000011,-0.012413232165800005,-0.0050739073417999945,-0.013552812482836017,-0.004933758746215908,-0.9722679827920522,-0.23386716257500537,0,0,instant_velocity,dbscan_kmeans_fallback,False
2470,116,2.33447899597,6.17031046179,-0.01024965083799998,-0.006109690873000062,-0.0083596741542,-0.0063817630444,-0.009373369492397563,-0.005989915605238766,-0.8589712408892699,-0.5120221979829671,0,0,instant_velocity,dbscan_kmeans_fallback,False
2470,117,1.64794180837,4.90756146151,-0.015869069266000003,-0.010047577567999965,-0.015953255309599998,-0.009594123948399993,-0.01639080823538297,-0.008716490520187636,-0.8448867975507333,-0.5349441414789319,0,0,instant_velocity,dbscan_kmeans_fallback,False
2470,120,0.0111546508102,7.79009452245,-0.05200592858848001,-0.014033196223000033,-0.036844022090996,-0.007608474414799993,-0.04250229227746103,-0.0077487885466239765,-0.9654681569876677,-0.26052037646083553,-1,-1,instant_velocity,dbscan_kmeans_fallback,False
2470,121,5.51502773263,7.56551565092,0.0006103488179999949,0.0,0.000606139515800006,0.0,-0.0007878505590347987,0.0011726935996272095,0.999983616194761,0.0,1,1,instant_velocity,dbscan_kmeans_fallback,False
2470,122,6.00372771718,8.48483319941,-0.016289999485000005,0.0268253614879999,-0.0024498138759999934,0.029021031645199997,-0.009398567787509495,0.027131159982635666,-0.5190518352073741,0.8547423910767273,2,2,instant_velocity,dbscan_kmeans_fallback,False
2470,123,5.83051493196,7.8318599874,-0.0003577906860000368,0.000477319599999948,-0.0003535813840000124,0.00047731959940000123,-0.0025725084120832927,0.0019512406361904572,-0.599776407814152,0.8001466954543004,1,1,instant_velocity,dbscan_kmeans_fallback,False
2470,124,5.36559750479,9.23088373332,-0.03287465012399995,0.024605825351000022,-0.0337291384686,0.026796722311800015,-0.03417526510628672,0.024886925259848286,-0.8005857839334295,0.5992177529998475,2,2,instant_velocity,dbscan_kmeans_fallback,False
2470,125,10.1397880515,3.78538308326,0.006482325370000019,-0.004033350614999964,0.003729441741799988,-0.0035655774075999958,0.0027818298123375267,-0.003480766292221012,0.8490611484319522,-0.5282921034864038,3,3,instant_velocity,dbscan_kmeans_fallback,False
2470,126,9.90532991942,3.18348306838,0.002483488294000047,-0.003150309356000003,0.0024919068979999894,-0.003140762964199997,0.0006724813550723843,-0.003143258698552533,0.6190900458958624,-0.7853168337874072,3,3,instant_velocity,dbscan_kmeans_fallback,False
2470,127,7.64325092116,7.45000430786,-0.029191510705000034,0.014629845722999945,-0.030719487401000015,0.013985464263399994,-0.031118146685939117,0.013102870082591846,-0.894008911233197,0.44804849528012153,4,4,instant_velocity,dbscan_kmeans_fallback,False
2470,128,7.4647765082,6.71182954734,-0.03053848740600005,0.012338711645,-0.03466781285740002,0.014577340566399997,-0.0342103845981447,0.012951808384152984,-0.9271797573617263,0.37461592373824293,4,4,instant_velocity,dbscan_kmeans_fallback,False
2470,129,8.46217066271,6.28653778425,-0.03436895240200002,0.01267283536499999,-0.0339227663698,0.006615649648000001,-0.03410214187100409,0.008035363862889817,-0.9382490472491668,0.34595979441214686,4,4,instant_velocity,dbscan_kmeans_fallback,False
2470,130,8.66021833087,7.48771255621,-0.031233022268999912,0.006157422832999959,-0.037197603474599994,0.006997505327599995,-0.034564498503222074,0.004607703676489687,-0.9811154064265524,0.19342164050947375,4,4,instant_velocity,dbscan_kmeans_fallback,False
2470,131,6.51263235225,7.71634864434,-0.030306975786000036,0.04009484635199998,-0.03683981278880001,0.0353311967496,-0.03764224916133721,0.035033516411321804,-0.6029987762806205,0.7977418616800375,-1,-1,instant_velocity,dbscan_kmeans_fallback,False
2470,132,8.46343345337,6.98676563661,-0.028938952574000077,0.017899484978000046,-0.0348824872686,0.002186123765400012,-0.03461920922177959,0.00565954123335444,-0.8504634997530364,0.5260335044691165,4,4,instant_velocity,dbscan_kmeans_fallback,False
2470,133,9.36885435498,7.44165121487,-0.031148836224999955,0.016372062261000055,-0.032306394328400004,0.003990391851400012,-0.031435191227491166,0.004122201067447119,-0.8851762313284278,0.4652552752399477,4,4,instant_velocity,dbscan_kmeans_fallback,False
2470,134,9.54669737261,6.26553572188,-0.026708022412000078,0.013890000343999986,-0.03360285940379999,0.0109592580028,-0.03291463266156613,0.011369739131943645,-0.8871916407935644,0.46140039894079465,4,4,instant_velocity,dbscan_kmeans_fallback,False
2470,135,8.8203822793,5.53595271415,-0.04392406837799996,0.0010501031179999565,-0.044441812548000004,0.014620299330399983,-0.044554280571678484,0.010350989671768257,-0.9997141169163978,0.02390040244560525,-1,-1,instant_velocity,dbscan_kmeans_fallback,False
2470,136,11.7439531171,6.90681460371,-0.042093021930000064,-0.02100206237500002,-0.04016937082399998,-0.0194460004806,-0.037332658618721294,-0.017825712494536173,-0.8948046329699515,-0.4464574376799535,-1,-1,instant_velocity,dbscan_kmeans_fallback,False
2470,137,13.8949065375,5.03572177395,-0.03577906862999995,0.0,-0.03577906862999995,0.0,-0.01824732500339998,0.0,-0.9999997205070565,0.0,5,5,instant_velocity,dbscan_kmeans_fallback,False
2470,138,13.9820390929,5.88511200113,-0.03411639427000015,0.008233763090000058,-0.03411639427000015,0.008233763090000058,-0.01739936107770004,0.004199219175900011,-0.9720899159519878,0.23460738572730477,5,5,instant_velocity,dbscan_kmeans_fallback,False
2470,232,10.1778822364,7.72971359312,0.000778720909999997,0.00026252577999992256,0.0007787209059999967,0.00026729897559999214,0.0007805192729902896,0.0002659422477934807,0.9475885477717667,0.3194551724863506,6,6,instant_velocity,dbscan_kmeans_fallback,False
2470,233,10.7293008236,7.42327441029,0.002273023179999889,-0.000405721658999969,0.002256185975999969,-0.000424814443399999,0.0022201375777766152,-0.00037027891697189526,0.9844364505338632,-0.1757162854320999,6,6,instant_velocity,dbscan_kmeans_fallback,False
2470,238,10.6278566408,8.13018473704,0.0013680232199998698,0.0005250515600000227,0.001359604607999998,0.0005155051674000078,0.0013650597612344323,0.000511470323609957,0.9335930853217337,0.3583159252614566,6,6,instant_velocity,dbscan_kmeans_fallback,False
2470,243,11.9676775286,9.62156982545,0.020267790049999946,0.012052319886000085,0.022195650459999997,0.007985556898400005,0.021344450213043636,0.008049575206254362,0.8595131400672473,0.5111128191458095,7,7,instant_velocity,dbscan_kmeans_fallback,False
2470,244,10.0511822404,9.43732446007,0.027065813098999848,0.004439072275000022,0.022919650438399976,0.0035464846238000194,0.023156092221468152,0.0038014590214307496,0.9868153486543002,0.16184788680587087,7,7,instant_velocity,dbscan_kmeans_fallback,False
2470,245,10.1774613062,8.93088836508,0.029822906037999884,0.004081082575000039,0.022006231863199978,0.0019188247897999845,0.023946181769527546,0.002657165128808996,0.9907660283992115,0.13558028078316647,7,7,instant_velocity,dbscan_kmeans_fallback,False
2470,246,11.129394997,4.94980424606,0.043503138159999996,0.004773195995000012,0.038203626699200015,-0.0004964123833999956,0.040085746620162094,0.0013111909772577214,0.9940342625272512,0.10906616307396677,8,8,instant_velocity,dbscan_kmeans_fallback,False
2470,247,11.8268763703,4.28847794105,0.04325058003000013,-0.004653866094999959,0.04215195215580003,-0.003584670191800008,0.042357810239301116,-0.0024955243191291305,0.9942604244813987,-0.10698480519532201,8,8,instant_velocity,dbscan_kmeans_fallback,False
2470,248,7.4319439511,4.97009032903,0.04489220788299999,0.005871031072999955,0.0468958357268,0.004348381550799996,0.045704074499187036,0.00478138910434568,0.9915561539216211,0.12967633504394116,9,9,instant_velocity,dbscan_kmeans_fallback,False
2470,249,7.46582883375,4.17654649499,0.04188255681599999,0.0004057216600000579,0.04717785897379999,0.004047670203200004,0.046205445014646455,0.003039039497875762,0.9999528443438069,0.009686670508471973,9,9,instant_velocity,dbscan_kmeans_fallback,False
2470,250,6.7980230409,1.44556240686,0.055268137787000085,-0.03059618632400001,0.05616471915460001,-0.0353407431416,0.053965804497174835,-0.02888427775263671,0.8748841864381304,-0.4843318528904455,-1,-1,instant_velocity,dbscan_kmeans_fallback,False
2470,251,4.50753125285,8.23471772931,0.038599301105000004,0.022863608812000003,0.03769430113399999,0.020204938643600005,0.03624210393352672,0.021243242370877907,0.8603895859256574,0.5096364533909841,10,10,instant_velocity,dbscan_kmeans_fallback,False
2470,252,3.80541964714,8.28030175106,0.030159650208999977,0.014438917883000002,0.0284338363104,0.015045113774,0.02827459175985143,0.015055268763417444,0.9019623313655983,0.4318140278782409,10,10,instant_velocity,dbscan_kmeans_fallback,False
2470,321,5.55943587076,5.71136766694,-0.02475069689199998,-0.015321959142000009,-0.022667092306600002,-0.016080897304799998,-0.02060334265216871,-0.01562756161174787,-0.8502633300449686,-0.5263568965244264,-1,-1,instant_velocity,dbscan_kmeans_fallback,False
2470,322,8.29232531925,7.9951032904,-0.046765347357999865,-0.01458211376300005,-0.029082068847999985,-0.016424567416200003,-0.030756509193646524,-0.015653927308993634,-0.9546659076349315,-0.29767867998972275,-1,-1,instant_velocity,dbscan_kmeans_fallback,False
2470,323,12.8446856404,9.10654197767,0.03293778965000005,0.03529778437799998,0.029667161851999992,0.01754149527900001,0.03090676623567135,0.018775391654174453,0.6822427291107166,0.7311254641401927,-1,-1,instant_velocity,dbscan_kmeans_fallback,False
2470,324,2.06255807433,12.2193817453,0.02104651096300001,-0.010453299229999935,0.0177422087414,-0.008243309482000001,0.017800260805696865,-0.00838399004501458,0.8956144086897087,-0.4448302820924425,11,11,instant_velocity,dbscan_kmeans_fallback,False
2470,325,2.46159992218,12.853739493,0.014837790229000003,-0.006682474389999982,0.014837790228599998,-0.006692020783999979,0.014544398634362864,-0.006560468386293029,0.9117951408238534,-0.41064387509490147,11,11,instant_velocity,dbscan_kmeans_fallback,False
2470,376,10.1435764235,8.62397186265,-0.018626162199999997,-0.0009069072379999099,-0.015393418118,-0.0013508144661999921,-0.014508484348451499,-0.0011439728166336895,-0.9988162113578257,-0.048632329182232724,6,6,instant_velocity,dbscan_kmeans_fallback,False
2470,377,1.03527787425,7.76431926408,-0.050111742602,0.007947371330999963,-0.0582609516464,-0.01483031995420001,-0.05652766814835828,-0.008144257272413465,-0.9876562998175912,0.15663537036404235,-1,-1,instant_velocity,dbscan_kmeans_fallback,False
2470,380,11.7767856742,12.9850023828,-0.006208720730000117,0.008257629069999873,-0.010413813624000028,0.015598804509999979,-0.010136672516704137,0.013418661868214237,-0.6009591047007633,0.7992785613435099,12,12,instant_velocity,dbscan_kmeans_fallback,False
2470,381,11.6336693997,12.1659219502,-0.00637709282000003,0.016634588039999974,-0.014833580925999996,0.02142687681799998,-0.01401414129553979,0.019723718548902383,-0.3579603170367072,0.9337361987109012,12,12,instant_velocity,dbscan_kmeans_fallback,False
2470,382,12.6451647165,12.3301198924,-0.00658755793000001,0.013006959080000158,-0.014336883267999987,0.01873956747400001,-0.013124675764830304,0.01719348401360527,-0.4518206860567748,0.8921080068647015,12,12,instant_velocity,dbscan_kmeans_fallback,False
2470,383,12.2791658909,11.8375260658,-0.011280929870000022,0.017899484980000047,-0.016727766911999994,0.016286144732000025,-0.01622153960671955,0.01642350018156699,-0.5331813415771967,0.8460004206352971,12,12,instant_velocity,dbscan_kmeans_fallback,False
2470,384,14.3863425685,1.60761241087,0.009576162489999974,-0.032553196680999985,-0.0025760929400000165,-0.043264248492,0.000265424368605795,-0.039832552692788216,0.28221215799402893,-0.9593517126033114,-1,-1,instant_velocity,dbscan_kmeans_fallback,False
2480,114,1.31982670246,5.46865065063,-0.019047092421,-0.009092938368999982,-0.019042883119,-0.009092938369199999,-0.01832954675514104,-0.008278943214666299,-0.9024386024310107,-0.4308173873648291,0,0,instant_velocity,dbscan_kmeans_fallback,False
2480,115,2.16400225717,6.61517232846,-0.017363371543999983,-0.004176546495000011,-0.014770441393600002,-0.004644319702399997,-0.014695980201185206,-0.004706595070851139,-0.9722679827920521,-0.23386716257500598,0,0,instant_velocity,dbscan_kmeans_fallback,False
2480,116,2.1974662096,6.11875994505,-0.013701278637000014,-0.0051550516739999885,-0.010165464795000006,-0.006033319736799996,-0.0106717422357783,-0.005739456425867133,-0.9359445670018705,-0.35214542633012375,0,0,instant_velocity,dbscan_kmeans_fallback,False
2480,117,1.4890406506,4.80708568583,-0.015890115776999992,-0.010047577568000055,-0.0158774878702,-0.010047577568000001,-0.016240600497868077,-0.009115816634531362,-0.8452070029220845,-0.5344380772334317,0,0,instant_velocity,dbscan_kmeans_fallback,False
2480,121,5.52113122081,7.56551565092,0.0006103488179999949,0.0,0.000606139515800006,0.0,-0.0003683907459243605,0.0008208855197390465,0.999983616194761,0.0,1,1,instant_velocity,dbscan_kmeans_fallback,False
2480,122,5.67771726237,8.70034299855,-0.03260104548100005,0.021550979913999947,-0.009475139235200008,0.02817617595399998,-0.01635931109555666,0.02545710596204495,-0.8342055856222863,0.5514531069370164,2,2,instant_velocity,dbscan_kmeans_fallback,False
2480,123,5.8271474902,7.83663318339,-0.0003367441760000034,0.0004773195990000367,-0.00034937208200000566,0.00047731959940000123,-0.0019017791412583058,0.001509064325033331,-0.5764592981095192,0.8171049141276776,1,1,instant_velocity,dbscan_kmeans_fallback,False
2480,124,5.06526379336,9.48481776021,-0.030033371143000042,0.025393402688999877,-0.03281992919500001,0.026075969716599978,-0.03293269691730072,0.02503886848859376,-0.7636298922771005,0.6456538384459568,2,2,instant_velocity,dbscan_kmeans_fallback,False
2480,125,10.515047342,3.69206710157,0.03752592905000007,-0.009331598169,0.010628488036000014,-0.004744556818199994,0.013205059583636292,-0.005236015855254709,0.970445027194786,-0.24132122156975624,3,3,instant_velocity,dbscan_kmeans_fallback,False
2480,126,10.2664880475,3.01546656938,0.036115812807999956,-0.016801649900000014,0.009214162498800001,-0.005875804268999998,0.011305480790950659,-0.007240776058986778,0.9066863460803073,-0.4218048929685767,3,3,instant_velocity,dbscan_kmeans_fallback,False
2480,127,7.41763232364,7.60871307466,-0.02256185975199996,0.015870876680000024,-0.02869902234859998,0.014524835410399995,-0.02855126060575737,0.0139332720618143,-0.8179082680019446,0.5753480165065116,2,2,instant_velocity,dbscan_kmeans_fallback,False
2480,128,7.15918116902,6.83497800399,-0.030559533917999992,0.012314845665000008,-0.03391013846300002,0.014042742614999994,-0.033115129394101286,0.012760719568407092,-0.9275206161675145,0.3737711861004782,2,2,instant_velocity,dbscan_kmeans_fallback,False
2480,129,8.10374858102,6.43665479827,-0.03584220816899997,0.01501170140200001,-0.033106161744200016,0.0094509280686,-0.03462416176040285,0.010128265124622875,-0.9223675296252952,0.3863128597531846,2,2,instant_velocity,dbscan_kmeans_fallback,False
2480,130,8.40176717625,7.64117080743,-0.025845115461999947,0.015345825122,-0.03313562685899999,0.008415144538000003,-0.03194868359085544,0.007829140110142782,-0.8598502542174017,0.5105456639080701,2,2,instant_velocity,dbscan_kmeans_fallback,False
2480,131,6.35120561317,8.10345483947,-0.01614267390799995,0.03871061951300003,-0.03149399900439999,0.036887258643800006,-0.03119237658533603,0.03613664734182527,-0.38488444082831275,0.9229645119694155,-1,-1,instant_velocity,dbscan_kmeans_fallback,False
2480,132,8.17404392764,7.1657604864,-0.028938952572999988,0.017899484978999958,-0.03284518500800001,0.0054128042576000015,-0.03291513222714571,0.009331524357048095,-0.850463499731757,0.5260335045035193,2,2,instant_velocity,dbscan_kmeans_fallback,False
2480,133,9.08030668968,7.67148060199,-0.028854766529999944,0.022982938711999967,-0.03184337108639998,0.010061897155999998,-0.030661063818243798,0.009780422360812974,-0.7822007328181971,0.623026059980466,2,2,instant_velocity,dbscan_kmeans_fallback,False
2480,134,9.29413924106,6.44858778826,-0.025255813154999984,0.018305206638000015,-0.029932347890799987,0.013083330220400011,-0.030616986809596285,0.013450379383760556,-0.8096902813759865,0.5868568880520695,2,2,instant_velocity,dbscan_kmeans_fallback,False
2480,135,8.31737066729,5.52043982717,-0.050301161201000075,-0.0015512886979999862,-0.04548571949220001,0.009097711564999998,-0.04627834476047496,0.006780306160837784,-0.9995245870006477,-0.030825355879783963,-1,-1,instant_velocity,dbscan_kmeans_fallback,False
2480,136,11.3103949913,6.76361872388,-0.043355812579999944,-0.014319587983000037,-0.041049114979999995,-0.018973454077200014,-0.03913960480710489,-0.016773875141075333,-0.949549091887847,-0.31361773557758627,-1,-1,instant_velocity,dbscan_kmeans_fallback,False
2480,137,13.5381681767,5.09228414649,-0.035673836080000146,0.005656237254000019,-0.035673836080000146,0.005656237254000019,-0.02347527832638003,0.001696871176200006,-0.9876621448479259,0.15659800099788926,4,4,instant_velocity,dbscan_kmeans_fallback,False
2480,138,13.6400332897,5.96005117824,-0.03420058031999993,0.00749391771099992,-0.03420058031999993,0.00749391771099992,-0.02243972685039001,0.005187628736429984,-0.9768249037128401,0.21403863261930342,4,4,instant_velocity,dbscan_kmeans_fallback,False
2480,232,10.1856694454,7.73233885092,0.0007787208999999962,0.00026252578000001136,0.0007787209039999965,0.0002672989757999922,0.0007799797610932016,0.0002649173074554399,0.9475885465297531,0.31945517617005237,5,5,instant_velocity,dbscan_kmeans_fallback,False
2480,233,10.7766554733,7.39797647152,0.00473546497000008,-0.0025297938770000527,0.002752883634000014,-0.0008448556909999993,0.0029747357954436546,-0.0010181334049803427,0.8820252886536787,-0.47119811649567384,5,5,instant_velocity,dbscan_kmeans_fallback,False
2480,238,10.6413264078,8.13519659283,0.0013469767000000132,0.0005011855790000297,0.0013553953059999913,0.0005107319714000269,0.0013596348428641066,0.0005083849002269789,0.9372187532659677,0.3487220851743652,5,5,instant_velocity,dbscan_kmeans_fallback,False
2480,243,12.1625682201,9.77168683947,0.019489069150000128,0.015011701401999922,0.021067557472000013,0.010219412623800004,0.020787835894130583,0.01013821306497803,0.7922284459986432,0.6102239558989904,-1,-1,instant_velocity,dbscan_kmeans_fallback,False
2480,244,10.3294171153,9.47980590442,0.027823487490000076,0.004248144434999901,0.024910650375000003,0.0043961135108,0.02455631080202773,0.003935464645501495,0.9885436690713464,0.1509327789346731,6,6,instant_velocity,dbscan_kmeans_fallback,False
2480,245,10.5083124585,8.98220022202,0.03308511523000011,0.005131185693999995,0.026691185202800016,0.0032457732761999834,0.026687861807669317,0.003399371298366296,0.988185876510928,0.15325820077446664,6,6,instant_velocity,dbscan_kmeans_fallback,False
2480,246,11.5288577751,4.95696404005,0.03994627781000002,0.0007159793989999664,0.03979474292860001,0.000983278374799994,0.04004390597711347,0.0011326275037803948,0.9998391614823808,0.01792067449537384,3,3,instant_velocity,dbscan_kmeans_fallback,False
2480,247,12.2595926357,4.24217793991,0.04327162653999998,-0.004630000113999966,0.042724417254,-0.004400886706599998,0.042631955129510776,-0.0031358670575903813,0.9943241174351992,-0.10639121163661924,3,3,instant_velocity,dbscan_kmeans_fallback,False
2480,248,7.87939277416,5.02975527896,0.044744882306000024,0.005966494993000016,0.04591927761800001,0.005198010437799994,0.04541631684123093,0.005136920870941981,0.9912261989651376,0.13217480633003875,7,7,instant_velocity,dbscan_kmeans_fallback,False
2480,249,7.8802346346,4.17654649499,0.041440580085,0.0,0.0444712776638,0.0026634433647999955,0.044775985535752516,0.0021273276485130332,0.9999997586906948,0.0,7,7,instant_velocity,dbscan_kmeans_fallback,False
2480,250,7.35933348828,1.15010157482,0.056131044737999944,-0.029546083203999984,0.055680649402599994,-0.0331546193762,0.05461537656942237,-0.029082819388045692,0.8848958081586181,-0.46578867891666725,-1,-1,instant_velocity,dbscan_kmeans_fallback,False
2480,251,4.87331961338,8.38459608353,0.03657883605299998,0.014987835422000018,0.03772797555139999,0.019446000480600016,0.036343123569368696,0.01936662028621454,0.9253358884054329,0.379147712228896,8,8,instant_velocity,dbscan_kmeans_fallback,False
2480,252,4.11606614895,8.42803216708,0.031064650181,0.014773041601999992,0.028240208409599996,0.0138470415794,0.029111609286196,0.014970600614992209,0.9030818651620263,0.4294677675852358,8,8,instant_velocity,dbscan_kmeans_fallback,False
2480,321,5.35717890041,5.49108467181,-0.02022569703499997,-0.022028299512999984,-0.02302909229519999,-0.016510484944199995,-0.020490048967018087,-0.017547782982123505,-0.6763254268713155,-0.7366025035180661,-1,-1,instant_velocity,dbscan_kmeans_fallback,False
2480,322,7.98167881744,8.07457700371,-0.031064650181000086,0.007947371331000052,-0.03300092918919999,-0.010276690975599969,-0.030848951489852592,-0.008573537716995528,-0.9687979067716793,0.24785074562079723,2,2,instant_velocity,dbscan_kmeans_fallback,False
2480,323,13.0717774937,9.43016466608,0.022709185330000103,0.03236226884099995,0.028332813058000034,0.025154742889799984,0.02844749196396998,0.0228514548102221,0.5744056260288116,0.8185705045424981,-1,-1,instant_velocity,dbscan_kmeans_fallback,False
2480,324,2.23534992933,12.185253394,0.01727918549999998,-0.0034128351299999695,0.018823999404799997,-0.008057154838000003,0.017643938213987798,-0.006892643570510197,0.9810468259671579,-0.19376787591265146,9,9,instant_velocity,dbscan_kmeans_fallback,False
2480,325,2.60997782447,12.7866760892,0.014837790229000003,-0.006706340380000064,0.014837790228600004,-0.006696793979999996,0.014632416112754006,-0.006604229984405139,0.9112455336227524,-0.41186205114862523,9,9,instant_velocity,dbscan_kmeans_fallback,False
2480,376,9.9617345688,8.61728938825,-0.018184185470000003,-0.0006682474399999805,-0.018099999427999974,-0.0013221752903999828,-0.01561119468491605,-0.0010012552036435768,-0.9993248959144,-0.03672401519027427,5,5,instant_velocity,dbscan_kmeans_fallback,False
2480,377,0.53416044823,7.84403163718,-0.050111742602,0.007971237309999957,-0.053971672712400005,-0.010372154895599995,-0.05460289048445079,-0.003309608897689438,-0.9875834304687867,0.15709415555978595,-1,-1,instant_velocity,dbscan_kmeans_fallback,False
2480,380,11.714908932,13.0675786735,-0.006187674219999906,0.00825762907000005,-0.008073441603999996,0.01152249513000001,-0.008951973027692867,0.011870352028749979,-0.5996552841945602,0.8002572098477764,10,10,instant_velocity,dbscan_kmeans_fallback,False
2480,381,11.5698984714,12.3322678306,-0.0063770928300000305,0.016634588039999974,-0.011899697300000013,0.01956533038,-0.011723026755877861,0.01879697939623166,-0.357960317526104,0.9337361985232845,10,10,instant_velocity,dbscan_kmeans_fallback,False
2480,382,12.5877077416,12.4384714415,-0.00574569749000009,0.01083515491,-0.01109992988200002,0.017131000424000006,-0.01091098228238124,0.01528598528252369,-0.4684883747197398,0.8834687385573495,10,10,instant_velocity,dbscan_kmeans_fallback,False
2480,383,12.1663565921,12.0165209156,-0.011280929880000023,0.01789948497999987,-0.014467371636000016,0.016095216893999974,-0.014739356688703692,0.016866295621096854,-0.5331813419154768,0.8460004204221003,10,10,instant_velocity,dbscan_kmeans_fallback,False
2480,384,14.3627704762,1.2481907525,-0.0023572092300000237,-0.03594216583700001,-0.0006398139319999885,-0.0420184443376,-0.0005213657109759507,-0.03866543663605176,-0.06544278633776085,-0.9978560449583576,-1,-1,instant_velocity,dbscan_kmeans_fallback,False
2480,386,15.239778588,2.10474077367,0.0,0.0,0.0,0.0,0.0,0.0,0.0,0.0,-1,-1,instant_velocity,dbscan_kmeans_fallback,False
2490,114,1.12914531314,5.42903312388,-0.01906813893199999,-0.003961752674999985,-0.0190470924212,-0.0080667012304,-0.018551124408198724,-0.006983786052766405,-0.979090254943072,-0.20342380818704722,0,0,instant_velocity,dbscan_kmeans_fallback,False
2490,115,1.99520923925,6.57340686351,-0.01687930179199999,-0.004176546495000011,-0.0170308366708,-0.004214732062799999,-0.015350976678429641,-0.0045475804980958014,-0.9707247522514721,-0.24019222545965618,0,0,instant_velocity,dbscan_kmeans_fallback,False
2490,116,2.00867900627,6.0822449957,-0.018878720332999997,-0.003651494934999988,-0.012669999599399996,-0.005431897041399996,-0.01313383566494481,-0.005113067978606989,-0.9818031117585737,-0.18989894582457448,0,0,instant_velocity,dbscan_kmeans_fallback,False
2490,117,1.22574879846,4.73119186952,-0.026329185214000007,-0.007589381630999981,-0.017969511059800002,-0.009555938380600005,-0.019267175912707657,-0.008657886133471947,-0.9608774098645867,-0.2769726941717708,0,0,instant_velocity,dbscan_kmeans_fallback,False
2490,121,5.52702424388,7.56551565092,0.0005893023069999615,0.0,0.0006019302135999993,0.0,-8.108283004706383e-05,0.0005746198638173325,0.9999830310687877,0.0,1,1,instant_velocity,dbscan_kmeans_fallback,False
2490,122,5.35191727267,8.9158527977,-0.03257999897000001,0.021550979915000035,-0.016294208787200015,0.026825361487799987,-0.021225517457889666,0.02428526814793148,-0.8340417033102373,0.5517009381388368,2,2,instant_velocity,dbscan_kmeans_fallback,False
2490,123,5.82356958334,7.84140637939,-0.000357790685999948,0.0004773196000000368,-0.00034937208199998794,0.00047731959960000124,-0.0014385826046807984,0.0011995409075233427,-0.5997764078139852,0.8001466954544255,1,1,instant_velocity,dbscan_kmeans_fallback,False
2490,124,4.83143705656,9.75665127209,-0.02338267367999993,0.02718335118800006,-0.030580580428599992,0.025717980017200014,-0.03006768994611048,0.02568221329841565,-0.6521191088142865,0.7581161587379441,2,2,instant_velocity,dbscan_kmeans_fallback,False
2490,125,10.8900961674,3.59851246008,0.03750488253999986,-0.009355464149000037,0.017519115725999974,-0.005923536228800002,0.020495006470545363,-0.006471850343378308,0.9702684657086869,-0.24203013664052195,3,3,instant_velocity,dbscan_kmeans_fallback,False
2490,126,10.7716043106,2.78873975965,0.05051162631000015,-0.022672680973000015,0.01881979010200002,-0.0097802785922,0.023067324446665507,-0.01187034753319075,0.9123099135322489,-0.4095000127510614,-1,-1,instant_velocity,dbscan_kmeans_fallback,False
2490,127,7.22021605081,7.77291101687,-0.019741627282999996,0.01641979422100004,-0.026114510802399984,0.015173990065799997,-0.025908370608930156,0.014679228709570022,-0.7688251409511347,0.6394584613204495,4,4,instant_velocity,dbscan_kmeans_fallback,False
2490,128,6.89567885177,6.97220738883,-0.02635023172500004,0.013722938484000035,-0.03178023155340002,0.0136608869356,-0.031085660093370916,0.013049385243084976,-0.8869295132453638,0.46190406509262694,4,4,instant_velocity,dbscan_kmeans_fallback,False
2490,129,7.74511603422,6.58701047209,-0.03586325468,0.015035567382000004,-0.033560766380799995,0.011407938426200009,-0.034995889636281995,0.011600455801836013,-0.9222295591571117,0.3866421160629282,4,4,instant_velocity,dbscan_kmeans_fallback,False
2490,130,8.1492090447,7.80489143003,-0.02525581315500016,0.016372062259999966,-0.028959999084400005,0.010038031175999986,-0.029940822460098854,0.010392016755099938,-0.8391139805939877,0.5439550193536852,4,4,instant_velocity,dbscan_kmeans_fallback,False
2490,131,6.20556375731,8.48889041601,-0.014564185586000011,0.0385435576539999,-0.025832487555399998,0.03840990816599998,-0.026203919285535227,0.03685872043547766,-0.3534702729941252,0.9354454985262187,-1,-1,instant_velocity,dbscan_kmeans_fallback,False
2490,132,7.89391486672,7.3323450266,-0.028012906091999933,0.01665845401999997,-0.031211975757599982,0.009789824984399988,-0.03144446438660198,0.011529603255933659,-0.8595068938892939,0.5111235522906643,4,4,instant_velocity,dbscan_kmeans_fallback,False
2490,133,8.7919694895,7.90130998911,-0.028833720018000088,0.022982938711999967,-0.03110674320200001,0.015522433373199983,-0.030112860678170685,0.013741177266169073,-0.7819791253461263,0.6233041834585975,4,4,instant_velocity,dbscan_kmeans_fallback,False
2490,134,9.04158110951,6.63163985464,-0.025255813154999984,0.018305206638000015,-0.026266045681799993,0.015212175633800005,-0.029008634713217393,0.014906827560032393,-0.8096902813759865,0.5868568880520695,4,4,instant_velocity,dbscan_kmeans_fallback,False
2490,135,7.80741370667,5.50206302259,-0.05099569606199994,-0.0018376804579999905,-0.0467400915466,0.0037565052473999927,-0.04769355015093245,0.004194910175186451,-0.9993511395210732,-0.03601260893752913,-1,-1,instant_velocity,dbscan_kmeans_fallback,False
2490,136,10.8642089589,6.68724758797,-0.04461860324,-0.007637113590999967,-0.04220246378199999,-0.016648907628000007,-0.04078330433697343,-0.014032846676052722,-0.9856653781560832,-0.16871075984165984,-1,-1,instant_velocity,dbscan_kmeans_fallback,False
2490,137,13.1831135367,5.23404806752,-0.035505463999999876,0.01417639210299999,-0.035505463999999876,0.01417639210299999,-0.02708433402846598,0.005440727454240001,-0.9287089124248948,0.3708088899242673,5,5,instant_velocity,dbscan_kmeans_fallback,False
2490,138,13.2957123704,6.01780684977,-0.03443209192999994,0.0057755671530000715,-0.03443209192999994,0.0057755671530000715,-0.026037436374272988,0.005364010261401011,-0.9862217839723243,0.16542678129065094,5,5,instant_velocity,dbscan_kmeans_fallback,False
2490,139,15.030576269,5.2495609545,0.0,0.0,0.0,0.0,0.0,0.0,0.0,0.0,-1,-1,instant_velocity,dbscan_kmeans_fallback,False
2490,232,10.3961345551,7.80155019283,0.021046510969999942,0.006921134191,0.004832278917999986,0.00159902065799999,0.006859939123765224,0.0022617823725188087,0.9499529593606725,0.31239153683214044,6,6,instant_velocity,dbscan_kmeans_fallback,False
2490,233,10.8305345413,7.36742801715,0.005387906800000053,-0.0030548454369999866,0.003380069660000018,-0.0013699072504000042,0.0036986870968105743,-0.001629147014586236,0.8699031473199712,-0.4932193073982488,6,6,instant_velocity,dbscan_kmeans_fallback,False
2490,238,10.720461289,8.18340587237,0.007913488119999989,0.004820927953999998,0.0026686975899999866,0.0013746804462000028,0.0033257908260048716,0.0018021478163588846,0.8540047925731584,0.5202630641424296,6,6,instant_velocity,dbscan_kmeans_fallback,False
2490,243,12.3574589117,9.92204251329,0.01948906915999995,0.015035567382000004,0.020267790058000015,0.0120380002976,0.020398205873891392,0.011607419360084623,0.7917594839889961,0.6108323067726307,-1,-1,instant_velocity,dbscan_kmeans_fallback,False
2490,244,10.6074415251,9.52252600857,0.027802440980000044,0.004272010415000161,0.026156603823799997,0.004634773310600018,0.025530149855419425,0.004036428376351094,0.9883995835117814,0.1518734746341738,6,6,instant_velocity,dbscan_kmeans_fallback,False
2490,245,10.8389531457,9.03327341915,0.033064068719999895,0.005107319713000003,0.030980464136600005,0.0044533918626,0.02860072388136849,0.003911755822756408,0.9882789527097201,0.1526568499437043,6,6,instant_velocity,dbscan_kmeans_fallback,False
2490,246,11.9131670652,4.94646300886,0.03843092900999991,-0.0010501031189999565,0.04108278939799998,0.002109752629399999,0.039560012886979405,0.00047780831694628934,0.9996266367412899,-0.02731422518576965,3,3,instant_velocity,dbscan_kmeans_fallback,False
2490,247,12.6832589014,4.19635525836,0.04236662656999997,-0.004582268155000069,0.04277913818400002,-0.004491577430600007,0.04255235656165753,-0.0035697873868132876,0.9942015663477479,-0.10753034985212599,3,3,instant_velocity,dbscan_kmeans_fallback,False
2490,248,8.31694973707,5.04312022774,0.04375569629100005,0.0013364948780000495,0.04525420787160002,0.004606134134400008,0.04491813067616167,0.003996793073059402,0.9995336152759119,0.03053023195701948,7,7,instant_velocity,dbscan_kmeans_fallback,False
2490,249,8.29485090056,4.17654649499,0.041461626596000035,0.0,0.043246370725799996,0.0017278969500000051,0.04378167785382677,0.0014891293539591231,0.9999997588131868,0.0,7,7,instant_velocity,dbscan_kmeans_fallback,False
2490,250,7.95074044632,0.937217033475,0.05914069580400003,-0.021288454134500014,0.055794300561599994,-0.029321742992699996,0.055972972339795674,-0.026744509811981988,0.9408983978600556,-0.3386884803393465,-1,-1,instant_velocity,dbscan_kmeans_fallback,False
2490,251,5.2367928577,8.52564402516,0.03634732443200006,0.014104794162999923,0.03754697555720001,0.0187825262374,0.036344383828158106,0.017788072449250153,0.9322665101369905,0.36177153163339365,8,8,instant_velocity,dbscan_kmeans_fallback,False
2490,252,4.48059171882,8.56024969612,0.03645255698700005,0.013221752904000007,0.030125975791800003,0.013718165287400002,0.031313893596437214,0.014445946301694549,0.9400721752072635,0.3409747639088499,8,8,instant_velocity,dbscan_kmeans_fallback,False
2490,321,5.15471146495,5.27080167667,-0.020246743546,-0.022028299514000073,-0.023395301586000006,-0.016935299387600012,-0.020417057340712662,-0.018891937941686476,-0.6767070099067336,-0.7362519638568717,-1,-1,instant_velocity,dbscan_kmeans_fallback,False
2490,322,7.67103231563,8.15428937681,-0.031064650181,0.007971237309999957,-0.03510978958779999,-0.005384165081599974,-0.030913661097196815,-0.003610105208896882,-0.9686189695022441,0.24854912654359884,4,4,instant_velocity,dbscan_kmeans_fallback,False
2490,323,13.254671674,9.7413770449,0.018289418029999994,0.031121237882000052,0.026682766598,0.029092629585000012,0.02540006978377898,0.025332389731755486,0.5066661017292865,0.8621420458977156,-1,-1,instant_velocity,dbscan_kmeans_fallback,False
2490,324,2.40835224944,12.1511250426,0.017300232011000016,-0.0034128351399999703,0.019543790079800002,-0.007632340396000003,0.01754082635309146,-0.005848701041357129,0.9810916130462854,-0.19354098433099987,9,9,instant_velocity,dbscan_kmeans_fallback,False
2490,325,2.75835572675,12.7196126855,0.014837790228000003,-0.0067063403700000634,0.014837790228600004,-0.006696793979999996,0.014694028347327807,-0.006634863100083616,0.9112455338428257,-0.4118620506617126,9,9,instant_velocity,dbscan_kmeans_fallback,False
2490,376,9.81903922447,8.63447289383,-0.014269534433000075,0.0017183505580000257,-0.017418092472600007,-0.000596649499399966,-0.015208696609341257,-0.00018537347515049595,-0.9928266252465843,0.11955710212551554,-1,-1,instant_velocity,dbscan_kmeans_fallback,False
2490,380,11.6528217246,13.1501549642,-0.00620872073999994,0.00825762907000005,-0.006204511431999968,0.008262402265999995,-0.008128997341384989,0.010786535141125,-0.6009591053191025,0.7992785608785957,10,10,instant_velocity,dbscan_kmeans_fallback,False
2490,381,11.4974984737,12.502193608,-0.007239999769999983,0.016992577740000136,-0.00977820899400001,0.018357711794000017,-0.010378118660114496,0.018255658899362204,-0.3919727665839749,0.9199762320076893,10,10,instant_velocity,dbscan_kmeans_fallback,False
2490,382,12.5302507667,12.5470616503,-0.005745697489999912,0.010859020879999903,-0.007862976494000015,0.015522433372000002,-0.009361396844666841,0.013957895961766555,-0.46768413759296634,0.8838947445816272,10,10,instant_velocity,dbscan_kmeans_fallback,False
2490,383,12.0543891538,12.1716497854,-0.011196743829999889,0.01551288698000004,-0.013124604235999975,0.01637206226,-0.01367657283109255,0.016460273028767812,-0.5852494899478897,0.8108526309531878,10,10,instant_velocity,dbscan_kmeans_fallback,False
2490,384,14.3263600122,0.885189197137,-0.0036410463999999366,-0.036300155536300005,0.0008376511360000194,-0.03814260919026,-0.0014572699176831467,-0.037955852306126234,-0.09980305504211993,-0.995006935650951,-1,-1,instant_velocity,dbscan_kmeans_fallback,False
2490,386,15.1821111479,2.51093975279,-0.005766744009999947,0.040619897912000005,-0.005766744009999947,0.040619897912000005,-0.0017300232029999842,0.012185969373600003,-0.14055899708828706,0.9900720584160939,-1,-1,instant_velocity,dbscan_kmeans_fallback,False
2500,114,0.938042993601,5.4113722987,-0.019110231953900002,-0.0017660825180000118,-0.01906392962978,-0.0066013300602000054,-0.018718856671909107,-0.005418474992336487,-0.9957563247606565,-0.09202336432074788,0,0,instant_velocity,dbscan_kmeans_fallback,False
2500,115,1.82683715155,6.53164139856,-0.01683720877000001,-0.004176546495000011,-0.0171613250388,-0.004171773299000012,-0.015796846305900752,-0.004436270297167064,-0.9705845977520554,-0.24075794006100812,0,0,instant_velocity,dbscan_kmeans_fallback,False
2500,116,1.81968133782,6.04549138654,-0.01889976684499999,-0.003675360915999981,-0.014400022800599998,-0.004945031049999997,-0.014863615018961364,-0.004681755859824886,-0.981610926360203,-0.19088989102621007,0,0,instant_velocity,dbscan_kmeans_fallback,False
2500,117,0.950881365288,4.65816197081,-0.02748674331719999,-0.007302989870999976,-0.020293045870039998,-0.00900702084119999,-0.021733046134055356,-0.008251417254730355,-0.9664688751792909,-0.2567824177866298,0,0,instant_velocity,dbscan_kmeans_fallback,False
2500,121,5.53312773206,7.56551565092,0.0006103488179999949,0.0,0.0006061395157999882,0.0,0.00012634666436705383,0.0004022339046721327,0.999983616194761,0.0,1,1,instant_velocity,dbscan_kmeans_fallback,False
2500,122,5.05474053788,9.14401156622,-0.029717673478999986,0.022815876852000018,-0.02223774348300001,0.024968588245999984,-0.02377316426422276,0.02384445075915204,-0.7931893369939155,0.6089746643848548,2,2,instant_velocity,dbscan_kmeans_fallback,False
2500,123,5.81999167647,7.84617957538,-0.0003577906870000369,0.0004773195989999479,-0.00035358138419999463,0.00047731959940000123,-0.0011143450293765698,0.0009828745149663243,-0.5997764096919461,0.8001466940467309,1,1,instant_velocity,dbscan_kmeans_fallback,False
2500,124,4.59739985466,10.0282461242,-0.023403720190000053,0.02715948521100007,-0.02851802235420001,0.025789577957800028,-0.02806849901927735,0.026125394872190975,-0.6527853505899661,0.757542558677533,2,2,instant_velocity,dbscan_kmeans_fallback,False
2500,125,11.4120496392,3.44767946666,0.05219534717999998,-0.015083299341999989,0.027352045646000002,-0.008252855874199999,0.03000510868338175,-0.009055285042964812,0.9606912142741657,-0.27761848407972783,3,3,instant_velocity,dbscan_kmeans_fallback,False
2500,126,11.3209182468,2.57585521831,0.0549313936199999,-0.02128845413399998,0.029305161865199984,-0.013412680743799994,0.03262654519866583,-0.01469577951343352,0.9324267853772182,-0.36135847910818014,3,3,instant_velocity,dbscan_kmeans_fallback,False
2500,127,7.02301024309,7.93687029927,-0.019720580772000052,0.016395928239999958,-0.024081417843400014,0.0155892581172,-0.024052033657851125,0.015194238568699003,-0.7689470630444313,0.639311844402469,4,4,instant_velocity,dbscan_kmeans_fallback,False
2500,128,6.73046374071,7.14284914562,-0.01652151110599993,0.017064175678999937,-0.027680371217999992,0.013947278695199987,-0.026716415397159618,0.014253822373859464,-0.6955905371884507,0.7184378626797088,4,4,instant_velocity,dbscan_kmeans_fallback,False
2500,129,7.5281265062,6.69130480457,-0.021698952802000005,0.010429433247999942,-0.03172971992700003,0.012061866277599993,-0.0310068085859974,0.01124914903568519,-0.901296741995641,0.4332012836313907,4,4,instant_velocity,dbscan_kmeans_fallback,False
2500,130,7.89665091315,7.96861205263,-0.025255813154999897,0.016372062260000052,-0.027764557261799983,0.012080959061400005,-0.028535319668569165,0.012186030406569973,-0.8391139805939838,0.5439550193536912,4,4,instant_velocity,dbscan_kmeans_fallback,False
2500,131,6.00604283338,8.83948166179,-0.019952092393000064,0.03505912457800005,-0.022254580691800002,0.03850059888979999,-0.024328371217774678,0.036318841678234376,-0.49461138372627755,0.8691139645002993,2,2,instant_velocity,dbscan_kmeans_fallback,False
2500,132,7.69734045433,7.38819141973,-0.01965744123900004,0.00558463931300004,-0.027907673536399998,0.011952082769600008,-0.027908357442321396,0.009746114073053572,-0.9619330991835326,0.2732832486620011,4,4,instant_velocity,dbscan_kmeans_fallback,False
2500,133,8.43796717511,8.13829917023,-0.03540023143899997,0.02369891811200011,-0.031544510629800016,0.01915960872100001,-0.03169907190641947,0.016728499519918383,-0.8309785369344039,0.5563040550616924,4,4,instant_velocity,dbscan_kmeans_fallback,False
2500,134,8.79007530351,6.81135068382,-0.025150580600000083,0.017971082917999936,-0.025882999181800023,0.0162479591644,-0.0278512184792522,0.015826104167422656,-0.8136355383617143,0.581374718837697,4,4,instant_velocity,dbscan_kmeans_fallback,False
2500,135,7.28440790925,5.53428209556,-0.052300579742000065,0.003221907297000026,-0.04828911475240002,0.0003818556795999939,-0.04907565902825273,0.0039030093117305236,-0.998107687631707,0.06148708977674979,-1,-1,instant_velocity,dbscan_kmeans_fallback,False
2500,136,10.4180229265,6.61087645206,-0.04461860324,-0.007637113590999967,-0.043355812581999977,-0.014319587982800001,-0.0419338940078814,-0.012114126750536896,-0.9856653781560832,-0.16871075984165984,-1,-1,instant_velocity,dbscan_kmeans_fallback,False
2500,137,12.8278484317,5.37581198855,-0.03552651050000009,0.01417639210299999,-0.03565278957,0.0068018042919999995,-0.029616986969926214,0.008061426848867997,-0.9287845491213175,0.370619398365956,5,5,instant_velocity,dbscan_kmeans_fallback,False
2500,138,12.9511809859,6.0758011811,-0.034453138449999976,0.005799433132999976,-0.034263719847999995,0.007107288835399999,-0.028562146996991084,0.0054946371228807005,-0.9861266611207465,0.165992878707928,5,5,instant_velocity,dbscan_kmeans_fallback,False
2500,139,14.4581111708,5.65050941802,-0.057246509820000034,0.04009484635200007,-0.057246509820000034,0.04009484635200007,-0.017173952946000014,0.012028453905600024,-0.8190819483682249,0.5736762812751824,-1,-1,instant_velocity,dbscan_kmeans_fallback,False
2500,232,10.6293298965,7.87839864834,0.023319534140000008,0.007684845551000042,0.009340441563999989,0.0030787114161999972,0.01179781762863566,0.0038887013260631787,0.9497566665689372,0.31298795463908546,6,6,instant_velocity,dbscan_kmeans_fallback,False
2500,233,10.8842031443,7.33711822259,0.005366860300000021,-0.0030309794559999935,0.0040030463860000155,-0.0018901856137999928,0.004199139057767408,-0.002049696747010363,0.8707325727139185,-0.4917535378302836,-1,-1,instant_velocity,dbscan_kmeans_fallback,False
2500,238,10.8976729113,8.29653061744,0.017721162230000153,0.011312474506999948,0.005939325394000008,0.0035321650358000056,0.007644402247203457,0.004655245823551204,0.8428982007908609,0.5380721808584591,6,6,instant_velocity,dbscan_kmeans_fallback,False
2500,243,12.5384589059,10.0833765379,0.018099999420000047,0.016133402460999945,0.01967848775,0.01345563950799999,0.01970874393772399,0.01296521429035922,0.7464966921543188,0.6653885058705031,6,6,instant_velocity,dbscan_kmeans_fallback,False
2500,244,10.9185089572,9.58481621629,0.031106743209999975,0.0062290207719998495,0.027566720059600022,0.004859113522199969,0.027203127861793592,0.004694206095045721,0.980533831775636,0.1963486040485126,6,6,instant_velocity,dbscan_kmeans_fallback,False
2500,245,11.1765391816,9.09484764748,0.033758603590000116,0.006157422833000048,0.03183916178500002,0.004892525894200013,0.03014808779395798,0.0045854559258295,0.9837694828865788,0.1794352855912797,6,6,instant_velocity,dbscan_kmeans_fallback,False
2500,246,12.3153658897,4.90135630672,0.0402198824500001,-0.004510670214000001,0.041116463816,0.0009403196110000067,0.03975797375588561,-0.0010187352423375981,0.9937696234459109,-0.11145152016861394,7,7,instant_velocity,dbscan_kmeans_fallback,False
2500,247,13.0271588905,4.15673773161,0.03438999891000005,-0.003961752674999985,0.041238533580000014,-0.004462938254599997,0.040103649266160286,-0.003687376973269297,0.993429434738733,-0.11444378729990175,7,7,instant_velocity,dbscan_kmeans_fallback,False
2500,248,8.74524623516,5.01018517538,0.042829649808999906,-0.003293505236000005,0.044534417196799986,0.0029641547123999954,0.04429158641601314,0.0018097035803415792,0.9970561814116023,-0.07667141264776925,8,8,instant_velocity,dbscan_kmeans_fallback,False
2500,249,8.73851135165,4.21950525893,0.04436604510900004,0.0042958763939999756,0.04297697538540001,0.0017660825177999938,0.04395698803037875,0.002331153465971379,0.9953446519837594,0.09637725390771318,8,8,instant_velocity,dbscan_kmeans_fallback,False
2500,250,8.57266484527,0.807147442631,0.06219243989499992,-0.013006959084399994,0.05734332376859999,-0.025321804749580002,0.05783881260635695,-0.02262324459370739,0.9788222177120687,-0.20471138547027987,-1,-1,instant_velocity,dbscan_kmeans_fallback,False
2500,251,5.4838788964,8.59915124348,0.02470860387,0.007350721831999962,0.034962464011000005,0.0164341138084,0.03285364984071067,0.014656867264075096,0.9584838285303451,0.285145532344354,9,9,instant_velocity,dbscan_kmeans_fallback,False
2500,252,4.86847891586,8.68602341057,0.038788719703999955,0.012577371445000018,0.0325884175744,0.013617928171600013,0.03355634142870604,0.013885373844686189,0.9512424022827015,0.3084435144816061,9,9,instant_velocity,dbscan_kmeans_fallback,False
2500,253,0.0288337200187,6.78533676565,0.0,0.0,0.0,0.0,0.0,0.0,0.0,0.0,0,0,instant_velocity,dbscan_kmeans_fallback,False
2500,321,4.97602658688,5.13118569384,-0.01786848780700003,-0.013961598282999966,-0.0221661853456,-0.016835062271800004,-0.019652486480598873,-0.017412836044080525,-0.7879846122578057,-0.6156942170125385,-1,-1,instant_velocity,dbscan_kmeans_fallback,False
2500,322,7.40100557998,8.30225845263,-0.027002673565000013,0.014796907581999896,-0.03564016166400002,0.00033889691559998883,-0.029740364837537774,0.0019119986283721519,-0.8769628350154238,0.48055752669585117,4,4,instant_velocity,dbscan_kmeans_fallback,False
2500,323,13.41020539,10.0435203513,0.015553371599999899,0.030214330639999964,0.024485510853999984,0.0328539080278,0.022446060328645257,0.026796972004228828,0.45768698336706576,0.8891130618313511,-1,-1,instant_velocity,dbscan_kmeans_fallback,False
2500,324,2.59040456927,12.1074502993,0.018205231982999993,-0.004367474330000043,0.018975534283799996,-0.00641517541599999,0.017740148042064023,-0.005404333027950003,0.9724083703146192,-0.23328286064094572,10,10,instant_velocity,dbscan_kmeans_fallback,False
2500,325,2.91536269853,12.647537426,0.015700697178,-0.007207525950000004,0.015010371618400003,-0.0068018042919999995,0.014996028996529465,-0.006806661955058533,0.9088147860910017,-0.4171984263012832,10,10,instant_velocity,dbscan_kmeans_fallback,False
2500,376,9.67613341503,8.65141773961,-0.01429058094400002,0.001694484577999944,-0.016740394819399994,0.00012410309580001666,-0.014933261909738886,0.0003785839407946361,-0.9930427393757821,0.11774857955467302,4,4,instant_velocity,dbscan_kmeans_fallback,False
2500,380,11.5907345173,13.2327312549,-0.006208720730000117,0.008257629069999873,-0.006204511432000004,0.008262402265999995,-0.007552914357969527,0.010027863319787462,-0.6009591047007633,0.7992785613435099,11,11,instant_velocity,dbscan_kmeans_fallback,False
2500,381,11.3484891761,12.7062477367,-0.014900929760000103,0.020405412869999928,-0.009466720632000013,0.018080866425999993,-0.011734961990080178,0.01890058509055352,-0.5897397970672887,0.8075928307058817,11,11,instant_velocity,dbscan_kmeans_fallback,False
2500,382,12.4431182113,12.6609023748,-0.00871325554000002,0.011384072449999926,-0.007362069533999999,0.013536783839999985,-0.009166954453266794,0.013185748908236566,-0.6077924376178745,0.7940950558192774,11,11,instant_velocity,dbscan_kmeans_fallback,False
2500,383,11.9426321806,12.3208121602,-0.011175697320000033,0.01491623747999995,-0.01177341823199999,0.01652480453199999,-0.012926310177764794,0.015997062364137452,-0.5996053816177458,0.8002951413591314,11,11,instant_velocity,dbscan_kmeans_fallback,False
2500,384,14.2343867593,0.71597939914,-0.00919732529000008,-0.016920979799699996,0.0007913488119999812,-0.030853938906999997,-0.003779286529378227,-0.03164539055419836,-0.4775587923846206,-0.878599204041985,-1,-1,instant_velocity,dbscan_kmeans_fallback,False
2500,386,15.1244437079,2.9173773917,-0.005766744000000124,0.040643763890999995,-0.005766744000000124,0.040643763890999995,-0.002941039442100026,0.02072330772882,-0.14047809000666184,0.9900835414385114,-1,-1,instant_velocity,dbscan_kmeans_fallback,False
2510,114,0.747151139171,5.39371147352,-0.019089185443,-0.0017660825180000118,-0.019072348234179998,-0.0051359588900000116,-0.018829955303236376,-0.004322757250035544,-0.9957470222068029,-0.09212396272858629,0,0,instant_velocity,dbscan_kmeans_fallback,False
2510,115,1.65846506385,6.48987593361,-0.01683720876999999,-0.004176546495000011,-0.017056092484,-0.004176546495000011,-0.016108955045130522,-0.004358353156516948,-0.9705845977520554,-0.2407579400610084,0,0,instant_velocity,dbscan_kmeans_fallback,False
2510,116,1.63089413449,6.00873777739,-0.018878720332999997,-0.003675360914999981,-0.016121627397199995,-0.0044533918626,-0.016068146613172955,-0.004379837376377415,-0.9815710298724134,-0.19109493307039538,0,0,instant_velocity,dbscan_kmeans_fallback,False
2510,117,0.676013932117,4.58513207209,-0.027486743317100003,-0.007302989871999977,-0.02261237137826,-0.00845810330199999,-0.02345915528896875,-0.007966889039911242,-0.9664688751703331,-0.2567824178203451,0,0,instant_velocity,dbscan_kmeans_fallback,False
2510,121,5.53923122023,7.56551565092,0.0006103488169999949,0.0,0.0006061395155999883,0.0,0.0002715473101569362,0.0002815637332704929,0.9999836161947341,0.0,1,1,instant_velocity,dbscan_kmeans_fallback,False
2510,122,4.80070915056,9.39078579912,-0.025403138731999952,0.02467742329,-0.0273183712294,0.02348412429179998,-0.02426215660455592,0.024094342518406427,-0.7172779291118975,0.6967867734773957,2,2,instant_velocity,dbscan_kmeans_fallback,False
2510,123,5.81662423472,7.85095277137,-0.0003367441750000033,0.0004773195990000367,-0.00034937208200000566,0.00047731959940000123,-0.0008810647730635999,0.000831208040176438,-0.5764592969665282,0.8171049149340256,1,1,instant_velocity,dbscan_kmeans_fallback,False
2510,124,4.36357311787,10.300079636,-0.023382673679000023,0.02718335117999988,-0.0266154177632,0.02630508312379998,-0.026662751417194153,0.026442781764533647,-0.6521191089085641,0.758116158656848,2,2,instant_velocity,dbscan_kmeans_fallback,False
2510,125,11.9706240402,3.28252688526,0.055857440100000134,-0.01651525814000001,0.03791318484800001,-0.010863794083,0.037760808108367266,-0.011293276972075371,0.9589618998893236,-0.28353435629601986,3,3,instant_velocity,dbscan_kmeans_fallback,False
2510,126,11.8891740427,2.36917583176,0.05682557959000008,-0.02066793865500003,0.040173580124400025,-0.016916206603600006,0.0398862555160661,-0.016487427255903474,0.9397715343314983,-0.34180276842608154,3,3,instant_velocity,dbscan_kmeans_fallback,False
2510,127,6.86116257379,8.10751205607,-0.016184766930000018,0.017064175680000026,-0.02148006908840001,0.016076124108799997,-0.02169185363949579,0.01575521970208931,-0.6881633982074227,0.7255551577817663,2,2,instant_velocity,dbscan_kmeans_fallback,False
2510,128,6.56503816455,7.31325224262,-0.016542557616000052,0.017040309700000034,-0.024102464354200014,0.014496196234600002,-0.02366425806281175,0.015089768571701634,-0.6965495237483968,0.7175081315467231,2,2,instant_velocity,dbscan_kmeans_fallback,False
2510,129,7.31092651306,6.79583779684,-0.021719999313999948,0.010453299227000024,-0.029898673473399986,0.012720567324799995,-0.028220765804398164,0.011010394093079641,-0.9010739001053235,0.43366461330270817,2,2,instant_velocity,dbscan_kmeans_fallback,False
2510,130,7.66092999037,8.12708215964,-0.023572092278000056,0.01584701070100003,-0.026232371263799993,0.014018876635200002,-0.027046351451398432,0.01328432449489899,-0.8298942666012362,0.5579200678678223,2,2,instant_velocity,dbscan_kmeans_fallback,False
2510,131,5.68171609945,9.10797393646,-0.032432673392999954,0.02684922746700007,-0.022679720213200003,0.035851475112800006,-0.02675966187034226,0.03347795741486408,-0.7702962027028264,0.6376858827739563,2,2,instant_velocity,dbscan_kmeans_fallback,False
2510,132,7.50097650705,7.44379915306,-0.019636394728000005,0.005560773332999957,-0.02503692944120001,0.012720567324599995,-0.02542676862802498,0.008490511851037488,-0.9621631531232685,0.2724721761807835,2,2,instant_velocity,dbscan_kmeans_fallback,False
2510,133,8.06754858217,8.37695896994,-0.037041859294000015,0.023865979970999974,-0.032255882701199994,0.021980567553600016,-0.03330190812269363,0.01886974365524286,-0.8406270585037904,0.5416139719687818,2,2,instant_velocity,dbscan_kmeans_fallback,False
2510,134,8.5427787997,6.97841254362,-0.024729650380999856,0.016706185980000045,-0.025419975940599998,0.0170355365036,-0.026914748049776498,0.016090128711195875,-0.8286358990758897,0.5597873494524777,2,2,instant_velocity,dbscan_kmeans_fallback,False
2510,135,6.73088467093,5.68463776937,-0.05535232383199995,0.015035567381000004,-0.050574765843,0.003183721728000002,-0.050958658469376895,0.007242776732511369,-0.9650309969920888,0.2621351295758942,-1,-1,instant_velocity,dbscan_kmeans_fallback,False
2510,136,9.94089852294,6.60300067867,-0.04771244035600013,-0.000787577339000034,-0.04447969626920003,-0.010276690975800005,-0.04366745791231702,-0.008716161927075836,-0.9998635818997297,-0.01650449847712731,-1,-1,instant_velocity,dbscan_kmeans_fallback,False
2510,137,12.4757403033,5.4999150844,-0.03521081283999994,0.012410309585000067,-0.03553913841,0.009283866209000013,-0.03129513473094833,0.009366091669707617,-0.943133207398603,0.33241422562145995,4,4,instant_velocity,dbscan_kmeans_fallback,False
2510,138,12.6068600666,6.13355685264,-0.03443209193000012,0.0057755671539999835,-0.034326859380000026,0.006615649648200002,-0.030323130476893792,0.005578916132216486,-0.9862217839676518,0.16542678131850638,4,4,instant_velocity,dbscan_kmeans_fallback,False
2510,139,13.8856460727,6.05145788153,-0.05724650981000003,0.04009484635099998,-0.05724650981000003,0.04009484635099998,-0.029195720005200022,0.02044837163922001,-0.8190819483278604,0.5736762813328139,-1,-1,instant_velocity,dbscan_kmeans_fallback,False
2510,232,10.8627357031,7.94188215506,0.023340580660000044,0.006348350671999991,0.013852813515999998,0.004295876394799994,0.015260646538044974,0.004626596129844222,0.9649443520140472,0.26245298755780655,5,5,instant_velocity,dbscan_kmeans_fallback,False
2510,233,10.9378717472,7.30656976823,0.00536686029000002,-0.0030548454359999866,0.0046260231080000125,-0.0024152371729999978,0.0045494554274371915,-0.00235124135370725,0.8690728321623824,-0.4946808807059195,5,5,instant_velocity,dbscan_kmeans_fallback,False
2510,238,11.0502601158,8.35834350556,0.015258720449999963,0.006181288812000041,0.008721674143999998,0.004668185682400008,0.00992869770804241,0.005113058720085856,0.9268376281073328,0.37546077863694827,5,5,instant_velocity,dbscan_kmeans_fallback,False
2510,243,12.7160914585,10.2475744801,0.017763255259999867,0.016419794220000127,0.019021836607999987,0.014930557070200016,0.019125097334406753,0.014001588269251493,0.7343302431272876,0.6787917701562554,-1,-1,instant_velocity,dbscan_kmeans_fallback,False
2510,244,11.2297868543,9.64710642402,0.03112778971000001,0.006229020773000115,0.02898525489779999,0.00508345373400001,0.02838052641625552,0.005154650498432039,0.9805593836954125,0.19622095969880904,5,5,instant_velocity,dbscan_kmeans_fallback,False
2510,245,11.5301205657,9.18076517538,0.035358138409999997,0.008591752789999952,0.0330177663976,0.005813752721000007,0.03171110297877058,0.005787344985080637,0.9717233259732329,0.23612121487361296,5,5,instant_velocity,dbscan_kmeans_fallback,False
2510,246,12.744083318,4.80422176823,0.04287174282999988,-0.009713453849000065,0.040994394051999984,-0.0019570103576000085,0.04069210447811989,-0.0036271508243363383,0.9752805134596323,-0.22096937591000315,6,6,instant_velocity,dbscan_kmeans_fallback,False
2510,247,13.3708484145,4.11688154506,0.03436895239999984,-0.0039856186549999785,0.03952955689,-0.0043627011387999915,0.038383240206312154,-0.0037768494777885016,0.993342761830709,-0.1151936607285619,6,6,instant_velocity,dbscan_kmeans_fallback,False
2510,248,9.17333226814,4.97725012302,0.04280860329799996,-0.003293505236000005,0.04380620791739998,0.001317402094400002,0.043846691480609185,0.00027874093543910376,0.9970532989882334,-0.07670888578002838,7,7,instant_velocity,dbscan_kmeans_fallback,False
2510,249,9.20153459283,4.29110319885,0.04630232411800002,0.007159793992000019,0.04309062654480002,0.0023722784092000105,0.04466058885666513,0.0037797456237799714,0.988254565677084,0.15281520391652864,7,7,instant_velocity,dbscan_kmeans_fallback,False
2510,250,9.09209273582,0.668247439198,0.05194278905500003,-0.013890000343300003,0.056935021455800004,-0.02166553661804,0.056070005540949874,-0.020003271318585175,0.9660558437707708,-0.2583326048860156,-1,-1,instant_velocity,dbscan_kmeans_fallback,False
2510,251,5.68676726208,8.65499763661,0.020288836567999978,0.00558463931300004,0.031304580405600003,0.01297831990839999,0.029084205858897465,0.011935198878752579,0.9641416176986298,0.2653864928850379,8,8,instant_velocity,dbscan_kmeans_fallback,False
2510,252,5.10588355952,8.77790743346,0.02374046436599997,0.009188402288999952,0.03204120828939999,0.012839897224599994,0.03061157830989422,0.012476282377980319,0.9325869708064501,0.3609442564030733,8,8,instant_velocity,dbscan_kmeans_fallback,False
2510,253,0.41040696377,6.98676563661,0.03815732437513,0.020142887096000005,0.03815732437513,0.020142887096000005,0.011447197312539003,0.006042866128800002,0.8843434136192168,0.46683644166186183,-1,-1,instant_velocity,dbscan_kmeans_fallback,False
2510,254,0.263502317251,6.13164757424,0.0,0.0,0.0,0.0,0.0,0.0,0.0,0.0,0,0,instant_velocity,dbscan_kmeans_fallback,False
2510,321,4.80302426676,5.01185579398,-0.017300232012000018,-0.011932989986000031,-0.0200783714584,-0.01705462928760001,-0.018946810140019216,-0.015768882226656376,-0.8231724640204833,-0.5677905800970704,-1,-1,instant_velocity,dbscan_kmeans_fallback,False
2510,322,7.13560907674,8.45786464204,-0.026539650323999985,0.015560618941000115,-0.03248739432179999,0.006338804280199994,-0.028780150483476437,0.006006584722160541,-0.8626566623690763,0.5057893165947727,2,2,instant_velocity,dbscan_kmeans_fallback,False
2510,323,13.5240670143,10.3320600492,0.011386162430000013,0.0288539697900001,0.02017518540800001,0.03156991830620001,0.019128090959051686,0.027414071339960207,0.36706704956063707,0.9301941390736931,-1,-1,instant_velocity,dbscan_kmeans_fallback,False
2510,324,2.80886735306,12.0248740086,0.021846278379000016,-0.00825762907000005,0.019135487767200005,-0.0059808145799999934,0.01897198714314482,-0.006260321840565017,0.9354066960907339,-0.35357242052433796,9,9,instant_velocity,dbscan_kmeans_fallback,False
2510,325,3.0917324604,12.5628131971,0.017636976186999977,-0.008472422889999897,0.015570208810199998,-0.007155020796000003,0.015788313153670616,-0.007306390235540942,0.9013894809789396,-0.4330080616132038,9,9,instant_velocity,dbscan_kmeans_fallback,False
2510,376,9.53869969845,8.6595321728,-0.013743371658000037,0.0008114433190000269,-0.015822766941000026,0.0005298247554000213,-0.014576294834217234,0.0005084417542562534,-0.9982608091477558,0.058939835461044705,2,2,instant_velocity,dbscan_kmeans_fallback,False
2510,380,11.52864731,13.3153075456,-0.006208720729999939,0.00825762907000005,-0.006204511430000004,0.008257629069999979,-0.00714965626957865,0.009496793044851237,-0.6009591047007441,0.7992785613435244,10,10,instant_velocity,dbscan_kmeans_fallback,False
2510,381,11.1994798785,12.9100632057,-0.014900929759999926,0.020381546900000026,-0.009959208988000014,0.018209742718000008,-0.012684752321056102,0.019344873633387473,-0.590189910692965,0.8072639451657647,10,10,instant_velocity,dbscan_kmeans_fallback,False
2510,382,12.3263100754,12.7802322747,-0.01168081358999995,0.011932989990000031,-0.0076946044079999965,0.011603639462000003,-0.00992111219428674,0.012809921232765606,-0.6995151444098672,0.7146169358650305,10,10,instant_velocity,dbscan_kmeans_fallback,False
2510,383,11.8308752074,12.469974535,-0.011175697320000033,0.014916237480000127,-0.011221999644,0.016228866380000005,-0.012401126320435366,0.015672814898896256,-0.5996053816177414,0.8002951413591349,10,10,instant_velocity,dbscan_kmeans_fallback,False
2510,384,14.1057925773,0.676123212588,-0.012859418199999872,-0.0039856186551999965,-0.003695767325999988,-0.02514042330184,-0.006503326030564721,-0.023347458984498852,-0.9551734418143503,-0.29604427116670806,-1,-1,instant_velocity,dbscan_kmeans_fallback,False
2510,386,15.0667762679,3.32357637081,-0.005766743999999946,0.040619897911,-0.005766743999999946,0.040619897911,-0.003788750809470002,0.026692284783474,-0.14055899685275394,0.990072058449532,-1,-1,instant_velocity,dbscan_kmeans_fallback,False
2520,114,0.55625928474,5.37605064835,-0.0190891854431,-0.0017660825170000116,-0.019080766838599997,-0.0036705877194000004,-0.018907724345195463,-0.0035557548301248846,-0.995747022211632,-0.09212396267638759,0,0,instant_velocity,dbscan_kmeans_fallback,False
2520,115,1.49009297615,6.44811046866,-0.01683720877000001,-0.004176546494999922,-0.016950859929199997,-0.004176546494999993,-0.016327431162591367,-0.004303811158061841,-0.9705845977520565,-0.24075794006100326,0,0,instant_velocity,dbscan_kmeans_fallback,False
2520,116,1.44589530313,5.96052849784,-0.01849988313600002,-0.004820927954999998,-0.017771673856800004,-0.004195639278999987,-0.016797667570021074,-0.00451216454996419,-0.9676822555023104,-0.2521705895552601,0,0,instant_velocity,dbscan_kmeans_fallback,False
2520,117,0.401146498946,4.51210217338,-0.0274867433171,-0.007302989871000065,-0.024935906188479996,-0.00790918576260001,-0.024667431697408124,-0.007767719289237889,-0.9664688751790583,-0.2567824177875052,0,0,instant_velocity,dbscan_kmeans_fallback,False
2520,121,5.5451242433,7.56551565092,0.0005893023070000503,0.0,0.0006019302133999993,0.0,0.0003668738092098704,0.00019709461328934502,0.9999830310687877,0.0,1,1,instant_velocity,dbscan_kmeans_fallback,False
2520,122,4.54667776324,9.63779869183,-0.025403138732000043,0.024701289270999995,-0.02914099907880001,0.0230593098484,-0.024604451242789156,0.024276426544184496,-0.7169412075525281,0.6971332300660449,2,2,instant_velocity,dbscan_kmeans_fallback,False
2520,123,5.81304632786,7.85572596737,-0.000357790685999948,0.000477319599999948,-0.00034937208199998794,0.00047731959940000123,-0.0007240825469445043,0.0007250415081234909,-0.5997764078140566,0.8001466954543718,1,1,instant_velocity,dbscan_kmeans_fallback,False
2520,124,4.1937277744,10.5881420143,-0.01698453434699996,0.028806237830000116,-0.0234373946078,0.0271451656196,-0.023759286296135895,0.02715181858417359,-0.507901447412933,0.8614148371375588,2,2,instant_velocity,dbscan_kmeans_fallback,False
2520,125,12.5523496032,3.11952224205,0.058172556299999914,-0.016300464320999984,0.048251231033999996,-0.013317216824200005,0.04388433256585706,-0.012795433176752757,0.9629116301668782,-0.2698163476067005,3,3,instant_velocity,dbscan_kmeans_fallback,False
2520,126,12.4574298387,2.1622577854,0.0568255795999999,-0.020691804635999976,0.051041998385599995,-0.020424505659600002,0.04496805274124624,-0.017748740469932425,0.9396447054035091,-0.3421512777928832,3,3,instant_velocity,dbscan_kmeans_fallback,False
2520,127,6.73488350802,8.28483628725,-0.012627906576999947,0.017732423118000006,-0.018167348262799993,0.01669663958780001,-0.018972669520747037,0.016348380726862517,-0.5800781387108556,0.8145602704931092,2,2,instant_velocity,dbscan_kmeans_fallback,False
2520,128,6.44275793586,7.4917697728,-0.012228022869000021,0.01785175301799997,-0.02044037144680001,0.015598804509199997,-0.02023338750466823,0.015918363905591135,-0.5651137456108889,0.8250124424691601,2,2,instant_velocity,dbscan_kmeans_fallback,False
2520,129,7.09393698504,6.90037078911,-0.021698952802000005,0.010453299227000024,-0.027364673553399985,0.0122766600972,-0.02626422190367872,0.010843265633255755,-0.9009094998170543,0.43400604001344145,2,2,instant_velocity,dbscan_kmeans_fallback,False
2520,130,7.45046488074,8.27839247266,-0.02104651096299994,0.015131031301999975,-0.0241950690026,0.015813598329000006,-0.025246399304878885,0.013838336537029285,-0.811944633484071,0.5837337925671652,2,2,instant_velocity,dbscan_kmeans_fallback,False
2520,131,5.35717890041,9.37646621114,-0.03245371990399999,0.026849227467999982,-0.023109069036799993,0.033202351336000004,-0.02846787928043958,0.031489338430804856,-0.7704993533710219,0.6374404063324559,2,2,instant_velocity,dbscan_kmeans_fallback,False
2520,132,7.3073486062,7.50990791758,-0.019362790085000015,0.006610876452000003,-0.023121696943399998,0.010462845619399985,-0.02360757506511749,0.007926621231326243,-0.9463614690818122,0.32310832909765935,2,2,instant_velocity,dbscan_kmeans_fallback,False
2520,133,7.72638463946,8.59700330528,-0.034116394270999974,0.0220044335339999,-0.032849394310399994,0.023107041808199984,-0.03354625396718554,0.019810150618869975,-0.8403653708214482,0.5420198805192707,2,2,instant_velocity,dbscan_kmeans_fallback,False
2520,134,8.29548229589,7.14547440342,-0.024729650381000036,0.016706185979999955,-0.02502430153439999,0.017598773630799994,-0.02625921874914356,0.0162749458918371,-0.8286358990758932,0.5597873494524728,2,2,instant_velocity,dbscan_kmeans_fallback,False
2520,135,6.17757189773,5.83475478339,-0.055331277320000004,0.01501170140200001,-0.052856207631400004,0.005976041384800013,-0.05227044412456383,0.009573454133357962,-0.965111032371382,0.2618403069559781,-1,-1,instant_velocity,dbscan_kmeans_fallback,False
2520,136,9.46398458453,6.59488624548,-0.047691393841000004,-0.0008114433190000269,-0.04559937065140002,-0.006238567164600006,-0.04487463869092192,-0.006344746344653093,-0.9998550758720464,-0.017011994323117167,-1,-1,instant_velocity,dbscan_kmeans_fallback,False
2520,137,12.1364705466,5.55385219913,-0.033926975670000026,0.005393711472999918,-0.035168719818000016,0.010362608503599997,-0.03208468701266384,0.008174377610695307,-0.9875970047250171,0.15700819745615938,4,4,instant_velocity,dbscan_kmeans_fallback,False
2520,138,12.260224031,6.19680169956,-0.03466360355999996,0.006324484691999999,-0.03443630123799998,0.00623379396859999,-0.03162527240182564,0.005802586700151539,-0.983759500442018,0.17949004899002247,4,4,instant_velocity,dbscan_kmeans_fallback,False
2520,139,13.3176007418,6.39966252932,-0.05680453309000004,0.034820464778999936,-0.05680453309000004,0.034820464778999936,-0.037478363930640024,0.02475999958115399,-0.8525691376025726,0.5226141649737255,-1,-1,instant_velocity,dbscan_kmeans_fallback,False
2520,140,14.8811460412,6.71087490814,0.0,0.0,0.0,0.0,0.0,0.0,0.0,0.0,-1,-1,instant_velocity,dbscan_kmeans_fallback,False
2520,232,11.1014031374,7.88603576193,0.023866743429999993,-0.00558463931300004,0.018470418019999997,0.003126443376200001,0.01784247560563148,0.0015632254969909433,0.9736985913991423,-0.22783818196601,5,5,instant_velocity,dbscan_kmeans_fallback,False
2520,233,11.0125868612,7.27625997366,0.007471511399999997,-0.003030979456999994,0.005665720752000034,-0.0029402887326000025,0.005426072219206033,-0.0025551627846950734,0.926652231732325,-0.3759164281224112,5,5,instant_velocity,dbscan_kmeans_fallback,False
2520,238,11.1784333675,8.36860587695,0.012817325169999982,0.0010262371389998747,0.011011534534000021,0.004768422798199978,0.01079528594662968,0.003887012245760061,0.9968092394205408,0.07981093156518383,5,5,instant_velocity,dbscan_kmeans_fallback,False
2520,243,12.893724011,10.4115337625,0.017763255250000044,0.016395928239999868,0.018520929648000006,0.015799278740999973,0.01871654470908474,0.014719890260476005,0.7348221655456331,0.6782592112697066,6,6,instant_velocity,dbscan_kmeans_fallback,False
2520,244,11.4562473122,9.8249079748,0.022646045790000003,0.017780155077999994,0.028101301436000023,0.007751670294600004,0.026660182228378865,0.008942301872302426,0.7865401739773308,0.6175385494702753,6,6,instant_velocity,dbscan_kmeans_fallback,False
2520,245,11.8837019499,9.26668270327,0.03535813842,0.00859175278900004,0.03412481287400002,0.0067158867638000075,0.03280521361113941,0.006628667326256457,0.9717233259948603,0.23612121478460846,6,6,instant_velocity,dbscan_kmeans_fallback,False
2520,246,13.1728007464,4.70684856995,0.04287174284000006,-0.009737319827999968,0.040868114988,-0.0048591135222000046,0.04134599598668394,-0.005460201525435427,0.9751633871879946,-0.22148569562574041,7,7,instant_velocity,dbscan_kmeans_fallback,False
2520,247,13.7210623569,4.07583205951,0.03502139423999999,-0.004104948555000032,0.03788371973199997,-0.004252917630800006,0.0373746864164185,-0.003875279200951961,0.993200304071053,-0.11641558657209138,7,7,instant_velocity,dbscan_kmeans_fallback,False
2520,248,9.60162876623,5.01352641258,0.04282964980900008,0.0036276289559999952,0.0433936963026,0.00086872167100001,0.04354157897912645,0.0012834073416073714,0.9964319917740537,0.08439680366671427,8,8,instant_velocity,dbscan_kmeans_fallback,False
2520,249,9.664557834,4.36270113876,0.04630232411699993,0.007159793991000018,0.04397458000500001,0.0037230928754000024,0.04515310943476557,0.004793760133945986,0.9882545656798087,0.1528152038989071,8,8,instant_velocity,dbscan_kmeans_fallback,False
2520,250,9.37264272695,0.509061352789,0.028054999113000002,-0.0159186086409,0.051492393720999986,-0.01873002108142,0.04766550361256491,-0.018777872515279622,0.8697455130306307,-0.4934998708553836,-1,-1,instant_velocity,dbscan_kmeans_fallback,False
2520,251,5.93932539363,8.81012650642,0.025255813154999984,0.015512886980999951,0.028635882815600002,0.011508175542199978,0.02793568804772822,0.01300850530942679,0.8520967377271642,0.5233836783680571,9,9,instant_velocity,dbscan_kmeans_fallback,False
2520,252,5.30582541366,8.86143836336,0.019994185414000044,0.008353092990000022,0.0300081153304,0.011622732245999998,0.027426360441125966,0.01123932556158623,0.9227126423465162,0.3854872976806668,9,9,instant_velocity,dbscan_kmeans_fallback,False
2520,253,0.791769742411,7.18819450757,0.038136277864099996,0.020142887095999918,0.038136277864099996,0.020142887095999918,0.0194539214780073,0.010272872418959977,0.8842370399172227,0.467037893016834,10,10,instant_velocity,dbscan_kmeans_fallback,False
2520,254,0.574990679497,6.38940015793,0.0311488362246,0.02577525836900003,0.0311488362246,0.02577525836900003,0.009344650867380002,0.00773257751070001,0.7704316549323518,0.6375222116919603,10,10,instant_velocity,dbscan_kmeans_fallback,False
2520,255,0.24729650381,3.89349597253,0.0,0.0,0.0,0.0,0.0,0.0,0.0,0.0,-1,-1,instant_velocity,dbscan_kmeans_fallback,False
2520,321,4.63023241176,4.89252589413,-0.01727918549999998,-0.011932989984999942,-0.01858406918,-0.016376835456199997,-0.018446522748013446,-0.014618114554159446,-0.8228492178234906,-0.5682589306916556,-1,-1,instant_velocity,dbscan_kmeans_fallback,False
2520,322,6.94534861764,8.6633507296,-0.01902604591000001,0.020548608755999887,-0.026939534032200018,0.013364948783999981,-0.025853919111433508,0.010369191932312345,-0.6793992587425561,0.7337683101920526,2,2,instant_velocity,dbscan_kmeans_fallback,False
2520,323,13.6381391037,10.6203610872,0.011407208940000047,0.02883010379999984,0.01586906926600001,0.03027638219059998,0.016811826353336192,0.027838881077972097,0.36791707431081927,0.929858258752393,-1,-1,instant_velocity,dbscan_kmeans_fallback,False
2520,324,3.02754060196,11.9420590581,0.021867324890000005,-0.008281495049999954,0.019299650552600002,-0.005546453743999997,0.019840588467201378,-0.006866673803395498,0.9351814630808144,-0.35416772267819346,11,11,instant_velocity,dbscan_kmeans_fallback,False
2520,325,3.26831268737,12.4780889682,0.01765802269700001,-0.008472422890000076,0.0161342553038,-0.007513010496000021,0.016349226016669435,-0.007656200031878682,0.9015908675494,-0.43258858790221877,11,11,instant_velocity,dbscan_kmeans_fallback,False
2520,376,9.41347295822,8.64664454362,-0.012522674022999957,-0.0012887629179999748,-0.014602069305600018,0.00045345361940000826,-0.01396020859085205,-3.0719647420615127e-05,-0.9947452261017403,-0.10237356317850613,-1,-1,instant_velocity,dbscan_kmeans_fallback,False
2520,380,11.4665601026,13.3978838363,-0.00620872073999994,0.00825762907000005,-0.006204511431999968,0.008257629070000015,-0.006867375610705037,0.00912504385239588,-0.6009591053191025,0.7992785608785957,12,12,instant_velocity,dbscan_kmeans_fallback,False
2520,381,11.0502601158,13.1138786747,-0.01492197626999996,0.020381546900000026,-0.011668185678000001,0.01895913449000002,-0.01335591950573926,0.01965587561337124,-0.590732747824195,0.8068667974865203,12,12,instant_velocity,dbscan_kmeans_fallback,False
2520,382,12.2092914745,12.8995621745,-0.011701860089999983,0.01193298998000003,-0.00871746483999999,0.011388845641999979,-0.010455336563000715,0.012546841856935933,-0.7001579464719544,0.713987152077396,12,12,instant_velocity,dbscan_kmeans_fallback,False
2520,383,11.7256426526,12.6291606214,-0.01052325548000006,0.01591860864000001,-0.011070464766000009,0.015832691112,-0.011837765068304775,0.015746553021227384,-0.5514613659151266,0.8341998044964971,12,12,instant_velocity,dbscan_kmeans_fallback,False
2520,384,14.2375437359,0.711444862946,0.013175115859999842,0.0035321650357999944,-0.0029759766520000143,-0.01792335095848,-0.0005997934633953511,-0.015283571778409197,0.9658902243524562,0.25894904569581517,-1,-1,instant_velocity,dbscan_kmeans_fallback,False
2520,386,15.0091088278,3.73001400972,-0.005766744009999947,0.040643763890999995,-0.005766744009999947,0.040643763890999995,-0.004382148769628985,0.0308777285157318,-0.14047809024545072,0.9900835414046307,-1,-1,instant_velocity,dbscan_kmeans_fallback,False
2530,114,0.3651569652,5.35838982317,-0.019110231953999995,-0.0017660825180000118,-0.0190933947452,-0.0022052165492000065,-0.018968476627836822,-0.0030188531364874227,-0.9957563247607004,-0.09202336432027045,0,0,instant_velocity,dbscan_kmeans_fallback,False
2530,115,1.30867205165,6.39799191072,-0.01814209245,-0.005011855794000031,-0.017106604110400003,-0.004343608354799997,-0.016871829548813957,-0.004516224548843298,-0.963894785091647,-0.26628139376877585,0,0,instant_velocity,dbscan_kmeans_fallback,False
2530,116,1.26510577396,5.90086354792,-0.018078952916999992,-0.005966494992000015,-0.018647208712799998,-0.004357927942599993,-0.01718205317411475,-0.004948463682574938,-0.9496212639639009,-0.31339815650548947,0,0,instant_velocity,dbscan_kmeans_fallback,False
2530,117,0.126279065775,4.43907227467,-0.027486743317100003,-0.007302989870999976,-0.0272552316965,-0.007360268223199995,-0.02551322518331569,-0.007628300463766515,-0.9664688751790592,-0.25678241778750227,0,0,instant_velocity,dbscan_kmeans_fallback,False
2530,121,5.55122773148,7.56551565092,0.0006103488179999949,0.0,0.0006019302133999993,0.0,0.00043991631184690783,0.0001379662293025415,0.999983616194761,0.0,1,1,instant_velocity,dbscan_kmeans_fallback,False
2530,122,4.36546730385,9.88409560513,-0.01812104593899999,0.024629691330000016,-0.026244999170399998,0.02367505213160001,-0.022659429651652407,0.024382405979929155,-0.5926232790183691,0.8054793573356169,2,2,instant_velocity,dbscan_kmeans_fallback,False
2530,123,5.80946842099,7.86049916336,-0.0003577906870000369,0.0004773195990000367,-0.00035358138419999463,0.00047731959940000123,-0.000614194988961164,0.0006507249353864546,-0.5997764096918745,0.8001466940467843,1,1,instant_velocity,dbscan_kmeans_fallback,False
2530,124,4.05145336029,10.8828868669,-0.014227441411000009,0.029474485259999916,-0.020276208661399994,0.02796138213380001,-0.020899732830595128,0.027848618586921486,-0.43470877924661816,0.9005707446730877,2,2,instant_velocity,dbscan_kmeans_fallback,False
2530,125,13.2271007446,2.96510935164,0.06747511413999999,-0.015441289041000016,0.05424106805199998,-0.014539154998600009,0.05096156703809994,-0.013589189936026935,0.9748005723196151,-0.22307746472704848,3,3,instant_velocity,dbscan_kmeans_fallback,False
2530,126,13.0482054015,2.01667530758,0.05907755628000011,-0.014558247782000011,0.05563434708000003,-0.019975825236000003,0.0492009038028724,-0.0167915926635527,0.9709533503774241,-0.23926818151655593,3,3,instant_velocity,dbscan_kmeans_fallback,False
2530,127,6.60860444224,8.46216051844,-0.012627906578000036,0.017732423118999918,-0.01618055762800001,0.01706894887559999,-0.017069240637922936,0.01676359344450374,-0.5800781387196341,0.8145602704868579,2,2,instant_velocity,dbscan_kmeans_fallback,False
2530,128,6.36383351975,7.67816307638,-0.007892441610999956,0.018639330358000007,-0.0159069529854,0.016863701447799997,-0.016531103736567746,0.016734653841313795,-0.38991512992582694,0.9208502611081305,2,2,instant_velocity,dbscan_kmeans_fallback,False
2530,129,6.91588350229,7.03020172016,-0.01780534827500002,0.012983093104999987,-0.023757301574599998,0.011870938437799995,-0.02372655981507511,0.011485213874779025,-0.8080065877149255,0.589172679788888,2,2,instant_velocity,dbscan_kmeans_fallback,False
2530,130,7.23999977112,8.42946412588,-0.021046510962000033,0.015107165321999894,-0.023235348102600018,0.015765866368999983,-0.023986432802015227,0.014218985172520467,-0.8123810230527708,0.5831263168452195,2,2,instant_velocity,dbscan_kmeans_fallback,False
2530,131,5.11261844302,9.62658168124,-0.024456045739000044,0.025011547009999902,-0.024771743403000014,0.03046253683539998,-0.027264329218007716,0.02954600100456337,-0.6991219755102,0.7150020221099055,2,2,instant_velocity,dbscan_kmeans_fallback,False
2530,132,7.1389765185,7.66885534419,-0.01683720876999999,0.015894742661000015,-0.020701348182799995,0.010061897155799996,-0.021576465176582238,0.010317057660228376,-0.7271651467674188,0.686461933079448,2,2,instant_velocity,dbscan_kmeans_fallback,False
2530,133,7.45362185739,8.77385021687,-0.027276278207000005,0.01768469115900011,-0.03253369664580001,0.022047392297600013,-0.03166526123912988,0.019172512780909017,-0.8390737865711121,0.5440170635638542,2,2,instant_velocity,dbscan_kmeans_fallback,False
2530,134,8.04818579208,7.31253626322,-0.024729650381000036,0.016706185980000045,-0.024919068979599997,0.0172789694992,-0.025800348238700505,0.016404317918285984,-0.8286358990758917,0.5597873494524748,2,2,instant_velocity,dbscan_kmeans_fallback,False
2530,135,5.67203470441,6.01255633418,-0.050553719332000036,0.017780155078999993,-0.0529067192576,0.009842330140200008,-0.05175542668679469,0.012035464417050572,-0.943354650447496,0.33178551847589105,-1,-1,instant_velocity,dbscan_kmeans_fallback,False
2530,136,8.98686018101,6.58701047209,-0.04771244035199995,-0.0007875773389999452,-0.046470696205800015,-0.003532165035799988,-0.04572597918924533,-0.004677595642957148,-0.9998635818997068,-0.016504498478508794,-1,-1,instant_velocity,dbscan_kmeans_fallback,False
2530,137,11.7969903247,5.60778931387,-0.03394802219000006,0.005393711474000007,-0.034823557039999994,0.010310103347599995,-0.03264368756586471,0.007340177769686717,-0.9876120940799427,0.15691325562021355,4,4,instant_velocity,dbscan_kmeans_fallback,False
2530,138,11.9135879955,6.25980788668,-0.034663603549999956,0.006300618712000006,-0.03452890588399999,0.005995134168800007,-0.032536771746277934,0.005951996303706079,-0.9838788945149458,0.17883442972629876,4,4,instant_velocity,dbscan_kmeans_fallback,False
2530,139,12.7672344801,6.53736923375,-0.055036626169999894,0.01377067044300002,-0.055036626169999894,0.01377067044300002,-0.042745842602447987,0.0214632008397078,-0.9700945578745023,0.24272658745058404,-1,-1,instant_velocity,dbscan_kmeans_fallback,False
2530,140,14.4738960541,6.75717490929,-0.040724998709999835,0.004630000114999966,-0.040724998709999835,0.004630000114999966,-0.012217499612999953,0.00138900003449999,-0.9935991005854722,0.1129616720858238,4,4,instant_velocity,dbscan_kmeans_fallback,False
2530,141,15.076668128,5.92998004348,0.0,0.0,0.0,0.0,0.0,0.0,0.0,0.0,-1,-1,instant_velocity,dbscan_kmeans_fallback,False
2530,232,11.3398601066,7.8304280286,0.023845696919999958,-0.005560773332999957,0.02308381322399999,0.0019617835536000073,0.019643441999942023,-0.0005739741520063273,0.9738699281165473,-0.2271047033873435,5,5,instant_velocity,dbscan_kmeans_fallback,False
2530,233,11.2756682482,7.2464274987,0.026308138699999973,-0.0029832474960000076,0.009980255498000013,-0.003030979456399994,0.011690692163444216,-0.0026835881980865534,0.9936316042049157,-0.11267421952548808,5,5,instant_velocity,dbscan_kmeans_fallback,False
2530,238,11.3162880143,8.38077752674,0.013785464679999925,0.001217164978999996,0.013499232130000004,0.004911618678199971,0.011692339566640755,0.0030860580657320414,0.9961240645094079,0.08795113942143812,5,5,instant_velocity,dbscan_kmeans_fallback,False
2530,243,13.0421019133,10.5234652086,0.014837790230000003,0.011193144609999983,0.01759067386399998,0.015035567382599986,0.01755291836535932,0.013661866565333197,0.798322907982702,0.6022287426910261,-1,-1,instant_velocity,dbscan_kmeans_fallback,False
2530,244,11.6467182365,10.0521121041,0.019047092429999957,0.022720412930000045,0.026346022424,0.011446123993600033,0.02437625528886519,0.013075735189611713,0.6424390159393673,0.7663363727628709,6,6,instant_velocity,dbscan_kmeans_fallback,False
2530,245,12.0495484563,9.51632085377,0.01658465063999994,0.024963815050000095,0.030824719955999988,0.010682412635000027,0.02793904471979757,0.012129211643379548,0.553362002939619,0.8329404698923647,6,6,instant_velocity,dbscan_kmeans_fallback,False
2530,246,13.5101763171,4.64288774363,0.03373755707000008,-0.0063960826319999775,0.03962637084000001,-0.006281525928399994,0.03906346431167878,-0.005740965857404793,0.9824991353917646,-0.18626558060489248,7,7,instant_velocity,dbscan_kmeans_fallback,False
2530,247,14.1287332743,4.02356556337,0.04076709174000008,-0.005226649613999967,0.037382812771999986,-0.0043722475308000065,0.038392408013492973,-0.004280690324866363,0.9918811183384837,-0.1271666641653276,7,7,instant_velocity,dbscan_kmeans_fallback,False
2530,248,10.0297147992,5.09586404348,0.04280860329700005,0.008233763089999967,0.043006440500800006,0.0013221752904000006,0.04332168627448853,0.0033685140661251505,0.9820005234379383,0.18887697896022143,8,8,instant_velocity,dbscan_kmeans_fallback,False
2530,249,10.1063240991,4.40923979971,0.044176626510000004,0.004653866094999959,0.04452178929,0.004653866094399994,0.044860164557335894,0.004751791922262178,0.9944965659500952,0.10476702762311124,8,8,instant_velocity,dbscan_kmeans_fallback,False
2530,250,9.61467760302,0.352023204577,0.024203487607000085,-0.0157038148212,0.04510688229480001,-0.015961567404860003,0.04062689881089546,-0.017855655207055735,0.8388936531377261,-0.5442947230358953,-1,-1,instant_velocity,dbscan_kmeans_fallback,False
2530,251,6.19146259496,8.97026723203,0.025213720133000005,0.01601407256100007,0.026362859631600007,0.01171342296999999,0.027119097673309757,0.013910175484898774,0.8441313012707,0.5361358751606001,9,9,instant_velocity,dbscan_kmeans_fallback,False
2530,252,5.4882986637,8.95881156164,0.018247325004000014,0.009737319827999968,0.027444650295000005,0.010615587891199993,0.02467264980998818,0.010788723841510351,0.8822438175469246,0.47079175801641515,9,9,instant_velocity,dbscan_kmeans_fallback,False
2530,253,1.17334298616,7.38962337853,0.038157324374900006,0.020142887096000005,0.038157324374900006,0.020142887096000005,0.02506494234707511,0.013233876822071985,0.884343413618055,0.46683644166406246,10,10,instant_velocity,dbscan_kmeans_fallback,False
2530,254,0.886479041743,6.64715274162,0.031148836224599998,0.02577525836900003,0.031148836224599998,0.02577525836900003,0.015885906474546,0.013145381768190016,0.7704316549323518,0.6375222116919604,10,10,instant_velocity,dbscan_kmeans_fallback,False
2530,255,0.615610445655,3.92762432388,0.0368313941845,0.003412835135000014,0.0368313941845,0.003412835135000014,0.011049418255350002,0.0010238505405000043,0.9957341459065361,0.09226575733859067,-1,-1,instant_velocity,dbscan_kmeans_fallback,False
2530,321,4.55509636763,4.7476593957,-0.007513604412999975,-0.014486649842999988,-0.016041650655600002,-0.014868505522199999,-0.015166647247509404,-0.014578675140811608,-0.46041386192348316,-0.8877036950479745,-1,-1,instant_velocity,dbscan_kmeans_fallback,False
2530,322,6.80496838952,8.90201052931,-0.014038022811999973,0.023865979970999974,-0.023534208558399997,0.016548670511999965,-0.022309150221603447,0.014418228343918635,-0.5069987747603245,0.8619463556796687,2,2,instant_velocity,dbscan_kmeans_fallback,False
2530,323,13.6697088702,10.9306188269,0.0031569766499998765,0.03102577397000008,0.011958627529999965,0.030009083216400008,0.012715371442335296,0.02879494894558049,0.10123061570308678,0.9948626644571583,-1,-1,instant_velocity,dbscan_kmeans_fallback,False
2530,324,3.28030919862,11.9141358615,0.025276859665999973,-0.0027923196599999754,0.0208991853858,-0.0054223506499999985,0.021471469826840957,-0.005644367560376841,0.9939531493692692,-0.10980141349741927,11,11,instant_velocity,dbscan_kmeans_fallback,False
2530,325,3.4415254726,12.4064910283,0.017321278523000007,-0.007159793990000019,0.016630952962599997,-0.007603701218000012,0.016640841768568608,-0.0075072782193150835,0.9241601294392167,-0.3820039110721793,11,11,instant_velocity,dbscan_kmeans_fallback,False
2530,376,9.28824621799,8.63375691443,-0.012522674022999957,-0.0012887629190000637,-0.013469767016200009,0.0003293505235999916,-0.013528948220496422,-0.0004081326288944497,-0.9947452260936502,-0.10237356325711613,-1,-1,instant_velocity,dbscan_kmeans_fallback,False
2530,381,10.9012508182,13.3176941436,-0.014900929760000103,0.020381546890000025,-0.013372953064000015,0.01970852626000003,-0.013819422582017512,0.019873576996359874,-0.5901899108816756,0.8072639450277984,12,12,instant_velocity,dbscan_kmeans_fallback,False
2530,382,12.0924833386,13.0188920744,-0.011680813590000127,0.011932989990000031,-0.00990448806,0.011608412657999985,-0.010822979671100538,0.012362686296855161,-0.6995151444098725,0.7146169358650252,12,12,instant_velocity,dbscan_kmeans_fallback,False
2530,383,11.6250403302,12.795267842,-0.010060232240000033,0.016610722059999895,-0.01082632523800001,0.015574938528000005,-0.011304505219813351,0.016005803732859137,-0.5180426183162209,0.8553542048334788,12,12,instant_velocity,dbscan_kmeans_fallback,False
2530,384,14.4345390786,0.765143317881,0.019699534270000107,0.005369845493500003,0.001435372048000012,-0.00966094869238,0.005490004856623287,-0.009087546596836436,0.9647975885420152,0.2629916987865918,-1,-1,instant_velocity,dbscan_kmeans_fallback,False
2530,386,14.9514413878,4.13621298883,-0.005766744000000124,0.04061989791099996,-0.005766744004000017,0.040629444303199994,-0.004797527338740327,0.03380037933431225,-0.14055899685275833,0.9900720584495314,-1,-1,instant_velocity,dbscan_kmeans_fallback,False
2540,114,0.17426511077,5.34072899799,-0.019089185443,-0.0017660825179999229,-0.0190976040474,-0.0017660825177999938,-0.019004689272385775,-0.0026430219509411728,-0.9957470222068032,-0.0921239627285817,0,0,instant_velocity,dbscan_kmeans_fallback,False
2540,115,1.12577787139,6.34715737338,-0.018289418025999992,-0.00508345373400001,-0.017388627357200002,-0.004524989802599997,-0.017297106091969768,-0.004686393304390312,-0.9634758226916297,-0.26779336343659876,0,0,instant_velocity,dbscan_kmeans_fallback,False
2540,116,1.08431624479,5.84119859799,-0.018078952916999992,-0.005966494993000016,-0.018487255229599996,-0.0048209279541999986,-0.017451123096980322,-0.005253873075702461,-0.9496212639482685,-0.3133981565528568,0,0,instant_velocity,dbscan_kmeans_fallback,False
2540,121,5.55733121966,7.56551565092,0.0006103488179999949,0.0,0.0006061395156000061,0.0,0.000491046063692834,9.657636051177904e-05,0.999983616194761,0.0,1,1,instant_velocity,dbscan_kmeans_fallback,False
2540,122,4.2570777724,10.1299151988,-0.01083895314500003,0.024581959366999938,-0.0218967900054,0.024281248021999994,-0.019113286699656694,0.02444227199605039,-0.4034521987537523,0.915000316323583,2,2,instant_velocity,dbscan_kmeans_fallback,False
2540,123,5.80610097924,7.86527235936,-0.0003367441750000033,0.000477319599999948,-0.00034937208200000566,0.00047731959939998345,-0.0005309597447728158,0.0005987033347705026,-0.5764592961602518,0.8171049155028747,1,1,instant_velocity,dbscan_kmeans_fallback,False
2540,124,3.90917894618,11.1776317196,-0.014227441411000009,0.029474485270000093,-0.01844516220760001,0.028419608950200015,-0.018898045404716592,0.02833637859184507,-0.43470877912700046,0.9005707447308279,2,2,instant_velocity,dbscan_kmeans_fallback,False
2540,125,13.9018518861,2.81045780143,0.06747511414999999,-0.015465155020999965,0.060235114374,-0.015761093172999993,0.055915631171669956,-0.014151979461518843,0.9747255469284767,-0.22340505645780923,3,3,instant_velocity,dbscan_kmeans_fallback,False
2540,126,13.6486623592,1.89734540772,0.06004569576999987,-0.011932989985999986,0.057541160971999974,-0.017827887038599995,0.05245434139301064,-0.015334011860286885,0.9808189903210587,-0.19491993621676768,3,3,instant_velocity,dbscan_kmeans_fallback,False
2540,127,6.48232537647,8.63948474963,-0.012627906576999947,0.017732423119000095,-0.0147578134868,0.0173314746552,-0.01573684041964604,0.017054242346852645,-0.5800781386891484,0.8145602705085677,2,2,instant_velocity,dbscan_kmeans_fallback,False
2540,128,6.28490910364,7.86455637996,-0.007892441610999956,0.018639330358000007,-0.012215394962599983,0.01784697982259999,-0.013939505098897409,0.01730605679631966,-0.38991512992582694,0.9208502611081305,2,2,instant_velocity,dbscan_kmeans_fallback,False
2540,129,6.74751141459,7.1667151256,-0.01683720876999999,0.013651340543999968,-0.019952092392599995,0.01159409307019999,-0.021659754501552574,0.012135051875545307,-0.776765554140498,0.6297891323480209,2,2,instant_velocity,dbscan_kmeans_fallback,False
2540,130,7.04447768428,8.55380588153,-0.019552208683999962,0.012434175565000061,-0.022094627208399976,0.014978289030000003,-0.022656165566610646,0.013683542290264344,-0.8438201864167361,0.5366252228978509,2,2,instant_velocity,dbscan_kmeans_fallback,False
2540,131,4.87689752024,9.87478787294,-0.023572092277999966,0.024820619170000134,-0.026573324741400003,0.027717949138600026,-0.02615665813600539,0.0281283864541944,-0.6886341477409305,0.7251085617243936,2,2,instant_velocity,dbscan_kmeans_fallback,False
2540,132,6.9706044308,7.8280414306,-0.01683720876999999,0.01591860864100001,-0.018466208718400007,0.009913928080000006,-0.020154688254607565,0.011997522954459867,-0.7266507989753859,0.6870063705671535,2,2,instant_velocity,dbscan_kmeans_fallback,False
2540,133,7.18085907531,8.95069712845,-0.027276278208000004,0.01768469115800002,-0.03222220828379999,0.020987742786800025,-0.030348566329790917,0.01872616629403632,-0.8390737865942595,0.5440170635281524,2,2,instant_velocity,dbscan_kmeans_fallback,False
2540,134,7.81646370638,7.47697286522,-0.023172208569999953,0.016443660199999943,-0.02450234806259999,0.016906660211599985,-0.02501190633809034,0.01641612060280017,-0.8155256768110284,0.5787202835390132,2,2,instant_velocity,dbscan_kmeans_fallback,False
2540,135,5.19848820775,6.20849602975,-0.047354649666000004,0.01959396955699999,-0.05217850997840001,0.014128660143200005,-0.05043519358055629,0.014303015959035398,-0.9240239449236165,0.3823340933672187,-1,-1,instant_velocity,dbscan_kmeans_fallback,False
2540,136,8.51162996348,6.58701047209,-0.04752302175299992,0.0,-0.047051579908400004,-0.0020047423175999944,-0.0462650919583717,-0.0032743169500700033,-0.9999997895757144,0.0,-1,-1,instant_velocity,dbscan_kmeans_fallback,False
2540,137,11.4514066147,5.6645903462,-0.03455837099999996,0.005680103233000011,-0.03463413844000002,0.0086108455736,-0.03321809259610528,0.0068421554086807055,-0.9867598493664422,0.16218640081677863,4,4,instant_velocity,dbscan_kmeans_fallback,False
2540,138,11.5669519599,6.32305273361,-0.03466360355999996,0.0063244846929999985,-0.03457520820999999,0.006104917676799992,-0.03317482129039454,0.006063742820494255,-0.9837595004370069,0.17949004901748833,4,4,instant_velocity,dbscan_kmeans_fallback,False
2540,139,12.2166577533,6.67507593819,-0.0550576726800001,0.013770670444000021,-0.05627837031400002,0.028510299673800005,-0.046439391625713616,0.019155441720995467,-0.9701164024674366,0.2426392657085689,4,4,instant_velocity,dbscan_kmeans_fallback,False
2540,140,14.0664356018,6.80323625063,-0.04074604523000005,0.0046061341340000615,-0.04074604523000005,0.0046061341340000615,-0.02077606329809998,0.0023541402643500117,-0.9936707738577878,0.11232945046786341,4,4,instant_velocity,dbscan_kmeans_fallback,False
2540,141,14.6372169791,6.02114808697,-0.04394511488999999,0.009116804349000062,-0.04394511488999999,0.009116804349000062,-0.013183534467,0.0027350413047000192,-0.9791508169461149,0.20313353255773697,4,4,instant_velocity,dbscan_kmeans_fallback,False
2540,232,11.5610589368,7.77959349126,0.022119883020000054,-0.00508345373400001,0.023298487634000012,-0.00043913403139999473,0.02038637430595943,-0.0019268180266044323,0.974594389100172,-0.22397521189091335,5,5,instant_velocity,dbscan_kmeans_fallback,False
2540,233,11.5387496352,7.21659502374,0.026308138699999973,-0.0029832474960000076,0.014164301877999996,-0.0030166598681999977,0.016075926124410944,-0.00277348598746059,0.9936316042049157,-0.11267421952548808,5,5,instant_velocity,dbscan_kmeans_fallback,False
2540,238,11.4930787064,8.39987031071,0.017679069210000085,0.0019092783970000582,0.015452348348000022,0.0043292887667999835,0.013488358459648554,0.0027330241651124464,0.994218335005921,0.10737214535335611,5,5,instant_velocity,dbscan_kmeans_fallback,False
2540,243,13.1711170255,10.6003136641,0.01290151121999994,0.007684845550000041,0.01627316227599998,0.013565423016199993,0.016157496221751506,0.01186876026073325,0.8591349678478284,0.5117477651982264,6,6,instant_velocity,dbscan_kmeans_fallback,False
2540,244,11.7414275358,10.2229925207,0.009470929929999983,0.01708804165999993,0.022679720213999985,0.014009330242599987,0.01990465768120563,0.014279427130728179,0.48476527479874737,0.8746437015485685,6,6,instant_velocity,dbscan_kmeans_fallback,False
2540,245,12.1684612432,9.80676983003,0.011891278689999929,0.029044897625999867,0.026590161949999996,0.0154699282176,0.023124714910858275,0.017203917438165642,0.378885871507667,0.9254430609832082,6,6,instant_velocity,dbscan_kmeans_fallback,False
2540,246,13.8081949123,4.59324650529,0.029801859519999852,-0.004964123834000045,0.037900556941999994,-0.0070643300714000115,0.0362849828741751,-0.005507913250383368,0.9864089049041513,-0.16430706116235683,7,7,instant_velocity,dbscan_kmeans_fallback,False
2540,247,14.5366146567,3.97153772703,0.04078813823999994,-0.005202783634000019,0.037067115105999984,-0.004496350626599996,0.03911112708144506,-0.00455731831760646,0.9919624026446429,-0.12653104497330675,7,7,instant_velocity,dbscan_kmeans_fallback,False
2540,248,10.4580112973,5.17820167438,0.042829649809999995,0.008233763090000058,0.0428212312046,0.002701628932800002,0.04317407533514197,0.004828088773287623,0.9820177347109708,0.1887874734829325,8,8,instant_velocity,dbscan_kmeans_fallback,False
2540,249,10.5337787368,4.43907227467,0.04274546377000003,0.0029832474960000076,0.0447785567248,0.005250515593599996,0.04422575432113514,0.004221228594383526,0.997573237982208,0.06962160664111655,8,8,instant_velocity,dbscan_kmeans_fallback,False
2540,250,9.70244155374,0.202860829756,0.008776395071999944,-0.014916237482099998,0.03503402214839999,-0.014687124074379998,0.031071747689226804,-0.016973829889569015,0.5071115981187029,-0.8618797314171177,-1,-1,instant_velocity,dbscan_kmeans_fallback,False
2540,251,6.44023235454,9.17646929898,0.024876975958,0.020620206695000042,0.024068789936799995,0.013016505476400013,0.02644646115871683,0.015923184847929154,0.7699018745373296,0.6381618012828618,9,9,instant_velocity,dbscan_kmeans_fallback,False
2540,252,5.66635214645,9.06000331672,0.01780534827500002,0.010119175508000034,0.0237152085526,0.009995072411999999,0.022612459349491732,0.010587859341457256,0.8694036888549566,0.4941014564246679,9,9,instant_velocity,dbscan_kmeans_fallback,False
2540,253,1.50587785937,7.51348781458,0.033253487320999996,0.012386443605000075,0.033253487320999996,0.012386443605000075,0.027521505839252575,0.012979646856950413,0.9371013061462846,0.34905669798495614,10,10,instant_velocity,dbscan_kmeans_fallback,False
2540,254,1.19523135756,6.83808058139,0.030875231581700004,0.019092783976999962,0.030875231581700004,0.019092783976999962,0.020382704006692204,0.014929602430833,0.8505169869779847,0.525947054297218,10,10,instant_velocity,dbscan_kmeans_fallback,False
2540,255,0.983924387499,3.96175267524,0.0368313941844,0.003412835136000014,0.0368313941844,0.003412835136000014,0.018784011034065004,0.0017405459191500074,0.9957341459040293,0.09226575736564384,-1,-1,instant_velocity,dbscan_kmeans_fallback,False
2540,321,4.47996032349,4.60279289727,-0.007513604413999975,-0.014486649843000077,-0.013495022829199996,-0.013360175588000001,-0.012870734397456575,-0.014551067551468148,-0.4604138619717687,-0.887703695022931,-1,-1,instant_velocity,dbscan_kmeans_fallback,False
2540,322,6.60860444224,8.97527908782,-0.019636394728000005,0.007326855851000147,-0.021248557467799998,0.016419794220200002,-0.021507323573522412,0.01229081659604309,-0.9369046010038155,0.3495837730286312,2,2,instant_velocity,dbscan_kmeans_fallback,False
2540,323,13.7012786366,11.2408765665,0.003156976640000053,0.03102577396000008,0.008932139251999977,0.029989990432000013,0.009847853001634724,0.029464196449906367,0.10123061541801506,0.9948626644861652,6,6,instant_velocity,dbscan_kmeans_fallback,False
2540,324,3.55622895734,11.9222502947,0.02759197587200002,0.0008114433199999382,0.022957534158,-0.004577494958000017,0.023307621640388677,-0.0037076242962638074,0.9995674832440884,0.029395950508591586,11,11,instant_velocity,dbscan_kmeans_fallback,False
2540,325,3.60147895591,12.3873982443,0.01599534833099998,-0.0019092783999999697,0.016862464583199996,-0.006644288823999993,0.01644719373729802,-0.00582787827352055,0.9929506627479037,-0.11852316144788241,11,11,instant_velocity,dbscan_kmeans_fallback,False
2540,376,9.16322994288,8.62086928525,-0.012501627511000101,-0.0012887629179999748,-0.013116185631800014,-0.0002720721716000085,-0.013220752007647527,-0.0006723217156261072,-0.9947276594811003,-0.10254409835200679,-1,-1,instant_velocity,dbscan_kmeans_fallback,False
2540,381,10.7522415205,13.5215096126,-0.014900929769999927,0.020381546899999846,-0.014905139064000004,0.02038632009199997,-0.014143874738412235,0.020025967967451864,-0.5901899109510814,0.8072639449770561,12,12,instant_velocity,dbscan_kmeans_fallback,False
2540,382,11.9754647377,13.1382219742,-0.011701860089999983,0.01193298998000003,-0.011095720580000013,0.01182320647800001,-0.011086643796770372,0.012233777401798622,-0.7001579464719544,0.713987152077396,12,12,instant_velocity,dbscan_kmeans_fallback,False
2540,383,11.5244380078,12.953737949,-0.010060232239999856,0.01584701070000012,-0.010599022920000003,0.01564176327200002,-0.010931223325869302,0.01595816582300143,-0.5359561423014989,0.8442451942623108,12,12,instant_velocity,dbscan_kmeans_fallback,False
2540,384,14.6313239561,0.819080432617,0.019678487749999897,0.0053937114736000045,0.006099278877999979,-0.0013221752903999984,0.00974654972463627,-0.004743169175705504,0.964428520283453,0.26434191699105347,-1,-1,instant_velocity,dbscan_kmeans_fallback,False
2540,386,14.8939844129,4.54241196795,-0.005745697489999912,0.040619897912000005,-0.005762534700000011,0.040629444303199994,-0.0050819783841182025,0.035846234907618575,-0.14005608854500923,0.9901433252540407,-1,-1,instant_velocity,dbscan_kmeans_fallback,False
2550,115,0.942883691122,6.29632283604,-0.018289418026799998,-0.00508345373400001,-0.017679069208559998,-0.004706371250399997,-0.017594799672418837,-0.004805511433273221,-0.9634758226946518,-0.2677933634257251,0,0,instant_velocity,dbscan_kmeans_fallback,False
2550,116,0.903316250513,5.78153364806,-0.01809999942770001,-0.005966494993000016,-0.01832730174614,-0.0052791547696000056,-0.017645785996196227,-0.005467659650891727,-0.9497296739110401,-0.3130694764233932,0,0,instant_velocity,dbscan_kmeans_fallback,False
2550,121,5.56322424273,7.56551565092,0.0005893023069999615,0.0,0.0006019302133999993,0.0,0.0005205229366849722,6.760345235824533e-05,0.9999830310687877,0.0,1,1,instant_velocity,dbscan_kmeans_fallback,False
2550,122,4.14868824094,10.3759734523,-0.010838953145999941,0.02460582535000011,-0.01812104593879999,0.02463923772160001,-0.016630986633559667,0.024491338002235304,-0.40312449688623314,0.915144740555498,2,2,instant_velocity,dbscan_kmeans_fallback,False
2550,123,5.80252307238,7.87004555535,-0.0003577906860000368,0.0004773195990000367,-0.00034937208180000565,0.00047731959940000123,-0.00047900902714098214,0.0005622882140393628,-0.5997764086185816,0.8001466948512854,1,1,instant_velocity,dbscan_kmeans_fallback,False
2550,124,3.74185918403,11.4327590455,-0.016731976215,0.025512732589999844,-0.0171108134126,0.02809025842599997,-0.018248224647801615,0.0274892847912915,-0.5484098538498691,0.8362092899970457,2,2,instant_velocity,dbscan_kmeans_fallback,False
2550,125,14.5766030276,2.65604491101,0.06747511414999999,-0.015441289042000017,0.063291067768,-0.015832691112999998,0.059383476065168965,-0.014538772335663195,0.9748005723236629,-0.2230774647093609,3,3,instant_velocity,dbscan_kmeans_fallback,False
2550,126,14.249119317,1.77801550787,0.060045695780000054,-0.011932989985000008,0.058564021404,-0.0159567942088,0.054731747709107464,-0.014313705297700822,0.9808189903303877,-0.19491993616982492,3,3,instant_velocity,dbscan_kmeans_fallback,False
2550,127,6.09759515607,8.75475743289,-0.03847302204000007,0.011527268326000062,-0.018508301740400003,0.016357742672400023,-0.022557694905752247,0.015396150140596868,-0.9579263021919372,0.2870134171009214,4,4,instant_velocity,dbscan_kmeans_fallback,False
2550,128,6.20682654797,8.03209555936,-0.007808255567,0.01675391794000003,-0.010472743854799998,0.017784928274800008,-0.012100130239328186,0.01714041513942377,-0.4224302889243611,0.906394819595849,4,4,instant_velocity,dbscan_kmeans_fallback,False
2550,129,6.57913932689,7.30298987123,-0.01683720876999999,0.013627474563000064,-0.01897974358619999,0.012233701333200014,-0.020212990782086798,0.012582778681781735,-0.7773042656965902,0.6291241174941927,4,4,instant_velocity,dbscan_kmeans_fallback,False
2550,130,6.87105443394,8.63805279083,-0.017342325033999996,0.00842469093000009,-0.020511929584199996,0.01338881476400001,-0.02106201340682745,0.012105886882185066,-0.8994816830180634,0.43695728005137424,4,4,instant_velocity,dbscan_kmeans_fallback,False
2550,131,4.67085217792,10.1351657144,-0.020604534232000038,0.026037784145999866,-0.0267038131092,0.025913681052199992,-0.024491020964803784,0.02750120576173604,-0.6205414621338068,0.7841732534574665,2,2,instant_velocity,dbscan_kmeans_fallback,False
2550,132,6.8087567615,7.98293164062,-0.016184766930000018,0.015489021002000048,-0.017771673856600004,0.011894804417800007,-0.0189637118572253,0.013044972368721923,-0.7224644799058798,0.6914073925722699,4,4,instant_velocity,dbscan_kmeans_fallback,False
2550,133,7.00427884834,9.04520640914,-0.017658022696999964,0.009450928068999965,-0.02867376653539999,0.018138144778199992,-0.02654140323995363,0.015943594826525413,-0.8816608409442811,0.47188257326422417,4,4,instant_velocity,dbscan_kmeans_fallback,False
2550,134,7.64661836291,7.63090843604,-0.016984534347000046,0.015393557082000076,-0.022869138811999985,0.016391155044400012,-0.02260369474076325,0.016109351546560142,-0.7409579122179312,0.6715508169996398,4,4,instant_velocity,dbscan_kmeans_fallback,False
2550,135,4.72494171109,6.40467438511,-0.047354649666000004,0.019617835535999984,-0.0511893239632,0.017407845790999996,-0.0495110304061894,0.015897461832124773,-0.9238593658710091,0.38273160557375147,-1,-1,instant_velocity,dbscan_kmeans_fallback,False
2550,136,8.03639974594,6.58701047209,-0.04752302175400001,0.0,-0.0476324636112,-0.00047731959940000123,-0.046642470897060195,-0.002292021865049002,-0.9999997895757144,0.0,-1,-1,instant_velocity,dbscan_kmeans_fallback,False
2550,137,11.050681046,5.7493145751,-0.04007255687000004,0.008472422889999987,-0.03554334771400001,0.0074700517309999985,-0.03527443187827371,0.00733123565307649,-0.978371527159056,0.2068542156797648,5,5,instant_velocity,dbscan_kmeans_fallback,False
2550,138,11.2123182502,6.37484191015,-0.035463370970000165,0.005178917653999982,-0.03477725471400003,0.005980814580999994,-0.03386138619427623,0.005798295270545973,-0.9895040937961148,0.1445029076452156,5,5,instant_velocity,dbscan_kmeans_fallback,False
2550,139,11.6176740513,6.85550274677,-0.059898370199999995,0.018042680858000003,-0.056808742390000014,0.024099866574999993,-0.05047708519799954,0.018821613462096827,-0.9575036079956205,0.28842073601943385,-1,-1,instant_velocity,dbscan_kmeans_fallback,False
2550,140,13.6591856147,6.84953625178,-0.040724998710000015,0.004630000114999966,-0.040724998710000015,0.004630000114999966,-0.02676074392166999,0.003036898219544998,-0.9935991005854722,0.1129616720858233,5,5,instant_velocity,dbscan_kmeans_fallback,False
2550,141,14.1977658302,6.11255479026,-0.04394511488999999,0.009140670328999966,-0.04394511488999999,0.009140670328999966,-0.0224120085939,0.004656730011990003,-0.9790449288375912,0.20364327079777617,5,5,instant_velocity,dbscan_kmeans_fallback,False
2550,232,11.6263031208,7.77124039827,0.00652441839999991,-0.00083530929900002,0.01993946448599999,-0.002143165001400007,0.016227787534171575,-0.0015993654083231086,0.9919022819853364,-0.1269914265218955,6,6,instant_velocity,dbscan_kmeans_fallback,False
2550,233,11.8140379986,7.23544914791,0.027528836339999963,0.0018854124169999764,0.018596697085999984,-0.0020333814936000037,0.01951179918908765,-0.0013758164661224197,0.9976625107512456,0.06832854329598494,6,6,instant_velocity,dbscan_kmeans_fallback,False
2550,238,11.6698693985,8.41896309469,0.01767906920999991,0.0019092783979999695,0.015443929743999973,0.002448649544999988,0.01474557168475396,0.0024859004349787033,0.9942183349999182,0.10737214540894094,6,6,instant_velocity,dbscan_kmeans_fallback,False
2550,243,13.3001321377,10.6774007794,0.012901511220000116,0.007708711529999945,0.015233464635999994,0.011880484829999993,0.01518070072122609,0.010620745641513258,0.8584359933684643,0.5129194035492516,7,7,instant_velocity,dbscan_kmeans_fallback,False
2550,244,11.7723659069,10.3564033488,0.003093837109999953,0.01334108281000006,0.01707713899399998,0.01543174265020003,0.014861411509843925,0.013997923834509743,0.22590782664936246,0.9741479320339295,7,7,instant_velocity,dbscan_kmeans_fallback,False
2550,245,12.2772717049,10.1012760229,0.010881046170000097,0.0294506192870001,0.022014650465999992,0.02012856750840001,0.01945161428860082,0.02087792799281598,0.34656936818491924,0.9380240061007048,-1,-1,instant_velocity,dbscan_kmeans_fallback,False
2550,246,14.1342053671,4.54813980314,0.03260104548000005,-0.004510670215000001,0.036376789547999985,-0.007064330071600011,0.035179801655922584,-0.0052087403397683574,0.9905632684604032,-0.13705401668355893,8,8,instant_velocity,dbscan_kmeans_fallback,False
2550,247,14.9442855741,3.91927123089,0.04076709174000008,-0.005226649613999967,0.03834253367199999,-0.004749330014399993,0.039607916479011566,-0.004758117706524512,0.9918811183384837,-0.1271666641653276,8,8,instant_velocity,dbscan_kmeans_fallback,False
2550,248,10.7859159381,5.19204394277,0.03279046407999999,0.001384226838999947,0.040813394058800016,0.0036371753477999922,0.040058991958599376,0.0037949301930013195,0.9991098606814489,0.0421767340922843,6,6,instant_velocity,dbscan_kmeans_fallback,False
2550,249,10.9612333744,4.46890474963,0.04274546376000003,0.0029832474960000076,0.044454440455,0.004987989814000002,0.04378166715279461,0.003849834264868471,0.9975732379810767,0.06962160665732509,6,6,instant_velocity,dbscan_kmeans_fallback,False
2550,250,9.79020550445,0.0536984549355,0.008776395071000032,-0.014916237482050001,0.024350813183600016,-0.015068979753910002,0.024383141903758773,-0.016356552167313312,0.5071115980770472,-0.8618797314416271,-1,-1,instant_velocity,dbscan_kmeans_fallback,False
2550,251,6.68900211412,9.38267136593,0.024876975958,0.020620206694999865,0.024102464354399996,0.015670402448999993,0.02597561559850178,0.017332291402050365,0.7699018745373325,0.6381618012828587,9,9,instant_velocity,dbscan_kmeans_fallback,False
2550,252,5.86145330307,9.19031156737,0.019510115661999984,0.013030825064999974,0.019859487744200006,0.01008576313599999,0.02168175624324421,0.011320749058520072,0.8315759075511295,0.5554103505738288,9,9,instant_velocity,dbscan_kmeans_fallback,False
2550,253,1.80558017548,7.58580173389,0.029970231611000007,0.007231391930999998,0.035534929109225996,0.0160092993648,0.028256123570776802,0.011255170379165288,0.9721026186354913,0.23455457814762293,10,10,instant_velocity,dbscan_kmeans_fallback,False
2550,254,1.50019530141,6.92853264548,0.030496394385000004,0.009045206408999995,0.030496394385000004,0.009045206408999995,0.023416811120184546,0.013164283624283098,0.9587186721671014,0.28435519846828705,10,10,instant_velocity,dbscan_kmeans_fallback,False
2550,255,1.32971856261,4.04409030614,0.03457941751110001,0.008233763090000012,0.03457941751110001,0.008233763090000012,0.02352263297717551,0.0036885110704050093,0.9728023376107322,0.23163559590654817,-1,-1,instant_velocity,dbscan_kmeans_fallback,False
2550,321,4.37136032692,4.46914340943,-0.010859999657000064,-0.013364948783999964,-0.012093325199200002,-0.0132408456882,-0.012267513975319623,-0.014195231921227694,-0.6306264935996347,-0.7760857325036792,-1,-1,instant_velocity,dbscan_kmeans_fallback,False
2550,322,6.39477189086,9.00129300599,-0.021383255137999945,0.0026013918169999427,-0.020124673782399984,0.013980691067200013,-0.02147010304286567,0.009383989162330145,-0.9926806425745384,0.12076511662149049,4,4,instant_velocity,dbscan_kmeans_fallback,False
2550,323,13.4645053883,11.5492250277,-0.023677324830000047,0.03083484611999996,0.0010859999659999886,0.030114093528000013,-0.00020970034785570968,0.029875391350934446,-0.6090350913272473,0.7931429524910462,-1,-1,instant_velocity,dbscan_kmeans_fallback,False
2550,324,3.83193825095,11.9306033877,0.027570929360999984,0.0008353093000000201,0.0248306736336,-0.003536938232000004,0.02458661395657207,-0.002344744217384659,0.9995410070868533,0.030282834793812413,11,11,instant_velocity,dbscan_kmeans_fallback,False
2550,325,3.76143243923,12.3683054603,0.015995348332000024,-0.0019092783999999697,0.016921394814,-0.005584639313999986,0.016311640115708622,-0.004652298311464376,0.9929506627487759,-0.11852316144057634,11,11,instant_velocity,dbscan_kmeans_fallback,False
2550,376,9.03211017958,8.58984351129,-0.013111976329999919,-0.0031025773959999724,-0.012880464708999995,-0.0012314845663999917,-0.013188119304353246,-0.001401398419738267,-0.9731276566353431,-0.23026306598734203,4,4,instant_velocity,dbscan_kmeans_fallback,False
2550,382,11.8584461367,13.2575518741,-0.011701860099999984,0.011932989990000031,-0.011693441492000006,0.011932989986000031,-0.011271208687739256,0.012143541178259044,-0.7001579464778626,0.7139871520716029,12,12,instant_velocity,dbscan_kmeans_fallback,False
2550,383,11.4240461505,13.0947858907,-0.01003918573,0.014104794170000013,-0.010371720601999996,0.015479474610000033,-0.010663612047108511,0.015402154327101006,-0.5798728719265095,0.8147062643585732,12,12,instant_velocity,dbscan_kmeans_fallback,False
2550,386,14.8363169728,4.94884960686,-0.005766744009999947,0.040643763890999995,-0.005762534701999975,0.040629444303199994,-0.005287408071882726,0.037285493602633,-0.14047809024545072,0.9900835414046307,-1,-1,instant_velocity,dbscan_kmeans_fallback,False
2560,115,0.759989510858,6.2454882987,-0.018289418026399995,-0.00508345373400001,-0.01796951105984,-0.0048877526981999965,-0.017803185178613186,-0.004888894123491258,-0.9634758226931408,-0.26779336343116195,0,0,instant_velocity,dbscan_kmeans_fallback,False
2560,116,0.722526721344,5.72186869813,-0.018078952916900003,-0.005966494993000016,-0.01816734826292,-0.005737381585200012,-0.017775736072407358,-0.005617310253524214,-0.9496212639477525,-0.31339815655441977,0,0,instant_velocity,dbscan_kmeans_fallback,False
2560,121,5.56932773091,7.56551565092,0.0006103488180000838,0.0,0.0006019302136000171,0.0,0.0005474707010795057,4.7322416650771724e-05,0.999983616194761,0.0,1,1,instant_velocity,dbscan_kmeans_fallback,False
2560,122,4.00451964084,10.6232250048,-0.014416860010000043,0.024725155249999985,-0.01592379019440001,0.024648784113600008,-0.01596674864649178,0.024561483176564706,-0.5037105921913806,0.8638720625963321,2,2,instant_velocity,dbscan_kmeans_fallback,False
2560,123,5.79894516551,7.87481875134,-0.0003577906869999481,0.0004773195990000367,-0.00035358138419999463,0.00047731959940000123,-0.00044264352509867195,0.0005367976295275649,-0.5997764096917793,0.8001466940468557,1,1,instant_velocity,dbscan_kmeans_fallback,False
2560,124,3.51624058651,11.5945703897,-0.022561859752,0.01618113442000002,-0.016946650627199994,0.025889815073999997,-0.01954231517906113,0.024096839679904055,-0.8126155279487889,0.5827995224707945,2,2,instant_velocity,dbscan_kmeans_fallback,False
2560,126,14.8495762747,1.65868560801,0.06004569577000005,-0.011932989985999986,0.05920804464,-0.014209804474999994,0.056325932127375244,-0.01359949070419057,0.9808189903210588,-0.1949199362167671,-1,-1,instant_velocity,dbscan_kmeans_fallback,False
2560,127,5.71307540078,8.87003011615,-0.03845197552899995,0.011527268325999884,-0.02296174346019999,0.015250361201599994,-0.027325979092726556,0.014235485596217774,-0.9578831016863648,0.2871575617682427,-1,-1,instant_velocity,dbscan_kmeans_fallback,False
2560,128,6.13021724806,8.15500535621,-0.0076609299910000315,0.012290979684999925,-0.008696418329799994,0.016835062271799987,-0.01076837016482974,0.015685584503096615,-0.5289588600958969,0.8486466540324973,1,1,instant_velocity,dbscan_kmeans_fallback,False
2560,129,6.45054514491,7.43687801887,-0.012859418197999961,0.013388814763999956,-0.017207627362999994,0.012820804440599999,-0.018006919006860744,0.012824589506447201,-0.6927040047025377,0.72122124519488,1,1,instant_velocity,dbscan_kmeans_fallback,False
2560,130,6.69784164872,8.72229970013,-0.01732127852200005,0.008424690929999912,-0.019261766832999995,0.011904350809799987,-0.01993979294137923,0.01100152809652952,-0.8992729532211625,0.43738669076731457,1,1,instant_velocity,dbscan_kmeans_fallback,False
2560,131,4.50963590395,10.4134430409,-0.016121627397000005,0.027827732650000138,-0.023441603910000008,0.026109382088800002,-0.02198020289446265,0.02759916382821527,-0.5012884184406616,0.8652798967121623,2,2,instant_velocity,dbscan_kmeans_fallback,False
2560,132,6.70647071822,8.09892030328,-0.010228604327999945,0.011598866265999952,-0.015890115776599992,0.013102423004400005,-0.016343179598457692,0.012611140537905331,-0.6614143313972091,0.7500198590428888,1,1,instant_velocity,dbscan_kmeans_fallback,False
2560,133,6.89210094491,9.08506259569,-0.011217790343000012,0.003985618654999889,-0.02350895274519999,0.014162072514999978,-0.021944319370867545,0.012356201975067756,-0.9422915353822489,0.33479095321223507,1,1,instant_velocity,dbscan_kmeans_fallback,False
2560,134,7.47698348456,7.78484400685,-0.016963487835000013,0.015393557080999987,-0.021315906302800017,0.0161286292646,-0.02091163266903428,0.015894613206892096,-0.7405434149621578,0.6720078700830824,1,1,instant_velocity,dbscan_kmeans_fallback,False
2560,135,4.31853358441,6.52877748096,-0.04064081266799997,0.012410309584999979,-0.048247021730400005,0.016882794231799992,-0.04684996508473257,0.014851316157987335,-0.9564020801952663,0.2920523760172472,-1,-1,instant_velocity,dbscan_kmeans_fallback,False
2560,136,7.56116952841,6.58701047209,-0.04752302175300009,0.0,-0.047594579890599994,-0.00031980413159999444,-0.04690663615384217,-0.0016044153055343013,-0.9999997895757144,0.0,-1,-1,instant_velocity,dbscan_kmeans_fallback,False
2560,137,10.6501659424,5.834038804,-0.04005151036000001,0.008472422890000076,-0.03651148721800002,0.006682474391999999,-0.036707555422791596,0.007673591824153566,-0.9783495234560358,0.20695826006172072,3,3,instant_velocity,dbscan_kmeans_fallback,False
2560,138,10.8522124476,6.41875531329,-0.036010580259999966,0.0043913403140000366,-0.03509295238,0.0057039692130000045,-0.03450614441399335,0.005376208783582192,-0.992646246059715,0.12104907631007528,3,3,instant_velocity,dbscan_kmeans_fallback,False
2560,139,10.9862787225,7.06433007152,-0.06313953288,0.020882732474999964,-0.05798734700400001,0.02025744379979999,-0.05427581950259967,0.01943994916596777,-0.9494193797385418,0.3140104148591283,-1,-1,instant_velocity,dbscan_kmeans_fallback,False
2560,140,13.2452007441,6.80968006522,-0.041398487060000023,-0.003985618655999978,-0.041398487060000023,-0.003985618655999978,-0.031152066863169,0.0009301431568815048,-0.995397340471887,-0.09583138158086864,-1,-1,instant_velocity,dbscan_kmeans_fallback,False
2560,141,13.7583146813,6.20372283375,-0.04394511488999999,0.009116804348999974,-0.04394511488999999,0.009116804348999974,-0.02887194048273,0.005994752313092995,-0.9791508169461154,0.20313353255773509,3,3,instant_velocity,dbscan_kmeans_fallback,False
2560,232,11.6917577699,7.76312596508,0.00654546491000012,-0.0008114433189999381,0.016580441336000007,-0.003575123799599993,0.013323090746920138,-0.0013629887815261575,0.9924016301856013,-0.12302833849868408,4,4,instant_velocity,dbscan_kmeans_fallback,False
2560,233,12.0947984549,7.27506667467,0.028076045629999945,0.003961752675999986,0.02313853415399997,-0.0006300618712000095,0.02208107312136134,0.00022545427651430216,0.990190176793493,0.13972368596198664,-1,-1,instant_velocity,dbscan_kmeans_fallback,False
2560,238,11.7559496284,8.42803216708,0.00860802299000003,0.0009069072389999988,0.014113790251999986,0.0013937732303999795,0.012904307076327781,0.002012202476185092,0.9944946827843811,0.10477602441488827,4,4,instant_velocity,dbscan_kmeans_fallback,False
2560,243,13.50617748,10.7800244933,0.02060453422999995,0.010262371389999992,0.01580172043000001,0.010649000263999966,0.016807850773858247,0.010513233366059279,0.8951190007836054,0.4458263177292445,5,5,instant_velocity,dbscan_kmeans_fallback,False
2560,244,11.803304278,10.4898141768,0.0030938371100001304,0.013341082799999881,0.011470348474000004,0.016854155055599982,0.011331139189890788,0.013800871524156785,0.22590782681006819,0.9741479319966608,5,5,instant_velocity,dbscan_kmeans_fallback,False
2560,245,12.3759798413,10.3996007725,0.00987081363999991,0.0298324749599999,0.016917185511999975,0.0243767119424,0.016577374094020547,0.02356429208297116,0.3141261983445641,0.9493809009238126,-1,-1,instant_velocity,dbscan_kmeans_fallback,False
2560,246,14.5250390757,4.51401145178,0.03908337086000006,-0.00341283513599997,0.03561911515400002,-0.005804206328999992,0.036350872417145824,-0.004669968778637841,0.9962088526610293,-0.08699087362076559,6,6,instant_velocity,dbscan_kmeans_fallback,False
2560,248,11.0710961616,5.17653105578,0.02851802234999994,-0.0015512886989999864,0.03795527786920001,0.0039856186551999965,0.03659670107601955,0.0021910645254009276,0.9985234206572666,-0.05431646273159017,6,6,instant_velocity,dbscan_kmeans_fallback,False
2560,249,11.3413333624,4.47725784262,0.03800999879999996,0.00083530929900002,0.04279597539139999,0.0037230928754000024,0.04205016664695621,0.002945476775107935,0.9997583512741237,0.02197073070079142,6,6,instant_velocity,dbscan_kmeans_fallback,False
2560,251,6.98554745358,9.62729766064,0.029654533945999973,0.024462629471000065,0.025975603829999992,0.0194460004806,0.027079291102751236,0.019471392822735276,0.7714032262176824,0.6363462440536048,7,7,instant_velocity,dbscan_kmeans_fallback,False
2560,252,6.1245346901,9.43899507867,0.026308138702999972,0.024868351130000122,0.020373022611600008,0.013221752904200024,0.023069670981170937,0.015385029679964088,0.7267126167204903,0.6869412058081306,7,7,instant_velocity,dbscan_kmeans_fallback,False
2560,253,2.10528249158,7.65811565321,0.02997023161000001,0.007231391931999997,0.0338975105562,0.013427000331999998,0.028770355982543766,0.010048036845015701,0.9721026186263112,0.23455457818566974,8,8,instant_velocity,dbscan_kmeans_fallback,False
2560,254,1.80494878015,7.01898470957,0.03047534787399999,0.009045206408999995,0.030828929257979996,0.017746742706600004,0.025534372146329178,0.011928560459698168,0.9586651220600402,0.28453568247994204,8,8,instant_velocity,dbscan_kmeans_fallback,False
2560,255,1.62310692543,4.23955268211,0.02933883628199998,0.019546237597000006,0.02933883628199998,0.019546237597000006,0.02526749396862285,0.00844582902838351,0.8322200385838485,0.554444983802048,-1,-1,instant_velocity,dbscan_kmeans_fallback,False
2560,321,4.12974638107,4.38083928354,-0.02416139458499993,-0.00883041258899997,-0.013465557713799986,-0.012620330208799989,-0.015835678158223714,-0.012585786121559375,-0.9392368534476794,-0.34326863482814696,-1,-1,instant_velocity,dbscan_kmeans_fallback,False
2560,322,6.17336259554,9.01370331558,-0.022140929531999996,0.0012410309590000779,-0.019244929623999988,0.011116773470800005,-0.02167135098960597,0.006941101701331124,-0.9984323597012122,0.05596357041224814,1,1,instant_velocity,dbscan_kmeans_fallback,False
2560,323,13.22773214,11.8573348292,-0.023677324829999867,0.03081098014999988,-0.0059266974859999875,0.030505495599999967,-0.007249987692498958,0.030156067990654074,-0.6093317327364246,0.7929150804367757,-1,-1,instant_velocity,dbscan_kmeans_fallback,False
2560,324,3.99799522245,11.8749956543,0.016605697150000022,-0.005560773340000047,0.0237825573878,-0.0029975670860000036,0.022192338914600457,-0.0033095529541692756,0.9482443044058181,-0.3175399141701651,9,9,instant_velocity,dbscan_kmeans_fallback,False
2560,325,3.88076615639,12.3086405104,0.011933371715999997,-0.005966494990000015,0.015780673919800002,-0.00508345373400001,0.014998159595796035,-0.005046557315025068,0.8944322429231945,-0.44720181548861737,9,9,instant_velocity,dbscan_kmeans_fallback,False
2560,376,8.89720204431,8.54712340714,-0.013490813527000078,-0.004272010414999983,-0.012829953082800003,-0.0022481753131999935,-0.013278927571147296,-0.002262582018316782,-0.9533431895830888,-0.30188631892489687,1,1,instant_velocity,dbscan_kmeans_fallback,False
2560,382,11.7416380009,13.3768817739,-0.011680813579999949,0.011932989979999854,-0.011693441490000005,0.011932989983999996,-0.011394090155417464,0.012080375818781287,-0.6995151444034091,0.7146169358713512,10,10,instant_velocity,dbscan_kmeans_fallback,False
2560,383,11.3234438281,13.2358338323,-0.010060232240000033,0.014104794160000012,-0.010148627585999997,0.01531718594600001,-0.010482598104975968,0.015012946276970706,-0.5806789145978872,0.8141319572017552,10,10,instant_velocity,dbscan_kmeans_fallback,False
2560,386,14.7786495328,5.35504858597,-0.005766744000000124,0.040619897911,-0.005762534702000011,0.040629444303199994,-0.005431208850317945,0.0382858148951431,-0.1405589968527582,0.9900720584495316,-1,-1,instant_velocity,dbscan_kmeans_fallback,False
2570,115,0.577305795703,6.19465376136,-0.018268371515500002,-0.00508345373400001,-0.018255743608939997,-0.005069134146000014,-0.01794274107967923,-0.004947262006643884,-0.9633961846865593,-0.2680797206368951,0,0,instant_velocity,dbscan_kmeans_fallback,False
2570,116,0.541526727066,5.6622037482,-0.018099999427799995,-0.005966494993000016,-0.018087371521279996,-0.005966494992800015,-0.01787301507902515,-0.005722065675366955,-0.9497296739115542,-0.31306947642183325,0,0,instant_velocity,dbscan_kmeans_fallback,False
2570,121,5.57543121909,7.56551565092,0.0006103488179999949,0.0,0.000606139515800006,0.0,0.0005663341361556526,3.3125691655540207e-05,0.999983616194761,0.0,1,1,instant_velocity,dbscan_kmeans_fallback,False
2570,122,3.71765569643,10.8764430523,-0.028686394440999984,0.025321804750000076,-0.0165804413362,0.024772887209400025,-0.019782642384844243,0.024789579648595315,-0.7497043551180456,0.6617725116890677,2,2,instant_velocity,dbscan_kmeans_fallback,False
2570,123,5.79557772376,7.87959194734,-0.0003367441750000033,0.000477319599999948,-0.00034937208200000566,0.00047731959940000123,-0.00041087372006907134,0.0005189542206692798,-0.5764592961602518,0.8171049155028747,1,1,instant_velocity,dbscan_kmeans_fallback,False
2570,124,3.2908324541,11.7566203937,-0.02254081324100001,0.016205000400000103,-0.018057906406000006,0.023369567587999997,-0.020441864597642797,0.02172928789593287,-0.8119503586009619,0.5837258729412675,2,2,instant_velocity,dbscan_kmeans_fallback,False
2570,127,5.34455099383,8.9936558924,-0.036852440694999974,0.012362577624999992,-0.027806650283799996,0.01417639210299999,-0.030183917573408582,0.01367361320485244,-0.9480759968309067,0.3180430626623749,1,1,instant_velocity,dbscan_kmeans_fallback,False
2570,128,6.05381841327,8.27791515306,-0.007639883478999998,0.012290979685000102,-0.007778790451799989,0.015722907605200013,-0.009829824159080817,0.014667203057667662,-0.527911066602609,0.8492988424410767,1,1,instant_velocity,dbscan_kmeans_fallback,False
2570,129,6.41455561117,7.56503833132,-0.003598953374000047,0.012816031245000036,-0.013587627477400001,0.013293350844200002,-0.013684529317002536,0.01282202202801305,-0.27035861259262134,0.9627589096801258,1,1,instant_velocity,dbscan_kmeans_fallback,False
2570,130,6.52441839839,8.80654660943,-0.017342325032999994,0.00842469093000009,-0.018520929647000008,0.01056308273540001,-0.01916055256886546,0.010228476946570692,-0.8994816830081606,0.4369572800717596,1,1,instant_velocity,dbscan_kmeans_fallback,False
2570,131,4.34820916486,10.6919590272,-0.016142673908999948,0.027851598629999863,-0.020179394711,0.02630985632119998,-0.020228944198823838,0.027674894268750645,-0.5014563331463435,0.8651825961420714,2,2,instant_velocity,dbscan_kmeans_fallback,False
2570,132,6.60397420983,8.21514762574,-0.010249650839000068,0.011622732246000033,-0.014067487927400002,0.014104794163200011,-0.014515120970620405,0.012314618050333742,-0.6614143322758503,0.7500198600383811,1,1,instant_velocity,dbscan_kmeans_fallback,False
2570,133,6.77971257637,9.12468012244,-0.011238836854000045,0.003961752674999985,-0.018933441261800008,0.010553536343199993,-0.018732674615807295,0.009837867185047425,-0.9431184062367889,0.3324544983870362,1,1,instant_velocity,dbscan_kmeans_fallback,False
2570,134,7.31492535014,7.94593937166,-0.01620581344199996,0.016109536480999952,-0.019611138915000003,0.0160092993648,-0.019499886900923982,0.015959090189124454,-0.7092100029878651,0.7049966641114889,1,1,instant_velocity,dbscan_kmeans_fallback,False
2570,135,3.92875220138,6.63474243203,-0.03897813830299999,0.01059649510700007,-0.044976393927,0.015999752972800003,-0.044488417050212795,0.013574869842691155,-0.9649763476080704,0.26233595525553133,-1,-1,instant_velocity,dbscan_kmeans_fallback,False
2570,136,7.08151954357,6.51326459398,-0.047964998484,-0.007374587811000044,-0.04764930081919999,-0.001632433029999998,-0.04722414485288952,-0.0033354670571740246,-0.988385867690634,-0.15196369441911836,-1,-1,instant_velocity,dbscan_kmeans_fallback,False
2570,137,10.2496508388,5.91876303289,-0.04005151036000001,0.008472422888999987,-0.03773639415600002,0.007298216675200014,-0.03771074190395412,0.007913241143607492,-0.978349523460982,0.2069582600383376,3,3,instant_velocity,dbscan_kmeans_fallback,False
2570,138,10.4923171102,6.46266871644,-0.035989533739999933,0.004391340314999948,-0.035358138415999996,0.005317340337599994,-0.034951161211795326,0.005080748243007518,-0.9926377375914905,0.12111882712253942,3,3,instant_velocity,dbscan_kmeans_fallback,False
2570,139,10.3628810677,7.22590275592,-0.062339765479999976,0.01615726844000003,-0.05909439348199999,0.016524804532000007,-0.056695003295819765,0.018455144948177446,-0.9680152027303421,0.25089092594570334,-1,-1,instant_velocity,dbscan_kmeans_fallback,False
2570,140,12.8314263385,6.77006253847,-0.04137744055999999,-0.003961752674999985,-0.04099439405399998,0.0011837526066000058,-0.034219678972218295,-0.0005374255926829426,-0.9954473236844492,-0.09531077911186403,3,3,instant_velocity,dbscan_kmeans_fallback,False
2570,141,13.3148646953,6.28009396966,-0.04434499859999992,0.007637113591000055,-0.04434499859999992,0.007637113591000055,-0.03351385791791098,0.0064874606964651135,-0.985491789911274,0.16972179456896805,3,3,instant_velocity,dbscan_kmeans_fallback,False
2570,232,11.7643682327,7.76264864548,0.007261046280000016,-4.7731960000074736e-05,0.013259301906000012,-0.002467742329,0.011504477406844103,-0.0009684117350683326,0.9999770167656579,-0.006573551679008489,4,4,instant_velocity,dbscan_kmeans_fallback,False
2570,233,12.3309403079,7.32160533561,0.023614185300000125,0.004653866094000048,0.026367068933999996,0.0009069072389999988,0.022541006774952976,0.0015539778217600261,0.9811274779605517,0.19335987439602104,4,4,instant_velocity,dbscan_kmeans_fallback,False
2570,238,11.803304278,8.43304402287,0.004735464960000079,0.0005011855790000297,0.012497418210000007,0.0012887629184000105,0.010453654441429469,0.0015588974070295733,0.9944438339235032,0.1052485685984153,4,4,instant_velocity,dbscan_kmeans_fallback,False
2570,243,13.7894635176,10.9086621253,0.028328603759999994,0.012863763200000022,0.017914790132,0.009942567255999997,0.020264076669700773,0.011218392316241502,0.9105220101854968,0.41345982409315335,-1,-1,instant_velocity,dbscan_kmeans_fallback,False
2570,244,11.8371891607,10.65281882,0.00338848826999989,0.016300464320000076,0.007618836969999983,0.016558216903999997,0.008948343913923518,0.014550749362909772,0.20352572227501575,0.9790689858714626,-1,-1,instant_velocity,dbscan_kmeans_fallback,False
2570,245,12.4746879777,10.6979255222,0.009870813640000087,0.029832474970000078,0.011819720555999993,0.028624856378600006,0.014565405957814408,0.025444746949079836,0.3141261982496611,0.9493809009552139,-1,-1,instant_velocity,dbscan_kmeans_fallback,False
2570,246,14.9158727843,4.47988310042,0.03908337085999989,-0.00341283513599997,0.03486144075799999,-0.0045393093905999925,0.03717062195000204,-0.00429282868584648,0.9962088526610291,-0.08699087362076596,-1,-1,instant_velocity,dbscan_kmeans_fallback,False
2570,248,11.3562763852,5.1612568286,0.02851802235999994,-0.0015274227179999933,0.03509295237939998,0.0029546083203999983,0.034173097461213664,0.001075518352380651,0.9985683969586275,-0.053483233715770406,5,5,instant_velocity,dbscan_kmeans_fallback,False
2570,249,11.6498752131,4.45339186265,0.03085418506999993,-0.0023865979970000063,0.03970634758199999,0.0018138144777999977,0.03869137217386932,0.0013458543434755523,0.9970214571587211,-0.07712047513887026,5,5,instant_velocity,dbscan_kmeans_fallback,False
2570,251,7.28756488589,9.87645849154,0.030201743231000045,0.02491608308999993,0.026964789845200007,0.021326639702399994,0.02801602674122588,0.021104799902914674,0.7713775333394735,0.6363773960808257,6,6,instant_velocity,dbscan_kmeans_fallback,False
2570,252,6.38761607713,9.68767858997,0.026308138702999972,0.024868351129999945,0.021635813269399992,0.016524804532200007,0.024041211297719647,0.018230026114974845,0.7267126167204927,0.686941205808128,6,6,instant_velocity,dbscan_kmeans_fallback,False
2570,253,2.40772085412,7.71587132474,0.030243836253999977,0.005775567152999983,0.03231902223418,0.010553536343400012,0.029212400063980633,0.008766295937410986,0.9822495691577517,0.18757700908149813,7,7,instant_velocity,dbscan_kmeans_fallback,False
2570,254,2.08128946909,7.06433007152,0.027634068894000018,0.004534536194999994,0.03012597579186,0.013498598271799995,0.02616428117063043,0.009710353180288716,0.9868024399267926,0.16192662030070806,7,7,instant_velocity,dbscan_kmeans_fallback,False
2570,255,1.91649528825,4.43477639828,0.029338836282000003,0.01952237161700001,0.0333839756888,0.010825608515000012,0.026488896662635996,0.01176879180496846,0.83253239507935,0.5539758511110989,-1,-1,instant_velocity,dbscan_kmeans_fallback,False
2570,321,3.88813243522,4.29229649785,-0.024161394585000016,-0.008854278569000052,-0.014841999530799992,-0.01200458792560001,-0.018333393086256602,-0.011466333855791577,-0.9389374749389596,-0.3440866764844918,-1,-1,instant_velocity,dbscan_kmeans_fallback,False
2570,322,5.93259051012,9.03279609955,-0.024077208542000062,0.0019092783969998806,-0.020255162150399998,0.007388907399000004,-0.022393108255324198,0.00543155471003175,-0.9968702387364267,0.07904997824442435,1,1,instant_velocity,dbscan_kmeans_fallback,False
2570,323,12.9913798219,12.1064956601,-0.02363523180999998,0.024916083090000107,-0.012935185635999992,0.029722691458000022,-0.012165560927749265,0.028584072520457884,-0.6882126706702357,0.7255086061290671,-1,-1,instant_velocity,dbscan_kmeans_fallback,False
2570,324,4.11690800938,11.791942044,0.011891278693000018,-0.008305361029999857,0.021787348148400002,-0.0030023402819999846,0.019102020848120325,-0.00480829537691845,0.8198312203444105,-0.5726040440574243,8,8,instant_velocity,dbscan_kmeans_fallback,False
2570,325,3.98263126944,12.2317920549,0.010186511305000012,-0.007684845550000041,0.014286371641400003,-0.004925938266000003,0.013554665108557228,-0.00583804378551756,0.7983048548518901,-0.6022522655367504,8,8,instant_velocity,dbscan_kmeans_fallback,False
2570,326,6.66627188228,10.4280012887,0.0,0.0,0.0,0.0,0.0,0.0,0.0,0.0,1,1,instant_velocity,dbscan_kmeans_fallback,False
2570,376,8.76229390904,8.50416464319,-0.013490813526999901,-0.0042958763950000645,-0.013023580983599991,-0.002849598008600012,-0.013342493357903077,-0.0028725703313217665,-0.9528568245021198,-0.303417961563335,1,1,instant_velocity,dbscan_kmeans_fallback,False
2570,382,11.6246193999,13.4962116738,-0.011701860099999984,0.011932989990000031,-0.011693441492000006,0.011932989985999995,-0.011486421138792221,0.01203616007014691,-0.7001579464778626,0.7139871520716029,9,9,instant_velocity,dbscan_kmeans_fallback,False
2570,383,11.2230519708,13.3768817739,-0.01003918573,0.014104794159999833,-0.010051813635999985,0.014954423049999974,-0.010349574392483178,0.014740500641879444,-0.5798728721993923,0.8147062641643464,9,9,instant_velocity,dbscan_kmeans_fallback,False
2570,386,14.7201402323,5.75170117309,-0.0058509300499999025,0.039665258712000016,-0.005779371910000002,0.04043374326739999,-0.0055571252102225325,0.03869964804020017,-0.1459285858299596,0.9892948746536021,-1,-1,instant_velocity,dbscan_kmeans_fallback,False
2580,115,0.394411615438,6.14381922402,-0.0182894180265,-0.00508345373400001,-0.01828520872424,-0.00508345373400001,-0.01804674416372546,-0.004988119524850722,-0.9634758226935185,-0.26779336342980264,0,0,instant_velocity,dbscan_kmeans_fallback,False
2580,116,0.360737197898,5.60253879827,-0.0180789529168,-0.005966494992999926,-0.01808737152124,-0.0059664949929999975,-0.017934796430357607,-0.005795394470656847,-0.9496212639472379,-0.31339815655597886,0,0,instant_velocity,dbscan_kmeans_fallback,False
2580,121,5.58153470727,7.56551565092,0.0006103488179999949,0.0,0.000606139515800006,0.0,0.0005795385407089553,2.3187984158878145e-05,0.999983616194761,0.0,1,1,instant_velocity,dbscan_kmeans_fallback,False
2580,122,3.4305812869,11.12942244,-0.02870744095300002,0.025297938769999993,-0.018697720339000003,0.02490653669740002,-0.022460081955290978,0.024942087385016718,-0.7502544333903283,0.6611488202276039,2,2,instant_velocity,dbscan_kmeans_fallback,False
2580,123,5.79199981689,7.88436514333,-0.0003577906870000369,0.0004773195990000367,-0.00034937208200000566,0.00047731959940000123,-0.000394948810148361,0.0005064638341685069,-0.5997764096918745,0.8001466940467843,1,1,instant_velocity,dbscan_kmeans_fallback,False
2580,124,3.05300688023,11.9344219445,-0.02378255738699999,0.01778015507999999,-0.019968929601200003,0.02103070155200001,-0.021444072434449957,0.020544548051153008,-0.8009163559886501,0.5987756818520605,2,2,instant_velocity,dbscan_kmeans_fallback,False
2580,127,5.1208265823,9.19508476336,-0.022372441153000012,0.020142887096000095,-0.029755557198799992,0.014658484898400026,-0.02784047464728601,0.015614395372196738,-0.7431668675724652,0.6691056288684392,3,3,instant_velocity,dbscan_kmeans_fallback,False
2580,128,5.97720911336,8.40082494991,-0.0076609299910000315,0.012290979684999925,-0.007732488127800003,0.014453237470599997,-0.009179155908656582,0.01395433604586734,-0.5289588600958969,0.8486466540324973,3,3,instant_velocity,dbscan_kmeans_fallback,False
2580,129,6.37856607742,7.69295998396,-0.003598953374999958,0.012792165263999955,-0.010746348497399989,0.013255165275999996,-0.010658856534401762,0.012813064998809121,-0.27082604846755765,0.9626275221731929,3,3,instant_velocity,dbscan_kmeans_fallback,False
2580,130,6.35225793872,8.88602032273,-0.017216045966999972,0.007947371329999875,-0.017754836647999993,0.009131123937000005,-0.018577200588305812,0.009544145261599446,-0.9079287249583423,0.4191233418084706,3,3,instant_velocity,dbscan_kmeans_fallback,False
2580,131,4.19435916973,10.961405941,-0.015384999512999986,0.02694469138000013,-0.018365185465799988,0.026696485195200025,-0.018775760793076683,0.02745583340212549,-0.495848001303919,0.868408956089644,2,2,instant_velocity,dbscan_kmeans_fallback,False
2580,132,6.50168816655,8.3311362884,-0.010228604327999945,0.011598866265999952,-0.012745767038999994,0.013245618884199999,-0.013229165977834268,0.012099892515033605,-0.6614143313972091,0.7500198590428888,3,3,instant_velocity,dbscan_kmeans_fallback,False
2580,133,6.63028234853,9.19508476336,-0.014943022783999994,0.0070404640920001425,-0.016466790177200003,0.008424690929800001,-0.017595779066265103,0.00899864625713324,-0.904620895882696,0.4262157012271021,3,3,instant_velocity,dbscan_kmeans_fallback,False
2580,134,7.2221102368,8.17051824319,-0.009281511334000037,0.022457887152999945,-0.016521511105600004,0.017159639599399982,-0.016434374230846798,0.0179087292782871,-0.3819507894592916,0.9241822176366669,3,3,instant_velocity,dbscan_kmeans_fallback,False
2580,135,3.55201965515,6.72304655793,-0.037673254622999995,0.00883041258999997,-0.04240030098519999,0.014209804474999999,-0.04244386832204895,0.0121515326668838,-0.9736117896178131,0.22820947886898849,-1,-1,instant_velocity,dbscan_kmeans_fallback,False
2580,136,6.60144862851,6.43116562288,-0.04800709150599998,-0.008209897109999975,-0.04770823105,-0.0031168969842000037,-0.04745902884882265,-0.00479779607302181,-0.9856899828002588,-0.16856704056183805,-1,-1,instant_velocity,dbscan_kmeans_fallback,False
2580,137,9.88891364087,5.89823829012,-0.03607371979299998,-0.002052474277000016,-0.0381615336766,0.0058089795250000084,-0.03721963527066788,0.004923526517425239,-0.9983850278568717,-0.05680477644048807,4,4,instant_velocity,dbscan_kmeans_fallback,False
2580,138,10.1322113076,6.50658211959,-0.036010580259999966,0.004391340315000036,-0.035627533758,0.0049354846582,-0.03526898692625672,0.004873925864605273,-0.9926462460564027,0.12104907633723676,4,4,instant_velocity,dbscan_kmeans_fallback,False
2580,139,9.77210550502,7.19845687896,-0.05907755626799993,-0.002744587695999989,-0.0599025795016,0.013221752904200006,-0.057409769187473814,0.012095225154924215,-0.998922431324683,-0.04640730570904058,-1,-1,instant_velocity,dbscan_kmeans_fallback,False
2580,140,12.4174414679,6.73020635192,-0.041398487060000023,-0.003985618655000067,-0.04112909172400002,-0.0005393711474000007,-0.036373321398552816,-0.0015718835113780801,-0.9953973404741803,-0.09583138155704726,4,4,instant_velocity,dbscan_kmeans_fallback,False
2580,141,12.8564716866,6.29727747524,-0.04583930086999999,0.001718350557999937,-0.044403928827999976,0.007345948635199999,-0.03721149080353768,0.00505672765492556,-0.9992979065412072,0.037460085182866636,4,4,instant_velocity,dbscan_kmeans_fallback,False
2580,232,11.8662333458,7.79343575964,0.010186511309999879,0.003078711416000068,0.010527464783999995,-0.0007398453791999948,0.011109087577790836,0.00024572521025218786,0.9572347729067785,0.28930902184806656,5,5,instant_velocity,dbscan_kmeans_fallback,False
2580,233,12.4635333269,7.38341822373,0.013259301899999975,0.006181288811999952,0.023757301573999995,0.002739814500599991,0.019756495312467075,0.002942171118832004,0.9063497137035105,0.4225267202849405,5,5,instant_velocity,dbscan_kmeans_fallback,False
2580,238,11.8504484626,8.43781721887,0.0047144184599998695,0.0004773196000000368,0.010683208965999995,0.0011407938426000186,0.00873188364700059,0.0012344240649207123,0.9949115188305313,0.10073156895869431,5,5,instant_velocity,dbscan_kmeans_fallback,False
2580,243,14.0727495551,11.0370610975,0.028328603749999993,0.012839897220000118,0.020612952836,0.010271917778000024,0.02268343479379054,0.011704843787369086,0.910810660339847,0.41282356761561456,-1,-1,instant_velocity,dbscan_kmeans_fallback,False
2580,244,11.8822286941,10.9339600641,0.004503953340000066,0.028114124410000052,0.0047102091520000045,0.0176369592,0.0076150267417464815,0.01861976187703686,0.15818541301749547,0.9874090705879837,6,6,instant_velocity,dbscan_kmeans_fallback,False
2580,245,12.5437205337,10.9699976938,0.00690325559999998,0.027207217159999963,0.009883441548000001,0.029073536800599983,0.01226676085047008,0.025973488012355873,0.24593575096703393,0.9692857648162098,6,6,instant_velocity,dbscan_kmeans_fallback,False
2580,248,11.4739263815,5.15672229241,0.011764999630000083,-0.00045345361900004375,0.02888423164599999,0.0012171649785999961,0.02745066811184959,0.0006168267609664425,0.9992572119864386,-0.03851396628451413,7,7,instant_velocity,dbscan_kmeans_fallback,False
2580,249,11.9586275289,4.42952588268,0.03087523157999996,-0.0023865979970000063,0.03704606859599999,0.0004057216594000046,0.03634652999570852,0.00022611864133288456,0.9970254981889741,-0.0770682173110276,7,7,instant_velocity,dbscan_kmeans_fallback,False
2580,251,7.602631155,10.0585559187,0.031506626910999994,0.018209742716000045,0.028223371200800002,0.02176577373339999,0.029063206792158115,0.020236282746840285,0.8657944314952113,0.5003992933616431,8,8,instant_velocity,dbscan_kmeans_fallback,False
2580,252,6.68921257923,9.79531415964,0.030159650210000066,0.01076355696700002,0.024018278310600005,0.01673005196000002,0.02587674297140377,0.0159900853705824,0.9418182165978821,0.33612173736512463,8,8,instant_velocity,dbscan_kmeans_fallback,False
2580,253,2.71647316994,7.73973730471,0.030875231582000007,0.0023865979970000063,0.0308626036756,0.007002278523600012,0.029711249519386446,0.006852386555287691,0.9970254981893578,0.0770682173060649,9,9,instant_velocity,dbscan_kmeans_fallback,False
2580,254,2.32942783334,7.06433007152,0.024813836424999992,0.0,0.02885897583194,0.008343546597999988,0.025759147746941297,0.006797247226202101,0.9999995969991984,0.0,9,9,instant_velocity,dbscan_kmeans_fallback,False
2580,255,2.20988365107,4.63000011444,0.029338836282000024,0.01952237161599992,0.0318854641083,0.014047515811199993,0.027343878548445204,0.0140948657482779,0.8325323950924386,0.5539758510914289,-1,-1,instant_velocity,dbscan_kmeans_fallback,False
2580,321,3.63473244323,4.21186814534,-0.02533999919900003,-0.008042835250999936,-0.018407278488000004,-0.0107158250072,-0.02043537492007963,-0.010439284274354085,-0.9531413604015035,-0.3025240400530779,-1,-1,instant_velocity,dbscan_kmeans_fallback,False
2580,322,5.6631951698,9.06143527552,-0.026939534032,0.0028639175969999544,-0.022835464394400002,0.0031884949242000004,-0.023757035988326937,0.004661263576122211,-0.9943962714911978,0.10571337191400405,3,3,instant_velocity,dbscan_kmeans_fallback,False
2580,323,12.755448434,12.316277624,-0.02359313879000009,0.020978196389999936,-0.018285208723999986,0.02771317594199999,-0.015593834286424513,0.0263023096813205,-0.7473065653883352,0.6644789416021897,-1,-1,instant_velocity,dbscan_kmeans_fallback,False
2580,324,4.21814172711,11.7081724543,0.010123371772999957,-0.008376958970000103,0.0187566505698,-0.00411926814400001,0.016408426125584213,-0.005878894454842946,0.7704312591562995,-0.6375218841978081,10,10,instant_velocity,dbscan_kmeans_fallback,False
2580,325,4.08428591739,12.1547049396,0.010165464794999978,-0.007708711529999945,0.012855208895799998,-0.005035721773999988,0.012537905014490053,-0.006399244108862275,0.7968046287492332,-0.6042357287802257,10,10,instant_velocity,dbscan_kmeans_fallback,False
2580,326,6.5442021187,10.2738270581,-0.012206976357999989,-0.015417423060000069,-0.012206976357999989,-0.015417423060000069,-0.003662092907399997,-0.004625226918000021,-0.6207500316445493,-0.7840078961159282,-1,-1,instant_velocity,dbscan_kmeans_fallback,False
2580,376,8.62738577377,8.46144453904,-0.013490813527000078,-0.004272010414999983,-0.013217208884400016,-0.0034462475077999956,-0.013386989408632179,-0.0032924023564252316,-0.9533431895830888,-0.30188631892489687,-1,-1,instant_velocity,dbscan_kmeans_fallback,False
2580,383,11.1226601135,13.5179297156,-0.01003918573,0.014104794170000013,-0.010047604333999977,0.014453237471999997,-0.010256457793738225,0.014549788700315614,-0.5798728719265095,0.8147062643585732,-1,-1,instant_velocity,dbscan_kmeans_fallback,False
2580,386,14.6582634901,6.10969087266,-0.006187674220000083,0.03579896995700001,-0.005863557953999994,0.03946955767660001,-0.005746289913155797,0.037829444615240126,-0.1703195284772303,0.9853886074575358,-1,-1,instant_velocity,dbscan_kmeans_fallback,False
2590,121,5.58742773034,7.56551565092,0.0005893023069999615,0.0,0.0006019302135999993,0.0,0.0005824676705962572,1.62315889112147e-05,0.9999830310687877,0.0,0,0,instant_velocity,dbscan_kmeans_fallback,False
2590,122,3.14350687737,11.3826404875,-0.028707440952999975,0.0253218047499999,-0.022271417900599992,0.025054505774000015,-0.02433428965460368,0.025056002594511673,-0.749945092438345,0.6614996869639094,1,1,instant_velocity,dbscan_kmeans_fallback,False
2590,123,5.78842191003,7.88913833933,-0.000357790685999948,0.000477319599999948,-0.00035358138419999463,0.00047731959940000123,-0.0003838013729038371,0.0004977205639179393,-0.5997764078140566,0.8001466954543718,0,0,instant_velocity,dbscan_kmeans_fallback,False
2590,124,2.8031847951,12.1284523616,-0.024982208512999992,0.019403041710000048,-0.0221198830216,0.01901641284,-0.02250551325801497,0.020202096148807122,-0.7897740857264811,0.6133973110845626,1,1,instant_velocity,dbscan_kmeans_fallback,False
2590,127,4.89731263588,9.39651363432,-0.022351394642000068,0.020142887095999918,-0.03170025481180001,0.01514057769379999,-0.026193750645700224,0.01697294288933769,-0.7428536245325481,0.6694533798663438,1,1,instant_velocity,dbscan_kmeans_fallback,False
2590,128,5.71412772633,8.47743474562,-0.026308138702999972,0.0076609795710000485,-0.011415627546200006,0.012257567313200006,-0.014317850746959598,0.012066329103407153,-0.9601195125654526,0.27958861151373277,1,1,instant_velocity,dbscan_kmeans_fallback,False
2590,129,6.34278700878,7.82112029641,-0.0035779068640000135,0.012816031245000036,-0.008094488116199994,0.01308810341620001,-0.008534571633281238,0.012813954872666396,-0.26889219428452954,0.9631694995085647,1,1,instant_velocity,dbscan_kmeans_fallback,False
2590,130,6.18009747904,8.96573269584,-0.01721604596800006,0.007971237311000046,-0.017287604104800014,0.008238536286200002,-0.018168854202214087,0.009072272876419625,-0.9074494341890975,0.420160053074853,1,1,instant_velocity,dbscan_kmeans_fallback,False
2590,131,4.05145336029,11.2170105865,-0.01429058094400002,0.025560464550000005,-0.016508883199,0.0268444542712,-0.017430206838353682,0.026887222746487846,-0.4879979205715777,0.8728443999668593,1,1,instant_velocity,dbscan_kmeans_fallback,False
2590,132,6.35899282223,8.44354505406,-0.014269534431999987,0.01124087656599997,-0.012232232171399992,0.012310072469199991,-0.013541276514083985,0.011842187730323514,-0.7855390571962104,0.6188111897969595,1,1,instant_velocity,dbscan_kmeans_fallback,False
2590,133,6.45622770287,9.28553682745,-0.017405464566000006,0.009045206408999995,-0.014492627448800003,0.006696793979999996,-0.017538684716185575,0.009012614302693267,-0.8873339102704855,0.4611263515355927,1,1,instant_velocity,dbscan_kmeans_fallback,False
2590,134,7.12929512346,8.39509711472,-0.009281511333999948,0.022457887153000122,-0.0137433716584,0.018362484990000018,-0.014288515361792743,0.019273476640701007,-0.3819507894592859,0.9241822176366691,1,1,instant_velocity,dbscan_kmeans_fallback,False
2590,135,3.29230570987,6.65144861801,-0.025971394528000014,-0.007159793992000019,-0.038123649957599995,0.008859051765199997,-0.03750212618383427,0.006358134669218652,-0.9640372425764518,-0.26576578512261634,-1,-1,instant_velocity,dbscan_kmeans_fallback,False
2590,136,6.12116724835,6.34906665178,-0.04802813801600001,-0.008209897109999975,-0.04780925430260002,-0.0047588764061999985,-0.04762976159897586,-0.00582142638411526,-0.985702253976072,-0.16849527007569373,-1,-1,instant_velocity,dbscan_kmeans_fallback,False
2590,137,9.52796597786,5.87795220714,-0.03609476630100002,-0.002028608298000023,-0.03846881273680001,0.004267237218800002,-0.03688217457976752,0.0028378860727976602,-0.9984241071642559,-0.056113714986445525,2,2,instant_velocity,dbscan_kmeans_fallback,False
2590,138,9.77968224897,6.50491150099,-0.035252905863000096,-0.00016706186000003953,-0.03574539421860003,0.0036371753475999925,-0.03526416260727973,0.0033616295472236792,-0.9999884876937877,-0.004738898330310114,2,2,instant_velocity,dbscan_kmeans_fallback,False
2590,139,9.18111947719,7.17077234219,-0.059098602783000054,-0.0027684536769999823,-0.06071076552219999,0.009913928080000006,-0.05791641926613168,0.007636121505346955,-0.9989044228075782,-0.04679333337959504,-1,-1,instant_velocity,dbscan_kmeans_fallback,False
2590,140,11.9965112487,6.8256702718,-0.042093021920000064,0.009546391988000025,-0.04139848706200002,0.0004486804233999919,-0.03808923155498699,0.001763599138435352,-0.975233688269614,0.22117592521199397,2,2,instant_velocity,dbscan_kmeans_fallback,False
2590,141,12.3978682127,6.31422232102,-0.04586034739000002,0.0016944845780000328,-0.04478697532799998,0.0058614846809999935,-0.039806147779476386,0.0040480547318479014,-0.9993178736488229,0.03692359133299873,2,2,instant_velocity,dbscan_kmeans_fallback,False
2590,232,11.9680984589,7.82422287381,0.010186511310000057,0.0030787114169999797,0.008140790441999996,0.0008925876510000031,0.010832314697453603,0.0010956210722765257,0.9572347728807583,0.28930902193415975,3,3,instant_velocity,dbscan_kmeans_fallback,False
2590,233,12.5959158809,7.44523111186,0.013238255399999944,0.006181288813000041,0.021143324913999992,0.004572721762400001,0.017801023338726935,0.003913906427082415,0.9060923689129413,0.4230783025614005,3,3,instant_velocity,dbscan_kmeans_fallback,False
2590,238,11.8978031122,8.44282907466,0.004735464960000079,0.0005011855790000297,0.008094488115999993,0.0008591752790000129,0.007532958040900437,0.0010144525191445074,0.9944438339235032,0.1052485685984153,3,3,instant_velocity,dbscan_kmeans_fallback,False
2590,243,14.2960530364,11.1050791405,0.02233034813000003,0.006801804299999858,0.022498720218000017,0.010095309527999988,0.022577508794653388,0.010233931941158318,0.9566064866998237,0.2913814901927644,-1,-1,instant_velocity,dbscan_kmeans_fallback,False
2590,244,11.9272682276,11.2153399679,0.004503953350000067,0.028137990379999957,0.003716813836000021,0.019846948944000006,0.006681704724222557,0.02147523042792579,0.1580545974257041,0.9874300189808053,4,4,instant_velocity,dbscan_kmeans_fallback,False
2590,245,12.5437205337,11.1804956372,0.0,0.021049794340000004,0.007505185810000014,0.027474516143400008,0.008586732595329055,0.02449637991064911,0.0,0.9999995249362018,4,4,instant_velocity,dbscan_kmeans_fallback,False
2590,248,11.4800298696,5.15958621001,0.0006103488099999055,0.0002863917600000043,0.020440371445999972,-0.00037230928740001446,0.019398572321294685,0.0005176962606765111,0.9052797031875078,0.42478111407834485,5,5,instant_velocity,dbscan_kmeans_fallback,False
2590,249,12.1444682207,4.42594598569,0.018584069180000107,-0.00035798969899998313,0.032213789677999996,-0.00026252577959999355,0.031017791750995997,5.0886139233024226e-05,0.9998139771910077,-0.019259673502279914,5,5,instant_velocity,dbscan_kmeans_fallback,False
2590,251,7.92653695872,10.1962626232,0.032390580371999975,0.01377067045000011,0.029726092083599998,0.0203958664844,0.030061418866110676,0.018296599057788233,0.920282847786135,0.3912530023267373,6,6,instant_velocity,dbscan_kmeans_fallback,False
2590,252,7.00028001125,9.86810539855,0.031106743201999975,0.007279123890999983,0.026678557295999994,0.016162041636600007,0.027445743040582633,0.013376796926707674,0.9736960531681413,0.2278494459276249,6,6,instant_velocity,dbscan_kmeans_fallback,False
2590,253,3.02501502065,7.76360328468,0.030854185071000018,0.0023865979970000063,0.030382743225600004,0.005002309401999998,0.03005413018487052,0.0055126499878013855,0.9970214571589132,0.07712047513638538,7,7,instant_velocity,dbscan_kmeans_fallback,False
2590,254,2.57735573247,7.06433007152,0.024792789913,0.0,0.027642487498200002,0.004524989802599997,0.025469240396758908,0.00475807305834147,0.9999995966570925,0.0,7,7,instant_velocity,dbscan_kmeans_fallback,False
2590,255,2.71184293752,4.76770681888,0.050195928645,0.013770670444000021,0.03455837100042,0.016119082872799995,0.034199493577411644,0.013997607156994534,0.9643681477165595,0.26456320875773437,-1,-1,instant_velocity,dbscan_kmeans_fallback,False
2590,321,3.36933594,4.13907690643,-0.026539650322999986,-0.0072791238910000725,-0.022212487669800007,-0.009274319816799999,-0.022266657540955737,-0.00949123615934788,-0.9643839376431759,-0.2645049981879962,-1,-1,instant_velocity,dbscan_kmeans_fallback,False
2590,322,5.39379982948,9.09007445149,-0.026939534032,0.0028639175970001317,-0.024296092255200002,0.0022959072733999973,-0.024711785401428855,0.004122059782385587,-0.994396271491197,0.10571337191401052,1,1,instant_velocity,dbscan_kmeans_fallback,False
2590,323,12.5195170461,12.526059588,-0.023593138789999912,0.020978196400000114,-0.02363523180999998,0.02570366043,-0.01799362563749713,0.024705075696924386,-0.7473065652310427,0.6644789417790886,-1,-1,instant_velocity,dbscan_kmeans_fallback,False
2590,324,4.29285684103,11.6234482254,0.007471511391999997,-0.008472422889999897,0.014732557673799995,-0.005976041385999977,0.013727351705508947,-0.0066569529853900316,0.6614141735704282,-0.7500196800781995,8,8,instant_velocity,dbscan_kmeans_fallback,False
2590,325,4.16615684504,12.0735606077,0.008187092764999982,-0.008114433190000093,0.0112935577826,-0.006276752732000013,0.011232661339643032,-0.00691380083320362,0.7102508441101355,-0.7039474436287126,8,8,instant_velocity,dbscan_kmeans_fallback,False
2590,326,6.42192189,10.1198914872,-0.012228022870000022,-0.015393557089999987,-0.012228022870000022,-0.015393557089999987,-0.006231871896180005,-0.00785572596960001,-0.6219980993085779,-0.7830181014028524,-1,-1,instant_velocity,dbscan_kmeans_fallback,False
2590,327,5.98878469439,10.2874306666,0.0,0.0,0.0,0.0,0.0,0.0,0.0,0.0,-1,-1,instant_velocity,dbscan_kmeans_fallback,False
2590,376,8.49374042916,8.4096553625,-0.013364534460999878,-0.005178917653999982,-0.01338979027439997,-0.004224278454999997,-0.013380252924342487,-0.0038583569456976568,-0.9324370406603097,-0.36133055477623355,-1,-1,instant_velocity,dbscan_kmeans_fallback,False
2590,386,14.5963867479,6.46768057223,-0.006187674219999906,0.03579896995700001,-0.005951953299999992,0.0385053720856,-0.00587870520520903,0.03722030221776809,-0.1703195284772256,0.9853886074575364,-1,-1,instant_velocity,dbscan_kmeans_fallback,False
2600,121,5.59353121852,7.56551565092,0.0006103488179999949,0.0,0.000606139515800006,0.0,0.0005908320148173785,1.136211223785029e-05,0.999983616194761,0.0,0,0,instant_velocity,dbscan_kmeans_fallback,False
2600,122,2.76761619158,11.6084126581,-0.037589068579,0.02257721706000009,-0.027621440987200003,0.024648784116000008,-0.028310723331922576,0.024312366934158197,-0.8572534176221142,0.5148942822141158,1,1,instant_velocity,dbscan_kmeans_fallback,False
2600,123,5.78505446828,7.89391153532,-0.0003367441750000033,0.0004773195990000367,-0.00034937208199998794,0.00047731959940000123,-0.000369684213532687,0.0004916002744425685,-0.5764592969665282,0.8171049149340256,0,0,instant_velocity,dbscan_kmeans_fallback,False
2600,124,2.55315224487,12.322244119,-0.025003255022999982,0.019379175739999966,-0.023774138783199995,0.017789701470000027,-0.023254835787510475,0.019955220026164976,-0.7903894996246299,0.6126041190311604,1,1,instant_velocity,dbscan_kmeans_fallback,False
2600,127,4.67358822434,9.59794250528,-0.022372441153999924,0.020142887096000095,-0.028480138634599986,0.016863701447799997,-0.02504735779819013,0.017923926151336412,-0.7431668675873356,0.6691056288519227,2,2,instant_velocity,dbscan_kmeans_fallback,False
2600,128,5.4510463393,8.55428320113,-0.026308138702999972,0.007684845550999952,-0.0151156041734,0.010443752835399991,-0.017914937133771708,0.010751884037684992,-0.9598854260097561,0.28039122527127325,2,2,instant_velocity,dbscan_kmeans_fallback,False
2600,129,6.31395328877,7.94808730986,-0.002883372001000062,0.012696701344999983,-0.005303720762400008,0.012901948772599994,-0.006839211743596885,0.012778778814366473,-0.22145719548934673,0.9751693055402783,2,2,instant_velocity,dbscan_kmeans_fallback,False
2600,130,6.00772655426,9.04520640914,-0.017237092478000003,0.007947371330000053,-0.017266557593600015,0.008143072366199995,-0.017889325684949862,0.008734802412493754,-0.9081234077366327,0.4187013525604444,2,2,instant_velocity,dbscan_kmeans_fallback,False
2600,131,3.90854755086,11.472615232,-0.014290580943000019,0.025560464550000005,-0.015246092541199996,0.026748990352000027,-0.016488319069747584,0.026489195287541494,-0.4879979205455616,0.8728443999814046,1,1,instant_velocity,dbscan_kmeans_fallback,False
2600,132,6.15568352633,8.55070330413,-0.020330929590000046,0.010715825007000034,-0.013061464703399998,0.011355433270199989,-0.015578172436858804,0.01150427891332647,-0.8846426604992648,0.46626869183097897,2,2,instant_velocity,dbscan_kmeans_fallback,False
2600,133,6.2819625921,9.37598889154,-0.01742651107699995,0.009045206408999995,-0.014446325124800001,0.006615649648000001,-0.017505032624429887,0.009022391934585285,-0.8875617360098481,0.4606876882851944,2,2,instant_velocity,dbscan_kmeans_fallback,False
2600,134,7.036269545,8.61991464605,-0.00930255784600007,0.022481753133000028,-0.012206976358200006,0.019780124200200006,-0.012792728107054941,0.020235959588390716,-0.3823433343594827,0.9240198875854336,2,2,instant_velocity,dbscan_kmeans_fallback,False
2600,135,3.0328022297,6.5798506781,-0.02595034801699998,-0.007159793991000018,-0.03384278962779999,0.0035035258597999963,-0.03403659273378398,0.0023027560711530505,-0.963982000500828,-0.2659660876261308,-1,-1,instant_velocity,dbscan_kmeans_fallback,False
2600,136,5.6171033108,6.27508211387,-0.05040639375499998,-0.007398453791000037,-0.048385928702800014,-0.006238567164400006,-0.048462751245783094,-0.006294534606180693,-0.9893991690081029,-0.14522014941872702,-1,-1,instant_velocity,dbscan_kmeans_fallback,False
2600,137,9.16722877996,5.85742746437,-0.03607371978999989,-0.002052474277000016,-0.03766904532079998,0.0021622577854000014,-0.03663963814283723,0.0013707779678583572,-0.9983850278566038,-0.05680477644519703,3,3,instant_velocity,dbscan_kmeans_fallback,False
2600,138,9.42883691122,6.49154655221,-0.035084533775,-0.0013364948779999608,-0.03566962677959999,0.002334092841200004,-0.03521027395759581,0.0019521922196565871,-0.9992749443392985,-0.038065942485882964,3,3,instant_velocity,dbscan_kmeans_fallback,False
2600,139,8.56592996176,7.05096512273,-0.061518951543,-0.011980721946000018,-0.061034881790799994,0.003909247519200001,-0.05899717894919218,0.001751068469942863,-0.9815592781815125,-0.1911571717406371,-1,-1,instant_velocity,dbscan_kmeans_fallback,False
2600,140,11.5755810294,6.92113419169,-0.042093021929999884,0.009546391989000026,-0.041672091705999996,0.0014319587982000038,-0.03929036866749086,0.0040984369936047545,-0.9752336882759501,0.2211759251840559,3,3,instant_velocity,dbscan_kmeans_fallback,False
2600,141,11.9657833426,6.34500943518,-0.04320848701000006,0.0030787114159999797,-0.044639649751999994,0.0046490928983999955,-0.040826849548633484,0.0037572517370935248,-0.9974709374418435,0.07107226785144498,3,3,instant_velocity,dbscan_kmeans_fallback,False
2600,232,12.0602821769,7.85190741057,0.009218371799999936,0.0027684536759999823,0.008679581122000003,0.0016133402460000036,0.010348131828217502,0.0015974708533935628,0.9577411189345736,0.2876280083832998,4,4,instant_velocity,dbscan_kmeans_fallback,False
2600,233,12.6510577396,7.47005173103,0.005514185870000077,0.002482061916999978,0.016740394820000015,0.004692051662400001,0.014114972098108877,0.003484353074057684,0.9118780175388133,0.4104572739552022,4,4,instant_velocity,dbscan_kmeans_fallback,False
2600,238,11.9449472968,8.44760227066,0.004714418460000047,0.0004773195999998592,0.005501557966000021,0.0005727835193999908,0.00668739616663032,0.0008533126434011129,0.9949115188305353,0.10073156895865343,4,4,instant_velocity,dbscan_kmeans_fallback,False
2600,243,14.5124111691,11.1666533688,0.02163581326999999,0.006157422830000136,0.02424558062799999,0.009785051788000026,0.022295000137257368,0.009010979207810863,0.9618076244245294,0.2737246874334757,-1,-1,instant_velocity,dbscan_kmeans_fallback,False
2600,244,11.9483147386,11.476195129,0.002104651099999977,0.02608551611000003,0.003518976634000026,0.022395835604,0.005308588636955783,0.022858316132548063,0.08042138115066885,0.9967605716663669,5,5,instant_velocity,dbscan_kmeans_fallback,False
2600,245,12.5437205337,11.3909935805,0.0,0.021049794330000003,0.005328976575999995,0.02579435115199999,0.006010712816730338,0.023462404236454376,0.0,0.9999995249362016,5,5,instant_velocity,dbscan_kmeans_fallback,False
2600,248,11.4861333578,5.1624501276,0.0006103488200000839,0.0002863917590000042,0.01400434839399999,-0.000591876303400003,0.013762105270906305,0.00044830491017355903,0.9052797064344902,0.42478110715892825,6,6,instant_velocity,dbscan_kmeans_fallback,False
2600,249,12.1459414765,4.45291454305,0.0001473255799998796,0.0026968557360000033,0.023694162041999967,-0.00031980413159999444,0.02175665189969716,0.0008446770182631181,0.05454711319075399,0.9985074899474115,6,6,instant_velocity,dbscan_kmeans_fallback,False
2600,251,8.25023229732,10.3339693276,0.032369533860000035,0.013770670439999933,0.031224603664000004,0.019025959233400017,0.03075385336427748,0.01693882047245174,0.9201912347798173,0.39146841875249216,7,7,instant_velocity,dbscan_kmeans_fallback,False
2600,252,7.33113116359,9.93421416307,0.03308511523400002,0.006610876451999914,0.0293935572104,0.014878051913999997,0.029137554698607848,0.011347020784295347,0.980615404019305,0.19594090082653273,7,7,instant_velocity,dbscan_kmeans_fallback,False
2600,253,3.36744175401,7.76240998568,0.03424267333599999,-0.00011932990000005362,0.031237231570600002,0.003532165035799988,0.03131069313020936,0.0038230560214609533,0.9999936360051208,-0.0034848079591883975,8,8,instant_velocity,dbscan_kmeans_fallback,False
2600,254,2.86800804887,7.06981924691,0.02906523164000001,0.0005489175390000156,0.027356254949200003,0.002825732028600001,0.02654803776973124,0.0034953264025390338,0.9998213687368429,0.018882336530611415,8,8,instant_velocity,dbscan_kmeans_fallback,False
2600,255,3.21359175887,4.90541352331,0.05017488213499997,0.01377067044300002,0.037677463925199994,0.017226464343399996,0.03899211014468814,0.013929526142796179,0.9643398293218219,0.26466641115209283,-1,-1,instant_velocity,dbscan_kmeans_fallback,False
2600,321,3.08836501864,4.07583205951,-0.028097092136000024,-0.006324484691999999,-0.0256599061656,-0.007866226998400005,-0.024015787919469025,-0.008541210719143516,-0.9755897900724627,-0.21959933302418871,-1,-1,instant_velocity,dbscan_kmeans_fallback,False
2600,322,5.07473472329,9.03923991415,-0.031906510619,-0.00508345373400001,-0.026400743351400014,0.0007589381632000069,-0.0268702029667002,0.0013604057274699075,-0.9875443505470684,-0.15733892296231444,-1,-1,instant_velocity,dbscan_kmeans_fallback,False
2600,323,12.2911624021,12.7219992835,-0.022835464400000127,0.01959396954999999,-0.023466859723999995,0.023455485116000006,-0.01944617726624803,0.023171743852847065,-0.7589160844834391,0.6511879237443335,-1,-1,instant_velocity,dbscan_kmeans_fallback,False
2600,324,4.36757195495,11.5387239965,0.007471511391999997,-0.008472422890000076,0.010712674079999998,-0.007837587823999997,0.01185059961145626,-0.007201593956773045,0.6614141735704204,-0.7500196800782065,9,9,instant_velocity,dbscan_kmeans_fallback,False
2600,325,4.23434754056,11.989791018,0.0068190695520000235,-0.008376958969999926,0.009458302026599998,-0.007570288846000004,0.00990858380335013,-0.0073527482742425125,0.6313050367217888,-0.7755334286950682,9,9,instant_velocity,dbscan_kmeans_fallback,False
2600,326,6.29964166131,9.96595591643,-0.012228022869000021,-0.015393557077000075,-0.012228022869000021,-0.015393557077000075,-0.008030717188026011,-0.01011707530182003,-0.6219980995994487,-0.7830181011717959,-1,-1,instant_velocity,dbscan_kmeans_fallback,False
2600,327,5.94143004473,10.2933971616,-0.004735464965999992,0.0005966494999999128,-0.004735464965999992,0.0005966494999999128,-0.0014206394897999977,0.00017899484999997386,-0.9921537016635991,0.12500736765468662,2,2,instant_velocity,dbscan_kmeans_fallback,False
2600,376,8.36030554965,8.35380896937,-0.013343487951000021,-0.00558463931300004,-0.013436092598599991,-0.0047206908384000105,-0.013369223432339747,-0.004376241655888372,-0.9224651404717461,-0.38607859558673563,-1,-1,instant_velocity,dbscan_kmeans_fallback,False
2600,386,14.5345100056,6.8256702718,-0.006187674230000084,0.03579896995700001,-0.00603613934400002,0.0375364132988,-0.005971395912646346,0.03679390253953767,-0.17031952874450165,0.9853886074113393,-1,-1,instant_velocity,dbscan_kmeans_fallback,False
2610,121,5.59479400918,7.55931049612,0.00012627906600002348,-0.0006205154799999946,0.000509325565399994,-0.0001241030959999989,0.00045146613017217195,-0.0001782011654335032,0.19941598670890204,-0.9798988116710008,0,0,instant_velocity,dbscan_kmeans_fallback,False
2610,122,2.38183364563,11.8310822512,-0.038578254595000014,0.02226695930999991,-0.0324537199042,0.024157144927999995,-0.03139098271084581,0.023698744646910713,-0.8660855362310704,0.4998953839849501,1,1,instant_velocity,dbscan_kmeans_fallback,False
2610,123,5.78147656141,7.89868473132,-0.0003577906870000369,0.0004773196000000368,-0.00034937208200000566,0.00047731959960000124,-0.00036611615557289196,0.000487316072109809,-0.5997764088873734,0.8001466946498529,0,0,instant_velocity,dbscan_kmeans_fallback,False
2610,124,2.30333015974,12.5162745362,-0.024982208512999992,0.019403041719999868,-0.024258208535399995,0.018434082929999995,-0.02377304760515733,0.019789566534315444,-0.7897740855733338,0.613397311281746,1,1,instant_velocity,dbscan_kmeans_fallback,False
2610,127,4.56751380909,9.79770075764,-0.010607441525000016,0.01997582523599988,-0.0229112318338,0.018553412829799994,-0.020715382916233097,0.01853949587673545,-0.4689924069375552,0.8832016972156276,0,0,instant_velocity,dbscan_kmeans_fallback,False
2610,128,5.19848820775,8.63781413103,-0.025255813155000074,0.008353092990000022,-0.01863458080620001,0.00965617549640001,-0.020117199940140218,0.0100322467233795,-0.9494191656056268,0.31401034399963307,0,0,instant_velocity,dbscan_kmeans_fallback,False
2610,129,6.31395328877,8.07075844691,0.0,0.012267113705000022,-0.002731837122800016,0.012677608560800007,-0.004787448220517819,0.012625279281556538,0.0,0.9999991848129814,0,0,instant_velocity,dbscan_kmeans_fallback,False
2610,130,5.81325679297,9.09938218367,-0.01944697612899997,0.005417577453,-0.017691697115000002,0.007541649670800013,-0.018356620818164894,0.007739634924645628,-0.9633173797146581,0.26836287975088613,0,0,instant_velocity,dbscan_kmeans_fallback,False
2610,131,3.63957314075,11.7334703931,-0.02689744101099998,0.026085516109999853,-0.01740125526399999,0.02640054704399997,-0.019611055652123302,0.026368091534279,-0.7178581981269505,0.6961889640088055,1,1,instant_velocity,dbscan_kmeans_fallback,False
2610,132,5.95258469554,8.65762289441,-0.020309883079000012,0.010691959028000042,-0.015077720453600013,0.011174051822600006,-0.016997685629501165,0.011260582947728541,-0.8848720990702763,0.46583312131729004,0,0,instant_velocity,dbscan_kmeans_fallback,False
2610,133,6.11106492309,9.40319610871,-0.017089766901000038,0.0027207217169999964,-0.015620720436400006,0.006362670260400023,-0.01738045290740093,0.007131890869309698,-0.987562737038943,0.15722176909297583,0,0,instant_velocity,dbscan_kmeans_fallback,False
2610,134,6.89294280535,8.80463733103,-0.014332673964999997,0.018472268497999877,-0.011680813584200003,0.020395866483599985,-0.013254711864438457,0.019706852261273465,-0.6130166379699897,0.7900694565421128,0,0,instant_velocity,dbscan_kmeans_fallback,False
2610,135,2.770352238,6.51326459398,-0.026244999170000005,-0.006658608411999989,-0.030963626928199997,-0.0003102577395999973,-0.03169911466464879,-0.00038565327379286177,-0.9692901956963422,-0.24591823413392694,-1,-1,instant_velocity,dbscan_kmeans_fallback,False
2610,136,5.10251611776,6.20420015335,-0.051458719304000054,-0.007088196051999951,-0.04917306821300001,-0.007656206374799996,-0.04936154166324818,-0.0065326330399264705,-0.9906458289306624,-0.1364567938831448,-1,-1,instant_velocity,dbscan_kmeans_fallback,False
2610,137,8.79681018702,5.8338001442,-0.037041859294000015,-0.002362732017000013,-0.03706711510759998,-4.7731960000163556e-06,-0.03676030448818607,0.00025072497240084595,-0.9979716252519087,-0.06365607871692766,2,2,instant_velocity,dbscan_kmeans_fallback,False
2610,138,9.07799157348,6.47818160342,-0.035084533773999914,-0.0013364948789999608,-0.035484417482399985,0.0011885258026000044,-0.035172551902517044,0.0009655860900596226,-0.9992749443381739,-0.03806594251540712,2,2,instant_velocity,dbscan_kmeans_fallback,False
2610,139,7.93453463288,6.86958367495,-0.063139532888,-0.018138144777999975,-0.06103488179239999,-0.0038949279313999874,-0.06023988513083453,-0.00421569550443999,-0.9611276317125839,-0.27610391361403835,-1,-1,instant_velocity,dbscan_kmeans_fallback,False
2610,140,11.1546508102,7.01659811158,-0.042093021920000064,0.009546391988999935,-0.041810998678000005,0.004138360927199987,-0.04013116464324362,0.005732823492223309,-0.975233688264617,0.22117592523402715,2,2,instant_velocity,dbscan_kmeans_fallback,False
2610,141,11.5732659132,6.39679861172,-0.03925174293999998,0.00517891765400007,-0.043700975361999995,0.003861515559400015,-0.040354317566043435,0.004183751512165488,-0.9914075456695016,0.13080738983807952,2,2,instant_velocity,dbscan_kmeans_fallback,False
2610,232,12.0670170604,7.85310070957,0.0006734883500000066,0.0001193298999999648,0.007505185809999979,0.0017994948897999841,0.007445738784752252,0.0011540285673754833,0.9846490724970113,0.17446192700456556,3,3,instant_velocity,dbscan_kmeans_fallback,False
2610,233,12.6544251813,7.47005173103,0.0003367441700000029,0.0,0.011192534528000024,0.0038997011272000038,0.009981503719676214,0.0024390471518403786,0.9999703047478224,0.0,3,3,instant_velocity,dbscan_kmeans_fallback,False
2610,238,12.1074263614,8.42254299169,0.01624790645999994,-0.002505927896999971,0.007029534660000003,-0.00010978350780000313,0.009555549254641207,-0.00015445951871921235,0.9883138915304819,-0.15242845949882747,3,3,instant_velocity,dbscan_kmeans_fallback,False
2610,243,14.7289797669,11.2279889373,0.021656859780000027,0.006133556849999877,0.024456045738000008,0.008959288880000003,0.022103558030080166,0.008147752500467566,0.9621560464062144,0.27249743818600963,-1,-1,instant_velocity,dbscan_kmeans_fallback,False
2610,244,11.9333717158,11.7062631759,-0.0014943022800000705,0.02300680468999996,0.002601348755999986,0.024328979982000013,0.0032677213618690264,0.02290286269978363,-0.06481385347896525,0.9978969370218437,4,4,instant_velocity,dbscan_kmeans_fallback,False
2610,245,12.5437205337,11.6017301837,0.0,0.021073660320000086,0.0033548138480000134,0.024042588224000027,0.004207498971711236,0.02274578106151809,0.0,0.9999995254742127,4,4,instant_velocity,dbscan_kmeans_fallback,False
2610,248,11.4920263809,5.1650753854,0.0005893023100000505,0.00026252578000001136,0.008418604386000013,-0.00022911340760000342,0.009810264382634427,0.0003925711711214947,0.913444026684431,0.40692629491247184,5,5,instant_velocity,dbscan_kmeans_fallback,False
2610,249,12.1474147323,4.47964444062,0.00014732558000005725,0.0026729897569999217,0.016121627397999987,4.773195999998592e-05,0.015273854003788027,0.0013931708398841592,0.0550326706397459,0.9984808131780913,5,5,instant_velocity,dbscan_kmeans_fallback,False
2610,251,8.58087298454,10.4874275788,0.03306406872199989,0.01534582512,0.03190651061919999,0.017202598363200004,0.0314469179715942,0.01646092186671622,0.9070647660163096,0.4209904530756755,6,6,instant_velocity,dbscan_kmeans_fallback,False
2610,252,7.68197650133,9.993879113,0.035084533774000004,0.005966494993000104,0.031148836224600008,0.011097680686599993,0.030921648421225495,0.009732863046906773,0.9858457057206685,0.1676534596395866,6,6,instant_velocity,dbscan_kmeans_fallback,False
2610,253,3.78837197326,7.70274503575,0.042093021924999974,-0.005966494993000016,0.033661789633599996,0.0008925876507999852,0.034545391768646544,0.0008861907171226623,0.9901027676022003,-0.1403425778263125,7,7,instant_velocity,dbscan_kmeans_fallback,False
2610,254,3.17654989958,7.0779336801,0.030854185070999973,0.0008114433190000269,0.0274320223886,0.0011789794106000073,0.027839881960111862,0.0026901614774773315,0.9996540289475382,0.026290196329422935,7,7,instant_velocity,dbscan_kmeans_fallback,False
2610,255,3.78753011282,4.92307434849,0.057393835395,0.0017660825180000118,0.043288463747799995,0.013670433327599998,0.0445126277197817,0.010280493055357328,0.9995267256453247,0.03075672960845174,-1,-1,instant_velocity,dbscan_kmeans_fallback,False
2610,321,2.74530688996,4.04934082174,-0.03430581286799996,-0.0026491237769999286,-0.027688789822200004,-0.006629969235999998,-0.027102795404028306,-0.006773584636500439,-0.9970314493216127,-0.07699160865178968,-1,-1,instant_velocity,dbscan_kmeans_fallback,False
2610,322,4.75040798936,8.97957496422,-0.032432673392999954,-0.005966494993000104,-0.028459092123600004,-0.0006825670272000295,-0.028538944094590124,-0.0008376644886710963,-0.9834957864330125,-0.1809293552302655,0,0,instant_velocity,dbscan_kmeans_fallback,False
2610,323,12.0806972925,12.8861972257,-0.02104651095999994,0.01641979421999995,-0.02294069695000001,0.02057724793000002,-0.019926277374373604,0.021146158962992934,-0.7884381364698717,0.6151134494757875,-1,-1,instant_velocity,dbscan_kmeans_fallback,False
2610,324,4.41976730214,11.4394415199,0.005219534719000052,-0.009928247659999912,0.008435441593800004,-0.00871108268799997,0.009861280143719398,-0.008019590067741106,0.46533694302359535,-0.8851326151482348,8,8,instant_velocity,dbscan_kmeans_fallback,False
2610,325,4.30253823607,11.9057827685,0.006819069551000023,-0.008400824950000007,0.008435441593600004,-0.008057154838000003,0.008981729527645099,-0.007667171276969761,0.6302245094990412,-0.7764117588043419,8,8,instant_velocity,dbscan_kmeans_fallback,False
2610,326,6.14031957332,9.88648220313,-0.01593220879899997,-0.007947371329999875,-0.01593220879899997,-0.007947371329999875,-0.0104011646713182,-0.009466164110273984,-0.8948471565986742,-0.44637141822611537,0,0,instant_velocity,dbscan_kmeans_fallback,False
2610,327,5.89407539506,10.2993636566,-0.004735464966999991,0.0005966495000000905,-0.004735464966999991,0.0005966495000000905,-0.002415087132959996,0.0003042912450000089,-0.9921537016668689,0.12500736762873774,0,0,instant_velocity,dbscan_kmeans_fallback,False
2610,376,8.22708113526,8.29820123604,-0.013322441438999988,-0.005560773332999957,-0.013402418180999973,-0.004978443422000005,-0.013355188834337818,-0.004731601159021848,-0.922836176524976,-0.3851908694546998,0,0,instant_velocity,dbscan_kmeans_fallback,False
2610,386,14.5220925642,7.17387491959,-0.0012417441400000228,0.03482046477900003,-0.005131139372,0.03637652667240001,-0.004552500380852448,0.03620187121137637,-0.03563866714672353,0.9993644537376026,-1,-1,instant_velocity,dbscan_kmeans_fallback,False
2620,121,5.57711493997,7.52828472216,-0.0017679069209999732,-0.0031025773959999724,3.367441760000034e-05,-0.0007446185751999934,-0.0002143457851794717,-0.001055514034603444,-0.49508282370283985,-0.8688425616318369,0,0,instant_velocity,dbscan_kmeans_fallback,False
2620,122,1.99584063458,12.0539905041,-0.038599301105000004,0.022290825289999993,-0.034436301237000005,0.02355094903599998,-0.03355347822909207,0.023276368839837497,-0.8659716925709361,0.5000925703984794,1,1,instant_velocity,dbscan_kmeans_fallback,False
2620,123,5.77789865455,7.90345792731,-0.000357790685999948,0.0004773195989999479,-0.00035358138419999463,0.00047731959940000123,-0.00036361851470100877,0.0004843171301768507,-0.5997764086185577,0.8001466948513034,0,0,instant_velocity,dbscan_kmeans_fallback,False
2620,124,2.05329760951,12.7100662935,-0.025003255023000028,0.019379175730000142,-0.024750696891799998,0.019068917996000002,-0.02414210983051014,0.019666449293020853,-0.7903894997776891,0.6126041188336813,1,1,instant_velocity,dbscan_kmeans_fallback,False
2620,127,4.47448823064,9.9976976698,-0.00930255784500007,0.019999691216000138,-0.017401255263800017,0.020080835548000026,-0.017291535394863188,0.018977554478514857,-0.4217445688018742,0.9067141842709548,0,0,instant_velocity,dbscan_kmeans_fallback,False
2620,128,4.98802309813,8.7492682575,-0.021046510961999942,0.011145412647000086,-0.0213159063028,0.009427062088800007,-0.020395993246698135,0.010366196500465675,-0.8837329815629396,0.4679905741653022,0,0,instant_velocity,dbscan_kmeans_fallback,False
2620,129,6.31395328877,8.19342958396,0.0,0.012267113705000022,-0.002012046448000007,0.012567825052800003,-0.003351213754362473,0.012517829608589583,0.0,0.9999991848129814,0,0,instant_velocity,dbscan_kmeans_fallback,False
2620,130,5.60931610174,9.14281826722,-0.02039406912299997,0.004343608354999873,-0.018302045932999996,0.0067254331557999696,-0.018967855309615415,0.006720826953751901,-0.9780620496031941,0.20831146863053324,0,0,instant_velocity,dbscan_kmeans_fallback,False
2620,131,3.28620222169,11.9976667914,-0.035337091906000005,0.02641963983000011,-0.021240138863400003,0.02611415528400002,-0.024328866528286315,0.02638355602299533,-0.8009038180494173,0.5987926360104575,1,1,instant_velocity,dbscan_kmeans_fallback,False
2620,132,5.7351742373,8.71108268954,-0.021741045823999983,0.005345979512999932,-0.017375999450599994,0.009918701275999985,-0.018420693687850813,0.009486201917309959,-0.9710731163182243,0.2387804628851617,0,0,instant_velocity,dbscan_kmeans_fallback,False
2620,133,5.94164050984,9.40319610871,-0.01694244132499998,0.0,-0.016761441330599994,0.005570319725400025,-0.017249049432680644,0.004992323608516788,-0.9999994097666383,0.0,0,0,instant_velocity,dbscan_kmeans_fallback,False
2620,134,6.72814862451,8.97241517023,-0.016479418083999952,0.016777783920000112,-0.011735534512600001,0.020529515971400018,-0.014222123730306905,0.018828131758891458,-0.7007344997026584,0.7134215517424954,0,0,instant_velocity,dbscan_kmeans_fallback,False
2620,135,2.48201503781,6.4925011914,-0.028833720018999996,-0.002076340258000009,-0.0289347432714,-0.002844824812600013,-0.03083949627095415,-0.0008928593690550059,-0.9974169151717128,-0.07182482501794897,-1,-1,instant_velocity,dbscan_kmeans_fallback,False
2620,136,4.58813938984,6.13355685264,-0.051437672791999935,-0.007064330071000047,-0.04986760307459999,-0.007594154826799997,-0.04998438100187371,-0.006692142149248544,-0.9907003391125057,-0.1360604750771483,-1,-1,instant_velocity,dbscan_kmeans_fallback,False
2620,137,8.41692066414,5.80730890643,-0.0379889522880001,-0.0026491237769999286,-0.0366546034932,-0.002229082529199999,-0.03712889882813028,-0.0006192296524193865,-0.9975771505805687,-0.0695651022160355,2,2,instant_velocity,dbscan_kmeans_fallback,False
2620,138,8.73051367749,6.46624861344,-0.034747789599000004,-0.0011932989980000031,-0.035236068654199995,7.15979400000144e-05,-0.03504512321146193,0.0003179205636417348,-0.9994105566157193,-0.034321481439915376,2,2,instant_velocity,dbscan_kmeans_fallback,False
2620,139,7.30313930401,6.69225944376,-0.063139532887,-0.01773242311900001,-0.0611948352738,-0.010672866243199994,-0.06110977945768417,-0.008270713788807995,-0.9627523463921108,-0.27038419805208863,-1,-1,instant_velocity,dbscan_kmeans_fallback,False
2620,140,10.7139368706,7.06051151472,-0.04407139396000002,0.0043913403140000366,-0.04234978935800001,0.005808979524999991,-0.041313233438270536,0.005330378538756327,-0.9950722218530015,0.0991505003706189,2,2,instant_velocity,dbscan_kmeans_fallback,False
2620,141,11.1807484837,6.44834912846,-0.03925174294999998,0.0051550516739999885,-0.042682324232,0.003365103176000002,-0.0400235451812304,0.0044751415607158385,-0.9914855478239861,0.1302148350346526,2,2,instant_velocity,dbscan_kmeans_fallback,False
2620,232,12.0737519439,7.85429400857,0.0006734883500000066,0.00011932990000005362,0.006187674223999977,0.0018329072618000098,0.005414063654326578,0.0008436189671628543,0.984649072496989,0.17446192700469146,3,3,instant_velocity,dbscan_kmeans_fallback,False
2620,233,12.6580030882,7.47005173103,0.0003577906899998595,0.0,0.006541255605999972,0.0029689279083999942,0.0070943898107733066,0.001707333006288265,0.9999720514792747,0.0,3,3,instant_velocity,dbscan_kmeans_fallback,False
2620,238,12.2987391461,8.39008525893,0.01913127847000009,-0.0032457732759999303,0.009908697362000006,-0.0008591752787999951,0.012428268019248873,-0.0010818536459034278,0.9859110048888372,-0.16726762914461982,3,3,instant_velocity,dbscan_kmeans_fallback,False
2620,243,14.9453378996,11.2893245058,0.02163581326999999,0.006133556850000055,0.023117487640000007,0.007613247610000009,0.02196323460205611,0.007543493805327313,0.9620865209059072,0.2727428036540431,-1,-1,instant_velocity,dbscan_kmeans_fallback,False
2620,244,11.918428693,11.9363312229,-0.0014943022800000705,0.02300680469999996,0.0016247906459999938,0.02567024805799999,0.0018391142693082972,0.02293404529984853,-0.064813853450912,0.997896937023666,4,4,instant_velocity,dbscan_kmeans_fallback,False
2620,245,12.502048442,11.8060229722,-0.004167209170000063,0.020429278849999833,0.0005472092859999834,0.02216194899999998,0.0016950865291978463,0.02205083039806261,-0.1998663808911563,0.9798226730158707,4,4,instant_velocity,dbscan_kmeans_fallback,False
2620,248,11.4981298691,5.167939303,0.0006103488199999063,0.0002863917600000043,0.002837069678000006,0.0001336494879999961,0.00705028971384407,0.0003607173477850476,0.9052797058640694,0.42478110837461247,5,5,instant_velocity,dbscan_kmeans_fallback,False
2620,249,12.148887988,4.50661299799,0.00014732557000005642,0.0026968557370000033,0.009980255498000013,0.0010644227067999879,0.010735895473651636,0.0017842763090189125,0.054547109479182114,0.9985074901501702,5,5,instant_velocity,dbscan_kmeans_fallback,False
2620,251,8.91172413687,10.64088583,0.03308511523300002,0.01534582512,0.032483185019599986,0.015288546769200018,0.03193837715001595,0.016126392842701353,0.9071670167226358,0.42077007425297597,6,6,instant_velocity,dbscan_kmeans_fallback,False
2620,252,8.03261137397,10.0633291147,0.03506348726399988,0.006945000169999993,0.03289990593679999,0.007513010494600003,0.03216420007405781,0.008896504183834739,0.9809429242828532,0.19429467253530533,6,6,instant_velocity,dbscan_kmeans_fallback,False
2620,253,4.20930219251,7.64308008582,0.042093021925000015,-0.005966494992999926,0.0360316267678,-0.0014558247783999967,0.03680968081555259,-0.0011696149959141147,0.9901027676022006,-0.1403425778263103,7,7,instant_velocity,dbscan_kmeans_fallback,False
2620,254,3.4853022154,7.08580945349,0.030875231582000007,0.0007875773389999452,0.028080254926199998,0.00042958763939999757,0.028750486846678306,0.0021193862359341156,0.9996744961188496,0.025500083373573658,7,7,instant_velocity,dbscan_kmeans_fallback,False
2620,255,4.46943706801,4.76078568468,0.06819069551900006,-0.016228866381000007,0.051058835595200004,0.006520185727999994,0.051616048059547205,0.0023276852244501264,0.972828616264486,-0.23152580428763142,-1,-1,instant_velocity,dbscan_kmeans_fallback,False
2620,321,2.40245922638,4.02284958397,-0.03428476635800002,-0.0026491237770000175,-0.029713464176800004,-0.005388938277599991,-0.029257386690219822,-0.005536246378650312,-0.9970278199882382,-0.07703859132891612,-1,-1,instant_velocity,dbscan_kmeans_fallback,False
2620,322,4.39956265161,8.9098863027,-0.035084533775,-0.006968866151999898,-0.030660557170199994,-0.0024581959369999852,-0.030502620998713086,-0.002677024987669737,-0.9808378287186124,-0.19482452265131206,-1,-1,instant_velocity,dbscan_kmeans_fallback,False
2620,323,11.8702321829,13.0501565081,-0.02104651095999994,0.016395928240000045,-0.02242295278,0.018873216960000008,-0.020262347450061505,0.019721089746095065,-0.7888717793674491,0.6145572113901524,4,4,instant_velocity,dbscan_kmeans_fallback,False
2620,324,4.41976730214,11.305792032,0.0,-0.013364948790000141,0.0060571858552,-0.009723000240000026,0.006902896100603578,-0.009623197684418817,0.0,-0.9999992517747225,8,8,instant_velocity,dbscan_kmeans_fallback,False
2620,325,4.3709393967,11.8220131788,0.006840116062999968,-0.008376958969999926,0.007766162545199995,-0.008195577521999979,0.00833924548825156,-0.007880107584878811,0.6324747922706532,-0.7745797491755971,8,8,instant_velocity,dbscan_kmeans_fallback,False
2620,326,5.9561626024,9.85664972817,-0.018415697092000017,-0.0029832474960000965,-0.014202185597600003,-0.01142703121060002,-0.012805524397522746,-0.007521289125991817,-0.9871310368259433,-0.1599101125047421,0,0,instant_velocity,dbscan_kmeans_fallback,False
2620,327,5.8467207454,10.3053301516,-0.004735464965999992,0.0005966494999999128,-0.004735464965999992,0.0005966494999999128,-0.0031112004828719947,0.00039199872149998005,-0.9921537016635991,0.12500736765468662,0,0,instant_velocity,dbscan_kmeans_fallback,False
2620,376,8.06817997749,8.2437868017,-0.015890115776999992,-0.005441443433999993,-0.013882278630999991,-0.005207556829799991,-0.01411566691713647,-0.0049445538415152914,-0.9460658038523116,-0.32397269024027253,0,0,instant_velocity,dbscan_kmeans_fallback,False
2620,386,14.5220925642,7.51945430957,0.0,0.03455793899800001,-0.003960953362000019,0.03535506272960001,-0.0031867502665967134,0.03570869154736346,0.0,0.9999997106309751,-1,-1,instant_velocity,dbscan_kmeans_fallback,False
2630,121,5.55943587076,7.497497608,-0.0017679069210000619,-0.003078711416000068,-0.00044197673020001104,-0.001360360858400007,-0.0006804141259256489,-0.0016624732490224314,-0.4979717250920151,-0.8671900181366963,0,0,instant_velocity,dbscan_kmeans_fallback,False
2630,122,1.68098483058,12.2730802003,-0.031485580400000004,0.021908969620000107,-0.0349919291264,0.022873155206,-0.03293310888036445,0.02286614907388628,-0.8208321761938975,0.5711689917379027,1,1,instant_velocity,dbscan_kmeans_fallback,False
2630,123,5.7745312128,7.9082311233,-0.0003367441750000033,0.0004773195990000367,-0.00034937208179998793,0.00047731959940000123,-0.00035555621279070713,0.00048221787082380646,-0.5764592969665282,0.8171049149340256,0,0,instant_velocity,dbscan_kmeans_fallback,False
2630,124,1.82767901199,12.8945503187,-0.022561859752,0.018448402519999973,-0.024506557364799997,0.019202567484,-0.0236680348069571,0.01930103526111459,-0.7741470391881933,0.6330052728629328,1,1,instant_velocity,dbscan_kmeans_fallback,False
2630,127,4.38167311729,10.1974559222,-0.009281511334999947,0.019975825239999877,-0.014783069300200005,0.020047423176799983,-0.014888528176904215,0.019277035706960363,-0.42137332216795836,0.9068867709813931,0,0,instant_velocity,dbscan_kmeans_fallback,False
2630,128,4.7775579885,8.86072238396,-0.02104651096300003,0.011145412645999997,-0.0239930224972,0.009197948681000021,-0.020591148561588703,0.010599961344125972,-0.8837329815895043,0.4679905741151386,0,0,instant_velocity,dbscan_kmeans_fallback,False
2630,129,6.31395328877,8.31633938081,0.0,0.012290979684999925,-0.001292255773000015,0.012467587936999997,-0.002345849628053731,0.012449774631512686,0.0,0.9999991863958675,0,0,instant_velocity,dbscan_kmeans_fallback,False
2630,130,5.4051649454,9.18625435077,-0.020415115634000003,0.004343608355000051,-0.018941859866400002,0.006004680560800005,-0.01940203340693079,0.006007661374126345,-0.9781057848170637,0.20810601983217153,0,0,instant_velocity,dbscan_kmeans_fallback,False
2630,131,2.93304176774,12.2621018495,-0.035316045395000016,0.02644350581000001,-0.02522634803980001,0.026013918169999997,-0.027625020188300424,0.026401540959096734,-0.800473142560287,0.5993682463393466,1,1,instant_velocity,dbscan_kmeans_fallback,False
2630,132,5.50366261671,8.71108268954,-0.02315116205900001,0.0,-0.019960510996800008,0.007598928022799996,-0.01983983419919557,0.00664034134211697,-0.999999568056426,0.0,0,0,instant_velocity,dbscan_kmeans_fallback,False
2630,133,5.77200563148,9.40319610871,-0.01696348783600001,0.0,-0.017165534341,0.0041622269069999975,-0.017163380953676453,0.0034946265259617514,-0.9999994104989373,0.0,0,0,instant_velocity,dbscan_kmeans_fallback,False
2630,134,6.56314397856,9.13995434963,-0.016500464594999986,0.01675391794000003,-0.013179325164799992,0.019388722128800034,-0.01490562598971483,0.01820586761322403,-0.7016967803260077,0.7124751069073865,0,0,instant_velocity,dbscan_kmeans_fallback,False
2630,135,2.19388830274,6.47173778883,-0.02881267350700001,-0.002076340257000009,-0.0271626270482,-0.005026175382000009,-0.030231449441767907,-0.0012479036354385068,-0.9974131550010068,-0.0718770191904212,-1,-1,instant_velocity,dbscan_kmeans_fallback,False
2630,136,4.0844963825,6.05694705693,-0.050364300734,-0.007660979570999959,-0.0503390449202,-0.007484371318999994,-0.0500983569215116,-0.0069827933757739685,-0.9886278470370139,-0.15038147316834016,-1,-1,instant_velocity,dbscan_kmeans_fallback,False
2630,137,8.03682067616,5.78081766866,-0.038009998797999954,-0.0026491237770000175,-0.037041859294199994,-0.0023484124291999996,-0.037393228819091184,-0.001228197889793576,-0.9975798230747024,-0.06952676959573388,2,2,instant_velocity,dbscan_kmeans_fallback,False
2630,138,8.3962950834,6.45932747924,-0.03342185940900002,-0.0006921134200000622,-0.03471832448400001,-0.0009450928070000053,-0.03455814407072336,1.4910368549195642e-05,-0.9997853508307071,-0.020703960541557025,2,2,instant_velocity,dbscan_kmeans_fallback,False
2630,139,6.67174397513,6.55073418253,-0.063139532888,-0.014152526122999998,-0.062007230597800014,-0.012954453928599997,-0.06171870548677892,-0.010035257489065596,-0.9757875730479841,-0.2187196909194271,-1,-1,instant_velocity,dbscan_kmeans_fallback,False
2630,140,10.2536496758,7.05311306093,-0.04602871947999994,-0.0007398453789999593,-0.04327583584199999,0.006458134180200013,-0.04272787925078936,0.003509311363429441,-0.999870628162498,-0.016071480419203088,2,2,instant_velocity,dbscan_kmeans_fallback,False
2630,141,10.7882310543,6.4998996452,-0.03925174293999998,0.0051550516739999885,-0.041364812646000004,0.004052443399200012,-0.03979200450886127,0.004679114594701083,-0.9914855478197031,0.13021483506726436,2,2,instant_velocity,dbscan_kmeans_fallback,False
2630,232,12.0804868274,7.85548730757,0.0006734883500000066,0.0001193298999999648,0.0042850696320000025,0.001241030958599989,0.003991891063028607,0.0006263322470139875,0.9846490724970113,0.17446192700456556,3,3,instant_velocity,dbscan_kmeans_fallback,False
2630,233,12.6615809951,7.47005173103,0.00035779069000003717,0.0,0.0039609533639999835,0.0017326701460000037,0.005073410074541325,0.0011951331044017853,0.9999720514792747,0.0,3,3,instant_velocity,dbscan_kmeans_fallback,False
2630,238,12.3778740273,8.37791360914,0.007913488119999989,-0.001217164978999996,0.01054851129400003,-0.0011980721946000016,0.011073834049474207,-0.0011224470458323981,0.9883759948780036,-0.15202103406326808,3,3,instant_velocity,dbscan_kmeans_fallback,False
2630,244,11.8851752057,12.1239178254,-0.0033253487299999664,0.01875866024999997,5.893023199998737e-05,0.023799155225999975,0.00028977536951581805,0.021681429784893964,-0.17454860932815405,0.9846480250198753,4,4,instant_velocity,dbscan_kmeans_fallback,False
2630,245,12.455956583,12.0098384412,-0.004609185899999879,0.020381546900000026,-0.0017552790139999884,0.02079681494799999,-0.00019619519956147165,0.021550045348643836,-0.2205749887554301,0.9753695285507783,4,4,instant_velocity,dbscan_kmeans_fallback,False
2630,248,11.5042333572,5.17080322059,0.0006103488100000831,0.0002863917590000042,0.0006061395140000059,0.0002816185636000057,0.005118307442690873,0.0003384196711495346,0.9052797037579284,0.42478111286266057,5,5,instant_velocity,dbscan_kmeans_fallback,False
2630,249,12.1503612438,4.53358155536,0.00014732558000005725,0.0026968557370000033,0.0038346742980000315,0.00208111345359999,0.007559324505556162,0.0020580501374132397,0.05454711317065364,0.9985074899485109,5,5,instant_velocity,dbscan_kmeans_fallback,False
2630,251,9.20153459283,10.8191647004,0.028981045596000142,0.01782788703999998,0.03197806875660001,0.015212175634000005,0.03105117768381121,0.01663684110189094,0.8517446681544406,0.5239565177343148,6,6,instant_velocity,dbscan_kmeans_fallback,False
2630,252,8.3809311304,10.2196512835,0.03483197564300013,0.015632216879999918,0.033834371023400006,0.008486742477199983,0.03296453274474051,0.010917217992684292,0.9123341642957384,0.40944578250388525,6,6,instant_velocity,dbscan_kmeans_fallback,False
2630,253,4.51805450833,7.53377389755,0.03087523158199996,-0.01093061882700006,0.036031626767799994,-0.00411926814320001,0.0350293460454868,-0.004097916145239898,0.9426688118001652,-0.3337287830383689,7,7,instant_velocity,dbscan_kmeans_fallback,False
2630,254,3.81594290262,7.03688419455,0.03306406872199998,-0.004892525893999977,0.029730301385599997,-0.0005489175393999979,0.03004456140927481,1.5812596953887394e-05,0.989228544274493,-0.1463772141486799,7,7,instant_velocity,dbscan_kmeans_fallback,False
2630,255,5.15134402319,4.59849702088,0.06819069551799997,-0.016228866380000005,0.0588292074424,-0.0006300618711999917,0.056588442297083034,-0.003239280256884914,0.9728286162669346,-0.23152580427734343,-1,-1,instant_velocity,dbscan_kmeans_fallback,False
2630,321,2.09181272457,4.02237226437,-0.031064650181,-4.773195999998592e-05,-0.030858394373199996,-0.0037899176194000008,-0.029799565737453876,-0.0038896920530552145,-0.9999984976218776,-0.0015365339062381467,-1,-1,instant_velocity,dbscan_kmeans_fallback,False
2630,322,4.02240917516,8.8304125894,-0.03771534764500002,-0.007947371330000053,-0.032815719892799994,-0.004620453722399986,-0.03266643899259916,-0.004258128890368832,-0.9785113434191218,-0.20619173578796163,-1,-1,instant_velocity,dbscan_kmeans_fallback,False
2630,323,11.6597670733,13.2143544503,-0.02104651096000012,0.01641979421999995,-0.02191362721400001,0.01796153652600001,-0.02049759650304309,0.01873070108826653,-0.7884381364698742,0.6151134494757842,4,4,instant_velocity,dbscan_kmeans_fallback,False
2630,324,4.41976730214,11.1721425442,0.0,-0.013364948779999964,0.004032511500600009,-0.010720598201999998,0.004832027270422504,-0.01074572301309316,0.0,-0.9999992517747219,8,8,instant_velocity,dbscan_kmeans_fallback,False
2630,325,4.39808939584,11.7208214237,0.0027149999139999713,-0.010119175510000033,0.006276069568999993,-0.008677670317999996,0.006651971815976082,-0.008551827962415178,0.2591371483625729,-0.965839546410321,8,8,instant_velocity,dbscan_kmeans_fallback,False
2630,326,5.74233005102,9.84543271758,-0.021383255138000035,-0.0011217010590000242,-0.016037441353600013,-0.008567886810400011,-0.015378843619665933,-0.005601412705894279,-0.9986264990977686,-0.05238493364804989,0,0,instant_velocity,dbscan_kmeans_fallback,False
2630,327,5.78294981718,10.2962610792,-0.00637709282200003,-0.0009069072399999101,-0.00637709282200003,-0.0009069072399999101,-0.0040909681846104055,2.326933050012935e-06,-0.9900370034153978,-0.1407964022677724,0,0,instant_velocity,dbscan_kmeans_fallback,False
2630,376,7.89854509914,8.18984968697,-0.016963487835000103,-0.0053937114730000955,-0.014576813492599996,-0.005431897041400013,-0.01497001319249556,-0.005079301130960732,-0.952986287992467,-0.30301156962256937,0,0,instant_velocity,dbscan_kmeans_fallback,False
2630,386,14.5220925642,7.86503369956,0.0,0.03455793899899993,-0.0027234185180000027,0.035106856538,-0.0022307251866176994,0.0353634657828544,0.0,0.9999997106309751,-1,-1,instant_velocity,dbscan_kmeans_fallback,False
2640,121,5.54175680155,7.46647183404,-0.0017679069209999732,-0.0031025773959999724,-0.000913418575799998,-0.0019808763376000017,-0.0010066619644479463,-0.0020945044931156937,-0.49508282370283985,-0.8688425616318369,0,0,instant_velocity,dbscan_kmeans_fallback,False
2640,122,1.37412670075,12.4919312366,-0.030685812982999994,0.021885103629999847,-0.0353876035324,0.02218581498199999,-0.03225892011115511,0.02257183544072035,-0.8141513505528761,0.5806522606138909,1,1,instant_velocity,dbscan_kmeans_fallback,False
2640,123,5.77095330593,7.9130043193,-0.0003577906870000369,0.000477319599999948,-0.00034937208200000566,0.00047731959940000123,-0.00035622655505350605,0.00048074838957664896,-0.5997764088874449,0.8001466946497994,0,0,instant_velocity,dbscan_kmeans_fallback,False
2640,124,1.61258366995,13.0747384675,-0.02150953420399999,0.01801881487999992,-0.023812022502999998,0.018925722117999973,-0.023020484626069967,0.01891636914678019,-0.7665673420909561,0.6421633727252849,1,1,instant_velocity,dbscan_kmeans_fallback,False
2640,127,4.28864753884,10.3972141745,-0.009302557844999981,0.019975825230000056,-0.012173301940799987,0.020014010803600008,-0.013212737077332944,0.019486672563872272,-0.42215868927557487,0.9065214467682571,0,0,instant_velocity,dbscan_kmeans_fallback,False
2640,128,4.56709287887,9.02444300656,-0.02104651096300003,0.016372062259999966,-0.02294069694920001,0.010940165218800004,-0.0207277572820121,0.012331591618888171,-0.7893055062931175,0.6140000551117331,0,0,instant_velocity,dbscan_kmeans_fallback,False
2640,129,6.17125794444,8.46263783804,-0.014269534432999987,0.014629845722999945,-0.0034305812868000098,0.01283035083259998,-0.005922955069537609,0.013103795958958865,-0.6982361166179978,0.715866849917984,0,0,instant_velocity,dbscan_kmeans_fallback,False
2640,130,5.20711727725,9.2418620841,-0.019804766815000006,0.005560773332999957,-0.01945960403579999,0.0055225877651999865,-0.019522853429351554,0.005873594961788429,-0.9627684328402755,0.270325678519854,0,0,instant_velocity,dbscan_kmeans_fallback,False
2640,131,2.65649061369,12.505773505,-0.027655115404999986,0.024367165550000004,-0.027899254932000003,0.025775258369999995,-0.02763404875331029,0.025791228336367714,-0.7503005759221103,0.6610964401345053,1,1,instant_velocity,dbscan_kmeans_fallback,False
2640,132,5.27215099612,8.71108268954,-0.02315116205900001,0.0,-0.02173683652220001,0.0053507527096000014,-0.020833232557136903,0.004648238939481879,-0.999999568056426,0.0,0,0,instant_velocity,dbscan_kmeans_fallback,False
2640,133,5.6061591251,9.40248012931,-0.01658465063800003,-7.159794000006769e-05,-0.0170013715554,0.0023388660371999846,-0.016989761858973527,0.0024247591861732056,-0.9999900784087388,-0.004317077953425366,0,0,instant_velocity,dbscan_kmeans_fallback,False
2640,134,6.39813933262,9.30773218882,-0.016500464594000074,0.016777783918999846,-0.014623115816800016,0.018252701481999978,-0.015384077571000403,0.017777442504956775,-0.7011895676731627,0.7129742914605589,0,0,instant_velocity,dbscan_kmeans_fallback,False
2640,135,1.90555110255,6.45097438625,-0.028833720018999996,-0.0020763402579999203,-0.0277350921464,-0.004009484635199989,-0.029812130614937538,-0.001496434622206931,-0.9974169151717129,-0.07182482501794592,-1,-1,instant_velocity,dbscan_kmeans_fallback,False
2640,136,3.58085337517,5.98009860142,-0.05036430073300004,-0.007684845551000042,-0.0508062774636,-0.007379361007200007,-0.05017814006495813,-0.00719340902834179,-0.9885580966619512,-0.15083930840838541,-1,-1,instant_velocity,dbscan_kmeans_fallback,False
2640,137,7.65693115329,5.75432643089,-0.03798895228699992,-0.0026491237770000175,-0.03742069649139998,-0.0024725155249999986,-0.03757194585946381,-0.0016544756559555085,-0.9975771505804415,-0.06956510221786048,2,2,instant_velocity,dbscan_kmeans_fallback,False
2640,138,8.06207648932,6.45216768525,-0.03342185940799993,-0.0007159793989999664,-0.03435211519299997,-0.0010548763147999907,-0.03421725867190633,-0.000204356561715553,-0.9997703183737616,-0.021417568153491537,2,2,instant_velocity,dbscan_kmeans_fallback,False
2640,139,6.04034864625,6.4094475811,-0.063139532888,-0.014128660143000005,-0.06281541661880001,-0.0152264952218,-0.06214495370714525,-0.011263278285245919,-0.9758662346157764,-0.2183684570231566,-1,-1,instant_velocity,dbscan_kmeans_fallback,False
2640,140,9.79315201599,7.04571460714,-0.04604976598100006,-0.0007398453790000481,-0.04406718465419999,0.0044008867067999976,-0.04372444526985257,0.002234564340700594,-0.9998707462690926,-0.016064137036651507,2,2,instant_velocity,dbscan_kmeans_fallback,False
2640,141,10.3239450225,6.52042438797,-0.04642860318000004,0.002052474277000016,-0.041478463804000006,0.004124041339000009,-0.0417829841102029,0.0038911224993907634,-0.999024080693427,0.044163965471399856,2,2,instant_velocity,dbscan_kmeans_fallback,False
2640,232,12.0872217109,7.85668060657,0.0006734883500000066,0.00011932990000005362,0.0023824650399999923,0.0006491546552000038,0.002996370249120026,0.00047423154290980726,0.984649072496989,0.17446192700469146,3,3,instant_velocity,dbscan_kmeans_fallback,False
2640,233,12.6649484368,7.47005173103,0.0003367441700000029,0.0,0.001380651117999996,0.0004964123833999956,0.0036524103031789277,0.0008365931730812497,0.9999703047478224,0.0,3,3,instant_velocity,dbscan_kmeans_fallback,False
2640,238,12.3818728644,8.37958422774,0.0003998837099999264,0.00016706186000003953,0.009681395043999999,-0.0012648969383999998,0.007871648947631923,-0.0007355943740826668,0.9226917779116057,0.38547857982183026,3,3,instant_velocity,dbscan_kmeans_fallback,False
2640,244,11.8401356722,12.2831039119,-0.00450395334999989,0.01591860865000001,-0.001742651108000004,0.021355278879999984,-0.0011483432463388946,0.019952583444425777,-0.2722488058071391,0.962226261751535,4,4,instant_velocity,dbscan_kmeans_fallback,False
2640,245,12.4096542589,12.2136539101,-0.00463023241000009,0.020381546890000025,-0.0026813254960000067,0.020663165457999996,-0.0015264063626930573,0.021199495811050694,-0.22153285761780175,0.9751524168552131,4,4,instant_velocity,dbscan_kmeans_fallback,False
2640,248,11.5103368454,5.17366713819,0.0006103488199999063,0.0002863917600000043,0.0006061395160000061,0.0002816185636000057,0.0037659198558835827,0.00032281129780467556,0.9052797058640694,0.42478110837461247,5,5,instant_velocity,dbscan_kmeans_fallback,False
2640,249,12.1518344996,4.56031145292,0.0001473255799998796,0.0026729897560000106,0.00014732557799998602,0.0026873093445999884,0.005335724827889277,0.002242532022989271,0.05503267066020392,0.9984808131769624,5,5,instant_velocity,dbscan_kmeans_fallback,False
2640,251,9.3278136586,11.0976806867,0.012627906576999947,0.02785159863000004,0.028025533997600008,0.01802836126999999,0.02552419635176783,0.02000126836032367,0.41293780178845213,0.9107588692106722,-1,-1,instant_velocity,dbscan_kmeans_fallback,False
2640,252,8.72925088683,10.3759734523,0.03483197564299996,0.015632216880000094,0.0345794175116,0.010157361075000005,0.03352476561421835,0.012331717658879034,0.9123341642957359,0.4094457825038908,-1,-1,instant_velocity,dbscan_kmeans_fallback,False
2640,253,4.81417891757,7.41873987409,0.029612440923999995,-0.01150340234599998,0.03578327793839999,-0.006897268211800007,0.03340427450904076,-0.006319562005467923,0.9321377298548883,-0.362103055804405,6,6,instant_velocity,dbscan_kmeans_fallback,False
2640,254,4.15584405467,6.96337697624,0.03399011520500004,-0.007350721830999963,0.031569766444,-0.0020190619055999903,0.031228227547992378,-0.0021941477314322676,0.9774049279620958,-0.21137415093671244,6,6,instant_velocity,dbscan_kmeans_fallback,False
2640,255,5.88691958134,4.53119495736,0.07355755581499998,-0.006730206351999968,0.0635015328764,-0.00473023723039999,0.06167917635245812,-0.00428655808541943,0.9958402244090456,-0.09111518360875316,-1,-1,instant_velocity,dbscan_kmeans_fallback,False
2640,321,1.81378831475,4.04790886294,-0.027802440982,0.002553659856999957,-0.031110952505,-0.0018233608697999948,-0.029200428310817712,-0.001956686480038663,-0.9958079173314942,0.09146515967495593,-1,-1,instant_velocity,dbscan_kmeans_fallback,False
2640,322,3.64336151273,8.75117753589,-0.03790476624300001,-0.00792350535100006,-0.035008766335,-0.006777938312000025,-0.03423793716771942,-0.0053577418285582,-0.9788423830130384,-0.2046144490080257,-1,-1,instant_velocity,dbscan_kmeans_fallback,False
2640,323,11.4493019636,13.3783137327,-0.021046510969999942,0.016395928240000045,-0.021404301650000016,0.017045082893999995,-0.020662270843130146,0.018030269233786582,-0.7888717795090127,0.6145572112084354,4,4,instant_velocity,dbscan_kmeans_fallback,False
2640,324,4.46038706829,10.9941023336,0.004061976614999985,-0.017804021059999897,0.0033506045452000068,-0.012586917835999998,0.004601012073795748,-0.012863212427165182,0.2224336295001405,-0.9749472730710762,7,7,instant_velocity,dbscan_kmeans_fallback,False
2640,325,4.42081962768,11.6174817305,0.002273023184000067,-0.010333969320000058,0.005093255652800011,-0.00912157754399999,0.005338287226383277,-0.009086470369690642,0.2148210077954466,-0.9766524686048136,7,7,instant_velocity,dbscan_kmeans_fallback,False
2640,326,5.41000564292,9.9082002449,-0.033232440809999986,0.006276752732000013,-0.020238324941600005,-0.004233824846000012,-0.020734922776766147,-0.0020379630745259907,-0.9826264323493319,0.18559284221844363,0,0,instant_velocity,dbscan_kmeans_fallback,False
2640,327,5.65414517009,10.2270497373,-0.012880464708999995,-0.006921134190000089,-0.0066927904859999995,-0.0012076185860000167,-0.006727817141927283,-0.002074711403865018,-0.8808841234193387,-0.4733305328468368,0,0,instant_velocity,dbscan_kmeans_fallback,False
2640,376,7.72891022078,8.13591257223,-0.01696348783600001,-0.005393711474000007,-0.015296604167600023,-0.005474855805400018,-0.015568055585546896,-0.005173624233872515,-0.9529862879814034,-0.3030115696573643,0,0,instant_velocity,dbscan_kmeans_fallback,False
2640,386,14.5010460532,8.17815535678,-0.002104651099999977,0.031312165722,-0.0019068138940000169,0.03420949569099999,-0.0021929029606323827,0.03414807576459808,-0.06706378043073564,0.9977483711153065,-1,-1,instant_velocity,dbscan_kmeans_fallback,False
2650,121,5.52407773234,7.43544606007,-0.0017679069209999732,-0.0031025773969999724,-0.0013890697235999915,-0.002601391816999996,-0.0012350354514135543,-0.0023969263642809775,-0.4950828235823811,-0.8688425617004776,0,0,instant_velocity,dbscan_kmeans_fallback,False
2650,122,1.09652322115,12.7236699021,-0.027760347959999997,0.023173866549999998,-0.033421859408600006,0.02230514487999997,-0.030909348465808575,0.022752444773504243,-0.7676734729903951,0.6408407647731245,1,1,instant_velocity,dbscan_kmeans_fallback,False
2650,123,5.76737539907,7.91777751529,-0.0003577906860000368,0.0004773195990000367,-0.0003535813842000124,0.00047731959940000123,-0.00035669579433746524,0.0004797197524036653,-0.5997764086185816,0.8001466948512854,0,0,instant_velocity,dbscan_kmeans_fallback,False
2650,124,1.39748832791,13.2551652761,-0.02150953420399999,0.018042680860000004,-0.023113278339200002,0.01865842314199998,-0.02256719949944898,0.018654262660746136,-0.7661487160630576,0.6426627673161728,1,1,instant_velocity,dbscan_kmeans_fallback,False
2650,127,4.21835219222,10.5795502615,-0.007029534662000003,0.01823360869999995,-0.009104720642400003,0.019632155124399978,-0.011357776352733061,0.019110753404710575,-0.3597191470861936,0.9330600793995172,-1,-1,instant_velocity,dbscan_kmeans_fallback,False
2650,128,4.35662776925,9.39794559312,-0.021046510961999942,0.037350258655999904,-0.021888371401000004,0.016873247839799994,-0.020823383386008452,0.019837191730021693,-0.49091641819418375,0.8712064071396762,-1,-1,instant_velocity,dbscan_kmeans_fallback,False
2650,129,5.96731725321,8.61943732645,-0.02039406912299997,0.015679948841000168,-0.006932720711199991,0.013427000331800016,-0.010264289285576317,0.013876641823571255,-0.7927701258150034,0.6095200982443262,0,0,instant_velocity,dbscan_kmeans_fallback,False
2650,130,5.01854053902,9.31584662201,-0.01885767382300001,0.007398453791000037,-0.019783720304799992,0.0054128042573999835,-0.01932329954744609,0.006331052610551911,-0.9309175669944458,0.36522800570653313,0,0,instant_velocity,dbscan_kmeans_fallback,False
2650,131,2.39930224973,12.7444333047,-0.025718836396000012,0.023865979969999885,-0.0301849060226,0.02543636145399997,-0.02705948504611721,0.025213653826457367,-0.7330177383725548,0.6802091040314264,1,1,instant_velocity,dbscan_kmeans_fallback,False
2650,132,4.98718123769,8.77933939226,-0.028496975842999994,0.006825670272000118,-0.0233700457728,0.004572721762600018,-0.02313235554289583,0.005301468339237351,-0.9724922227640109,0.23293388362478343,0,0,instant_velocity,dbscan_kmeans_fallback,False
2650,133,5.47398703625,9.39579765492,-0.013217208884999998,-0.0006682474389998916,-0.016159511117000012,0.00039617526760000744,-0.015857995966781467,0.0014968571986212762,-0.9987235896552833,-0.050494358291737165,0,0,instant_velocity,dbscan_kmeans_fallback,False
2650,134,6.28680328962,9.58839611329,-0.011133604299999966,0.028066392447000155,-0.014989325107599996,0.019369629344800004,-0.01410893558970027,0.02086412748756979,-0.36873514769641996,0.9295341459414288,-1,-1,instant_velocity,dbscan_kmeans_fallback,False
2650,135,1.61742436747,6.43021098368,-0.028812673508000007,-0.002076340257000009,-0.028307557244600004,-0.0029927938883999874,-0.029512293482856278,-0.0016704063126448542,-0.9974131550011858,-0.07187701918793947,-1,-1,instant_velocity,dbscan_kmeans_fallback,False
2650,136,3.11256850625,5.90157952731,-0.04682848689199996,-0.007851907410999993,-0.050090696091,-0.007470051731199998,-0.04917324411307068,-0.00739095854313925,-0.986232182371607,-0.16536523589988653,-1,-1,instant_velocity,dbscan_kmeans_fallback,False
2650,137,7.29914046692,5.69800271816,-0.03577906863700005,-0.005632371273000025,-0.037361766260800004,-0.0031884949242000004,-0.03703408269272468,-0.0028478443410688637,-0.9878347036166721,-0.1555057752780439,2,2,instant_velocity,dbscan_kmeans_fallback,False
2650,138,7.72785789523,6.44524655106,-0.03342185940900011,-0.0006921134189999733,-0.03401958031979999,-0.0009260000229999931,-0.033978638893034464,-0.00035068361890087913,-0.9997853508313264,-0.02070396051165302,2,2,instant_velocity,dbscan_kmeans_fallback,False
2650,139,5.39022192262,6.31732489842,-0.06501267236299997,-0.009212268268000035,-0.06351416078279999,-0.014672804486200003,-0.06300526930390166,-0.010647975280072153,-0.9901091618285675,-0.14029805085447394,-1,-1,instant_velocity,dbscan_kmeans_fallback,False
2650,140,9.35054389044,7.03592955535,-0.04426081255500005,-0.0009785051789999778,-0.04450074277920003,0.0022959072731999976,-0.04388535545539681,0.0012706434847904223,-0.9997554883133962,-0.022102303744032763,2,2,instant_velocity,dbscan_kmeans_fallback,False
2650,141,9.82872061951,6.52734552216,-0.04952244029900008,0.0006921134189999733,-0.042741254461800014,0.0036467217396000074,-0.044104820966842054,0.002931419775273526,-0.9999021515718131,0.013974386007867434,2,2,instant_velocity,dbscan_kmeans_fallback,False
2650,142,0.448711613722,7.68245895278,0.0,0.0,0.0,0.0,0.0,0.0,0.0,0.0,-1,-1,instant_velocity,dbscan_kmeans_fallback,False
2650,232,12.0939565944,7.85787390557,0.0006734883500000066,0.0001193298999999648,0.0006734883500000066,0.00011932990000000032,0.0022995056793840203,0.00036776105003685447,0.9846490724970113,0.17446192700456556,3,3,instant_velocity,dbscan_kmeans_fallback,False
2650,233,12.6685263437,7.47005173103,0.00035779069000003717,0.0,0.00034937208199998794,0.0,0.0026640244192252605,0.0005856152211568748,0.9999720514792747,0.0,3,3,instant_velocity,dbscan_kmeans_fallback,False
2650,238,12.3858717015,8.38125484634,0.0003998837099999264,0.00016706185999986188,0.008818488093999974,-0.0013269484863999992,0.005630119376342324,-0.00046479750385790817,0.9226917779117515,0.38547857982148126,3,3,instant_velocity,dbscan_kmeans_fallback,False
2650,244,11.7950961387,12.4420513385,-0.004503953350000067,0.015894742660000107,-0.0030643719980000127,0.01931712419,-0.0021550262774372463,0.018735231209098077,-0.27262722580796867,0.9621191117193382,4,4,instant_velocity,dbscan_kmeans_fallback,False
2650,245,12.3635623998,12.4172307193,-0.004609185910000058,0.02035768092000012,-0.003603162678000018,0.020524742776000016,-0.0024512402268851577,0.02094695134373552,-0.2208209742200167,0.9753138670023003,4,4,instant_velocity,dbscan_kmeans_fallback,False
2650,248,11.5162298685,5.17629239599,0.0005893023100000505,0.00026252578000001136,0.0006019302139999993,0.00027684536780000715,0.0028129345921185226,0.0003047256424632763,0.913444026684431,0.40692629491247184,5,5,instant_velocity,dbscan_kmeans_fallback,False
2650,249,12.1533077553,4.58728001029,0.00014732557000005642,0.0026968557370000033,0.00014732557600002138,0.0026873093447999886,0.0037792050505225105,0.0023788291371924907,0.054547109479182114,0.9985074901501702,5,5,instant_velocity,dbscan_kmeans_fallback,False
2650,251,9.45409272438,11.3761966729,0.012627906578000036,0.02785159862000004,0.024077208541200008,0.020844546906000013,0.021655309419637492,0.022356367438226582,0.41293780193856094,0.9107588691426127,-1,-1,instant_velocity,dbscan_kmeans_fallback,False
2650,252,9.05168343477,10.5392167553,0.03224325479400001,0.016324330299999978,0.0344110454236,0.012100051844600017,0.03314031236815285,0.013529501451215318,0.8921721694403,0.4516948822772435,-1,-1,instant_velocity,dbscan_kmeans_fallback,False
2650,253,5.11830100098,7.31802543861,0.030412208341000023,-0.010071443547999959,0.035017184939399995,-0.008887690941399988,0.03250665465862854,-0.007445126468227533,0.9492988556421671,-0.3143740739764598,6,6,instant_velocity,dbscan_kmeans_fallback,False
2650,254,4.49385102072,6.89488161372,0.033800696605,-0.006849536252000021,0.032516859437,-0.0034987526637999975,0.031999968265094665,-0.0035907642876025943,0.9800787358621305,-0.19860788401943694,6,6,instant_velocity,dbscan_kmeans_fallback,False
2650,255,6.62859862766,4.47439392503,0.07416790463199999,-0.005680103233000011,0.0683001373758,-0.008620391965599996,0.06542579483632067,-0.004704621629693605,0.9970801194215752,-0.07636076599423011,-1,-1,instant_velocity,dbscan_kmeans_fallback,False
2650,321,1.53555343983,4.07344546151,-0.02782348749200001,0.002553659857000046,-0.031056231576199998,-4.773195999998592e-05,-0.0287873460651724,-0.0006035825789270501,-0.995814216947573,0.09139655090254675,-1,-1,instant_velocity,dbscan_kmeans_fallback,False
2650,322,3.24453012999,8.67599969898,-0.03988313827400001,-0.007517783690999913,-0.036604091866,-0.007264804303400005,-0.035931497499603594,-0.006005754387290714,-0.9826943316251169,-0.18523325242801736,-1,-1,instant_velocity,dbscan_kmeans_fallback,False
2650,323,11.238836854,13.5425116749,-0.02104651095999994,0.01641979421999995,-0.021046510961999977,0.016410247827999987,-0.020777542878191085,0.017547126729650593,-0.7884381364698717,0.6151134494757875,4,4,instant_velocity,dbscan_kmeans_fallback,False
2650,324,4.51110915971,10.8046064526,0.0050722091419999945,-0.01894958810000009,0.0028707440952000065,-0.014682350878000001,0.004742371194257022,-0.014689125129015657,0.25856598351516025,-0.9659930706941867,0,0,instant_velocity,dbscan_kmeans_fallback,False
2650,325,4.44376032463,11.514380697,0.0022940696950000117,-0.010310103349999978,0.004188255681400009,-0.00950820642,0.0044250219669682974,-0.009453560263783443,0.2171950999144724,-0.9761272432622281,0,0,instant_velocity,dbscan_kmeans_fallback,False
2650,326,5.0968335598,9.96810385463,-0.03131720831199995,0.005990360973000009,-0.02405616203019999,4.295876400000509e-05,-0.02390960843733629,0.0003705341397318095,-0.9821928166119415,0.1878740102877768,0,0,instant_velocity,dbscan_kmeans_fallback,False
2650,327,5.52513005789,10.1575997356,-0.01290151121999994,-0.006945000169999993,-0.00832599973679999,-0.0027159485199999976,-0.00857992536534908,-0.003535798033705511,-0.8805265436259199,-0.4739954018480905,0,0,instant_velocity,dbscan_kmeans_fallback,False
2650,376,7.65777301372,8.11085329326,-0.0071137207059999595,-0.002505927896999971,-0.01405065071860001,-0.0048591135222000046,-0.013031755121682816,-0.004373315332810752,-0.9431885288339735,-0.33225404035639255,0,0,instant_velocity,dbscan_kmeans_fallback,False
2650,386,14.477684426,8.48745845721,-0.0023361627199999903,0.03093031004300002,-0.001136511591999998,0.0332357637082,-0.002235880888442665,0.03318274604811866,-0.07531533676791527,0.9971594432534169,-1,-1,instant_velocity,dbscan_kmeans_fallback,False
2660,121,5.50639866313,7.40442028611,-0.0017679069210000619,-0.0031025773960000613,-0.0017679069210000088,-0.0030978042002000094,-0.0013948968922895067,-0.0026086216737967027,-0.49508282370284795,-0.8688425616318325,0,0,instant_velocity,dbscan_kmeans_fallback,False
2660,122,0.848384856901,12.9682961968,-0.024813836424900003,0.024462629470000153,-0.030668975774580002,0.02274427891200002,-0.029080694853536003,0.023265500182453016,-0.7121282346078066,0.7020490036298898,1,1,instant_velocity,dbscan_kmeans_fallback,False
2660,123,5.76400795731,7.92255071129,-0.0003367441760000034,0.0004773196000000368,-0.00034937208200000566,0.00047731959940000123,-0.0003507103088362267,0.00047899970668257674,-0.5764592973031711,0.8171049146965772,0,0,instant_velocity,dbscan_kmeans_fallback,False
2660,124,1.18239298588,13.4355920847,-0.021509534203000013,0.018042680860000004,-0.022418743477200007,0.01838635097000001,-0.02224989991051429,0.018470788120522295,-0.7661487160483466,0.6426627673337103,1,1,instant_velocity,dbscan_kmeans_fallback,False
2660,127,4.1632103335,10.7499533585,-0.005514185871999988,0.017040309699999943,-0.008086069511799998,0.01904505201719999,-0.00960469920851314,0.018489620293297385,-0.30787795977967075,0.9514252704265257,-1,-1,instant_velocity,dbscan_kmeans_fallback,False
2660,128,4.14616265962,9.77144817967,-0.02104651096300003,0.03735025865499999,-0.021046510962599997,0.022672680972799987,-0.020890321659105926,0.025091111807515182,-0.49091641822186444,0.8712064071240785,-1,-1,instant_velocity,dbscan_kmeans_fallback,False
2660,129,5.76337656199,8.77599815506,-0.02039406912199997,0.01565608286099991,-0.011011534535599984,0.014104794162999994,-0.013303223236503414,0.014410474134799851,-0.7932184537149138,0.6089365375759331,0,0,instant_velocity,dbscan_kmeans_fallback,False
2660,130,4.82975333569,9.39006981973,-0.018878720332999956,0.00742231977200003,-0.01967006914559999,0.00581375272119999,-0.019189925783112252,0.006658432758986347,-0.9306557147179761,0.36589473176322995,0,0,instant_velocity,dbscan_kmeans_fallback,False
2660,131,2.11706853772,12.9396570209,-0.028223371201000002,0.0195223716200001,-0.030450092060600006,0.024123732556000022,-0.027408650892582046,0.023506269164520185,-0.8224221573603432,0.5688771504355915,1,1,instant_velocity,dbscan_kmeans_fallback,False
2660,132,4.64896380652,8.9156141379,-0.033821743116999946,0.013627474563999976,-0.026072417780399988,0.005159824869800005,-0.026339171815127065,0.007799270206666139,-0.9275393946740881,0.3737246618041922,0,0,instant_velocity,dbscan_kmeans_fallback,False
2660,133,5.3416044823,9.38887652073,-0.013238255394999943,-0.000692113419000151,-0.015389208815799993,-0.00028639175960002203,-0.01507207379524701,0.000840166013334848,-0.9986353739562858,-0.05220997196235028,0,0,instant_velocity,dbscan_kmeans_fallback,False
2660,134,6.17525678152,9.86929869755,-0.01115465081,0.02809025842599997,-0.014353720476599996,0.02129322733040002,-0.013222650155790189,0.023031966769098845,-0.3690661459809526,0.9294027749930783,-1,-1,instant_velocity,dbscan_kmeans_fallback,False
2660,135,1.30256856347,6.38438830213,-0.031485580400000004,-0.004582268155000069,-0.029355673490600004,-0.002577525837000003,-0.030104279557999394,-0.0025439648653514187,-0.9895747209888622,-0.14401820367841595,2,2,instant_velocity,dbscan_kmeans_fallback,False
2660,136,2.78508479567,5.81542333962,-0.03274837105800001,-0.008615618769000032,-0.04634862644179999,-0.007775536274600014,-0.044245782196549475,-0.007758356610897485,-0.9670915008557204,-0.2544276682145853,2,2,instant_velocity,dbscan_kmeans_fallback,False
2660,137,6.94408582698,5.63833776823,-0.03550546399399997,-0.005966494992999926,-0.0370544872008,-0.003909247519399983,-0.03657549708310727,-0.0037834395366481825,-0.9861724343790584,-0.16572077168042448,3,3,instant_velocity,dbscan_kmeans_fallback,False
2660,138,7.36627883689,6.3304511874,-0.036157905833999936,-0.011479536366000076,-0.0342342547318,-0.002954608320400016,-0.034632418975324104,-0.003689339443030639,-0.9531176595935142,-0.30259907431066646,3,3,instant_velocity,dbscan_kmeans_fallback,False
2660,139,4.71210333941,6.29966407324,-0.06781185832100008,-0.0017660825180000118,-0.0644486258694,-0.011398392034200011,-0.06444724600903118,-0.00798340745145051,-0.9996608837492386,-0.02603502771389521,-1,-1,instant_velocity,dbscan_kmeans_fallback,False
2660,140,8.9493973915,7.02113264777,-0.04011464989399993,-0.0014796907580000075,-0.044105068373999995,9.069072380000875e-05,-0.04275414378697775,0.00044554321195329325,-0.9993201359696003,-0.03686146516010601,3,3,instant_velocity,dbscan_kmeans_fallback,False
2660,141,9.33349621656,6.53426665635,-0.0495224402949999,0.0006921134189999733,-0.04479539393279999,0.002749360892599988,-0.04573010676528941,0.00225962786839146,-0.9999021515717972,0.013974386008995995,3,3,instant_velocity,dbscan_kmeans_fallback,False
2660,142,0.883322065098,7.5824604967,0.043461045137600005,-0.00999984560799998,0.043461045137600005,-0.00999984560799998,0.013038313541280003,-0.0029999536823999947,0.9745363258707148,-0.22422868035595642,-1,-1,instant_velocity,dbscan_kmeans_fallback,False
2660,232,12.1004810128,7.85906720456,0.0006524418399999731,0.00011932989899996472,0.000669279048,0.0001193298998000003,0.001805386527568806,0.00029323170472578757,0.983667704292744,0.17991023966639713,4,4,instant_velocity,dbscan_kmeans_fallback,False
2660,233,12.6718937854,7.47005173103,0.0003367441700000029,0.0,0.00034937208199998794,0.0,0.0019658403444576832,0.0004099306548098123,0.9999703047478224,0.0,4,4,instant_velocity,dbscan_kmeans_fallback,False
2660,238,12.3898705385,8.38292546493,0.0003998837000001032,0.00016706185900012828,0.005648883542000007,-0.0007923505351999793,0.004061048673439658,-0.00027523969500049724,0.9226917753030399,0.385478586064435,4,4,instant_velocity,dbscan_kmeans_fallback,False
2660,244,11.7500566053,12.6012374249,-0.004503953340000066,0.01591860864000001,-0.003666302210000012,0.017899484980000012,-0.0028597043962060925,0.017890244438368657,-0.2722488054058344,0.9622262618650781,5,5,instant_velocity,dbscan_kmeans_fallback,False
2660,245,12.2938984486,12.5745075273,-0.006966395119999902,0.015727680799999887,-0.004996441701999999,0.019455546871999976,-0.0038057866948195814,0.019381170180614832,-0.40498810090441806,0.9143213195783995,5,5,instant_velocity,dbscan_kmeans_fallback,False
2660,248,11.5223333567,5.17915631358,0.0006103488200000839,0.0002863917590000042,0.0006061395160000061,0.0002816185636000057,0.002152158860482991,0.0002992254774242947,0.9052797064344902,0.42478110715892825,6,6,instant_velocity,dbscan_kmeans_fallback,False
2660,249,12.1547810111,4.61424856766,0.00014732558000005725,0.0026968557370000033,0.00014732557600002138,0.0026920825408000048,0.0026896412093657743,0.0024742371171347444,0.05454711317065364,0.9985074899485109,6,6,instant_velocity,dbscan_kmeans_fallback,False
2660,251,9.5178636526,11.646598226,0.006377092821999853,0.027040155309999925,0.018739813361199998,0.023183412943999997,0.0170718444403462,0.023761503799758582,0.22954069773231311,0.9732986942318084,-1,-1,instant_velocity,dbscan_kmeans_fallback,False
2660,252,9.27056714879,10.7301445951,0.02188837140200004,0.01909278398000005,0.03177181294920001,0.014725309642000006,0.029764730078307006,0.015198486209850738,0.7535914335475772,0.6573425763685525,-1,-1,instant_velocity,dbscan_kmeans_fallback,False
2660,253,5.45336145551,7.27387337567,0.033506045452999976,-0.004415206294000029,0.033299789644999994,-0.00857743320159999,0.03280647189693997,-0.006536150415959282,0.9914290462569937,-0.13064399889353087,7,7,instant_velocity,dbscan_kmeans_fallback,False
2660,254,4.81312659203,6.87006099455,0.03192755713099995,-0.002482061916999978,0.032731533848999995,-0.004157453710999999,0.03197824492486625,-0.0032581535764218093,0.9969915298718784,-0.07750654701558224,7,7,instant_velocity,dbscan_kmeans_fallback,False
2660,255,7.36964627865,4.37129289155,0.07410476509900006,-0.010310103348000066,0.0716423233166,-0.011035629138800011,0.06802948591512449,-0.006386266145185544,0.99045974158583,-0.13780142591560737,-1,-1,instant_velocity,dbscan_kmeans_fallback,False
2660,321,1.26026507644,4.06556968812,-0.027528836338999985,-0.000787577339000034,-0.029700836270400002,0.000324577327599993,-0.02840979314732068,-0.0006587810069489453,-0.9995906455982556,-0.028597465256252022,-1,-1,instant_velocity,dbscan_kmeans_fallback,False
2660,322,2.84759293323,8.60153784147,-0.039693719675999974,-0.007446185751000023,-0.0380563011226,-0.007560742454999989,-0.03706016415252251,-0.006437883796403506,-0.9828557340287007,-0.1843749193008531,-1,-1,instant_velocity,dbscan_kmeans_fallback,False
2660,324,4.56204171624,10.6153492315,0.005093255653000029,-0.018925722110000008,0.0028454882820000017,-0.01648184576800002,0.0048476365318799244,-0.015960104223310963,0.2598719552055286,-0.9656425562508821,0,0,instant_velocity,dbscan_kmeans_fallback,False
2660,325,4.46880567268,11.4158141997,0.0025045348049999917,-0.009856649730000023,0.003325348732200002,-0.009799371376000003,0.0038488758183778055,-0.009574487103648416,0.24626986894620478,-0.9692002811898469,0,0,instant_velocity,dbscan_kmeans_fallback,False
2660,326,4.8278591497,10.0210863302,-0.026897441010000023,0.005298247556999947,-0.026249208472400004,0.0026920825413999693,-0.024805958209135413,0.001848848164912251,-0.981146070093563,0.19326577450251334,0,0,instant_velocity,dbscan_kmeans_fallback,False
2660,327,5.40369168964,10.0781260223,-0.012143836825000065,-0.007947371330000053,-0.009807674108400005,-0.004424752686000026,-0.009649098803244376,-0.0048592700225938736,-0.8367426732871103,-0.5475950334394868,0,0,instant_velocity,dbscan_kmeans_fallback,False
2660,376,7.65251138598,8.10488679827,-0.0005261627740000385,-0.0005966494990000016,-0.01149139498560002,-0.0038662887554000137,-0.009280077417377982,-0.0032403155826675268,-0.6614064449784376,-0.7500109158838516,0,0,instant_velocity,dbscan_kmeans_fallback,False
2660,386,14.4606367522,8.79604557824,-0.0017047673800000495,0.030858712102999952,-0.0012291162400000033,0.03244341317299998,-0.0020765468359098802,0.03248553586458305,-0.05516015532514743,0.9984771956015694,-1,-1,instant_velocity,dbscan_kmeans_fallback,False
2670,121,5.48871959392,7.37339451215,-0.0017679069209999732,-0.0031025773959999724,-0.0017679069210000088,-0.0030978042002000094,-0.0015067999009026466,-0.0027568083904576835,-0.49508282370283985,-0.8688425616318369,0,0,instant_velocity,dbscan_kmeans_fallback,False
2670,122,0.600036027542,13.2131611513,-0.024834882935899992,0.024486495449999878,-0.027916092140759997,0.023183412943999997,-0.0278069512782452,0.023631798762717073,-0.7120835463818478,0.7020943309257042,1,1,instant_velocity,dbscan_kmeans_fallback,False
2670,123,5.76043005045,7.92732390728,-0.000357790685999948,0.0004773195989999479,-0.00034937208200000566,0.00047731959940000123,-0.00035283442198534305,0.0004784956743777881,-0.5997764086185577,0.8001466948513034,0,0,instant_velocity,dbscan_kmeans_fallback,False
2670,124,0.967297643839,13.6157802335,-0.0215095342041,0.0180188148800001,-0.02171999931342,0.0181142788,-0.022027790198590004,0.018335196148365637,-0.7665673420924227,0.6421633727235342,1,1,instant_velocity,dbscan_kmeans_fallback,False
2670,127,4.10806847478,10.9203564555,-0.005514185872000077,0.017040309700000124,-0.007328395117199999,0.01845317571399999,-0.008377545207559222,0.018054827115308206,-0.3078779597796723,0.9514252704265252,-1,-1,instant_velocity,dbscan_kmeans_fallback,False
2670,128,3.96726731644,10.1222780852,-0.01788953431799998,0.035082990553000036,-0.020415115633800003,0.027460196553999977,-0.01999008545677414,0.028088675431160642,-0.4542697261201053,0.8908639110829194,2,2,instant_velocity,dbscan_kmeans_fallback,False
2670,129,5.56511842872,8.8277873316,-0.019825813327000043,0.005178917653999982,-0.014976697200999993,0.012687154952799986,-0.015260000263652401,0.01164100719055989,-0.9675337109321752,0.25274006840177216,0,0,instant_velocity,dbscan_kmeans_fallback,False
2670,130,4.6464382252,9.4912615748,-0.01833151104900006,0.010119175506999945,-0.019257557530800006,0.006968866151600004,-0.018932401362878593,0.007696655583390426,-0.8754714287589682,0.48326889230766595,0,0,instant_velocity,dbscan_kmeans_fallback,False
2670,131,1.83483482572,13.134880737,-0.02822337119999998,0.019522371609999922,-0.0290273479194,0.022744278911999986,-0.027653066984807427,0.022311099898164106,-0.8224221574872477,0.5688771502521266,1,1,instant_velocity,dbscan_kmeans_fallback,False
2670,132,4.31074637535,9.05212754333,-0.033821743117000036,0.013651340542999968,-0.028488557238999998,0.006820897075800012,-0.028583943205688956,0.009554891307566288,-0.9273123974488978,0.37428754879749937,0,0,instant_velocity,dbscan_kmeans_fallback,False
2670,133,5.20922192834,9.38195538654,-0.013238255396000032,-0.0006921134189999733,-0.014648371630000004,-0.0004248144434000167,-0.014521928275472919,0.0003804821836344015,-0.9986353739564922,-0.05220997195840344,0,0,instant_velocity,dbscan_kmeans_fallback,False
2670,134,6.06392073853,10.149962622,-0.011133604298999965,0.028066392444999977,-0.013284557719599998,0.023550949035399994,-0.012595936398753121,0.024542294471869182,-0.36873514769050914,0.9295341459437734,2,2,instant_velocity,dbscan_kmeans_fallback,False
2670,135,0.961404620769,6.31350634162,-0.03411639427009999,-0.0070881960509999505,-0.03041220834082,-0.0035798969955999917,-0.031307913971629575,-0.003907234221045978,-0.9790910789637222,-0.20342095546604186,3,3,instant_velocity,dbscan_kmeans_fallback,False
2670,136,2.45781155021,5.72926715192,-0.03272732454599998,-0.008615618769999944,-0.0426065567926,-0.008085794014399994,-0.04079024490138463,-0.008015535258628224,-0.9670512309555789,-0.2545806860949397,3,3,instant_velocity,dbscan_kmeans_fallback,False
2670,137,6.58882072194,5.5786728183,-0.035526510504,-0.005966494993000016,-0.03656199884399998,-0.004572721762600001,-0.03626080110937509,-0.004438356173553733,-0.9861884749838891,-0.16562528980951266,4,4,instant_velocity,dbscan_kmeans_fallback,False
2670,138,6.99796489505,6.18868726637,-0.036831394184000034,-0.01417639210299999,-0.03465097564880001,-0.005551226941400014,-0.035292111537926885,-0.006835455241021445,-0.9332564427711142,-0.35921011296177424,4,4,instant_velocity,dbscan_kmeans_fallback,False
2670,139,4.03398475619,6.28200324806,-0.06781185832199998,-0.0017660825180000118,-0.0653830909564,-0.008205123914000013,-0.06545662970292182,-0.006118209971415361,-0.9996608837492488,-0.026035027713511575,-1,-1,instant_velocity,dbscan_kmeans_fallback,False
2670,140,8.54825089255,7.00609708039,-0.04011464989500002,-0.0015035567380000004,-0.043313719561,-0.0010882886865999986,-0.04196229561938443,-0.00013918677303269495,-0.9992980593700428,-0.03745517745683797,4,4,instant_velocity,dbscan_kmeans_fallback,False
2670,141,8.86289623144,6.51875376937,-0.047059998511999976,-0.0015512886979999862,-0.046357045045199996,0.001408092818199993,-0.046129074289302574,0.001116352898474026,-0.9994569154374031,-0.03294615950020947,4,4,instant_velocity,dbscan_kmeans_fallback,False
2670,142,1.31772205137,7.48246204062,0.04343999862720001,-0.009999845608000069,0.04343999862720001,-0.009999845608000069,0.022158819067056003,-0.005099921260080017,0.9745125814266878,-0.22433185233156627,-1,-1,instant_velocity,dbscan_kmeans_fallback,False
2670,232,12.1072158963,7.86026050356,0.0006734883500000066,0.00011932990000005362,0.000669279048,0.0001193298998000003,0.0014658170742981663,0.0002410611633080674,0.984649072496989,0.17446192700469146,5,5,instant_velocity,dbscan_kmeans_fallback,False
2670,233,12.6754716923,7.47005173103,0.00035779069000003717,0.0,0.00034937208200002345,0.0,0.0014834254481203893,0.0002869514583668686,0.9999720514792747,0.0,5,5,instant_velocity,dbscan_kmeans_fallback,False
2670,238,12.3938693756,8.38459608353,0.0003998837099999264,0.00016706186000003953,0.0019026045899999745,-0.00010978350799998537,0.0029626991844077383,-0.00014254922850033617,0.9226917779116057,0.38547857982183026,5,5,instant_velocity,dbscan_kmeans_fallback,False
2670,244,11.6989135836,12.7740271199,-0.0051143021699999736,0.017278969499999873,-0.004390302187999993,0.016753917939999995,-0.003536083728344257,0.01770686195685802,-0.2838130605807945,0.9588790522084442,6,6,instant_velocity,dbscan_kmeans_fallback,False
2670,245,12.2181310091,12.7198513453,-0.007576743949999987,0.014534381800000062,-0.005678348657999983,0.018276567462000026,-0.004937073871373703,0.017927133666430402,-0.46225821396298417,0.8867446776955084,6,6,instant_velocity,dbscan_kmeans_fallback,False
2670,248,11.5284368448,5.18202023118,0.0006103488099999055,0.0002863917600000043,0.0006061395140000059,0.0002816185636000057,0.0016896158453380652,0.0002953753621970076,0.9052797031875078,0.42478111407834485,7,7,instant_velocity,dbscan_kmeans_fallback,False
2670,249,12.1562542669,4.64097846523,0.0001473255799998796,0.0026729897570000106,0.00014732557799998602,0.0026873093448000064,0.0019269465205560058,0.002533862909094324,0.05503267063967791,0.998480813178095,7,7,instant_velocity,dbscan_kmeans_fallback,False
2670,251,9.33160203058,11.8852580257,-0.018626162201999995,0.023865979970000062,0.008397557874199997,0.02488744391400001,0.006362442447642339,0.023792846650831024,-0.6152512719303161,0.7883306487489586,-1,-1,instant_velocity,dbscan_kmeans_fallback,False
2670,252,9.4894508628,10.9210724349,0.021888371400999952,0.01909278397999987,0.029136789776600017,0.01715486640399998,0.02740182247511489,0.016366775540895478,0.7535914335327022,0.6573425763856056,-1,-1,instant_velocity,dbscan_kmeans_fallback,False
2670,253,5.78863237514,7.22972131272,0.03352709196300001,-0.004415206295000029,0.03158660365259999,-0.008267175462000011,0.03302265791675798,-0.005899867179671506,0.9914396657288819,-0.13056338611382484,8,8,instant_velocity,dbscan_kmeans_fallback,False
2670,254,5.13240216333,6.84547903518,0.03192755713000004,-0.0024581959369999852,0.032941998958600005,-0.004806608366199985,0.03196303858640639,-0.003018166284595262,0.9970488463507698,-0.07676570472054721,8,8,instant_velocity,dbscan_kmeans_fallback,False
2670,255,8.11048346453,4.25673618769,0.07408371858800003,-0.011455670385999994,0.0728209279304,-0.010080989939800009,0.06984575571698715,-0.007907087417429879,0.988254644777374,-0.1528152161335606,-1,-1,instant_velocity,dbscan_kmeans_fallback,False
2670,256,0.463023241176,8.23376309011,0.0,0.0,0.0,0.0,0.0,0.0,0.0,0.0,9,9,instant_velocity,dbscan_kmeans_fallback,False
2670,257,0.231511620588,7.35072183117,0.0,0.0,0.0,0.0,0.0,0.0,0.0,0.0,9,9,instant_velocity,dbscan_kmeans_fallback,False
2670,258,0.1683720877,6.8256702718,0.0,0.0,0.0,0.0,0.0,0.0,0.0,0.0,9,9,instant_velocity,dbscan_kmeans_fallback,False
2670,321,0.986239503705,4.04337432675,-0.027402557273500005,-0.0022195361369999667,-0.0283243944535,0.0004104948556000032,-0.028107622385174474,-0.0011270075459642519,-0.9967354000394215,-0.08073298478438133,-1,-1,instant_velocity,dbscan_kmeans_fallback,False
2670,322,2.45781155021,8.53065588096,-0.03897813830199999,-0.00708819605100004,-0.038835022028,-0.007584608434800018,-0.03763555639736575,-0.006632977472782466,-0.9838640556739714,-0.17891622375898072,-1,-1,instant_velocity,dbscan_kmeans_fallback,False
2670,324,4.62833822577,10.5270451056,0.006629650952999988,-0.008830412590000059,0.0041714184726,-0.015574938528000005,0.0053822408582159436,-0.01382119673331769,0.6003959156487384,-0.7997017776826,10,10,instant_velocity,dbscan_kmeans_fallback,False
2670,325,4.50395334599,11.3363404864,0.0035147673310000015,-0.007947371330000053,0.0026602789858000088,-0.009713453848000028,0.003748643272164464,-0.009086352371553906,0.4044654966140849,-0.9145519999044883,10,10,instant_velocity,dbscan_kmeans_fallback,False
2670,326,4.57235450661,10.1370749928,-0.025550464309000008,0.011598866260000128,-0.027676161915800003,0.005608505292600014,-0.025029310039094792,0.004773853593438614,-0.9105671715197984,0.41336027069709624,0,0,instant_velocity,dbscan_kmeans_fallback,False
2670,327,5.35107541223,9.90652962631,-0.005261627740999942,-0.01715963959899991,-0.009912906663399994,-0.00797601050579999,-0.008332857484571046,-0.008549380895515685,-0.293156093743834,-0.9560640095642372,10,10,instant_velocity,dbscan_kmeans_fallback,False
2670,376,7.64724975824,8.09892030328,-0.0005261627739999497,-0.0005966494990000016,-0.008418604385000012,-0.0028973299684000153,-0.006653903024364572,-0.002447215757567269,-0.6614064449783748,-0.750010915883907,0,0,instant_velocity,dbscan_kmeans_fallback,False
2670,386,14.4690553565,9.10153012187,0.0008418604300000964,0.030548454363000133,-0.001060744153999984,0.03164151624600001,-0.0012010246561368872,0.03190441141410817,0.02754773283412985,0.9996201618449267,-1,-1,instant_velocity,dbscan_kmeans_fallback,False
2680,121,5.47104052472,7.34260739798,-0.001767906919999973,-0.0030787114169999797,-0.0017679069207999908,-0.0030978042003999917,-0.0015851320066318445,-0.0028533792984203723,-0.49797172475854534,-0.8671900183281869,0,0,instant_velocity,dbscan_kmeans_fallback,False
2680,122,0.351897663294,13.4580261058,-0.0248138364248,0.024486495450000055,-0.026581743345719996,0.023698918109999988,-0.02690901682221164,0.023888207768901965,-0.7117858865573293,0.7023960976522308,1,1,instant_velocity,dbscan_kmeans_fallback,False
2680,123,5.75685214359,7.93209710328,-0.0003577906860000368,0.0004773196000000368,-0.0003535813842000124,0.00047731959960000124,-0.0003543213011897512,0.0004781428520644627,-0.5997764078140806,0.8001466954543541,0,0,instant_velocity,dbscan_kmeans_fallback,False
2680,127,4.05292661606,11.0907595525,-0.005514185871999988,0.017040309699999943,-0.0065749300246000075,0.017866072606000004,-0.007518537406891452,0.017750471890715727,-0.30787795977967075,0.9514252704265257,2,2,instant_velocity,dbscan_kmeans_fallback,False
2680,128,3.79194988012,10.4702440732,-0.01753174363200003,0.034796598800000036,-0.0197121621676,0.032190433784799986,-0.019252582909341908,0.03010105244181246,-0.4499512536837808,0.8930528293497197,3,3,instant_velocity,dbscan_kmeans_fallback,False
2680,129,5.37212192319,8.77480485606,-0.019299650553,-0.005298247554000035,-0.018836627311599994,0.009169309504999994,-0.01647189535045668,0.006559230767191912,-0.9643217851007599,-0.2647309869755572,-1,-1,instant_velocity,dbscan_kmeans_fallback,False
2680,130,4.46838474246,9.61989920685,-0.017805348274000023,0.012863763205000111,-0.01873560405880001,0.008672897121600015,-0.01859428543621502,0.009246787869873332,-0.8105849614764027,0.5856202777674782,2,2,instant_velocity,dbscan_kmeans_fallback,False
2680,131,1.55260111371,13.330343113,-0.028223371201000002,0.019546237600000006,-0.027608813080599995,0.021364825269999985,-0.0278241582496652,0.021481641208714878,-0.8220967808511463,0.5693472581384004,1,1,instant_velocity,dbscan_kmeans_fallback,False
2680,132,4.05587312759,9.21131362974,-0.025487324776,0.01591860864099992,-0.028955789782399998,0.010004618803999997,-0.02765495767678227,0.011464006507596377,-0.8481620421313051,0.5297362407196695,2,2,instant_velocity,dbscan_kmeans_fallback,False
2680,133,5.04821611948,9.45307600685,-0.01610058088599997,0.0071120620310001215,-0.014475790239999994,0.0009975979628000075,-0.014995524058631034,0.002399956137844118,-0.9147311959016867,0.40406150889876236,2,2,instant_velocity,dbscan_kmeans_fallback,False
2680,134,5.90649283653,10.4463780933,-0.015742790200000023,0.029641547129999956,-0.013133022840600006,0.02612847487339998,-0.013539992539127192,0.026072070269308415,-0.4690555895476293,0.8831683067316713,3,3,instant_velocity,dbscan_kmeans_fallback,False
2680,135,0.620030212957,6.2426243811,-0.0341374407812,-0.007088196052000039,-0.03147716179566,-0.004582268154599997,-0.0321567720145007,-0.004861522770332197,-0.979116050736944,-0.20330072689882278,4,4,instant_velocity,dbscan_kmeans_fallback,False
2680,136,2.13032783963,5.64287230442,-0.03274837105800001,-0.008639484750000027,-0.039083370857400004,-0.008281495050200007,-0.038377682748369245,-0.008202720106039764,-0.9669178914183334,-0.2550866533976864,4,4,instant_velocity,dbscan_kmeans_fallback,False
2680,137,6.22808352404,5.51065477538,-0.03607371979000007,-0.006801804292000035,-0.0361747430424,-0.005403257865600004,-0.03620467671356258,-0.005147390609087624,-0.9826840003307998,-0.1852879129194396,5,5,instant_velocity,dbscan_kmeans_fallback,False
2680,138,6.6296509532,6.04692334534,-0.03683139418500003,-0.01417639210299999,-0.035332882604000006,-0.008248082678,-0.035753896332048826,-0.009037736299615007,-0.9332564427743836,-0.35921011295327976,5,5,instant_velocity,dbscan_kmeans_fallback,False
2680,139,3.46488709977,6.30157335163,-0.05690976564199999,0.001957010357000044,-0.0641371375072,-0.004983216618000004,-0.06289257048464528,-0.003695643872890739,-0.9994090827048814,0.03436763275457817,-1,-1,instant_velocity,dbscan_kmeans_fallback,False
2680,140,8.14752532382,6.97793522402,-0.04007255687299995,-0.002816185636999968,-0.042122487039600004,-0.0015035567382000003,-0.04139537399546908,-0.000942286432222877,-0.9975394215286314,-0.07010424116817478,5,5,instant_velocity,dbscan_kmeans_fallback,False
2680,141,8.44933229103,6.45073572645,-0.04135639404100004,-0.006801804292000035,-0.04677797526540001,-0.0009832783750000117,-0.04469727021481181,-0.0012590942586681929,-0.9867432404529306,-0.1622877081923768,5,5,instant_velocity,dbscan_kmeans_fallback,False
2680,142,1.78495459473,7.47768884462,0.046723254336,-0.000477319599999948,0.046723254336,-0.000477319599999948,0.029528149647739203,-0.0037131407620559958,0.9999476078819103,-0.010215354195637556,6,6,instant_velocity,dbscan_kmeans_fallback,False
2680,232,12.1139507798,7.86145380256,0.0006734883500000066,0.0001193298999999648,0.000669279048,0.0001193298998000003,0.0012281184570087185,0.0002045417843156366,0.9846490724970113,0.17446192700456556,7,7,instant_velocity,dbscan_kmeans_fallback,False
2680,233,12.6788391341,7.47005173103,0.0003367441800000037,0.0,0.00034516278000001676,0.0,0.0011394210676842736,0.000200866020856808,0.9999703047487043,0.0,7,7,instant_velocity,dbscan_kmeans_fallback,False
2680,238,12.3980786778,8.38626670213,0.00042093021999995984,0.00016706185999986188,0.0004040930099999684,0.00016706185979998623,0.0022001684950854047,-4.966590195027675e-05,0.9294504592139299,0.36888708654374996,7,7,instant_velocity,dbscan_kmeans_fallback,False
2680,244,11.6387205623,12.9671028978,-0.006019302129999992,0.019307577790000075,-0.004929092867999998,0.016863701448000014,-0.004281049248840978,0.018187076706800635,-0.29762989061189876,0.9546808154018439,8,8,instant_velocity,dbscan_kmeans_fallback,False
2680,245,12.1425740347,12.8651951634,-0.007555697439999953,0.014534381809999886,-0.006267650965999998,0.017107134443999996,-0.005722660941961579,0.016909308109501246,-0.46124764366334337,0.8872707536533978,8,8,instant_velocity,dbscan_kmeans_fallback,False
2680,248,11.5343298679,5.18488414877,0.0005893023100000505,0.0002863917590000042,0.0006019302139999993,0.0002816185636000057,0.0013595217847366609,0.0002926802812379066,0.8993989157476117,0.43709388738631116,9,9,instant_velocity,dbscan_kmeans_fallback,False
2680,249,12.1577275226,4.6679470226,0.00014732557000005642,0.0026968557370000033,0.00014732557599998587,0.0026873093448000064,0.001393060235389221,0.002582760757466028,0.054547109479182114,0.9985074901501702,9,9,instant_velocity,dbscan_kmeans_fallback,False
2680,251,9.14555087367,12.1239178254,-0.018605115690999874,0.023865979969999885,-0.0011196743832000066,0.02609506249999999,-0.001127824993950326,0.02381478664658168,-0.6148189521687818,0.7886678611052429,-1,-1,instant_velocity,dbscan_kmeans_fallback,False
2680,252,9.55006481437,11.1625961522,0.006061395156999971,0.024152371730000156,0.023382673679399987,0.01885889737400003,0.020999694279680414,0.018702454397626883,0.2434161626961171,0.9699215270163329,-1,-1,instant_velocity,dbscan_kmeans_fallback,False
2680,253,6.10811841155,7.18533058997,0.03194860364099998,-0.004439072274999933,0.0318012780644,-0.006968866151599986,0.032700441634030575,-0.005461628708270034,0.9904845034430027,-0.13762204907160347,10,10,instant_velocity,dbscan_kmeans_fallback,False
2680,254,5.4510463393,6.84476305578,0.031864417597000025,-7.159794000006769e-05,0.032702068733600015,-0.0038424227754000027,0.03193345228958448,-0.0021341957812167035,0.9999971617762318,-0.002246949487500861,10,10,instant_velocity,dbscan_kmeans_fallback,False
2680,255,8.84858460399,4.14241814363,0.07381011394599994,-0.011431804406000001,0.073944811616,-0.009121577545000007,0.07103506318569099,-0.008964502514000916,0.9882173261350721,-0.15305635744257906,-1,-1,instant_velocity,dbscan_kmeans_fallback,False
2680,256,0.564888354235,8.11825174705,0.010186511305899992,-0.011551134305999966,0.010186511305899992,-0.011551134305999966,0.003055953391769998,-0.0034653402917999903,0.6614143296253869,-0.7500198570427803,-1,-1,instant_velocity,dbscan_kmeans_fallback,False
2680,257,0.497329054045,7.39463523432,0.026581743345699998,0.004391340314999948,0.026581743345699998,0.004391340314999948,0.00797452300371,0.0013174020944999845,0.9866269934190812,0.162992127179998,6,6,instant_velocity,dbscan_kmeans_fallback,False
2680,258,0.453552311243,6.84118315879,0.0285180223543,0.0015512886989999864,0.0285180223543,0.0015512886989999864,0.008555406706290002,0.000465386609699996,0.9985234206577109,0.05431646272342429,6,6,instant_velocity,dbscan_kmeans_fallback,False
2680,321,0.712213930973,4.02117896537,-0.027402557273200002,-0.0022195361380000556,-0.02759197587194,-2.3865980000010724e-05,-0.02789610285158213,-0.001454766123574993,-0.9967354000364231,-0.08073298482139939,4,4,instant_velocity,dbscan_kmeans_fallback,False
2680,322,2.06803016718,8.46001258024,-0.03897813830300003,-0.007064330071999869,-0.039087580159600004,-0.007408000183199981,-0.03803833096905604,-0.006762383252547687,-0.9839699363089788,-0.17833300187341966,-1,-1,instant_velocity,dbscan_kmeans_fallback,False
2680,324,4.69652892129,10.4497193305,0.006819069551999934,-0.00773257750999985,0.005535232382999986,-0.014448464273999982,0.005813289466351141,-0.011994610966322337,0.6614141175835099,-0.7500196165212386,11,11,instant_velocity,dbscan_kmeans_fallback,False
2680,325,4.53910101929,11.2568667731,0.0035147673300000015,-0.007947371329999875,0.002820232469000015,-0.009279093011999997,0.003678480489515125,-0.008744658059087697,0.404465496517842,-0.9145519999470522,11,11,instant_velocity,dbscan_kmeans_fallback,False
2680,326,4.33031963055,10.3160698426,-0.024203487605999996,0.01789948497999987,-0.028240208409399992,0.009412742500399994,-0.024781563309166355,0.008711543009406991,-0.804017843694597,0.5946046103411847,2,2,instant_velocity,dbscan_kmeans_fallback,False
2680,327,5.29845913482,9.73517189011,-0.00526162774100003,-0.017135773620000093,-0.009689813647199993,-0.011221783781800028,-0.007411488561499741,-0.011125298712861009,-0.29352923274428655,-0.95594951424717,11,11,instant_velocity,dbscan_kmeans_fallback,False
2680,376,7.6419881305,8.09295380828,-0.0005261627740000385,-0.0005966494999999128,-0.0051311393728,-0.0019379175737999788,-0.004815580949255212,-0.001892045880297062,-0.6614064443549165,-0.7500109164337273,0,0,instant_velocity,dbscan_kmeans_fallback,False
2680,386,14.4774739609,9.40701466551,0.0008418604399999197,0.030548454363999868,-0.0008923720660000001,0.030839619318999992,-0.0005881591272958451,0.03149762429907568,0.027547733160199362,0.9996201618359408,-1,-1,instant_velocity,dbscan_kmeans_fallback,False
2690,121,5.45336145551,7.31158162402,-0.0017679069210000619,-0.0031025773960000613,-0.0017679069208000086,-0.0030978042004000095,-0.00163996448094231,-0.0029281387276942792,-0.49508282370284795,-0.8688425616318325,0,0,instant_velocity,dbscan_kmeans_fallback,False
2690,123,5.75348470183,7.93687029927,-0.0003367441760000034,0.0004773195989999479,-0.00034937208200000566,0.00047731959940000123,-0.0003490481636328269,0.0004778958761451083,-0.5764592981095907,0.8171049141276271,0,0,instant_velocity,dbscan_kmeans_fallback,False
2690,127,3.99946847821,11.2730956395,-0.0053458137849999865,0.01823360869999995,-0.005783581212600008,0.017517629299999983,-0.006866720320324012,0.017895412933500995,-0.28134202419534293,0.9596070095890582,1,1,instant_velocity,dbscan_kmeans_fallback,False
2690,128,3.65788360529,10.7683301631,-0.013406627482999988,0.029808608989999996,-0.018184185471599994,0.03487774313079999,-0.017498796281439334,0.030013319406268724,-0.4101801683716705,0.9120041762887475,2,2,instant_velocity,dbscan_kmeans_fallback,False
2690,129,5.17912541766,8.72158372073,-0.019299650553,-0.005322113532999851,-0.019842650535599998,0.005178917653800035,-0.017320221911219676,0.0029948274771343826,-0.9640168202786092,-0.265839371088859,-1,-1,instant_velocity,dbscan_kmeans_fallback,False
2690,130,4.29033125972,9.7482981791,-0.017805348273999932,0.01283989722500003,-0.018335720350599997,0.010128721900000031,-0.018357604287550493,0.010324720676411343,-0.8111007283940086,0.5849057166104031,1,1,instant_velocity,dbscan_kmeans_fallback,False
2690,131,1.2703674017,13.5255668292,-0.028223371201000002,0.0195223716200001,-0.0277224642398,0.020395866484000002,-0.02794392213506564,0.020893860332100445,-0.8224221573603432,0.5688771504355915,-1,-1,instant_velocity,dbscan_kmeans_fallback,False
2690,132,3.83656848336,9.38028476794,-0.021930464423000017,0.016897113819999986,-0.0287116502552,0.013384041567999994,-0.025937609700647596,0.01309393870131746,-0.7921429639687455,0.6103349918050219,1,1,instant_velocity,dbscan_kmeans_fallback,False
2690,133,4.86784752053,9.5757471439,-0.018036859895000035,0.012267113704999843,-0.014766232091399996,0.00346534029179999,-0.015907924809541736,0.005360103407990835,-0.8268824424999943,0.562373994246486,1,1,instant_velocity,dbscan_kmeans_fallback,False
2690,134,5.71854749364,10.7532945957,-0.018794534289,0.03069165024,-0.01359183677959999,0.028911248137600012,-0.015116355064089034,0.02745794426051589,-0.5222290574882084,0.8528049341969489,2,2,instant_velocity,dbscan_kmeans_fallback,False
2690,135,0.278655805144,6.17150376079,-0.0341374407813,-0.007112062030999944,-0.03253790594812,-0.005589412509200003,-0.03275097264454049,-0.0055366845485325215,-0.978979593864325,-0.20395681220661985,3,3,instant_velocity,dbscan_kmeans_fallback,False
2690,136,1.80663250103,5.5784341585,-0.03236953386000001,-0.006443814591999964,-0.0354844174828,-0.008033288858399991,-0.036575238081858474,-0.007675048451827824,-0.9807553240764404,-0.1952393103897919,3,3,instant_velocity,dbscan_kmeans_fallback,False
2690,137,5.86503120993,5.43905683547,-0.03630523141099999,-0.007159793991000018,-0.035837998867200016,-0.006305391908400004,-0.036234843122793806,-0.005751111623661343,-0.9811030764091132,-0.19348439985145705,4,4,instant_velocity,dbscan_kmeans_fallback,False
2690,138,6.24828817456,5.97341612703,-0.03813627786399998,-0.007350721830999963,-0.03627576629520002,-0.009575031164399998,-0.03646861079163417,-0.008531631959030493,-0.9819257805214823,-0.18926501681787047,4,4,instant_velocity,dbscan_kmeans_fallback,False
2690,139,2.94251269767,6.33689500199,-0.05223744021000001,0.0035321650360000236,-0.0619567189716,-0.0014510515821999981,-0.0596960314022517,-0.0015273012002235099,-0.9977215557623257,0.06746343581844579,-1,-1,instant_velocity,dbscan_kmeans_fallback,False
2690,140,7.75079859218,6.8311594472,-0.03967267316400003,-0.01467757768200002,-0.040847068476199996,-0.004291103198799995,-0.040878563746028364,-0.005062873807156021,-0.9378717099143434,-0.34698153111873714,4,4,instant_velocity,dbscan_kmeans_fallback,False
2690,141,8.03597881572,6.38247902374,-0.04133534753100001,-0.006825670270999939,-0.0457593241356,-0.002758907284600003,-0.04368869340966827,-0.0029290670623677174,-0.9866385818173151,-0.16292277768032268,4,4,instant_velocity,dbscan_kmeans_fallback,False
2690,142,2.30080457843,7.61635018826,0.05158499837000001,0.013866134363999994,0.05158499837000001,0.013866134363999994,0.036145204264417446,0.0015606417757608017,0.9657195234249571,0.25958703291412927,-1,-1,instant_velocity,dbscan_kmeans_fallback,False
2690,232,12.1206856633,7.86264710156,0.0006734883500000066,0.00011932990000005362,0.000669279048,0.0001193298998000003,0.0010617294249061048,0.0001789782190209617,0.984649072496989,0.17446192700469146,5,5,instant_velocity,dbscan_kmeans_fallback,False
2690,233,12.6824170409,7.47005173103,0.00035779068000003634,0.0,0.00034937208200002345,0.0,0.0009049319513790024,0.00014060621459976557,0.9999720514784936,0.0,5,5,instant_velocity,dbscan_kmeans_fallback,False
2690,238,12.4020775149,8.38793732073,0.00039988371000010403,0.00016706186000003953,0.000404093010000004,0.00016706185979998623,0.0016600830595598145,1.535242663481815e-05,0.9226917779116667,0.3854785798216845,5,5,instant_velocity,dbscan_kmeans_fallback,False
2690,244,11.5785275409,13.1604173356,-0.006019302139999993,0.019331443779999978,-0.005232162626000019,0.01754626847400001,-0.004802525116188682,0.018530386828760438,-0.29729494140686924,0.954785174795244,6,6,instant_velocity,dbscan_kmeans_fallback,False
2690,245,12.0668065953,13.0107776412,-0.007576743940000163,0.014558247780000144,-0.006856953272000013,0.01594247462200002,-0.006278885841373155,0.016203990010650916,-0.46166202937268724,0.8870552136179412,6,6,instant_velocity,dbscan_kmeans_fallback,False
2690,248,11.5404333561,5.18750940657,0.0006103488199999063,0.00026252578000001136,0.0006019302139999993,0.0002768453676000071,0.0011347698953156344,0.000283633930866538,0.9186139618540491,0.39511806847545294,7,7,instant_velocity,dbscan_kmeans_fallback,False
2690,249,12.1592007784,4.69491557996,0.00014732558000005725,0.0026968557360000033,0.00014732557600002138,0.0026920825408000048,0.0010193398387724718,0.0026169892510262208,0.05454711319081957,0.9985074899474079,7,7,instant_velocity,dbscan_kmeans_fallback,False
2690,251,8.85826599903,12.2570899937,-0.028728487464000096,0.013317216829999978,-0.009390953191400016,0.023188186139999976,-0.009408023734965259,0.02066551570160717,-0.9072619388742877,0.4205652656352126,-1,-1,instant_velocity,dbscan_kmeans_fallback,False
2690,252,9.54269853553,11.4260765711,-0.0007366278839999296,0.02634804188999986,0.01626895297400001,0.021002062375999983,0.014478797630576308,0.020996130645338777,-0.027946664583477034,0.999609036156577,-1,-1,instant_velocity,dbscan_kmeans_fallback,False
2690,253,6.41224049496,7.14117852703,0.030412208341000023,-0.004415206294000029,0.031961231547800006,-0.005551226941199996,0.03201397164612141,-0.005147701983989033,0.9896249586054281,-0.14367251128040012,-1,-1,instant_velocity,dbscan_kmeans_fallback,False
2690,254,5.76674400374,6.94022697567,0.031569766444,0.009546391989000026,0.03221799898140001,-0.0004630000114000055,0.03182434653590914,0.0013699805498483158,0.957193968210213,0.2894461967670907,-1,-1,instant_velocity,dbscan_kmeans_fallback,False
2690,255,9.58079272037,4.02810009956,0.07322081163800007,-0.011431804407000002,0.07387746278060002,-0.010061897156000015,0.07169078772138371,-0.009704693081900641,0.9880303086513282,-0.15425900074054866,-1,-1,instant_velocity,dbscan_kmeans_fallback,False
2690,256,0.666753467294,8.00274040399,0.010186511305900004,-0.011551134305999966,0.010186511305900004,-0.011551134305999966,0.005195120766009,-0.005891078496059984,0.6614143296253874,-0.7500198570427798,-1,-1,instant_velocity,dbscan_kmeans_fallback,False
2690,257,0.763146487502,7.43854863747,0.026581743345699998,0.004391340315000036,0.026581743345699998,0.004391340315000036,0.013556689106307,0.0022395835606500002,0.9866269934190808,0.1629921271800012,8,8,instant_velocity,dbscan_kmeans_fallback,False
2690,258,0.738732534786,6.85645738597,0.0285180223543,0.0015274227179999933,0.0285180223543,0.0015274227179999933,0.014544191400693003,0.0007839974421899952,0.9985683969580564,0.053483233726429595,8,8,instant_velocity,dbscan_kmeans_fallback,False
2690,321,0.437977893131,3.998983604,-0.0274236037842,-0.0022195361369999667,-0.027516208432380004,-0.0009785051787999954,-0.027754353131367492,-0.0016841971276024851,-0.9967403842738056,-0.08067142887243556,3,3,instant_velocity,dbscan_kmeans_fallback,False
2690,322,1.72413017805,8.4098940223,-0.034389998912999986,-0.00501185579400012,-0.038384626693599995,-0.006825670271799993,-0.03694383135223922,-0.006237225014983417,-0.9895464662892421,-0.1442123974196848,-1,-1,instant_velocity,dbscan_kmeans_fallback,False
2690,324,4.7645091517,10.3726322151,0.00679802304099999,-0.007708711540000124,0.006082441668199987,-0.012429402370000026,0.006108709538745796,-0.010708841138425672,0.6614141151141237,-0.7500196146950987,9,9,instant_velocity,dbscan_kmeans_fallback,False
2690,325,4.57403822749,11.1771544,0.003493720819999968,-0.007971237310000134,0.003064371996199995,-0.008806546610000012,0.0036230525886605776,-0.008512631834361429,0.40142629164939087,-0.9158900776767415,9,9,instant_velocity,dbscan_kmeans_fallback,False
2690,326,4.16110568241,10.4404115983,-0.016921394814000033,0.01243417557000015,-0.024977999210200004,0.010644227068000021,-0.02242351276061646,0.00982833277758494,-0.8058330181794259,0.592142039015371,1,1,instant_velocity,dbscan_kmeans_fallback,False
2690,327,5.24584285742,9.56357549412,-0.00526162774000003,-0.01715963959899991,-0.0081660462534,-0.013269484863599992,-0.006766530315049828,-0.01293560097870268,-0.2931560936929109,-0.9560640095798516,-1,-1,instant_velocity,dbscan_kmeans_fallback,False
2690,376,7.63672650276,8.08698731329,-0.0005261627739999497,-0.0005966494990000016,-0.0018436743603999872,-0.0009785051787999776,-0.003528755496678633,-0.0015034269659079439,-0.6614064449783748,-0.750010915883907,0,0,instant_velocity,dbscan_kmeans_fallback,False
2690,386,14.5212507037,9.67908683718,0.004377674280000044,0.02720721716700005,0.000404093010000004,0.030018629608000006,0.0009015908948929218,0.030210502159452993,0.15885794311004678,0.9873010828247228,-1,-1,instant_velocity,dbscan_kmeans_fallback,False
2700,121,5.4356823863,7.28055585006,-0.0017679069209999732,-0.0031025773959999724,-0.0017679069208000086,-0.0030978042002000094,-0.0016783472129596089,-0.0029804703281859873,-0.49508282370283985,-0.8688425616318369,0,0,instant_velocity,dbscan_kmeans_fallback,False
2700,123,5.74990679497,7.94164349526,-0.000357790685999948,0.0004773195990000367,-0.00034937208199998794,0.00047731959940000123,-0.0003516709203429632,0.00047772299300158686,-0.5997764086184864,0.8001466948513569,0,0,instant_velocity,dbscan_kmeans_fallback,False
2700,127,3.94811499147,11.4730925516,-0.0051353486740000065,0.019999691210000135,-0.0054047440150000094,0.01787084580200002,-0.00634730882642681,0.018526696416450737,-0.24870343114365898,0.9685791835175209,1,1,instant_velocity,dbscan_kmeans_fallback,False
2700,128,3.56527895706,11.0165363548,-0.009260464823000003,0.024820619169999957,-0.015826976243800008,0.032371815233600006,-0.015027296843907533,0.028455509335388093,-0.34955857079653,0.9369141105963832,1,1,instant_velocity,dbscan_kmeans_fallback,False
2700,129,4.98633937725,8.66860124519,-0.01927860404099997,-0.005298247554000035,-0.019619557519199998,0.000983278374799994,-0.017907736550153763,0.0005069049677940572,-0.9642479731768302,-0.26499970923561955,-1,-1,instant_velocity,dbscan_kmeans_fallback,False
2700,130,4.18320451892,9.8244306552,-0.010712674080000007,0.007613247609999973,-0.016706720401999994,0.010171680663800017,-0.016064125225285348,0.009511278756487931,-0.8151219151757298,0.5792881334974976,1,1,instant_velocity,dbscan_kmeans_fallback,False
2700,132,3.66061965172,9.59841982488,-0.017594883163999996,0.021813505694000136,-0.0265312317194,0.016381608652399997,-0.023434791739653314,0.015709808799122264,-0.6278245745293948,0.7783544115456775,1,1,instant_velocity,dbscan_kmeans_fallback,False
2700,133,4.68726845647,9.69841828096,-0.01805790640599998,0.01226711370600011,-0.015734371595599993,0.00605241252079999,-0.01655291928847921,0.007432206497393618,-0.8271872282436611,0.5619255940790852,1,1,instant_velocity,dbscan_kmeans_fallback,False
2700,134,5.53081261585,11.0602110981,-0.018773487778999964,0.03069165024,-0.01511981347539999,0.029436299696199982,-0.016213494878562315,0.028428056054361127,-0.5218035490449675,0.8530653552395966,1,1,instant_velocity,dbscan_kmeans_fallback,False
2700,136,1.48546274374,5.52807694076,-0.032116975728999984,-0.005035721774000024,-0.0325421152502,-0.0074700517309999985,-0.03523775937600093,-0.006883250448479484,-0.9879297464153194,-0.15490061633399158,2,2,instant_velocity,dbscan_kmeans_fallback,False
2700,137,5.50197889583,5.36745889556,-0.03630523140999999,-0.00715979399099993,-0.035943231421800004,-0.006610876451999985,-0.03625595960895566,-0.006173716333862919,-0.981103076408102,-0.1934843998565846,3,3,instant_velocity,dbscan_kmeans_fallback,False
2700,138,5.85829632643,5.94549293046,-0.03899918481300002,-0.0027923196569999754,-0.037391231376,-0.009995072411999999,-0.037227782998043926,-0.006809838268421338,-0.997446318619708,-0.07141659436316357,3,3,instant_velocity,dbscan_kmeans_fallback,False
2700,139,2.42034876069,6.37221665235,-0.05221639369799998,0.0035321650359999347,-0.059397463238600005,0.0010978350785999958,-0.057452140090976184,-9.461329356476225e-06,-0.9977197250329621,0.06749050401433372,-1,-1,instant_velocity,dbscan_kmeans_fallback,False
2700,140,7.35407186054,6.68438367037,-0.03967267316399994,-0.01467757768300002,-0.03992944059799997,-0.007030917699600003,-0.040516796571419836,-0.007947284969909221,-0.9378717099066501,-0.3469815311395319,3,3,instant_velocity,dbscan_kmeans_fallback,False
2700,141,7.65166952555,6.28128726866,-0.038430929017,-0.010119175508000034,-0.04354102187919999,-0.004921165070000004,-0.04211136409186779,-0.005086099596057412,-0.9670385315034624,-0.25462909363844577,3,3,instant_velocity,dbscan_kmeans_fallback,False
2700,142,2.81686502723,7.75501153189,0.05160604487999998,0.013866134362999993,0.04736306827015999,0.0014510515821999981,0.04078345644909221,0.005252289551932561,0.9657460589210173,0.2594882953087208,-1,-1,instant_velocity,dbscan_kmeans_fallback,False
2700,232,12.1274205468,7.86384040056,0.0006734883500000066,0.0001193298999999648,0.000669279048,0.0001193298998000003,0.0009452571024342754,0.00016108372331466263,0.9846490724970113,0.17446192700456556,4,4,instant_velocity,dbscan_kmeans_fallback,False
2700,233,12.6857844827,7.47005173103,0.0003367441800000037,0.0,0.00034516278000001676,0.0,0.0007344756199653028,9.84243502198359e-05,0.9999703047487043,0.0,4,4,instant_velocity,dbscan_kmeans_fallback,False
2700,238,12.406076352,8.38960793933,0.0003998837099999264,0.00016706186000003953,0.000404093010000004,0.00016706185980002174,0.001282023254691848,6.086525664438457e-05,0.9226917779116057,0.38547857982183026,4,4,instant_velocity,dbscan_kmeans_fallback,False
2700,244,11.5185449847,13.3534931136,-0.0059982556199999594,0.019307577800000076,-0.0055310230799999974,0.018228835502000003,-0.005161244267332065,0.018763544120132328,-0.2966809719402363,0.954976131463332,5,5,instant_velocity,dbscan_kmeans_fallback,False
2700,245,11.9912496209,13.1561214592,-0.007555697439999953,0.014534381799999885,-0.007446255577999991,0.014777814797999974,-0.006661929320961195,0.015703107547455606,-0.4612476439131766,0.8872707535235216,5,5,instant_velocity,dbscan_kmeans_fallback,False
2700,248,11.5465368443,5.19037332417,0.0006103488200000839,0.0002863917600000043,0.0006061395160000061,0.0002816185636000057,0.0009774435727209693,0.0002844612796065779,0.9052797058641169,0.42478110837451116,6,6,instant_velocity,dbscan_kmeans_fallback,False
2700,249,12.1606740342,4.72188413733,0.0001473255799998796,0.0026968557370000033,0.00014732557799998602,0.0026920825408000048,0.0007577355611406941,0.0026409491968183555,0.05454711317058806,0.9985074899485145,6,6,instant_velocity,dbscan_kmeans_fallback,False
2700,251,8.50384275442,12.319857521,-0.03544232446099986,0.006276752730000013,-0.019004999399199994,0.01887321696199997,-0.01721831395277564,0.016348886810125023,-0.9846774298768937,0.1743840687692533,-1,-1,instant_velocity,dbscan_kmeans_fallback,False
2700,252,9.5355427218,11.6893183302,-0.0007155813729999849,0.026324175910000136,0.00967718574060001,0.023002031498000015,0.00992048392950342,0.022594544224737185,-0.02717338103255303,0.9996303556247015,-1,-1,instant_velocity,dbscan_kmeans_fallback,False
2700,253,6.71615211326,7.09702646408,0.030391161829999992,-0.004415206295000029,0.0319570222456,-0.00441997949060001,0.03152712870128498,-0.004927953277292332,0.9896108072193951,-0.14376995160882716,-1,-1,instant_velocity,dbscan_kmeans_fallback,False
2700,254,6.08244166818,7.03569089555,0.031569766444,0.009546391988000025,0.03177181294920001,0.0028161856366000037,0.0317479725083364,0.003822903981293829,0.9571939682186131,0.2894461967393109,-1,-1,instant_velocity,dbscan_kmeans_fallback,False
2700,255,10.3127903717,3.9140207153,0.07319976513299994,-0.011407938425999964,0.0736838348808,-0.011207464194600005,0.07214348094486858,-0.010215666685130438,0.9880726109384574,-0.1539878097357631,-1,-1,instant_velocity,dbscan_kmeans_fallback,False
2700,256,0.768618580352,7.88722906093,0.010186511305800006,-0.011551134305999966,0.010186511305800006,-0.011551134305999966,0.0066925379279463015,-0.007589095239041979,0.661414329621735,-0.7500198570460008,-1,-1,instant_velocity,dbscan_kmeans_fallback,False
2700,257,1.02896392096,7.48270070042,0.02658174334579999,0.004415206294999941,0.02658174334579999,0.004415206294999941,0.0174642053781549,0.0028922703809549826,0.9864841853212748,0.16385423364779308,7,7,instant_velocity,dbscan_kmeans_fallback,False
2700,258,1.02391275833,6.87197027295,0.028518022354400006,0.0015512886979999862,0.028518022354400006,0.0015512886979999862,0.018736340686805103,0.0010141848189329926,0.9985234206596202,0.054316462688323894,7,7,instant_velocity,dbscan_kmeans_fallback,False
2700,321,0.163952320398,3.97678824263,-0.027402557273299998,-0.002219536137000011,-0.02743202238864,-0.0019331443776000067,-0.027648814373947242,-0.001844798830421743,-0.996735400039374,-0.08073298478496835,2,2,instant_velocity,dbscan_kmeans_fallback,False
2700,322,1.42590111771,8.38006154734,-0.029822906033999997,-0.0029832474959999187,-0.03637258024559999,-0.005918763032799994,-0.03480755375676745,-0.005261031759288368,-0.9950336966787366,-0.09953529614680018,-1,-1,instant_velocity,dbscan_kmeans_fallback,False
2700,324,4.81880914999,10.3065234506,0.005429999829000031,-0.006610876449999914,0.006153999805599994,-0.009961660039999992,0.005905096625822066,-0.009479451731897945,0.6347133473525483,-0.7727461607096032,8,8,instant_velocity,dbscan_kmeans_fallback,False
2700,325,4.60392427306,11.0513806855,0.0029886045569999633,-0.01257737144999993,0.0032032789685999853,-0.009260000230000003,0.0034327181791623937,-0.00973205371905298,0.2311805366287104,-0.9729100741612906,8,8,instant_velocity,dbscan_kmeans_fallback,False
2700,326,4.06450219709,10.5101002598,-0.00966034853199993,0.006968866149999897,-0.0206466272542,0.010839928103399999,-0.0185945634920315,0.008970492789309427,-0.8109992841953481,0.5850457093325034,1,1,instant_velocity,dbscan_kmeans_fallback,False
2700,327,5.2563661129,9.43899507867,0.001052325548000077,-0.012458041544999965,-0.005375278899799998,-0.014372093138599986,-0.0044208735561348566,-0.012792333148591864,0.08416976678053392,-0.9964506263082504,8,8,instant_velocity,dbscan_kmeans_fallback,False
2700,376,7.63146487502,8.0810208183,-0.0005261627740000385,-0.0005966494990000016,-0.000526162774000003,-0.0005966494991999837,-0.0026279776798750543,-0.001231393725835561,-0.6614064449784376,-0.7500109158838516,0,0,instant_velocity,dbscan_kmeans_fallback,False
2700,386,14.5801809344,9.93683942087,0.00589302306999997,0.025775258368999944,0.002049930167999996,0.02898761927319999,0.0023990205474250363,0.028879929022317077,0.2228799054972444,0.9748455217654178,-1,-1,instant_velocity,dbscan_kmeans_fallback,False
2710,121,5.4182137822,7.2495300761,-0.0017468604100000285,-0.0031025773959999724,-0.001763697618600002,-0.0030978042001999916,-0.0016989011720717347,-0.003017102448530183,-0.49061411588695036,-0.8713737270566102,0,0,instant_velocity,dbscan_kmeans_fallback,False
2710,123,5.74632888811,7.94641669126,-0.0003577906860000368,0.000477319599999948,-0.0003535813839999946,0.00047731959939998345,-0.00035350685004008526,0.00047760197510109516,-0.599776407814152,0.8001466954543004,0,0,instant_velocity,dbscan_kmeans_fallback,False
2710,127,3.89697196983,11.6730894638,-0.005114302163999973,0.01999969121999996,-0.005324767273400006,0.018462722106000022,-0.005977406827698759,0.018968594857515505,-0.24774683718939616,0.9688243059624492,1,1,instant_velocity,dbscan_kmeans_fallback,False
2710,128,3.47267430882,11.2647425465,-0.009260464824000003,0.024820619170000134,-0.013469767016,0.029865887336600033,-0.013297247237935274,0.027365042285771704,-0.34955857082966285,0.9369141105840214,1,1,instant_velocity,dbscan_kmeans_fallback,False
2710,129,4.65569869003,8.832083208,-0.03306406872199998,0.016348196280999972,-0.0221535574392,0.0011217010588000064,-0.02245463620170763,0.005259292361755832,-0.896411700757899,0.44322175095239486,2,2,instant_velocity,dbscan_kmeans_fallback,False
2710,130,4.08428591739,9.89459663632,-0.009891860153000032,0.007016598111999883,-0.014909348366000011,0.01009053633179999,-0.014212445703599752,0.008762874563141516,-0.8156400003473496,0.578558329574959,2,2,instant_velocity,dbscan_kmeans_fallback,False
2710,132,3.58548360758,9.93087292588,-0.007513604413999975,0.03324531009999987,-0.021269603978800004,0.020305175759599975,-0.018658435541957313,0.020970459189385546,-0.22044501832045593,0.9753991014496514,1,1,instant_velocity,dbscan_kmeans_fallback,False
2710,133,4.52079055476,9.81846416021,-0.016647790171000043,0.01200458792500001,-0.016416278550800013,0.008591752789600022,-0.016581380553235457,0.008803920925675536,-0.8111137439432976,0.5848876130902332,2,2,instant_velocity,dbscan_kmeans_fallback,False
2710,134,5.2826742516,11.2100894523,-0.02481383642500008,0.014987835420000017,-0.017851650598400007,0.02681581509499999,-0.018793597342493647,0.02439598986405279,-0.8559741366582234,0.5170179759500859,2,2,instant_velocity,dbscan_kmeans_fallback,False
2710,136,1.16429298645,5.47795838282,-0.032116975729000005,-0.005011855794000031,-0.0324158361844,-0.006749299135999998,-0.034301524281900655,-0.006321832052135648,-0.988041843311915,-0.1541839829161111,-1,-1,instant_velocity,dbscan_kmeans_fallback,False
2710,137,5.13892658173,5.29586095564,-0.03630523140999999,-0.007159793992000019,-0.03610318490500001,-0.006849536251800003,-0.03627074114926896,-0.006469539631304049,-0.9811030764029718,-0.19348439988259902,3,3,instant_velocity,dbscan_kmeans_fallback,False
2710,138,5.46830447829,5.9173310741,-0.03899918481399993,-0.002816185636000057,-0.037959487172,-0.008262402265999995,-0.03775920354283073,-0.005611742478694953,-0.9974026544183607,-0.07202383952581973,3,3,instant_velocity,dbscan_kmeans_fallback,False
2710,139,1.84746273229,6.3259166512,-0.057288602840000015,-0.004630000114999966,-0.05729281214239999,0.0005250515592000049,-0.05740307891568333,-0.0013956229650495234,-0.9967498937736635,-0.08055619955835293,-1,-1,instant_velocity,dbscan_kmeans_fallback,False
2710,140,6.99964861593,6.59536356508,-0.03544232446100004,-0.008902010528999948,-0.03899497551139999,-0.008515381653799992,-0.0389944549382939,-0.00823370263763644,-0.9698748923818478,-0.24360243395707257,3,3,instant_velocity,dbscan_kmeans_fallback,False
2710,141,7.29661488561,6.14692180142,-0.03550546399399997,-0.013436546723999942,-0.040737626619,-0.0077468970985999875,-0.04012959406250744,-0.007591233734440171,-0.9352681639727451,-0.3539391679774436,3,3,instant_velocity,dbscan_kmeans_fallback,False
2710,142,3.33902896421,7.88197854534,0.05221639369800002,0.012696701344999983,0.04911413798224,0.005990360972799991,0.04421333762376455,0.007485613089852787,0.9716870076030957,0.23627100346506255,-1,-1,instant_velocity,dbscan_kmeans_fallback,False
2710,232,12.1341554304,7.86479503976,0.0006734883600000074,9.546391999997184e-05,0.0006734883520000068,0.00011455670400000173,0.000863726479703995,0.0001413977823202554,0.990088445331205,0.14034054595686493,4,4,instant_velocity,dbscan_kmeans_fallback,False
2710,233,12.6893623895,7.47005173103,0.0003577906799998587,0.0,0.00034937208199998794,0.0,0.0006214701379756696,6.889704515388512e-05,0.9999720514784936,0.0,4,4,instant_velocity,dbscan_kmeans_fallback,False
2710,238,12.4100751891,8.39127855792,0.00039988371000010403,0.00016706185899995063,0.00040409301200000413,0.00016706185979998623,0.0010173813912843247,9.27242373510544e-05,0.92269177873245,0.38547857785698275,4,4,instant_velocity,dbscan_kmeans_fallback,False
2710,244,11.4583519633,13.5468075513,-0.006019302139999993,0.019331443769999977,-0.005834092839999983,0.018911402527999995,-0.005418661629132444,0.018933914015092625,-0.297294941547065,0.9547851747515906,5,5,instant_velocity,dbscan_kmeans_fallback,False
2710,245,11.9156926466,13.3014652772,-0.007555697429999952,0.014534381800000062,-0.007564116040000002,0.014539154998000008,-0.006930059753672822,0.015352489823218943,-0.46124764343258456,0.8872707537733572,5,5,instant_velocity,dbscan_kmeans_fallback,False
2710,248,11.5526403325,5.19323724176,0.0006103488199999063,0.0002863917590000042,0.0006061395159999705,0.0002816185636000057,0.0008673151469046505,0.0002850404234246058,0.9052797064344427,0.42478110715902956,6,6,instant_velocity,dbscan_kmeans_fallback,False
2710,249,12.1621472899,4.7486140349,0.00014732557000005642,0.0026729897570000106,0.00014732557599998587,0.0026873093448000064,0.0005746125637985027,0.002650561364872852,0.05503266691561125,0.9984808133833515,6,6,instant_velocity,dbscan_kmeans_fallback,False
2710,252,9.37074854097,11.8317982306,-0.01647941808300004,0.014247990039999969,0.0020036278435999933,0.02203307271,0.0020005133257523806,0.020090577969316018,-0.756464558073104,0.6540339855906147,-1,-1,instant_velocity,dbscan_kmeans_fallback,False
2710,253,7.09456838037,7.12638161944,0.03784162671100004,0.002935515536000022,0.03282413849720001,-0.0029498351246,0.0334214781041995,-0.0025689126333046258,0.9970044086932847,0.07734133507344426,7,7,instant_velocity,dbscan_kmeans_fallback,False
2710,254,6.41203002985,7.13926924863,0.032958836166999995,0.010357835307999963,0.03197806875640001,0.005384165081599992,0.03211123160593548,0.00578338337930567,0.9539988722925968,0.2998092272784229,7,7,instant_velocity,dbscan_kmeans_fallback,False
2710,255,10.9877519782,3.88108566294,0.06749616065000001,-0.003293505236000005,0.072362113991,-0.009804144572199993,0.07074928485640801,-0.008139018250391308,0.9988114761570879,-0.04873745106122955,-1,-1,instant_velocity,dbscan_kmeans_fallback,False
2710,256,0.774090673203,7.80250483203,0.0005472092850999921,-0.008472422889999987,0.0005472092850999921,-0.008472422889999987,0.004848939335092409,-0.007854093534329382,0.06445273887034961,-0.9979195803093104,-1,-1,instant_velocity,dbscan_kmeans_fallback,False
2710,257,1.30025344727,7.53496719655,0.027128952631000014,0.005226649613000056,0.027128952631000014,0.005226649613000056,0.020363629554008434,0.003592584150568505,0.9819419762981854,0.1891804199083906,8,8,instant_velocity,dbscan_kmeans_fallback,False
2710,258,1.31898484202,6.96099037824,0.029507208369000004,0.008902010529000037,0.029507208369000004,0.008902010529000037,0.021967600991463575,0.0033805325319531065,0.9573796829654743,0.28883125477105914,8,8,instant_velocity,dbscan_kmeans_fallback,False
2710,322,1.12788252248,8.35309298997,-0.029801859523000008,-0.002696855737000092,-0.034394208215,-0.004968897030000008,-0.03330584548663722,-0.004491778952601885,-0.9959301643632568,-0.0901245768017136,-1,-1,instant_velocity,dbscan_kmeans_fallback,False
2710,324,4.85921845103,10.2513930369,0.00404093010400004,-0.00551304137000006,0.005943534695799997,-0.007279123892000001,0.005345846669275458,-0.00828952862332858,0.5911756609030622,-0.8065410169479329,9,9,instant_velocity,dbscan_kmeans_fallback,False
2710,325,4.63023241176,10.8948198569,0.002630813870000015,-0.015656082859999997,0.00322853478159999,-0.010419886855999998,0.00319214688641368,-0.011509262461337086,0.1657143763008002,-0.9861731519830147,9,9,instant_velocity,dbscan_kmeans_fallback,False
2710,326,3.97189754885,10.5964951073,-0.009260464824000048,0.008639484750000115,-0.017119232017000004,0.011508175542000032,-0.015794333891622065,0.008871190377516634,-0.73119708412198,0.6821651156370037,2,2,instant_velocity,dbscan_kmeans_fallback,False
2710,327,5.273834717,9.31966517881,0.0017468604099999396,-0.011932989986000031,-0.0025971394527999968,-0.015169216869799981,-0.0025705533662944173,-0.012534530199814313,0.1448452663578256,-0.9894534806976935,9,9,instant_velocity,dbscan_kmeans_fallback,False
2710,376,7.62620324728,8.0750543233,-0.0005261627739999497,-0.0005966495000000905,-0.0005261627739999852,-0.0005966494994000016,-0.0019974332081125227,-0.0010409704580849198,-0.6614064443547428,-0.7500109164338804,0,0,instant_velocity,dbscan_kmeans_fallback,False
2710,386,14.6374274442,10.1793177774,0.005724650980000056,0.02424783565300004,0.003535813840000017,0.027665443983200005,0.0033967096771975423,0.027490301011521966,0.22977234928827248,0.9732439903516522,-1,-1,instant_velocity,dbscan_kmeans_fallback,False
2720,121,5.40053471299,7.21874296193,-0.0017679069209999732,-0.0030787114169999797,-0.001763697618600002,-0.003093031004399993,-0.0017196028967502062,-0.0030355851390711217,-0.4979717249703702,-0.8671900182065501,0,0,instant_velocity,dbscan_kmeans_fallback,False
2720,123,5.67919051814,7.94737133046,-0.006713836996999944,9.546392000006065e-05,-0.001624790646199994,0.000400948463600006,-0.002261605894128043,0.00036296055857078474,-0.9998974364593017,0.014217522547102329,0,0,instant_velocity,dbscan_kmeans_fallback,False
2720,127,3.84582894819,11.8730863759,-0.005114302164000018,0.01999969120999996,-0.005244790531799995,0.01905459840799999,-0.005718475428589137,0.01927792376326084,-0.24774683730567024,0.9688243059327156,1,1,instant_velocity,dbscan_kmeans_fallback,False
2720,128,3.32324408099,11.4034038901,-0.014943022782999993,0.013866134359999904,-0.012880464709000004,0.025622516098000005,-0.01379097990145469,0.023315369908040163,-0.733026186131832,0.6801996981404378,1,1,instant_velocity,dbscan_kmeans_fallback,False
2720,129,4.31011498002,9.01966981057,-0.03455837100100005,0.01875866025700006,-0.025100068974000002,0.003837649579400022,-0.02608575664149536,0.009309102730329102,-0.8788702505416388,0.4770603463750661,-1,-1,instant_velocity,dbscan_kmeans_fallback,False
2720,130,3.98515685076,9.96476261744,-0.009912906662999977,0.007016598112000061,-0.013225627488799994,0.009470020852800012,-0.01292258399141982,0.00823899162779908,-0.8162196623280646,0.5777402669435826,1,1,instant_velocity,dbscan_kmeans_fallback,False
2720,132,3.51034756344,10.2633260269,-0.007513604414000019,0.03324531010200005,-0.0160079762382,0.024223969671399993,-0.015314986203570125,0.024652914463169896,-0.2204450183078388,0.9753991014525029,1,1,instant_velocity,dbscan_kmeans_fallback,False
2720,133,4.47869753283,9.9139280801,-0.004209302192999953,0.009546391988999935,-0.014610487910199997,0.010639453871200005,-0.012869757045164805,0.009026662244672856,-0.4034519622260107,0.9149997799031239,1,1,instant_velocity,dbscan_kmeans_fallback,False
2720,134,5.01959286457,11.3210662592,-0.026308138702999972,0.01109768069000001,-0.020886557479200006,0.023422072744,-0.021047959750645544,0.02040649711183696,-0.9213771998688142,0.38866869582166313,1,1,instant_velocity,dbscan_kmeans_fallback,False
2720,136,0.84291276405,5.42760116508,-0.032138022239999994,-0.005035721774000024,-0.032297975723200006,-0.006033319736800014,-0.033652473669330454,-0.005935998968694961,-0.9879452655329565,-0.15480160689454253,-1,-1,instant_velocity,dbscan_kmeans_fallback,False
2720,137,4.82554403349,5.27438157367,-0.03133825482399999,-0.0021479381969999878,-0.03526553376900001,-0.006085824892599998,-0.03479099525168827,-0.00517305920101283,-0.9976590292199555,-0.06838000228405668,2,2,instant_velocity,dbscan_kmeans_fallback,False
2720,138,5.08483704855,5.89322643432,-0.03834674297400005,-0.0024104639779999994,-0.038262556930000004,-0.005909216640999997,-0.03793546537218152,-0.004651358928486467,-0.9980299062802308,-0.06273584016473943,2,2,instant_velocity,dbscan_kmeans_fallback,False
2720,139,1.27457670389,6.27937799026,-0.057288602839999994,-0.004653866093999958,-0.05518816104599999,-5.250515599998451e-05,-0.05736873609297834,-0.002373095903734654,-0.9967164682289342,-0.0809687223439018,-1,-1,instant_velocity,dbscan_kmeans_fallback,False
2720,140,6.68731839324,6.56457645092,-0.031233022269,-0.003078711416000068,-0.03721864998619999,-0.008830412589400006,-0.03666602513750573,-0.006687205271145528,-0.9951765515803951,-0.09809685991634393,2,2,instant_velocity,dbscan_kmeans_fallback,False
2720,141,6.94134978056,6.01279499398,-0.035526510505,-0.013412680744000038,-0.03843092901760001,-0.010119175507799998,-0.03874866899525521,-0.009337667837308132,-0.9355453517327954,-0.35320584391645166,2,2,instant_velocity,dbscan_kmeans_fallback,False
2720,142,3.87529406353,7.98197700142,0.053626509932,0.00999984560799998,0.0511514402432,0.009990299216,0.04703728931623519,0.008239882845296944,0.9830545603160692,0.1833122058449492,-1,-1,instant_velocity,dbscan_kmeans_fallback,False
2720,143,13.1736426068,12.3582817488,0.0,0.0,0.0,0.0,0.0,0.0,0.0,0.0,-1,-1,instant_velocity,dbscan_kmeans_fallback,False
2720,232,12.1408903139,7.86598833876,0.0006734883500000066,0.00011932990000005362,0.0006734883520000068,0.00011455670400000173,0.0008066550407927985,0.00013477741762419487,0.984649072496989,0.17446192700469146,3,3,instant_velocity,dbscan_kmeans_fallback,False
2720,233,12.6927298313,7.47005173103,0.0003367441800000037,0.0,0.00034516277999998126,0.0,0.0005360523505829697,4.822793160771958e-05,0.9999703047487043,0.0,3,3,instant_velocity,dbscan_kmeans_fallback,False
2720,238,12.4140740262,8.39294917652,0.0003998837099999264,0.00016706186000003953,0.00040409301200000413,0.00016706185979998623,0.0008321320868990052,0.00011502552414574993,0.9226917779116057,0.38547857982183026,3,3,instant_velocity,dbscan_kmeans_fallback,False
2720,245,11.8399252071,13.4470477551,-0.007576743949999987,0.014558247789999968,-0.007564116040000002,0.014543928195999988,-0.007124065012570971,0.015114217213253251,-0.4616620296026068,0.8870552134982815,-1,-1,instant_velocity,dbscan_kmeans_fallback,False
2720,248,11.5585333555,5.19610115936,0.0005893023000000496,0.0002863917600000043,0.0006019302139999993,0.0002816185636000057,0.0007839112928332702,0.00028544582439722535,0.8993989122314984,0.4370938946208873,4,4,instant_velocity,dbscan_kmeans_fallback,False
2720,249,12.1636205457,4.77558259227,0.00014732558000005725,0.0026968557370000033,0.00014732557600002138,0.0026920825408000048,0.0004464264686589691,0.0026644496765109976,0.05454711317065364,0.9985074899485109,4,4,instant_velocity,dbscan_kmeans_fallback,False
2720,252,9.16638691952,11.9442069963,-0.020436162144999947,0.01124087656999997,-0.006461278865599987,0.02046269122800002,-0.0047304893154733185,0.0174356675495212,-0.8761976561425331,0.4819510451002793,-1,-1,instant_velocity,dbscan_kmeans_fallback,False
2720,253,7.49129511201,7.17411357939,0.03967267316400003,0.004773195995000012,0.034053254737400014,-0.0011121546665999915,0.03529683662213966,-0.00036628004481323415,0.9928396098974656,0.11945295518781074,5,5,instant_velocity,dbscan_kmeans_fallback,False
2720,254,6.79676025025,7.27578265406,0.038473022039999985,0.013651340543000056,0.033287161738400003,0.008606072377600001,0.03401976873615483,0.008143770528413986,0.9424304247015766,0.33440156201686827,5,5,instant_velocity,dbscan_kmeans_fallback,False
2720,255,11.6627135848,3.84815061058,0.06749616066000001,-0.003293505236000005,0.0710446024054,-0.008171711542199995,0.0697733475974856,-0.006685364346073917,0.9988114761574396,-0.04873745105402594,-1,-1,instant_velocity,dbscan_kmeans_fallback,False
2720,256,0.769039510572,7.72088318053,-0.0005051162630999917,-0.008162165150000077,0.00612032538792,-0.010257598191599993,0.0032427226556346884,-0.00794651501903059,-0.06176684358043599,-0.9980893804599993,-1,-1,instant_velocity,dbscan_kmeans_fallback,False
2720,257,1.59258948454,7.62112338425,0.029233603726999992,0.008615618769999944,0.02722155727904,0.005408031061599985,0.0230246218059059,0.005099494536397937,0.9592096025195953,0.2826946801703841,6,6,instant_velocity,dbscan_kmeans_fallback,False
2720,258,1.61510925127,7.05812491673,0.029612440924999994,0.009713453848999975,0.0289347432714,0.004649092898599996,0.024261052971524498,0.005280408927067167,0.9501868905407892,0.31167969342914775,6,6,instant_velocity,dbscan_kmeans_fallback,False
2720,322,0.830284857473,8.35309298997,-0.029759766500700002,0.0,-0.03255053385474001,-0.0035512578198,-0.03224202179085606,-0.003144245266821319,-0.999999663975971,0.0,-1,-1,instant_velocity,dbscan_kmeans_fallback,False
2720,324,4.89983821719,10.1962626232,0.004061976615999985,-0.005513041369999883,0.005429999828399996,-0.006615649647999966,0.004960685653292817,-0.0074565824473299715,0.5931731480829412,-0.8050730996513283,0,0,instant_velocity,dbscan_kmeans_fallback,False
2720,325,4.65654055046,10.7382590283,0.002630813870000015,-0.015656082859999997,0.0030517440893999925,-0.011961629161999988,0.0030237469814895805,-0.012753308580935959,0.1657143763008002,-0.9861731519830147,0,0,instant_velocity,dbscan_kmeans_fallback,False
2720,326,3.91296731816,10.835154907,-0.00589302306899997,0.023865979969999885,-0.013187743768999996,0.013961598283999984,-0.012823940644835436,0.013369627255261609,-0.23972156064710046,0.9708412639476878,1,1,instant_velocity,dbscan_kmeans_fallback,False
2720,327,5.2060649517,9.22754249612,-0.006776976529999956,-0.009212268269000035,-0.0029002092106,-0.013579742603800007,-0.003832480315406079,-0.01153785162057003,-0.592574361449321,-0.8055146661401485,0,0,instant_velocity,dbscan_kmeans_fallback,False
2720,376,7.62094161954,8.06908782831,-0.0005261627740000385,-0.0005966494990000016,-0.000526162774000003,-0.0005966494994000016,-0.0015560520778787773,-0.0009076741703594443,-0.6614064449784376,-0.7500109158838516,0,0,instant_velocity,dbscan_kmeans_fallback,False
2720,386,14.6883600008,10.3602219056,0.00509325565999994,0.01809041281999999,0.004386092885999986,0.02517383567459998,0.003905673472038262,0.024670334554065372,0.2710080934543865,0.962576515970739,-1,-1,instant_velocity,dbscan_kmeans_fallback,False
2730,121,5.38285564378,7.18771718797,-0.0017679069209999732,-0.0031025773960000613,-0.001763697618800002,-0.0030978042002000094,-0.0017340941040251362,-0.0030556828161498037,-0.49508282370282924,-0.8688425616318431,0,0,instant_velocity,dbscan_kmeans_fallback,False
2730,123,5.59584633472,7.94737133046,-0.008334418342000039,0.0,-0.0032201161773999943,0.00030548454359999864,-0.0040834496284896426,0.0002540723909995493,-0.9999988001576605,0.0,0,0,instant_velocity,dbscan_kmeans_fallback,False
2730,127,3.72333825439,12.0038719462,-0.012249069379999967,0.013078557030000049,-0.0065917672333999896,0.01826224787400001,-0.007677653614012386,0.0174181137432826,-0.6835819313807757,0.7298730211160809,1,1,instant_velocity,dbscan_kmeans_fallback,False
2730,128,3.17402431826,11.5418265739,-0.014921976273000005,0.01384226838,-0.012358511237199998,0.021431650014,-0.014130278812918284,0.020473439449628116,-0.7331324007547512,0.6800852155007965,1,1,instant_velocity,dbscan_kmeans_fallback,False
2730,129,3.98578824609,9.21680280513,-0.032432673393,0.019713299455999866,-0.027726673542,0.008839958981400003,-0.027989831666946755,0.012430361748030333,-0.8545296508232423,0.5194021071462271,-1,-1,instant_velocity,dbscan_kmeans_fallback,False
2730,130,3.94516847993,10.1227554048,-0.003998837083000017,0.015799278735999955,-0.010464325250599992,0.010057123958999981,-0.010245459918893878,0.010507077760259342,-0.2453651875058207,0.9694300890615548,1,1,instant_velocity,dbscan_kmeans_fallback,False
2730,132,3.46488709977,10.5311023222,-0.0045460463670000005,0.02677762953000009,-0.011819720556400001,0.026395773849200027,-0.012084304252599088,0.02529032898321895,-0.16737533533867402,0.9858928748930079,1,1,instant_velocity,dbscan_kmeans_fallback,False
2730,133,4.43660451091,10.009392,-0.004209302192000042,0.009546391990000024,-0.01223223217140001,0.011126319862999985,-0.010271620589215375,0.009182581168271007,-0.4034519621103855,0.9149997799541068,1,1,instant_velocity,dbscan_kmeans_fallback,False
2730,134,4.75651147754,11.4318044063,-0.026308138702999972,0.01107381470999993,-0.022999627179799996,0.01970852625999999,-0.02262601343635187,0.01760669239128585,-0.9216763491887948,0.3879587692892178,1,1,instant_velocity,dbscan_kmeans_fallback,False
2730,136,0.521743006762,5.37748260714,-0.0321169757288,-0.005011855793999942,-0.03217169665736,-0.005307793945599997,-0.033191824287171316,-0.005658756016286455,-0.988041843311769,-0.15418398291704577,-1,-1,instant_velocity,dbscan_kmeans_fallback,False
2730,137,4.53320799622,5.27438157367,-0.029233603727000013,0.0,-0.033897510556399994,-0.004725464034199991,-0.03312377779428179,-0.003621141440708981,-0.9999996579280244,0.0,2,2,instant_velocity,dbscan_kmeans_fallback,False
2730,138,4.72704636219,5.88535066093,-0.03577906863599996,-0.0007875773389999452,-0.03805209182019999,-0.003231453688199988,-0.037288546351327057,-0.00349222445164051,-0.9997575393592867,-0.02200689991414345,2,2,instant_velocity,dbscan_kmeans_fallback,False
2730,139,0.701480210382,6.23307798912,-0.0573096493508,-0.004630000114000055,-0.05526813778776,-0.0013699072502000042,-0.05735101007032484,-0.0030501671668142745,-0.9967522688100506,-0.0805268077976109,-1,-1,instant_velocity,dbscan_kmeans_fallback,False
2730,140,6.37498817056,6.53378933676,-0.031233022268,-0.0030787114159999797,-0.0354507430652,-0.008882917745200008,-0.03503612427665401,-0.0056046571146018635,-0.9951765515800887,-0.0980968599194517,2,2,instant_velocity,dbscan_kmeans_fallback,False
2730,141,6.57324630382,5.89155581573,-0.036810347674,-0.012123917824999974,-0.037521719744199995,-0.011183598214399985,-0.038167172598878654,-0.010173542833615684,-0.9498086724102609,-0.31283057676491105,2,2,instant_velocity,dbscan_kmeans_fallback,False
2730,142,4.41155916286,8.0822141173,0.05362650993299996,0.010023711587999973,0.05253209136259999,0.012090505453599985,0.04901405550126462,0.008775031468107854,0.9829756357720347,0.18373495279331128,-1,-1,instant_velocity,dbscan_kmeans_fallback,False
2730,143,12.9781205199,12.1623420532,-0.01955220869000005,-0.01959396955999999,-0.01955220869000005,-0.01959396955999999,-0.005865662607000016,-0.0058781908679999976,-0.7063517874920622,-0.7078604592559211,-1,-1,instant_velocity,dbscan_kmeans_fallback,False
2730,144,13.5038623638,12.4048204097,0.0,0.0,0.0,0.0,0.0,0.0,0.0,0.0,-1,-1,instant_velocity,dbscan_kmeans_fallback,False
2730,232,12.1474147323,7.86718163775,0.0006524418399999731,0.00011932989899996472,0.0006692790500000001,0.00011455670380000171,0.0007603910805549509,0.00013014316203692583,0.983667704292744,0.17991023966639713,3,3,instant_velocity,dbscan_kmeans_fallback,False
2730,233,12.6963077382,7.47005173103,0.00035779069000003717,0.0,0.00034937208199998794,0.0,0.00048257385240809,3.3759552125403705e-05,0.9999720514792747,0.0,3,3,instant_velocity,dbscan_kmeans_fallback,False
2730,238,12.4180728632,8.39461979512,0.0003998837000001032,0.00016706186000003953,0.0003998837080000328,0.00016706185980002174,0.0007024575708293346,0.00013063642490203681,0.9226917744824025,0.3854785880287878,3,3,instant_velocity,dbscan_kmeans_fallback,False
2730,248,11.5646368437,5.19872641716,0.0006103488200000839,0.00026252577999992256,0.0006061395160000061,0.00027684536779998937,0.0007318425509833143,0.0002785698110780345,0.9186139618541393,0.39511806847524317,4,4,instant_velocity,dbscan_kmeans_fallback,False
2730,249,12.1655147317,4.79753929384,0.0001894185999999465,0.0021956701569999736,0.00015574418199999939,0.0025918454247999987,0.0003693241080612623,0.0025238158206576902,0.08594951837675006,0.9962949388729737,4,4,instant_velocity,dbscan_kmeans_fallback,False
2730,252,8.96202529807,12.0566157619,-0.020436162145000124,0.011240876559999969,-0.011760790326000005,0.01788039219399998,-0.00944219116433136,0.015577230252664831,-0.8761976563235887,0.48195104477111583,-1,-1,instant_velocity,dbscan_kmeans_fallback,False
2730,253,7.88823230876,7.22184553933,0.039693719674999975,0.0047731959940000126,0.03560227794420001,0.0007302989871999976,0.03661590153799775,0.0011755627668307402,0.9928471197062507,0.11939052155449904,5,5,instant_velocity,dbscan_kmeans_fallback,False
2730,254,7.18170093575,7.4120573997,0.03849406855000002,0.013627474563999976,0.034613091929,0.011345886878400008,0.03536205868030839,0.009788881739089783,0.9426720020702697,0.3337199525615623,5,5,instant_velocity,dbscan_kmeans_fallback,False
2730,255,12.3368333309,3.83550164119,0.06741197460999988,-0.001264896938999982,0.06976497453819999,-0.006138330048799992,0.06906493570123988,-0.005059224123951736,0.9998238602764175,-0.01876037822240538,-1,-1,instant_velocity,dbscan_kmeans_fallback,False
2730,256,0.763777882831,7.63950018883,-0.000526162774100003,-0.008138299169999997,0.003977790571920001,-0.009575031164399998,0.0021120570267142806,-0.008004050264321412,-0.06451789041565091,-0.9979153217708404,-1,-1,instant_velocity,dbscan_kmeans_fallback,False
2730,257,1.88492552181,7.70727957195,0.029233603727000013,0.008615618770000033,0.027751929355300003,0.006252886752600002,0.024887316382234133,0.006154331806478565,0.9592096025195945,0.28269468017038657,6,6,instant_velocity,dbscan_kmeans_fallback,False
2730,258,1.91039180007,7.14977027982,0.029528254879999993,0.009164536309000049,0.02913678977654,0.006171742420600008,0.025841213544067147,0.0064456471416470314,0.9550583787001236,0.29641667698893837,6,6,instant_velocity,dbscan_kmeans_fallback,False
2730,277,14.907664645,8.68721670957,0.0,0.0,0.0,0.0,0.0,0.0,0.0,0.0,3,3,instant_velocity,dbscan_kmeans_fallback,False
2730,322,0.532687192462,8.35309298997,-0.029759766501099995,0.0,-0.030706859494359997,-0.002138391805400026,-0.03149734520392924,-0.002200971686774923,-0.9999996639759711,0.0,-1,-1,instant_velocity,dbscan_kmeans_fallback,False
2730,324,5.09325565294,10.0654770529,0.01934174357499998,-0.013078557030000049,0.007934534633000005,-0.007684845552000006,0.009275003029804966,-0.009143174822130996,0.8283936296666214,-0.5601456397595561,7,7,instant_velocity,dbscan_kmeans_fallback,False
2730,325,4.67821845676,10.6019842827,0.002167790629999988,-0.013627474559999974,0.00278234874939999,-0.013097649808000007,0.0027669600760427027,-0.013015558374655165,0.15709961924782825,-0.9875820270915524,7,7,instant_velocity,dbscan_kmeans_fallback,False
2730,326,3.85403708746,11.0738147067,-0.005893023070000014,0.023865979970000062,-0.0095256508618,0.015154897282000021,-0.01074466537238481,0.016518533069683143,-0.2397215606854417,0.9708412639382205,1,1,instant_velocity,dbscan_kmeans_fallback,False
2730,327,5.053056817,9.1623883708,-0.01530081347000003,-0.006515412531999942,-0.0049080463564,-0.011455670386199976,-0.007272980261784265,-0.010031119893999003,-0.9200581213512039,-0.39178036029086666,0,0,instant_velocity,dbscan_kmeans_fallback,False
2730,376,7.6156799918,8.06312133332,-0.0005261627739999497,-0.0005966494990000016,-0.0005261627739999852,-0.0005966494992000193,-0.0012470852867151288,-0.0008143667689516115,-0.6614064449783748,-0.750010915883907,0,0,instant_velocity,dbscan_kmeans_fallback,False
2730,386,14.7390820922,10.5413646935,0.005072209140000084,0.01811427879000007,0.005232162626000019,0.022687000559800018,0.004255634172426808,0.02270351782484578,0.269640187410622,0.9629605942754549,-1,-1,instant_velocity,dbscan_kmeans_fallback,False
2740,121,5.33023936638,7.13998522803,-0.00526162774000003,-0.0047731959940000126,-0.0024624417825999958,-0.0034319279197999996,-0.0027923541948176043,-0.0035709367695048663,-0.7406463993012855,-0.6718929199874201,0,0,instant_velocity,dbscan_kmeans_fallback,False
2740,123,5.51271261642,7.94737133046,-0.008313371830000004,0.0,-0.0048154417081999945,0.00021002062380000907,-0.005352426288942751,0.00017785067369968449,-0.9999987971200885,0.0,0,0,instant_velocity,dbscan_kmeans_fallback,False
2740,127,3.57033011969,12.1050637013,-0.01530081347000003,0.010119175510000033,-0.008582767170399998,0.016639361236000027,-0.00996460157080868,0.01522843227329783,-0.8340913458795125,0.5516253588004111,1,1,instant_velocity,dbscan_kmeans_fallback,False
2740,128,3.02459409043,11.6804879176,-0.014943022782999993,0.013866134370000083,-0.012665790297199999,0.018243155090000015,-0.014374102003942797,0.018491247925739706,-0.7330261858872383,0.6801996984040274,1,1,instant_velocity,dbscan_kmeans_fallback,False
2740,129,3.85635220367,9.50152394619,-0.012943604241999963,0.028472114106000035,-0.026455464279799994,0.01559880450919998,-0.02347596343946272,0.017242887455421244,-0.4138487647553116,0.9103452973713404,1,1,instant_velocity,dbscan_kmeans_fallback,False
2740,130,3.96432080491,10.3685749986,0.0019152324979999857,0.02458195938000003,-0.006520209096200009,0.01240553638999998,-0.006597252193825718,0.014729542246181549,0.07767668190948958,0.9969781953189634,1,1,instant_velocity,dbscan_kmeans_fallback,False
2740,132,3.44931268165,10.7344404715,-0.0015574418119999934,0.02033381492999986,-0.007745116034199997,0.0270831140712,-0.00892624552041936,0.023803374767253225,-0.07636995914017186,0.9970790583654321,1,1,instant_velocity,dbscan_kmeans_fallback,False
2740,133,4.39808939584,10.1139249923,-0.003851511507000005,0.010453299229999935,-0.009395162493800005,0.010763556968000004,-0.008345587864550764,0.009563796586789686,-0.34572844327549385,0.9383336550630722,1,1,instant_velocity,dbscan_kmeans_fallback,False
2740,134,4.49027311386,11.6802492578,-0.02662383636800003,0.02484448515000004,-0.024565487595600004,0.018539093242,-0.02382536031584632,0.01977803021890011,-0.7311157295870777,0.6822530620902431,-1,-1,instant_velocity,dbscan_kmeans_fallback,False
2740,136,0.200573249473,5.3271253894,-0.0321169757289,-0.005035721774000024,-0.032121185031140004,-0.005026175382000009,-0.03286936971968992,-0.005471845743600526,-0.9879297464152456,-0.15490061633446223,-1,-1,instant_velocity,dbscan_kmeans_fallback,False
2740,137,4.24087195895,5.27438157367,-0.029233603727000013,0.0,-0.0324831850196,-0.0032935052359999873,-0.03195672557409726,-0.0025347990084962865,-0.9999996579280244,0.0,2,2,instant_velocity,dbscan_kmeans_fallback,False
2740,138,4.36925567583,5.87747488754,-0.03577906863600004,-0.000787577339000034,-0.0375806499746,-0.001918824789800002,-0.03683570303672895,-0.0026808303178483673,-0.9997575393592867,-0.02200689991414588,2,2,instant_velocity,dbscan_kmeans_fallback,False
2740,139,0.128594181981,6.18653932817,-0.0572886028401,-0.004653866094999959,-0.056278370313779996,-0.0030071134764000007,-0.057332287901257384,-0.0035312768452699797,-0.9967164682275417,-0.0809687223610455,-1,-1,instant_velocity,dbscan_kmeans_fallback,False
2740,140,6.0588695759,6.47889758282,-0.03161185946599998,-0.005489175393999979,-0.03383858032559999,-0.007045237287599999,-0.0340088448334578,-0.005570012598421299,-0.9852563414202573,-0.1710827821414092,2,2,instant_velocity,dbscan_kmeans_fallback,False
2740,141,6.17525678152,5.80134241143,-0.03979895223000005,-0.009021340430000002,-0.037214440684000004,-0.011622732246199998,-0.03865670648821508,-0.009827882112530979,-0.9752588981408806,-0.22106467719729636,2,2,instant_velocity,dbscan_kmeans_fallback,False
2740,142,4.94529868087,8.20011205835,0.053373951801,0.011789794104999984,0.05288988204879999,0.011675237401799982,0.05032202439118523,0.009679460259175493,0.9764614871772818,0.21569097840468585,-1,-1,instant_velocity,dbscan_kmeans_fallback,False
2740,143,12.7828088982,11.9661636978,-0.01953116216999984,-0.019617835539999896,-0.01953116216999984,-0.019617835539999896,-0.009965312475899962,-0.010000084269599967,-0.7055393081545375,-0.7086702774728504,3,3,instant_velocity,dbscan_kmeans_fallback,False
2740,144,13.3255984159,12.0926533917,-0.017826394789999967,-0.031216701799999847,-0.017826394789999967,-0.031216701799999847,-0.005347918436999991,-0.009365010539999956,-0.49589299611764115,-0.868383314005631,3,3,instant_velocity,dbscan_kmeans_fallback,False
2740,232,12.1541496158,7.86837493675,0.0006734883500000066,0.00011932990000005362,0.0006692790500000001,0.00011455670380000171,0.0007343202613884675,0.00012689918342586416,0.984649072496989,0.17446192700469146,4,4,instant_velocity,dbscan_kmeans_fallback,False
2740,233,12.6996751799,7.47005173103,0.0003367441700000029,0.0,0.00034516277999998126,0.0,0.00043882494768566387,2.3631686487782592e-05,0.9999703047478224,0.0,4,4,instant_velocity,dbscan_kmeans_fallback,False
2740,238,12.4222821654,8.39629041372,0.00042093021999995984,0.00016706185999986188,0.000404093010000004,0.00016706185979998623,0.0006179993655805222,0.00014156405543138434,0.9294504592139299,0.36888708654374996,4,4,instant_velocity,dbscan_kmeans_fallback,False
2740,248,11.5707403319,5.20159033475,0.0006103488199999063,0.0002863917590000042,0.0006061395160000061,0.00028161856359998794,0.000695394431688292,0.0002809163954546254,0.9052797064344427,0.42478110715902956,5,5,instant_velocity,dbscan_kmeans_fallback,False
2740,249,12.1682507781,4.79992589184,0.0002736046400000802,0.0002386598000000184,0.000180999994000004,0.002100206237600002,0.0003406082676429077,0.0018382690144603886,0.7535709339832477,0.657324701767544,5,5,instant_velocity,dbscan_kmeans_fallback,False
2740,252,8.75198111867,12.1544662798,-0.021004417939999874,0.009785051789999954,-0.015814348337199996,0.014567794173999999,-0.012910859197031915,0.013839576713865369,-0.9064638555524347,0.4222823882899591,-1,-1,instant_velocity,dbscan_kmeans_fallback,False
2740,253,8.27569857559,7.25740584949,0.038746626683000066,0.0035560310159999274,0.03726916161260002,0.002324546449199989,0.03725511908149844,0.0018897032415814965,0.9958146974662876,0.09139241925110266,6,6,instant_velocity,dbscan_kmeans_fallback,False
2740,254,7.56643115615,7.54857080514,0.038473022039999985,0.013651340543999968,0.035993743048199994,0.012166876589399998,0.036295347688215865,0.010947619380562839,0.9424304246938573,0.3344015620386229,6,6,instant_velocity,dbscan_kmeans_fallback,False
2740,255,13.003165868,4.00447277939,0.06663325371000006,0.01689711382000003,0.06844746295259999,-0.00047254640339998487,0.06833543110386793,0.0015276772592337949,0.9693194734081818,0.24580371748622099,-1,-1,instant_velocity,dbscan_kmeans_fallback,False
2740,256,0.7587267202,7.55787853733,-0.0005051162631000028,-0.008162165149999989,0.0018394650581200001,-0.008897237333200003,0.0013269050397699954,-0.008051484730024986,-0.06176684358043802,-0.9980893804599991,-1,-1,instant_velocity,dbscan_kmeans_fallback,False
2740,257,2.17705109397,7.79367441944,0.02921255721599998,0.008639484749000026,0.028278092129359996,0.0071025156394,0.026184888632363887,0.006899877689235004,0.9589415213530795,0.2836027187779088,7,7,instant_velocity,dbscan_kmeans_fallback,False
2740,258,2.20251737223,7.21898162173,0.029212557216000003,0.006921134191,0.029275696748879997,0.007250484715200009,0.026852616645647004,0.006588293256452922,0.9730622515337328,0.23054107756690684,7,7,instant_velocity,dbscan_kmeans_fallback,False
2740,277,14.4191751256,8.68721670957,-0.04884895193999998,0.0,-0.04884895193999998,0.0,-0.014654685581999997,0.0,-0.9999997952873592,0.0,-1,-1,instant_velocity,dbscan_kmeans_fallback,False
2740,322,0.235089527452,8.35309298997,-0.029759766501000002,0.0,-0.029780813011960002,-0.0011360206466000022,-0.030976071593050464,-0.001540680180742446,-0.9999996639759711,0.0,-1,-1,instant_velocity,dbscan_kmeans_fallback,False
2740,324,5.30372076256,9.92633838968,0.021046510962000033,-0.013913866322000068,0.010784232217200014,-0.008925876508399995,0.012806455409463487,-0.010574382272091717,0.8341866458872513,-0.5514815020612728,8,8,instant_velocity,dbscan_kmeans_fallback,False
2740,325,4.69295101443,10.4964966512,0.0014732557670000368,-0.010548763150000084,0.0023782557388000035,-0.013613154975999997,0.002378848783329903,-0.01227551980725864,0.13831887604449056,-0.990386798579228,8,8,instant_velocity,dbscan_kmeans_fallback,False
2740,326,3.8220463908,11.2790621345,-0.0031990696659999875,0.020524742779999983,-0.00678118583219999,0.01677301072399999,-0.008480986660469363,0.017720395982778196,-0.15400454398717608,0.9880696522124425,1,1,instant_velocity,dbscan_kmeans_fallback,False
2740,327,4.88279054331,9.06573115192,-0.017026627369000024,-0.009665721888000078,-0.007261046282199999,-0.00995688684400001,-0.010199074393948994,-0.009921500492199326,-0.869642484310493,-0.49368099818985856,-1,-1,instant_velocity,dbscan_kmeans_fallback,False
2740,376,7.61041836406,8.05715483833,-0.0005261627740000385,-0.0005966494990000016,-0.000526162774000003,-0.0005966494992000193,-0.0010308085329006017,-0.0007490515879661285,-0.6614064449784376,-0.7500109158838516,0,0,instant_velocity,dbscan_kmeans_fallback,False
2740,386,14.7820169745,10.7081878935,0.004293488229999909,0.016682319999999962,0.005215325415999992,0.0205820211264,0.004266990389698739,0.020897158477392035,0.24924501722484182,0.9684398589233824,-1,-1,instant_velocity,dbscan_kmeans_fallback,False
2750,121,4.96424054074,6.94285223346,-0.03659988256400002,-0.019713299456999955,-0.009428836911200006,-0.006754072331999996,-0.012934612705572331,-0.008413645575753394,-0.8804139434612637,-0.4742054481519431,0,0,instant_velocity,dbscan_kmeans_fallback,False
2750,123,5.42957889812,7.94737133046,-0.008313371830000004,0.0,-0.006406557937000006,0.00011455670400000173,-0.006240709951259927,0.00012449547158977913,-0.9999987971200885,0.0,1,1,instant_velocity,dbscan_kmeans_fallback,False
2750,127,3.41711151988,12.2062554563,-0.015321859980999974,0.010119175499999855,-0.010620069431799993,0.014663258093999971,-0.011571779093866068,0.013695655241308438,-0.8344399606921685,0.5510978704235587,2,2,instant_velocity,dbscan_kmeans_fallback,False
2750,128,2.82696735249,11.8017270958,-0.019762673793999985,0.012123917819999974,-0.014766232091399996,0.01570381482000002,-0.015990673540959954,0.016581048894017788,-0.852383447872797,0.5229164323035848,2,2,instant_velocity,dbscan_kmeans_fallback,False
2750,129,3.72691616125,9.78600642745,-0.012943604242000006,0.028448248125999952,-0.025188464320000003,0.022348103645199978,-0.020316255680223903,0.020604495656594855,-0.41413642790939104,0.9102144687762188,2,2,instant_velocity,dbscan_kmeans_fallback,False
2750,130,3.98347312988,10.6146332521,0.0019152324970000301,0.02460582535000011,-0.003994627780800002,0.015804051938000007,-0.004043506786577993,0.017692427177327115,0.07760179474961292,0.9969840274987256,2,2,instant_velocity,dbscan_kmeans_fallback,False
2750,132,3.43373826354,10.9377786209,-0.0015574418109999932,0.02033381494000004,-0.004537627763599996,0.026787175920399982,-0.006715604407593549,0.022762506819077266,-0.07636995905408263,0.9970790583720263,2,2,instant_velocity,dbscan_kmeans_fallback,False
2750,133,4.39219637278,10.2996023164,-0.0005893023059999614,0.018567732410000027,-0.0059014416738000005,0.012023680708799986,-0.006018702196985523,0.012264977333752789,-0.03172198942034409,0.999496192485355,2,2,instant_velocity,dbscan_kmeans_fallback,False
2750,134,4.22382428507,11.9286941093,-0.026644882878999975,0.02484448515000004,-0.026139766615600007,0.017369660224000008,-0.02467121708479242,0.021297966698230086,-0.7313845806330908,0.6819648423675042,-1,-1,instant_velocity,dbscan_kmeans_fallback,False
2750,137,3.95484987497,5.27056301687,-0.028602208397999984,-0.000381855680000065,-0.030942580417199998,-0.0019379175738000144,-0.03095037042126808,-0.0018889160099474199,-0.9999105435400704,-0.013349372021547368,0,0,instant_velocity,dbscan_kmeans_fallback,False
2750,138,4.03209057021,5.86840581515,-0.03371651056199996,-0.0009069072389999988,-0.036524115124399986,-0.0015417423062000068,-0.03589994529431025,-0.0021486533941938567,-0.9996381481708849,-0.026888282857434387,0,0,instant_velocity,dbscan_kmeans_fallback,False
2750,140,5.73706842328,6.38772953933,-0.032180115262,-0.009116804348999974,-0.032340068745200005,-0.00593308262079999,-0.03346022596202046,-0.0066340501235949015,-0.9621334564590566,-0.2725777210165017,0,0,instant_velocity,dbscan_kmeans_fallback,False
2750,141,5.77705679411,5.71112900714,-0.03981999874099999,-0.009021340429000001,-0.0374922546288,-0.011403165230399992,-0.03900569416405055,-0.009585919607471686,-0.9752840831382997,-0.22095354111391893,0,0,instant_velocity,dbscan_kmeans_fallback,False
2750,142,5.46767308296,8.38936927953,0.05223744020900005,0.01892572211800001,0.0530161611146,0.012687154952799986,0.05089664913652968,0.01245333881682285,0.9401955664147581,0.3406346091107965,-1,-1,instant_velocity,dbscan_kmeans_fallback,False
2750,143,12.5914961136,11.7580523525,-0.019131278460000088,-0.020811134530000074,-0.019131278460000088,-0.020811134530000074,-0.01271510227113,-0.01324339934772,-0.6767695208073454,-0.7361944771633043,3,3,instant_velocity,dbscan_kmeans_fallback,False
2750,144,13.1475449332,11.7807250335,-0.01780534826999993,-0.03119283582000012,-0.01780534826999993,-0.03119283582000012,-0.009085147386899974,-0.015913358124000007,-0.49573724877256886,-0.8684722352146025,3,3,instant_velocity,dbscan_kmeans_fallback,False
2750,232,12.1608844993,7.86956823575,0.0006734883500000066,0.0001193298999999648,0.0006692790500000001,0.00011455670380000171,0.0007160706879719292,0.00012462839839809435,0.9846490724970113,0.17446192700456556,4,4,instant_velocity,dbscan_kmeans_fallback,False
2750,233,12.7032530868,7.47005173103,0.00035779069000003717,0.0,0.00034937208199998794,0.0,0.00041451467037997587,1.6542180541447815e-05,0.9999720514792747,0.0,4,4,instant_velocity,dbscan_kmeans_fallback,False
2750,238,12.4262810025,8.39796103232,0.0003998837099999264,0.00016706186000003953,0.000404093010000004,0.00016706185979998623,0.0005525646689063434,0.0001492133968019809,0.9226917779116057,0.38547857982183026,4,4,instant_velocity,dbscan_kmeans_fallback,False
2750,248,11.576633355,5.20445425235,0.0005893023100000505,0.0002863917600000043,0.0006019302139999993,0.00028161856359998794,0.0006635667951818196,0.0002825590048182391,0.899398915147616,0.4370938886209325,5,5,instant_velocity,dbscan_kmeans_fallback,False
2750,249,12.1707763594,4.80207383003,0.00025255812999986916,0.00021479381900002537,0.0002020465040000019,0.0016037938540000062,0.0003141932263499961,0.0013512264558222795,0.7617385869550071,0.6478379459486561,5,5,instant_velocity,dbscan_kmeans_fallback,False
2750,252,8.53309740466,12.2308374157,-0.02188837140100013,0.007637113590000055,-0.020048906342800023,0.010830381709999982,-0.01560411285822238,0.011978837776705775,-0.944177835897331,0.3294348971791876,-1,-1,instant_velocity,dbscan_kmeans_fallback,False
2750,253,8.64085554079,7.26432698368,0.036515696519999884,0.0006921134190000621,0.038494068550599995,0.003346010392000007,0.037033292313048874,0.0015304262948070662,0.9998201502120014,0.01895045168231632,6,6,instant_velocity,dbscan_kmeans_fallback,False
2750,254,7.93200905157,7.64498936422,0.03655778954199995,0.009641855907999996,0.03699134766779998,0.012185969373399991,0.03637408024435109,0.010555890338793986,0.9669349293779279,0.25502218209236127,6,6,instant_velocity,dbscan_kmeans_fallback,False
2750,255,13.6697088702,4.17344391759,0.06665430021999992,0.016897113819999986,0.06713836996999997,0.0051884640458000056,0.06783109183870753,0.006138508227463653,0.969337963570018,0.24573079075811824,-1,-1,instant_velocity,dbscan_kmeans_fallback,False
2750,256,0.80355578855,7.31611616022,0.004482906835,-0.02417623771099997,0.000698744163959999,-0.011422258014200003,0.002273705578338997,-0.012888910624317483,0.18231825767462517,-0.9832391568309456,-1,-1,instant_velocity,dbscan_kmeans_fallback,False
2750,257,2.46538829415,7.87911462774,0.028833720017999998,0.008544020829999966,0.0287284874638,0.007928278546400006,0.026979538048054717,0.007393120631464492,0.9587914862467227,0.2841095226354648,7,7,instant_velocity,dbscan_kmeans_fallback,False
2750,258,2.49443247928,7.28843162345,0.02919151070499999,0.006945000171999993,0.029410394418999997,0.008329227010000011,0.027554284863452898,0.006695305331117044,0.9728461212537185,0.23145141571173794,7,7,instant_velocity,dbscan_kmeans_fallback,False
2750,277,13.930475141,8.68721670957,-0.04886999846000002,0.0,-0.04886999846000002,0.0,-0.024919279445400004,0.0,-0.9999997953755214,0.0,-1,-1,instant_velocity,dbscan_kmeans_fallback,False
2750,324,5.46788354807,9.88051570814,0.01641627855099994,-0.004582268153999891,0.012981487961599996,-0.00852015484919999,0.013889402351924422,-0.008776748036664169,0.963180830954495,-0.26885221486188166,8,8,instant_velocity,dbscan_kmeans_fallback,False
2750,325,4.70747310699,10.3912476795,0.0014522092560000032,-0.010524897170000002,0.0020709766786000117,-0.013202660120000011,0.002100856925130933,-0.011750333016081048,0.13668338576032427,-0.9906138347701402,8,8,instant_velocity,dbscan_kmeans_fallback,False
2750,326,3.80794522845,11.4621142008,-0.0014101162350000252,0.018305206630000015,-0.005131139372800009,0.019040278820000013,-0.006359725532828561,0.01789583917694474,-0.0768060195645397,0.9970455084907932,2,2,instant_velocity,dbscan_kmeans_fallback,False
2750,327,4.67232543369,8.89508939512,-0.021046510961999942,-0.017064175680000026,-0.011680813584200003,-0.010878113671000023,-0.013453305364364279,-0.012064303048539535,-0.7767656258035813,-0.6297891904662725,-1,-1,instant_velocity,dbscan_kmeans_fallback,False
2750,376,7.60515673632,8.05118834333,-0.0005261627740000385,-0.0005966494999999128,-0.000526162774000003,-0.0005966494994000016,-0.0008794148052304327,-0.0007033309615762638,-0.6614064443549165,-0.7500109164337273,1,1,instant_velocity,dbscan_kmeans_fallback,False
2750,386,14.8068518575,10.8413600618,0.002483488300000047,0.013317216829999978,0.004533418462000008,0.018090412818600007,0.003731939762789131,0.01862317598317442,0.18332633497922818,0.9830513610905857,-1,-1,instant_velocity,dbscan_kmeans_fallback,False
2760,121,4.5982417151,6.7457192389,-0.03659988256399993,-0.019713299456000043,-0.016399441341999985,-0.01007621674400001,-0.020034193663100615,-0.011803541739827388,-0.8804139434713053,-0.47420544813329985,0,0,instant_velocity,dbscan_kmeans_fallback,False
2760,123,5.19491030089,7.83472390499,-0.02346685972299998,-0.01126474254700005,-0.011028371744399993,-0.002233855725399998,-0.011408554882781943,-0.0032922759339871705,-0.9015129712185546,-0.4327511922528269,0,0,instant_velocity,dbscan_kmeans_fallback,False
2760,127,3.23905803714,12.3112657682,-0.017805348274000023,0.010501031190000098,-0.013158278653800003,0.012763526087999999,-0.013441849847906254,0.012737268025915936,-0.8613561477883076,0.5080006093916937,1,1,instant_velocity,dbscan_kmeans_fallback,False
2760,128,2.62407898681,11.9210569957,-0.020288836568000023,0.011932989990000031,-0.0169719064402,0.013126288984,-0.017280122449071976,0.01518663122281246,-0.8619639207341484,0.5069687856860537,1,1,instant_velocity,dbscan_kmeans_fallback,False
2760,129,3.63157546659,10.0513961247,-0.009534069465999995,0.026538969725000073,-0.020482464468800005,0.024386258334,-0.01708159981595673,0.02238483787711642,-0.3380926802928852,0.9411124429641337,1,1,instant_velocity,dbscan_kmeans_fallback,False
2760,130,3.98557778098,10.8575889282,0.00021046510999997992,0.024295567609999937,-0.0019741627281999997,0.019259845837600018,-0.0027673152176046012,0.01967336930712896,0.00866236715723668,0.9999620693962377,1,1,instant_velocity,dbscan_kmeans_fallback,False
2760,132,3.40258942732,11.0692801705,-0.0031148836219999864,0.013150154960000115,-0.0036578836051999984,0.02276814489240003,-0.00563538817191548,0.01987880126135412,-0.2304923647483502,0.9730733733132346,1,1,instant_velocity,dbscan_kmeans_fallback,False
2760,133,4.38651381482,10.4850409808,-0.0005682557960000167,0.018543866439999945,-0.0026855347987999956,0.013331536411799974,-0.004383568276689871,0.014148644065626936,-0.030629473637519798,0.9995302683400166,1,1,instant_velocity,dbscan_kmeans_fallback,False
2760,134,3.9575859214,12.176900301,-0.026623836366999987,0.024820619169999957,-0.02650176660399999,0.019336216973999995,-0.02525700286945469,0.022354762439761047,-0.7314427004896105,0.6819025050811893,-1,-1,instant_velocity,dbscan_kmeans_fallback,False
2760,137,3.72523244037,5.23261610872,-0.022961743459999972,-0.003794690814999946,-0.028273882827199993,-0.0012648969383999998,-0.028553782332887648,-0.0024606484514631778,-0.9866174024770707,-0.1630498137748487,0,0,instant_velocity,dbscan_kmeans_fallback,False
2760,138,3.77721732245,5.85599550557,-0.02548732477600004,-0.001241030957999989,-0.03382174311680001,-0.0012267113705999933,-0.032776159138817186,-0.0018763666633356965,-0.9988162528711167,-0.04863444484898729,0,0,instant_velocity,dbscan_kmeans_fallback,False
2760,140,5.41505680556,6.29632283604,-0.03220116177200003,-0.009140670329000056,-0.0316918362074,-0.0059808145808000115,-0.03308250670501433,-0.007386036185216448,-0.9619930603464987,-0.273072800468312,0,0,instant_velocity,dbscan_kmeans_fallback,False
2760,141,5.3788568067,5.62067694305,-0.03981999874099999,-0.009045206408999995,-0.03835516157820001,-0.010524897167400002,-0.039249985537135386,-0.00942370564793018,-0.9751579784532454,-0.2215094293162518,0,0,instant_velocity,dbscan_kmeans_fallback,False
2760,142,5.99025795016,8.5786265007,0.05225848672,0.0189257221170001,0.053024579719,0.01393295910720001,0.05130520041157077,0.014395053806876026,0.9402394965768842,0.3405133319490461,-1,-1,instant_velocity,dbscan_kmeans_fallback,False
2760,143,12.4370147231,11.4396801797,-0.01544813904999991,-0.03183721728000002,-0.01544813904999991,-0.03183721728000002,-0.013535013304790972,-0.018821544727404008,-0.4365459230877342,-0.8996816614000152,2,2,instant_velocity,dbscan_kmeans_fallback,False
2760,144,12.9646507529,11.4079384263,-0.018289418029999994,-0.03727866072000001,-0.018289418029999994,-0.03727866072000001,-0.01184642857982998,-0.02232294890280001,-0.44045930640102954,-0.8977723084111996,2,2,instant_velocity,dbscan_kmeans_fallback,False
2760,145,13.0827216794,12.65469722,0.0,0.0,0.0,0.0,0.0,0.0,0.0,0.0,-1,-1,instant_velocity,dbscan_kmeans_fallback,False
2760,232,12.1676193828,7.87076153475,0.0006734883500000066,0.0001193298999999648,0.000669279048,0.0001193298998000003,0.0007032959865803524,0.00012303884887865548,0.9846490724970113,0.17446192700456556,3,3,instant_velocity,dbscan_kmeans_fallback,False
2760,233,12.7066205285,7.47005173103,0.0003367441700000029,0.0,0.00034516278000001676,0.0,0.00039118352026598397,1.157952637901347e-05,0.9999703047478224,0.0,3,3,instant_velocity,dbscan_kmeans_fallback,False
2760,238,12.4302798396,8.39963165091,0.00039988371000010403,0.00016706185900012828,0.000404093010000004,0.00016706185980002174,0.0005067603812344716,0.0001545679354614251,0.9226917787323041,0.3854785778573317,3,3,instant_velocity,dbscan_kmeans_fallback,False
2760,248,11.5827368431,5.20731816995,0.0006103488099999055,0.0002863917600000043,0.0006019302119999992,0.00028161856379998795,0.0006476013996272453,0.00028370883137276867,0.9052797031875078,0.42478111407834485,4,4,instant_velocity,dbscan_kmeans_fallback,False
2760,249,12.1735124059,4.80446042803,0.00027360465000008104,0.0002386597999999296,0.00022730232000000683,0.0011169278625999901,0.00030201665344502157,0.0010174564590755746,0.7535709458848292,0.6573246881241888,4,4,instant_velocity,dbscan_kmeans_fallback,False
2760,252,8.31421369065,12.3072085516,-0.021888371400999952,0.007637113590000055,-0.021130697006400006,0.00950820642,-0.017489390421055653,0.01067632052069406,-0.9441778358973301,0.32943489717918994,-1,-1,instant_velocity,dbscan_kmeans_fallback,False
2760,253,9.00601250599,7.27148677767,0.036515696520000064,0.0007159793989999664,0.0382288825124,0.002902103164599996,0.03687801357513423,0.0012860922260649363,0.9998075557694297,0.019603668589570706,5,5,instant_velocity,dbscan_kmeans_fallback,False
2760,254,8.2891683426,7.72470173733,0.03571592910300003,0.007971237311000046,0.03754276625499999,0.011708649774000008,0.036176634901945774,0.009780494430455804,0.9759875258355214,0.2178251658685605,5,5,instant_velocity,dbscan_kmeans_fallback,False
2760,255,14.2870030367,4.493486709,0.06172941665000007,0.03200427914099997,0.06598502116999999,0.0122480209212,0.06600058928209529,0.013898239501524549,0.8877753636027041,0.46027667347547596,-1,-1,instant_velocity,dbscan_kmeans_fallback,False
2760,256,0.861012763478,7.03402027695,0.005745697492800006,-0.028209588327000025,0.0017384418055000016,-0.015369691101600011,0.0033153031526773,-0.017485113935122247,0.1995810621776268,-0.9798809646611895,-1,-1,instant_velocity,dbscan_kmeans_fallback,False
2760,257,2.75098944792,7.96431617624,0.028560115377000005,0.008520154849999972,0.029014720012999998,0.008586979593799988,0.027453711246738306,0.007731230897025136,0.9582669836658797,0.2858736031245441,6,6,instant_velocity,dbscan_kmeans_fallback,False
2760,258,2.79602898138,7.36384812016,0.03015965021000002,0.007541649670999994,0.0295408827872,0.008057154838400003,0.028335894467417036,0.006949208633081929,0.9701290391431056,0.24258813673028795,6,6,instant_velocity,dbscan_kmeans_fallback,False
2760,277,13.4506146911,8.69008062717,-0.04798604499000003,0.00028639175999991553,-0.04798604499000003,0.00028639175999991553,-0.03183930910878001,8.591752799997467e-05,-0.9999819822038194,0.0059681226054624234,-1,-1,instant_velocity,dbscan_kmeans_fallback,False
2760,324,5.58574400946,9.92824766808,0.011786046139000028,0.004773195993999835,0.014530511168599993,-0.006462907376400011,0.013258395488047104,-0.004711764827464967,0.9268734927290465,0.3753717565892951,-1,-1,instant_velocity,dbscan_kmeans_fallback,False
2760,325,4.72220566467,10.2857600481,0.001473255767999948,-0.010548763139999907,0.0018394650581999982,-0.012181196175999992,0.0019125765779916377,-0.011389862053256705,0.1383188762651895,-0.990386798548404,-1,-1,instant_velocity,dbscan_kmeans_fallback,False
2760,326,3.79405453122,11.6449276074,-0.0013890697229999916,0.018281340659999933,-0.0035568603525999976,0.020968650001999975,-0.00486852878987999,0.018011489621861297,-0.07576448806844675,0.9971251934844625,1,1,instant_velocity,dbscan_kmeans_fallback,False
2760,327,4.42523939499,8.75666671129,-0.02470860387,-0.013842268382999911,-0.01697190644019999,-0.011259969350399999,-0.016829894916054994,-0.012597692648877648,-0.8724236570630599,-0.48874968688164694,0,0,instant_velocity,dbscan_kmeans_fallback,False
2760,376,7.59989510858,8.04522184834,-0.0005261627739999497,-0.0005966494990000016,-0.000526162774000003,-0.0005966494991999837,-0.0007734391958612878,-0.0006713265228033851,-0.6614064449783748,-0.750010915883907,-1,-1,instant_velocity,dbscan_kmeans_fallback,False
2760,386,14.8316867404,10.9747708898,0.0024834882900000464,0.01334108280000006,0.003885185924000005,0.01590906224800001,0.0033574043209524057,0.01703854802822211,0.18300937405328097,0.9831104186204792,-1,-1,instant_velocity,dbscan_kmeans_fallback,False
2770,121,4.24886963312,6.67579191758,-0.03493720819800004,-0.006992732131999979,-0.023033301597399997,-0.01085902088700001,-0.02450509802357044,-0.010360298857479164,-0.9805518355499331,-0.19625885069815302,0,0,instant_velocity,dbscan_kmeans_fallback,False
2770,123,4.80912775494,7.60919039426,-0.03857825459499997,-0.022553351073000005,-0.017401255264,-0.006763618724000011,-0.01955946479644735,-0.009070598475691022,-0.863297479168109,-0.5046949721420979,-1,-1,instant_velocity,dbscan_kmeans_fallback,False
2770,127,3.02354176488,12.4220039153,-0.021551627225999993,0.01107381470999993,-0.016445743666199997,0.010978350787999993,-0.015874783061334375,0.012238232031141133,-0.889453204893173,0.4570253503791094,1,1,instant_velocity,dbscan_kmeans_fallback,False
2770,128,2.42098015602,12.0370456583,-0.020309883078999967,0.011598866259999951,-0.018045278499399995,0.012672835364000008,-0.018189050638050375,0.014110301733968707,-0.868367639326385,0.4959201426163282,1,1,instant_velocity,dbscan_kmeans_fallback,False
2770,129,3.5705405848,10.297693038,-0.0061034881790000385,0.024629691330000016,-0.0147914879044,0.02556046454859999,-0.013788166324869722,0.0230582939129815,-0.24053451521584207,0.9706401798828396,1,1,instant_velocity,dbscan_kmeans_fallback,False
2770,130,3.91991266678,11.0888502741,-0.006566511419999976,0.023126134590000014,-0.0013048836795999997,0.02248175313320001,-0.003907074078323214,0.02070919889199028,-0.2731455996751545,0.9619722706206623,1,1,instant_velocity,dbscan_kmeans_fallback,False
2770,132,3.36744175401,11.1828822352,-0.0035147673310000015,0.011360206469999846,-0.002858116188599995,0.01839112416599999,-0.0049992019196408366,0.017323222823947836,-0.2955693588568191,0.955320402919422,1,1,instant_velocity,dbscan_kmeans_fallback,False
2770,133,4.38062079175,10.670718305,-0.0005893023069999615,0.018567732420000028,-0.0019615348215999973,0.015135804497999991,-0.0032452884857828977,0.015474370571938864,-0.031721989457052395,0.9994961924841902,1,1,instant_velocity,dbscan_kmeans_fallback,False
2770,134,3.69134755772,12.4253451525,-0.02662383636800003,0.02484448515000004,-0.026564906137,0.022085577866000003,-0.02566705291901829,0.023101679252832748,-0.7311157295870777,0.6822530620902431,-1,-1,instant_velocity,dbscan_kmeans_fallback,False
2770,137,3.49561500577,5.19466920056,-0.022961743460000017,-0.0037946908160000348,-0.0265985805544,-0.0015942474622000092,-0.026876170671021358,-0.002860861160824235,-0.9866174024701581,-0.16304981381667766,0,0,instant_velocity,dbscan_kmeans_fallback,False
2770,138,3.5225545398,5.84334653618,-0.025466278264999965,-0.001264896938999982,-0.031245650174999993,-0.0009975979627999897,-0.03058319487667202,-0.0016929257460349821,-0.9987683571035892,-0.04960831043013708,0,0,instant_velocity,dbscan_kmeans_fallback,False
2770,140,5.09325565294,6.20515479255,-0.032180115262,-0.009116804348999974,-0.031881254806,-0.0071884331673999925,-0.03281178927211003,-0.007905266634351506,-0.9621334564590566,-0.2725777210165017,0,0,instant_velocity,dbscan_kmeans_fallback,False
2770,141,5.03516728268,5.58845787009,-0.03436895240200002,-0.003221907296000026,-0.03812364995760001,-0.0084867424778,-0.03778567559659478,-0.007563166142351133,-0.9956344275750866,-0.09333545546667021,0,0,instant_velocity,dbscan_kmeans_fallback,False
2770,142,6.50463467809,8.76167856708,0.051437672793000024,0.018305206638000015,0.052586812291200005,0.015594031313200016,0.05134494212599955,0.015568099656213221,0.9421204965317482,0.3352739233812253,-1,-1,instant_velocity,dbscan_kmeans_fallback,False
2770,143,12.2827437977,11.1215466666,-0.015427092540000053,-0.03181335130999994,-0.017817976181999987,-0.024734701643999983,-0.014102637075353697,-0.022719086702182787,-0.4363291978566634,-0.8997867888737289,2,2,instant_velocity,dbscan_kmeans_fallback,False
2770,144,12.780493782,11.0201162518,-0.018415697090000016,-0.03878221745000001,-0.018415697090000016,-0.03878221745000001,-0.013817209132880991,-0.02726072946696001,-0.42894541729340424,-0.9033301517913805,2,2,instant_velocity,dbscan_kmeans_fallback,False
2770,145,12.7893333166,12.4740317516,-0.029338836280000002,-0.01806654683999991,-0.029338836280000002,-0.01806654683999991,-0.008801650884000003,-0.005419964051999974,-0.8515041543732222,-0.5243473034383875,-1,-1,instant_velocity,dbscan_kmeans_fallback,False
2770,232,12.1743542663,7.87195483375,0.0006734883500000066,0.00011932990000005362,0.000669279048,0.0001193298998000003,0.0006943536956062487,0.00012192616421507493,0.984649072496989,0.17446192700469146,3,3,instant_velocity,dbscan_kmeans_fallback,False
2770,233,12.7101984354,7.47005173103,0.00035779069000003717,0.0,0.00034937208200002345,0.0,0.0003811656711862,8.105668465309428e-06,0.9999720514792747,0.0,3,3,instant_velocity,dbscan_kmeans_fallback,False
2770,238,12.4342786767,8.40130226951,0.0003998837099999264,0.00016706185999986188,0.000404093010000004,0.00016706185979998623,0.00047469737986410805,0.00015831611282295614,0.9226917779117515,0.38547857982148126,3,3,instant_velocity,dbscan_kmeans_fallback,False
2770,248,11.5888403313,5.20994342774,0.0006103488200000839,0.0002625257790000113,0.0006061395160000061,0.00027684536759998936,0.0006364256257390969,0.0002773539156609415,0.9186139624003785,0.39511806720526355,4,4,instant_velocity,dbscan_kmeans_fallback,False
2770,249,12.1762484523,4.80684702603,0.00027360463999990257,0.0002386598000000184,0.0002525581319999759,0.0006252886751999931,0.0002934930494114859,0.0007838174613529077,0.7535709339830362,0.6573247017677863,4,4,instant_velocity,dbscan_kmeans_fallback,False
2770,253,9.37116947119,7.27840791186,0.036515696520000064,0.0006921134189999733,0.03759748718360001,0.0020858866493999885,0.036769318458593984,0.0011078985839454473,0.9998201502120014,0.018950451682313796,5,5,instant_velocity,dbscan_kmeans_fallback,False
2770,254,8.64632763364,7.80417545063,0.03571592910400003,0.007947371329999963,0.036991347667800004,0.01056785593139999,0.03603842316256205,0.00923055750031905,0.9761259958815774,0.21720380650179105,5,5,instant_velocity,dbscan_kmeans_fallback,False
2770,255,14.8834611574,4.87796764634,0.05964581206999995,0.03844809373400002,0.06441495145199998,0.020596340715200005,0.0640941561184667,0.021263195771267195,0.8405087899244081,0.541797648782764,-1,-1,instant_velocity,dbscan_kmeans_fallback,False
2770,256,0.919311598844,6.77221047667,0.0058298835366,-0.026180980028,0.00300544176544,-0.018973454077199997,0.00406967726785411,-0.020093873762985572,0.21735271311236012,-0.9760927478741762,-1,-1,instant_velocity,dbscan_kmeans_fallback,False
2770,257,3.03680106679,8.04975638453,0.028581161886999995,0.008544020828999965,0.028884231644999998,0.008572660005599992,0.02779194643881681,0.007975067876617585,0.9581053231695283,0.2864149424680873,6,6,instant_velocity,dbscan_kmeans_fallback,False
2770,258,3.18496850396,7.493917711,0.038893952257999985,0.01300695908399998,0.0313971850538,0.008715855885400003,0.03150331180459192,0.008766533768357345,0.948373124033544,0.31715600252819004,6,6,instant_velocity,dbscan_kmeans_fallback,False
2770,277,13.0488367968,8.71895846293,-0.040177789430000034,0.002887783576000125,-0.040177789430000034,0.002887783576000125,-0.034340853205146016,0.0009264773424000198,-0.9974267007707598,0.07169016726935912,-1,-1,instant_velocity,dbscan_kmeans_fallback,False
2770,324,5.70360447085,9.97597962802,0.011786046139000028,0.0047731959940000126,0.016075325073200003,-0.004405659903600032,0.01281669068333298,-0.0018662765810254726,0.9268734927290417,0.37537175658930716,-1,-1,instant_velocity,dbscan_kmeans_fallback,False
2770,325,4.73693822234,10.1669074678,0.0014732557670000368,-0.011885258030000045,0.0016079534376000027,-0.011427031210000002,0.0017807803346941574,-0.011538480846279706,0.12301498802869483,-0.9924039715490679,-1,-1,instant_velocity,dbscan_kmeans_fallback,False
2770,326,3.79405453122,11.7962379204,0.0,0.015131031299999976,-0.0023782557388000035,0.019221660267999995,-0.003407970152915993,0.0171473521253029,0.0,0.9999993391069523,1,1,instant_velocity,dbscan_kmeans_fallback,False
2770,327,4.0318801051,8.7464043399,-0.03933592898900003,-0.0010262371390000525,-0.023483696932000003,-0.009622763124400002,-0.023581705137938502,-0.00912625599591437,-0.9996596002347972,-0.02608017236368755,-1,-1,instant_velocity,dbscan_kmeans_fallback,False
2770,376,7.59463348084,8.03925535335,-0.0005261627740000385,-0.0005966494990000016,-0.000526162774000003,-0.0005966494991999837,-0.000699256269302913,-0.00064892341566237,-0.6614064449784376,-0.7500109158838516,-1,-1,instant_velocity,dbscan_kmeans_fallback,False
2770,386,14.8563111582,11.1081817179,0.002462441780000013,0.01334108281000006,0.00335902314800002,0.014959196246000027,0.003088915558666688,0.015929308462755497,0.1815097547483359,0.9833883946366188,-1,-1,instant_velocity,dbscan_kmeans_fallback,False
2780,121,3.90370685333,6.63760634963,-0.03451627797899999,-0.003818556794999939,-0.029582975809,-0.011002216766799987,-0.027508452010199306,-0.008397776238735397,-0.9939357549113977,-0.1099597161959197,0,0,instant_velocity,dbscan_kmeans_fallback,False
2780,123,4.41576846505,7.43234348268,-0.03933592898900003,-0.01768469115799993,-0.023601557393399995,-0.010300556955599997,-0.025492404054213155,-0.011654826280383696,-0.912064206307304,-0.41004685078930025,-1,-1,instant_velocity,dbscan_kmeans_fallback,False
2780,127,2.80781502751,12.5325034026,-0.021572673737000024,0.011049948730000026,-0.018310464537600008,0.01057262912799999,-0.01758415026403407,0.0118817470407988,-0.8900341172356496,0.4558930192568902,1,1,instant_velocity,dbscan_kmeans_fallback,False
2780,128,2.21640806947,12.123201846,-0.020457208655000024,0.008615618770000033,-0.019152324975799998,0.011627505442000014,-0.018869498043135268,0.012461896844778105,-0.921601810306458,0.38813554621498386,1,1,instant_velocity,dbscan_kmeans_fallback,False
2780,129,3.5092952379,10.5442286111,-0.006124534689999983,0.024653557309999918,-0.009529860163799997,0.026548516119399998,-0.011489076834408802,0.023536872932087026,-0.24109570082441548,0.9705009406142066,1,1,instant_velocity,dbscan_kmeans_fallback,False
2780,130,3.85403708746,11.3198729602,-0.00658755793200001,0.02310226860999993,-0.001822627849399998,0.023942351108000005,-0.004711219234426254,0.021427119807393175,-0.27421719906287567,0.9616673516386111,1,1,instant_velocity,dbscan_kmeans_fallback,False
2780,132,3.3322940807,11.2964842998,-0.0035147673310000015,0.011360206460000022,-0.002651860381399995,0.015307639551999977,-0.004553871543048586,0.015534317914763493,-0.2955693590942646,0.9553204028459572,1,1,instant_velocity,dbscan_kmeans_fallback,False
2780,133,4.3490510253,10.8864667639,-0.0031569766450000535,0.021574845890000027,-0.0017510697121999996,0.017541495277999992,-0.0032187949335480445,0.017304513167357212,-0.14478484099303812,0.9894626989338728,1,1,instant_velocity,dbscan_kmeans_fallback,False
2780,134,3.42489872894,12.667823509,-0.026644882877999976,0.02424783564999995,-0.026632254972,0.024720382054000005,-0.025960401906712796,0.02344552617198291,-0.739591403496282,0.6730557188876926,-1,-1,instant_velocity,dbscan_kmeans_fallback,False
2780,137,3.26599757117,5.15672229241,-0.022961743460000017,-0.0037946908150000348,-0.025344208501000002,-0.002353185625200016,-0.025701842507714956,-0.003141010057076975,-0.9866174024770702,-0.1630498137748521,0,0,instant_velocity,dbscan_kmeans_fallback,False
2780,138,3.26768129205,5.8309362266,-0.025487324775000042,-0.001241030957999989,-0.02918730140280001,-0.0010882886865999986,-0.02905443384617043,-0.0015573573096244841,-0.998816252871024,-0.048634444850890954,0,0,instant_velocity,dbscan_kmeans_fallback,False
2780,140,4.71315566495,6.18964190557,-0.03800999879899995,-0.0015512886979999862,-0.03323665011219999,-0.006882948623799994,-0.034371252130177006,-0.0059990732534460495,-0.9991679402161455,-0.04077868934586794,0,0,instant_velocity,dbscan_kmeans_fallback,False
2780,141,4.72809868774,5.59490168468,-0.030706859493999962,0.0006443814589999874,-0.036902952321600006,-0.005933082621000008,-0.03566203076581633,-0.0051009018619457966,-0.9997795634237087,0.02098030942836152,0,0,instant_velocity,dbscan_kmeans_fallback,False
2780,142,6.99985908104,8.93017238568,0.04952244029499999,0.016849381860000002,0.05176599836360001,0.01695916536760002,0.05079819157669968,0.015952484317349254,0.946704072414629,0.3221040467616395,-1,-1,instant_velocity,dbscan_kmeans_fallback,False
2780,143,12.1215275238,10.8120049064,-0.016121627390000094,-0.030954176020000012,-0.017131859921999996,-0.027006742935999986,-0.014708334169747615,-0.025189613497527956,-0.4619266394024736,-0.8869178128543236,2,2,instant_velocity,dbscan_kmeans_fallback,False
2780,144,12.5963368111,10.6322940772,-0.018415697090000016,-0.03878221746000001,-0.018150511053999986,-0.03545052665,-0.015196755520016699,-0.030717175864872014,-0.42894541720315105,-0.9033301518342371,2,2,instant_velocity,dbscan_kmeans_fallback,False
2780,145,12.4959449538,12.2931276234,-0.029338836280000002,-0.01809041281999999,-0.029338836280000002,-0.01809041281999999,-0.014962806502800005,-0.00922109868239998,-0.851194854904168,-0.5248492533418367,-1,-1,instant_velocity,dbscan_kmeans_fallback,False
2780,232,12.1810891498,7.87314813275,0.0006734883500000066,0.0001193298999999648,0.0006734883500000066,0.00011932990000000032,0.0006880940919243761,0.00012114728495054188,0.9846490724970113,0.17446192700456556,3,3,instant_velocity,dbscan_kmeans_fallback,False
2780,233,12.7135658771,7.47005173103,0.0003367441700000029,0.0,0.0003451627780000166,0.0,0.00036783922083034084,5.6739679257166e-06,0.9999703047478224,0.0,3,3,instant_velocity,dbscan_kmeans_fallback,False
2780,238,12.4382775138,8.40297288811,0.0003998837099999264,0.00016706186000003953,0.00040409301199996863,0.00016706185979998623,0.0004522532789048536,0.00016093983697608116,0.9226917779116057,0.38547857982183026,3,3,instant_velocity,dbscan_kmeans_fallback,False
2780,248,11.5949438195,5.21280734534,0.0006103488199999063,0.0002863917600000043,0.0006061395159999705,0.0002816185636000057,0.0006286025840173397,0.0002800652689626603,0.9052797058640694,0.42478110837461247,4,4,instant_velocity,dbscan_kmeans_fallback,False
2780,249,12.1789844987,4.80899496423,0.0002736046400000802,0.00021479382000002544,0.00026939534000000267,0.00022911340780000346,0.0002875265265880642,0.000613110368947043,0.7865488028836791,0.6174815675194066,4,4,instant_velocity,dbscan_kmeans_fallback,False
2780,253,9.73085434354,7.36766667695,0.03596848723499999,0.00892587650900003,0.036852440695600015,0.002916422752399992,0.036529069091515785,0.0034532919614618227,0.9705613773645175,0.24085280379350552,5,5,instant_velocity,dbscan_kmeans_fallback,False
2780,254,9.00348692467,7.88364916393,0.03571592910299994,0.007947371330000053,0.03643571977839999,0.009431835284600005,0.035941674944693414,0.008845601649223352,0.9761259958802875,0.21720380650758847,5,5,instant_velocity,dbscan_kmeans_fallback,False
2780,256,0.978241829539,6.52400428497,0.0058930230694999915,-0.024820619169999957,0.004289278934159999,-0.022309918077199987,0.0046166810083478746,-0.02151189738508989,0.2310028029582306,-0.9729526818083993,-1,-1,instant_velocity,dbscan_kmeans_fallback,False
2780,257,3.41900570587,8.13257133504,0.038220463908000026,0.008281495051000043,0.0306816036812,0.008505835261799995,0.030920501679571777,0.008066996028932322,0.9773208022277139,0.2117629290521012,6,6,instant_velocity,dbscan_kmeans_fallback,False
2780,258,3.57411849166,7.62398730185,0.03891499877000002,0.013006959084999981,0.033274533831800006,0.00948434044059999,0.033726817894214355,0.010038661363350136,0.9484247071160711,0.3170017152916338,6,6,instant_velocity,dbscan_kmeans_fallback,False
2780,259,0.338427896278,6.77531305407,0.0,0.0,0.0,0.0,0.0,0.0,0.0,0.0,-1,-1,instant_velocity,dbscan_kmeans_fallback,False
2780,277,12.6470589025,8.7480749585,-0.040177789430000034,0.00291164955699994,-0.04521211485000002,0.0012171649785999961,-0.03609193407260222,0.001522029006779996,-0.9973841626736805,0.07227956531722944,-1,-1,instant_velocity,dbscan_kmeans_fallback,False
2780,324,5.80883702566,9.87359457395,0.010523255480999971,-0.010238505406999998,0.0143116274544,-0.003837649579000022,0.012128660122633078,-0.00437794522881783,0.7167369408458226,-0.6973426671523963,-1,-1,instant_velocity,dbscan_kmeans_fallback,False
2780,325,4.75251264045,9.92824766808,0.0015574418109999932,-0.023865979972000063,0.0014858836738000035,-0.01347473229240002,0.0017137787775859082,-0.015236730583995814,0.06511928149797944,-0.9978770680517054,-1,-1,instant_velocity,dbscan_kmeans_fallback,False
2780,326,3.80373592626,11.9265461711,0.0009681395039999874,0.013030825070000062,-0.0010060232240000034,0.017054629287999994,-0.002095137255841199,0.01591239400871205,0.07409183604796371,0.9972506551660684,1,1,instant_velocity,dbscan_kmeans_fallback,False
2780,327,3.6383103501,8.73590330871,-0.039356975500000016,-0.0010501031189999565,-0.028294929338,-0.008529701241800004,-0.028314286246556956,-0.006703410132840045,-0.9996439848298012,-0.026672000402046113,0,0,instant_velocity,dbscan_kmeans_fallback,False
2780,376,7.5893718531,8.03328885835,-0.0005261627739999497,-0.0005966495000000905,-0.000526162774000003,-0.0005966494994000016,-0.000647328220712024,-0.0006332412409636862,-0.6614064443547428,-0.7500109164338804,-1,-1,instant_velocity,dbscan_kmeans_fallback,False
2780,386,14.8868285991,11.15328842,0.003051744089999886,0.0045106702100000005,0.0029549301379999805,0.012238474530000012,0.003077764118066647,0.012503716986928847,0.5603597800005992,0.8282470914954573,-1,-1,instant_velocity,dbscan_kmeans_fallback,False
2790,121,3.5509673296,6.62805995764,-0.035273952372999996,-0.0009546391990000735,-0.035585440735599994,-0.010238505407799999,-0.029838102119039513,-0.0061648351268148,-0.999633699261069,-0.02705365998868095,0,0,instant_velocity,dbscan_kmeans_fallback,False
2790,123,4.01904173341,7.27625997366,-0.03967267316400003,-0.015608350902000013,-0.0298734176602,-0.013422227136,-0.029746484787149217,-0.01284088366686859,-0.9305702860584146,-0.36611265149015243,-1,-1,instant_velocity,dbscan_kmeans_fallback,False
2790,127,2.59229875526,12.6432415496,-0.02155162722499999,0.011073814700000106,-0.019560627288600002,0.010763556966000003,-0.018774393352323844,0.011639367338559192,-0.8894532050523166,0.457025350069387,1,1,instant_velocity,dbscan_kmeans_fallback,False
2790,128,2.0116255178,12.2093580337,-0.02047825516699997,0.008615618769999856,-0.020259371452599994,0.01057740232199997,-0.01935212518029468,0.01130801342234463,-0.9217444618339434,0.38779665658806906,1,1,instant_velocity,dbscan_kmeans_fallback,False
2790,129,3.42300454295,10.7530559359,-0.00862906949500002,0.020882732480000145,-0.008666953214400008,0.02503063979420002,-0.010631074632586168,0.02274063079646096,-0.38189582274205985,0.924204899053484,1,1,instant_velocity,dbscan_kmeans_fallback,False
2790,130,3.78837197326,11.5511343061,-0.006566511420000021,0.023126134590000014,-0.0035189766329999993,0.02365118615,-0.005267806890098384,0.021936824242175225,-0.2731455996751562,0.9619722706206619,1,1,instant_velocity,dbscan_kmeans_fallback,False
2790,132,3.2973568725,11.4103250243,-0.0034937208200000124,0.011384072450000105,-0.003039116182999999,0.013517691056000026,-0.004235826326134015,0.014289244275334477,-0.2933896788562545,0.9559920589710581,1,1,instant_velocity,dbscan_kmeans_fallback,False
2790,133,4.29159405037,11.1322863576,-0.005745697493000001,0.024581959370000028,-0.002129906909399999,0.02036722730600001,-0.003976865701383631,0.01948774702815006,-0.22760168641104356,0.9737539114643672,1,1,instant_velocity,dbscan_kmeans_fallback,False
2790,134,3.1573975746,12.8568420704,-0.02675011543400001,0.018901856140000107,-0.026657510785199998,0.02353185625200002,-0.026197315964898958,0.022082425162388068,-0.8166881603996333,0.57707871045276,1,1,instant_velocity,dbscan_kmeans_fallback,False
2790,137,3.03638013657,5.11877538425,-0.022961743459999972,-0.003794690815999946,-0.02408983644759999,-0.003112123788400005,-0.02487981279340046,-0.0033371142847538667,-0.9866174024701586,-0.16304981381667424,0,0,instant_velocity,dbscan_kmeans_fallback,False
2790,138,3.05069176402,5.82329911301,-0.02169895280299996,-0.0007637113590000411,-0.02637127823619999,-0.0010835154906,-0.02684778953321929,-0.0013192635244371512,-0.9993807434320217,-0.03517397510627426,0,0,instant_velocity,dbscan_kmeans_fallback,False
2790,140,4.33284521186,6.17436767839,-0.038031045309000075,-0.0015274227179999933,-0.03452048728080001,-0.006090598088599996,-0.035469190083823925,-0.004657578092812233,-0.9991941977561456,-0.040130159582685475,0,0,instant_velocity,dbscan_kmeans_fallback,False
2790,141,4.42081962768,5.60134549927,-0.030727906005999995,0.0006443814589999874,-0.035088743076799996,-0.003999938243200009,-0.03418179333787143,-0.003377316865662061,-0.9997798649658476,0.020965945676210664,0,0,instant_velocity,dbscan_kmeans_fallback,False
2790,142,7.49508348398,9.09866620428,0.04952244029399999,0.016849381860000002,0.05099569606220001,0.017971082918600025,0.050415466191889774,0.01622155358014448,0.9467040724126455,0.32210404676746884,-1,-1,instant_velocity,dbscan_kmeans_fallback,False
2790,143,11.897382182,10.5809822203,-0.02241453417999999,-0.023102268610000108,-0.017708534324000026,-0.027703629550000032,-0.017020194172823327,-0.0245634100312696,-0.6963430797731024,-0.7177086413862271,2,2,instant_velocity,dbscan_kmeans_fallback,False
2790,144,12.3871344921,10.2809868521,-0.020920231900000096,-0.035130722509999934,-0.01876927847600001,-0.036233330792000015,-0.01691379843401172,-0.03204123985841039,-0.5116478348878384,-0.859194974329459,2,2,instant_velocity,dbscan_kmeans_fallback,False
2790,145,12.202556591,12.1124621551,-0.029338836280000002,-0.018066546830000085,-0.029338836280000002,-0.018066546830000085,-0.019275615435960007,-0.011874733126680012,-0.8515041545028035,-0.5243473032279563,2,2,instant_velocity,dbscan_kmeans_fallback,False
2790,232,12.1878240333,7.87434143175,0.0006734883500000066,0.0001193298999999648,0.0006734883500000066,0.00011932989999998256,0.0006837123693470653,0.00012060206946536875,0.9846490724970113,0.17446192700456556,3,3,instant_velocity,dbscan_kmeans_fallback,False
2790,233,12.717143784,7.47005173103,0.0003577906899998595,0.0,0.00034937208199998794,0.0,0.00036482466158119643,3.97177754800162e-06,0.9999720514792747,0.0,3,3,instant_velocity,dbscan_kmeans_fallback,False
2790,238,12.442486816,8.40464350671,0.0004209302200001375,0.00016706186000003953,0.00040409301200000413,0.00016706185980002174,0.0004428563612334387,0.00016277644388326868,0.9294504592138486,0.3688870865439543,3,3,instant_velocity,dbscan_kmeans_fallback,False
2790,248,11.6008368426,5.21567126294,0.0005893023100000505,0.0002863917600000043,0.0006019302139999993,0.00028161856380000573,0.0006168125018121529,0.00028196321627386355,0.899398915147616,0.4370938886209325,4,4,instant_velocity,dbscan_kmeans_fallback,False
2790,249,12.1817205451,4.81138156222,0.00027360463999990257,0.00023865979900001834,0.0002693953399999671,0.00022911340760000342,0.0002833499606116157,0.0005007751979629356,0.7535709353473579,0.6573247002036233,4,4,instant_velocity,dbscan_kmeans_fallback,False
2790,253,10.0899078206,7.46575585464,0.03590534770599998,0.009808917769000036,0.036284184900199995,0.004167000103000014,0.036341952675861044,0.005359979703723287,0.9646506015686334,0.2635311737984356,5,5,instant_velocity,dbscan_kmeans_fallback,False
2790,254,9.3606462157,7.96336153704,0.03571592910299994,0.007971237310999957,0.03588430119099998,0.008295814638000004,0.03587395119218537,0.008583292347756333,0.9759875258355218,0.21782516586855874,5,5,instant_velocity,dbscan_kmeans_fallback,False
2790,256,1.03233136271,6.27794603146,0.005408953317099996,-0.024605825351000022,0.0054720928501999985,-0.025598650117399993,0.004854362700973511,-0.022440075774862928,0.21469782387620412,-0.9766801168049307,-1,-1,instant_velocity,dbscan_kmeans_fallback,False
2790,257,3.82541383255,8.21490896594,0.04064081266799997,0.008233763089999967,0.0329672547716,0.008424690929999984,0.03383659497610023,0.008117026147252616,0.9800876419815586,0.19856417531401677,6,6,instant_velocity,dbscan_kmeans_fallback,False
2790,258,3.96305801425,7.75429555249,0.038893952258999984,0.013030825064000062,0.0352108128404,0.010706278615200002,0.035276958203650045,0.010936310473545114,0.948197975447355,0.3176792592795555,6,6,instant_velocity,dbscan_kmeans_fallback,False
2790,259,0.543420913053,6.86337852016,0.020499301677499998,0.008806546609000066,0.020499301677499998,0.008806546609000066,0.00614979050325,0.00264196398270002,0.918801339080463,0.3947191443065084,-1,-1,instant_velocity,dbscan_kmeans_fallback,False
2790,277,12.2452810082,8.77695279426,-0.040177789430000034,0.002887783575999947,-0.04347788234800003,0.0017947216937999856,-0.03731769067982157,0.0019317553775459813,-0.9974267007707601,0.07169016726935473,-1,-1,instant_velocity,dbscan_kmeans_fallback,False
2790,324,5.91406958048,9.77144817967,0.010523255481999972,-0.010214639428000005,0.012206976358399988,-0.0030978042002000094,0.011647038730443147,-0.006128953488572483,0.7175498221636502,-0.6965062016753603,-1,-1,instant_velocity,dbscan_kmeans_fallback,False
2790,325,4.76829752368,9.68958786837,0.0015784883230000268,-0.023865979970999974,0.0015069301850000017,-0.016138175656599998,0.0016731916412101439,-0.01782550540009706,0.0659954645636745,-0.9978195039542699,-1,-1,instant_velocity,dbscan_kmeans_fallback,False
2790,326,3.8132068562,12.0566157619,0.0009470929939999984,0.01300695907999998,-0.0001767906920000062,0.015551072547999993,-0.0011824681808888396,0.015040763530098429,0.07262200910836616,0.9973587670525057,1,1,instant_velocity,dbscan_kmeans_fallback,False
2790,327,3.39059291607,8.67051052359,-0.02477174340299997,-0.006539278512000024,-0.02984395254479999,-0.007904412566599994,-0.027251523393489862,-0.006654170646588039,-0.966877919547485,-0.2552377481133787,-1,-1,instant_velocity,dbscan_kmeans_fallback,False
2790,376,7.58411022536,8.02732236336,-0.0005261627740000385,-0.0005966494990000016,-0.000526162774000003,-0.0005966494994000016,-0.0006109785866984284,-0.0006222637183745808,-0.6614064449784376,-0.7500109158838516,-1,-1,instant_velocity,dbscan_kmeans_fallback,False
2790,386,14.9179774354,11.1886100704,0.0031148836299999872,0.003532165039999846,0.002719209217999996,0.00960844353799999,0.003088899971646649,0.009812251402850147,0.6614133550878558,0.7500187510473186,-1,-1,instant_velocity,dbscan_kmeans_fallback,False
2800,121,3.18054873666,6.68533830957,-0.037041859294000015,0.005727835192999997,-0.03567383608159999,-0.005150278477800007,-0.031999229271527665,-0.00259703403087036,-0.9882545129471781,0.1528151957484706,0,0,instant_velocity,dbscan_kmeans_fallback,False
2800,123,3.62147314133,7.13664399083,-0.039756859207999984,-0.013961598283000054,-0.0361621151358,-0.01621454679260001,-0.03274959711340445,-0.013177098051708028,-0.943512065711073,-0.3313374521790911,-1,-1,instant_velocity,dbscan_kmeans_fallback,False
2800,127,2.39383015688,12.7671059857,-0.019846859837999987,0.012386443609999987,-0.020465627260000004,0.01121701058800003,-0.019096133298026688,0.01186349021999143,-0.8483405599570804,0.5294501293280205,1,1,instant_velocity,dbscan_kmeans_fallback,False
2800,128,1.80705343124,12.2955142214,-0.020457208656000026,0.008615618770000033,-0.020398278425000003,0.00987574251199998,-0.019683650223006284,0.010500295026641251,-0.9216018103132447,0.388135546198869,1,1,instant_velocity,dbscan_kmeans_fallback,False
2800,129,3.29883012827,10.9060368675,-0.012417441467999968,0.015298093159999837,-0.008561720659600001,0.022400608800999998,-0.011166984683210309,0.020507869505522625,-0.6302174550409968,0.7764180216287372,1,1,instant_velocity,dbscan_kmeans_fallback,False
2800,130,3.64609755915,11.6802492578,-0.014227441411000009,0.012911495170000009,-0.006747511414600007,0.021312320113999982,-0.007955697246368871,0.01922922552052266,-0.7405234109835042,0.6720297886303797,1,1,instant_velocity,dbscan_kmeans_fallback,False
2800,132,3.179285946,11.5482703885,-0.011807092650000017,0.013794536420000014,-0.0050890463508000035,0.01220983535200002,-0.0065072062232938155,0.014140831918734139,-0.6502576203379776,0.7597130548590013,1,1,instant_velocity,dbscan_kmeans_fallback,False
2800,133,4.23413707545,11.3783446111,-0.005745697492000002,0.024605825349999933,-0.003161185946600007,0.02157484589399999,-0.004507515238568543,0.02102317052470502,-0.22739234834197541,0.9738028180250378,1,1,instant_velocity,dbscan_kmeans_fallback,False
2800,134,2.88989642027,13.0458606317,-0.02675011543300001,0.01890185612999993,-0.026678557296000004,0.022343330447999996,-0.026363155805329275,0.021128254452671625,-0.8166881605333559,0.5770787102635145,1,1,instant_velocity,dbscan_kmeans_fallback,False
2800,137,2.86716618843,5.09204548669,-0.016921394813999992,-0.0026729897560000106,-0.021753673730799995,-0.0035703506035999946,-0.02249228739958032,-0.00313787692612771,-0.9877516800649914,-0.15603028895118615,0,0,instant_velocity,dbscan_kmeans_fallback,False
2800,138,2.89010688538,5.82329911301,-0.016058487864000038,0.0,-0.022839673696600008,-0.0009021340428000002,-0.023610999032453513,-0.0009234844671060058,-0.9999993772767487,0.0,0,0,instant_velocity,dbscan_kmeans_fallback,False
2800,140,3.95274522388,6.15885479141,-0.038009998797999954,-0.0015512886980000751,-0.035686463988,-0.004577494958400017,-0.03623143269807673,-0.0037256912743685853,-0.9991679402161016,-0.04077868934694132,0,0,instant_velocity,dbscan_kmeans_fallback,False
2800,141,4.11375103274,5.60778931387,-0.03070685949400005,0.0006443814599999875,-0.0332661152274,-0.0020667938654000116,-0.033139313184710015,-0.0021708073679634465,-0.9997795634230258,0.02098030946090597,0,0,instant_velocity,dbscan_kmeans_fallback,False
2800,142,7.99030788693,9.26692136307,0.04952244029499999,0.016825515879000007,0.0504526960794,0.017551041670800027,0.05014755842282284,0.016402742269801138,0.9468431285014461,0.3216950537700301,-1,-1,instant_velocity,dbscan_kmeans_fallback,False
2800,143,11.6734473054,10.350198194,-0.022393487659999954,-0.02307840262999985,-0.018360976164,-0.028157083169999986,-0.018632182218976317,-0.024117907810888673,-0.6963768614483173,-0.7176758633907194,2,2,instant_velocity,dbscan_kmeans_fallback,False
2800,144,12.1608844993,9.95378426665,-0.022624999279999967,-0.032720258544999936,-0.01973320867800002,-0.03653881533699998,-0.018627158687808194,-0.032244945464387255,-0.5687426462632259,-0.8225152275585054,2,2,instant_velocity,dbscan_kmeans_fallback,False
2800,145,11.9754647377,11.8523229734,-0.022709185330000103,-0.026013918169999962,-0.022709185330000103,-0.026013918169999962,-0.020305686404172036,-0.016116488639675998,-0.6576348097795548,-0.753336497049441,2,2,instant_velocity,dbscan_kmeans_fallback,False
2800,232,12.1943484517,7.87553473074,0.0006524418399999731,0.00011932989900005353,0.000669279048,0.0001193298998000003,0.0006743312105429376,0.00012022041832577418,0.9836677042927203,0.1799102396665267,3,3,instant_velocity,dbscan_kmeans_fallback,False
2800,233,12.7205112258,7.47005173103,0.0003367441800000037,0.0,0.00034516277999998126,0.0,0.00035640051710683857,2.7802442836011337e-06,0.9999703047487043,0.0,3,3,instant_velocity,dbscan_kmeans_fallback,False
2800,238,12.446485653,8.40631412531,0.00039988369999992556,0.00016706186000003953,0.000404093010000004,0.00016706185980002174,0.00042996456286338477,0.00016406206871829993,0.9226917744823416,0.38547858802893364,3,3,instant_velocity,dbscan_kmeans_fallback,False
2800,248,11.6069403307,5.21853518053,0.0006103488100000831,0.0002863917590000042,0.0006061395140000059,0.0002816185636000057,0.0006148733942685319,0.0002832917790917057,0.9052797037579284,0.42478111286266057,4,4,instant_velocity,dbscan_kmeans_fallback,False
2800,249,12.1844565916,4.81376816022,0.00027360465000008104,0.0002386598000000184,0.0002736046440000095,0.00023388660380000204,0.0002804263674281553,0.00042214057857406045,0.753570945884708,0.6573246881243278,4,4,instant_velocity,dbscan_kmeans_fallback,False
2800,253,10.4489612976,7.56408369212,0.03590534769999998,0.009832783747999941,0.03616211513620002,0.00599513416879999,0.03621097118310272,0.006701820917006283,0.9644874428962407,0.2641276874102011,5,5,instant_velocity,dbscan_kmeans_fallback,False
2800,254,9.71780550674,8.04283525034,0.03571592910400003,0.007947371329999963,0.0357159291034,0.007956917722399997,0.03582654456572977,0.008392516042429422,0.9761259958815774,0.21720380650179105,5,5,instant_velocity,dbscan_kmeans_fallback,False
2800,256,1.04180229265,6.05002592274,0.0009470929939999984,-0.022792010872000022,0.0047649300819999985,-0.025321804749600007,0.003682181788881457,-0.022545656304004055,0.041517879373308406,-0.9991373223681901,-1,-1,instant_velocity,dbscan_kmeans_fallback,False
2800,257,4.23182195924,8.29724659684,0.04064081266900006,0.008233763090000146,0.035328673301800013,0.008362639382000018,0.035877860283970185,0.008152047230076875,0.9800876419825088,0.1985641753093273,6,6,instant_velocity,dbscan_kmeans_fallback,False
2800,258,4.42481846477,7.73448678911,0.046176045052000035,-0.001980876338000037,0.03860771970980001,0.008921103313199997,0.038546684258155044,0.0070611544300815685,0.9990809174636559,-0.04285892711085279,6,6,instant_velocity,dbscan_kmeans_fallback,False
2800,259,0.748203464719,6.95120532645,0.020478255166600002,0.008782680628999983,0.020478255166600002,0.008782680628999983,0.010448329902255003,0.0044841789765900095,0.9190424508814414,0.39415742527468656,-1,-1,instant_velocity,dbscan_kmeans_fallback,False
2800,277,11.8026728827,8.81728630041,-0.04426081254999996,0.004033350615000053,-0.04255604516600002,0.002601391816799996,-0.039400627240875084,0.0025622339487822027,-0.9958734017190355,0.09075085534745048,-1,-1,instant_velocity,dbscan_kmeans_fallback,False
2800,324,5.99657190345,9.66930178539,0.008250232296999994,-0.010214639428000005,0.010573767107599998,-0.004224278455000032,0.0106279968004102,-0.0073546592704007395,0.6283341675130469,-0.7779425754802276,7,7,instant_velocity,dbscan_kmeans_fallback,False
2800,325,4.8366986843,9.48982961601,0.006840116061999968,-0.01997582523599988,0.0025845115461999944,-0.018028361269799974,0.0032232689674470912,-0.018470601350867907,0.3239538239131481,-0.9460723929779066,7,7,instant_velocity,dbscan_kmeans_fallback,False
2800,326,3.82288825124,12.1869240126,0.0009681395040000318,0.013030825070000062,0.0002988604558000052,0.014496196236000004,-0.0005372858754221781,0.01443778199206892,0.0740918360479671,0.997250655166068,1,1,instant_velocity,dbscan_kmeans_fallback,False
2800,327,3.15908129548,8.59891258368,-0.02315116205900001,-0.00715979399099993,-0.030264882764200002,-0.005923536228799975,-0.026021414993142904,-0.006805857649911606,-0.9553558941826258,-0.2954560714059717,-1,-1,instant_velocity,dbscan_kmeans_fallback,False
2800,376,7.57884859762,8.02135586837,-0.0005261627739999497,-0.0005966494990000016,-0.0005261627739999852,-0.0005966494992000193,-0.0005855338428888848,-0.000614579452562207,-0.6614064449783748,-0.750010915883907,-1,-1,instant_velocity,dbscan_kmeans_fallback,False
2800,386,14.9493367367,11.2241703805,0.0031359301300000197,0.0035560310100001048,0.0028496975839999907,0.007656206374000014,0.0031030090191526602,0.007935385284995135,0.6614133642532051,0.7500187619654897,-1,-1,instant_velocity,dbscan_kmeans_fallback,False
2810,121,2.81013014372,6.7426166615,-0.037041859294000015,0.005727835192999997,-0.03576223142760001,-6.205154799999946e-05,-0.03351201827826937,-9.95732637092525e-05,-0.9882545129471781,0.1528151957484706,0,0,instant_velocity,dbscan_kmeans_fallback,False
2810,123,3.21443361931,7.14475842402,-0.04070395220200003,0.0008114433190000269,-0.039609533631600004,-0.013799309619399996,-0.035135903639983125,-0.008980535640495611,-0.9998011066026935,0.019931281470051604,0,0,instant_velocity,dbscan_kmeans_fallback,False
2810,127,2.23492899911,12.9219961957,-0.015890115776999992,0.015489020999999959,-0.0200825807606,0.01221460855,-0.01813432804171868,0.01295114945399399,-0.7160863507285742,0.6980110579371914,1,1,instant_velocity,dbscan_kmeans_fallback,False
2810,128,1.62289646032,12.3685441201,-0.018415697091999993,0.007302989869999976,-0.020023650529799996,0.00894974248799997,-0.019303264283704397,0.009541103479648868,-0.9295737422627252,0.3686348439186552,1,1,instant_velocity,dbscan_kmeans_fallback,False
2810,129,3.1748661787,11.0590177991,-0.012396394957000022,0.015298093160000015,-0.009134185757800006,0.020152433487999985,-0.011535807765347223,0.01894493660186584,-0.6295728869895932,0.7769407726670048,1,1,instant_velocity,dbscan_kmeans_fallback,False
2810,130,3.50403361016,11.8091255496,-0.014206394898999974,0.012887629179999926,-0.009630883416399998,0.019030732427999977,-0.009830906542158202,0.017326746618365838,-0.7406470558516475,0.6718935153454476,1,1,instant_velocity,dbscan_kmeans_fallback,False
2810,132,3.00586269567,11.7026832789,-0.017342325032999994,0.015441289039999972,-0.007934534633000005,0.012668062167999991,-0.00975774186620567,0.014530969055113889,-0.7468551208548583,0.6649861405653186,1,1,instant_velocity,dbscan_kmeans_fallback,False
2810,133,4.14363707831,11.6141404933,-0.009049999713999935,0.02357958822000015,-0.004857534730199991,0.02258199025000003,-0.005870260581197961,0.021790095833293558,-0.3583210078800575,0.9335980202647822,1,1,instant_velocity,dbscan_kmeans_fallback,False
2810,134,2.62239526593,13.2346405333,-0.02675011543400001,0.018877990160000024,-0.026703813109400006,0.02115480464600001,-0.026479243693930496,0.020453175164870146,-0.8170315608849679,0.5765924190066012,1,1,instant_velocity,dbscan_kmeans_fallback,False
2810,137,2.72362898366,5.07032744491,-0.014353720477000032,-0.002171804177999981,-0.020032069134200005,-0.003245773276200001,-0.020050717322806232,-0.0028480551016893912,-0.9887454307923811,-0.1496031263123837,0,0,instant_velocity,dbscan_kmeans_fallback,False
2810,138,2.72931154162,5.82329911301,-0.01607953437599998,0.0,-0.020958115616599996,-0.0006539278512000024,-0.02135155963551745,-0.000646439126974204,-0.9999993780918309,0.0,0,0,instant_velocity,dbscan_kmeans_fallback,False
2810,140,3.69534639481,6.22520221573,-0.025739882907,0.006634742432000085,-0.034394208215,-0.0014224124061999889,-0.03308396776075371,-0.0006175611624579837,-0.9683479912469343,0.2496025148863775,0,0,instant_velocity,dbscan_kmeans_fallback,False
2810,141,3.94327429394,5.63929240743,-0.017047673879999968,0.003150309356000047,-0.0287116502552,0.0003723092875999967,-0.028311821393297,-0.000574472350774398,-0.9833502255549752,0.181717308625017,0,0,instant_velocity,dbscan_kmeans_fallback,False
2810,142,8.28327531953,9.40057085091,0.029296743260000025,0.013364948783999964,0.045860347387400004,0.016438887004199997,0.04389231387397599,0.015491404224060784,0.9098009181303569,0.41504417629416585,2,2,instant_velocity,dbscan_kmeans_fallback,False
2810,143,11.4493019636,10.1191755079,-0.02241453417999999,-0.023102268610000108,-0.019754255190000018,-0.026410093436000003,-0.019766887807283418,-0.023813216050622102,-0.6963430797731024,-0.7177086413862271,3,3,instant_velocity,dbscan_kmeans_fallback,False
2810,144,11.9348449715,9.62682034104,-0.022603952779999936,-0.03269639256100003,-0.020596115628000008,-0.03562236170519999,-0.019820196915465715,-0.03238037959337109,-0.5686653055340558,-0.8225687005510796,3,3,instant_velocity,dbscan_kmeans_fallback,False
2810,145,11.7649996281,11.5726136881,-0.02104651095999994,-0.027970928529999918,-0.02635444102600001,-0.021641670637999974,-0.020527933770920406,-0.019672820606773174,-0.6012481101016146,-0.7990620368579054,3,3,instant_velocity,dbscan_kmeans_fallback,False
2810,232,12.2010833352,7.87648936994,0.0006734883500000066,9.546391999997184e-05,0.000669279048,0.00011455670380000171,0.0006740783523800583,0.00011279346882803347,0.9900884450414436,0.14034054799957854,4,4,instant_velocity,dbscan_kmeans_fallback,False
2810,233,12.7240891326,7.47005173103,0.00035779068000003634,0.0,0.00034937208199998794,0.0,0.0003568175659747979,1.9461709985207933e-06,0.9999720514784936,0.0,4,4,instant_velocity,dbscan_kmeans_fallback,False
2810,238,12.4504844901,8.4079847439,0.0003998837099999264,0.00016706185899995063,0.0004040930099999684,0.00016706185979998623,0.00042094030700434726,0.00016496200580279514,0.922691778732389,0.38547857785712847,4,4,instant_velocity,dbscan_kmeans_fallback,False
2810,248,11.6130438189,5.22116043833,0.0006103488199999063,0.00026252578000001136,0.0006061395160000061,0.0002768453676000071,0.0006135160219879443,0.00027706197936419743,0.9186139618540491,0.39511806847545294,5,5,instant_velocity,dbscan_kmeans_fallback,False
2810,249,12.187192638,4.81615475822,0.0002736046400000802,0.0002386597999999296,0.00027360464200000935,0.00023388660380000204,0.00027837984919973276,0.0003670963450018212,0.7535709339833688,0.6573247017674051,5,5,instant_velocity,dbscan_kmeans_fallback,False
2810,253,10.7787601244,7.71563266494,0.03297988267999994,0.015154897282000057,0.03545495236819999,0.008882917745400008,0.03524164463217189,0.009237743826504417,0.9086559153988601,0.41754505909453665,2,2,instant_velocity,dbscan_kmeans_fallback,False
2810,254,10.0709659607,8.12660484004,0.035316045396000105,0.008376958970000103,0.03563595236200001,0.008038062054200008,0.03567339481481087,0.008387848920700627,0.9730019114606882,0.23079586059658358,2,2,instant_velocity,dbscan_kmeans_fallback,False
2810,256,1.05127322258,5.82210581401,0.0009470929930000205,-0.022792010872999934,0.0038052091820400015,-0.024238289258799988,0.002861655150117026,-0.02261956267470282,0.04151787932772947,-0.9991373223700841,-1,-1,instant_velocity,dbscan_kmeans_fallback,False
2810,257,4.68916264246,8.39127855792,0.045734068322,0.00940319610799989,0.03876346389080001,0.008539247633600002,0.03883472269537913,0.00852739189345378,0.9795102748372657,0.20139313081108576,-1,-1,instant_velocity,dbscan_kmeans_fallback,False
2810,258,4.90467891471,7.67720843718,0.04798604499399994,-0.005727835192999997,0.042172998666599994,0.006267206340399998,0.04137849247890851,0.0032244575431570983,0.9929510736978057,-0.1185232103534386,-1,-1,instant_velocity,dbscan_kmeans_fallback,False
2810,259,0.953196481494,7.03927079255,0.020499301677500005,0.008806546609999976,0.020499301677500005,0.008806546609999976,0.013463621434828503,0.005780889266613,0.9188013390642095,0.39471914434434274,-1,-1,instant_velocity,dbscan_kmeans_fallback,False
2810,277,11.3497519668,8.86072238396,-0.04529209159000001,0.004343608355000051,-0.042017254486000015,0.003412835135800023,-0.04116806654561256,0.003096646270647557,-0.995432650960509,0.09546411807810079,-1,-1,instant_velocity,dbscan_kmeans_fallback,False
2810,324,5.98857422928,9.56834869011,-0.0007997674169999414,-0.010095309527999951,0.008056604396400005,-0.007197979559399989,0.0071996675351871575,-0.008176854347680503,-0.07897416905959576,-0.9968756721346581,6,6,instant_velocity,dbscan_kmeans_fallback,False
2810,325,4.98486612148,9.34830435478,0.014816743717999969,-0.014152526123000086,0.005253209136199999,-0.01874911386640001,0.006701311392612955,-0.01717517878250756,0.7231291679504672,-0.6907121182969176,6,6,instant_velocity,dbscan_kmeans_fallback,False
2810,326,3.83719987869,12.2759441179,0.0014311627449999698,0.008902010529999949,0.0008629069493999975,0.012620330210000006,5.3248710704466404e-05,0.01277705055344823,0.15873008374559075,0.9873208912596815,1,1,instant_velocity,dbscan_kmeans_fallback,False
2810,327,3.1618173419,8.64545124462,0.00027360464199999157,0.004653866093999958,-0.025268441061800005,-0.002224309333400001,-0.018132909102600032,-0.0033679405267381356,0.058689363753410245,0.9982741449629151,-1,-1,instant_velocity,dbscan_kmeans_fallback,False
2810,376,7.57358696987,8.01538937338,-0.0005261627750000386,-0.0005966494990000016,-0.000526162774200003,-0.0005966494992000193,-0.000567722522522231,-0.0006092004664935454,-0.6614064456855666,-0.750010915260275,-1,-1,instant_velocity,dbscan_kmeans_fallback,False
2810,386,14.9804855729,11.2594920309,0.0031148836199999864,0.0035321650400000236,0.0029759766499999783,0.005694422822000007,0.003106571399406858,0.006614419211496601,0.6614133538933595,0.7500187521006959,-1,-1,instant_velocity,dbscan_kmeans_fallback,False
2820,121,2.3812022503,6.68581562917,-0.042892789342000005,-0.005680103232999922,-0.0373533476564,0.0002004742318000119,-0.03632624959738856,-0.0017737322544964535,-0.9913451654790908,-0.13127947531131737,0,0,instant_velocity,dbscan_kmeans_fallback,False
2820,123,2.8076045624,7.15263419741,-0.04068290569099999,0.000787577339000034,-0.04003046385080001,-0.009131123936999988,-0.036800004255288184,-0.006050101746646917,-0.9998124229437672,0.01935529417544594,0,0,instant_velocity,dbscan_kmeans_fallback,False
2820,127,2.07623830646,13.0768864057,-0.015869069265,0.015489020999999959,-0.018946069168399998,0.013097649808000007,-0.017454750408703076,0.013712510917795781,-0.7156237714293523,0.6984853011017724,1,1,instant_velocity,dbscan_kmeans_fallback,False
2820,128,1.45915460503,12.4282090701,-0.016374185529000006,0.005966495000000016,-0.019236511019800003,0.007823268235999983,-0.01842454065729308,0.008468720935754213,-0.9395670038350288,0.3423634000370983,1,1,instant_velocity,dbscan_kmeans_fallback,False
2820,129,3.05069176402,11.2119987307,-0.012417441467999968,0.015298093160000015,-0.010396976415599992,0.018286113853999985,-0.011800297876143047,0.017850883569306093,-0.6302174550409924,0.7764180216287407,1,1,instant_velocity,dbscan_kmeans_fallback,False
2820,130,3.36175919605,11.9382405013,-0.014227441411000009,0.012911495170000009,-0.011163069414600005,0.01698780454399998,-0.011149867002810744,0.01600217118385609,-0.7405234109835042,0.6720297886303797,1,1,instant_velocity,dbscan_kmeans_fallback,False
2820,132,2.83264991045,11.8570961694,-0.017321278522000005,0.015441289049999973,-0.010695836871200006,0.013484278684000017,-0.01202680286294397,0.014804065053579715,-0.7464539066881728,0.6654364757794397,1,1,instant_velocity,dbscan_kmeans_fallback,False
2820,133,3.92033359699,11.8093642094,-0.022330348132000032,0.019522371609999922,-0.009205743895200005,0.022772918088000013,-0.010808286846438583,0.021109778566305467,-0.7528551138732967,0.6581857665022849,1,1,instant_velocity,dbscan_kmeans_fallback,False
2820,134,2.35510457671,13.4236590947,-0.026729068921999978,0.01890185613999993,-0.026724859620199996,0.01996627884399999,-0.02655419126235134,0.01998777945740908,-0.8164740078265897,0.577381662003385,1,1,instant_velocity,dbscan_kmeans_fallback,False
2820,137,2.5800917789,5.04884806294,-0.014353720475999986,-0.0021479381969999878,-0.018310464537399998,-0.002916422752399992,-0.01834161826876436,-0.0026380200302825703,-0.9889873616765568,-0.1479953391907839,0,0,instant_velocity,dbscan_kmeans_fallback,False
2820,138,2.56872666298,5.82329911301,-0.016058487863999993,0.0,-0.019076557536400002,-0.000400948463400006,-0.01976363810406221,-0.00045250738888194276,-0.9999993772767487,0.0,0,0,instant_velocity,dbscan_kmeans_fallback,False
2820,140,3.45162779786,6.30061871244,-0.024371859694999998,0.007541649670999994,-0.0328325571016,0.0019092783978000049,-0.030470335341027596,0.0018302020875794098,-0.9553078915468698,0.29561131305323435,0,0,instant_velocity,dbscan_kmeans_fallback,False
2820,141,3.78795104304,5.67318209899,-0.015532325089999998,0.0033889691559999767,-0.024944324792799996,0.0016944845779999973,-0.024477972502307897,0.0006145601012579145,-0.9770138600093299,0.2131728390547161,0,0,instant_velocity,dbscan_kmeans_fallback,False
2820,142,8.55393345051,9.52992446236,0.027065813097999936,0.012935361145000001,0.040985975448399985,0.015364917905599995,0.038844363641183176,0.014724591300342548,0.9022527157439875,0.43120687636271116,2,2,instant_velocity,dbscan_kmeans_fallback,False
2820,143,11.238836854,9.94018065807,-0.02104651095999994,-0.01789948498299996,-0.020878138873999995,-0.023627320170600007,-0.020150774753098375,-0.02203909673033546,-0.7617612874117009,-0.6478572505709276,3,3,instant_velocity,dbscan_kmeans_fallback,False
2820,144,11.5839996338,9.38648992273,-0.03508453377000009,-0.024033041831000013,-0.02392988296400002,-0.032672526581399984,-0.02439949797182603,-0.02987617826465977,-0.8250019157670868,-0.5651295149670588,3,3,instant_velocity,dbscan_kmeans_fallback,False
2820,145,11.5545345184,11.292665743,-0.021046510969999942,-0.027994794509999997,-0.024695975964,-0.02362732017199999,-0.020683506930644267,-0.02216941277774122,-0.6009206809414621,-0.7993083035827078,-1,-1,instant_velocity,dbscan_kmeans_fallback,False
2820,232,12.2078182187,7.87768266894,0.0006734883500000066,0.00011932990000005362,0.000669279048,0.00011455670380000171,0.0006739013516660428,0.00011475439817963952,0.984649072496989,0.17446192700469146,4,4,instant_velocity,dbscan_kmeans_fallback,False
2820,233,12.7276670395,7.47005173103,0.00035779069000003717,0.0,0.00034937208199998794,0.0,0.00035710950318236967,1.3623196989645551e-06,0.9999720514792747,0.0,4,4,instant_velocity,dbscan_kmeans_fallback,False
2820,238,12.4544833272,8.4096553625,0.00039988371000010403,0.00016706186000003953,0.000404093010000004,0.00016706185980002174,0.0004146233279030743,0.00016559196206196845,0.9226917779116667,0.3854785798216845,4,4,instant_velocity,dbscan_kmeans_fallback,False
2820,248,11.6191473071,5.22402435593,0.0006103488200000839,0.0002863917600000043,0.0006061395160000061,0.00028161856380000573,0.0006125658613915861,0.0002798609135549395,0.9052797058641169,0.42478110837451116,5,5,instant_velocity,dbscan_kmeans_fallback,False
2820,249,12.1899286844,4.81830269641,0.00027360463999990257,0.00021479381900002537,0.00027360464200000935,0.00022911340760000342,0.0002769472864397837,0.0003214055872012824,0.7865488042797384,0.6174815657410221,5,5,instant_velocity,dbscan_kmeans_fallback,False
2820,253,11.079514766,7.92016411329,0.03007546416000011,0.020453144835000003,0.0341669058962,0.012835124028600013,0.03369179049052035,0.012602364129053092,0.8269028884480387,0.5623442568311646,2,2,instant_velocity,dbscan_kmeans_fallback,False
2820,254,10.3896101367,8.2492759771,0.03186441759999994,0.012267113705999932,0.034865650061199994,0.008902010529400001,0.03453070165036759,0.009551628356290419,0.9332317664701317,0.359274107471536,2,2,instant_velocity,dbscan_kmeans_fallback,False
2820,256,0.991711596555,5.48153827982,-0.005956162602500014,-0.03405675341900007,0.0014479999542199983,-0.025813443937000004,0.0002163098243319133,-0.026050719897991997,-0.1722744997598083,-0.9850486882676344,-1,-1,instant_velocity,dbscan_kmeans_fallback,False
2820,257,5.15218588363,8.48674247781,0.04630232411699993,0.009546391988999935,0.042307696336799996,0.008739721865599997,0.04107500312186537,0.008833091922117627,0.9794001441932926,0.20192804289751554,6,6,instant_velocity,dbscan_kmeans_fallback,False
2820,258,5.37527889984,7.6609795708,0.04705999851299998,-0.0016228866379999652,0.043806207917599996,0.0033412371960000087,0.043082944289135956,0.001770254288809979,0.9994056934337718,-0.03446498506298749,6,6,instant_velocity,dbscan_kmeans_fallback,False
2820,259,1.15818949827,7.12709759884,0.0204993016776,0.008782680628999983,0.0204993016776,0.008782680628999983,0.015574325507659954,0.0066814266753290955,0.9191890051126004,0.3938155356001063,-1,-1,instant_velocity,dbscan_kmeans_fallback,False
2820,277,10.897041516,8.90415846751,-0.045271045079999975,0.004343608354999873,-0.043035905616,0.0037040000915999727,-0.04239896010592878,0.003470734895953252,-0.9954284324364833,0.09550809459545036,-1,-1,instant_velocity,dbscan_kmeans_fallback,False
2820,324,5.98036609001,9.46739559483,-0.0008208139269999748,-0.010095309527999951,0.005535232383200004,-0.010171680663799983,0.004793523096531018,-0.008752390901776336,-0.0810389617854606,-0.9967099438019277,7,7,instant_velocity,dbscan_kmeans_fallback,False
2820,325,5.13303355866,9.20701775335,0.014816743718000059,-0.014128660143000005,0.007921906726400004,-0.019197794289,0.009135941090229086,-0.016261223190655295,0.7237111549143874,-0.6901023021044446,7,7,instant_velocity,dbscan_kmeans_fallback,False
2820,326,3.87129522645,12.2012436006,0.0034095347760000117,-0.007470051730000015,0.0015448139045999999,0.008100113604000007,0.0010601345302931303,0.006702919868413756,0.4152206695029419,-0.9097193852913513,8,8,instant_velocity,dbscan_kmeans_fallback,False
2820,327,3.19044059681,8.70511619455,0.002862325490999984,0.005966494992999926,-0.016828790165800002,-0.000825762907000005,-0.011834338724520027,-0.0005676098708167166,0.4325348670716217,0.9016155314255048,-1,-1,instant_velocity,dbscan_kmeans_fallback,False
2820,328,3.41374407813,12.9904915582,0.0,0.0,0.0,0.0,0.0,0.0,0.0,0.0,8,8,instant_velocity,dbscan_kmeans_fallback,False
2820,376,7.56832534213,8.00942287838,-0.0005261627740000385,-0.0005966494999999128,-0.000526162774200003,-0.0005966494994000016,-0.0005552545979655732,-0.0006054351765454556,-0.6614064443549165,-0.7500109164337273,-1,-1,instant_velocity,dbscan_kmeans_fallback,False
2820,386,15.0116344092,11.2948136812,0.0031148836299999872,0.0035321650300000227,0.003106465019999973,0.0037326392659999996,0.003109065068584797,0.005689742957047628,0.6614133561411979,0.7500187501184112,-1,-1,instant_velocity,dbscan_kmeans_fallback,False
2830,121,1.93775226432,6.60061408067,-0.044344998597999986,-0.008520154850000062,-0.0393190917802,-0.0007398453792000126,-0.03873187429757199,-0.003797659033147536,-0.9820379595266574,-0.18868228093985287,0,0,instant_velocity,dbscan_kmeans_fallback,False
2830,123,2.40203829616,7.15358883661,-0.04055662662399997,9.546391999997184e-05,-0.0402746033778,-0.005575092921400007,-0.03792699096590172,-0.0042064320466528495,-0.9999969831563518,0.0023538356107694414,0,0,instant_velocity,dbscan_kmeans_fallback,False
2830,127,1.9175476138,13.2317766157,-0.015869069266000003,0.015489020999999959,-0.017805348274199995,0.013985464261999994,-0.016979046065892154,0.014245463942457032,-0.7156237714513537,0.6984853010792313,1,1,instant_velocity,dbscan_kmeans_fallback,False
2830,128,1.29562321485,12.48787402,-0.016353139017999997,0.005966494990000015,-0.0184156970924,0.007293443479999979,-0.017803120165505157,0.0077180531520279535,-0.9394252077420379,0.3427522868424865,1,1,instant_velocity,dbscan_kmeans_fallback,False
2830,129,2.80444758576,11.4122343027,-0.024624417826,0.02002355720000004,-0.014096953042799995,0.01736011383200001,-0.015647533861100134,0.01850268565851428,-0.7758636119217095,0.6309001708178286,1,1,instant_velocity,dbscan_kmeans_fallback,False
2830,130,3.1944394339,12.0974265877,-0.016731976215,0.01591860864000001,-0.013191953071200002,0.015551072549999994,-0.012824499766467521,0.015977102420699267,-0.724496630101892,0.6892777139649352,1,1,instant_velocity,dbscan_kmeans_fallback,False
2830,132,2.66006852056,12.0205781322,-0.017258138988999992,0.01634819628000006,-0.013444511202800005,0.014481876648000025,-0.013596203700760777,0.015267304421505819,-0.7259863933023275,0.687708452335479,1,1,instant_velocity,dbscan_kmeans_fallback,False
2830,133,3.69724058079,12.0045879256,-0.02230930162,0.019522371619999923,-0.013036208890199994,0.022362423233999992,-0.014258591278507008,0.020633556482413804,-0.7525474745839983,0.6585374885671236,1,1,instant_velocity,dbscan_kmeans_fallback,False
2830,134,2.08760342238,13.6126776561,-0.02675011543300001,0.018901856140000107,-0.026745906131200002,0.01889708294200002,-0.02661296851354594,0.019662002462186388,-0.816688160389466,0.5770787104671488,1,1,instant_velocity,dbscan_kmeans_fallback,False
2830,137,2.43655457413,5.02713002116,-0.014353720476999987,-0.00217180417800007,-0.016588859940799994,-0.002591845424999999,-0.017145248931235046,-0.0024981552745978203,-0.9887454307923801,-0.14960312631239014,2,2,instant_velocity,dbscan_kmeans_fallback,False
2830,138,2.38141271541,5.78654550385,-0.018731394756999985,-0.003675360915999981,-0.017725371532799992,-0.0008878144550000045,-0.019453965099943543,-0.0014193634470173544,-0.9812881179390471,-0.1925424157034841,2,2,instant_velocity,dbscan_kmeans_fallback,False
2830,140,3.20790920091,6.37603520914,-0.024371859694999998,0.007541649669999995,-0.030104929280800007,0.003727866071400001,-0.028640792647219318,0.003543636362305586,-0.955307891557939,0.29561131301746246,2,2,instant_velocity,dbscan_kmeans_fallback,False
2830,141,3.63262779214,5.70731045035,-0.015532325089999998,0.00341283513599997,-0.021909417912000004,0.0022481753133999937,-0.021794278278615527,0.0014540426116805313,-0.9767002472192856,0.21460514776347853,2,2,instant_velocity,dbscan_kmeans_fallback,False
2830,142,8.82459158149,9.6595167336,0.027065813097999936,0.012959227123999995,0.03649465000899998,0.014586886958399993,0.035310798478228204,0.014194982047439783,0.9019430613624029,0.431854197130142,3,3,instant_velocity,dbscan_kmeans_fallback,False
2830,143,11.0283717444,9.76118580828,-0.02104651096000012,-0.017899484978999958,-0.021863115588,-0.021016381962399997,-0.020419495615168898,-0.020797213204934807,-0.7617612874831527,-0.6478572504869132,4,4,instant_velocity,dbscan_kmeans_fallback,False
2830,144,11.2192635988,9.15570589641,-0.03647360349999999,-0.023078402632000027,-0.027541464246000017,-0.02953176361579999,-0.028021729630278217,-0.027836845574861848,-0.8450444531519077,-0.5346956225967092,4,4,instant_velocity,dbscan_kmeans_fallback,False
2830,145,11.4956042877,10.9726229516,-0.00589302306999997,-0.03200427914000006,-0.02000681332199999,-0.026410093436000003,-0.01624636177245098,-0.025119872686418875,-0.18108801108100472,-0.9834665818716927,-1,-1,instant_velocity,dbscan_kmeans_fallback,False
2830,146,14.913347203,0.953445899855,0.0,0.0,0.0,0.0,0.0,0.0,0.0,0.0,-1,-1,instant_velocity,dbscan_kmeans_fallback,False
2830,232,12.2145531022,7.87887596794,0.0006734883500000066,0.0001193298999999648,0.000669279048,0.00011455670380000171,0.000673777451166232,0.0001161270487257371,0.9846490724970113,0.17446192700456556,5,5,instant_velocity,dbscan_kmeans_fallback,False
2830,233,12.7310344812,7.47005173103,0.0003367441700000029,0.0,0.00034937208199998794,0.0,0.00035099990322765966,9.536237892751885e-07,0.9999703047478224,0.0,5,5,instant_velocity,dbscan_kmeans_fallback,False
2830,238,12.4584821643,8.4113259811,0.0003998837099999264,0.00016706185999986188,0.000404093010000004,0.00016706185979998623,0.00041020144253212993,0.00016603293144333648,0.9226917779117515,0.38547857982148126,5,5,instant_velocity,dbscan_kmeans_fallback,False
2830,248,11.6250403302,5.22688827352,0.0005893023099998729,0.0002863917590000042,0.0006019302139999993,0.0002816185636000057,0.0006055867959740721,0.0002818201671884589,0.8993989157475598,0.4370938873864177,6,6,instant_velocity,dbscan_kmeans_fallback,False
2830,249,12.1926647308,4.82068929441,0.0002736046400000802,0.0002386598000000184,0.00027360464200000935,0.00023388660360000203,0.0002759444925078727,0.0002965818510409032,0.7535709339832477,0.657324701767544,6,6,instant_velocity,dbscan_kmeans_fallback,False
2830,253,11.3800589426,8.12469556164,0.0300544176599999,0.020453144834999916,0.03298409198119998,0.01514057769379999,0.03260057864136422,0.014957598340837139,0.8267197671516318,0.5626134342976914,3,3,instant_velocity,dbscan_kmeans_fallback,False
2830,254,10.7080438475,8.37170845435,0.031843371080000085,0.012243247724999939,0.03409113845660002,0.00976118580839998,0.03372450247925734,0.010359114166903275,0.9333866009273255,0.35887165808039423,3,3,instant_velocity,dbscan_kmeans_fallback,False
2830,256,0.924362761475,5.12832177624,-0.006734883508,-0.035321650357999966,-0.00107758136128,-0.027913650174600003,-0.0018690481753676613,-0.028831999035994385,-0.18729856939417205,-0.9823027484938852,-1,-1,instant_velocity,dbscan_kmeans_fallback,False
2830,257,5.61520912481,8.5822063977,0.04630232411800002,0.009546391989000114,0.043924068378799995,0.00899270125320001,0.04264319942070576,0.009047081942182372,0.9794001441941544,0.20192804289333555,7,7,instant_velocity,dbscan_kmeans_fallback,False
2830,258,5.82420097867,7.74045328411,0.04489220788300008,0.007947371330999963,0.0450016497402,0.0023293196452000052,0.04362572336729519,0.0036233894014669745,0.9846885348140604,0.1743216874505537,7,7,instant_velocity,dbscan_kmeans_fallback,False
2830,259,1.3798092587,7.22995997252,0.022161976042999985,0.010286237367999985,0.020827627248439996,0.009092938368999999,0.017550620668261963,0.007762869883130363,0.9070594199854631,0.42100165087931685,-1,-1,instant_velocity,dbscan_kmeans_fallback,False
2830,277,10.5091543189,8.88602032273,-0.038788719709999954,-0.0018138144779999976,-0.04275809167199998,0.002758907284599985,-0.041315887987150135,0.001885370083767277,-0.9989082186662317,-0.04671033750935835,-1,-1,instant_velocity,dbscan_kmeans_fallback,False
2830,324,5.98583818286,9.36190796336,0.0005472092849999832,-0.010548763146999995,0.003540023144000006,-0.010233732211799983,0.0035196289530717074,-0.009291302575343434,0.0518045565390276,-0.9986562944844561,8,8,instant_velocity,dbscan_kmeans_fallback,False
2830,325,5.24436960165,9.12921465864,0.011133604298999965,-0.007780309470999924,0.009837139223999997,-0.015980660188799973,0.00973524005286035,-0.013716949074758683,0.819688086189315,-0.5728088415013418,8,8,instant_velocity,dbscan_kmeans_fallback,False
2830,326,3.90539057421,12.1265430832,0.0034095347760000117,-0.007470051740000016,0.0020330929590000046,0.003999938241999992,0.0017649546040051948,0.0024510283858896237,0.41522066904292815,-0.9097193855013156,9,9,instant_velocity,dbscan_kmeans_fallback,False
2830,327,3.21906385172,8.76478114448,0.0028623254910000286,0.005966494993000104,-0.008384929967599994,0.0005775567154000071,-0.007425339459864009,0.0013926215883283298,0.4325348670716167,0.9016155314255072,-1,-1,instant_velocity,dbscan_kmeans_fallback,False
2830,328,3.45583710005,12.852546194,0.004209302191999997,-0.013794536420000014,0.004209302191999997,-0.013794536420000014,0.0012627906575999994,-0.004138360926000005,0.29185715788962263,-0.9564611924508024,9,9,instant_velocity,dbscan_kmeans_fallback,False
2830,354,10.4681136226,12.7861987696,0.0,0.0,0.0,0.0,0.0,0.0,0.0,0.0,-1,-1,instant_velocity,dbscan_kmeans_fallback,False
2830,376,7.56306371439,8.00345638339,-0.0005261627739999497,-0.0005966494990000016,-0.000526162774200003,-0.0005966494991999837,-0.0005465270507758862,-0.0006027994732818194,-0.6614064449783748,-0.750010915883907,-1,-1,instant_velocity,dbscan_kmeans_fallback,False
2830,386,15.0427832454,11.3301353316,0.0031148836200001638,0.003532165039999846,0.003119092926000029,0.0035369382319999686,0.003110810634009407,0.005042469581933293,0.6614133538933994,0.7500187521006607,-1,-1,instant_velocity,dbscan_kmeans_fallback,False
2840,121,1.49430227834,6.51541253218,-0.04434499859800001,-0.008520154848999973,-0.041133301025200006,-0.0022529485091999923,-0.0404158115877004,-0.005214407777903267,-0.9820379595307613,-0.1886822809184939,0,0,instant_velocity,dbscan_kmeans_fallback,False
2840,123,2.00846854116,7.09129862889,-0.039356975500000016,-0.0062290207720000264,-0.040211463844999996,-0.0036992268954000097,-0.038355986326131214,-0.004813208664257003,-0.9877055811741493,-0.1563239680791562,0,0,instant_velocity,dbscan_kmeans_fallback,False
2840,127,1.75864645603,13.3866668257,-0.015890115777000013,0.015489021000000136,-0.0166730459846,0.014868505522,-0.01665236697922451,0.014618531059719962,-0.7160863507285706,0.6980110579371951,1,1,instant_velocity,dbscan_kmeans_fallback,False
2840,128,1.13188135957,12.5475389699,-0.016374185528000008,0.005966494990000015,-0.017594883164600006,0.006763618724000011,-0.01737443977425361,0.007192585703419572,-0.9395670040128824,0.3423633995490041,1,1,instant_velocity,dbscan_kmeans_fallback,False
2840,129,2.43613364392,11.6594858552,-0.036831394184000034,0.024725155249999985,-0.019737417980599997,0.018128598385999978,-0.022002691957970104,0.02036942653595999,-0.8302678361493172,0.557364216117326,1,1,instant_velocity,dbscan_kmeans_fallback,False
2840,130,2.96839990616,12.3272559748,-0.02260395277399998,0.022982938710000057,-0.016399441341999995,0.015522433374000002,-0.01575833566872726,0.018078853307489505,-0.7012038109846102,0.7129604442287965,1,1,instant_velocity,dbscan_kmeans_fallback,False
2840,132,2.4904336422,12.2193817453,-0.01696348783599997,0.019880361309999907,-0.016138464605999995,0.016181134419999986,-0.014606388941332534,0.016651221488054046,-0.6490949510235751,0.7607068944548031,1,1,instant_velocity,dbscan_kmeans_fallback,False
2840,133,3.47393709948,12.1998116418,-0.02233034813099999,0.0195223716200001,-0.01635313901779999,0.021350505684000005,-0.016680118334254902,0.020300201023689693,-0.7528551136916264,0.6581857667100857,1,1,instant_velocity,dbscan_kmeans_fallback,False
2840,137,2.2717603933,5.00779857739,-0.016479418083,-0.0019331443769999624,-0.015292394865399999,-0.002219536137200002,-0.016945499676764533,-0.0023286520053184627,-0.9931891887496658,-0.11650763915682198,2,2,instant_velocity,dbscan_kmeans_fallback,False
2840,138,2.17641969864,5.72544859513,-0.020499301677000002,-0.006109690872000062,-0.017485441307600002,-0.0019570103576000085,-0.01976756607306048,-0.0028264616745121668,-0.9583402530662504,-0.2856274222745124,2,2,instant_velocity,dbscan_kmeans_fallback,False
2840,140,2.96587432484,6.45908881944,-0.024203487606999995,0.008305361029999948,-0.02733941774039999,0.0056944228209999895,-0.02730960113515352,0.004972153762613895,-0.9458613501780486,0.32456975313259867,2,2,instant_velocity,dbscan_kmeans_fallback,False
2840,141,3.47709407612,5.74143880171,-0.015553371601999988,0.003412835136000059,-0.0188745110312,0.002801866048800008,-0.019922006275630864,0.00204168036897639,-0.976761081726265,0.2143280971158799,2,2,instant_velocity,dbscan_kmeans_fallback,False
2840,142,8.99864622715,9.72681879712,0.017405464566000006,0.006730206351999968,0.03007125486339998,0.012563051856799987,0.029939198304559746,0.011955549338807839,0.9327009019180473,0.3606493530122153,-1,-1,instant_velocity,dbscan_kmeans_fallback,False
2840,143,10.8179066348,9.58219095849,-0.02104651095999994,-0.017899484979000135,-0.02158951094399999,-0.019975825236200003,-0.02060760021861821,-0.019927894737154405,-0.7617612874831469,-0.6478572504869201,3,3,instant_velocity,dbscan_kmeans_fallback,False
2840,144,10.8543170987,8.92516052988,-0.03649465001000003,-0.023054536653000036,-0.030656347868000006,-0.02711652644440001,-0.030563605744194762,-0.026402152898303305,-0.8454334366749319,-0.5340803692638012,3,3,instant_velocity,dbscan_kmeans_fallback,False
2840,145,11.4535112658,10.648045624,-0.00420930219000013,-0.03245773276000001,-0.014980906504000017,-0.02928833062199999,-0.012635243897715724,-0.027321230708493217,-0.12860862677052498,-0.9916951195058187,-1,-1,instant_velocity,dbscan_kmeans_fallback,False
2840,146,14.4299088461,0.959889714447,-0.04834383569000007,0.0006443814592000052,-0.04834383569000007,0.0006443814592000052,-0.014503150707000024,0.0001933144377600016,-0.9999109721150817,0.013327947236402068,-1,-1,instant_velocity,dbscan_kmeans_fallback,False
2840,147,15.0141599905,1.46632580944,0.0,0.0,0.0,0.0,0.0,0.0,0.0,0.0,-1,-1,instant_velocity,dbscan_kmeans_fallback,False
2840,232,12.2212879857,7.88006926694,0.0006734883500000066,0.0001193298999999648,0.000669279048,0.00011455670380000171,0.0006736907208163644,0.0001170879041080054,0.9846490724970113,0.17446192700456556,4,4,instant_velocity,dbscan_kmeans_fallback,False
2840,233,12.7346123881,7.47005173103,0.00035779069000003717,0.0,0.00034937208200002345,0.0,0.00035303713925937297,6.675366524926319e-07,0.9999720514792747,0.0,4,4,instant_velocity,dbscan_kmeans_fallback,False
2840,238,12.4626914665,8.4129965997,0.0004209302200001375,0.00016706186000003953,0.000404093010000004,0.00016706185979998623,0.0004134200757725322,0.0001663416100103474,0.9294504592138486,0.3688870865439543,4,4,instant_velocity,dbscan_kmeans_fallback,False
2840,248,11.6311438183,5.22975219112,0.0006103488100000831,0.0002863917600000043,0.0006061395140000059,0.0002816185636000057,0.0006070154001818754,0.00028319164503192253,0.9052797031875552,0.4247811140782435,5,5,instant_velocity,dbscan_kmeans_fallback,False
2840,249,12.1954007773,4.82307589241,0.0002736046499999034,0.0002386598000000184,0.0002736046440000095,0.00023388660380000204,0.00027524253975548193,0.00027920523572863776,0.7535709458844965,0.65732468812457,5,5,instant_velocity,dbscan_kmeans_fallback,False
2840,253,11.6627135848,8.32063525721,0.02826546422000007,0.01959396955700008,0.031456115284,0.0170975880514,0.03130004431495497,0.01634850970568602,0.8218438376102596,0.5697123178097057,6,6,instant_velocity,dbscan_kmeans_fallback,False
2840,254,11.0266880235,8.4943795914,0.03186441759999994,0.012267113705000022,0.03332083615600002,0.010620361087199992,0.03316647701548012,0.010931514028332298,0.9332317664799505,0.35927410744603105,6,6,instant_velocity,dbscan_kmeans_fallback,False
2840,256,0.910892994459,4.82092795421,-0.0013469767016,-0.030739382202999987,-0.002428767365019999,-0.029140361544999997,-0.0017124267332373627,-0.029404213986096064,-0.04377722791218578,-0.9990409923067357,-1,-1,instant_velocity,dbscan_kmeans_fallback,False
2840,257,5.98878469439,8.68292083317,0.037357556957999985,0.010071443546999959,0.0432674172368,0.009360237344600009,0.04105750668189403,0.009354390423627647,0.965526956576828,0.2603020922166537,7,7,instant_velocity,dbscan_kmeans_fallback,False
2840,258,6.27333352261,7.82016565721,0.044913254393999937,0.007971237309999957,0.046205510167199995,0.0013174020943999842,0.044011982675306614,0.004927743774026869,0.9846126535501103,0.17474977544546874,7,7,instant_velocity,dbscan_kmeans_fallback,False
2840,259,1.60353367024,7.33425430499,0.02237244115400001,0.01042943324700003,0.02120225514374,0.009417515696599993,0.018997166813983377,0.008562838892291263,0.9063540801698954,0.4225180127734054,-1,-1,instant_velocity,dbscan_kmeans_fallback,False
2840,277,10.1865113059,8.80654660943,-0.03226430130000004,-0.007947371329999875,-0.041175394045999986,0.0005918763034000207,-0.038600411981005105,-0.001064452340362869,-0.9709769310640759,-0.23917189937814928,-1,-1,instant_velocity,dbscan_kmeans_fallback,False
2840,324,6.00014981031,9.25355641429,0.0014311627449999698,-0.01083515490700009,0.001721604596600006,-0.010357835307599999,0.002893089090650186,-0.00975445827484043,0.1309476514629217,-0.9913883611529053,8,8,instant_velocity,dbscan_kmeans_fallback,False
2840,325,5.34013122653,9.0783801213,0.009576162487999973,-0.00508345373400001,0.011436674056999987,-0.01222415494139998,0.009687516783402237,-0.01112690047253108,0.883263233480962,-0.46887547991904244,8,8,instant_velocity,dbscan_kmeans_fallback,False
2840,326,3.93927545686,12.0518425659,0.003388488264999978,-0.007470051730000015,0.0025213720132000006,-9.546392000000736e-05,0.0022520147023036294,-0.0005252956488772686,0.4130960920863656,-0.9106861042489168,9,9,instant_velocity,dbscan_kmeans_fallback,False
2840,327,3.24789757174,8.8244460944,0.002883372001999973,0.005966494992000015,-0.0028539068866000063,0.003078711416200015,-0.004332726021304814,0.0027647836094298354,0.4351149237562689,0.9003732476196359,-1,-1,instant_velocity,dbscan_kmeans_fallback,False
2840,328,3.49793012198,12.7148394895,0.004209302192999998,-0.01377067045000011,0.004209302192999998,-0.01377067045000011,0.002146744118219999,-0.007028053783200037,0.2923197872685625,-0.9563199010001594,9,9,instant_velocity,dbscan_kmeans_fallback,False
2840,354,10.722355475,12.5673477333,0.025424185239999987,-0.021885103630000024,0.025424185239999987,-0.021885103630000024,0.007627255571999997,-0.006565531089000008,0.7578856679782936,-0.6523869389254322,-1,-1,instant_velocity,dbscan_kmeans_fallback,False
2840,376,7.55780208665,7.9974898884,-0.0005261627740000385,-0.0005966494990000904,-0.000526162774200003,-0.0005966494992000015,-0.0005404177677431319,-0.0006009544809973007,-0.6614064449783821,-0.7500109158839003,8,8,instant_velocity,dbscan_kmeans_fallback,False
2850,121,0.763777882831,6.48725067581,-0.07305243955089999,-0.002816185636999968,-0.04833541707658,-0.003961752675199985,-0.05020679997666028,-0.004494941135632277,-0.9992576318085801,-0.03852157446981874,-1,-1,instant_velocity,dbscan_kmeans_fallback,False
2850,123,1.61510925127,7.02900842116,-0.039335928989,-0.006229020772999938,-0.040127277801200005,-0.0021527113933999865,-0.03864996912499185,-0.005237952296879884,-0.9876926635782396,-0.1564055629775251,-1,-1,instant_velocity,dbscan_kmeans_fallback,False
2850,127,1.59995576337,13.5415570357,-0.015869069266000003,0.015489020999999959,-0.0158774878702,0.015489020999999993,-0.01641737766525716,0.01487967804180396,-0.7156237714513537,0.6984853010792313,0,0,instant_velocity,dbscan_kmeans_fallback,False
2850,128,0.971717411141,12.7126915513,-0.016016394842899996,0.0165152581400001,-0.01670672040198,0.008343546598000025,-0.016967026294847528,0.009989387434393732,-0.6961813549333078,0.7178653437153154,0,0,instant_velocity,dbscan_kmeans_fallback,False
2850,129,2.06781970207,11.9064987479,-0.03683139418499999,0.024701289270000083,-0.024620208524,0.020009237608000028,-0.026451302626079073,0.021668985356172017,-0.8305167920264755,0.5569931841405388,0,0,instant_velocity,dbscan_kmeans_fallback,False
2850,130,2.74236037842,12.5570853619,-0.022603952774000024,0.022982938710000057,-0.018074743614599997,0.017536722082000012,-0.017812020800309088,0.019550078928242672,-0.7012038109846108,0.7129604442287957,0,0,instant_velocity,dbscan_kmeans_fallback,False
2850,132,2.32100922895,12.4181853585,-0.016942441325000022,0.019880361320000085,-0.017165534341,0.017398299399999997,-0.015307204656432781,0.01761996343763786,-0.6486285611871431,0.761104607742956,0,0,instant_velocity,dbscan_kmeans_fallback,False
2850,133,3.28809640768,12.4341755651,-0.018584069180000017,0.02343639233000001,-0.018920813355399996,0.02111661908000002,-0.017251303587978436,0.021241058415582787,-0.6213244252282628,0.7835529911571988,0,0,instant_velocity,dbscan_kmeans_fallback,False
2850,137,2.05729644659,4.9941949688,-0.021446394671000003,-0.0013603608590000427,-0.0161973948368,-0.0019570103578000087,-0.018295768175035174,-0.0020381646614229367,-0.9979938559880298,-0.06330349692969338,1,1,instant_velocity,dbscan_kmeans_fallback,False
2850,138,1.97142668186,5.6641130266,-0.020499301678000025,-0.006133556852999966,-0.018373604070399997,-0.003183721728200002,-0.019987086754542346,-0.0038185902280585063,-0.9580343954934861,-0.28665163936755367,1,1,instant_velocity,dbscan_kmeans_fallback,False
2850,140,2.73920340178,6.61206975106,-0.022667092305999993,0.015298093162000015,-0.024270836441999996,0.009064299193000008,-0.025916848486407462,0.008069935582429731,-0.8288855756042871,0.5594175285056694,2,2,instant_velocity,dbscan_kmeans_fallback,False
2850,141,3.30367082579,5.87246303175,-0.01734232503300004,0.013102423003999952,-0.016201604139,0.005293474357600001,-0.019148101902841615,0.005359903159483459,-0.7978817170119794,0.602813275818316,2,2,instant_velocity,dbscan_kmeans_fallback,False
2850,142,9.02832180761,9.70080487895,0.0029675580460001073,-0.0026013918169999427,0.0207602784136,0.008677670317599997,0.021847706226991854,0.007588466992065503,0.7519743975823764,-0.6591884688156103,3,3,instant_velocity,dbscan_kmeans_fallback,False
2850,143,10.553351992,9.43040332588,-0.026455464280000028,-0.015178763260999872,-0.022401906268000003,-0.018395897362400007,-0.022361959437032758,-0.018503155294308044,-0.8673749966816426,-0.4976544578389531,4,4,instant_velocity,dbscan_kmeans_fallback,False
2850,144,10.4912647846,8.65762289441,-0.0363052314099999,-0.02675376354699992,-0.03339239429399999,-0.025923227444800006,-0.032286093443936306,-0.02650763609291229,-0.8050287568408475,-0.5932354146384269,-1,-1,instant_velocity,dbscan_kmeans_fallback,False
2850,145,11.390582198,10.3019889144,-0.006292906779999896,-0.03460567095999991,-0.011697650793999976,-0.03100668117999998,-0.010732542762400977,-0.029506562783945225,-0.17891198918154552,-0.983864793308718,-1,-1,instant_velocity,dbscan_kmeans_fallback,False
2850,146,13.9464704893,0.96633352904,-0.04834383568000007,0.0006443814593000031,-0.04834383568000007,0.0006443814593000031,-0.02465535619890004,0.00032863454422200206,-0.9999109721150173,0.013327947241226405,5,5,instant_velocity,dbscan_kmeans_fallback,False
2850,147,14.5669216325,1.51095519199,-0.044723835799999986,0.004462938254999993,-0.044723835799999986,0.004462938254999993,-0.013417150739999998,0.0013388814764999982,-0.9950577538459935,0.09929562695455679,5,5,instant_velocity,dbscan_kmeans_fallback,False
2850,232,12.2280228692,7.88126256594,0.0006734883500000066,0.00011932990000005362,0.0006734883500000066,0.00011455670400000173,0.0006736300095714571,0.00011776050287561987,0.984649072496989,0.17446192700469146,6,6,instant_velocity,dbscan_kmeans_fallback,False
2850,233,12.7379798299,7.47005173103,0.0003367441800000037,0.0,0.00034937208200002345,0.0,0.0003481492514815622,4.672756567448423e-07,0.9999703047487043,0.0,6,6,instant_velocity,dbscan_kmeans_fallback,False
2850,238,12.4666903036,8.4146672183,0.0003998837099999264,0.00016706186000003953,0.00040409301200000413,0.00016706185979998623,0.00040935916604075047,0.00016655768500725506,0.9226917779116057,0.38547857982183026,6,6,instant_velocity,dbscan_kmeans_fallback,False
2850,248,11.6372473065,5.23237744892,0.0006103488200000839,0.00026252578000001136,0.0006061395160000061,0.00027684536780000715,0.000608015426127338,0.00027699188552234916,0.9186139618540907,0.3951180684753559,7,7,instant_velocity,dbscan_kmeans_fallback,False
2850,249,12.1981368237,4.82522383061,0.0002736046400000802,0.00021479381999993662,0.00027360464200000935,0.00022911340779998567,0.0002747511698288614,0.0002598818110100274,0.7865488028838031,0.6174815675192487,7,7,instant_velocity,dbscan_kmeans_fallback,False
2850,253,11.9373705529,8.51275639598,0.027465696809999864,0.019212113877000014,0.029768185105999975,0.018973454077200014,0.03014974006346844,0.01720759095708022,0.8194260885129677,0.5731843410054707,8,8,instant_velocity,dbscan_kmeans_fallback,False
2850,254,11.3164984795,8.62779041944,0.028981045599999967,0.01334108280400006,0.03197385945520001,0.01169910338200001,0.031910847590836074,0.011654384661032626,0.9083734902445788,0.41815903116730474,8,8,instant_velocity,dbscan_kmeans_fallback,False
2850,256,0.978241829539,4.5822681545,0.006734883508,-0.023865979970999974,-0.001271209262219999,-0.029355155364799986,0.0008217663391338467,-0.027742743781567235,0.27158904651022026,-0.9624128964749863,-1,-1,instant_velocity,dbscan_kmeans_fallback,False
2850,257,6.35225793872,8.78411258825,0.03634732443300006,0.010119175508000034,0.0424087195896,0.009737319828199986,0.039644452007225835,0.009583825948939364,0.9633623633436204,0.26820221252998483,9,9,instant_velocity,dbscan_kmeans_fallback,False
2850,258,6.66332537074,7.90441256651,0.03899918481300002,0.008424690930000001,0.04477013811939999,0.0033985155479999917,0.042508143316614636,0.005976827920818809,0.9774530696565252,0.2111515932940991,9,9,instant_velocity,dbscan_kmeans_fallback,False
2850,259,1.82704761666,7.43878729727,0.022351394642,0.010453299228000024,0.021576883038819997,0.009751639416399999,0.020003435162388363,0.009129976993003892,0.9058307218599302,0.4236388707362484,-1,-1,instant_velocity,dbscan_kmeans_fallback,False
2850,277,9.86386829282,8.72707289612,-0.032264301308000044,-0.007947371331000142,-0.038776091797600006,-0.0018042680858000183,-0.036699578779103584,-0.0031293280375540512,-0.9709769310708571,-0.239171899350619,4,4,instant_velocity,dbscan_kmeans_fallback,False
2850,324,6.01446143777,9.14496620542,0.0014311627459999698,-0.010859020886999993,0.0003577906864000013,-0.010486711599399996,0.002454511187255121,-0.0100858270584883,0.13066477374256408,-0.9914256860244332,3,3,instant_velocity,dbscan_kmeans_fallback,False
2850,325,5.4356823863,9.02778424376,0.009555115977000029,-0.005059587754000105,0.011979674039999999,-0.009240907445000026,0.009647796541481575,-0.009306706656971787,0.8837489672267861,-0.4679593071349356,3,3,instant_velocity,dbscan_kmeans_fallback,False
2850,326,3.97337080462,11.9771420486,0.0034095347760000117,-0.007470051730000015,0.0030096510675999967,-0.004195639280000023,0.002599270724412544,-0.0026087224732140933,0.4152206695029419,-0.9097193852913513,10,10,instant_velocity,dbscan_kmeans_fallback,False
2850,327,3.36196966116,8.9986677482,0.011407208942000003,0.01742216538000001,0.004057767313599996,0.007995103290400003,0.0003892544676866315,0.007161998140600888,0.5477802586137432,0.8366216754678436,-1,-1,instant_velocity,dbscan_kmeans_fallback,False
2850,328,3.5400231439,12.5768941253,0.004209302191999997,-0.013794536419999837,0.004209302191999997,-0.013794536419999837,0.0027655115403539985,-0.009057998574239978,0.2918571578896261,-0.9564611924508014,10,10,instant_velocity,dbscan_kmeans_fallback,False
2850,354,10.9765973274,12.3487353568,0.025424185239999987,-0.02186123764999994,0.025424185239999987,-0.02186123764999994,0.012966334472399994,-0.011154243057299989,0.758237479822409,-0.6519780116869037,-1,-1,instant_velocity,dbscan_kmeans_fallback,False
2850,376,7.55254045891,7.9915233934,-0.0005261627739999497,-0.0005966495000000016,-0.000526162774200003,-0.0005966494994000016,-0.0005361412696201773,-0.000599662986698111,-0.6614064443547982,-0.7500109164338314,3,3,instant_velocity,dbscan_kmeans_fallback,False
2860,121,0.0334639524305,6.45932747924,-0.07303139304004999,-0.0027923196570000643,-0.055533323825789994,-0.005665783645199997,-0.0570541778956772,-0.003984154692042613,-0.9992697247597745,-0.038206590055889916,0,0,instant_velocity,dbscan_kmeans_fallback,False
2860,123,1.00160345671,6.98294707982,-0.061350579456,-0.0046061341340000615,-0.04425660325199999,-0.0032362268840000043,-0.045460152224294295,-0.005048406848015937,-0.9971932767114975,-0.07486817615716893,0,0,instant_velocity,dbscan_kmeans_fallback,False
2860,128,0.811763927826,12.8892998031,-0.015995348331499994,0.01766082517999994,-0.01622265064988,0.010415113660000017,-0.016675522905843267,0.012290818758075594,-0.6712938778059213,0.7411907246175512,1,1,instant_velocity,dbscan_kmeans_fallback,False
2860,129,1.76096157224,12.129168341,-0.030685812982999994,0.02226695930999991,-0.028278092129199996,0.021403010838000006,-0.02772165573315535,0.021848377542320385,-0.8093626718942908,0.5873087244612757,1,1,instant_velocity,dbscan_kmeans_fallback,False
2860,130,2.54094526851,12.7542183565,-0.020141510991000013,0.019713299459999868,-0.019261766833000005,0.018901856138,-0.018510867857516364,0.019599045087769832,-0.7146626369216497,0.6994688025543291,1,1,instant_velocity,dbscan_kmeans_fallback,False
2860,132,2.15137435059,12.6172276315,-0.01696348783600001,0.019904227299999987,-0.017089766901600002,0.018290887052000004,-0.01580408961030295,0.0183052425963465,-0.6486442315176401,0.7610912535075263,1,1,instant_velocity,dbscan_kmeans_fallback,False
2860,133,3.10625455296,12.6728353648,-0.018184185472000004,0.023865979969999885,-0.020747650507000007,0.021173897429999967,-0.017531168153184905,0.022028534881907917,-0.6060552794685765,0.7954221091058242,1,1,instant_velocity,dbscan_kmeans_fallback,False
2860,137,1.84304296499,4.98083002002,-0.021425348160000014,-0.0013364948779999608,-0.017611720373399996,-0.0017899484978000047,-0.019234642170524625,-0.0018276637263960438,-0.9980596158361199,-0.0622581044911049,2,2,instant_velocity,dbscan_kmeans_fallback,False
2860,138,1.76622319998,5.60301611787,-0.02052034818799999,-0.006109690872999974,-0.0192617668328,-0.004405659902799996,-0.020147065184579642,-0.004505920421540946,-0.9584204115056587,-0.2853583373452359,2,2,instant_velocity,dbscan_kmeans_fallback,False
2860,140,2.51253247871,6.76505068268,-0.022667092307000036,0.015298093162000015,-0.023656278322000002,0.010796969338999993,-0.024941921632585233,0.010238382856300816,-0.8288855756157314,0.5594175284887124,3,3,instant_velocity,dbscan_kmeans_fallback,False
2860,141,3.1224603664,6.04477540714,-0.01812104593899999,0.017231237539000067,-0.016416278550800002,0.008109659994200005,-0.018839985113689128,0.008921303473338442,-0.7246746870460117,0.6890905587362282,3,3,instant_velocity,dbscan_kmeans_fallback,False
2860,142,9.05799738806,9.67479096078,0.0029675580450000184,-0.0026013918170001205,0.0154944413706,0.00548440219739998,0.016183661772394303,0.004531509349345815,0.7519743974722343,-0.6591884689412552,4,4,instant_velocity,dbscan_kmeans_fallback,False
2860,143,10.275117117,9.28553682745,-0.0278234874999999,-0.014486649842999988,-0.023483696931999986,-0.01667277360899998,-0.024000417855922898,-0.01729820365891563,-0.8869758297841033,-0.46181515761770375,5,5,instant_velocity,dbscan_kmeans_fallback,False
2860,144,10.1284229356,8.38602804233,-0.03628418490000005,-0.02715948520799998,-0.03612844071800001,-0.024815845974199995,-0.03348552088075543,-0.0267031908274386,-0.8005676889202774,-0.5992419663045255,-1,-1,instant_velocity,dbscan_kmeans_fallback,False
2860,145,11.2960833638,9.92323581229,-0.009449883420000128,-0.03787531021100001,-0.009378325286000013,-0.0329875575162,-0.010347744959680721,-0.03201718701206166,-0.24207878863378834,-0.9702563309514048,-1,-1,instant_velocity,dbscan_kmeans_fallback,False
2860,146,13.4630321325,0.972777343632,-0.04834383567999989,0.0006443814591999941,-0.04834383567999989,0.0006443814591999941,-0.03176190004323,0.00042335861871539964,-0.999910972115045,0.013327947239158304,6,6,instant_velocity,dbscan_kmeans_fallback,False
2860,147,14.1196832746,1.55582323433,-0.044723835789999986,0.004486804234000008,-0.044723835789999986,0.004486804234000008,-0.022809156254999997,0.0022832583037500015,-0.9950051530578577,0.09982134257343905,6,6,instant_velocity,dbscan_kmeans_fallback,False
2860,232,12.2347577528,7.88245586494,0.0006734883600000074,0.0001193298999999648,0.0006734883520000068,0.00011932990000000032,0.0006735875147000222,0.00011823132201292335,0.984649072942224,0.17446192449302664,7,7,instant_velocity,dbscan_kmeans_fallback,False
2860,233,12.7415577367,7.47005173103,0.00035779068000003634,0.0,0.00034937208200002345,0.0,0.00035104168003710444,3.2709295972138957e-07,0.9999720514784936,0.0,7,7,instant_velocity,dbscan_kmeans_fallback,False
2860,238,12.4706891406,8.41633783689,0.00039988369999992556,0.00016706185899995063,0.000404093010000004,0.00016706185979998623,0.000406516526228503,0.00016670893720506372,0.9226917753031249,0.38547858606423185,7,7,instant_velocity,dbscan_kmeans_fallback,False
2860,248,11.6431403296,5.23524136651,0.0005893023099998729,0.0002863917590000042,0.0006019302139999993,0.0002816185636000057,0.0006024014912890985,0.0002798118475656457,0.8993989157475598,0.4370938873864177,8,8,instant_velocity,dbscan_kmeans_fallback,False
2860,249,12.2008728701,4.8276104286,0.00027360463999990257,0.00023865979900001834,0.0002736046419999738,0.00022911340760000342,0.00027440721088017373,0.00025351520740702466,0.7535709353473579,0.6573247002036233,8,8,instant_velocity,dbscan_kmeans_fallback,False
2860,253,12.212237986,8.70511619455,0.02748674331000007,0.01923597985699992,0.028669557232,0.019789670592199986,0.02935084103742793,0.01781610762705613,0.8192980529274333,0.5733673380381025,9,9,instant_velocity,dbscan_kmeans_fallback,False
2860,254,11.5629531228,8.77790743346,0.024645464329999988,0.015011701401999922,0.029839743241999984,0.013026051868399975,0.02973123261258525,0.012661579683322816,0.8540425526271431,0.5202024848456358,9,9,instant_velocity,dbscan_kmeans_fallback,False
2860,256,1.04559066462,4.34360835478,0.006734883508099998,-0.023865979972000063,-0.00011365115920000335,-0.029569949184600014,0.0025957014898236926,-0.026579714638697086,0.27158904650341403,-0.9624128964769071,-1,-1,instant_velocity,dbscan_kmeans_fallback,False
2860,257,6.71573118304,8.88530434333,0.03634732443199997,0.010119175508000034,0.04053137081159999,0.009880515708200015,0.038655313734658074,0.009744430816657565,0.9633623633417138,0.2682022125368336,10,10,instant_velocity,dbscan_kmeans_fallback,False
2860,258,6.91588350229,7.99987648639,0.025255813154999984,0.009546391988000025,0.0402240917516,0.006453360984199996,0.03733244426813024,0.007047697140973174,0.9354067501666301,0.3535724409468876,10,10,instant_velocity,dbscan_kmeans_fallback,False
2860,259,2.03393481942,7.51706771157,0.020688720276000015,0.007828041429999998,0.021614766758520004,0.009555938380400005,0.020209020696471857,0.008739396324102724,0.9352876750887161,0.3538870733370653,-1,-1,instant_velocity,dbscan_kmeans_fallback,False
2860,277,9.54227760531,8.60941361486,-0.03215906875099996,-0.011765928125999992,-0.03614948722979999,-0.005026175382000026,-0.0353374257706725,-0.005720308064087834,-0.9391186658627798,-0.3435921235742528,5,5,instant_velocity,dbscan_kmeans_fallback,False
2860,324,6.02877306522,9.03661465635,0.0014311627450000585,-0.01083515490699991,0.0008039767188000014,-0.010634680675199988,0.0021475066545786022,-0.010310625413041782,0.1309476514629318,-0.991388361152904,4,4,instant_velocity,dbscan_kmeans_fallback,False
2860,325,5.54428238287,8.97360846923,0.010859999656999974,-0.005417577453,0.0111883252278,-0.007493917711000009,0.010011457476137095,-0.008139967895780252,0.8948355076519963,-0.4463941826438748,4,4,instant_velocity,dbscan_kmeans_fallback,False
2860,326,4.00725568727,11.9024415313,0.003388488264999978,-0.007470051730000015,0.003401116171599998,-0.007470051732000016,0.002836035986588774,-0.00406712125024987,0.4130960920863656,-0.9106861042489168,11,11,instant_velocity,dbscan_kmeans_fallback,False
2860,327,3.56128011997,9.28768476565,0.01993104588100003,0.028901701744999998,0.007989255561400004,0.01284467042060001,0.0062517918916806525,0.013683909221920622,0.5677103597677065,0.8232280229305078,-1,-1,instant_velocity,dbscan_kmeans_fallback,False
2860,328,3.58211616583,12.4389487611,0.004209302192999998,-0.013794536420000014,0.004209302192999998,-0.013794536420000014,0.0031986487361477982,-0.01047895992796799,0.29185715795305284,-0.9564611924314472,11,11,instant_velocity,dbscan_kmeans_fallback,False
2860,354,11.235048482,12.1465905064,0.025845115459999946,-0.020214485039999987,0.025845115459999946,-0.020214485039999987,0.016829968768679978,-0.013872315652109987,0.7876841102825601,-0.6160788365676175,-1,-1,instant_velocity,dbscan_kmeans_fallback,False
2860,376,7.54727883117,7.98555689841,-0.0005261627740000385,-0.0005966494990000016,-0.000526162774000003,-0.0005966494994000016,-0.0005331477209341356,-0.0005987589403886782,-0.6614064449784376,-0.7500109158838516,4,4,instant_velocity,dbscan_kmeans_fallback,False
2870,123,0.332955803428,6.94070429527,-0.0668647653282,-0.004224278454999997,-0.04949297517944,-0.004238598042800011,-0.05188153615546601,-0.004801168330111155,-0.9980101731872574,-0.06305073908167469,-1,-1,instant_velocity,dbscan_kmeans_fallback,False
2870,128,0.65202090962,13.0661467147,-0.0159743018206,0.017684691160000023,-0.016142673908199998,0.012758752892000019,-0.01646515658027029,0.013908980478652924,-0.6703098337889807,0.7420807823214036,0,0,instant_velocity,dbscan_kmeans_fallback,False
2870,129,1.480201116,12.341336903,-0.028076045624000012,0.021216856200000044,-0.031409812960400005,0.022586763446000014,-0.02782797270040875,0.021658921139624282,-0.7978145564036218,0.6029024508712438,0,0,instant_velocity,dbscan_kmeans_fallback,False
2870,130,2.35636736737,12.9296333093,-0.018457790113999995,0.017541495280000062,-0.0201078365736,0.01982785616000001,-0.018494944534461454,0.0189817801454389,-0.7248698140887938,0.6888853077166972,0,0,instant_velocity,dbscan_kmeans_fallback,False
2870,132,1.96826970522,12.7609008309,-0.01831046453699998,0.014367319940000022,-0.017287604104599997,0.018076093230000014,-0.01655600208831206,0.017123865799442556,-0.7867243035687008,0.6173038237836619,0,0,instant_velocity,dbscan_kmeans_fallback,False
2870,133,2.92967432599,12.9210415565,-0.017658022696999964,0.024820619170000134,-0.019813185419999994,0.022233546942000013,-0.017569224516329425,0.02286616016833558,-0.5796937507109501,0.8148340314496264,0,0,instant_velocity,dbscan_kmeans_fallback,False
2870,137,1.62857901828,4.96722641144,-0.021446394671000003,-0.0013603608579999538,-0.0190302552124,-0.001632433029999998,-0.019898167920667238,-0.0016874728658772167,-0.9979938559909699,-0.06330349688334139,1,1,instant_velocity,dbscan_kmeans_fallback,False
2870,138,1.5130336731,5.53094085836,-0.025318952687999996,-0.007207525951000005,-0.021113859797600002,-0.005847165092999997,-0.02169863143560575,-0.005316402080378663,-0.9617886456097637,-0.2737916022053716,1,1,instant_velocity,dbscan_kmeans_fallback,False
2870,140,2.28607202075,6.91803161429,-0.022646045796000002,0.015298093161000014,-0.023311115542200004,0.012348258036999998,-0.024253158881609664,0.011756295947710575,-0.8286444921951873,0.5597745740314021,2,2,instant_velocity,dbscan_kmeans_fallback,False
2870,141,2.94124990702,6.21708778254,-0.018121045937999992,0.01723123753999998,-0.0169340227204,0.010878113671000006,-0.018624303360982385,0.011414283693336903,-0.7246746870070538,0.6890905587771976,2,2,instant_velocity,dbscan_kmeans_fallback,False
2870,142,9.08746250341,9.64853838282,0.002946511534999985,-0.002625257795999936,0.010670581058000011,0.0023722784091999927,0.012212516701176008,0.0023844792057420893,0.7466348077155347,-0.6652303330352075,3,3,instant_velocity,dbscan_kmeans_fallback,False
2870,143,9.99709270721,9.14067032903,-0.027802440979000132,-0.014486649842000076,-0.024834882935800023,-0.015990206580800005,-0.02514102479284607,-0.016454737513840963,-0.8868326092000808,-0.46209012682205486,4,4,instant_velocity,dbscan_kmeans_fallback,False
2870,144,9.76558108662,8.11443319026,-0.036284184898000046,-0.027159485207000067,-0.03636837094360001,-0.025441134649400007,-0.03432512008592882,-0.02684007914130704,-0.8005676889150154,-0.5992419663115555,4,4,instant_velocity,dbscan_kmeans_fallback,False
2870,145,11.2017949947,9.54472136994,-0.009428836909999915,-0.03785144423500011,-0.007054790474000008,-0.034958887461200024,-0.010072072544776479,-0.03376746417894319,-0.2417145519335402,-0.9703471351378499,-1,-1,instant_velocity,dbscan_kmeans_fallback,False
2870,146,12.9869600546,0.993540746207,-0.04760720778999996,0.0020763402574999978,-0.04760720778999996,0.0020763402574999978,-0.03651549236726099,0.0009192531103507792,-0.9990500550206114,0.043572558542965226,5,5,instant_velocity,dbscan_kmeans_fallback,False
2870,147,13.6724449166,1.60045261688,-0.044723835799999986,0.004462938254999993,-0.044723835799999986,0.004462938254999993,-0.029383560118499994,0.0029371622891249992,-0.9950577538459935,0.09929562695455679,5,5,instant_velocity,dbscan_kmeans_fallback,False
2870,232,12.2412821711,7.88364916393,0.0006524418299999723,0.00011932989900005353,0.000669279048,0.0001193298998000003,0.0006672438092900072,0.0001185608951090624,0.9836677038044872,0.17991024233472125,6,6,instant_velocity,dbscan_kmeans_fallback,False
2870,233,12.7449251785,7.47005173103,0.0003367441800000037,0.0,0.00034516278000001676,0.0,0.0003467524300259742,2.2896507180497268e-07,0.9999703047487043,0.0,6,6,instant_velocity,dbscan_kmeans_fallback,False
2870,238,12.4746879777,8.41800845549,0.00039988371000010403,0.00016706186000003953,0.000404093010000004,0.00016706185979998623,0.0004045266813599833,0.00016681481404355646,0.9226917779116667,0.3854785798216845,6,6,instant_velocity,dbscan_kmeans_fallback,False
2870,248,11.6492438178,5.23810528411,0.0006103488200000839,0.0002863917600000043,0.0006019302139999993,0.0002816185636000057,0.0006047856899023942,0.0002817858212959533,0.9052797058641169,0.42478110837451116,7,7,instant_velocity,dbscan_kmeans_fallback,False
2870,249,12.2036089165,4.8299970266,0.0002736046400000802,0.0002386598000000184,0.00027360464200000935,0.00023388660380000204,0.0002741664396161457,0.0002490585851849228,0.7535709339832477,0.657324701767544,7,7,instant_velocity,dbscan_kmeans_fallback,False
2870,253,12.4826856519,8.89365743632,0.02704476659000008,0.018854124177000033,0.028063417717999996,0.01946986646059999,0.028659018703199576,0.0181275125920393,0.8203304476611648,0.5718892812370018,8,8,instant_velocity,dbscan_kmeans_fallback,False
2870,254,11.8094077662,8.92802444748,0.02464546433999999,0.015011701402000099,0.028395952589999992,0.013574969407600009,0.028205502130809672,0.013366616198926002,0.8540425527209157,0.5202024846916851,8,8,instant_velocity,dbscan_kmeans_fallback,False
2870,256,1.24174414679,4.19086608297,0.019615348216999996,-0.015274227180999933,0.005000651004699998,-0.025813443936999983,0.007701595507976584,-0.02318806840138794,0.7890039146872057,-0.6143875146292883,-1,-1,instant_velocity,dbscan_kmeans_fallback,False
2870,257,7.06889163699,9.00893011958,0.035316045395000016,0.012362577624999992,0.03833411506720001,0.010443752835400026,0.03765353323276066,0.010529874859160293,0.9438417555266324,0.33039704298449674,9,9,instant_velocity,dbscan_kmeans_fallback,False
2870,258,7.16844163385,8.09534040628,0.025255813155999986,0.009546391989000026,0.0358632546802,0.008687216709599994,0.033709454934491165,0.00779730559538123,0.9354067501590108,0.3535724409670452,9,9,instant_velocity,dbscan_kmeans_fallback,False
2870,259,2.23366620846,7.58436977509,0.019973138903999967,0.006730206351999968,0.021509534203799995,0.009145443525000001,0.02013825615873029,0.008136639332471898,0.9476459407158089,0.3193215027596512,-1,-1,instant_velocity,dbscan_kmeans_fallback,False
2870,277,9.22194970846,8.45380742545,-0.03203278968499994,-0.015560618940999938,-0.03350183615079999,-0.00900702084119999,-0.03434603494497073,-0.008672401327161466,-0.899487650715211,-0.4369455396346219,4,4,instant_velocity,dbscan_kmeans_fallback,False
2870,324,6.08096841241,8.95141310785,0.005219534718999963,-0.008520154850000062,0.002012046447999989,-0.01031964973960001,0.0030691150739050104,-0.009773484244129264,0.522379957178696,-0.8527116621137515,3,3,instant_velocity,dbscan_kmeans_fallback,False
2870,325,5.67203470441,8.9139435193,0.012775232154000005,-0.005966494992999926,0.01078002291499999,-0.0058614846809999935,0.010840589879495969,-0.007487926024946153,0.9060541738320517,-0.4231600354802929,3,3,instant_velocity,dbscan_kmeans_fallback,False
2870,326,4.04135103503,11.827741014,0.0034095347760000117,-0.0074700517299998385,0.003401116171599998,-0.007470051731999981,0.0030080856234121454,-0.005088000394174861,0.41522066950295,-0.9097193852913474,10,10,instant_velocity,dbscan_kmeans_fallback,False
2870,327,3.73575569585,9.60367034047,0.017447557587999984,0.03159855748199991,0.010906301980800004,0.017971082918400008,0.009610521600576452,0.01905830369994441,0.4833717828884651,0.8754148533249685,-1,-1,instant_velocity,dbscan_kmeans_fallback,False
2870,328,3.61999988556,12.2986167988,0.003788371972999993,-0.014033196230000123,0.004125116148599997,-0.01383749518800002,0.003375565707203457,-0.01154523081857763,0.2606277759195815,-0.9654386497774868,10,10,instant_velocity,dbscan_kmeans_fallback,False
2870,354,11.5029705666,11.9840631828,0.026792208460000033,-0.016252732360000088,0.026792208460000033,-0.016252732360000088,0.019818640676075992,-0.014586440664477018,0.8549848854854131,-0.5186522990960531,-1,-1,instant_velocity,dbscan_kmeans_fallback,False
2870,376,7.54201720343,7.97959040342,-0.0005261627739999497,-0.0005966494990000016,-0.0005261627739999852,-0.0005966494992000193,-0.0005310522368538799,-0.0005981261079720752,-0.6614064449783748,-0.750010915883907,3,3,instant_velocity,dbscan_kmeans_fallback,False
2880,128,0.492277891414,13.2429936263,-0.0159743018206,0.017684691160000023,-0.01606690646872,0.015102392126000019,-0.0163179001523692,0.015041693683057054,-0.6703098337889807,0.7420807823214036,0,0,instant_velocity,dbscan_kmeans_fallback,False
2880,129,1.19965112487,12.5535054649,-0.028054999113000002,0.021216856190000043,-0.0320959292178,0.022825423244000012,-0.02789608062418613,0.021526301654737012,-0.7975970103023899,0.6031902192190167,0,0,instant_velocity,dbscan_kmeans_fallback,False
2880,130,2.17157900112,13.1048096023,-0.018478836624999984,0.017517629299999983,-0.0204572086556,0.020147660292000005,-0.018490112161623013,0.018542534891807225,-0.7257295532924556,0.6879795273167978,0,0,instant_velocity,dbscan_kmeans_fallback,False
2880,132,1.77590459502,12.8678204212,-0.019236511019999993,0.010691959029999865,-0.017683278510799996,0.016944845779999974,-0.01736015476781844,0.01519429376860975,-0.8740602507097459,0.48581660055836967,0,0,instant_velocity,dbscan_kmeans_fallback,False
2880,133,2.75519875011,13.1733049648,-0.01744755758800003,0.025226340829999926,-0.0188408366136,0.02337434078400001,-0.017532724437830605,0.023574214366834885,-0.568838762083367,0.8224486675143354,0,0,instant_velocity,dbscan_kmeans_fallback,False
2880,137,1.41411507157,4.95386146265,-0.021446394671000003,-0.0013364948790000498,-0.020448790051200004,-0.0014653711701999939,-0.020362635945767066,-0.0015821794698140665,-0.9980634108686458,-0.06219724377948652,1,1,instant_velocity,dbscan_kmeans_fallback,False
2880,138,1.23900810037,5.45456972245,-0.027402557273000006,-0.007637113591000055,-0.022848092300800003,-0.006639515628000013,-0.023409809186824025,-0.006012615533565081,-0.9632879366979152,-0.268469081922172,1,1,instant_velocity,dbscan_kmeans_fallback,False
2880,140,2.06466272543,7.04046409155,-0.022140929531999996,0.01224324772599994,-0.022864929509600004,0.013288577648199986,-0.023619490076726764,0.011902381481197384,-0.8751161536226415,0.4839121068671048,2,2,instant_velocity,dbscan_kmeans_fallback,False
2880,141,2.75119991302,6.37364861115,-0.01900499939999998,0.015656082861,-0.017628557582399996,0.01332676321600001,-0.01873851217268766,0.012686823443635833,-0.771832122626856,0.6358257326031582,2,2,instant_velocity,dbscan_kmeans_fallback,False
2880,142,9.11713808387,9.62252446465,0.0029675580459999295,-0.0026013918169999427,0.005850930047600009,-0.0007398453789999948,0.009439029104623183,0.0008887178989194796,0.751974397582357,-0.6591884688156329,3,3,instant_velocity,dbscan_kmeans_fallback,False
2880,143,9.73401132018,8.93924145807,-0.026308138702999882,-0.020142887095999918,-0.025887208484399977,-0.016438887004199997,-0.025491158965892213,-0.01756118238848865,-0.7939948493639145,-0.6079239883176948,4,4,instant_velocity,dbscan_kmeans_fallback,False
2880,144,9.40379156318,7.75644349069,-0.036178952343999884,-0.03579896995700001,-0.036309440712399985,-0.0279852481144,-0.03488126976335014,-0.02952774638601493,-0.7108296605028909,-0.70336391775335,-1,-1,instant_velocity,dbscan_kmeans_fallback,False
2880,145,11.0189008144,9.22467857852,-0.018289418029999994,-0.03200427914199988,-0.009534069466000012,-0.03495888746159999,-0.012537276190343533,-0.0332385086678602,-0.4961645411872771,-0.8682281989767565,-1,-1,instant_velocity,dbscan_kmeans_fallback,False
2880,146,12.5780263466,1.14341910043,-0.040893370800000106,0.01498783542230001,-0.04670641712800002,0.003799464011500002,-0.03782885589708272,0.00513982780393555,-0.938923590111098,0.3441250248487751,5,5,instant_velocity,dbscan_kmeans_fallback,False
2880,147,13.2348879537,1.68827942317,-0.04375569629000005,0.008782680629000006,-0.04375569629000005,0.008782680629000006,-0.03369520096995001,0.004690817791087501,-0.9804443060626064,0.19679561622328365,5,5,instant_velocity,dbscan_kmeans_fallback,False
2880,232,12.2480170547,7.88484246293,0.0006734883600000074,0.0001193298999999648,0.0006692790500000001,0.0001193298998000003,0.0006691171745030072,0.00011879159657633311,0.984649072942224,0.17446192449302664,6,6,instant_velocity,dbscan_kmeans_fallback,False
2880,233,12.7485030853,7.47005173103,0.0003577906799998587,0.0,0.00034937208199998794,0.0,0.0003500639050181396,1.6027555026348088e-07,0.9999720514784936,0.0,6,6,instant_velocity,dbscan_kmeans_fallback,False
2880,238,12.4786868148,8.41967907409,0.0003998837099999264,0.00016706186000003953,0.000404093010000004,0.00016706185980002174,0.0004031337899519662,0.00016688892783050139,0.9226917779116057,0.38547857982183026,6,6,instant_velocity,dbscan_kmeans_fallback,False
2880,248,11.655347306,5.24096920171,0.0006103488199999063,0.00028639175999991553,0.0006061395160000061,0.00028161856379998795,0.0006064546289316478,0.000283167602907142,0.90527970586412,0.42478110837450456,7,7,instant_velocity,dbscan_kmeans_fallback,False
2880,249,12.206344963,4.8323836246,0.0002736046499999034,0.0002386598000000184,0.000273604643999974,0.00023388660380000204,0.000273997902731273,0.0002459389496294515,0.7535709458844965,0.65732468812457,7,7,instant_velocity,dbscan_kmeans_fallback,False
2880,253,12.713355412,9.04759300714,0.023066976009999962,0.015393557081999987,0.02666592938800001,0.018457948910000008,0.02698140589523969,0.017307325939027507,0.8317907209661042,0.5550887094137863,8,8,instant_velocity,dbscan_kmeans_fallback,False
2880,254,12.0560728747,9.0779028017,0.024666510850000024,0.014987835422000018,0.026960580543999982,0.014123886947000024,0.027143804746566778,0.013852981965848207,0.8546067338858585,0.5192751076917796,8,8,instant_velocity,dbscan_kmeans_fallback,False
2880,256,1.45220925642,4.04767020314,0.02104651096300001,-0.014319587983000037,0.010556929898900001,-0.021613031462,0.011705070144483614,-0.02052752427587157,0.8267807393796314,-0.5625236202337681,-1,-1,instant_velocity,dbscan_kmeans_fallback,False
2880,257,7.41510674233,9.14759146322,0.03462151053399998,0.013866134363999905,0.0359979523504,0.011307701310399985,0.036743926423132456,0.011530752710612178,0.9283142708117322,0.37179574815064836,9,9,instant_velocity,dbscan_kmeans_fallback,False
2880,258,7.37259279018,8.29700793704,0.020415115633000004,0.020166753076,0.030967836230199986,0.011131093058600001,0.029721153144043815,0.011508139839566861,0.7114207303054424,0.702765855414807,9,9,instant_velocity,dbscan_kmeans_fallback,False
2880,259,2.43339759749,7.65191049841,0.01997313890300001,0.00675407233200005,0.0210717667758,0.008439010517800015,0.020088720982011206,0.0077218692323303435,0.9473028673569952,0.3203378356057584,-1,-1,instant_velocity,dbscan_kmeans_fallback,False
2880,277,8.92224739236,8.27982443146,-0.02997023161000012,-0.017398299399000016,-0.03173813853080002,-0.012123917825399993,-0.03303329394447955,-0.011290170748713031,-0.8648359410230594,-0.5020539990726834,4,4,instant_velocity,dbscan_kmeans_fallback,False
2880,324,6.28448817342,8.95928888124,0.02035197610099999,0.0007875773389999452,0.0059729998111999905,-0.008052381642400021,0.008253973382033505,-0.006605165769190501,0.9992515882228163,0.03866886944729294,3,3,instant_velocity,dbscan_kmeans_fallback,False
2880,325,5.79978702595,8.85427856937,0.012775232154000005,-0.005966494992999926,0.011108348485999998,-0.005498721785399994,0.01142098256184718,-0.007031496715362285,0.9060541738320517,-0.4231600354802929,3,3,instant_velocity,dbscan_kmeans_fallback,False
2880,326,4.07544638279,11.7528018369,0.0034095347760000117,-0.007493917710000098,0.003401116171599998,-0.007474824925999997,0.0031285203691885054,-0.005809775588922432,0.41412539687568195,-0.9102185047803957,10,10,instant_velocity,dbscan_kmeans_fallback,False
2880,327,3.89360452807,9.93779406007,0.015784883222,0.03341237196000009,0.013490813526999998,0.023460258311800004,0.011462830087003517,0.023364524177961116,0.4271570607583404,0.9041771420586837,-1,-1,instant_velocity,dbscan_kmeans_fallback,False
2880,328,3.61999988556,12.1368054546,0.0,-0.01618113442000002,0.003283255710199997,-0.014314814788000021,0.00236289599504242,-0.012936001899004347,0.0,-0.99999938199674,10,10,instant_velocity,dbscan_kmeans_fallback,False
2880,354,11.7605798608,11.8107961682,0.025760929419999988,-0.017326701460000038,0.025849324763999988,-0.019508052028000017,0.02160132729925319,-0.015408518903133925,0.8297722364825136,-0.5581015959062036,-1,-1,instant_velocity,dbscan_kmeans_fallback,False
2880,376,7.53675557569,7.97362390843,-0.0005261627740000385,-0.0005966494990000016,-0.000526162774000003,-0.0005966494992000193,-0.0005295853979977275,-0.0005976831252804531,-0.6614064449784376,-0.7500109158838516,3,3,instant_velocity,dbscan_kmeans_fallback,False
2890,128,0.332534873208,13.4198405379,-0.0159743018206,0.017684691160000023,-0.015986929727239998,0.01744603136000002,-0.01621482065283844,0.015834592926139944,-0.6703098337889807,0.7420807823214036,0,0,instant_velocity,dbscan_kmeans_fallback,False
2890,129,1.01086392153,12.8580353694,-0.018878720334,0.030452990449999894,-0.0285053944478,0.023970990283999995,-0.02519087253713029,0.02420430829331588,-0.5268965047570647,0.8499291235649922,0,0,instant_velocity,dbscan_kmeans_fallback,False
2890,130,1.98700109997,13.2802245551,-0.018457790114999994,0.017541495280000062,-0.019627976123800003,0.019059371606000006,-0.018480415547636107,0.018242223008265078,-0.7248698141074307,0.6888853076970868,0,0,instant_velocity,dbscan_kmeans_fallback,False
2890,132,1.58353948482,12.9749786712,-0.019236511020000013,0.010715825000000123,-0.018137883147600006,0.015111938518000016,-0.01792306164347291,0.013850753138026861,-0.8735996240248679,0.4866444170350587,0,0,instant_velocity,dbscan_kmeans_fallback,False
2890,133,2.58093363934,13.4255683731,-0.017426511076999995,0.025226340830000103,-0.017860069202800002,0.024515134626000013,-0.017500860429581423,0.02406985230578445,-0.5683743464104811,0.8227696822517186,0,0,instant_velocity,dbscan_kmeans_fallback,False
2890,137,1.19965112487,4.94025785407,-0.02144639467,-0.0013603608579999538,-0.021442185368600004,-0.001350814466399992,-0.02068776356303695,-0.0015156338862698327,-0.9979938559907834,-0.06330349688628127,1,1,instant_velocity,dbscan_kmeans_fallback,False
2890,138,0.964982527633,5.37795992674,-0.0274025572737,-0.007660979570999959,-0.024228743420140003,-0.006949773367799992,-0.024607633612886818,-0.006507124744795544,-0.9630707036096011,-0.2692473155730949,1,1,instant_velocity,dbscan_kmeans_fallback,False
2890,140,1.8651418015,7.04046409155,-0.019952092392999977,0.0,-0.0220146504668,0.011627505442199997,-0.022519270771608726,0.008331667036838169,-0.9999994987996851,0.0,1,1,instant_velocity,dbscan_kmeans_fallback,False
2890,141,2.48264643314,6.38892283833,-0.026855347988,0.0015274227179999933,-0.0198889528596,0.012949680732399998,-0.021173562917281362,0.00933900322594508,-0.9983861070949815,0.05678413186058355,1,1,instant_velocity,dbscan_kmeans_fallback,False
2890,142,9.14660319922,9.59627188668,0.002946511534999985,-0.0026252577970000248,0.002959139441400005,-0.002610938208799993,0.007491273833736224,-0.00016547480985637183,0.7466348075896654,-0.6652303331764803,2,2,instant_velocity,dbscan_kmeans_fallback,False
2890,143,9.47092993315,8.73805124691,-0.026308138703000063,-0.020119021116000013,-0.026939534033,-0.016882794231599975,-0.025736252887024566,-0.01832853400674206,-0.7943425470267172,-0.6074695993276525,3,3,instant_velocity,dbscan_kmeans_fallback,False
2890,144,9.04221250484,7.39845379112,-0.036157905834000026,-0.03579896995700001,-0.03624209187719998,-0.030534134775199995,-0.035264260584545105,-0.031409113457310456,-0.7106249964495512,-0.7035706939274481,-1,-1,instant_velocity,dbscan_kmeans_fallback,False
2890,145,10.747400823,8.96286877824,-0.027149999140000068,-0.026180980028,-0.014122208856,-0.033703536915199984,-0.016921093075240493,-0.03112125007590214,-0.7198358416189153,-0.6941439554264144,3,3,instant_velocity,dbscan_kmeans_fallback,False
2890,146,12.1690926385,1.29353611445,-0.04089337080999993,0.015011701401999988,-0.04521632415199999,0.006672928000059999,-0.03874821037095788,0.008101389883354881,-0.9387464463482327,0.34460796617240996,4,4,instant_velocity,dbscan_kmeans_fallback,False
2890,147,12.8072228509,1.81930365322,-0.04276651027999989,0.013102423004999997,-0.04413874279199998,0.0070595568755999994,-0.03641659376296497,0.00721429935526125,-0.9561331728957211,0.2929315765624019,4,4,instant_velocity,dbscan_kmeans_fallback,False
2890,232,12.2547519382,7.88603576193,0.0006734883500000066,0.0001193298999999648,0.0006692790500000001,0.0001193298998000003,0.000670428527152107,0.00011895308760342261,0.9846490724970113,0.17446192700456556,5,5,instant_velocity,dbscan_kmeans_fallback,False
2890,233,12.7518705271,7.47005173103,0.0003367441800000037,0.0,0.00034516277999998126,0.0,0.0003460679875126988,1.121928851844366e-07,0.9999703047487043,0.0,5,5,instant_velocity,dbscan_kmeans_fallback,False
2890,238,12.482896117,8.42134969269,0.00042093021999995984,0.00016706186000003953,0.0004040930099999684,0.00016706185980002174,0.0004084727189663643,0.00016694080748136283,0.9294504592137953,0.3688870865440888,5,5,instant_velocity,dbscan_kmeans_fallback,False
2890,248,11.6614507941,5.2435944595,0.0006103488100000831,0.0002625257790000113,0.0006061395160000061,0.00027684536759998936,0.0006076228832521785,0.00027697505573500276,0.9186139600504365,0.3951180726681408,5,5,instant_velocity,dbscan_kmeans_fallback,False
2890,249,12.2090810094,4.8345315628,0.0002736046400000802,0.00021479381999993662,0.00027360464200000935,0.00022911340779998567,0.00027387992391191517,0.000236595410740597,0.7865488028838031,0.6174815675192487,5,5,instant_velocity,dbscan_kmeans_fallback,False
2890,253,12.9442356373,9.20152857795,0.023088022529999995,0.015393557081000075,0.025630441049999994,0.017617866414800006,0.02581339088566778,0.016733195281619276,0.8320243452923198,0.5547384681991232,6,6,instant_velocity,dbscan_kmeans_fallback,False
2890,254,12.2646437983,9.21560950614,0.020857092359999996,0.013770670443999933,0.024759115495999993,0.014424598294800006,0.025257791030596742,0.013828288509293726,0.8345172810721045,0.550981040842781,6,6,instant_velocity,dbscan_kmeans_fallback,False
2890,256,1.7098185506,3.96461659284,0.02576092941800001,-0.008305361029999991,0.01597851112282,-0.0171262272274,0.015921827926538533,-0.016860875302110095,0.9517580842085356,-0.3068481875910017,-1,-1,instant_velocity,dbscan_kmeans_fallback,False
2890,257,7.76132184766,9.28625280685,0.03462151053299998,0.013866134362999993,0.0354507430654,0.012066639473599991,0.03610720165609271,0.012231367206328524,0.9283142708172795,0.371795748136798,-1,-1,instant_velocity,dbscan_kmeans_fallback,False
2890,258,7.56474743527,8.52540536536,0.019215464509000045,0.02283974283199992,0.02582827825320001,0.014104794162999994,0.026569446553530683,0.014907620737296779,0.6437825557877549,0.7652080441268051,-1,-1,instant_velocity,dbscan_kmeans_fallback,False
2890,259,2.63291852142,7.71921256193,0.01995209239300002,0.006730206351999968,0.020587697023600002,0.007699165138800002,0.02004773240530785,0.007424370368231231,0.9475439747531393,0.31962394480090905,-1,-1,instant_velocity,dbscan_kmeans_fallback,False
2890,277,8.704626469,8.03305019855,-0.02176209233599984,-0.024677423290999912,-0.029637696737999982,-0.0154699282176,-0.029651933461935634,-0.015306346511399097,-0.6614145580588294,-0.7500201160826235,3,3,instant_velocity,dbscan_kmeans_fallback,False
2890,324,6.48800793443,8.96716465463,0.02035197610099999,0.0007875773390001228,0.009757162482399995,-0.005727835193199979,0.01188337419772345,-0.004387342836733313,0.999251588222816,0.03866886944730165,7,7,instant_velocity,dbscan_kmeans_fallback,False
2890,325,5.9363788821,8.77146361887,0.013659185614999991,-0.008281495050000132,0.0119249531114,-0.006138330048600018,0.012092443477793023,-0.007406496215753639,0.8551084666887536,-0.5184479319410816,7,7,instant_velocity,dbscan_kmeans_fallback,False
2890,326,4.10933126544,11.6781013196,0.003388488264999978,-0.007470051730000015,0.003401116171599998,-0.007474824925999997,0.0032065107379319474,-0.006307858431245707,0.4130960920863656,-0.9106861042489168,8,8,instant_velocity,dbscan_kmeans_fallback,False
2890,327,4.01083359413,10.2487677791,0.011722906606000016,0.031097371902999882,0.015258720447800007,0.028486433693999978,0.011540853042702467,0.025684378495472747,0.352742352657649,0.9357201669524274,-1,-1,instant_velocity,dbscan_kmeans_fallback,False
2890,328,3.61999988556,11.9747554506,0.0,-0.016205000399999926,0.0024413952715999976,-0.014801680777999983,0.0016540271965296937,-0.01391670144930302,0.0,-0.9999993829069063,8,8,instant_velocity,dbscan_kmeans_fallback,False
2890,354,11.9272682276,11.5423038935,0.016668836680000076,-0.02684922746999998,0.024098255052000007,-0.020500876796000007,0.020121580113477255,-0.01884073147319374,0.5274494698426131,-0.8495860309032166,-1,-1,instant_velocity,dbscan_kmeans_fallback,False
2890,376,7.48329743785,7.93949555707,-0.005345813783999986,-0.00341283513599997,-0.0014900929759999926,-0.0011598866265999951,-0.001974453913798405,-0.0014422287284963082,-0.8428770030394621,-0.5381033398337014,2,2,instant_velocity,dbscan_kmeans_fallback,False
2900,128,0.172581389893,13.5964487897,-0.0159953483315,0.01766082517999994,-0.01598272042496,0.017675144767999987,-0.01614897895643691,0.016382462602297945,-0.6712938778059215,0.7411907246175511,0,0,instant_velocity,dbscan_kmeans_fallback,False
2900,129,0.822287183307,13.1625652738,-0.01885767382229999,0.03045299044000007,-0.02491065037526,0.025121330517999994,-0.0232909129226812,0.026078912937321137,-0.5264719828805468,0.8501921505625946,0,0,instant_velocity,dbscan_kmeans_fallback,False
2900,130,1.80221273372,13.4556395078,-0.018478836625000005,0.01754149527000006,-0.018802952893999997,0.01797108291800001,-0.018479941870845278,0.018032004686785574,-0.7252617046308245,0.6884727117551311,0,0,instant_velocity,dbscan_kmeans_fallback,False
2900,132,1.39117437462,13.0818982615,-0.019236511019999993,0.010691959029999865,-0.018596697086599997,0.013274258059999973,-0.018317096456431037,0.01290311490561876,-0.8740602507097459,0.48581660055836967,0,0,instant_velocity,dbscan_kmeans_fallback,False
2900,133,2.40645806346,13.6778317814,-0.017447557587999984,0.025226340829999926,-0.017632766884399995,0.024873124325999994,-0.01748486957710699,0.02441679886304909,-0.568838762083366,0.822448667514336,0,0,instant_velocity,dbscan_kmeans_fallback,False
2900,137,0.903526715622,4.79873259284,-0.029612440924799987,-0.014152526122999998,-0.02307539461936,-0.003909247519199983,-0.02336516677156586,-0.005306701557288883,-0.902251861650689,-0.4312087299376522,1,1,instant_velocity,dbscan_kmeans_fallback,False
2900,138,0.690956954901,5.30135013103,-0.027402557273200002,-0.007660979570999959,-0.02560939453918,-0.00725525791139999,-0.025446110710980775,-0.006853281192656869,-0.9630707036083272,-0.2692473155776515,1,1,instant_velocity,dbscan_kmeans_fallback,False
2900,140,1.66541041247,7.04046409155,-0.01997313890300001,0.0,-0.021475859786200004,0.008567886809799995,-0.02175543121102611,0.005832166925786718,-0.9999994993278201,0.0,1,1,instant_velocity,dbscan_kmeans_fallback,False
2900,141,2.21388248815,6.40419706551,-0.026876394499000034,0.0015274227179999933,-0.021795766752799997,0.010634680675200006,-0.022884412391796963,0.006995529073561555,-0.9983886273438605,0.05673980826760746,1,1,instant_velocity,dbscan_kmeans_fallback,False
2900,142,9.17627877967,9.57025796851,0.0029675580450000184,-0.0026013918169999427,0.002959139441199987,-0.002610938208799993,0.006134159097115363,-0.0008962499119994432,0.7519743974722566,-0.6591884689412296,-1,-1,instant_velocity,dbscan_kmeans_fallback,False
2900,143,9.20784854612,8.53662237595,-0.026308138703000063,-0.020142887096000095,-0.02691006891760001,-0.017875618998600018,-0.025907818631817216,-0.01887283993351947,-0.7939948493639141,-0.6079239883176955,2,2,instant_velocity,dbscan_kmeans_fallback,False
2900,144,8.6804229814,7.04046409155,-0.03617895234400006,-0.03579896995700001,-0.036216836064000016,-0.03234317605720001,-0.03553866811238159,-0.03272607040721732,-0.7108296605028925,-0.7033639177533483,-1,-1,instant_velocity,dbscan_kmeans_fallback,False
2900,145,10.4756903665,8.70105897795,-0.027171045649999927,-0.02618098002900009,-0.018297836630000005,-0.032018598729000015,-0.019996078847668325,-0.029639169061831522,-0.7201045501911493,-0.6938651934930824,2,2,instant_velocity,dbscan_kmeans_fallback,False
2900,146,11.7601589305,1.44365312847,-0.040893370800000106,0.01501170140200001,-0.043726231176,0.0095463919886,-0.03939175849967055,0.01017448333894842,-0.9387464463209718,0.34460796624667156,3,3,instant_velocity,dbscan_kmeans_fallback,False
2900,147,12.3793472831,1.95008922346,-0.042787556780000104,0.013078557024000004,-0.043751486988,0.008782680629400002,-0.03832788266807551,0.008973576655882876,-0.9563227369775058,0.29231212039557913,3,3,instant_velocity,dbscan_kmeans_fallback,False
2900,232,12.2614868217,7.88722906093,0.0006734883500000066,0.00011932990000005362,0.0006692790500000001,0.0001193298998000003,0.0006713464740064769,0.00011906613132241193,0.984649072496989,0.17446192700469146,4,4,instant_velocity,dbscan_kmeans_fallback,False
2900,233,12.755448434,7.47005173103,0.00035779069000003717,0.0,0.00034937208199998794,0.0,0.00034958479825890034,7.853501962910562e-08,0.9999720514792747,0.0,4,4,instant_velocity,dbscan_kmeans_fallback,False
2900,238,12.4868949541,8.42302031129,0.00039988371000010403,0.00016706185999986188,0.000404093010000004,0.00016706185979998623,0.0004058960162764862,0.00016697712323691255,0.9226917779118126,0.3854785798213355,4,4,instant_velocity,dbscan_kmeans_fallback,False
2900,248,11.6673438172,5.2464583771,0.0005893023100000505,0.0002863917600000043,0.0006019302139999993,0.00028161856359998794,0.0006021267112765401,0.00027980006701450324,0.899398915147616,0.4370938886209325,4,4,instant_velocity,dbscan_kmeans_fallback,False
2900,249,12.2118170558,4.83691816079,0.00027360463999990257,0.00023865979900001834,0.0002736046419999738,0.00023388660360000203,0.0002737973387383114,0.00023721472721842341,0.7535709353473579,0.6573247002036233,4,4,instant_velocity,dbscan_kmeans_fallback,False
2900,253,13.1751158626,9.35546414877,0.023088022529999995,0.015393557081999987,0.02475490619400002,0.0168541550558,0.024995780378967443,0.01633130382173349,0.8320243452756882,0.5547384682240682,5,5,instant_velocity,dbscan_kmeans_fallback,False
2900,254,12.4692158849,9.35212291157,0.02045720866000007,0.013651340542999968,0.023054348108000014,0.014486649842599987,0.023817616319417742,0.0137752041194056,0.8318021292677912,0.5550715310065699,5,5,instant_velocity,dbscan_kmeans_fallback,False
2900,256,2.03772319139,3.97153772703,0.03279046407899999,0.0006921134189999733,0.021189627237020003,-0.01221460854940001,0.020982418772276974,-0.011594978685777073,0.999777013568638,0.02110244873117622,-1,-1,instant_velocity,dbscan_kmeans_fallback,False
2900,257,8.03197997864,9.43947239827,0.027065813098000113,0.015321959142000097,0.03359444079840001,0.013107196200400004,0.03339478508866493,0.013158544787029994,0.8702333138191229,0.49263915442204737,6,6,instant_velocity,dbscan_kmeans_fallback,False
2900,258,7.76974045205,8.69914969956,0.02049930167799996,0.017374433420000022,0.022128301626199994,0.015894742660999998,0.024748403090871465,0.015647664542107753,0.7628559649091292,0.6465678870216374,6,6,instant_velocity,dbscan_kmeans_fallback,False
2900,259,2.84127897994,7.70966616994,0.02083604585199996,-0.0009546391989999847,0.020284627265599996,0.0054175774534,0.020284226439315482,0.004910667498061866,0.9989515848875721,-0.045768681236862487,-1,-1,instant_velocity,dbscan_kmeans_fallback,False
2900,277,8.48679508054,7.78603730585,-0.02178313884600005,-0.024701289270000083,-0.027541464245599983,-0.018820711805399987,-0.02729129507715496,-0.01812482933897939,-0.6614145582512435,-0.7500201163044659,2,2,instant_velocity,dbscan_kmeans_fallback,False
2900,324,6.69279048609,8.97957496422,0.020478255166000013,0.0012410309589999003,0.013566580966400003,-0.0033078248240000006,0.014461838488206421,-0.0026988306980133487,0.9981682320569354,0.060491368440879635,7,7,instant_velocity,dbscan_kmeans_fallback,False
2900,325,6.0786532962,8.67313578139,0.014227441410000008,-0.009832783747999941,0.012859418197999996,-0.007092969247399985,0.01273294285745512,-0.00813438247542753,0.8226510258689277,-0.5685456298385464,7,7,instant_velocity,dbscan_kmeans_fallback,False
2900,326,4.1434266132,11.6034008023,0.0034095347760000117,-0.007470051730000015,0.003401116171599998,-0.007474824925999997,0.0032674179493523666,-0.006656516420872,0.4152206695029419,-0.9097193852913513,8,8,instant_velocity,dbscan_kmeans_fallback,False
2900,327,4.10112312616,10.5442286111,0.00902895320299999,0.029546083199999983,0.014783069300000005,0.030911217257999973,0.010787283090791723,0.026842889906830918,0.29224755144936165,0.9563423661615721,-1,-1,instant_velocity,dbscan_kmeans_fallback,False
2900,328,3.65451616354,11.7833502913,0.00345162779799999,-0.019140515930000036,0.002289860392799996,-0.015870876680000024,0.002193307376970783,-0.015483845793512125,0.17746839199578004,-0.9841259784832479,8,8,instant_velocity,dbscan_kmeans_fallback,False
2900,354,12.0939565944,11.2738116189,0.0166688366799999,-0.02684922745999998,0.02234718533999999,-0.021498474758000014,0.019085757083434046,-0.021243280269235613,0.527449469984405,-0.8495860308151875,-1,-1,instant_velocity,dbscan_kmeans_fallback,False
2900,355,11.3625903385,12.6095905179,0.0,0.0,0.0,0.0,0.0,0.0,0.0,0.0,9,9,instant_velocity,dbscan_kmeans_fallback,False
2900,356,10.4390694374,12.3554178312,0.0,0.0,0.0,0.0,0.0,0.0,0.0,0.0,9,9,instant_velocity,dbscan_kmeans_fallback,False
2900,357,10.9334519799,12.64276423,0.0,0.0,0.0,0.0,0.0,0.0,0.0,0.0,9,9,instant_velocity,dbscan_kmeans_fallback,False
2900,376,7.39742767312,7.88627442173,-0.008586976472999996,-0.005322113534000028,-0.003102255715800002,-0.0021049794334000007,-0.0039582106815588824,-0.0026061941701474244,-0.8499821615223871,-0.5268095912130137,-1,-1,instant_velocity,dbscan_kmeans_fallback,False
2910,129,0.633499979973,13.4670951782,-0.0188787203334,0.030452990439999893,-0.022549231845340002,0.02675853674399999,-0.02196725514589684,0.027391136188124762,-0.5268965048699538,0.8499291234950086,-1,-1,instant_velocity,dbscan_kmeans_fallback,False
2910,132,1.19901972954,13.1888178518,-0.019215464508,0.010691959030000042,-0.019047092420999997,0.011431804405999984,-0.018586606871901726,0.012239768142933144,-0.8738342625593911,0.48622296538319565,-1,-1,instant_velocity,dbscan_kmeans_fallback,False
2910,137,0.60719184127,4.65744599141,-0.0296334874352,-0.014128660143000005,-0.024717022474399997,-0.006467680572199992,-0.025245662970656106,-0.007953289133002221,-0.9026535093890241,-0.43036732308107806,0,0,instant_velocity,dbscan_kmeans_fallback,False
2910,138,0.416931382168,5.22474033533,-0.027402557273299995,-0.007660979570000048,-0.02698583635624,-0.007565515650800005,-0.026033044679676542,-0.0070955907058598226,-0.9630707036176945,-0.2692473155441457,0,0,instant_velocity,dbscan_kmeans_fallback,False
2910,140,1.46567902343,7.04046409155,-0.019973138904000008,0.0,-0.0209370691056,0.005508268177399991,-0.021220743518918277,0.004082516848050702,-0.9999994993278201,0.0,1,1,instant_velocity,dbscan_kmeans_fallback,False
2910,141,1.94532900827,6.41947129269,-0.02685534798799998,0.0015274227179999933,-0.023542627162599996,0.007493917710999991,-0.024075693070657867,0.005355097166893087,-0.9983861070949815,0.05678413186058359,1,1,instant_velocity,dbscan_kmeans_fallback,False
2910,142,9.17880436099,9.56453013332,0.00025255813200004696,-0.0005727835190000973,0.002416139458599993,-0.0022052165491999887,0.004369678807580768,-0.0007992099940996394,0.40344590478776265,-0.9149860400078899,-1,-1,instant_velocity,dbscan_kmeans_fallback,False
2910,143,8.84858460399,8.38030020714,-0.035926394212999924,-0.015632216881000006,-0.028530650260200012,-0.01810473240620002,-0.02891339130617203,-0.01790065301776363,-0.9169573674511663,-0.3989845558572833,2,2,instant_velocity,dbscan_kmeans_fallback,False
2910,144,8.13658113812,6.8287728492,-0.05438418432799992,-0.02116912423499997,-0.03983683594959999,-0.03114510386260001,-0.0411923229770671,-0.029258986555552115,-0.9318903241181415,-0.3627396878046885,-1,-1,instant_velocity,dbscan_kmeans_fallback,False
2910,145,10.1494694466,8.45428474505,-0.03262209199000008,-0.02467742329,-0.022932278343999996,-0.029379021344800017,-0.023783882790367854,-0.028150645330282068,-0.7975186996652254,-0.6032938212350709,2,2,instant_velocity,dbscan_kmeans_fallback,False
2910,146,11.3806903379,1.63171705064,-0.037946859259999854,0.018806392217,-0.041646835891999995,0.013178794140160002,-0.03895828872776934,0.012764056002363893,-0.8959990454884692,0.4440554450121794,3,3,instant_velocity,dbscan_kmeans_fallback,False
2910,147,11.9773589237,2.11261654706,-0.040198835939999886,0.01625273236,-0.042846487017999986,0.0111358662546,-0.038889168649652826,0.011157323367118013,-0.9270927089505643,0.3748314924832856,3,3,instant_velocity,dbscan_kmeans_fallback,False
2910,232,12.2682217052,7.88818370013,0.0006734883500000066,9.546391999997184e-05,0.000669279048,0.00011455670380000171,0.0006719890368045359,0.0001119854679256799,0.9900884450414436,0.14034054799957854,4,4,instant_velocity,dbscan_kmeans_fallback,False
2910,233,12.7588158757,7.47005173103,0.0003367441700000029,0.0,0.00034516277999998126,0.0,0.0003457326097812311,5.497451374037393e-08,0.9999703047478224,0.0,4,4,instant_velocity,dbscan_kmeans_fallback,False
2910,238,12.4908937912,8.42469092988,0.0003998837099999264,0.00016706185900012828,0.00040409301200000413,0.00016706185980002174,0.0004040923243935183,0.00016700254396587725,0.9226917787322432,0.3854785778574775,4,4,instant_velocity,dbscan_kmeans_fallback,False
2910,248,11.6734473054,5.2493222947,0.0006103488199999063,0.0002863917600000043,0.0006061395160000061,0.00028161856379998795,0.00060459334389355,0.0002817775749101536,0.9052797058640694,0.42478110837461247,4,4,instant_velocity,dbscan_kmeans_fallback,False
2910,249,12.2145531022,4.83930475879,0.0002736046400000802,0.0002386598000000184,0.00027360464200000935,0.00023388660380000204,0.00027373952911684203,0.00023764824905290192,0.7535709339832477,0.657324701767544,4,4,instant_velocity,dbscan_kmeans_fallback,False
2910,253,13.2893984171,9.56691673131,0.011428255449999902,0.021145258253999977,0.021543208621999987,0.01723601073520001,0.02092552290027718,0.017775490151413435,0.4754648738738558,0.8797342335192808,5,5,instant_velocity,dbscan_kmeans_fallback,False
2910,254,12.6735775063,9.48839765721,0.02043616213999986,0.013627474563999976,0.02221248766999999,0.014209804474999999,0.022803180065592375,0.013730885252783914,0.8319866944719619,0.5547948503653415,5,5,instant_velocity,dbscan_kmeans_fallback,False
2910,256,2.3658382973,3.97869752102,0.03281151059099998,0.0007159793990000107,0.0264049526536,-0.0072982166751999955,0.024531146317893875,-0.007901691260343947,0.9997617027227401,0.02181578263741985,-1,-1,instant_velocity,dbscan_kmeans_fallback,False
2910,257,8.22687067015,9.60748889726,0.01948906915099986,0.016801649898999925,0.03022278974219999,0.014443691078599982,0.029223070307365408,0.014251476320620973,0.7573956713127331,0.652955603257311,6,6,instant_velocity,dbscan_kmeans_fallback,False
2910,258,7.98715091029,8.81847959941,0.021741045823999983,0.01193298998500012,0.021425348159999996,0.016372062260400017,0.02384619591081002,0.014533262174975463,0.8766338225087448,0.48115728696737564,6,6,instant_velocity,dbscan_kmeans_fallback,False
2910,259,3.05174408957,7.68102699398,0.02104651096300003,-0.002863917596000043,0.020356185402999997,0.0032791856481999915,0.020512911796420848,0.0025782919698432924,0.9908678642329152,-0.13483298569898086,-1,-1,instant_velocity,dbscan_kmeans_fallback,False
2910,277,8.22266136796,7.56360637252,-0.026413371257999963,-0.022243093333000008,-0.02639232474699998,-0.020916144846799992,-0.027027917931408463,-0.019360308537185577,-0.7649073470292604,-0.64413986934425,2,2,instant_velocity,dbscan_kmeans_fallback,False
2910,324,6.90325559572,9.00940743918,0.02104651096300003,0.0029832474960000965,0.017489650609999997,-0.0005441443433999993,0.016437240230644502,-0.0009942072398093148,0.9901025347161995,0.14034254478892585,6,6,instant_velocity,dbscan_kmeans_fallback,False
2910,325,6.22113817542,8.5748079439,0.014248487922000041,-0.00983278374900003,0.01353711585100001,-0.007976010506599992,0.013187606376818595,-0.00864390285749928,0.823043805290495,-0.5679768827174995,-1,-1,instant_velocity,dbscan_kmeans_fallback,False
2910,326,4.13753359013,11.6038781219,-0.0005893023069999615,4.773195999998592e-05,0.0026055580572000104,-0.005971268187999996,0.002110401872446668,-0.004645241906610404,-0.9967189042501706,0.08073164877140393,-1,-1,instant_velocity,dbscan_kmeans_fallback,False
2910,327,4.20088358813,10.854247691,0.009976046196999988,0.03100190799,0.012792069363199996,0.03133125850699997,0.010543912022654202,0.028090595331781643,0.3063192986841562,0.9519285021177364,-1,-1,instant_velocity,dbscan_kmeans_fallback,False
2910,328,3.76921964828,11.5229724498,0.011470348474000015,-0.02603778415000004,0.0037420696489999994,-0.01831952622600003,0.004976419706079553,-0.0186500273004585,0.40314253122325566,-0.9151368185081148,-1,-1,instant_velocity,dbscan_kmeans_fallback,False
2910,354,12.1486775229,11.0098538804,0.00547209285000001,-0.026395773850000026,0.018272580818,-0.022734732520000023,0.015001657813403834,-0.022789028343464936,0.2029932003343987,-0.9791797683247512,7,7,instant_velocity,dbscan_kmeans_fallback,False
2910,355,11.5650577739,12.3983765951,0.02024674353999991,-0.021121392279999894,0.02024674353999991,-0.021121392279999894,0.006074023061999974,-0.006336417683999969,0.6920014925841325,-0.721895595424476,7,7,instant_velocity,dbscan_kmeans_fallback,False
2910,356,10.6495345471,12.3315518512,0.021046510969999942,-0.0023865980000000063,0.021046510969999942,-0.0023865980000000063,0.006313953290999983,-0.000715979400000002,0.9936315103728703,-0.1126742089828148,8,8,instant_velocity,dbscan_kmeans_fallback,False
2910,357,11.1077170907,12.622478147,0.01742651108000004,-0.0020286082999998456,0.01742651108000004,-0.0020286082999998456,0.005227953324000013,-0.0006085824899999538,0.9932919628667688,-0.11562844168545187,8,8,instant_velocity,dbscan_kmeans_fallback,False
2910,376,7.3117683735,7.83329194619,-0.008565929962000052,-0.0052982475539999465,-0.004710209153400004,-0.0030452990443999893,-0.005340526465691234,-0.0034138101853031814,-0.8504629052913352,-0.5260331368242254,-1,-1,instant_velocity,dbscan_kmeans_fallback,False
2920,132,1.00665461934,13.295737442,-0.019236511020000013,0.01069195902000004,-0.0192323017176,0.010696732221999987,-0.018781578116331212,0.011775425406053214,-0.8740602509026856,0.48581660021124046,-1,-1,instant_velocity,dbscan_kmeans_fallback,False
2920,137,0.311067432027,4.51592073018,-0.029612440924300005,-0.014152526122999998,-0.02635023172506,-0.0090261136252,-0.02655569635674928,-0.009813060230001554,-0.9022518616478563,-0.43120872994357895,0,0,instant_velocity,dbscan_kmeans_fallback,False
2920,138,0.142905809436,5.14836919942,-0.027402557273200002,-0.007637113590999967,-0.02740255727328,-0.007651433178799998,-0.02644389845773358,-0.007258047571401866,-0.9632879366984227,-0.26846908192035096,0,0,instant_velocity,dbscan_kmeans_fallback,False
2920,140,1.25163600694,7.03879347295,-0.02140430164899998,-0.0001670618599999507,-0.020688720276199994,0.002415237173199998,-0.021275810957942787,0.002807643235635506,-0.9999690747431672,-0.00780481869058448,1,1,instant_velocity,dbscan_kmeans_fallback,False
2920,141,1.67656506328,6.43474551987,-0.026876394499000013,0.0015274227179999933,-0.0252936968748,0.004353154746599994,-0.024915903499160515,0.004206794832225158,-0.9983886273438605,0.0567398082676075,1,1,instant_velocity,dbscan_kmeans_fallback,False
2920,142,9.1813299423,9.55880229812,0.00025255813099995806,-0.0005727835200000087,0.0018773487777999876,-0.0017947216940000033,0.0031345426046065247,-0.0007312820518697501,0.40344590286057574,-0.914986040857661,-1,-1,instant_velocity,dbscan_kmeans_fallback,False
2920,143,8.46511717425,8.23543370871,-0.03834674297399996,-0.014486649842999988,-0.030639510659199978,-0.018104732406400002,-0.03174339680652041,-0.016876452065334537,-0.9354710388232683,-0.35340267064894193,2,2,instant_velocity,dbscan_kmeans_fallback,False
2920,144,7.54727883117,6.65383521601,-0.05893023069500005,-0.01749376331899999,-0.04436604510899999,-0.029211959484999994,-0.046513695292446984,-0.02572941958458648,-0.9586518093862347,-0.28458106579509407,-1,-1,instant_velocity,dbscan_kmeans_fallback,False
2920,145,9.74074620369,8.22946721372,-0.04087232429099998,-0.022481753133000028,-0.029220975820200012,-0.0263050831244,-0.028910415240557492,-0.026449977671097455,-0.8761978440451944,-0.4819511482939689,2,2,instant_velocity,dbscan_kmeans_fallback,False
2920,146,11.0205845353,1.84531757138,-0.03601058026000015,0.021360052074,-0.03932751038600003,0.017035536503460003,-0.03807397618743858,0.015342854823854725,-0.8600770490419688,0.5101636914080826,3,3,instant_velocity,dbscan_kmeans_fallback,False
2920,147,11.6138856794,2.32215985121,-0.03634732443000015,0.02095433041499999,-0.041171184744000014,0.014434144686599999,-0.03812661538375702,0.014096425481482606,-0.8663429799091351,0.49944906092587577,3,3,instant_velocity,dbscan_kmeans_fallback,False
2920,232,12.2749565887,7.88937699913,0.0006734883500000066,0.0001193298999999648,0.0006734883520000068,0.00011455670399998397,0.0006724388307631771,0.00011418879754796537,0.9846490724970113,0.17446192700456556,4,4,instant_velocity,dbscan_kmeans_fallback,False
2920,233,12.7623937826,7.47005173103,0.00035779069000003717,0.0,0.00034937208199998794,0.0,0.0003493500338468729,3.848215961826175e-08,0.9999720514792747,0.0,4,4,instant_velocity,dbscan_kmeans_fallback,False
2920,238,12.4948926282,8.42636154848,0.0003998837000001032,0.00016706185999986188,0.000404093010000004,0.00016706185979998623,0.00040282973707549374,0.00016702033877607263,0.9226917744825484,0.3854785880284389,4,4,instant_velocity,dbscan_kmeans_fallback,False
2920,248,11.6795507936,5.25218621229,0.0006103488200000839,0.0002863917590000042,0.0006061395160000061,0.00028161856359998794,0.0006063199867255101,0.0002831618301371088,0.9052797064344902,0.42478110715892825,4,4,instant_velocity,dbscan_kmeans_fallback,False
2920,249,12.2172891487,4.84145269699,0.00027360465000008104,0.00021479382000002544,0.0002736046440000095,0.00022911340780000346,0.00027369906538181376,0.000230791920337039,0.7865488138458221,0.6174815535568675,4,4,instant_velocity,dbscan_kmeans_fallback,False
2920,253,13.4036809716,9.77813065406,0.01142825545000008,0.021121392274999984,0.01841990639399999,0.0176894643548,0.018076342665194048,0.018779260788489398,0.4758805086564737,0.8795094704817641,5,5,instant_velocity,dbscan_kmeans_fallback,False
2920,254,12.8564716866,9.64400384662,0.01828941803000017,0.015560618941000115,0.020941278408000023,0.014319587982800001,0.021449051454914714,0.014279805359248773,0.7616386108694676,0.6480013839178645,5,5,instant_velocity,dbscan_kmeans_fallback,False
2920,256,2.69395340321,3.98561865521,0.03281151059100003,0.0006921134190000178,0.029044185128400003,-0.0041049485552000055,0.027015255599825722,-0.005323549856540757,0.9997772992494811,0.021088918868976486,-1,-1,instant_velocity,dbscan_kmeans_fallback,False
2920,257,8.42176136167,9.77526673646,0.019489069152000126,0.016777783920000112,0.02705739449360001,0.015326732337600006,0.026302869960755825,0.015009368600434714,0.7578544503176509,0.6524230639786651,6,6,instant_velocity,dbscan_kmeans_fallback,False
2920,258,8.20456136853,8.93780949927,0.021741045823999983,0.011932989985999853,0.020722394693599995,0.016849381859799985,0.023214650884767006,0.013753180518282778,0.8766338224917416,0.481157286998354,6,6,instant_velocity,dbscan_kmeans_fallback,False
2920,259,3.27441617555,7.6585929728,0.022267208597999976,-0.00224340211799996,0.0208149993418,0.001484463954200006,0.021039200836894586,0.0011317837434903165,0.9949626732743706,-0.10024163373379054,-1,-1,instant_velocity,dbscan_kmeans_fallback,False
2920,277,7.85034858903,7.39845379112,-0.03723127789300005,-0.01651525814000001,-0.027432022388600003,-0.021107072686600007,-0.03008892591988594,-0.018506793418029906,-0.9141024614500827,-0.405482674020595,2,2,instant_velocity,dbscan_kmeans_fallback,False
2920,324,7.11372070534,9.03923991415,0.021046510961999942,0.0029832474970000076,0.020655045858599994,0.0017565361260000146,0.017820021450051134,0.0001990291812334822,0.9901025347087364,0.14034254484157616,6,6,instant_velocity,dbscan_kmeans_fallback,False
2920,325,6.39161491422,8.49079969441,0.017047673879999968,-0.008400824948999918,0.014391604196200003,-0.00846287649779999,0.014345626627773007,-0.00857097948494947,0.8970007501237784,-0.44202782936574414,6,6,instant_velocity,dbscan_kmeans_fallback,False
2920,326,4.03840452349,11.7792930747,-0.009912906664000066,0.017541495280000062,-5.893023080000504e-05,-0.000968958786000016,-0.001496590688487353,0.0020107792493727367,-0.4919873665525325,0.8706017680507893,-1,-1,instant_velocity,dbscan_kmeans_fallback,False
2920,327,4.31032544513,11.1788250186,0.01094418570000002,0.03245773276000001,0.011491394985600003,0.03150309356259999,0.010663994125857949,0.02940073656024715,0.3195086085300603,0.9475830650596635,-1,-1,instant_velocity,dbscan_kmeans_fallback,False
2920,328,3.87803010996,11.2754822375,0.010881046168000008,-0.02474902122999989,0.0051606044880000024,-0.020462691225999984,0.00674780764465569,-0.020479725479320917,0.4024743232152136,-0.915430870891527,-1,-1,instant_velocity,dbscan_kmeans_fallback,False
2920,354,12.1554124064,10.7480440801,0.0006734883500000066,-0.026180980030000002,0.013048836795999996,-0.024720382054000005,0.010703206974382685,-0.023806613849425458,0.025715819846775678,-0.9996689116649237,-1,-1,instant_velocity,dbscan_kmeans_fallback,False
2920,355,11.7675252094,12.1871626724,0.02024674355000009,-0.021121392270000074,0.02024674355000009,-0.021121392270000074,0.010325839208400009,-0.010771910059800001,0.6920014929329872,-0.7218955950900676,-1,-1,instant_velocity,dbscan_kmeans_fallback,False
2920,356,10.8599996567,12.3076858712,0.02104651095999994,-0.0023865980000000063,0.02104651095999994,-0.0023865980000000063,0.01073372059169997,-0.0012171649800000034,0.9936315103668764,-0.11267420903567092,7,7,instant_velocity,dbscan_kmeans_fallback,False
2920,357,11.2821926666,12.6019534043,0.017447557590000072,-0.002052474270000104,0.017447557590000072,-0.002052474270000104,0.00889383460380003,-0.001041750023999999,0.9931512250232267,-0.11683109942835547,7,7,instant_velocity,dbscan_kmeans_fallback,False
2920,376,7.14529047179,7.78341204805,-0.016647790170999953,-0.0049879898140000375,-0.007934534632800005,-0.003923567107399997,-0.00873270557728385,-0.003886064073912238,-0.9579261960450028,-0.2870126340707764,-1,-1,instant_velocity,dbscan_kmeans_fallback,False
2930,140,1.0037081078,7.03354295736,-0.024792789914000003,-0.0005250515590000226,-0.021219092352599996,-0.00013842268379999468,-0.022330904644759952,0.0018078347972448473,-0.9997754270630321,-0.02117283486248309,0,0,instant_velocity,dbscan_kmeans_fallback,False
2930,141,1.38906972353,6.43617747867,-0.028749533974999998,0.00014319588000004656,-0.027242603789800004,0.001250577350400004,-0.02606599264191236,0.0029877151465576247,-0.9999872481886433,0.00498074348327581,0,0,instant_velocity,dbscan_kmeans_fallback,False
2930,142,9.18385552362,9.55283580313,0.00025255813200004696,-0.0005966494990000016,0.001334348795000011,-0.001393773230400015,0.002269947262824581,-0.0006908922860088256,0.38980349600126096,-0.9208812987164405,1,1,instant_velocity,dbscan_kmeans_fallback,False
2930,143,8.08186020962,8.09056721029,-0.03832569646300001,-0.0144866498419999,-0.03304302221120001,-0.0169734849556,-0.033718086703464295,-0.016159511398334145,-0.9354068683124472,-0.3535724856070473,2,2,instant_velocity,dbscan_kmeans_fallback,False
2930,144,6.95797652422,6.47889758282,-0.05893023069499996,-0.01749376331899999,-0.048916300779200006,-0.02555091815739999,-0.050238655913212873,-0.023258722704910535,-0.9586518093862346,-0.2845810657950945,-1,-1,instant_velocity,dbscan_kmeans_fallback,False
2930,145,9.33223342591,8.00488834219,-0.04085127777800004,-0.022457887152999945,-0.03373334776980002,-0.024395804726600013,-0.032492674001790255,-0.025252350515668202,-0.8763091441115813,-0.48174874667441403,2,2,instant_velocity,dbscan_kmeans_fallback,False
2930,146,10.6606891979,2.05867943233,-0.035989533739999933,0.021336186094999987,-0.038346742973999995,0.018305206637999998,-0.03744864345320699,0.017140854205198303,-0.8601963932875026,0.5099624368023276,3,3,instant_velocity,dbscan_kmeans_fallback,False
2930,147,11.250412435,2.53194181516,-0.036347324439999974,0.020978196395000027,-0.039689510374,0.0168732478398,-0.03759282810062991,0.01616095675553783,-0.8660968072275491,0.49987582852472584,3,3,instant_velocity,dbscan_kmeans_fallback,False
2930,232,12.2816914722,7.89057029813,0.0006734883500000066,0.00011932990000005362,0.0006734883500000066,0.00011455670400000173,0.000672753686534226,0.00011573112828359186,0.984649072496989,0.17446192700469146,4,4,instant_velocity,dbscan_kmeans_fallback,False
2930,233,12.7657612243,7.47005173103,0.0003367441700000029,0.0,0.00034516278000001676,0.0,0.00034556827469281194,2.6937511732783223e-08,0.9999703047478224,0.0,4,4,instant_velocity,dbscan_kmeans_fallback,False
2930,238,12.4988914653,8.42803216708,0.0003998837099999264,0.00016706186000003953,0.000404093010000004,0.00016706185979998623,0.00040194592895282353,0.0001670327951432627,0.9226917779116057,0.38547857982183026,4,4,instant_velocity,dbscan_kmeans_fallback,False
2930,248,11.6854438166,5.25481147009,0.000589302299999872,0.00026252578000001136,0.0006019302119999992,0.0002768453676000071,0.0006012146807078188,0.0002769710150959795,0.913444024117404,0.4069263006742426,4,4,instant_velocity,dbscan_kmeans_fallback,False
2930,249,12.21981473,4.84383929498,0.00025255812999986916,0.00023865979900001834,0.00026939534000000267,0.00022911340760000342,0.00026735678476723037,0.0002331522839359328,0.726801609133349,0.6868055522455161,4,4,instant_velocity,dbscan_kmeans_fallback,False
2930,253,13.5179635261,9.98958323661,0.01142825545000008,0.021145258255000066,0.01609216228200001,0.018839804589400017,0.016081916500635857,0.019489060028442598,0.47546487385645764,0.8797342335286839,5,5,instant_velocity,dbscan_kmeans_fallback,False
2930,254,13.0067437749,9.8280105522,0.01502720882999995,0.018400670557999987,0.01901341800400001,0.015002155009999995,0.019522498667440283,0.015516064918874138,0.6325341667642758,0.7745319141418029,5,5,instant_velocity,dbscan_kmeans_fallback,False
2930,256,2.99639176574,3.92595370529,0.030243836252999978,-0.005966494992000015,0.030883650186399998,-0.0024343299570000008,0.027983829795778,-0.005516433397178534,0.9810902416246736,-0.1935491901353307,-1,-1,instant_velocity,dbscan_kmeans_fallback,False
2930,258,8.32136950437,9.00200898539,0.011680813584000128,0.0064199486120001484,0.01897553428380002,0.014100020967000013,0.019754499694536944,0.011553210946397989,0.8763577394957678,0.4816592280008585,1,1,instant_velocity,dbscan_kmeans_fallback,False
2930,259,3.52571151645,7.65095585921,0.025129534090000006,-0.0007637113590000411,0.021846278379199998,-1.909278400001213e-05,0.022266300812826212,0.0005631352127432091,0.9995381160167188,-0.030376950492657102,1,1,instant_velocity,dbscan_kmeans_fallback,False
2930,277,7.4780358101,7.23330120972,-0.03723127789300005,-0.01651525814000001,-0.02888423164519999,-0.020930464434800004,-0.03223163151182017,-0.01790933283462094,-0.9141024614500827,-0.405482674020595,2,2,instant_velocity,dbscan_kmeans_fallback,False
2930,324,7.32418581497,9.06907238911,0.02104651096300003,0.0029832474959999187,0.020793952831000002,0.002195670157400009,0.018787968303935802,0.0010342946756634133,0.9901025347162006,0.14034254478891764,1,1,instant_velocity,dbscan_kmeans_fallback,False
2930,325,6.67490095177,8.46335381744,0.028328603754999994,-0.002744587697000078,0.017502278516400002,-0.007818495038600019,0.018540519765941104,-0.006823061948564652,0.9953391817044398,-0.09643241495677206,1,1,instant_velocity,dbscan_kmeans_fallback,False
2930,326,3.93948592197,11.9547080274,-0.009891860151999988,0.01754149527000006,-0.002719209216400005,0.004038123810000016,-0.004015171527541144,0.006669994055560935,-0.49119503447005325,0.8710490485514869,-1,-1,instant_velocity,dbscan_kmeans_fallback,False
2930,327,4.41976730214,11.5034023462,0.01094418570100002,0.03245773276000001,0.010523255481400007,0.031312165722599976,0.01074805159840057,0.03031783542017301,0.3195086085562744,0.9475830650508246,-1,-1,instant_velocity,dbscan_kmeans_fallback,False
2930,328,3.93233010824,11.1446966672,0.005429999827999988,-0.013078557030000049,0.0062466044536,-0.01984217574799999,0.006352465299658979,-0.018259374944524655,0.3834475663974225,-0.9235618828722055,-1,-1,instant_velocity,dbscan_kmeans_fallback,False
2930,354,12.1621472899,10.4864729396,0.0006734883500000066,-0.02615711404999992,0.008031348582,-0.02648646457199998,0.007694291387067881,-0.0245117639095978,0.025739267639491668,-0.9996683078625623,-1,-1,instant_velocity,dbscan_kmeans_fallback,False
2930,355,11.9481042734,11.9878817396,0.01805790639999998,-0.019928093279999892,0.01805790639999998,-0.019928093279999892,0.012645459365880001,-0.013518765025859969,0.6714798078314221,-0.7410223505256953,-1,-1,instant_velocity,dbscan_kmeans_fallback,False
2930,356,11.0618356968,12.2885930872,0.020183604009999988,-0.0019092783999999697,0.020183604009999988,-0.0019092783999999697,0.013568685617189977,-0.0014247990059999933,0.9955551582206033,-0.09417505211940348,6,6,instant_velocity,dbscan_kmeans_fallback,False
2930,357,11.4564577774,12.5814286615,0.01742651108000004,-0.002052474279999927,0.01742651108000004,-0.002052474279999927,0.011453637546660034,-0.0013449673007999775,0.9931348427756171,-0.11697027087126616,6,6,instant_velocity,dbscan_kmeans_fallback,False
2930,376,6.96997303547,7.73353214991,-0.01753174363200003,-0.004987989813999949,-0.011335650804400004,-0.004801835170399987,-0.011372416993698705,-0.004216641795938551,-0.9618283114393527,-0.2736516071065174,-1,-1,instant_velocity,dbscan_kmeans_fallback,False
2940,140,0.755780208665,7.02829244176,-0.024792789913500014,-0.0005250515600000227,-0.0221872318567,-0.00024343299579999923,-0.02306947022538197,0.0011079688900713861,-0.9997754270621694,-0.02117283490321706,0,0,instant_velocity,dbscan_kmeans_fallback,False
2940,141,1.07337205909,6.41732335449,-0.031569766444,-0.0018854124180000653,-0.028185487481000006,0.0005680103231999922,-0.027717124782538655,0.0015257768771903175,-0.9982210768235393,-0.05961584852048195,0,0,instant_velocity,dbscan_kmeans_fallback,False
2940,142,9.18638110494,9.54710796794,0.00025255813200004696,-0.0005727835189999197,0.0007955581144000234,-0.000983278374799994,0.001664730523577221,-0.0006554596559061538,0.4034459047878674,-0.9149860400078438,1,1,instant_velocity,dbscan_kmeans_fallback,False
2940,143,7.78215789351,8.04713112674,-0.029970231611000032,-0.004343608355000051,-0.033775440792799996,-0.013818402403400008,-0.03259373017572501,-0.012614740485333916,-0.9896598197464613,-0.14343214685337352,2,2,instant_velocity,dbscan_kmeans_fallback,False
2940,144,6.35983468266,6.39321871472,-0.05981418415600004,-0.008567886810000046,-0.0536475564436,-0.020104701528,-0.05311131438604902,-0.018851471936437388,-0.9898959622948463,-0.14179440342274643,-1,-1,instant_velocity,dbscan_kmeans_fallback,False
2940,145,8.92372064812,7.78030947066,-0.04085127777899995,-0.022457887153000032,-0.036473603497599996,-0.02365118615160002,-0.03500025513495317,-0.02441401150686775,-0.8763091441165587,-0.48174874666536044,3,3,instant_velocity,dbscan_kmeans_fallback,False
2940,146,10.3005833953,2.27227995307,-0.036010580259999966,0.021360052074,-0.037370184864000004,0.0195748767724,-0.03701722449524488,0.018406613565838812,-0.8600770490419677,0.5101636914080845,4,4,instant_velocity,dbscan_kmeans_fallback,False
2940,147,10.8877810511,2.73193872732,-0.03626313839000002,0.019999691216000003,-0.03838883599600003,0.018252701482000006,-0.03719392118744094,0.017312577093676482,-0.8756546512194162,0.4829373135854085,4,4,instant_velocity,dbscan_kmeans_fallback,False
2940,232,12.2884263557,7.89176359712,0.0006734883500000066,0.00011932989899996472,0.0006734883500000066,0.00011455670380000171,0.0006729740855739601,0.00011681075949850371,0.9846490727481653,0.17446192558705184,5,5,instant_velocity,dbscan_kmeans_fallback,False
2940,233,12.7693391312,7.47005173103,0.00035779069000003717,0.0,0.00034937208200002345,0.0,0.00034923499928497955,1.8856258212948255e-08,0.9999720514792747,0.0,5,5,instant_velocity,dbscan_kmeans_fallback,False
2940,238,12.5031007675,8.42970278568,0.00042093021999995984,0.00016706186000003953,0.000404093010000004,0.00016706185979998623,0.00040764121626696444,0.00016704151460029577,0.9294504592137953,0.3688870865440888,5,5,instant_velocity,dbscan_kmeans_fallback,False
2940,248,11.6915473048,5.25767538769,0.0006103488200000839,0.0002863917600000043,0.0006019302139999993,0.00028161856380000573,0.0006039549224954984,0.000279797238567187,0.9052797058641169,0.42478110837451116,5,5,instant_velocity,dbscan_kmeans_fallback,False
2940,249,12.2225507764,4.84622589298,0.0002736046400000802,0.0002386597999999296,0.00026939534000000267,0.00023388660360000203,0.0002692311413370853,0.00023480453875513184,0.7535709339833688,0.6573247017674051,5,5,instant_velocity,dbscan_kmeans_fallback,False
2940,253,13.6419274757,10.185761592,0.012396394959999845,0.019617835538999984,0.01395383676799998,0.019684660281,0.014976260038445054,0.019527692681609816,0.5341832116671638,0.8453682242293906,6,6,instant_velocity,dbscan_kmeans_fallback,False
2940,254,13.1570158631,10.0120172578,0.015027208819999948,0.01840067055999999,0.017847441296,0.015928155033200008,0.01817391171320818,0.016381446611211894,0.6325341664705182,0.7745319143817047,6,6,instant_velocity,dbscan_kmeans_fallback,False
2940,256,3.29904059338,3.86628875536,0.030264882764000012,-0.005966494993000016,0.0317844408556,-0.0019665567496000057,0.028668145686244602,-0.005651451875924978,0.9811157923079529,-0.19341963119453245,-1,-1,instant_velocity,dbscan_kmeans_fallback,False
2940,258,8.33757531782,9.01131671758,0.001620581345000005,0.0009307732189999029,0.015456557651000012,0.009718227044400009,0.014314324189675862,0.008366479628178563,0.8671469012341171,0.49804171515220524,1,1,instant_velocity,dbscan_kmeans_fallback,False
2940,259,3.77679639223,7.64331874562,0.025108487578000015,-0.0007637113589999522,0.022877557416199998,-0.001517876326199996,0.02311895684237835,0.00016508124122026067,0.999537342239363,-0.030402389615919217,-1,-1,instant_velocity,dbscan_kmeans_fallback,False
2940,277,7.08678117131,7.08580945349,-0.039125463878999955,-0.014749175622999999,-0.03235690595380001,-0.01894481490120002,-0.03429978122197411,-0.016961285671134658,-0.9357211282439546,-0.3527399776601587,3,3,instant_velocity,dbscan_kmeans_fallback,False
2940,324,7.57674394652,9.04997960513,0.025255813154999984,-0.0019092783979999695,0.0217747202418,0.0016562990099999908,0.020728321759255056,0.0001512227535643984,0.9971542990180509,-0.07538245357231968,7,7,instant_velocity,dbscan_kmeans_fallback,False
2940,325,6.95839745444,8.43566928067,0.028349650267000027,-0.0027684536769999823,0.02044037144680001,-0.00671588676399999,0.021483258916258782,-0.00560667946709525,0.9952653432995258,-0.09719153405061719,7,7,instant_velocity,dbscan_kmeans_fallback,False
2940,326,3.84035685534,12.1301229802,-0.009912906662999977,0.017541495279999885,-0.005379488201999996,0.009040433211999996,-0.005784492068178795,0.00993144442289262,-0.4919873665149152,0.8706017680720473,-1,-1,instant_velocity,dbscan_kmeans_fallback,False
2940,327,4.04892777898,11.7079337945,-0.03708395231600008,0.020453144830000092,0.0007618836969999875,0.02918332030800002,-0.0036015495759196253,0.027358428243121135,-0.8756470486603514,0.4829511092453069,-1,-1,instant_velocity,dbscan_kmeans_fallback,False
2940,328,3.98663010653,11.0136724372,0.005429999828999987,-0.013102422999999952,0.007332604419399997,-0.019221660267999995,0.006075725658461281,-0.016712289361167244,0.38285157481071086,-0.9238091044857144,-1,-1,instant_velocity,dbscan_kmeans_fallback,False
2940,354,12.1415217092,10.2437559233,-0.002062558070000087,-0.02427170163000003,0.004285069631999967,-0.02597095940399999,0.00476723654994749,-0.02443974522571847,-0.08467268730033546,-0.9964084077225271,-1,-1,instant_velocity,dbscan_kmeans_fallback,False
2940,355,12.1196333378,11.7933740028,0.01715290643999996,-0.019450773680000033,0.01715290643999996,-0.019450773680000033,0.013997693488115987,-0.015298367622101988,0.661414504094214,-0.7500200547823918,-1,-1,instant_velocity,dbscan_kmeans_fallback,False
2940,356,11.2432566213,12.2802399943,0.018142092450000112,-0.0008353092900000192,0.018142092450000112,-0.0008353092900000192,0.014940707667033017,-0.001247952091200001,0.9989411712914474,-0.04599385891362501,8,8,instant_velocity,dbscan_kmeans_fallback,False
2940,357,11.570950797,12.6091131983,0.011449301959999936,0.0027684536799998938,0.011449301959999936,0.0027684536799998938,0.011452336870662005,-0.00011094100656001591,0.97198779760041,0.2350277077662001,8,8,instant_velocity,dbscan_kmeans_fallback,False
2940,376,6.78876257608,7.67768575678,-0.01812104593899999,-0.00558463931300004,-0.013890697235400006,-0.0052361960058000005,-0.013397005677289091,-0.004627041051056997,-0.955645993023206,-0.29451601192965554,2,2,instant_velocity,dbscan_kmeans_fallback,False
2950,140,0.507852309526,7.02304192617,-0.024792789913899993,-0.0005250515589999338,-0.023151162058879998,-0.000348443307599986,-0.023586466131937378,0.0006180627553499901,-0.9997754270630304,-0.02117283486256488,0,0,instant_velocity,dbscan_kmeans_fallback,False
2950,141,0.757674394652,6.39870789012,-0.031569766443799996,-0.0018615464369999835,-0.029124161869959996,-0.00010978350780000313,-0.02887291728091706,0.0005095798829332271,-0.9982657035414311,-0.058863848958622525,0,0,instant_velocity,dbscan_kmeans_fallback,False
2950,142,9.18890668625,9.54138013274,0.00025255813099995806,-0.0005727835200000087,0.0002525581316000114,-0.0005775567154000071,0.001241078805804042,-0.0006306568151343103,0.40344590286057574,-0.914986040857661,1,1,instant_velocity,dbscan_kmeans_fallback,False
2950,143,7.48245557741,8.00369504319,-0.02997023161000003,-0.004343608355000051,-0.03450785937419999,-0.010658546655199998,-0.03180668060600752,-0.010133400846233757,-0.989659819745782,-0.14343214685806088,2,2,instant_velocity,dbscan_kmeans_fallback,False
2950,144,5.7593777249,6.3302125276,-0.06004569577599996,-0.006300618712000006,-0.058420905129999985,-0.014205031279,-0.0551916288030343,-0.015086215969106172,-0.9945396887442907,-0.10435744463858011,-1,-1,instant_velocity,dbscan_kmeans_fallback,False
2950,145,8.46069740695,7.68484555077,-0.04630232411699993,-0.009546391988999935,-0.040299859190999994,-0.020324268543599987,-0.0383908758295672,-0.019953725651507406,-0.9794001441932926,-0.20192804289751554,2,2,instant_velocity,dbscan_kmeans_fallback,False
2950,146,9.94805433667,2.43170469928,-0.035252905863000096,0.015942474621000003,-0.0362420918766,0.0197610314162,-0.03648792890557145,0.01766737188238717,-0.9111588168051603,0.4120547216467237,3,3,instant_velocity,dbscan_kmeans_fallback,False
2950,147,10.5350415274,2.84434749298,-0.03527395236999986,0.01124087656599997,-0.03688611511399998,0.0178851653904,-0.03661793054220862,0.015491066935373528,-0.9527900513420349,0.30362901350282195,3,3,instant_velocity,dbscan_kmeans_fallback,False
2950,148,14.6083832591,0.868721670957,0.0,0.0,0.0,0.0,0.0,0.0,0.0,0.0,4,4,instant_velocity,dbscan_kmeans_fallback,False
2950,149,14.7306634878,1.81238251902,0.0,0.0,0.0,0.0,0.0,0.0,0.0,0.0,4,4,instant_velocity,dbscan_kmeans_fallback,False
2950,232,12.2949507741,7.89295689612,0.0006524418399999731,0.00011932990000005362,0.000669279048,0.00011455670380000171,0.0006668144119017641,0.0001175665016489687,0.9836677040259009,0.17991024112539736,5,5,instant_velocity,dbscan_kmeans_fallback,False
2950,233,12.772706573,7.47005173103,0.0003367441800000037,0.0,0.00034516278000001676,0.0,0.00034548775349948677,1.3199380749063778e-08,0.9999703047487043,0.0,5,5,instant_velocity,dbscan_kmeans_fallback,False
2950,238,12.5070996046,8.43137340428,0.00039988371000010403,0.00016706186000003953,0.000404093010000004,0.00016706185980002174,0.00040531396438690635,0.0001670476182202189,0.9226917779116667,0.3854785798216845,5,5,instant_velocity,dbscan_kmeans_fallback,False
2950,248,11.697650793,5.26053930528,0.0006103488199999063,0.0002863917590000042,0.0006061395159999705,0.0002816185636000057,0.0006058730917468208,0.00028177559469703213,0.9052797064344427,0.42478110715902956,5,5,instant_velocity,dbscan_kmeans_fallback,False
2950,249,12.2252868228,4.84861249098,0.00027360463999990257,0.0002386598000000184,0.00026939534000000267,0.00023388660380000204,0.00027054319093593047,0.0002359611171285978,0.7535709339830362,0.6573247017677863,5,5,instant_velocity,dbscan_kmeans_fallback,False
2950,253,13.7759937505,10.3664270604,0.013406627480000034,0.01806654683999991,0.012017557757999987,0.020219258232599985,0.014505370270911547,0.019089348929126844,0.5959158999913283,0.8030462945252215,6,6,instant_velocity,dbscan_kmeans_fallback,False
2950,254,13.3074984165,10.1962626232,0.015048255339999983,0.01842453654000007,0.016765650631999984,0.016882794232600026,0.017236214801245722,0.016994373589848347,0.6325734040166187,0.774499869467023,6,6,instant_velocity,dbscan_kmeans_fallback,False
2950,256,3.60147895591,3.80662380543,0.030243836252999978,-0.0059664949929999715,0.031275115290399995,-0.0032982784319999948,0.029140852856271215,-0.005745964811047477,0.9810902416185141,-0.19354919016655345,-1,-1,instant_velocity,dbscan_kmeans_fallback,False
2950,258,8.35378113126,9.02038578997,0.001620581343999916,0.0009069072389999988,0.011680813584200003,0.006424721808200005,0.010506201335973077,0.006128607911424993,0.8726432192035515,0.48834725605727114,1,1,instant_velocity,dbscan_kmeans_fallback,False
2950,259,4.04093010481,7.67386719999,0.026413371258000008,0.0030548454369999866,0.023993022497400006,-0.0007159793990000018,0.02410728116706485,0.0010320104999541786,0.9933779124812024,0.11488938513445751,-1,-1,instant_velocity,dbscan_kmeans_fallback,False
2950,277,6.68773932346,6.94571615106,-0.03990418478500004,-0.01400933024299995,-0.03598111514160001,-0.016806423095799997,-0.03598110229088189,-0.016075699042694246,-0.9435416679245743,-0.33125314788926946,2,2,instant_velocity,dbscan_kmeans_fallback,False
2950,324,7.82930207807,9.03088682116,0.025255813154999984,-0.0019092783970000582,0.022730231839599994,0.0010262371387999992,0.022086569177978535,-0.00046692759160493866,0.9971542990210183,-0.07538245353306534,7,7,instant_velocity,dbscan_kmeans_fallback,False
2950,325,7.26378232851,8.41848577509,0.030538487406999958,-0.0017183505580000257,0.023702580646199997,-0.005093000126000007,0.024199827463481136,-0.004440180794366682,0.998420358739816,-0.056179474696768865,7,7,instant_velocity,dbscan_kmeans_fallback,False
2950,326,3.56359523618,12.2356106117,-0.02767616191600002,0.010548763150000084,-0.011596627540400003,0.012644196188000017,-0.012351993022525164,0.010116640041024859,-0.9344260409534862,0.3561562841382315,8,8,instant_velocity,dbscan_kmeans_fallback,False
2950,327,3.67808825582,11.9124652429,-0.037083952315999945,0.020453144839999916,-0.0084606974068,0.027364732636000005,-0.013646270397943723,0.02528684322218477,-0.8756470485604959,0.48295110942635616,8,8,instant_velocity,dbscan_kmeans_fallback,False
2950,328,4.04093010481,10.8828868669,0.005429999828000032,-0.013078557030000049,0.007728278825400006,-0.018009268487999996,0.005882007909322907,-0.015622169661817085,0.38344756639742517,-0.9235618828722044,-1,-1,instant_velocity,dbscan_kmeans_fallback,False
2950,354,12.1025856639,10.0139265362,-0.0038936045299999833,-0.022982938710000057,0.00017258138999999063,-0.025197701654000006,0.0021689842259632473,-0.024002703271002946,-0.16703272820058668,-0.985950916488737,-1,-1,instant_velocity,dbscan_kmeans_fallback,False
2950,355,12.2911624021,11.5988662661,0.01715290642999996,-0.019450773670000032,0.01857144127199998,-0.020214485035999985,0.014944257370681177,-0.016544089436471402,0.6614145040685885,-0.7500200548049898,-1,-1,instant_velocity,dbscan_kmeans_fallback,False
2950,356,11.4246775458,12.2721255611,0.018142092449999935,-0.0008114433200001158,0.019712162167999984,-0.0016658454020000235,0.01590112310192309,-0.0011169994598400354,0.9990006910958055,-0.044682411342534714,9,9,instant_velocity,dbscan_kmeans_fallback,False
2950,357,11.6702903287,12.6489693848,0.00993395317000001,0.003985618650000156,0.01473676697600002,0.00012410309600003445,0.010996821760463408,0.0011180268904080358,0.9280875234874862,0.3723596114399822,9,9,instant_velocity,dbscan_kmeans_fallback,False
2950,376,6.60165909362,7.61587286866,-0.01871034824599995,-0.006181288811999952,-0.015915371589999994,-0.005408031061399985,-0.014991008447902349,-0.0050933153793398835,-0.9495243028722976,-0.3136918604025112,2,2,instant_velocity,dbscan_kmeans_fallback,False
2960,140,0.260134875497,7.01755275077,-0.024771743402900004,-0.0005489175400000157,-0.024110882958659995,-0.00045822681559998913,-0.023942049313226167,0.0002679686667449883,-0.9997541758210473,-0.022153572070837253,0,0,instant_velocity,dbscan_kmeans_fallback,False
2960,141,0.441976730214,6.37985376594,-0.0315697664438,-0.0018854124179999766,-0.03006704556112,-0.000792350534999997,-0.02968197202978194,-0.0002089178073467341,-0.9982210768235169,-0.05961584852085548,0,0,instant_velocity,dbscan_kmeans_fallback,False
2960,142,9.19164273268,9.53565229755,0.0002736046429999917,-0.0005727835190000973,0.00025676743380000035,-0.0005775567154000071,0.0009508365569628268,-0.0006132948262940463,0.4310187690028617,-0.9023255035352478,1,1,instant_velocity,dbscan_kmeans_fallback,False
2960,143,7.18254279619,7.96049761944,-0.029991278121999976,-0.004319742374999968,-0.033320836156000004,-0.00839605175399999,-0.031262059860805255,-0.00838930330486362,-0.989785531288784,-0.1425620636865641,2,2,instant_velocity,dbscan_kmeans_fallback,False
2960,144,5.15892076714,6.26696768068,-0.06004569577600005,-0.006324484691999999,-0.05955320741960001,-0.011236103370400007,-0.056647848894924024,-0.01245769658597432,-0.9944985870274057,-0.10474840883406687,-1,-1,instant_velocity,dbscan_kmeans_fallback,False
2960,145,7.99767416577,7.58938163089,-0.04630232411800002,-0.009546391988000025,-0.043035905616599986,-0.017298062283199994,-0.04076431031609704,-0.016831525552455193,-0.9794001441983381,-0.20192804287304394,2,2,instant_velocity,dbscan_kmeans_fallback,False
2960,146,9.59720899892,2.57752583691,-0.035084533775,0.014582113763000004,-0.03566962677960003,0.0189161757254,-0.036066910366400015,0.01674179444657102,-0.9234168429869625,0.3837978734863835,3,3,instant_velocity,dbscan_kmeans_fallback,False
2960,147,10.1820915386,2.95651759885,-0.035294998880000074,0.011217010587000021,-0.03590534770200002,0.016878021035800002,-0.03622105104354605,0.014208850030861477,-0.9530285767341596,0.30287950061384467,3,3,instant_velocity,dbscan_kmeans_fallback,False
2960,148,13.9138483973,1.21883559714,-0.06945348617999994,0.0350113926183,-0.06945348617999994,0.0350113926183,-0.020836045853999986,0.01050341778549,-0.8929583968985859,0.45013891663550437,4,4,instant_velocity,dbscan_kmeans_fallback,False
2960,149,14.0925332754,2.12550417625,-0.06381302124000002,0.03131216572300002,-0.06381302124000002,0.03131216572300002,-0.01914390637200001,0.009393649716900007,-0.8977466424783102,0.44051184382611885,4,4,instant_velocity,dbscan_kmeans_fallback,False
2960,232,12.3016856576,7.89415019512,0.0006734883500000066,0.0001193298999999648,0.000669279048,0.0001193298998000003,0.0006688165933312368,0.00011809552115426753,0.9846490724970113,0.17446192700456556,5,5,instant_velocity,dbscan_kmeans_fallback,False
2960,233,12.7807042471,7.47554090642,0.0007997674099998519,0.0005489175390000156,0.00043776742799998657,0.00010978350780000313,0.00048177165044959634,0.00016468450126652906,0.8244771717423778,0.5658769967565983,5,5,instant_velocity,dbscan_kmeans_fallback,False
2960,238,12.5110984417,8.43304402287,0.0003998837099999264,0.00016706185899995063,0.000404093010000004,0.00016706185979998623,0.0004036848880708124,0.00016705189045413841,0.922691778732389,0.38547857785712847,5,5,instant_velocity,dbscan_kmeans_fallback,False
2960,248,11.7037542812,5.26340322288,0.0006103488200000839,0.0002863917600000043,0.0006061395160000061,0.0002816185636000057,0.0006072158102227998,0.0002831604442879238,0.9052797058641169,0.42478110837451116,5,5,instant_velocity,dbscan_kmeans_fallback,False
2960,249,12.2280228692,4.85076042918,0.0002736046400000802,0.00021479382000002544,0.00026939534000000267,0.00022911340780000346,0.00027146162565517537,0.00022961092799002607,0.7865488028836791,0.6174815675194066,5,5,instant_velocity,dbscan_kmeans_fallback,False
2960,253,13.9098495603,10.5473311885,0.01338558098,0.01809041280999999,0.012409022864000007,0.019608289143799987,0.014169433483638083,0.01878966809338879,0.5948047100779271,0.8038696835587082,6,6,instant_velocity,dbscan_kmeans_fallback,False
2960,254,13.3935786463,10.3690523182,0.008608022980000029,0.017278969499999873,0.014400022800000016,0.017613093219800008,0.014647757254872013,0.017079752362893805,0.4459090735169717,0.8950776849660464,6,6,instant_velocity,dbscan_kmeans_fallback,False
2960,256,3.86519173827,3.76103978368,0.02637127823600003,-0.004558402175000031,0.029987068819400005,-0.0043531547468000035,0.028309980470189858,-0.005389696020233243,0.9853868946100997,-0.17032886018681342,-1,-1,instant_velocity,dbscan_kmeans_fallback,False
2960,258,8.3699869447,9.02969352216,0.0016205813440000939,0.0009307732190000806,0.007656720688200025,0.004224278454999997,0.007840515338381182,0.004569257503697519,0.8671469011013592,0.4980417153833469,1,1,instant_velocity,dbscan_kmeans_fallback,False
2960,259,4.35662776925,7.85739658597,0.031569766444,0.018352938598000003,0.0260976735936,0.003527391839800007,0.026346026750145395,0.006228288929367927,0.8645257116120677,0.5025880482756648,-1,-1,instant_velocity,dbscan_kmeans_fallback,False
2960,277,6.2884870105,6.80586150843,-0.03992523129599999,-0.013985464263000047,-0.038683487149200016,-0.015154897281800004,-0.03716434099241732,-0.015448628608785986,-0.9437723572522477,-0.33059531895763894,2,2,instant_velocity,dbscan_kmeans_fallback,False
2960,324,8.12605788264,8.89628269412,0.029675580457000007,-0.013460412703999936,0.02445604573839999,-0.0022624949012000073,0.024363272561684978,-0.0043649731253234385,0.9106952449076263,-0.41307814894435857,-1,-1,instant_velocity,dbscan_kmeans_fallback,False
2960,325,7.58411022536,8.4079847439,0.03203278968500003,-0.0010501031189999565,0.027259440998799997,-0.003336463999999992,0.026549716129936805,-0.0034231574917566645,0.9994627867915035,-0.03276452035726421,-1,-1,instant_velocity,dbscan_kmeans_fallback,False
2960,326,3.26704989672,12.3332224698,-0.029654533945999973,0.00976118581000005,-0.017409673868200005,0.014586886958000029,-0.017542755299567607,0.010010003771717416,-0.9498645715804679,0.3126606067866965,7,7,instant_velocity,dbscan_kmeans_fallback,False
2960,327,3.35691849853,11.9222502947,-0.03211697572900003,0.0009785051799999778,-0.016879301792000003,0.021360052074,-0.019187481997260617,0.017994341809529333,-0.9995358953187548,0.03045277548602391,7,7,instant_velocity,dbscan_kmeans_fallback,False
2960,328,4.16236847306,10.5890966535,0.012143836824999976,-0.029379021339999943,0.007862976495599997,-0.018677515925999977,0.007760556584026028,-0.019749225165271944,0.3820025050348684,-0.9241609475720912,-1,-1,instant_velocity,dbscan_kmeans_fallback,False
2960,354,12.0636496186,9.78409714905,-0.0038936045299999833,-0.022982938714999967,-0.001700558086000008,-0.024515134626999995,0.00035020759917427785,-0.02369677390420205,-0.16703272816526274,-0.9859509164947214,8,8,instant_velocity,dbscan_kmeans_fallback,False
2960,355,12.3263100754,11.3761966729,0.0035147673300000904,-0.02226695931999991,0.015225046030000015,-0.02044359844399999,0.01151541035847685,-0.018260950401529957,0.1559162644463728,-0.9877698270723492,8,8,instant_velocity,dbscan_kmeans_fallback,False
2960,356,11.5781066107,12.2558966947,0.015342906490000096,-0.0016228866399998765,0.018571441272000014,-0.0015131031299999975,0.01573365811834619,-0.0012687656138879878,0.9944517519117151,-0.10518753166838755,9,9,instant_velocity,dbscan_kmeans_fallback,False
2960,357,11.7696298605,12.6888255714,0.00993395318000001,0.003985618659999979,0.013238255396000013,0.0013269484879999992,0.010677961186324388,0.001978304421285619,0.9280875232941662,0.37235961192182604,9,9,instant_velocity,dbscan_kmeans_fallback,False
2960,376,6.41455561117,7.55405998053,-0.018710348245000043,-0.006181288813000041,-0.017944255246599993,-0.005584639313200004,-0.016106810387031656,-0.005419707409437931,-0.949524302852187,-0.3136918604633846,2,2,instant_velocity,dbscan_kmeans_fallback,False
2970,142,9.19416831399,9.52992446236,0.00025255813099995806,-0.0005727835189999197,0.00025676743380000035,-0.0005775567151999894,0.0007413530291739662,-0.0006011414341058083,0.40344590345032755,-0.9149860405975956,0,0,instant_velocity,dbscan_kmeans_fallback,False
2970,143,6.84222071393,7.97243060943,-0.03403220822600002,0.0011932989990000031,-0.03245792920640001,-0.005260061985599993,-0.03209310437036368,-0.0055145226137045325,-0.9993855372858279,0.03504226799914674,1,1,instant_velocity,dbscan_kmeans_fallback,False
2970,144,4.55425450719,6.21661046294,-0.06046662599500001,-0.005035721773999935,-0.0598604864796,-0.008744495061399994,-0.05779348202494682,-0.010231104142382005,-0.9965499078036845,-0.08299368431801718,2,2,instant_velocity,dbscan_kmeans_fallback,False
2970,145,7.53465092459,7.493917711,-0.04630232411800002,-0.009546391989000026,-0.04412190558199999,-0.014710990054399993,-0.042425714456667936,-0.014645985483418642,-0.9794001441941549,-0.20192804289333377,2,2,instant_velocity,dbscan_kmeans_fallback,False
2970,146,9.24636366118,2.72334697453,-0.035084533773999914,0.014582113762000004,-0.035484417482399985,0.017560588063,-0.03577219738867998,0.016093890241199716,-0.923416842992413,0.3837978734732693,3,3,instant_velocity,dbscan_kmeans_fallback,False
2970,147,9.82935201484,3.06892636452,-0.03527395237600004,0.011240876566999968,-0.035690673291199994,0.014935330266199998,-0.035936921443282255,0.013318457991703024,-0.9527900513491623,0.30362901348045646,3,3,instant_velocity,dbscan_kmeans_fallback,False
2970,148,13.2193135356,1.56871086352,-0.0694534861700001,0.034987526638,-0.0694534861700001,0.034987526638,-0.035421277948800026,0.017848650441243,-0.8930817176372031,0.44989419694873745,4,4,instant_velocity,dbscan_kmeans_fallback,False
2970,149,13.4546135281,2.43886449327,-0.06379197472999998,0.031336031701999986,-0.06379197472999998,0.031336031701999986,-0.032538326879400004,0.015976364312430002,-0.8975562989330498,0.44089954507191087,4,4,instant_velocity,dbscan_kmeans_fallback,False
2970,232,12.3084205411,7.89534349412,0.0006734883500000066,0.0001193298999999648,0.000669279048,0.0001193298998000003,0.0006702181203318677,0.0001184658348079767,0.9846490724970113,0.17446192700456556,5,5,instant_velocity,dbscan_kmeans_fallback,False
2970,233,12.7988042465,7.4934403914,0.00180999994000004,0.0017899484980000047,0.0007282092779999871,0.00046777320740000407,0.0008802401373147295,0.0006522637002865718,0.7110314900744489,0.7031545800434872,5,5,instant_velocity,dbscan_kmeans_fallback,False
2970,238,12.5150972788,8.43471464147,0.00039988371000010403,0.00016706186000003953,0.00040409301200000413,0.00016706185980002174,0.0004025445346495999,0.00016705488131790874,0.9226917779116667,0.3854785798216845,5,5,instant_velocity,dbscan_kmeans_fallback,False
2970,248,11.7096473042,5.26602848068,0.0005893023000000496,0.00026252578000001136,0.0006019302119999992,0.00027684536780000715,0.0006018417571559747,0.00027697004500155004,0.9134440241174495,0.4069263006741403,6,6,instant_velocity,dbscan_kmeans_fallback,False
2970,249,12.2307589157,4.85314702717,0.0002736046499999034,0.00023865979900001834,0.0002693953399999671,0.00023388660360000203,0.00027210453295859377,0.00023232558929302374,0.7535709472488181,0.657324686560407,6,6,instant_velocity,dbscan_kmeans_fallback,False
2970,253,14.0422321142,10.7079492337,0.01323825539000012,0.016061804520000146,0.012771022852000016,0.018596371592800018,0.013890080055546695,0.017971309021372193,0.6360185705349005,0.7716731283744636,7,7,instant_velocity,dbscan_kmeans_fallback,False
2970,254,13.4725030625,10.5406487141,0.007892441619999958,0.017159639589999998,0.012320627517999973,0.017932897349599984,0.012621162564410397,0.017103718531025665,0.41786201216975766,0.9085099228374491,7,7,instant_velocity,dbscan_kmeans_fallback,False
2970,256,4.11901266048,3.71879699913,0.02538209222100001,-0.004224278454999997,0.0285011851454,-0.005336433121600006,0.027431613995432903,-0.005040070750663269,0.9864317694345698,-0.16416938503999362,-1,-1,instant_velocity,dbscan_kmeans_fallback,False
2970,258,8.38619275814,9.03876259455,0.001620581343999916,0.0009069072389999988,0.0036326277922000116,0.002019061905600026,0.0059745351400668015,0.0034705524242882625,0.8726432192035515,0.48834725605727114,0,0,instant_velocity,dbscan_kmeans_fallback,False
2970,259,4.67232543369,8.04092597195,0.031569766444,0.018352938597999913,0.027958185162800006,0.007646659982999982,0.02791314865830178,0.009865683829957523,0.8645257116120688,0.5025880482756631,-1,-1,instant_velocity,dbscan_kmeans_fallback,False
2970,277,5.85619167533,6.71230686694,-0.043229533517000006,-0.009355464148999992,-0.03988313827400001,-0.0137229384836,-0.03898389874979212,-0.013620679270850188,-0.9773740538615734,-0.21151715452744693,2,2,instant_velocity,dbscan_kmeans_fallback,False
2970,324,8.46680089513,8.64640588382,0.034074301248999996,-0.024987681029999997,0.0270616037958,-0.007856680606600008,0.027276581167879482,-0.010551785496726408,0.806406383741819,-0.5913613708538693,-1,-1,instant_velocity,dbscan_kmeans_fallback,False
2970,325,7.89244161096,8.36908319655,0.030833138559999983,-0.0038901547350000953,0.0300165339348,-0.002434329957200028,0.027834742858955756,-0.003563256664729694,0.9921342810760545,-0.12517557574534283,-1,-1,instant_velocity,dbscan_kmeans_fallback,False
2970,326,2.97071502236,12.461621442,-0.029633487436000028,0.012839897219999941,-0.021353790022599996,0.013646567346000005,-0.021169974940497334,0.010858971806202173,-0.9175698076458885,0.39757392874507413,-1,-1,instant_velocity,dbscan_kmeans_fallback,False
2970,327,3.04122083409,11.9103173047,-0.03156976644399996,-0.0011932990000000031,-0.0253820922208,0.014629845721999999,-0.02290216733128242,0.012238049566670533,-0.9992860739828796,-0.0377718053414466,-1,-1,instant_velocity,dbscan_kmeans_fallback,False
2970,328,4.28380684132,10.29530644,0.012143836825999977,-0.029379021350000124,0.008115534627199992,-0.019603515950000025,0.009075540656618213,-0.022638164020690396,0.3820025049506811,-0.9241609476068902,-1,-1,instant_velocity,dbscan_kmeans_fallback,False
2970,354,12.0522845027,9.4967507502,-0.0011365115900000334,-0.028734639884999958,-0.002062558074000016,-0.025025866597999987,-9.580815757801559e-05,-0.025208133698441423,-0.03952105492258978,-0.9992183899117905,8,8,instant_velocity,dbscan_kmeans_fallback,False
2970,355,12.3612472836,11.15328842,0.0034937208199998793,-0.022290825289999993,0.011874441483999973,-0.020677485047999974,0.009108903496933758,-0.019469912868070968,0.1548431549827047,-0.9879386169934384,8,8,instant_velocity,dbscan_kmeans_fallback,False
2970,356,11.6894426537,12.2277348383,0.011133604299999966,-0.0028161856400000574,0.01658885994000002,-0.0015990206580000076,0.014353641972842324,-0.0017329916217216088,0.9694662316353897,-0.24522129639514514,9,9,instant_velocity,dbscan_kmeans_fallback,False
2970,357,11.8824391592,12.7134075307,0.011280929870000022,0.0024581959299998955,0.012004929852000003,0.0022290825279999995,0.01085885179142708,0.002122271873899902,0.977070762672807,0.2129107617725296,9,9,instant_velocity,dbscan_kmeans_fallback,False
2970,376,6.25860096493,7.52040894877,-0.015595464623999966,-0.003365103175999984,-0.017733790137199997,-0.005260061985599993,-0.01595340665812215,-0.004803326139406547,-0.9775026590870708,-0.21092012209628277,1,1,instant_velocity,dbscan_kmeans_fallback,False
2980,142,9.19669389531,9.52419662716,0.00025255813200004696,-0.0005727835200000087,0.00025676743380000035,-0.0005727835193999908,0.0005947145600217904,-0.0005926340598740685,0.40344590419811555,-0.9149860402679092,0,0,instant_velocity,dbscan_kmeans_fallback,False
2980,143,6.48443002756,8.00822957938,-0.03577906863699996,0.0035798969950000094,-0.0319486036412,-0.0016467526182000114,-0.03319889365035456,-0.0027861967310931694,-0.9950314321337888,0.09955848962883976,-1,-1,instant_velocity,dbscan_kmeans_fallback,False
2980,144,3.94306382883,6.18582334877,-0.06111906783599994,-0.0030787114170000686,-0.0602982539078,-0.005861484681000011,-0.05879115776826276,-0.008085386324767425,-0.9987335589530127,-0.05030856194895443,1,1,instant_velocity,dbscan_kmeans_fallback,False
2980,145,7.12824279791,7.37053059455,-0.040640812668000056,-0.012338711645,-0.044079812559999994,-0.012687154952800005,-0.04189024392006757,-0.01395380333189305,-0.9568716987136362,-0.2905100365029162,1,1,instant_velocity,dbscan_kmeans_fallback,False
2980,146,8.89530785832,2.86845213276,-0.03510558028599995,0.01451051582299998,-0.03530762679159999,0.016195454008599997,-0.035572212257875976,0.015618877915739795,-0.9241646912275487,0.38199358238391423,2,2,instant_velocity,dbscan_kmeans_fallback,False
2980,147,9.49197644411,3.20758770815,-0.03373755707299999,0.013866134363000038,-0.035168719817799995,0.0135129178598,-0.03527711213219758,0.013482760903092129,-0.924926681290902,0.3801448223104238,2,2,instant_velocity,dbscan_kmeans_fallback,False
2980,148,12.5571903007,1.91142633591,-0.06621232348999992,0.034271547239000014,-0.06621232348999992,0.034271547239000014,-0.044658591611159995,0.022775519480570106,-0.8880872583424558,0.45967461678390226,3,3,instant_velocity,dbscan_kmeans_fallback,False
2980,149,12.8230077342,2.75341810929,-0.06316057938999986,0.031455361602,-0.06316057938999986,0.031455361602,-0.04172500263257996,0.020620063499301004,-0.8951341528250577,0.44579655112964567,3,3,instant_velocity,dbscan_kmeans_fallback,False
2980,232,12.3151554246,7.89653679312,0.0006734883500000066,0.00011932990000005362,0.000669279048,0.0001193298998000003,0.0006711991892323094,0.00011872505436559978,0.984649072496989,0.17446192700469146,4,4,instant_velocity,dbscan_kmeans_fallback,False
2980,233,12.816904246,7.51133987638,0.0018099999500000407,0.0017899484980000047,0.0010228604339999948,0.000825762907000005,0.0011591680811203228,0.0009935691396006018,0.7110314920167523,0.703154578079441,4,4,instant_velocity,dbscan_kmeans_fallback,False
2980,238,12.5190961159,8.43638526007,0.0003998837099999264,0.00016706186000003953,0.00040409301200000413,0.00016706185980002174,0.00040174628725469786,0.00016705697492254797,0.9226917779116057,0.38547857982183026,4,4,instant_velocity,dbscan_kmeans_fallback,False
2980,248,11.7157507924,5.26889239827,0.0006103488199999063,0.0002863917590000042,0.0006061395160000061,0.0002816185636000057,0.0006043938760091543,0.0002797965592010863,0.9052797064344427,0.42478110715902956,5,5,instant_velocity,dbscan_kmeans_fallback,False
2980,249,12.2334949621,4.85553362517,0.0002736046400000802,0.0002386597999999296,0.00027360464200000935,0.00023388660379998428,0.0002725545650710397,0.0002342258525050955,0.7535709339833688,0.6573247017674051,5,5,instant_velocity,dbscan_kmeans_fallback,False
2980,253,14.16851118,10.787422947,0.012627906579999858,0.007947371329999875,0.013010953077999972,0.015956794207799982,0.013511428012882644,0.014964127713960497,0.8463390134855683,0.5326433458011579,6,6,instant_velocity,dbscan_kmeans_fallback,False
2980,254,13.5514274786,10.7120064503,0.007892441610000134,0.017135773620000093,0.01089367407400001,0.017679917962000004,0.011202546278087318,0.017113335057717994,0.4183421976115598,0.9082889108589693,6,6,instant_velocity,dbscan_kmeans_fallback,False
2980,256,4.37262311758,3.67679287439,0.025361045709999974,-0.004200412474000004,0.0275246270368,-0.004983216618000004,0.026810443509803026,-0.00478817326766429,0.9865597491613176,-0.16339854137361268,-1,-1,instant_velocity,dbscan_kmeans_fallback,False
2980,258,8.40239857158,9.04807032674,0.001620581343999916,0.0009307732189999029,0.0016205813441999694,0.0009212268269999768,0.004668349001246736,0.0027086186627017545,0.8671469011013766,0.4980417153833165,0,0,instant_velocity,dbscan_kmeans_fallback,False
2980,259,4.92088472815,8.21610226494,0.02485592944599997,0.01751762929900007,0.027903464234,0.011302928114600003,0.026995982894611237,0.012161267470670287,0.8173970396823179,0.5760741461051745,-1,-1,instant_velocity,dbscan_kmeans_fallback,False
2980,277,5.41547773577,6.63020789584,-0.044071393956000016,-0.008209897109999975,-0.0412511614866,-0.012061866277599993,-0.04051014731165449,-0.011997444622595124,-0.9830874129674205,-0.18313572106787787,1,1,instant_velocity,dbscan_kmeans_fallback,False
2980,324,8.84311251114,8.44449969326,0.037631161600999975,-0.02019061905600008,0.030378533923399988,-0.012491453917000008,0.03038295529781563,-0.01344343556450851,0.8811767588538031,-0.47278647541257957,7,7,instant_velocity,dbscan_kmeans_fallback,False
2980,325,8.17299160209,8.26287958568,0.02805499911300009,-0.010620361086999885,0.029961813006400016,-0.004009484635199989,0.027900819735169058,-0.0056803879914107515,0.9352312509223609,-0.35403649612091986,7,7,instant_velocity,dbscan_kmeans_fallback,False
2980,326,2.67438014801,12.6029080435,-0.029633487434999984,0.014128660149999916,-0.025302115479199996,0.012964000321999975,-0.02370902868884813,0.011839878309341495,-0.9026535093050648,0.4303673232571742,8,8,instant_velocity,dbscan_kmeans_fallback,False
2980,327,2.70658130978,12.0272606066,-0.033463952431,0.011694330190000102,-0.0342637198472,0.010477165208000017,-0.026070702861197694,0.012074933753669402,-0.9440167762795322,0.3298965927433459,8,8,instant_velocity,dbscan_kmeans_fallback,False
2980,328,4.44439171996,10.0039028246,0.016058487863999993,-0.029140361539999837,0.010241232234399994,-0.02281587685199998,0.011170424818832746,-0.024588823276483228,0.48264043475441426,-0.8758182514865424,-1,-1,instant_velocity,dbscan_kmeans_fallback,False
2980,354,12.0442868285,9.20319919655,-0.0007997674199998528,-0.02935515536499995,-0.0023572092279999877,-0.025665474860999994,-0.00030699593630456677,-0.026452240198408982,-0.027234415335166386,-0.9996287338622691,9,9,instant_velocity,dbscan_kmeans_fallback,False
2980,355,12.3963949569,10.9306188269,0.0035147673300000904,-0.02226695931000009,0.008965813669999996,-0.021145258254000012,0.007430662646853657,-0.020309026800649707,0.15591626451469068,-0.9877698270615651,9,9,instant_velocity,dbscan_kmeans_fallback,False
2980,356,11.8009891618,12.1998116418,0.01115465081,-0.0027923196499999746,0.014783069300000022,-0.0017756289080000087,0.013393944623989627,-0.0020507900302051186,0.9700667803349098,-0.24283472236647968,10,10,instant_velocity,dbscan_kmeans_fallback,False
2980,357,12.0480752005,12.6771312412,0.01656360412999991,-0.003627628949999995,0.011832348461999978,0.0019140515939999859,0.012570277492998928,0.0003973016267299328,0.9768459710252219,-0.2139410418390608,10,10,instant_velocity,dbscan_kmeans_fallback,False
2980,376,6.11043352776,7.493917711,-0.014816743717000059,-0.0026491237770000175,-0.0171907901542,-0.004792288778200007,-0.015612407775785524,-0.004157065430684588,-0.9843892260423227,-0.1760014855044922,-1,-1,instant_velocity,dbscan_kmeans_fallback,False
2980,387,14.9592285969,9.42372085149,0.0,0.0,0.0,0.0,0.0,0.0,0.0,0.0,4,4,instant_velocity,dbscan_kmeans_fallback,False
2990,142,9.19921947662,9.51823013217,0.00025255813099995806,-0.0005966494990000016,0.00025676743359998256,-0.0005775567154000071,0.0004920676313152408,-0.0005938386916118484,0.3898034946922451,-0.920881299270529,0,0,instant_velocity,dbscan_kmeans_fallback,False
2990,143,6.08244166818,8.03233421916,-0.04019883593799998,0.0024104639779999105,-0.03399432450659999,-0.00029593815160001925,-0.03529887633664819,-0.0012271985183652453,-0.9982067735640322,0.05985599866579933,-1,-1,instant_velocity,dbscan_kmeans_fallback,False
2990,144,3.33208361559,6.15503623461,-0.061098021323999996,-0.0030787114159999797,-0.06055502134139999,-0.004763649602199997,-0.059483216834983935,-0.006583383852137191,-0.998732688012772,-0.0503258478995857,1,1,instant_velocity,dbscan_kmeans_fallback,False
2990,145,6.72183467122,7.2471434781,-0.04064081266899997,-0.012338711645,-0.044037719537999995,-0.010663319851199997,-0.04151541454474729,-0.013469275825825135,-0.9568716987156229,-0.29051003649637175,1,1,instant_velocity,dbscan_kmeans_fallback,False
2990,146,8.54256833459,3.01045471359,-0.03527395237300013,0.014200258083000027,-0.03516030121420002,0.014763495210400004,-0.03548273429241322,0.015193291965917864,-0.927651870123276,0.3734454202249,2,2,instant_velocity,dbscan_kmeans_fallback,False
2990,147,9.16133575689,3.35770472217,-0.03306406872199989,0.015011701401999967,-0.03452890588419997,0.012515319896999992,-0.03461319910913827,0.01394144305276448,-0.9105468667297736,0.41340519192603625,2,2,instant_velocity,dbscan_kmeans_fallback,False
2990,148,11.9704135751,2.23695830271,-0.058677672560000005,0.03255319668000001,-0.058677672560000005,0.03255319668000001,-0.048864315895812,0.025708822640399077,-0.8744449149174427,0.4851245125993351,3,3,instant_velocity,dbscan_kmeans_fallback,False
2990,149,12.2475961244,3.0794273957,-0.05754116098000015,0.03260092864099997,-0.05754116098000015,0.03260092864099997,-0.04646985013680602,0.024214323041810693,-0.8700592101476337,0.4929469225225863,3,3,instant_velocity,dbscan_kmeans_fallback,False
2990,232,12.3218903081,7.89773009212,0.0006734883500000066,0.0001193298999999648,0.000669279048,0.00011932990000000032,0.0006718859374626186,0.00011890650805590928,0.9846490724970113,0.17446192700456556,4,4,instant_velocity,dbscan_kmeans_fallback,False
2990,233,12.8350042454,7.52923936136,0.00180999994000004,0.0017899484980000047,0.0013133022839999953,0.0011837526066000058,0.0013544176387842379,0.001232482947120423,0.7110314900744489,0.7031545800434872,4,4,instant_velocity,dbscan_kmeans_fallback,False
2990,238,12.523305418,8.43781721887,0.000420930209999959,0.00014319587999995776,0.000404093010000004,0.0001622886638000054,0.00040750146407827624,0.00015989864644577092,0.946696870592659,0.3220559804385034,4,4,instant_velocity,dbscan_kmeans_fallback,False
2990,248,11.7218542806,5.27175631587,0.0006103488200000839,0.0002863917600000043,0.0006061395160000061,0.0002816185636000057,0.0006061803592064332,0.0002817751194407617,0.9052797058641169,0.42478110837451116,5,5,instant_velocity,dbscan_kmeans_fallback,False
2990,249,12.2362310085,4.85768156337,0.0002736046400000802,0.00021479382000002544,0.00027360464200000935,0.00022911340780000346,0.00027286958754975187,0.00022839624275357447,0.7865488028836791,0.6174815675194066,5,5,instant_velocity,dbscan_kmeans_fallback,False
2990,253,14.2947902458,10.8668966604,0.012627906580000037,0.007947371340000054,0.01305725540200001,0.013622701367999994,0.013246371583017861,0.012859100801772366,0.8463390131834361,0.5326433462812288,6,6,instant_velocity,dbscan_kmeans_fallback,False
2990,254,13.6781274746,10.813675525,0.012669999599999926,0.01016690747000002,0.010422232230000005,0.01603316534400001,0.0116427822746611,0.015029406781402601,0.7799393593530389,0.6258541080580213,6,6,instant_velocity,dbscan_kmeans_fallback,False
2990,256,4.58203590166,3.6670078226,0.02094127840800004,-0.0009785051789999778,0.025659906165600006,-0.0039856186551999965,0.025049693979262128,-0.003645272841064996,0.9989096416302827,-0.04667519521228656,-1,-1,instant_velocity,dbscan_kmeans_fallback,False
2990,258,8.41860438502,9.05713939913,0.0016205813440000939,0.0009069072389999988,0.0016205813439999872,0.000916453630999996,0.0037540187040727433,0.0021681052355912275,0.8726432192035743,0.4883472560572304,0,0,instant_velocity,dbscan_kmeans_fallback,False
2990,259,5.12440448916,8.38531206293,0.02035197610099999,0.01692097979899998,0.026952161938599995,0.01483986634619999,0.025002780856527865,0.013589181169169195,0.7689451800172374,0.6393141281730755,-1,-1,instant_velocity,dbscan_kmeans_fallback,False
2990,277,4.97476379622,6.54810892474,-0.04407139395499993,-0.008209897109999975,-0.042240347501799995,-0.010754010574999988,-0.041578521304658125,-0.01086118036881658,-0.9830874129666725,-0.18313572107189433,1,1,instant_velocity,dbscan_kmeans_fallback,False
2990,324,9.27267179988,8.31538474162,0.042955928874000016,-0.012911495163999831,0.0339185570672,-0.014691897270199981,0.03415484737067095,-0.013283853444355904,0.957674276376886,-0.2878533211188778,7,7,instant_velocity,dbscan_kmeans_fallback,False
2990,325,8.44259740752,8.16646102659,0.026960580542999858,-0.009641855909000085,0.029683999061599985,-0.0053841650816000095,0.0276187479775183,-0.006868828366687552,0.9415968336012087,-0.33674130197136354,7,7,instant_velocity,dbscan_kmeans_fallback,False
2990,326,2.37825573877,12.7444333047,-0.029612440923999995,0.014152526119999998,-0.0292420223314,0.012286206489999998,-0.02548005235939369,0.012533672652539046,-0.9022518616817192,0.4312087298727255,8,8,instant_velocity,dbscan_kmeans_fallback,False
2990,327,2.36983713438,12.1585234964,-0.03367441754000002,0.013126288980000034,-0.03358181289199999,0.009011794038000004,-0.028351817264838392,0.012390340321568591,-0.9317173532700521,0.3631834526068977,8,8,instant_velocity,dbscan_kmeans_fallback,False
2990,328,4.66348589908,9.71536312674,0.021909417912000073,-0.0288539697860001,0.01353711585100001,-0.02596618620920001,0.014392122746782945,-0.025868367229338288,0.6047401362942824,-0.7964225106801983,-1,-1,instant_velocity,dbscan_kmeans_fallback,False
2990,354,12.0082972948,8.93924145807,-0.0035989533700000464,-0.026395773848000025,-0.0026644882879999798,-0.02609028930459999,-0.0012945831664132109,-0.026435300293286293,-0.13509582102937656,-0.9908321595456692,9,9,instant_velocity,dbscan_kmeans_fallback,False
2990,355,12.4315426303,10.6919590272,0.0035147673399999134,-0.023865979970000062,0.0062381858499999865,-0.022028299512000016,0.006255894054797533,-0.02137611275145481,0.14569942024427768,-0.9893284843117491,9,9,instant_velocity,dbscan_kmeans_fallback,False
2990,356,11.9123252048,12.1716497854,0.011133604299999966,-0.0028161856400000574,0.013381371669999993,-0.0021718041780000165,0.012715842526792729,-0.0022804087131436004,0.9694662316353897,-0.24522129639514514,10,10,instant_velocity,dbscan_kmeans_fallback,False
2990,357,12.2139217069,12.6410936114,0.016584650640000122,-0.0036037629799999136,0.012859418198000015,0.0006396082620000243,0.013774589437099284,-0.0008030177552890214,0.9771953029808154,-0.21233973108956825,10,10,instant_velocity,dbscan_kmeans_fallback,False
2990,376,5.96184516036,7.46694915363,-0.014858836739999947,-0.0026968557370000033,-0.016538348314399993,-0.004214732063,-0.015386336465049852,-0.003719002522579213,-0.9839245808274792,-0.17858077970778757,-1,-1,instant_velocity,dbscan_kmeans_fallback,False
2990,387,14.6243786074,9.67335900199,-0.03348499894999986,0.024963815050000095,-0.03348499894999986,0.024963815050000095,-0.010045499684999959,0.007489144515000029,-0.8017196236195862,0.5976998964784236,-1,-1,instant_velocity,dbscan_kmeans_fallback,False
3000,142,9.20174505794,9.51250229698,0.00025255813200004696,-0.0005727835190000973,0.00025676743380000035,-0.000577556715200025,0.0004202147815206826,-0.000587522139828323,0.40344590478776265,-0.9149860400078899,0,0,instant_velocity,dbscan_kmeans_fallback,False
3000,143,5.66151144893,8.05142700313,-0.042093021925000064,0.0019092783970000582,-0.0364188825696,0.0009546391988000025,-0.03733712001315375,-0.0002862554437556542,-0.9989726485514594,0.04531194981609128,-1,-1,instant_velocity,dbscan_kmeans_fallback,False
3000,144,2.73836154134,6.08582489269,-0.059372207425000004,-0.006921134192,-0.0604203236712,-0.0048877526981999965,-0.05944991401198876,-0.006684708954096034,-0.99327379676577,-0.11578786666298906,1,1,instant_velocity,dbscan_kmeans_fallback,False
3000,145,6.31605793986,7.11134605206,-0.040577673135999956,-0.01357974260399999,-0.042892789341800006,-0.011469989974200007,-0.04123409212212309,-0.013502415859277592,-0.9483048450590953,-0.3173601320821833,1,1,instant_velocity,dbscan_kmeans_fallback,False
3000,146,8.19003927597,3.15221863462,-0.03525290586200001,0.01417639210299999,-0.035160301214,0.0144102787068,-0.035413785763289254,0.014888222007042502,-0.9277921501333054,0.37309677000422387,2,2,instant_velocity,dbscan_kmeans_fallback,False
3000,147,8.83048460456,3.50758307639,-0.03308511523300002,0.014987835422000018,-0.0340911384568,0.013264711668200002,-0.0341547739462968,0.014255360763535141,-0.9108929161169356,0.4126421509394986,2,2,instant_velocity,dbscan_kmeans_fallback,False
3000,148,11.3836368494,2.56225160972,-0.058677672570000006,0.03252933070099999,-0.06449492819399999,0.033870598775260004,-0.0518083228980684,0.02775497505857935,-0.8745957762091467,0.4848524828599062,3,3,instant_velocity,dbscan_kmeans_fallback,False
3000,149,11.6723949798,3.40567534191,-0.05752011445999994,0.03262479462100001,-0.06116537015999999,0.0318658564578,-0.0497849294337642,0.026737464515567487,-0.8698269859969018,0.49335657691861273,3,3,instant_velocity,dbscan_kmeans_fallback,False
3000,232,12.3286251916,7.89892339112,0.0006734883500000066,0.00011932990000005362,0.0006734883500000066,0.00011932990000000032,0.000672366661223835,0.00011903352563915259,0.984649072496989,0.17446192700469146,4,4,instant_velocity,dbscan_kmeans_fallback,False
3000,233,12.8531042448,7.54737750614,0.00180999994000004,0.0018138144779999976,0.0016079534360000025,0.0015465155022000054,0.0014910923291489785,0.0014068824063842955,0.7063593110003594,0.707847948858234,4,4,instant_velocity,dbscan_kmeans_fallback,False
3000,238,12.5273042551,8.43948783747,0.00039988371000010403,0.00016706186000003953,0.000404093010000004,0.0001622886638000054,0.0004052161378548246,0.0001620476105120515,0.9226917779116667,0.3854785798216845,4,4,instant_velocity,dbscan_kmeans_fallback,False
3000,248,11.7277473037,5.27462023347,0.0005893023099998729,0.0002863917600000043,0.0006019302139999993,0.00028161856380000573,0.0006011169444444651,0.0002831601116085345,0.8993989151475644,0.43709388862103915,5,5,instant_velocity,dbscan_kmeans_fallback,False
3000,249,12.2389670549,4.86006816136,0.00027360463999990257,0.00023865979900001834,0.00027360464200000935,0.00022911340760000342,0.0002730901032847971,0.00023147530962750764,0.7535709353473579,0.6573247002036233,5,5,instant_velocity,dbscan_kmeans_fallback,False
3000,253,14.4579007057,10.9456543943,0.01631104599000004,0.007875773389999985,0.01363813910400001,0.01158454667800001,0.014165773905112516,0.01136410257824065,0.9005192473495631,0.43481488126553225,6,6,instant_velocity,dbscan_kmeans_fallback,False
3000,254,13.8254530513,10.8852734649,0.014732557670000012,0.007159793989999841,0.010359092696000011,0.013780216833999966,0.012569714893262774,0.012668522943981773,0.8994120922927178,0.4371002942716176,6,6,instant_velocity,dbscan_kmeans_fallback,False
3000,256,4.72452078087,3.70543205035,0.014248487920999952,0.0038424227749999764,0.022460836499200002,-0.0020238351016000065,0.021809332161783476,-0.0013989641562455039,0.9655080014838812,0.26037078144120834,-1,-1,instant_velocity,dbscan_kmeans_fallback,False
3000,258,8.43481019846,9.06620847151,0.001620581343999916,0.0009069072380000875,0.0016205813439999872,0.0009164536308000137,0.003113987496050895,0.0017897458363138855,0.8726432194330053,0.48834725564725007,0,0,instant_velocity,dbscan_kmeans_fallback,False
3000,259,5.32813471528,8.55476052073,0.020373022612000025,0.016944845779999974,0.025744092209399997,0.01761786641479999,0.02361385338316951,0.014595880552418429,0.7688270384436694,0.6394561988189519,-1,-1,instant_velocity,dbscan_kmeans_fallback,False
3000,277,4.5085835784,6.44118933447,-0.04661802178200007,-0.010691959027000042,-0.0435831149012,-0.010090536331800007,-0.04309037144786071,-0.010810413966271618,-0.9746926653722252,-0.22354818252071662,1,1,instant_velocity,dbscan_kmeans_fallback,False
3000,324,9.70244155374,8.18603113017,0.04297697538600005,-0.012935361145000001,0.037462789513400006,-0.01689711381979997,0.03680148577526968,-0.013179305754549134,0.9575664761510047,-0.28821172448988175,7,7,instant_velocity,dbscan_kmeans_fallback,False
3000,325,8.70083809703,8.0798275193,0.025824068951,-0.00866335072899993,0.028741115370399993,-0.0067731651157999905,0.02708034426956281,-0.007407185075381266,0.9480718187709445,-0.3180551716260615,7,7,instant_velocity,dbscan_kmeans_fallback,False
3000,326,2.10654528224,12.8876291845,-0.027171045653000013,0.014319587980000038,-0.0291409990788,0.013040371455999988,-0.025987350347475586,0.013069447250777343,-0.8846623329177344,0.4662316007484563,8,8,instant_velocity,dbscan_kmeans_fallback,False
3000,327,2.03856505183,12.3761812337,-0.033127208255,0.021765773729999972,-0.0327904640798,0.009274319816000015,-0.029784434561886876,0.015202970344098007,-0.8357461916898634,0.5491154691939721,8,8,instant_velocity,dbscan_kmeans_fallback,False
3000,328,4.88279054331,9.42706208868,0.02193046442299993,-0.02883010380600002,0.01683720876999999,-0.029116495564400005,0.016653625249648044,-0.026756888202336807,0.6054257739500675,-0.7959014261231363,-1,-1,instant_velocity,dbscan_kmeans_fallback,False
3000,354,11.906853112,8.7447337213,-0.010144418279999989,-0.01945077367700012,-0.003914651037999981,-0.025383856298000006,-0.003949533700489245,-0.02433994230840044,-0.46242922182555785,-0.8866556846431828,-1,-1,instant_velocity,dbscan_kmeans_fallback,False
3000,355,12.4664798384,10.4532992274,0.0034937208100000562,-0.023865979979999886,0.003506348726000006,-0.022911340773999988,0.0054272420813582896,-0.022123072920018333,0.14484532595545874,-0.9894538909791938,-1,-1,instant_velocity,dbscan_kmeans_fallback,False
3000,356,12.1168972914,12.2048234975,0.02045720866000007,0.0033173712099999974,0.01384439491200002,-0.0013460412719999938,0.01503825236675493,-0.0006010747362005207,0.9871051080191043,0.16007042412337125,6,6,instant_velocity,dbscan_kmeans_fallback,False
3000,357,12.3797682133,12.6048173219,0.01658465063999994,-0.003627628949999995,0.014189557692000001,-0.0008830412580000058,0.01461760779796948,-0.0016504011137023133,0.9769026805597324,-0.2136819473775237,6,6,instant_velocity,dbscan_kmeans_fallback,False
3000,376,5.8073637699,7.43496874047,-0.015448139045999999,-0.003198041316000033,-0.015885906474400004,-0.0036180825638000157,-0.015404877239334896,-0.003562714160605459,-0.9792362159561124,-0.2027194257784763,-1,-1,instant_velocity,dbscan_kmeans_fallback,False
3000,387,14.289528618,9.92275849269,-0.03348499894000003,0.024939949070000012,-0.03348499894000003,0.024939949070000012,-0.017077349461499983,0.012724385881500025,-0.8019934479065299,0.5973324288019985,-1,-1,instant_velocity,dbscan_kmeans_fallback,False
3000,388,14.9874309215,9.12014558625,0.0,0.0,0.0,0.0,0.0,0.0,0.0,0.0,4,4,instant_velocity,dbscan_kmeans_fallback,False
3010,142,9.20427063925,9.50677446179,0.00025255813099995806,-0.0005727835189999197,0.0002525581313999936,-0.0005775567151999894,0.00036991778636446523,-0.000583100553579802,0.40344590345032755,-0.9149860405975956,-1,-1,instant_velocity,dbscan_kmeans_fallback,False
3010,143,5.2279533231,8.06359865292,-0.04335581258299994,0.001217164978999996,-0.03909178946179999,0.0020620206695999956,-0.03914272778410761,0.00016477068307104093,-0.9996059315310393,0.028062796201340674,-1,-1,instant_velocity,dbscan_kmeans_fallback,False
3010,144,2.18483830302,5.92663880628,-0.05535232383200004,-0.01591860864100001,-0.0594816492824,-0.006806577487999998,-0.05822063695799214,-0.009454878860167227,-0.9610469315113057,-0.2763846019327936,0,0,instant_velocity,dbscan_kmeans_fallback,False
3010,145,5.91701609201,6.86433315936,-0.03990418478500004,-0.024701289269999992,-0.04161316147520001,-0.0145009694306,-0.04083511992098617,-0.016862077882494313,-0.8502773748307935,-0.5263344561126491,-1,-1,instant_velocity,dbscan_kmeans_fallback,False
3010,146,7.83729975224,3.29422121544,-0.03527395237299995,0.014200258081999984,-0.03519818493359999,0.014333907570599998,-0.035371835746202465,0.014681832829529746,-0.9276518701323863,0.3734454202022698,1,1,instant_velocity,dbscan_kmeans_fallback,False
3010,147,8.49058345251,3.65937070901,-0.03399011520500004,0.015178763262000006,-0.0338301617218,0.014057062203199999,-0.03410537632390777,0.0145323815130746,-0.913091585869988,0.40775387005472435,1,1,instant_velocity,dbscan_kmeans_fallback,False
3010,148,10.7968601238,2.88778357653,-0.058677672560000005,0.032553196680999985,-0.06233976547000001,0.033378959587799996,-0.05386912779664788,0.02919444154530554,-0.8744449149111208,0.48512451261073003,2,2,instant_velocity,dbscan_kmeans_fallback,False
3010,149,11.1009822072,3.72858205092,-0.05714127726000005,0.03229067090100002,-0.059831021363999995,0.0320615574934,-0.05199183378163495,0.028403426431197247,-0.8706056006261648,0.4919812836257017,2,2,instant_velocity,dbscan_kmeans_fallback,False
3010,232,12.3353600752,7.89987803031,0.0006734883600000074,9.546391899997175e-05,0.0006734883520000068,0.00011455670380000171,0.0006727031708566867,0.00011196264364739833,0.9900884455354764,0.14034054451572944,3,3,instant_velocity,dbscan_kmeans_fallback,False
3010,233,12.8712042443,7.56527699112,0.0018099999499998631,0.0017899484980000047,0.0018099999440000048,0.0017947216940000033,0.0015867646154042441,0.0015218022338690084,0.7110314920167178,0.7031545780794759,3,3,instant_velocity,dbscan_kmeans_fallback,False
3010,238,12.5313030922,8.44115845606,0.0003998837099999264,0.00016706185899995063,0.000404093010000004,0.0001622886638000054,0.0004036164094983551,0.00016355188505842123,0.922691778732389,0.38547857785712847,3,3,instant_velocity,dbscan_kmeans_fallback,False
3010,248,11.7338507918,5.27724549126,0.0006103488100000831,0.0002625257790000113,0.0006019302119999992,0.0002768453676000071,0.0006038865041111505,0.00027696981182597755,0.9186139600504365,0.3951180726681408,4,4,instant_velocity,dbscan_kmeans_fallback,False
3010,249,12.2417031014,4.86245475936,0.00027360465000008104,0.0002386598000000184,0.0002736046440000095,0.00023388660360000203,0.0002732444672993823,0.00023363065673926087,0.753570945884708,0.6573246881243278,4,4,instant_velocity,dbscan_kmeans_fallback,False
3010,253,14.7679158122,11.021070891,0.031001510649999987,0.007541649670000083,0.017161325038000007,0.009474794050000028,0.019216494928578756,0.01021736670576848,0.9716619598403894,0.23637345229761922,5,5,instant_velocity,dbscan_kmeans_fallback,False
3010,254,13.972778628,10.9568714048,0.014732557670000012,0.007159793990000019,0.011583999634000008,0.011756381731999993,0.013218567726283945,0.011015904257787246,0.8994120922927136,0.43710029427162644,5,5,instant_velocity,dbscan_kmeans_fallback,False
3010,256,4.8672161252,3.7438562781,0.014269534432999987,0.0038424227750000206,0.020040487738599993,-0.0003436701115999963,0.01954739284314843,0.0001734519231281538,0.9656044865363914,0.26001273469225555,-1,-1,instant_velocity,dbscan_kmeans_fallback,False
3010,259,5.54786028973,8.69198990556,0.021972557444999995,0.013722938483000036,0.023824650409599996,0.016691866391799995,0.023121464601718655,0.014333997931592912,0.8481698583685575,0.5297236254205442,-1,-1,instant_velocity,dbscan_kmeans_fallback,False
3010,277,4.0253556867,6.31732489842,-0.04832278916999995,-0.012386443604999986,-0.045262626476,-0.009770732200199994,-0.044660096764502485,-0.01128322285789013,-0.9686830337544761,-0.24829977687151225,0,0,instant_velocity,dbscan_kmeans_fallback,False
3010,324,9.85060899091,8.00035380599,0.014816743717000059,-0.018567732418000027,0.034491022165400016,-0.017918577762599988,0.03020606315778879,-0.014795833753584401,0.62373322194528,-0.7816367608497616,6,6,instant_velocity,dbscan_kmeans_fallback,False
3010,325,8.96328808873,7.97123731043,0.02624499917000005,-0.010859020886999993,0.027583557267399996,-0.008734948669399998,0.026829740739693984,-0.008442735818866884,0.9240286814419446,-0.38232223544646887,6,6,instant_velocity,dbscan_kmeans_fallback,False
3010,326,1.83483482572,13.0308250644,-0.027171045651999993,0.014319587990000038,-0.028644301420000004,0.013952051891999986,-0.026342458938832906,0.013444489472544154,-0.8846623327763647,0.46623160101670175,7,7,instant_velocity,dbscan_kmeans_fallback,False
3010,327,1.7077138995,12.6036240229,-0.03308511523299999,0.02274427891999995,-0.0329840919806,0.01362747456400001,-0.03077463876322081,0.01746536291686859,-0.8240619252951653,0.5664992896132014,7,7,instant_velocity,dbscan_kmeans_fallback,False
3010,328,5.09325565294,9.23613424891,0.02104651096300003,-0.019092783976999962,0.0186177435976,-0.027059248091800006,0.017971490963653643,-0.024457656934735755,0.7406471812534379,-0.6718936292911385,-1,-1,instant_velocity,dbscan_kmeans_fallback,False
3010,354,11.8056193942,8.55022598453,-0.010123371779999956,-0.019450773676999943,-0.0051606044879999756,-0.0246774232904,-0.005801685124342458,-0.02287319171898029,-0.4616744817812684,-0.8870489055153247,-1,-1,instant_velocity,dbscan_kmeans_fallback,False
3010,355,12.5016275118,10.2146394277,0.0035147673400000913,-0.023865979970000062,0.003506348728000006,-0.02323114490400002,0.0048534996589508295,-0.02264594503501285,0.1456994202442849,-0.9893284843117481,-1,-1,instant_velocity,dbscan_kmeans_fallback,False
3010,356,12.3214693779,12.2379972097,0.020457208649999892,0.003317371219999998,0.014867255343999979,-0.00035798970000001874,0.01666393925172842,0.0005744590506596352,0.9871051079304989,0.16007042466977264,5,5,instant_velocity,dbscan_kmeans_fallback,False
3010,357,12.5742379746,12.6532652612,0.01944697613000006,0.004844793929999902,0.01609216228200001,-0.0007112062040000211,0.016066418297578655,0.0002981573994083515,0.9703406906522918,0.2417394178240358,5,5,instant_velocity,dbscan_kmeans_fallback,False
3010,376,5.65309284454,7.40322698711,-0.015427092536000053,-0.0031741753359999514,-0.015229255332600005,-0.003016659868399998,-0.015411541828334444,-0.0034461525132238064,-0.9794813784514156,-0.20153153462303877,-1,-1,instant_velocity,dbscan_kmeans_fallback,False
3010,387,14.0386542074,10.1628502512,-0.025087441059999983,0.02400917585099993,-0.025087441059999983,0.02400917585099993,-0.01948037694104998,0.016109822872349997,-0.7224619156275202,0.691410301133017,8,8,instant_velocity,dbscan_kmeans_fallback,False
3010,388,14.769389068,9.42706208868,-0.021804185349999904,0.030691650242999913,-0.021804185349999904,0.030691650242999913,-0.006541255604999972,0.009207495072899976,-0.5791533221866356,0.8152183131952573,8,8,instant_velocity,dbscan_kmeans_fallback,False
3020,142,9.20679622057,9.50104662659,0.00025255813200004696,-0.0005727835200000087,0.0002525581316000114,-0.0005775567154000071,0.0003347098900551397,-0.0005800054435058641,0.40344590419811555,-0.9149860402679092,-1,-1,instant_velocity,dbscan_kmeans_fallback,False
3020,143,4.74388357096,8.04760844634,-0.04840697521400008,-0.0015990206579999723,-0.041966742859400004,0.0015035567382000003,-0.041922002013075346,-0.0003643667192502631,-0.9994546549330372,-0.03301484203272321,-1,-1,instant_velocity,dbscan_kmeans_fallback,False
3020,144,1.63152552982,5.76769137967,-0.05533127731999998,-0.015894742661000015,-0.058454579547399986,-0.008978381665400015,-0.057353829066594496,-0.011386838000417066,-0.9611290778901087,-0.27609880156418415,0,0,instant_velocity,dbscan_kmeans_fallback,False
3020,145,5.51776377905,6.61755892645,-0.03992523129599999,-0.024677423291,-0.0403377429108,-0.017527175690999996,-0.040562153333490315,-0.019206681505046022,-0.8506289656995845,-0.5257660474031426,-1,-1,instant_velocity,dbscan_kmeans_fallback,False
3020,146,7.46751255462,3.44577018826,-0.036978719762,0.015154897282000012,-0.03557702213120001,0.014448464274599998,-0.03585390095094173,0.014823752165270826,-0.9253076793817545,0.37921655821320566,1,1,instant_velocity,dbscan_kmeans_fallback,False
3020,147,8.11448230161,3.81855679542,-0.03761011509000003,0.01591860864100001,-0.0342973942646,0.014992608618000008,-0.03515679795373545,0.014948249651452222,-0.9209086998733959,0.38977772740914823,1,1,instant_velocity,dbscan_kmeans_fallback,False
3020,148,10.3264706038,3.21761141974,-0.047038951999999946,0.03298278432099999,-0.05785685863599998,0.0329780111244,-0.0518200750576535,0.030330944378013876,-0.8187775239223124,0.5741106323629844,2,2,instant_velocity,dbscan_kmeans_fallback,False
3020,149,10.5647171079,4.02094030557,-0.053626509929999955,0.029235825464999986,-0.05779792840399999,0.031641516246,-0.05248223662614445,0.028653146141338067,-0.8779986363745305,0.47866279056869776,2,2,instant_velocity,dbscan_kmeans_fallback,False
3020,232,12.3418844936,7.90107132931,0.0006524418399999731,0.0001193298999999648,0.0006692790500000001,0.00011455670380000171,0.0006666247715996726,0.00011417282055316826,0.9836677040259245,0.17991024112526777,3,3,instant_velocity,dbscan_kmeans_fallback,False
3020,233,12.8893042437,7.5831764761,0.00180999994000004,0.0017899484980000047,0.0018099999440000048,0.0017947216940000033,0.0016537352127829828,0.0016022461131083073,0.7110314900744489,0.7031545800434872,3,3,instant_velocity,dbscan_kmeans_fallback,False
3020,238,12.5353019293,8.44282907466,0.0003998837099999264,0.00016706186000003953,0.0004040930099999684,0.0001622886638000054,0.00040249659964882654,0.00016460487754090672,0.9226917779116057,0.38547857982183026,3,3,instant_velocity,dbscan_kmeans_fallback,False
3020,248,11.73995428,5.28010940886,0.0006103488199999063,0.00028639175999991553,0.0006061395159999705,0.00028161856359998794,0.0006058251988777773,0.00027979639627815896,0.90527970586412,0.42478110837450456,4,4,instant_velocity,dbscan_kmeans_fallback,False
3020,249,12.2444391478,4.86460269756,0.00027360463999990257,0.00021479381999993662,0.00027360464200000935,0.00022911340779998567,0.0002733525191095384,0.0002279796057174636,0.7865488028836085,0.6174815675194967,4,4,instant_velocity,dbscan_kmeans_fallback,False
3020,253,15.0781413838,11.0964873877,0.03102255716000002,0.0075416496699999055,0.020718185391999988,0.007770763079999981,0.022758313598005134,0.009414651595037907,0.9716987807920701,0.23622204164873625,5,5,instant_velocity,dbscan_kmeans_fallback,False
3020,254,14.2354390849,11.0129564578,0.026266045689999906,0.005608505300000033,0.015258720447999998,0.009446154874,0.017132811115398737,0.009393684570451082,0.9779538448922531,0.208819377951582,5,5,instant_velocity,dbscan_kmeans_fallback,False
3020,256,4.95350682015,3.78084854706,0.008629069495000063,0.0036992268960000184,0.016689883193400003,0.0012410309586000068,0.01627189583870392,0.0012311844149897134,0.919103388916257,0.3940137437129029,-1,-1,instant_velocity,dbscan_kmeans_fallback,False
3020,259,5.78358121251,8.79700021744,0.023572092277999966,0.010501031188000099,0.02222511557639999,0.015121484909800031,0.023256652904603048,0.013184107908515067,0.9134578310904503,0.4069324462197305,-1,-1,instant_velocity,dbscan_kmeans_fallback,False
3020,277,3.542127795,6.19369912216,-0.04832278917000003,-0.012362577625999993,-0.0462812776066,-0.010372154895599995,-0.04575890448615175,-0.011607029288323089,-0.9687980146762226,-0.24785077322864876,0,0,instant_velocity,dbscan_kmeans_fallback,False
3020,324,9.99856596298,7.81467648182,0.014795697207000025,-0.018567732417000028,0.030635301357000023,-0.016634588039999995,0.02558295337255216,-0.01592740335260909,0.6231914748066089,-0.7820687586989971,6,6,instant_velocity,dbscan_kmeans_fallback,False
3020,325,9.23499854526,7.81205122402,0.027171045653000013,-0.01591860864100001,0.026851138686000003,-0.01114063945059998,0.026932132213685792,-0.010685497665506822,0.8628257614631255,-0.5055008113236825,6,6,instant_velocity,dbscan_kmeans_fallback,False
3020,326,1.56312436919,13.1740209442,-0.027171045652999992,0.014319587980000038,-0.028151813063399995,0.014247990044000005,-0.026591034953083036,0.01370701902478092,-0.8846623329177342,0.4662316007484566,7,7,instant_velocity,dbscan_kmeans_fallback,False
3020,327,1.41706158311,12.7761750581,-0.02906523163900001,0.01725510351999997,-0.03248318501960001,0.017317155068000006,-0.03026181662595457,0.017402285097808005,-0.8598853687596443,0.5104865922820319,7,7,instant_velocity,dbscan_kmeans_fallback,False
3020,328,5.30372076256,9.04520640914,0.021046510962000033,-0.019092783976999962,0.02039827842480001,-0.025002000617199975,0.01889399696315756,-0.022848195047415018,0.7406471812375512,-0.6718936293086508,-1,-1,instant_velocity,dbscan_kmeans_fallback,False
3020,354,11.7734182325,8.43733989927,-0.0032201161700001536,-0.011288608525999954,-0.005577325403999999,-0.0211882170186,-0.005027214438039766,-0.01939781676108619,-0.2743112860942963,-0.9616400649862076,3,3,instant_velocity,dbscan_kmeans_fallback,False
3020,355,12.4414344904,10.0509188051,-0.006019302139999993,-0.016372062259999966,0.0016037441360000316,-0.022047392298000013,0.0015916591192655823,-0.020763780202508984,-0.34507360805344217,-0.9385750148328303,3,3,instant_velocity,dbscan_kmeans_fallback,False
3020,356,12.5262519296,12.2711709219,0.020478255170000105,0.003317371219999998,0.016736185518000005,0.0008687216719999924,0.017808234027209924,0.0013973327014617442,0.9871310900902123,0.15991012131882126,5,5,instant_velocity,dbscan_kmeans_fallback,False
3020,357,12.7720751776,12.7112595925,0.019783720299999884,0.005799433129999976,0.017792720367999983,-4.295876400000509e-05,0.017181608898305025,0.001948540118585839,0.9596181735786946,0.2813040896055522,5,5,instant_velocity,dbscan_kmeans_fallback,False
3020,376,5.50660912824,7.37673574934,-0.014648371629999967,-0.0026491237770000175,-0.015039836733800004,-0.0028734639886000045,-0.0151825907688341,-0.0032070438923566696,-0.9840368994617273,-0.17796077363784382,-1,-1,instant_velocity,dbscan_kmeans_fallback,False
3020,387,13.8717553754,10.3931569579,-0.01668988320000011,0.02303067067000004,-0.01668988320000011,0.02303067067000004,-0.018643228818735022,0.01818607721164501,-0.5867978973322763,0.8097329958131799,8,8,instant_velocity,dbscan_kmeans_fallback,False
3020,388,14.5513472144,9.73397859111,-0.021804185360000082,0.03069165024300009,-0.021804185360000082,0.03069165024300009,-0.011120134531500006,0.01565274162393001,-0.5791533223631599,0.8152183130698498,8,8,instant_velocity,dbscan_kmeans_fallback,False
3030,142,9.20932180188,9.4953187914,0.00025255813099995806,-0.0005727835189999197,0.0002525581313999936,-0.0005775567151999894,0.0003100643623385852,-0.0005778388661540808,0.40344590345032755,-0.9149860405975956,0,0,instant_velocity,dbscan_kmeans_fallback,False
3030,143,4.25981381882,8.03161823976,-0.04840697521399999,-0.0015990206579999723,-0.04449232417480001,0.0004677732076000041,-0.04386749397335274,-0.0007347629008751759,-0.9994546549330372,-0.03301484203272327,1,1,instant_velocity,dbscan_kmeans_fallback,False
3030,144,1.02433368855,5.62449549985,-0.06071918412699999,-0.014319587981999948,-0.0583746028056,-0.011226556978399992,-0.05836343558471614,-0.01226666299489193,-0.9732999467656166,-0.2295362564726662,-1,-1,instant_velocity,dbscan_kmeans_fallback,False
3030,145,5.1143021639,6.37364861115,-0.040346161515000034,-0.024391031529999996,-0.0402788126802,-0.019937639667999996,-0.04049735578794323,-0.020761986512532214,-0.8557723891199357,-0.5173520984832095,-1,-1,instant_velocity,dbscan_kmeans_fallback,False
3030,146,7.08067768313,3.60710421287,-0.03868348714899996,0.01613340246099999,-0.03629260350380001,0.0147730416022,-0.0367027768103592,0.015216647253989576,-0.9229471954561846,0.3849259632977734,2,2,instant_velocity,dbscan_kmeans_fallback,False
3030,147,7.7381706856,3.97774288182,-0.037631161600999975,0.015918608639999964,-0.03507611517019999,0.015403103473399992,-0.035899107047914804,0.015239357348016545,-0.9209869378902518,0.3895928268777461,2,2,instant_velocity,dbscan_kmeans_fallback,False
3030,148,9.85587061865,3.54767792274,-0.04705999851500007,0.03300665030000003,-0.05402639364100001,0.0327250317366,-0.05039205209485747,0.031133656154609723,-0.8187030290350302,0.5742168600004677,3,3,instant_velocity,dbscan_kmeans_fallback,False
3030,149,10.0282415434,4.31353722002,-0.05364755644999999,0.02925969144499998,-0.055895323816000014,0.03120238221459999,-0.05283183257330111,0.02883510973243664,-0.8779133979414684,0.47881910825034135,3,3,instant_velocity,dbscan_kmeans_fallback,False
3030,232,12.3486193771,7.90226462831,0.0006734883500000066,0.00011932990000005362,0.0006692790500000001,0.00011455670380000171,0.0006686838451197728,0.00011571994438723388,0.984649072496989,0.17446192700469146,0,0,instant_velocity,dbscan_kmeans_fallback,False
3030,233,12.9074042431,7.60107596107,0.00180999994000004,0.0017899484970000045,0.0018099999420000045,0.0017947216938000033,0.0017006146309481,0.0016585568282758165,0.7110314902708536,0.7031545798448808,0,0,instant_velocity,dbscan_kmeans_fallback,False
3030,238,12.5393007664,8.44449969326,0.00039988371000010403,0.00016706185999986188,0.000404093010000004,0.00016228866379996987,0.0004017127327542098,0.00016534197227859325,0.9226917779118126,0.3854785798213355,0,0,instant_velocity,dbscan_kmeans_fallback,False
3030,248,11.7460577682,5.28297332646,0.0006103488200000839,0.0002863917600000043,0.0006061395160000061,0.00028161856379998795,0.0006071822852144693,0.00028177500539471257,0.9052797058641169,0.42478110837451116,4,4,instant_velocity,dbscan_kmeans_fallback,False
3030,249,12.2471751942,4.86698929556,0.0002736046400000802,0.0002386598000000184,0.00027360464200000935,0.00022911340780000346,0.0002734281553767009,0.00023118366400223003,0.7535709339832477,0.657324701767544,4,4,instant_velocity,dbscan_kmeans_fallback,False
3030,254,14.5475588424,11.0623590363,0.03121197575000014,0.004940257850000051,0.019922627276,0.007007051719999993,0.02135656050577916,0.008057656554315772,0.987703832762015,0.15633459580903528,5,5,instant_velocity,dbscan_kmeans_fallback,False
3030,256,4.90888821691,3.81473823862,-0.004461860324,0.0033889691559999767,0.01072530198660001,0.002758907284600003,0.010051768989892743,0.0018785198372927923,-0.7963365419955128,0.6048508430669721,-1,-1,instant_velocity,dbscan_kmeans_fallback,False
3030,259,6.01930213529,8.90201052931,0.023572092278000056,0.010501031186999831,0.021968348142800007,0.013718165287399983,0.02335128471662215,0.012379184892060496,0.9134578311048593,0.40693244618738594,-1,-1,instant_velocity,dbscan_kmeans_fallback,False
3030,277,3.1550824584,6.16816252359,-0.03870453366,-0.002553659856999957,-0.04520790554739999,-0.009240907444999991,-0.04364259323830623,-0.008891018458926148,-0.9978302543216307,-0.06583515737316872,1,1,instant_velocity,dbscan_kmeans_fallback,False
3030,324,10.1402089818,7.64594400342,0.014164301881999996,-0.016873247839999994,0.02594192941320003,-0.015971113796799975,0.022157357925386513,-0.016211156698826362,0.6429462169993029,-0.7659107351422699,6,6,instant_velocity,dbscan_kmeans_fallback,False
3030,325,9.50691946689,7.65310379741,0.02719209216300005,-0.015894742661000015,0.026678557295999994,-0.012195515765400006,0.02701012019848007,-0.012248271164154782,0.8633265747083921,-0.5046450142613277,6,6,instant_velocity,dbscan_kmeans_fallback,False
3030,326,1.29141391266,13.317216824,-0.027171045653000013,0.014319587980000038,-0.027659324707000003,0.01428617561000003,-0.026765038163058127,0.013890789711346656,-0.8846623329177344,0.4662316007484563,7,7,instant_velocity,dbscan_kmeans_fallback,False
3030,327,1.13651159198,12.9353611445,-0.028054999113000002,0.01591860864000001,-0.031401394356000006,0.01816201075799999,-0.0295997713720682,0.016957182160465607,-0.8697455130426064,0.4934998708342776,7,7,instant_velocity,dbscan_kmeans_fallback,False
3030,328,5.51418587219,8.94282135506,0.02104651096299994,-0.010238505408000087,0.0213958830446,-0.021221629390800027,0.019539751163110276,-0.019065288155590537,0.8992403815432952,-0.4374538623389363,-1,-1,instant_velocity,dbscan_kmeans_fallback,False
3030,354,11.7875193948,8.37910690814,0.0014101162300001135,-0.005823299112999969,-0.0051353486740000065,-0.016481845768200002,-0.0030960152376278017,-0.015325461466660324,0.23534856632630463,-0.9719093138398058,0,0,instant_velocity,dbscan_kmeans_fallback,False
3030,355,12.3814519342,9.88743684233,-0.005998255620000137,-0.01634819627699997,-0.00029886045400001393,-0.02086363969139999,-0.0006853153025141339,-0.01943910502485628,-0.34445272124744414,-0.9388030540618818,-1,-1,instant_velocity,dbscan_kmeans_fallback,False
3030,356,12.7224054118,12.3179482426,0.019615348219999974,0.00467773207000004,0.018428325000000002,0.0023627320159999954,0.01835036828504694,0.002381452512023233,0.9727228611798683,0.23196819510570346,5,5,instant_velocity,dbscan_kmeans_fallback,False
3030,357,12.9697019156,12.7690152641,0.01976267380000003,0.005775567160000073,0.01843253430200001,0.0018376804580000083,0.017955928368813528,0.003096648231010109,0.959849861839668,0.28051251549634876,5,5,instant_velocity,dbscan_kmeans_fallback,False
3030,376,5.43189401433,7.39797647152,-0.007471511390999996,0.002124072217999995,-0.013570790268599992,-0.001918824789600002,-0.012869266955483868,-0.0016077090592496698,-0.9618838887795558,0.2734534872769563,-1,-1,instant_velocity,dbscan_kmeans_fallback,False
3030,387,13.7048565435,10.6237023244,-0.01668988318999993,0.023054536649999947,-0.025087441067999983,0.023999629458200004,-0.018057225130114495,0.01964661504315149,-0.5863993979031551,0.8100216314633324,8,8,instant_velocity,dbscan_kmeans_fallback,False
3030,388,14.3335158259,10.0406564337,-0.02178313885000005,0.03066778425900001,-0.02178313885000005,0.03066778425900001,-0.01431903582705002,0.020157254414451008,-0.5790810353688542,0.8152696626257944,8,8,instant_velocity,dbscan_kmeans_fallback,False
3040,142,9.2118473832,9.48935229641,0.00025255813200004696,-0.0005966494990000016,0.0002525581316000114,-0.0005775567151999894,0.00029281249323702375,-0.000583482056007857,0.38980349600126096,-0.9208812987164405,0,0,instant_velocity,dbscan_kmeans_fallback,False
3040,143,3.77469174113,8.00775225979,-0.04851220776899998,-0.002386597997000095,-0.04615499854100001,-0.000491639187399997,-0.045260908112046916,-0.0012303134297126518,-0.9987918719982163,-0.04913638835984181,1,1,instant_velocity,dbscan_kmeans_fallback,False
3040,144,0.381152313532,5.49180065121,-0.0643181375018,-0.013269484863999991,-0.059018626041160004,-0.013264711667999994,-0.0601498461598413,-0.012567509555624348,-0.979374059254159,-0.20205481315598722,-1,-1,instant_velocity,dbscan_kmeans_fallback,False
3040,145,4.69337194465,6.14286458482,-0.042093021924999974,-0.02307840263300003,-0.0405692545314,-0.0220855778656,-0.04097605562906025,-0.021456911348672558,-0.8768549709873217,-0.48075455611739093,-1,-1,instant_velocity,dbscan_kmeans_fallback,False
3040,146,6.69384281164,3.76819957768,-0.03868348714900005,0.016109536480999997,-0.03697451045899999,0.015154897281799995,-0.03729698991195146,0.0154845140220927,-0.9231494070438064,0.38444075615272283,2,2,instant_velocity,dbscan_kmeans_fallback,False
3040,147,7.36185906959,4.13669030843,-0.037631161600999975,0.01589474266100006,-0.03598953374600001,0.015579711725200012,-0.03641872341384036,0.0154359729419116,-0.9211964321422434,0.3890972164075657,2,2,instant_velocity,dbscan_kmeans_fallback,False
3040,148,9.38548109864,3.87750576594,-0.047038952001000035,0.03298278431999999,-0.05169864952920001,0.0328109492646,-0.04938612206670023,0.0316883946042268,-0.8187775239362324,0.5741106323431324,3,3,instant_velocity,dbscan_kmeans_fallback,False
3040,149,9.49197644411,4.60613413447,-0.053626509929000046,0.02925969144500007,-0.055112393605799996,0.030534134775400013,-0.053070235780010785,0.02896248424620567,-0.8778343987985512,0.4789639244220659,3,3,instant_velocity,dbscan_kmeans_fallback,False
3040,232,12.3553542606,7.90345792731,0.0006734883500000066,0.0001193298999999648,0.0006692790500000001,0.00011455670380000171,0.0006701251965838429,0.00011680293107105315,0.9846490724970113,0.17446192700456556,0,0,instant_velocity,dbscan_kmeans_fallback,False
3040,233,12.9255042425,7.61921410585,0.00180999994000004,0.0018138144779999976,0.0018099999420000045,0.001799494889800002,0.001733430223663682,0.0017051341231930708,0.7063593110003594,0.707847948858234,0,0,instant_velocity,dbscan_kmeans_fallback,False
3040,238,12.5435100686,8.44617031186,0.00042093021999995984,0.00016706186000003953,0.00040409301200000413,0.00016706185979998623,0.00040747797892793486,0.00016585793859502713,0.9294504592137953,0.3688870865440888,0,0,instant_velocity,dbscan_kmeans_fallback,False
3040,248,11.7519507913,5.28583724405,0.0005893023100000505,0.0002863917590000042,0.0006019302139999993,0.00028161856359998794,0.0006018182926501437,0.00028316003147630005,0.8993989157476117,0.43709388738631116,4,4,instant_velocity,dbscan_kmeans_fallback,False
3040,249,12.2499112406,4.86937589355,0.00027360463999990257,0.00023865979900001834,0.0002736046419999738,0.00023388660360000203,0.0002734811007636614,0.0002334265045015665,0.7535709353473579,0.6573247002036233,4,4,instant_velocity,dbscan_kmeans_fallback,False
3040,254,14.8594681349,11.1117616149,0.031190929249999933,0.004940257860000052,0.023626813206000002,0.005961721797999999,0.024306871129045393,0.007122436946021056,0.9876875386268849,0.1564375042120806,5,5,instant_velocity,dbscan_kmeans_fallback,False
3040,256,4.86426961367,3.84838927038,-0.004461860324,0.003365103175999984,0.0056446742402,0.0036276289555999953,0.005697680195724919,0.0023244948389049497,-0.7983888859683124,0.602139193242719,-1,-1,instant_velocity,dbscan_kmeans_fallback,False
3040,259,6.29206491736,8.96382341744,0.027276278207000005,0.00618128881300013,0.02335320856400001,0.011570227090200013,0.024528782763735508,0.010519816068342385,0.9752703645631285,0.2210135762795354,-1,-1,instant_velocity,dbscan_kmeans_fallback,False
3040,277,2.77877084239,6.15384293561,-0.037631161600999975,-0.0014319587980000214,-0.0439198590766,-0.0078853197826,-0.041839163747114355,-0.006653300560648309,-0.9992765245651859,-0.0380249439588912,1,1,instant_velocity,dbscan_kmeans_fallback,False
3040,324,10.2664880475,7.51635173218,0.012627906569999858,-0.012959227123999995,0.019876324952399996,-0.015980660188800008,0.019298522518770518,-0.015235577826378452,0.6978917647834277,-0.7162024709054942,0,0,instant_velocity,dbscan_kmeans_fallback,False
3040,325,9.71527992542,7.55310534133,0.02083604585300005,-0.00999984560799998,0.025453650358000034,-0.012267113705199985,0.025157897894836065,-0.011573743497308341,0.9015472497474296,-0.4326796633773598,0,0,instant_velocity,dbscan_kmeans_fallback,False
3040,326,1.01970345614,13.4604127038,-0.027171045651999993,0.014319587979999859,-0.0271710456526,0.014319587982000002,-0.026886840409740688,0.014019429191942616,-0.8846623329106593,0.46623160076188125,6,6,instant_velocity,dbscan_kmeans_fallback,False
3040,327,0.855961600847,13.0945472309,-0.028054999113299995,0.01591860864000001,-0.03027751067066,0.01872047468999998,-0.02913633969443774,0.016645610104325928,-0.8697455130448714,0.4934998708302858,6,6,instant_velocity,dbscan_kmeans_fallback,False
3040,328,5.72465098181,8.84067496079,0.021046510962000033,-0.010214639426999916,0.021223301654599992,-0.01749376331899999,0.019991779102777205,-0.01641009353701335,0.8996413102201183,-0.43662874165338666,-1,-1,instant_velocity,dbscan_kmeans_fallback,False
3040,354,11.801410092,8.32063525721,0.0013890697199999025,-0.005847165093000051,-0.004137744056000017,-0.012372124017200009,-0.0017504897503394902,-0.01248197255456224,0.23113001031248726,-0.9729211635568675,0,0,instant_velocity,dbscan_kmeans_fallback,False
3040,355,12.3212589128,9.72371621973,-0.006019302139999993,-0.016372062259999966,-0.0022056743499999955,-0.019364856149399968,-0.0022855113537598917,-0.018518992195399386,-0.34507360805344217,-0.9385750148328303,-1,-1,instant_velocity,dbscan_kmeans_fallback,False
3040,356,12.9059309873,12.3852503061,0.018352557549999916,0.006730206349999967,0.01987211564999999,0.004272010414000001,0.018351025064532834,0.003686078663416253,0.9388603707205743,0.3442966470243795,5,5,instant_velocity,dbscan_kmeans_fallback,False
3040,357,13.2357298141,12.8208044406,0.026602789850000086,0.005178917649999981,0.020436162144,0.003594216583999987,0.020549986813169496,0.0037213290567070707,0.981572467037501,0.19108834084536896,5,5,instant_velocity,dbscan_kmeans_fallback,False
3040,376,5.3569684353,7.41921719369,-0.00749255790300003,0.0021240722169999946,-0.012097534501200009,-0.0009546391988000025,-0.011256254239738717,-0.0004881746763747702,-0.9620857133334172,0.27274257476821057,-1,-1,instant_velocity,dbscan_kmeans_fallback,False
3040,387,13.5002844569,10.8069930506,-0.02045720866000007,0.01832907261999992,-0.022481883010000026,0.02267268097219997,-0.01877722018908017,0.01925135231620602,-0.7447839798087257,0.6673050990978474,7,7,instant_velocity,dbscan_kmeans_fallback,False
3040,388,14.1600925756,10.312012626,-0.017342325029999904,0.027135619229999897,-0.017342325029999904,0.027135619229999897,-0.015226022587934984,0.022250763859115674,-0.5385143417587405,0.8426159758037528,7,7,instant_velocity,dbscan_kmeans_fallback,False
3040,389,14.8321076706,9.79579147924,0.0,0.0,0.0,0.0,0.0,0.0,0.0,0.0,0,0,instant_velocity,dbscan_kmeans_fallback,False
3040,390,14.1657751336,11.4962425522,0.0,0.0,0.0,0.0,0.0,0.0,0.0,0.0,0,0,instant_velocity,dbscan_kmeans_fallback,False
3040,391,13.9109018858,12.0933693711,0.0,0.0,0.0,0.0,0.0,0.0,0.0,0.0,0,0,instant_velocity,dbscan_kmeans_fallback,False
3050,142,9.21437296452,9.48362446121,0.00025255813200004696,-0.0005727835200000087,0.0002525581316000114,-0.0005775567153999717,0.0002807361848659307,-0.0005802724952055025,0.40344590419811555,-0.9149860402679092,-1,-1,instant_velocity,dbscan_kmeans_fallback,False
3050,143,3.28578129147,7.95166720685,-0.04889104496599996,-0.005608505293999944,-0.047514603149199995,-0.001995195925599997,-0.04634994916823283,-0.0025437709889988397,-0.9934843395965844,-0.11396692752237883,-1,-1,instant_velocity,dbscan_kmeans_fallback,False
3050,145,4.2724417254,5.9118418987,-0.042093021924999974,-0.023102268612000022,-0.0408723242892,-0.02399008306720001,-0.041311145517842165,-0.021950518527670798,-0.8766453586044074,-0.48113667362793217,-1,-1,instant_velocity,dbscan_kmeans_fallback,False
3050,146,6.30721840526,3.92953360228,-0.03866244063799993,0.01613340245999999,-0.03765641741419998,0.015546299353199995,-0.037706625129766004,0.015679180553464886,-0.9228727413764474,0.38510443495788443,0,0,instant_velocity,dbscan_kmeans_fallback,False
3050,147,7.03458582412,4.28537536365,-0.03272732454700007,0.014868505521999965,-0.035917975608800015,0.015555845745200001,-0.03531130375378827,0.01526573271593811,-0.9104453415149318,0.41362872691757396,0,0,instant_velocity,dbscan_kmeans_fallback,False
3050,148,8.91593343907,4.17726247438,-0.0469547659569999,0.02997567084399999,-0.04935406820659999,0.0323002172932,-0.048656715233790136,0.031174577476158757,-0.8428850657270097,0.5380933069221175,1,1,instant_velocity,dbscan_kmeans_fallback,False
3050,149,8.97528459998,4.9171078535,-0.05166918441299995,0.031097371902999972,-0.0539422075964,0.030228650231800006,-0.05264992036990754,0.02960295054324396,-0.8567906954102091,0.5156640113618213,1,1,instant_velocity,dbscan_kmeans_fallback,False
3050,232,12.3620891441,7.90465122631,0.0006734883500000066,0.00011932990000005362,0.0006692790500000001,0.00011455670380000171,0.000671134142608692,0.0001175610217497533,0.984649072496989,0.17446192700469146,2,2,instant_velocity,dbscan_kmeans_fallback,False
3050,233,12.943604242,7.63711359083,0.0018099999499998631,0.0017899484980000047,0.0018099999439999692,0.0017947216938000033,0.0017564011415645365,0.001730578435635151,0.7110314920167178,0.7031545780794759,2,2,instant_velocity,dbscan_kmeans_fallback,False
3050,238,12.5475089057,8.44784093046,0.00039988371000010403,0.00016706186000003953,0.00040409301200000413,0.00016706185979998623,0.0004051996982495856,0.00016621911501653086,0.9226917779116667,0.3854785798216845,2,2,instant_velocity,dbscan_kmeans_fallback,False
3050,248,11.7580542794,5.28846250185,0.0006103488099999055,0.00026252578000001136,0.0006061395140000059,0.00027684536759998936,0.0006043774478550722,0.00027696975603341346,0.918613959504107,0.3951180739383302,3,3,instant_velocity,dbscan_kmeans_fallback,False
3050,249,12.2526472871,4.87176249155,0.00027360465000008104,0.0002386598000000184,0.0002736046440000095,0.00023388660380000204,0.0002735181655345873,0.0002349964931511021,0.753570945884708,0.6573246881243278,3,3,instant_velocity,dbscan_kmeans_fallback,False
3050,256,4.81965101042,3.88227896194,-0.004461860325,0.0033889691560000214,0.00190260459100001,0.0035369382318000044,0.0026498180395074424,0.0026438371340334714,-0.7963365420608041,0.6048508429810112,-1,-1,instant_velocity,dbscan_kmeans_fallback,False
3050,259,6.56503816455,9.02587496536,0.027297324718999948,0.006205154791999945,0.024738068985399996,0.009422288892600009,0.025359345350314838,0.009225417685439653,0.9751231086532753,0.22166237507656494,-1,-1,instant_velocity,dbscan_kmeans_fallback,False
3050,277,2.40245922638,6.13928468783,-0.03763116160100002,-0.0014558247780000143,-0.042122487040399996,-0.0060380929327999945,-0.04057676310328005,-0.005094057825853821,-0.9992522439318353,-0.03865775368861911,-1,-1,instant_velocity,dbscan_kmeans_fallback,False
3050,324,10.3927671133,7.38675946093,0.012627906580000037,-0.012959227125000083,0.013806511191199996,-0.015985433384800025,0.017297337737139373,-0.014552672615964941,0.6978917650392911,-0.7162024706561727,2,2,instant_velocity,dbscan_kmeans_fallback,False
3050,325,9.91648457023,7.45978935964,0.020120464480999977,-0.009331598169,0.02431292946400003,-0.0124007631932,0.02364666787068524,-0.010901099898815839,0.907181487865733,-0.4207384535835448,2,2,instant_velocity,dbscan_kmeans_fallback,False
3050,326,0.748203464719,13.6036085837,-0.0271499991421,0.014319587990000038,-0.027166836350420002,0.014319587984000001,-0.026965788029448483,0.014109476831359845,-0.8845132420913506,0.46651438669134415,4,4,instant_velocity,dbscan_kmeans_fallback,False
3050,327,0.575201144607,13.2534946575,-0.028076045624000002,0.015894742659999926,-0.02926727814446,0.017546268475999972,-0.028818251473306418,0.016420349871028125,-0.8702214867463567,0.4926600695224698,4,4,instant_velocity,dbscan_kmeans_fallback,False
3050,328,6.07718004044,8.660486812,0.035252905863000006,-0.018018814879000013,0.023887789942600008,-0.015331505533599988,0.024570117130844046,-0.016892709939609347,0.8904276708983536,-0.4551242223097465,-1,-1,instant_velocity,dbscan_kmeans_fallback,False
3050,354,11.8155112544,8.26240226608,0.0014101162400001143,-0.005823299112999969,-0.001826837151999996,-0.009646629104399977,-0.0008023079532376088,-0.01048437052209356,0.23534856790286157,-0.9719093134580421,2,2,instant_velocity,dbscan_kmeans_fallback,False
3050,355,12.2454914733,9.56405281372,-0.007576743949999987,-0.015966340601000086,-0.004419767302000004,-0.01778492827360001,-0.0038728811326319205,-0.017753196717079596,-0.42872100579894273,-0.9034363107109175,-1,-1,instant_velocity,dbscan_kmeans_fallback,False
3050,356,13.0892460978,12.4525523696,0.01833151105000006,0.006730206349999967,0.01944697612799999,0.004954577441999995,0.018345170860173003,0.004599316969391367,0.9387325471791246,0.3446450067724541,5,5,instant_velocity,dbscan_kmeans_fallback,False
3050,357,13.5472181764,12.8685364005,0.031148836229999866,0.004773195990000012,0.023348999261999986,0.005274381571999989,0.023729641638218606,0.004036889136694953,0.9884615033204517,0.15147020097574232,5,5,instant_velocity,dbscan_kmeans_fallback,False
3050,376,5.28225332138,7.44045791587,-0.007471511391999997,0.002124072217999995,-0.01050220897040001,0.00010978350800000314,-0.0101208313854171,0.00029549939193765953,-0.9618838887891826,0.2734534872430936,-1,-1,instant_velocity,dbscan_kmeans_fallback,False
3050,387,13.2708774874,10.9587806832,-0.02294069694999994,0.015178763260000139,-0.020373022612000007,0.020720443810199995,-0.0200262632173561,0.018029575599344254,-0.8339750701471268,0.5518014636650035,-1,-1,instant_velocity,dbscan_kmeans_fallback,False
3050,388,13.9917204879,10.5793116017,-0.01683720876999999,0.026729897570000105,-0.019914208671999986,0.029183320309,-0.015709378442554486,0.023594503972381005,-0.5329779634024147,0.8461287475509408,-1,-1,instant_velocity,dbscan_kmeans_fallback,False
3050,389,14.5258809361,9.81750952101,-0.030622673449999915,0.0021718041770000694,-0.030622673449999915,0.0021718041770000694,-0.009186802034999976,0.0006515412531000209,-0.9974941972529374,0.07074372744314611,-1,-1,instant_velocity,dbscan_kmeans_fallback,False
3050,390,14.1268390883,11.4344296641,-0.0038936045299999833,-0.006181288810000041,-0.0038936045299999833,-0.006181288810000041,-0.0011680813589999952,-0.0018543866430000126,-0.5329774029253797,-0.8461278569258154,6,6,instant_velocity,dbscan_kmeans_fallback,False
3050,391,13.9511007217,12.0325111222,0.0040198835900000065,-0.006085824889999892,0.0040198835900000065,-0.006085824889999892,0.0012059650770000021,-0.0018257474669999677,0.5511507696127276,-0.8344040310509906,6,6,instant_velocity,dbscan_kmeans_fallback,False
3050,392,14.5641855861,11.694330186,0.0,0.0,0.0,0.0,0.0,0.0,0.0,0.0,6,6,instant_velocity,dbscan_kmeans_fallback,False
3060,142,9.21689854583,9.47789662602,0.00025255813099995806,-0.0005727835190000973,0.0002525581316000114,-0.0005775567154000071,0.0002722827687061389,-0.000578025802343881,0.40344590345022285,-0.9149860405976418,-1,-1,instant_velocity,dbscan_kmeans_fallback,False
3060,143,2.7966603767,7.89534349412,-0.04891209147700004,-0.005632371273000025,-0.04862585892800001,-0.003365103176000002,-0.047118591860863,-0.0034703510741991954,-0.9934349151842695,-0.11439695398243646,0,0,instant_velocity,dbscan_kmeans_fallback,False
3060,145,3.85319522702,5.69466148096,-0.04192464983800002,-0.021718041773999986,-0.0412764172998,-0.023393433568000006,-0.04149519681388952,-0.021880775501569555,-0.8879331341974838,-0.45997209220673657,-1,-1,instant_velocity,dbscan_kmeans_fallback,False
3060,146,6.03971725092,4.10375525607,-0.026750115434000056,0.017422165379000053,-0.0359516500264,0.01619068081260001,-0.034419672221036215,0.016202076001125436,-0.8379478912069428,0.5457496725803352,1,1,instant_velocity,dbscan_kmeans_fallback,False
3060,147,6.7125742064,4.43286711988,-0.03220116177199994,0.014749175622999999,-0.0355601849222,0.0154699282174,-0.03437826115925177,0.015110765588056678,-0.9091681658656844,0.41642848305099955,1,1,instant_velocity,dbscan_kmeans_fallback,False
3060,148,8.44680670971,4.45673309985,-0.0469126729360001,0.027947062547000013,-0.04700106828180001,0.031378990466400004,-0.04813350254445313,0.030206322997411134,-0.8591087365699953,0.5117927436867752,2,2,instant_velocity,dbscan_kmeans_fallback,False
3060,149,8.45880322096,5.22808157252,-0.051648137902,0.03109737190199997,-0.052843579724799986,0.029989990431999996,-0.052349385629535276,0.030051276950870766,-0.856697851799963,0.5158182421913854,2,2,instant_velocity,dbscan_kmeans_fallback,False
3060,150,14.6016483756,5.69132024377,0.0,0.0,0.0,0.0,0.0,0.0,0.0,0.0,3,3,instant_velocity,dbscan_kmeans_fallback,False
3060,151,14.7597076729,4.92999548268,0.0,0.0,0.0,0.0,0.0,0.0,0.0,0.0,3,3,instant_velocity,dbscan_kmeans_fallback,False
3060,232,12.3688240276,7.90584452531,0.0006734883500000066,0.0001193298999999648,0.000669279048,0.00011932990000000032,0.0006718404048260863,0.00011809168522481675,0.9846490724970113,0.17446192700456556,3,3,instant_velocity,dbscan_kmeans_fallback,False
3060,233,12.9617042414,7.65501307581,0.00180999994000004,0.0017899484980000047,0.0018099999420000045,0.0017947216938000033,0.0017724807810951876,0.0017483894543446072,0.7110314900744489,0.7031545800434872,3,3,instant_velocity,dbscan_kmeans_fallback,False
3060,238,12.5515077427,8.44951154905,0.00039988369999992556,0.00016706185899995063,0.000404093010000004,0.00016706185979998623,0.0004036048987746876,0.0001664719382115568,0.9226917753031249,0.38547858606423185,3,3,instant_velocity,dbscan_kmeans_fallback,False
3060,248,11.7641577676,5.29132641945,0.0006103488200000839,0.0002863917600000043,0.0006061395160000061,0.00028161856379998795,0.0006061688594985757,0.00027979635722339075,0.9052797058641169,0.42478110837451116,3,3,instant_velocity,dbscan_kmeans_fallback,False
3060,249,12.2553833335,4.87391042975,0.00027360463999990257,0.00021479382000002544,0.0002736046419999738,0.00022911340780000346,0.00027354410787418183,0.00022893569120577913,0.7865488028834844,0.6174815675196547,3,3,instant_velocity,dbscan_kmeans_fallback,False
3060,256,4.77503240718,3.9159299937,-0.004461860324,0.003365103175999984,-0.0018436743603999872,0.003441474311999997,0.0005163145304552092,0.002860216946623425,-0.7983888859683124,0.602139193242719,-1,-1,instant_velocity,dbscan_kmeans_fallback,False
3060,259,6.76918932089,9.0759935233,0.020415115634000003,0.005011855793999942,0.024426580623199995,0.007680072354799989,0.023876076435420387,0.00796134911800774,0.9711622148442994,0.23841770287477657,-1,-1,instant_velocity,dbscan_kmeans_fallback,False
3060,277,2.01478249445,6.05169654133,-0.03876767319300001,-0.008758814649999992,-0.040211463845,-0.005312567141799995,-0.040034036130196037,-0.006193484873097672,-0.9754146727341554,-0.22037629864542657,0,0,instant_velocity,dbscan_kmeans_fallback,False
3060,324,10.5190461791,7.25740584949,0.012627906580000037,-0.012935361144000002,0.013368743763799991,-0.014858959130000021,0.015896508389997573,-0.01406747917437546,0.6985513570665882,-0.7155591486239511,3,3,instant_velocity,dbscan_kmeans_fallback,False
3060,325,10.1955613056,7.42231977109,0.027907673536999945,-0.003746958855000049,0.024645464337400006,-0.01097835078680001,0.02492496957057965,-0.008754857585671101,0.99110647070642,-0.13306860429400308,-1,-1,instant_velocity,dbscan_kmeans_fallback,False
3060,327,0.294651153476,13.4126807439,-0.0280549991131,0.01591860864000001,-0.028261254920479997,0.016181134419999986,-0.028589275765244494,0.01626982750171969,-0.8697455130433613,0.493499870832947,-1,-1,instant_velocity,dbscan_kmeans_fallback,False
3060,328,6.44549398228,8.47146825063,0.036831394184000034,-0.018901856137000017,0.02704476658680001,-0.015293319965599999,0.028248500246790844,-0.017495453798826548,0.8896802707990846,-0.456583543988591,-1,-1,instant_velocity,dbscan_kmeans_fallback,False
3060,354,11.8268763703,8.20918113074,0.0011365115900000334,-0.0053221135340001165,0.00042513952200000203,-0.006820897075800012,-0.00022066209026631606,-0.008935693425665525,0.2088362229239933,-0.9779487496587846,3,3,instant_velocity,dbscan_kmeans_fallback,False
3060,355,12.1539391507,9.4084466243,-0.009155232260000012,-0.015560618942000027,-0.006953767222000025,-0.016123856068,-0.005457586470842348,-0.017095423384555726,-0.5070991399830395,-0.8618870891531043,-1,-1,instant_velocity,dbscan_kmeans_fallback,False
3060,356,13.2727716734,12.5198544332,0.018352557559999916,0.006730206360000146,0.019026045909999994,0.005637144470000024,0.018347386870121076,0.005238583786574,0.9388603706158501,0.34429664730995224,4,4,instant_velocity,dbscan_kmeans_fallback,False
3060,357,13.8606007246,12.9198482575,0.03133825481999999,0.005131185699999996,0.02572725499999997,0.0053316599260000075,0.02601222559275302,0.0043651781056864665,0.9868586714810753,0.1615838256504639,4,4,instant_velocity,dbscan_kmeans_fallback,False
3060,376,5.20732774235,7.46145997824,-0.007492557902999941,0.002100206237000002,-0.008915302043799986,0.0011646598225999937,-0.009332349340691952,0.0008369114454563623,-0.9628863312416319,0.26990246916690946,-1,-1,instant_velocity,dbscan_kmeans_fallback,False
3060,387,13.0391554017,11.123455945,-0.023172208569999953,0.016467526179999935,-0.019989976114,0.019212113875999998,-0.020970046823149256,0.017560960773540957,-0.8151292579780414,0.5792785074969375,5,5,instant_velocity,dbscan_kmeans_fallback,False
3060,388,13.8065111914,10.8580662478,-0.018520929650000007,0.027875464609999945,-0.019257557532000008,0.02862008318240001,-0.016552843804788143,0.024878792163666688,-0.5534020645008811,0.8329138955557349,5,5,instant_velocity,dbscan_kmeans_fallback,False
3060,389,14.2091309461,9.85378581057,-0.031674998999999995,0.0036276289559999952,-0.031674998999999995,0.0036276289559999952,-0.015933261124499984,0.0015443675639700135,-0.9935053380668896,0.11378275757205275,-1,-1,instant_velocity,dbscan_kmeans_fallback,False
3060,390,14.087903043,11.3726167759,-0.0038936045299999833,-0.006181288820000042,-0.0038936045299999833,-0.006181288820000042,-0.0019857383102999918,-0.0031524572961000212,-0.532977402308071,-0.846127857314661,6,6,instant_velocity,dbscan_kmeans_fallback,False
3060,391,13.9915100228,11.9716528732,0.00404093011000004,-0.006085824900000069,0.00404093011000004,-0.006085824900000069,0.0020564545869000135,-0.0031037706968999983,0.5531550338966681,-0.8330766895764727,6,6,instant_velocity,dbscan_kmeans_fallback,False
3060,392,14.5641855861,11.5351440996,0.0,-0.01591860864000001,0.0,-0.01591860864000001,0.0,-0.004775582592000003,0.0,-0.9999993718047886,6,6,instant_velocity,dbscan_kmeans_fallback,False
3070,142,9.21963459226,9.47216879083,0.0002736046429999917,-0.0005727835189999197,0.00025676743380000035,-0.0005775567151999894,0.00027267933099429475,-0.0005764531173406927,0.4310187690029705,-0.9023255035351958,0,0,instant_velocity,dbscan_kmeans_fallback,False
3070,143,2.30774992704,7.83925844119,-0.04889104496599996,-0.0056085052929999435,-0.048722672878399986,-0.004167000102999996,-0.04765032779240409,-0.00411179733983942,-0.9934843395988853,-0.11396692750232239,-1,-1,instant_velocity,dbscan_kmeans_fallback,False
3070,145,3.44889175143,5.60039086008,-0.04043034755899999,-0.009427062087999972,-0.041377440552399995,-0.0203433613274,-0.041175742037422663,-0.01814466147749868,-0.9738765996731028,-0.22707683028871078,1,1,instant_velocity,dbscan_kmeans_fallback,False
3070,146,5.80231260727,4.28107948726,-0.02374046436499997,0.01773242311900001,-0.033303998946999994,0.016706185980000007,-0.03121590986422534,0.01666118013648781,-0.801179476781192,0.5984235715914631,2,2,instant_velocity,dbscan_kmeans_fallback,False
3070,147,6.39077305378,4.5801202163,-0.032180115262,0.014725309642000006,-0.03447418495659999,0.015231268417599999,-0.03371881739007624,0.014995128804239677,-0.9093202987168552,0.4160961778211307,2,2,instant_velocity,dbscan_kmeans_fallback,False
3070,148,7.97789044547,4.73644238511,-0.04689162642399998,0.027970928526000007,-0.04697160316660001,0.030376619307400005,-0.047760939708317185,0.029535704655987795,-0.8588154421180081,0.5122847548792437,3,3,instant_velocity,dbscan_kmeans_fallback,False
3070,149,7.94211137683,5.53905529155,-0.05166918441300004,0.03109737190300006,-0.0524521146214,0.03036229971960001,-0.05214532526457471,0.030365105436509554,-0.8567906954102089,0.5156640113618217,3,3,instant_velocity,dbscan_kmeans_fallback,False
3070,150,14.2135507135,5.71375426494,-0.038809766209999985,0.0022434021170000483,-0.038809766209999985,0.0022434021170000483,-0.011642929862999998,0.0006730206351000147,-0.9983332041495436,0.05770874298859963,4,4,instant_velocity,dbscan_kmeans_fallback,False
3070,151,14.3011041991,5.02378878397,-0.04586034738000002,0.009379330128999986,-0.04586034738000002,0.009379330128999986,-0.013758104214000009,0.0028137990386999964,-0.9797197367785719,0.2003716798959666,4,4,instant_velocity,dbscan_kmeans_fallback,False
3070,232,12.3755589111,7.90703782431,0.0006734883500000066,0.0001193298999999648,0.0006734883500000066,0.00011932990000000032,0.0006723347883782624,0.00011846314965736116,0.9846490724970113,0.17446192700456556,0,0,instant_velocity,dbscan_kmeans_fallback,False
3070,233,12.9798042408,7.67315122059,0.00180999994000004,0.0018138144779999976,0.0018099999420000045,0.001799494889800002,0.0017837365287666433,0.0017680169614412242,0.7063593110003594,0.707847948858234,0,0,instant_velocity,dbscan_kmeans_fallback,False
3070,238,12.5555065798,8.45118216765,0.0003998837099999264,0.00016706186000003953,0.000404093010000004,0.00016706185979998623,0.00040248854214225925,0.00016664891474810163,0.9226917779116057,0.38547857982183026,0,0,instant_velocity,dbscan_kmeans_fallback,False
3070,248,11.7702612558,5.29419033704,0.0006103488199999063,0.0002863917590000042,0.0006061395160000061,0.0002816185636000057,0.0006074228476489749,0.00028177497775637477,0.9052797064344427,0.42478110715902956,5,5,instant_velocity,dbscan_kmeans_fallback,False
3070,249,12.2581193799,4.87629702775,0.0002736046400000802,0.0002386597999999296,0.00027360464200000935,0.00023388660380000204,0.0002735622675119514,0.00023185292384402426,0.7535709339833688,0.6573247017674051,5,5,instant_velocity,dbscan_kmeans_fallback,False
3070,256,4.73041380394,3.94958102546,-0.004461860324,0.0033651031760000283,-0.0044618603242,0.003374649567999999,-0.000977137925881354,0.003011682815436406,-0.7983888859683087,0.6021391932427241,-1,-1,instant_velocity,dbscan_kmeans_fallback,False
3070,259,6.81380792413,9.09890486408,0.004461860324,0.0022911340780000346,0.020604534232400003,0.006038092932799976,0.01805181160199427,0.006260284606005428,0.889572657000201,0.4567893392689261,0,0,instant_velocity,dbscan_kmeans_fallback,False
3070,277,1.61973948368,5.9154217957,-0.03950430107699998,-0.013627474562999975,-0.0384477662264,-0.005565546529199991,-0.03987511561423722,-0.008423681780068363,-0.9453336491509624,-0.32610399136647633,1,1,instant_velocity,dbscan_kmeans_fallback,False
3070,324,10.7067810569,7.11946048525,0.018773487780000053,-0.013794536423999925,0.014164301878399996,-0.0139043199314,0.016759602206998316,-0.013985596349262799,0.8058452159183249,-0.5921255183564716,-1,-1,instant_velocity,dbscan_kmeans_fallback,False
3070,325,10.5262019928,7.42231977109,0.033064068720000075,0.0,0.025824068950800017,-0.0077946290586000085,0.02736669931540578,-0.00612840030996977,0.9999996975569746,0.0,-1,-1,instant_velocity,dbscan_kmeans_fallback,False
3070,328,6.82875094691,8.32158989641,0.03832569646299992,-0.014987835422000018,0.030500603686999986,-0.01447233025460001,0.03127165911165357,-0.01674316828577859,0.9313182014981092,-0.3642058779816919,-1,-1,instant_velocity,dbscan_kmeans_fallback,False
3070,354,11.8134066033,8.20249865635,-0.0013469767000000132,-0.0006682474389998916,0.00079976741600003,-0.004696824858399999,-0.0005585564731864252,-0.006455459629665834,-0.8958110898648405,-0.44442006059189854,0,0,instant_velocity,dbscan_kmeans_fallback,False
3070,355,12.0527054329,9.25904558968,-0.010123371779999956,-0.014940103462000032,-0.007774581150000018,-0.015837464308400016,-0.006857322063589631,-0.016448827407789017,-0.5609487295735133,-0.8278498744126734,-1,-1,instant_velocity,dbscan_kmeans_fallback,False
3070,356,13.456297249,12.5871564967,0.018352557560000093,0.006730206349999967,0.01860090638799999,0.0063197114960000175,0.01834893807708478,0.00568607055560179,0.9388603707812172,0.34429664685901357,6,6,instant_velocity,dbscan_kmeans_fallback,False
3070,357,14.1899786212,13.0029018678,0.03293778966000005,0.008305361030000036,0.028358068872000004,0.005832845506000019,0.02808989481292713,0.005547232982980537,0.9696490221273104,0.24449986730390075,6,6,instant_velocity,dbscan_kmeans_fallback,False
3070,376,5.16691844131,7.58341513589,-0.00404093010400004,0.012195515765000043,-0.006793813738600001,0.0041335877310000055,-0.007744923569684379,0.004244492741319467,-0.3145288212047395,0.9492471037180906,-1,-1,instant_velocity,dbscan_kmeans_fallback,False
3070,387,12.8042763394,11.306985331,-0.023487906230000098,0.0183529386,-0.021349580719999997,0.018276567461999987,-0.02172540464520451,0.017798554121478672,-0.7879750870090704,0.615706578891901,7,7,instant_velocity,dbscan_kmeans_fallback,False
3070,388,13.5960460818,11.1540043994,-0.02104651095999994,0.02959381515999997,-0.01910602265199998,0.028400516165799986,-0.017900943951351684,0.026293299062566673,-0.5795605729349836,0.8149288260680732,7,7,instant_velocity,dbscan_kmeans_fallback,False
3070,389,13.867125143,9.92323581229,-0.03420058030999993,0.006945000171999993,-0.03420058030999993,0.006945000171999993,-0.021413456880149968,0.003164557346379008,-0.9799981760470666,0.19900502972508102,-1,-1,instant_velocity,dbscan_kmeans_fallback,False
3070,390,14.0733809504,11.1921899674,-0.0014522092600000036,-0.018042680850000003,-0.0014522092600000036,-0.018042680850000003,-0.0018256795952099952,-0.007619524362270016,-0.08022795129178073,-0.9967759883358281,8,8,instant_velocity,dbscan_kmeans_fallback,False
3070,391,14.0317088587,11.9105559645,0.0040198835900000065,-0.006109690869999973,0.0040198835900000065,-0.006109690869999973,0.0026454832878300113,-0.004005546748829991,0.5496491612881108,-0.835393957869588,8,8,instant_velocity,dbscan_kmeans_fallback,False
3070,392,14.5641855861,11.3761966729,0.0,-0.015894742669999927,0.0,-0.015894742669999927,0.0,-0.008111330615399981,0.0,-0.9999993708615535,8,8,instant_velocity,dbscan_kmeans_fallback,False
3080,142,9.22216017357,9.46644095563,0.00025255813099995806,-0.0005727835200000087,0.00025676743380000035,-0.0005775567154000071,0.0002666429709959937,-0.0005753522381384876,0.40344590286057574,-0.914986040857661,0,0,instant_velocity,dbscan_kmeans_fallback,False
3080,143,1.72097320141,7.78484400685,-0.05867767256300001,-0.005441443433999993,-0.050776812348199994,-0.0049354846582,-0.05095853122358286,-0.004510691168087592,-0.9957275248682128,-0.09233827392233203,-1,-1,instant_velocity,dbscan_kmeans_fallback,False
3080,145,3.04458827584,5.50612023919,-0.04043034755900003,-0.00942706208899997,-0.0413942777612,-0.017350567439199997,-0.04095212369389587,-0.015529381660949066,-0.9738765996677761,-0.22707683031155626,1,1,instant_velocity,dbscan_kmeans_fallback,False
3080,146,5.56490796361,4.45864237825,-0.02374046436600006,0.017756289099,-0.030315394390400013,0.01703076330760001,-0.028973276214757756,0.016989712825241466,-0.8007933440436318,0.5989401852542373,2,2,instant_velocity,dbscan_kmeans_fallback,False
3080,147,6.08644050526,4.72999857052,-0.030433254852000057,0.014987835422000018,-0.03303460360680001,0.015045113774000009,-0.03273314862865338,0.014992940789567779,-0.8971083766625237,0.44180988101678065,2,2,instant_velocity,dbscan_kmeans_fallback,False
3080,148,7.51023697188,5.01257177338,-0.046765347358999954,0.02761293882700002,-0.046912672935399996,0.029297877012800004,-0.047462262003522014,0.028958874907291463,-0.8610967260654742,0.5084408127763,3,3,instant_velocity,dbscan_kmeans_fallback,False
3080,149,7.45362185739,5.77485117367,-0.048848951943999984,0.023579588211999968,-0.0514923937202,0.029226279073000006,-0.05115641326840229,0.02832945026915668,-0.9005707011522889,0.43470914817797474,3,3,instant_velocity,dbscan_kmeans_fallback,False
3080,150,13.8256635164,5.73594962631,-0.038788719709999954,0.0022195361369999667,-0.038788719709999954,0.0022195361369999667,-0.019786666817099986,0.0011369752856700004,-0.9983666209339943,0.05712771160545094,4,4,instant_velocity,dbscan_kmeans_fallback,False
3080,151,13.8425007252,5.11758208526,-0.04586034738999985,0.009379330128999986,-0.04586034738999985,0.009379330128999986,-0.023388777166799962,0.004783458365789994,-0.9797197367871489,0.2003716798540298,4,4,instant_velocity,dbscan_kmeans_fallback,False
3080,232,12.3822937946,7.9082311233,0.0006734883500000066,0.00011932989900005353,0.0006734883500000066,0.0001193298998000003,0.0006726808568647857,0.00011872317446016888,0.984649072748143,0.1744619255871777,0,0,instant_velocity,dbscan_kmeans_fallback,False
3080,233,12.9979042403,7.69105070557,0.0018099999500000407,0.0017899484980000047,0.0018099999440000048,0.0017994948900000019,0.0017916155551366624,0.0017745964224088584,0.7110314920167523,0.703154578079441,0,0,instant_velocity,dbscan_kmeans_fallback,False
3080,238,12.5595054169,8.45285278625,0.00039988371000010403,0.00016706186000003953,0.000404093010000004,0.00016706185980002174,0.0004017070924996127,0.000166772798323683,0.9226917779116667,0.3854785798216845,0,0,instant_velocity,dbscan_kmeans_fallback,False
3080,248,11.7761542789,5.29705425464,0.0005893023100000505,0.0002863917600000043,0.0006019302139999993,0.0002816185636000057,0.0006019866863542976,0.0002831600124294636,0.899398915147616,0.4370938886209325,5,5,instant_velocity,dbscan_kmeans_fallback,False
3080,249,12.2608554263,4.87868362574,0.00027360463999990257,0.00023865979900001834,0.0002736046419999738,0.00023388660360000203,0.0002735749792583367,0.0002338949863908225,0.7535709353473579,0.6573247002036233,5,5,instant_velocity,dbscan_kmeans_fallback,False
3080,256,4.6857952007,3.98347071702,-0.004461860324,0.0033889691559999767,-0.0044618603242,0.003374649567999999,-0.002022554645316948,0.003124868717605477,-0.7963365419955128,0.6048508430669721,-1,-1,instant_velocity,dbscan_kmeans_fallback,False
3080,259,6.85842652737,9.12181620485,0.004461860324,0.002291134077000123,0.01678248784159999,0.004396113510800035,0.01397482621859599,0.005069539447303837,0.8895726570812085,0.45678933911116787,0,0,instant_velocity,dbscan_kmeans_fallback,False
3080,277,1.2244860078,5.77890839026,-0.03952534758800001,-0.013651340544000056,-0.038611929012,-0.007785082666600012,-0.039770185206366056,-0.009991979409247871,-0.9452111625735566,-0.32645884865537084,1,1,instant_velocity,dbscan_kmeans_fallback,False
3080,324,10.9100903528,6.97960584262,0.02033092958999987,-0.013985464263000047,0.015397627419999971,-0.01332676321600001,0.017831000421898783,-0.013985556723383974,0.8238911568972204,-0.5667473432722617,-1,-1,instant_velocity,dbscan_kmeans_fallback,False
3080,325,10.8570531451,7.42231977109,0.03308511522999993,0.0,0.027002673564199994,-0.004615680526400006,0.029082224089784024,-0.004289880216978839,0.9999996977493683,0.0,-1,-1,instant_velocity,dbscan_kmeans_fallback,False
3080,328,7.22716139943,8.21085174934,0.03984104525200003,-0.011073814707000019,0.034259510544800004,-0.014639392114399996,0.03384247495375751,-0.015042362212145019,0.9634748977172917,-0.2677977554223801,-1,-1,instant_velocity,dbscan_kmeans_fallback,False
3080,354,11.7999368363,8.19557752216,-0.0013469767000000132,-0.0006921134189999733,0.0002483488300000047,-0.0036705877196,-0.0007950825412305017,-0.0047264557664660764,-0.8894476985350883,-0.45702252136564164,0,0,instant_velocity,dbscan_kmeans_fallback,False
3080,355,11.9123252048,9.13541981343,-0.014038022809999972,-0.012362577624999992,-0.009382534587999985,-0.01504034057800002,-0.009011532287512735,-0.015222952472952309,-0.7504713314307578,-0.6609021951111831,-1,-1,instant_velocity,dbscan_kmeans_fallback,False
3080,357,14.5193565177,13.0857168183,0.03293778965000005,0.008281495049999954,0.030993092042000008,0.006334031083999996,0.029544263264049006,0.006367511603086362,0.9698153940309722,0.24383911216948462,-1,-1,instant_velocity,dbscan_kmeans_fallback,False
3080,376,5.14944983721,7.77243369727,-0.0017468604100000285,0.018901856138000016,-0.005648883542400007,0.00748914451500001,-0.0059455046217790734,0.008641701760323632,-0.09202519495545168,0.9957561498112629,-1,-1,instant_velocity,dbscan_kmeans_fallback,False
3080,387,12.5696077422,11.490514717,-0.02346685971999989,0.0183529386,-0.02270497602599999,0.017336247852,-0.022247841167643126,0.01796486946503507,-0.787707195525401,0.616049269768079,6,6,instant_velocity,dbscan_kmeans_fallback,False
3080,388,13.3855809722,11.4499425511,-0.02104651096000012,0.02959381516999997,-0.018958697073999994,0.028185722347999976,-0.018844614053946215,0.027283453894796663,-0.5795605728049288,0.8149288261605656,6,6,instant_velocity,dbscan_kmeans_fallback,False
3080,389,13.5251193399,9.9929244738,-0.0342005803100001,0.006968866150999986,-0.0342005803100001,0.006968866150999986,-0.025249593909105007,0.0043058499877653015,-0.9798646034827598,0.19966167842413454,-1,-1,instant_velocity,dbscan_kmeans_fallback,False
3080,390,14.0649623461,10.9821693436,-0.0008418604300000964,-0.021002062379999843,-0.0008418604300000964,-0.021002062379999843,-0.0015305338456470254,-0.011634285767588966,-0.04005247134589809,-0.9991971016853844,7,7,instant_velocity,dbscan_kmeans_fallback,False
3080,391,14.0721181598,11.8496977156,0.00404093011000004,-0.0060858248900000685,0.00404093011000004,-0.0060858248900000685,0.00306411733448102,-0.004629630191181014,0.5531550345274773,-0.8330766891576195,7,7,instant_velocity,dbscan_kmeans_fallback,False
3080,392,14.5641855861,11.2170105865,0.0,-0.01591860864000001,0.0,-0.01591860864000001,0.0,-0.01045351402277999,0.0,-0.9999993718047886,7,7,instant_velocity,dbscan_kmeans_fallback,False
3090,142,9.22468575489,9.46071312044,0.00025255813200004696,-0.0005727835190000973,0.00025676743380000035,-0.0005727835194000263,0.0002624175192972097,-0.0005745816223969706,0.40344590478776265,-0.9149860400078899,0,0,instant_velocity,dbscan_kmeans_fallback,False
3090,143,1.10999298817,7.73114555192,-0.06109802132400002,-0.005369845493000014,-0.05329397505919999,-0.005532134157399984,-0.05400037825370801,-0.004768437465561319,-0.9961598295549826,-0.08755151566491479,-1,-1,instant_velocity,dbscan_kmeans_fallback,False
3090,145,2.64028480025,5.4118496183,-0.04043034755899999,-0.00942706208900006,-0.041061742888,-0.014620299330400002,-0.040795590853427106,-0.013698685789364366,-0.9738765996677755,-0.22707683031155854,1,1,instant_velocity,dbscan_kmeans_fallback,False
3090,146,5.32750331995,4.63620526923,-0.02374046436599997,0.017756289098,-0.027326789833799995,0.017360113831000012,-0.027403432660130417,0.017219685707069027,-0.8007933440598091,0.598940185232608,2,2,instant_velocity,dbscan_kmeans_fallback,False
3090,147,5.79999749106,4.88250218254,-0.028644301419999962,0.01525036120199994,-0.031237231570600005,0.014916237482199985,-0.031506494466057355,0.015070166913297427,-0.8826927911394228,0.4699498059980165,2,2,instant_velocity,dbscan_kmeans_fallback,False
3090,148,7.05647419552,5.25863002689,-0.04537627763600005,0.024605825350999932,-0.046580138062399995,0.027622485218999994,-0.046836466693265424,0.027652960040404004,-0.8790725783967961,0.4766875438395146,3,3,instant_velocity,dbscan_kmeans_fallback,False
3090,149,6.97691838409,5.97842798282,-0.047670347329999974,0.02035768091500003,-0.050301161200399985,0.027445876967000002,-0.05011059348688159,0.025937919462909683,-0.9196502815651508,0.3927377926552499,3,3,instant_velocity,dbscan_kmeans_fallback,False
3090,150,13.4276739941,5.81208210242,-0.03979895223000014,0.007613247610999974,-0.03979895223000014,0.007613247610999974,-0.025790352440970034,0.003079856983268993,-0.982190617932176,0.1878858602182528,4,4,instant_velocity,dbscan_kmeans_fallback,False
3090,151,13.3984193439,5.27056301687,-0.04440813813000002,0.015298093161000014,-0.04440813813000002,0.015298093161000014,-0.02969458545575998,0.007937848804353,-0.9454715374467919,0.3257040774507006,4,4,instant_velocity,dbscan_kmeans_fallback,False
3090,232,12.388818213,7.9094244223,0.0006524418399999731,0.0001193298999999648,0.000669279048,0.0001193298998000003,0.0006666091518053419,0.00011890519212210765,0.9836677040259245,0.17991024112526777,0,0,instant_velocity,dbscan_kmeans_fallback,False
3090,233,13.0160042397,7.70895019054,0.00180999994000004,0.0017899484970000045,0.0018099999440000048,0.0017947216938000033,0.0017971308705956757,0.0017792020447862022,0.7110314902708536,0.7031545798448808,0,0,instant_velocity,dbscan_kmeans_fallback,False
3090,238,12.5637147191,8.45452340485,0.00042093021999995984,0.00016706186000003953,0.000404093010000004,0.00016706185980002174,0.0004074740307497168,0.00016685951682658996,0.9294504592137953,0.3688870865440888,0,0,instant_velocity,dbscan_kmeans_fallback,False
3090,248,11.7822577671,5.29967951244,0.0006103488200000839,0.00026252578000001136,0.0006061395160000061,0.00027684536780000715,0.0006044953264480336,0.00027696974270062795,0.9186139618540907,0.3951180684753559,5,5,instant_velocity,dbscan_kmeans_fallback,False
3090,249,12.2635914728,4.88083156394,0.00027360465000008104,0.00021479382000002544,0.0002736046440000095,0.00022911340780000346,0.00027358388048086,0.00022816463647358336,0.7865488138458221,0.6174815535568675,5,5,instant_velocity,dbscan_kmeans_fallback,False
3090,256,4.64117659746,4.01712174878,-0.004461860324,0.0033651031760000283,-0.0044618603242,0.0033746495680000077,-0.002754346348921864,0.0031969390551238423,-0.7983888859683087,0.6021391932427241,-1,-1,instant_velocity,dbscan_kmeans_fallback,False
3090,259,6.9028346655,9.14472754562,0.004440813813000055,0.0022911340769999457,0.012215394962800002,0.003618082563599998,0.011114622496917208,0.004236017836212669,0.8886921787723421,0.4584999552983095,0,0,instant_velocity,dbscan_kmeans_fallback,False
3090,277,0.829442997034,5.64263364463,-0.03950430107659999,-0.013627474562999975,-0.03898655690712,-0.010224185819600003,-0.03969041996743623,-0.011082627955373502,-0.9453336491499446,-0.3261039913694271,1,1,instant_velocity,dbscan_kmeans_fallback,False
3090,324,11.1131891836,6.83975119999,0.020309883080000014,-0.013985464262999958,0.016934022722,-0.013532010643800003,0.018574665219329153,-0.01398552898526877,0.8236169172116687,-0.5671458036806177,6,6,instant_velocity,dbscan_kmeans_fallback,False
3090,325,11.1477054615,7.39057801773,0.02906523163999992,-0.0031741753359999514,0.02864851072159997,-0.003250546472,0.02907712635484879,-0.003955168752685173,0.9940892091899122,-0.10856316194816756,6,6,instant_velocity,dbscan_kmeans_fallback,False
3090,328,7.62557185195,8.09987494247,0.03984104525200003,-0.011097680686999923,0.03801841740280001,-0.014816000366399996,0.03564204604323026,-0.01385895775460149,0.9633258575424923,-0.26833339077619406,-1,-1,instant_velocity,dbscan_kmeans_fallback,False
3090,354,11.7864670692,8.18889504777,-0.001346976710000014,-0.0006682474390000692,-0.0002988604559999786,-0.002634804188800004,-0.0009606507918613554,-0.003508993268226274,-0.8958110911783876,-0.44442005794428974,0,0,instant_velocity,dbscan_kmeans_fallback,False
3090,355,11.7719449767,9.01155537738,-0.014038022809999972,-0.012386443604999898,-0.010986278721999981,-0.014243216847000006,-0.010519479444258906,-0.014371999812566585,-0.749838703226452,-0.6616198688425354,-1,-1,instant_velocity,dbscan_kmeans_fallback,False
3090,376,5.1208265823,7.96383885664,-0.0028623254909999397,0.019140515936999947,-0.004722837059999989,0.010892433259,-0.005020550882545333,0.011791346013326529,-0.14789809644549523,0.9890020827358856,-1,-1,instant_velocity,dbscan_kmeans_fallback,False
3090,387,12.375348446,11.7103203925,-0.019425929620000025,0.021980567549999996,-0.022498720217999982,0.018066546838000016,-0.021401267703350196,0.01916957889052455,-0.6622213439635772,0.7493078204636867,7,7,instant_velocity,dbscan_kmeans_fallback,False
3090,388,13.2003716757,11.637051834,-0.018520929650000007,0.018710928289999984,-0.019194417998000014,0.026500784159999995,-0.018747508732762354,0.02471169621335766,-0.7034889031843022,0.7107057080308178,7,7,instant_velocity,dbscan_kmeans_fallback,False
3090,389,13.2540402787,10.1788404578,-0.027107906120000004,0.01859159839999993,-0.03156134783799999,0.007660979571199995,-0.02580708757237351,0.00859157451143569,-0.8246814913316373,0.5655968788913166,7,7,instant_velocity,dbscan_kmeans_fallback,False
3090,390,14.0565437417,10.7883775862,-0.0008418604399999197,-0.019379175740000143,-0.0021846278379999973,-0.014157299320000014,-0.0013239318239528937,-0.013957752759312318,-0.043400543756981075,-0.9990572364680571,8,8,instant_velocity,dbscan_kmeans_fallback,False
3090,391,14.1687216451,11.6969554438,0.009660348529999929,-0.015274227179999933,0.005156395186000005,-0.007928278545999987,0.005042986693136693,-0.00782300928782669,0.5345253124329068,-0.8451518110559021,8,8,instant_velocity,dbscan_kmeans_fallback,False
3090,392,14.5641855861,11.0451755307,0.0,-0.01718350558000008,0.0,-0.01718350558000008,0.0,-0.012472511489946016,0.0,-0.9999994180469093,8,8,instant_velocity,dbscan_kmeans_fallback,False
3100,142,9.2272113362,9.45474662545,0.00025255813099995806,-0.0005966494990000016,0.00025676743359998256,-0.000577556715200025,0.00025945970280803423,-0.0005812019853778799,0.3898034946922451,-0.920881299270529,0,0,instant_velocity,dbscan_kmeans_fallback,False
3100,143,0.499012774922,7.67720843718,-0.06109802132479999,-0.005393711474000007,-0.05573537033096001,-0.005489175393399996,-0.0561296711750356,-0.0049560196680929255,-0.9961258188433686,-0.08793763107451529,-1,-1,instant_velocity,dbscan_kmeans_fallback,False
3100,145,2.25744876584,5.38750631873,-0.03828360344099999,-0.002434329956999992,-0.04029985919120001,-0.010486711599399996,-0.04004199462969897,-0.010319379039655054,-0.9979842123397107,-0.06345857354978758,-1,-1,instant_velocity,dbscan_kmeans_fallback,False
3100,146,5.05116263101,4.75792176709,-0.02763406889399995,0.012171649785999961,-0.025121115485,0.016567763296200005,-0.027472623530291278,0.015705274930748307,-0.9151601144944309,0.4030896953492215,1,1,instant_velocity,dbscan_kmeans_fallback,False
3100,147,5.51355447686,5.03500579455,-0.028644301419999962,0.01525036120100003,-0.030420626945199983,0.014992608617999998,-0.03064783655224014,0.015124225199608208,-0.8826927911522047,0.4699498059740087,1,1,instant_velocity,dbscan_kmeans_fallback,False
3100,148,6.60271141917,5.50492694019,-0.04537627763499996,0.024629691330000016,-0.04626444039800001,0.026553289316199997,-0.04639840997578579,0.02674597942728281,-0.8788788020781799,0.47704471895617107,2,2,instant_velocity,dbscan_kmeans_fallback,False
3100,149,6.50021491078,6.18200479198,-0.04767034733100006,0.020357680915999942,-0.04950139378400001,0.025297938769599994,-0.049378519640117136,0.02426384789883676,-0.9196502815611595,0.3927377926645962,2,2,instant_velocity,dbscan_kmeans_fallback,False
3100,150,13.0067437749,6.01351097338,-0.04209302191999988,0.020142887096000005,-0.04209302191999988,0.020142887096000005,-0.03068115328467899,0.008198766017088296,-0.9020385690491227,0.43165494478220945,3,3,instant_velocity,dbscan_kmeans_fallback,False
3100,151,12.9640193576,5.46292281544,-0.04343999863000007,0.019235979857000006,-0.04343999863000007,0.019235979857000006,-0.03381820940803201,0.011327288120147102,-0.9143627087267214,0.4048955617349463,3,3,instant_velocity,dbscan_kmeans_fallback,False
3100,232,12.3955530965,7.9106177213,0.0006734883500000066,0.00011932990000005362,0.000669279048,0.0001193298998000003,0.0006686729112637414,0.00011903260448549146,0.984649072496989,0.17446192700469146,0,0,instant_velocity,dbscan_kmeans_fallback,False
3100,233,13.0341042391,7.72684967552,0.0018099999399998623,0.0017899484979999158,0.0018099999420000045,0.0017947216937999856,0.0018009915914169318,0.0017824259807503163,0.7110314900744318,0.7031545800435043,0,0,instant_velocity,dbscan_kmeans_fallback,False
3100,238,12.5677135562,8.45619402345,0.0003998837099999264,0.00016706185999986188,0.0004040930099999684,0.00016706185979998623,0.0004051969345247797,0.00016692021977857152,0.9226917779117515,0.38547857982148126,0,0,instant_velocity,dbscan_kmeans_fallback,False
3100,248,11.7883612552,5.30254343003,0.0006103488099999055,0.0002863917590000042,0.0006061395160000061,0.0002816185636000057,0.0006062513715135951,0.0002797963475904408,0.9052797037578809,0.4247811128627619,4,4,instant_velocity,dbscan_kmeans_fallback,False
3100,249,12.2663275192,4.88321816194,0.0002736046400000802,0.0002386598000000184,0.00027360464200000935,0.00022911340780000346,0.00027359010833662606,0.0002313131855315139,0.7535709339832477,0.657324701767544,4,4,instant_velocity,dbscan_kmeans_fallback,False
3100,256,4.59634752911,4.05101144034,-0.004482906835000034,0.0033889691559999767,-0.004466069626200006,0.003374649567999999,-0.003272914494745315,0.0032545480853866824,-0.7977046295467773,0.6030454088462884,-1,-1,instant_velocity,dbscan_kmeans_fallback,False
3100,259,6.94745326874,9.16763888639,0.004461860324,0.0022911340769999457,0.007648302083800011,0.002835278420599998,0.009118793845042045,0.0036525527084488524,0.8895726570812229,0.45678933911113995,0,0,instant_velocity,dbscan_kmeans_fallback,False
3100,277,0.434189521157,5.50612023919,-0.0395253475877,-0.013651340543999968,-0.03936539410446,-0.012663288972799993,-0.03964089825351536,-0.011853241731961442,-0.9452111625727928,-0.3264588486575828,-1,-1,instant_velocity,dbscan_kmeans_fallback,False
3100,324,11.4913949856,6.79392851844,0.03782058020000001,-0.004582268155000069,0.021972557445999998,-0.0118566188498,0.024348439713530408,-0.01116455073618816,0.9927399310570907,-0.12027844491607956,5,5,instant_velocity,dbscan_kmeans_fallback,False
3100,325,11.4282554527,7.35072183117,0.02805499912000009,-0.003985618655999978,0.030235417649399993,-0.0021813505693999958,0.02877048818439418,-0.003964303723679615,0.9900587161556242,-0.14065216943215608,5,5,instant_velocity,dbscan_kmeans_fallback,False
3100,328,8.02756021134,8.08770329269,0.04019883593900007,-0.0012171649780000847,0.03900760341800002,-0.011455670386200012,0.03700908301196121,-0.01006641992162107,0.9995416692271502,-0.030264734921209634,-1,-1,instant_velocity,dbscan_kmeans_fallback,False
3100,329,6.70710211355,10.8165394426,0.0,0.0,0.0,0.0,0.0,0.0,0.0,0.0,0,0,instant_velocity,dbscan_kmeans_fallback,False
3100,354,11.7729973022,8.18221257338,-0.0013469767000000132,-0.0006682474390000692,-0.0008502790440000041,-0.001603793854000024,-0.0010765485643029528,-0.0026567695194584123,-0.8958110898647936,-0.4444200605919934,0,0,instant_velocity,dbscan_kmeans_fallback,False
3100,355,11.6936519559,8.93948011787,-0.007829302080000034,-0.007207525951000093,-0.01103679034799999,-0.012491453917000008,-0.009712426234981244,-0.012222657654096638,-0.7357163991071276,-0.6772883438342107,0,0,instant_velocity,dbscan_kmeans_fallback,False
3100,376,5.04800565437,8.1657450472,-0.00728209279300005,0.020190619055999993,-0.0046849533402,0.0145057426266,-0.005699013455681749,0.014311127926128566,-0.33927481805967996,0.9406868054910623,-1,-1,instant_velocity,dbscan_kmeans_fallback,False
3100,387,12.1911914751,11.9389564807,-0.018415697090000016,0.022863608820000002,-0.021593720245999995,0.019603515949999987,-0.02050559651934514,0.020277787869367184,-0.6272836698798475,0.7787904186963818,6,6,instant_velocity,dbscan_kmeans_fallback,False
3100,388,13.0178984257,11.8119894672,-0.018247324999999925,0.017493763320000077,-0.019476441244,0.02465355730999999,-0.018597453612933624,0.022546316345350384,-0.7218546415910984,0.6920441353150782,6,6,instant_velocity,dbscan_kmeans_fallback,False
3100,389,12.9909588916,10.3776440709,-0.026308138709999974,0.019880361310000084,-0.03069844089,0.011202690997799998,-0.02595740291366145,0.011978210551005009,-0.7978218484726163,0.6028927695526722,6,6,instant_velocity,dbscan_kmeans_fallback,False
3100,390,14.0485460675,10.6322940772,-0.0007997674200000305,-0.015608350900000012,-0.0015658604160000067,-0.01604271173800001,-0.0011666825027670347,-0.014452932201518626,-0.05117254724618117,-0.9986891862451645,7,7,instant_velocity,dbscan_kmeans_fallback,False
3100,391,14.2794262928,11.5210631714,0.011070464770000043,-0.01758922724000005,0.006566511422000012,-0.010228959016000018,0.006851230116195699,-0.010752874673478699,0.5326671217749991,-0.846324272994114,7,7,instant_velocity,dbscan_kmeans_fallback,False
3100,392,14.5641855861,10.8733404749,0.0,-0.017183505579999904,0.0,-0.016419794221999986,0.0,-0.013885809716962183,0.0,-0.9999994180469093,7,7,instant_velocity,dbscan_kmeans_fallback,False
3110,142,9.22973691752,9.44901879025,0.00025255813200004696,-0.0005727835200000087,0.00025676743380000035,-0.0005775567154000071,0.00025738923156563804,-0.0005786764457645186,0.40344590419811555,-0.9149860402679092,0,0,instant_velocity,dbscan_kmeans_fallback,False
3110,145,1.92470342753,5.52616766236,-0.03327453383100001,0.013866134362999993,-0.0385698359898,-0.003369876372,-0.03801175639008928,-0.0030637250188585378,-0.9230594773459883,0.38465653051450616,1,1,instant_velocity,dbscan_kmeans_fallback,False
3110,146,4.77061263988,4.87367176995,-0.028054999113000002,0.011575000285999958,-0.02538209222079999,0.015398330277599985,-0.027647336205103894,0.014466192537323803,-0.9244114259564444,0.38139593149619194,1,1,instant_velocity,dbscan_kmeans_fallback,False
3110,147,5.22711146266,5.18750940657,-0.028644301420000053,0.015250361202000028,-0.029709254874800008,0.015092845733800004,-0.030046776012568114,0.015162066000325755,-0.8826927911394222,0.4699498059980174,1,1,instant_velocity,dbscan_kmeans_fallback,False
3110,148,6.14894864282,5.75098519369,-0.04537627763500005,0.02460582535000002,-0.0459571613378,0.025885041876799998,-0.04609177027355007,0.02610393320409797,-0.8790725784005113,0.47668754383266315,2,2,instant_velocity,dbscan_kmeans_fallback,False
3110,149,6.03298236742,6.36648881716,-0.04672325433599998,0.018448402517999972,-0.048516417070800004,0.022768144892799994,-0.048581940048881986,0.022519214284585726,-0.9301209527445744,0.3672527945776338,2,2,instant_velocity,dbscan_kmeans_fallback,False
3110,150,12.5858135556,6.21493984434,-0.042093021930000064,0.020142887096000005,-0.040316696400000004,0.0104723920114,-0.034104713878275315,0.011782002340761807,-0.9020385690890523,0.4316549446987674,3,3,instant_velocity,dbscan_kmeans_fallback,False
3110,151,12.5294089062,5.65552127381,-0.04346104513999993,0.019259845837,-0.04460597533399998,0.014510515822599998,-0.03671106012762239,0.013707055435202974,-0.9142493870001611,0.4051513762145777,3,3,instant_velocity,dbscan_kmeans_fallback,False
3110,152,14.6123820962,3.7507774123,0.0,0.0,0.0,0.0,0.0,0.0,0.0,0.0,4,4,instant_velocity,dbscan_kmeans_fallback,False
3110,232,12.40228798,7.9115723605,0.0006734883500000066,9.546391999997184e-05,0.000669279048,0.00011455670380000171,0.000670117542884621,0.00011196199913983557,0.9900884450414436,0.14034054799957854,0,0,instant_velocity,dbscan_kmeans_fallback,False
3110,233,13.0522042385,7.7449878203,0.00180999994000004,0.0018138144780000865,0.0018099999420000045,0.001799494889800002,0.0018036940959918642,0.0017918425299252474,0.706359311000342,0.7078479488582512,0,0,instant_velocity,dbscan_kmeans_fallback,False
3110,238,12.5717123933,8.45786464204,0.00039988371000010403,0.00016706185900012828,0.00040409301200000413,0.00016706185980002174,0.00040360296716737703,0.00016696271154503854,0.9226917787323041,0.3854785778573317,0,0,instant_velocity,dbscan_kmeans_fallback,False
3110,248,11.7942542783,5.30540734763,0.0005893023100000505,0.0002863917600000043,0.0006019302139999993,0.0002816185636000057,0.0006011666530595317,0.0002817749713133099,0.899398915147616,0.4370938886209325,4,4,instant_velocity,dbscan_kmeans_fallback,False
3110,249,12.2688531005,4.88560475993,0.00025255812999986916,0.0002386597989999295,0.00026939534000000267,0.00023388660359998425,0.000267280514835599,0.00023351716957203857,0.7268016091334766,0.686805552245381,4,4,instant_velocity,dbscan_kmeans_fallback,False
3110,256,4.55172892587,4.0846624721,-0.004461860324,0.003365103175999984,-0.004466069626200006,0.003374649567999999,-0.0036295982435217205,0.0032877146125706727,-0.7983888859683124,0.602139193242719,-1,-1,instant_velocity,dbscan_kmeans_fallback,False
3110,259,6.98975675577,9.18816362917,0.0042303487029999864,0.002052474278000105,0.004411348697600008,0.002243402117400031,0.007652260302429428,0.0031725291793142283,0.8996956003259827,0.4365129702876289,0,0,instant_velocity,dbscan_kmeans_fallback,False
3110,324,11.8889635776,6.75860686809,0.03975685920000007,-0.0035321650349999347,0.027398347970000004,-0.009975979627999986,0.028970965559471307,-0.008874835025831692,0.99607631880126,-0.08849557073314414,5,5,instant_velocity,dbscan_kmeans_fallback,False
3110,325,11.7151193971,7.29511409784,0.02868639444000003,-0.0055607733330000466,0.03039116183000001,-0.0025441134649999953,0.028745260061075938,-0.0044432446064757445,0.9817247712037718,-0.1903044643506443,5,5,instant_velocity,dbscan_kmeans_fallback,False
3110,328,8.43081136138,8.11753576765,0.04032511500399991,0.0029832474960000965,0.03970634758199999,-0.0070786496595999894,0.03800389260957282,-0.006151519696334719,0.9972744232026165,0.0737782502430319,-1,-1,instant_velocity,dbscan_kmeans_fallback,False
3110,329,6.63870095292,10.6294301596,-0.006840116063000057,-0.018710928299999985,-0.006840116063000057,-0.018710928299999985,-0.0020520348189000176,-0.0056132784899999965,-0.343344700972427,-0.939208929045911,-1,-1,instant_velocity,dbscan_kmeans_fallback,False
3110,354,11.7595275352,8.17529143918,-0.0013469767000000132,-0.0006921134199998846,-0.0013469767020000134,-0.0006777938311999777,-0.001157677005012071,-0.002067372689620854,-0.8894476982666881,-0.4570225218880007,0,0,instant_velocity,dbscan_kmeans_fallback,False
3110,355,11.6774461425,8.91895537509,-0.0016205813400000935,-0.002052474277999927,-0.009529860164000006,-0.009789824984199988,-0.0072848727664868995,-0.009171602641267623,-0.6196906590234782,-0.7848412829203866,0,0,instant_velocity,dbscan_kmeans_fallback,False
3110,376,4.97497426133,8.36788989755,-0.007303139303999995,0.020214485035000073,-0.00464706962040001,0.018128598386200016,-0.006180251210177222,0.01608213505879002,-0.3397868827674772,0.940501963728186,-1,-1,instant_velocity,dbscan_kmeans_fallback,False
3110,387,12.0329217126,12.1525570014,-0.01582697624999998,0.021360052070000003,-0.020124673782000002,0.020582021128000002,-0.01910201043854159,0.02060246712955703,-0.595341852425758,0.8034720445899743,6,6,instant_velocity,dbscan_kmeans_fallback,False
3110,388,12.8356356407,11.9871657602,-0.01822627850000007,0.017517629299999983,-0.01941751101400001,0.022581990247999995,-0.018486101079053557,0.021037710231745263,-0.7209837258104185,0.692951423960722,6,6,instant_velocity,dbscan_kmeans_fallback,False
3110,389,12.7411368065,10.5816981997,-0.024982208509999992,0.02040541287999993,-0.029359882792,0.014558247782599985,-0.02566484459256301,0.014506371249703484,-0.7744821298252036,0.6325952976070566,6,6,instant_velocity,dbscan_kmeans_fallback,False
3110,390,14.0405483933,10.4762105682,-0.0007997674200000305,-0.015608350899999835,-0.0009470929940000162,-0.017928124153999966,-0.0010566079779369335,-0.014799557811062989,-0.051172547246181754,-0.9986891862451645,7,7,instant_velocity,dbscan_kmeans_fallback,False
3110,391,14.2716390837,11.2993482174,-0.000778720909999997,-0.022171495399999942,0.005602581218000005,-0.013446093115999994,0.004562244808336989,-0.014178460891435072,-0.035100956194815375,-0.9993833205389998,7,7,instant_velocity,dbscan_kmeans_fallback,False
3110,392,14.567763493,10.7420775851,0.0003577906899998595,-0.013126288980000034,7.15581379999719e-05,-0.01586133028999999,0.00010733720699995787,-0.013657953495873537,0.027247425181403922,-0.9996279581567038,7,7,instant_velocity,dbscan_kmeans_fallback,False
3120,142,9.23226249883,9.44329095506,0.00025255813099995806,-0.0005727835189999197,0.0002525581313999936,-0.0005775567154000071,0.000255939901395934,-0.000576908567735139,0.40344590345032755,-0.9149860405975956,0,0,instant_velocity,dbscan_kmeans_fallback,False
3120,145,1.59216855432,5.6645903462,-0.033253487320999996,0.013842268384,-0.037134463942200005,0.0012839897223999941,-0.036584275669362495,0.002008073001999024,-0.9232082114843789,0.38429941841345217,1,1,instant_velocity,dbscan_kmeans_fallback,False
3120,146,4.48985218364,4.98942177281,-0.028076045624000033,0.011575000286000049,-0.026249208472600004,0.014166845710999994,-0.027775949030772733,0.013598834861926676,-0.9245122051598084,0.38115157606054273,1,1,instant_velocity,dbscan_kmeans_fallback,False
3120,147,4.89731263588,5.34597951358,-0.032979882678000026,0.01584701070099994,-0.029869208358000013,0.015317185945599991,-0.03092670801219769,0.01536754941052801,-0.901345032082249,0.43310112737995726,1,1,instant_velocity,dbscan_kmeans_fallback,False
3120,148,5.68192656456,5.92807076508,-0.046702207825999945,0.017708557139000013,-0.04591927761819999,0.0238325675994,-0.04627490153928503,0.023585320384568585,-0.9350376549131185,0.3545478577980057,1,1,instant_velocity,dbscan_kmeans_fallback,False
3120,149,5.58721726523,6.50705943919,-0.04457651021900002,0.014057062203000025,-0.047097882232,0.01936008295279999,-0.047380311099917395,0.019980568660110016,-0.9537035998031189,0.30074742862987236,1,1,instant_velocity,dbscan_kmeans_fallback,False
3120,150,12.1594112435,6.39679861172,-0.042640231210000046,0.01818587673800005,-0.041082789400000014,0.0136608869356,-0.036665369077792734,0.01370316465993328,-0.9198347129373163,0.39230558170352087,2,2,instant_velocity,dbscan_kmeans_fallback,False
3120,151,12.0794345018,5.75886096709,-0.04499744044000007,0.01033396932800006,-0.04443339394599999,0.014701443662400013,-0.039196974221335695,0.0126951296030421,-0.9746279862648634,0.22382996938906655,2,2,instant_velocity,dbscan_kmeans_fallback,False
3120,152,14.116736763,3.88943875593,-0.04956453331999988,0.013866134362999993,-0.04956453331999988,0.013866134362999993,-0.014869359995999967,0.004159840308899999,-0.9630240181646667,0.269414832264327,-1,-1,instant_velocity,dbscan_kmeans_fallback,False
3120,153,14.4576902406,2.56487686752,0.0,0.0,0.0,0.0,0.0,0.0,0.0,0.0,-1,-1,instant_velocity,dbscan_kmeans_fallback,False
3120,232,12.4090228635,7.9127656595,0.0006734883500000066,0.0001193298999999648,0.000669279048,0.00011455670380000171,0.0006711287850192367,0.00011417236939787434,0.9846490724970113,0.17446192700456556,0,0,instant_velocity,dbscan_kmeans_fallback,False
3120,233,13.070304238,7.76288730528,0.0018099999500000407,0.0017899484979999158,0.0018099999440000048,0.0017947216937999856,0.0018055858521943172,0.001791274320347648,0.7110314920167697,0.7031545780794234,0,0,instant_velocity,dbscan_kmeans_fallback,False
3120,238,12.5757112303,8.45953526064,0.00039988369999992556,0.00016706185999986188,0.000404093010000004,0.00016706185979998623,0.0004024871870171416,0.00016699245608148554,0.9226917744824875,0.3854785880285847,0,0,instant_velocity,dbscan_kmeans_fallback,False
3120,248,11.8003577665,5.30827126523,0.0006103488199999063,0.0002863917600000043,0.0006019302139999993,0.00028161856380000573,0.000603921303141644,0.0002831600079193182,0.9052797058640694,0.42478110837461247,3,3,instant_velocity,dbscan_kmeans_fallback,False
3120,249,12.2715891469,4.88799135793,0.0002736046400000802,0.0002386598000000184,0.00026939534000000267,0.00023388660360000203,0.00026917775238494336,0.00023505995870043254,0.7535709339832477,0.657324701767544,3,3,instant_velocity,dbscan_kmeans_fallback,False
3120,256,4.4648068356,4.10828979227,-0.008692209026999987,0.002362732017000013,-0.005312139366800004,0.003174175336199996,-0.0051483814785652,0.0030102198338994744,-0.9649842065761647,0.26230375658186095,-1,-1,instant_velocity,dbscan_kmeans_fallback,False
3120,259,7.01396024338,9.18673167037,0.0024203487609999463,-0.00014319588000013538,0.004003046384999998,0.0017565361257999967,0.006082686840000583,0.0021778116615199187,0.9982503144627806,-0.0590598076373312,0,0,instant_velocity,dbscan_kmeans_fallback,False
3120,324,12.2595926357,6.71326150614,0.037062905810000046,-0.004534536194999994,0.031056231576,-0.0081239795822,0.03139854763462993,-0.007572745376582183,0.9925983268566617,-0.12144145047077089,4,4,instant_velocity,dbscan_kmeans_fallback,False
3120,325,12.0112438063,7.21540172474,0.029612440919999906,-0.007971237309999957,0.029700836269999975,-0.004138360926999987,0.029005414318753128,-0.005501642417533008,0.9656264359829625,-0.25993255655027914,4,4,instant_velocity,dbscan_kmeans_fallback,False
3120,328,8.8445857669,8.16693834619,0.04137744055199999,0.004940257853999874,0.040316696399800005,-0.0030930310044000107,0.03901595699230097,-0.0028239864312343405,0.9929474929592882,0.11855292606938454,-1,-1,instant_velocity,dbscan_kmeans_fallback,False
3120,329,6.5705102574,10.4423208767,-0.0068190695520000235,-0.018710928289999984,-0.0068190695520000235,-0.018710928289999984,-0.00348214523883002,-0.009542573429999993,-0.34241228879992286,-0.9395492643818247,-1,-1,instant_velocity,dbscan_kmeans_fallback,False
3120,330,7.21200791154,11.1074657385,0.0,0.0,0.0,0.0,0.0,0.0,0.0,0.0,0,0,instant_velocity,dbscan_kmeans_fallback,False
3120,354,11.7462682333,8.16860896479,-0.0013259301899999798,-0.0006682474390000692,-0.0013427674000000068,-0.0006777938312000131,-0.0012081529605084437,-0.0016476351144346186,-0.8929936080469137,-0.45005438153632416,0,0,instant_velocity,dbscan_kmeans_fallback,False
3120,355,11.6610298639,8.89819197252,-0.00164162785999995,-0.0020763402570000977,-0.007833511380000005,-0.007217072343200002,-0.0055918992945408145,-0.007043023925987366,-0.6202031243250682,-0.7844364401524075,0,0,instant_velocity,dbscan_kmeans_fallback,False
3120,376,4.90089054274,8.58674093389,-0.007408371858999984,0.021885103634000026,-0.0053205579713999996,0.02006651596000001,-0.006548687404824051,0.01782302563135302,-0.32063898413262165,0.9472010220866709,-1,-1,instant_velocity,dbscan_kmeans_fallback,False
3120,387,11.9137984606,12.3434848412,-0.011912325199999962,0.01909278398000005,-0.017809557575999974,0.02072999020400001,-0.016945104866979102,0.020149562184689936,-0.5293382189882142,0.8484103731066681,5,5,instant_velocity,dbscan_kmeans_fallback,False
3120,388,12.7049368077,12.1723657648,-0.01306988330000003,0.01852000046000004,-0.01782218548200003,0.020367227308000013,-0.0168612357453375,0.020282397300221695,-0.576592891788814,0.8170310611083701,5,5,instant_velocity,dbscan_kmeans_fallback,False
3120,389,12.5043635582,10.7905255244,-0.023677324830000047,0.020882732469999964,-0.027255231696000023,0.01734579424219998,-0.025068588663794123,0.016419279615792426,-0.7499794175757456,0.6614606864453214,5,5,instant_velocity,dbscan_kmeans_fallback,False
3120,390,14.0870611826,10.2344481911,0.004651278929999947,-0.02417623771000006,0.000273604643999974,-0.019154835525999978,0.0006557580944441309,-0.01761256178074411,0.18892575109734977,-0.9819909613698193,6,6,instant_velocity,dbscan_kmeans_fallback,False
3120,391,14.2505925727,11.0726214077,-0.002104651099999977,-0.02267268097000006,0.004377674280000008,-0.01675869113600001,0.0025621760358358996,-0.01672672691500457,-0.0924302032257011,-0.9957187249366959,6,6,instant_velocity,dbscan_kmeans_fallback,False
3120,392,14.5751297718,10.651625521,0.000736627880000107,-0.009045206410000084,0.00021888371399999328,-0.014491423038000021,0.00029612440890000266,-0.0122741293701115,0.08116966933903255,-0.996699192817543,-1,-1,instant_velocity,dbscan_kmeans_fallback,False
3130,142,9.23478808015,9.43756311987,0.00025255813200004696,-0.0005727835190000973,0.0002525581316000114,-0.000577556715200025,0.00025492537057716794,-0.0005756710531146265,0.40344590478776265,-0.9149860400078899,0,0,instant_velocity,dbscan_kmeans_fallback,False
3130,145,1.27457670389,5.84859705178,-0.031759185042999995,0.018400670557999987,-0.03540023143899999,0.006849536251799986,-0.03513674848145375,0.006925852268799314,-0.8652632856076594,0.5013171667611294,1,1,instant_velocity,dbscan_kmeans_fallback,False
3130,146,4.18194172826,5.06436094992,-0.030791045538000005,0.007493917711000009,-0.027659324706999992,0.012114371433399995,-0.028680477982940912,0.011767359716648676,-0.9716368227559478,0.23647675054503933,1,1,instant_velocity,dbscan_kmeans_fallback,False
3130,147,4.56267311157,5.50516559999,-0.033463952431,0.01591860864100001,-0.0304753478738,0.01550334058939999,-0.03168788133783838,0.015532867179669611,-0.903034155510137,0.4295681253032503,1,1,instant_velocity,dbscan_kmeans_fallback,False
3130,148,5.21343123053,6.09728056308,-0.046849533403,0.01692097979999998,-0.045936114827,0.021694175793999994,-0.046447291098399526,0.021586018209198,-0.9405338748002026,0.3396993212250613,1,1,instant_velocity,dbscan_kmeans_fallback,False
3130,149,5.14145216304,6.64739140142,-0.04457651021899993,0.014033196223000033,-0.046243393886999995,0.017450804555,-0.04653917083564216,0.01819635692897702,-0.9538499634444434,0.30028289874095904,1,1,instant_velocity,dbscan_kmeans_fallback,False
3130,150,11.6827077702,6.40371974591,-0.04767034732999988,0.0006921134189999733,-0.042859114924000005,0.013355402392000002,-0.039966862553454885,0.009799849287653288,-0.9998944100121809,0.01451720781394385,2,2,instant_velocity,dbscan_kmeans_fallback,False
3130,151,11.6138856794,5.77341921487,-0.04655488224000006,0.0014558247779999256,-0.044572300916000035,0.013116742592200002,-0.041404346626935006,0.009323338155529447,-0.9995112012550833,0.031255866252098134,2,2,instant_velocity,dbscan_kmeans_fallback,False
3130,152,13.6210914299,4.02786143976,-0.04956453331000006,0.013842268382999956,-0.04956453331000006,0.013842268382999956,-0.0252779119902,0.007064568731129987,-0.9631442477748844,0.26898470093236393,3,3,instant_velocity,dbscan_kmeans_fallback,False
3130,153,13.9500483962,2.63504284864,-0.05076418444000001,0.007016598111999972,-0.05076418444000001,0.007016598111999972,-0.015229255332000006,0.002104979433599992,-0.9905822239685452,0.13691773913345326,3,3,instant_velocity,dbscan_kmeans_fallback,False
3130,154,14.423805358,3.19660935736,0.0,0.0,0.0,0.0,0.0,0.0,0.0,0.0,4,4,instant_velocity,dbscan_kmeans_fallback,False
3130,232,12.415757747,7.9139589585,0.0006734883500000066,0.00011932990000005362,0.000669279048,0.00011455670400000173,0.0006718366545134677,0.00011571962857852812,0.984649072496989,0.17446192700469146,0,0,instant_velocity,dbscan_kmeans_fallback,False
3130,233,13.0884042374,7.78078679026,0.00180999994000004,0.0017899484980000047,0.0018099999420000045,0.0017947216937999856,0.0018069100785360341,0.001790876573643355,0.7110314900744489,0.7031545800434872,0,0,instant_velocity,dbscan_kmeans_fallback,False
3130,238,12.5797100674,8.46120587924,0.00039988371000010403,0.00016706186000003953,0.000404093010000004,0.00016706185979998623,0.00040170614391203034,0.00016701327725705174,0.9226917779116667,0.3854785798216845,0,0,instant_velocity,dbscan_kmeans_fallback,False
3130,248,11.8064612547,5.31089652302,0.0006103488200000839,0.0002625257790000113,0.0006061395160000061,0.0002768453676000071,0.000605849558199176,0.00027696973924352616,0.9186139624003785,0.39511806720526355,4,4,instant_velocity,dbscan_kmeans_fallback,False
3130,249,12.2743251934,4.89013929613,0.0002736046499999034,0.00021479382000002544,0.0002693953420000028,0.00022911340780000346,0.0002705058216694314,0.00022898011709031042,0.7865488138456274,0.6174815535571155,4,4,instant_velocity,dbscan_kmeans_fallback,False
3130,256,4.31453474732,4.11688154506,-0.015027208828000039,0.0008591752790000129,-0.007425209067600012,0.002668216560800003,-0.008112029683395652,0.0023649064674296357,-0.9983688632403852,0.05708138194108295,1,1,instant_velocity,dbscan_kmeans_fallback,False
3130,259,7.03816373099,9.18529971157,0.0024203487610000352,-0.00014319587999995776,0.003594744072400005,0.0012696701343999806,0.004983985416300419,0.0014815093990639557,0.998250314462785,-0.05905980763725603,0,0,instant_velocity,dbscan_kmeans_fallback,False
3130,324,12.5226740227,6.62782129784,0.026308138699999973,-0.008544020830000054,0.03225167339800002,-0.007035690895600002,0.029871424954240944,-0.007864128012607543,0.9510987862558236,-0.3088857001182503,5,5,instant_velocity,dbscan_kmeans_fallback,False
3130,325,12.3075786807,7.13592801143,0.029633487440000116,-0.007947371331000052,0.029010510712000014,-0.005727835193199997,0.029193836255127226,-0.0062353610915731215,0.965867614573686,-0.2590349382652442,5,5,instant_velocity,dbscan_kmeans_fallback,False
3130,328,9.28235319492,8.26240226608,0.04377674280200008,0.009546391989000114,0.04110383590980002,0.0010310103348000156,0.0404441927352107,0.0008871270948359964,0.9770383019065297,0.21306269085512292,-1,-1,instant_velocity,dbscan_kmeans_fallback,False
3130,329,6.50231956188,10.2552115937,-0.006819069551999934,-0.018710928299999985,-0.006819069551999934,-0.018710928299999985,-0.004483222532780995,-0.012293079890999991,-0.3424122886383739,-0.9395492644407003,-1,-1,instant_velocity,dbscan_kmeans_fallback,False
3130,330,7.07162768342,11.0365837779,-0.014038022811999973,-0.007088196059999952,-0.014038022811999973,-0.007088196059999952,-0.004211406843599993,-0.002126458817999986,-0.8926599522366994,-0.4507293399577024,-1,-1,instant_velocity,dbscan_kmeans_fallback,False
3130,354,11.7327984663,8.1619264904,-0.0013469767000000132,-0.0006682474389998916,-0.0013427674000000068,-0.0006730206351999967,-0.0012498000823559145,-0.0013538188118042006,-0.8958110898648405,-0.44442006059189854,0,0,instant_velocity,dbscan_kmeans_fallback,False
3130,355,11.6446135854,8.87766722974,-0.0016416278499999492,-0.002052474277999927,-0.005354232388,-0.005155051673799989,-0.004406817861178554,-0.005545859031591134,-0.6246111019001375,-0.7809310864233104,0,0,instant_velocity,dbscan_kmeans_fallback,False
3130,376,4.8257544986,8.81680898081,-0.007513604413999975,0.02300680469199996,-0.006473906772199989,0.0208875056708,-0.006838162507576829,0.019378159349547102,-0.3104456505962521,0.9505906961831245,-1,-1,instant_velocity,dbscan_kmeans_fallback,False
3130,387,11.7944647434,12.534412681,-0.011933371719999997,0.01909278397999987,-0.015502859975999997,0.020877959279999983,-0.01544158492288537,0.019832528723282915,-0.5300108964352438,0.8479903073600222,6,6,instant_velocity,dbscan_kmeans_fallback,False
3130,388,12.5799205325,12.3587590684,-0.012501627520000013,0.018639330359999918,-0.01611320879400001,0.018176330346,-0.015553353277736253,0.01978947721815516,-0.5570238347906815,0.8304959701005008,6,6,instant_velocity,dbscan_kmeans_fallback,False
3130,389,12.2781135653,11.0100925402,-0.02262499928999997,0.02195670158000009,-0.024940115491999995,0.020343361328,-0.02433551185165588,0.018080506205054726,-0.7176257448045118,0.6964285002988828,6,6,instant_velocity,dbscan_kmeans_fallback,False
3130,390,14.1573565292,9.95617086465,0.007029534660000003,-0.027827732645000047,0.001847883661999994,-0.02051996957900002,0.002567891064110893,-0.020677113040020893,0.24491551960273034,-0.9695440636914143,7,7,instant_velocity,dbscan_kmeans_fallback,False
3130,391,14.195450714,10.7836043903,-0.005514185870000077,-0.028901701739999907,0.0024666510839999843,-0.021321866505999976,0.00013926746408510627,-0.02037921936250317,-0.1874104831124183,-0.9822813400855362,7,7,instant_velocity,dbscan_kmeans_fallback,False
3130,392,14.5822855855,10.5611734569,0.0007155813699998958,-0.009045206409999906,0.00036199998799997247,-0.013116742592000002,0.0004219614972299706,-0.01130545248207802,0.07886517115326762,-0.9968841861287973,-1,-1,instant_velocity,dbscan_kmeans_fallback,False
3140,142,9.23731366146,9.43183528468,0.00025255813099995806,-0.0005727835189999197,0.0002525581313999936,-0.0005775567151999894,0.000254215198704005,-0.0005748047928802144,0.40344590345032755,-0.9149860405975956,0,0,instant_velocity,dbscan_kmeans_fallback,False
3140,145,1.01801973526,6.21398520514,-0.025655696863,0.03653881533600005,-0.0324453012998,0.016042711736800008,-0.03229243299591762,0.015809741188959538,-0.5746420540472972,0.8184045831713471,-1,-1,instant_velocity,dbscan_kmeans_fallback,False
3140,146,3.85572080834,5.11209290986,-0.03262209199199999,0.0047731959940000126,-0.029435650232199996,0.009517752812599999,-0.029862962185658634,0.009669110599854078,-0.9894641041912194,0.14477630985439413,1,1,instant_velocity,dbscan_kmeans_fallback,False
3140,147,4.22824405238,5.6641130266,-0.03344290591899997,0.015894742661000015,-0.0314350687736,0.015632216881200006,-0.03221438871218686,0.015641429824068735,-0.9031792448137681,0.42926298653117917,1,1,instant_velocity,dbscan_kmeans_fallback,False
3140,148,4.74493589651,6.26672902088,-0.046849533402,0.016944845779999974,-0.04623076598019999,0.0201619798798,-0.04656796378947967,0.02019366648043859,-0.9403807245405923,0.34012305341646637,1,1,instant_velocity,dbscan_kmeans_fallback,False
3140,149,4.69589752596,6.78772336365,-0.04455546370799999,0.014033196222999944,-0.04562041716259999,0.016185907616599982,-0.04594405869734951,0.0169474087171839,-0.9538093288114917,0.3004119440493276,1,1,instant_velocity,dbscan_kmeans_fallback,False
3140,150,11.2060042969,6.4108795399,-0.047670347330000064,0.0007159793989999664,-0.04443339394399999,0.0119759487496,-0.042277907986418437,0.007074688321057291,-0.9998870183582723,0.015017690169450317,2,2,instant_velocity,dbscan_kmeans_fallback,False
3140,151,11.1483368569,5.78797746265,-0.04655488224999989,0.0014558247780000143,-0.04500164974,0.010348288915600001,-0.04294950731385447,0.006963084142270618,-0.9995112012552932,0.03125586624539295,2,2,instant_velocity,dbscan_kmeans_fallback,False
3140,152,13.126077492,4.1629428864,-0.04950139378999996,0.013508144664000011,-0.04950139378999996,0.013508144664000011,-0.03254495653013999,0.008997641510990993,-0.9647252104427713,0.26325819751567076,3,3,instant_velocity,dbscan_kmeans_fallback,False
3140,153,13.4426170169,2.70520882975,-0.05074313792999998,0.007016598111000016,-0.05074313792999998,0.007016598111000016,-0.0258834201114,0.0035784650368199996,-0.990574520218502,0.13697346263760893,3,3,instant_velocity,dbscan_kmeans_fallback,False
3140,154,13.9327902572,3.28944801945,-0.049101510079999855,0.009283866209000013,-0.049101510079999855,0.009283866209000013,-0.01473045302399996,0.0027851598627000045,-0.982590543443751,0.1857832707934596,3,3,instant_velocity,dbscan_kmeans_fallback,False
3140,232,12.4224926305,7.9151522575,0.0006734883500000066,0.0001193298999999648,0.0006734883500000066,0.00011455670400000173,0.0006723321631594294,0.00011680271000495912,0.9846490724970113,0.17446192700456556,0,0,instant_velocity,dbscan_kmeans_fallback,False
3140,233,13.1065042368,7.79868627524,0.0018099999399998623,0.0017899484980000047,0.001809999941999969,0.0017947216939999855,0.0018078370369751825,0.0017905981509503501,0.7110314900744144,0.703154580043522,0,0,instant_velocity,dbscan_kmeans_fallback,False
3140,238,12.5839193696,8.46287649784,0.00042093021999995984,0.00016706186000003953,0.000404093010000004,0.00016706185979998623,0.00040747336673840917,0.0001670278520799481,0.9294504592137953,0.3688870865440888,0,0,instant_velocity,dbscan_kmeans_fallback,False
3140,248,11.8125647428,5.31376044062,0.0006103488099999055,0.0002863917600000043,0.0006061395139999703,0.0002816185636000057,0.0006071993337393948,0.00027979634547046963,0.9052797031875078,0.42478111407834485,4,4,instant_velocity,dbscan_kmeans_fallback,False
3140,249,12.2770612398,4.89252589413,0.0002736046400000802,0.0002386598000000184,0.00026939534000000267,0.00023388660380000204,0.00027143546716862604,0.00023188402196322282,0.7535709339832477,0.657324701767544,4,4,instant_velocity,dbscan_kmeans_fallback,False
3140,256,4.16426265905,4.12547329785,-0.01502720882699995,0.0008591752790000129,-0.009538278768200001,0.0021670309814,-0.010186583426476943,0.0019131871109007489,-0.9983688632401686,0.05708138194486944,1,1,instant_velocity,dbscan_kmeans_fallback,False
3140,259,7.06215675348,9.18362909297,0.0023993022490000015,-0.00016706186000003953,0.003186441759599994,0.0007780309469999835,0.0042085804661102936,0.000986938021344757,0.9975805080414396,-0.06946088398935485,0,0,instant_velocity,dbscan_kmeans_fallback,False
3140,324,12.7857554098,6.54261974934,0.026308138709999974,-0.008520154849999972,0.033451324524000015,-0.005942629013000005,0.028802439080968655,-0.008060936063825273,0.9513520102519608,-0.3081048999154177,5,5,instant_velocity,dbscan_kmeans_fallback,False
3140,325,12.655687972,7.05191976193,0.034810929130000015,-0.008400824950000007,0.03015965021000003,-0.0067731651160000085,0.030878964117589065,-0.006885000249101187,0.9720934844006057,-0.2345926236840162,5,5,instant_velocity,dbscan_kmeans_fallback,False
3140,328,9.72012062295,8.35786618597,0.04377674280299999,0.009546391988999935,0.041890975420000004,0.005159824869999987,0.04144395775554749,0.0034849065630851786,0.9770383019075436,0.2130626908504734,-1,-1,instant_velocity,dbscan_kmeans_fallback,False
3140,329,6.4612788655,10.1084358169,-0.004104069638000052,-0.01467757768000002,-0.004104069638000052,-0.01467757768000002,-0.004369476664346712,-0.0130084292277,-0.2692858333737749,-0.9630596179145712,0,0,instant_velocity,dbscan_kmeans_fallback,False
3140,330,6.9312474553,10.9659404772,-0.014038022811999973,-0.007064330070000046,-0.014038022811999973,-0.007064330070000046,-0.007159391634119988,-0.003607820193600004,-0.8932701563084683,-0.4495188040618755,0,0,instant_velocity,dbscan_kmeans_fallback,False
3140,331,7.20485209781,11.2568667731,0.0,0.0,0.0,0.0,0.0,0.0,0.0,0.0,0,0,instant_velocity,dbscan_kmeans_fallback,False
3140,354,11.7193286993,8.15500535621,-0.0013469767000000132,-0.000692113419000151,-0.0013427673980000066,-0.0006777938312000131,-0.001278953067649144,-0.0011553071939629858,-0.8894476985350405,-0.45702252136573446,0,0,instant_velocity,dbscan_kmeans_fallback,False
3140,355,11.6284077719,8.85714248697,-0.0016205813500000943,-0.002052474277000016,-0.002870744096000024,-0.003088257808200012,-0.0035709469078250163,-0.004497843605213799,-0.6196906615648808,-0.7848412809137699,0,0,instant_velocity,dbscan_kmeans_fallback,False
3140,376,4.75040798936,9.04687702774,-0.007534650924000008,0.02300680469300005,-0.007408371858800003,0.02166076342200002,-0.007047109032503783,0.020466752952582986,-0.3112311192325436,0.9503338172919096,-1,-1,instant_velocity,dbscan_kmeans_fallback,False
3140,387,11.6763938169,12.7494451605,-0.01180709265000015,0.021503247950000137,-0.013979092582000021,0.020782495360000014,-0.014351237241019804,0.02033374449129808,-0.4813020877078222,0.8765543252372023,6,6,instant_velocity,dbscan_kmeans_fallback,False
3140,388,12.4549042574,12.5453910317,-0.012501627509999835,0.01866319633,-0.014909348365999974,0.018166783954000003,-0.014637835547415327,0.01945159295170861,-0.5565322472964359,0.830825473480263,6,6,instant_velocity,dbscan_kmeans_fallback,False
3140,389,12.1465728718,11.328464713,-0.013154069349999986,0.03183721728000002,-0.022149348137999993,0.022992485104000017,-0.020981079101159112,0.022207519527538314,-0.38185711352325236,0.9242210581133534,-1,-1,instant_velocity,dbscan_kmeans_fallback,False
3140,390,14.2575379214,9.67264302259,0.010018139220000144,-0.02835278420599998,0.0040198835940000064,-0.022314691272199986,0.0048029655108776685,-0.02297981438981462,0.33315338012730816,-0.9428722926300993,7,7,instant_velocity,dbscan_kmeans_fallback,False
3140,391,14.1365204833,10.4876662386,-0.00589302306999997,-0.02959381517000015,-0.0006440232359999953,-0.024185784104000022,-0.0016704196961404168,-0.023143598104752264,-0.19529578348853355,-0.9807440512938732,7,7,instant_velocity,dbscan_kmeans_fallback,False
3140,392,14.5671320976,10.4277626289,-0.0015153487899999263,-0.01334108280000006,5.89302299999872e-05,-0.012348258035999997,-0.0001592315889389985,-0.011916141577454631,-0.11285935871875624,-0.9936102231763481,-1,-1,instant_velocity,dbscan_kmeans_fallback,False
3150,142,9.23983924278,9.42610744948,0.00025255813200004696,-0.0005727835200000087,0.0002525581316000114,-0.0005727835193999908,0.00025371807869281756,-0.0005741984110161527,0.40344590419811555,-0.9149860402679092,0,0,instant_velocity,dbscan_kmeans_fallback,False
3150,145,0.761673231735,6.5796120183,-0.0256346503525,0.036562681315999955,-0.029915510682099997,0.0238421139914,-0.030295098202892334,0.022035623227071664,-0.5740748743706882,0.8188025346361385,-1,-1,instant_velocity,dbscan_kmeans_fallback,False
3150,146,3.52949988842,5.1598248698,-0.03262209199199999,0.0047731959940000126,-0.030433254851800005,0.008038062054200008,-0.03069070112756104,0.008200336218097858,-0.9894641041912194,0.14477630985439413,1,1,instant_velocity,dbscan_kmeans_fallback,False
3150,147,3.89360452807,5.82329911301,-0.033463952431,0.01591860864100001,-0.03239899897580001,0.0157658663692,-0.0325892578278308,0.015724583469148116,-0.903034155510137,0.4295681253032503,1,1,instant_velocity,dbscan_kmeans_fallback,False
3150,148,4.2724417254,6.44381459226,-0.04724941711100002,0.017708557138000014,-0.0466053938754,0.0187777530414,-0.046772399785935774,0.01944813367770702,-0.9363939637973827,0.3509500651114659,1,1,instant_velocity,dbscan_kmeans_fallback,False
3150,149,4.24865916801,6.96289965664,-0.044723835795000076,0.01751762929900007,-0.0450311148554,0.01561789729320001,-0.04557799182664468,0.01711847489172875,-0.9311224461669627,0.3647061472700091,1,1,instant_velocity,dbscan_kmeans_fallback,False
3150,150,10.7293008236,6.41780067409,-0.047670347330000064,0.0006921134190000621,-0.045548859026000026,0.008085794014200011,-0.04389563978949292,0.005159915850440122,-0.9998944100121809,0.014517207813945658,2,2,instant_velocity,dbscan_kmeans_fallback,False
3150,151,10.6893124528,5.80850220543,-0.04590244041000009,0.002052474278000016,-0.04549413809600001,0.006911587799800003,-0.04383538724269816,0.005489901182989437,-0.999001615431184,0.04466919625707467,2,2,instant_velocity,dbscan_kmeans_fallback,False
3150,152,12.6348519261,4.26652123948,-0.04912255659000007,0.010357835308000052,-0.04912255659000007,0.010357835308000052,-0.037518236548098015,0.009405699650093712,-0.978484310607694,0.2063202741121103,3,3,instant_velocity,dbscan_kmeans_fallback,False
3150,153,12.9269774983,2.77680676967,-0.05156395186000005,0.007159793991999975,-0.05156395186000005,0.007159793991999975,-0.03358757963598002,0.004652863723373993,-0.9904969664009315,0.1375331791555897,3,3,instant_velocity,dbscan_kmeans_fallback,False
3150,154,13.4417751565,3.38228668154,-0.049101510070000035,0.009283866209000013,-0.049101510070000035,0.009283866209000013,-0.025041770137799985,0.004734771766590007,-0.982590543436844,0.18578327082998958,3,3,instant_velocity,dbscan_kmeans_fallback,False
3150,232,12.429227514,7.9163455565,0.0006734883500000066,0.0001193298999999648,0.0006734883500000066,0.00011455670399998397,0.0006726790192116026,0.00011756086700346083,0.9846490724970113,0.17446192700456556,0,0,instant_velocity,dbscan_kmeans_fallback,False
3150,233,13.1673286535,7.86694297795,0.006082441670000094,0.006825670271000029,0.0026644882880000153,0.0028018660486000078,0.003090218426882656,0.0033011197869652537,0.6652900691776203,0.7465835092467341,0,0,instant_velocity,dbscan_kmeans_fallback,False
3150,238,12.5879182067,8.46454711644,0.0003998837099999264,0.00016706186000003953,0.000404093010000004,0.00016706185980002174,0.00040519646971686434,0.00016703805445597553,0.9226917779116057,0.38547857982183026,0,0,instant_velocity,dbscan_kmeans_fallback,False
3150,248,11.8184577659,5.31662435822,0.0005893023100000505,0.0002863917600000043,0.0006019302139999993,0.00028161856380000573,0.0006018302266175916,0.00028177496982933006,0.899398915147616,0.4370938886209325,4,4,instant_velocity,dbscan_kmeans_fallback,False
3150,249,12.2797972862,4.89491249212,0.0002736046400000802,0.0002386597989999295,0.00026939534000000267,0.00023388660359998425,0.0002720862190180623,0.00023391675507423483,0.7535709353476905,0.657324700203242,4,4,instant_velocity,dbscan_kmeans_fallback,False
3150,256,4.10827893989,4.13669030843,-0.005598371916000033,0.0011217010580000242,-0.009761371784400001,0.0017135773618000094,-0.00881011997333387,0.0016757412950305314,-0.9805106380971441,0.1964570837086628,-1,-1,instant_velocity,dbscan_kmeans_fallback,False
3150,259,7.08636024109,9.18219713418,0.0024203487610000352,-0.00014319587899986886,0.002778139447000001,0.0002911649558000207,0.003672110954577216,0.0006478978512413692,0.9982503144871034,-0.05905980722621743,0,0,instant_velocity,dbscan_kmeans_fallback,False
3150,324,13.0964019116,6.4951264492,0.03106465017999991,-0.004749330014000019,0.032100138519999995,-0.005976041384799995,0.02948110241067803,-0.007067454248877696,0.9885136868548807,-0.15112926413226763,5,5,instant_velocity,dbscan_kmeans_fallback,False
3150,325,13.0261065649,6.96600223404,0.03704185928999983,-0.008591752788999952,0.03195702224399998,-0.007694391942600003,0.0327278326693123,-0.007397026011070817,0.9741389265314813,-0.2259487239389141,5,5,instant_velocity,dbscan_kmeans_fallback,False
3150,328,10.1040089829,8.54497546894,0.03838883599499994,0.018710928297000072,0.04152897543119998,0.009145443525000019,0.040527421227383224,0.008052713083259649,0.8989096650084576,0.43813347947419656,-1,-1,instant_velocity,dbscan_kmeans_fallback,False
3150,329,6.4612788655,10.0215636498,0.0,-0.008687216710000101,-0.004916464961000014,-0.015899515856000013,-0.0030586336650426983,-0.011712065472390029,0.0,-0.9999988488846517,0,0,instant_velocity,dbscan_kmeans_fallback,False
3150,330,6.77024164643,10.8370641854,-0.01610058088700006,-0.012887629180000105,-0.01610058088700006,-0.012887629180000105,-0.00984174840998401,-0.0063917628895200345,-0.7806989400972086,-0.6249065491367263,0,0,instant_velocity,dbscan_kmeans_fallback,False
3150,331,7.0646823348,11.1771544,-0.014016976301000027,-0.007971237310000134,-0.014016976301000027,-0.007971237310000134,-0.004205092890300009,-0.0023913711930000406,-0.8692682661930484,-0.49433939867493415,0,0,instant_velocity,dbscan_kmeans_fallback,False
3150,354,11.7058589323,8.14832288182,-0.0013469767000000132,-0.0006682474389998916,-0.0013427673980000066,-0.0006777938311999777,-0.0012993601573544047,-0.0010091892674740576,-0.8958110898648405,-0.44442006059189854,0,0,instant_velocity,dbscan_kmeans_fallback,False
3150,355,11.6119914934,8.83661774419,-0.0016416278499999492,-0.002052474277999927,-0.0016332092500000073,-0.002057247473599979,-0.002992151190477496,-0.0037642328070496374,-0.6246111019001375,-0.7809310864233104,0,0,instant_velocity,dbscan_kmeans_fallback,False
3150,376,4.69610799107,9.28386620885,-0.005429999829000031,0.023698918110999934,-0.0070379532659999985,0.022362423233000008,-0.006561976271452658,0.02143640250010807,-0.2233368988973884,0.9747408922310389,-1,-1,instant_velocity,dbscan_kmeans_fallback,False
3150,387,11.5600066113,13.0007539296,-0.011638720559999882,0.025130876909999954,-0.012623697275999995,0.021235948978000005,-0.013537482236713826,0.021772884216908643,-0.4202439949649045,0.9074107463260346,6,6,instant_velocity,dbscan_kmeans_fallback,False
3150,388,12.4142844913,12.7470585625,-0.004061976610000073,0.02016675308,-0.012072278688000005,0.018701381905999986,-0.01146507786619075,0.019666140990196028,-0.19745385514843625,0.9803116865984436,6,6,instant_velocity,dbscan_kmeans_fallback,False
3150,389,12.0150321783,11.646598226,-0.013154069349999986,0.03181335129999994,-0.019518534265999997,0.02537908310199999,-0.018632976175811375,0.025089269059276803,-0.38210176695428766,0.9241199374144605,6,6,instant_velocity,dbscan_kmeans_fallback,False
3150,390,14.427804195,9.37694353074,0.017026627359999935,-0.02956994918499998,0.00758516255,-0.02510701092919998,0.008470064065614348,-0.024956854828370227,0.4989974262911593,-0.8666031285526066,-1,-1,instant_velocity,dbscan_kmeans_fallback,False
3150,391,14.0910600196,10.2184579845,-0.004546046369999957,-0.02692082540999987,-0.0037673254639999953,-0.026052103737999984,-0.002533107698298279,-0.024276766296326545,-0.1665097894675298,-0.9860394299742368,7,7,instant_velocity,dbscan_kmeans_fallback,False
3150,392,14.5370355869,10.2657126249,-0.0030096510699999966,-0.016205000399999926,-0.0005429999840000122,-0.012152557000000001,-0.0010143574332572981,-0.01320279922421822,-0.18260093880177797,-0.9831864948793474,7,7,instant_velocity,dbscan_kmeans_fallback,False
3160,142,9.2423648241,9.42014095449,0.0002525581319998693,-0.0005966494990000016,0.0002525581315999759,-0.0005775567151999894,0.0002533700946849331,-0.0005809337374113074,0.3898034960010284,-0.920881298716539,0,0,instant_velocity,dbscan_kmeans_fallback,False
3160,145,0.505116263101,6.94500017166,-0.025655696863400003,0.03653881533600005,-0.028391743288579997,0.02837665018600001,-0.02890327780104463,0.02638658085975018,-0.574642054053298,0.8184045831671336,-1,-1,instant_velocity,dbscan_kmeans_fallback,False
3160,146,3.2032789685,5.20755682975,-0.03262209199200004,0.004773195994999924,-0.03134667342760001,0.006677701196000001,-0.03127011838689274,0.007172194151168478,-0.9894641041868748,0.14477630988408663,1,1,instant_velocity,dbscan_kmeans_fallback,False
3160,147,3.63578476878,5.78750014305,-0.02578197592900002,-0.0035798969960000094,-0.031826533877600004,0.011999814729599994,-0.030547073258181567,0.009933239329603678,-0.9904967761347155,-0.13753315274194705,1,1,instant_velocity,dbscan_kmeans_fallback,False
3160,148,3.79889522874,6.62280944205,-0.047354649666000004,0.017899484979000048,-0.04700106828159999,0.017436484967200006,-0.04694707474995504,0.018983539068094926,-0.935406911834108,0.3535725020820691,2,2,instant_velocity,dbscan_kmeans_fallback,False
3160,149,3.80142081006,7.14189450642,-0.044723835794999944,0.01789948497799996,-0.044631231147199996,0.015508113785200006,-0.04532174501715126,0.017352777917610113,-0.9284052527941717,0.37156866311863607,2,2,instant_velocity,dbscan_kmeans_fallback,False
3160,150,10.2959531629,6.45813418025,-0.043334766069999905,0.004033350615999964,-0.045797207853999995,0.004863886718200003,-0.04372737767364501,0.0048219462801080745,-0.9956963037278866,0.09267368130019694,3,3,instant_velocity,dbscan_kmeans_fallback,False
3160,151,10.2570171176,5.85360890757,-0.04322953351999992,0.004510670214000001,-0.045447835772000005,0.003961752675200003,-0.04365363112588869,0.005196131892292607,-0.9946001610288724,0.10377889733917602,3,3,instant_velocity,dbscan_kmeans_fallback,False
3160,152,12.1438368254,4.36986093275,-0.049101510070000035,0.01033396932699997,-0.049370905416,0.012381670408999996,-0.04099321860466862,0.00968418055316559,-0.9785624069576758,0.20594954989448205,3,3,instant_velocity,dbscan_kmeans_fallback,False
3160,153,12.3387275169,2.86105367896,-0.05882499813999988,0.008424690929,-0.05882499813999988,0.008424690929,-0.04115880518718598,0.005784411885061795,-0.9898995097045253,0.14176961638284344,3,3,instant_velocity,dbscan_kmeans_fallback,False
3160,154,12.9505495906,3.47512534363,-0.04912255659000007,0.009283866208999968,-0.04912255659000007,0.009283866208999968,-0.03226600607346001,0.006099500099312996,-0.9826050713861147,0.18570641783108258,3,3,instant_velocity,dbscan_kmeans_fallback,False
3160,232,12.4359623976,7.91753885549,0.0006734883600000074,0.00011932989900005353,0.0006734883520000068,0.0001193298998000003,0.0006729218214481241,0.00011809157660243864,0.9846490731933557,0.17446192307563882,0,0,instant_velocity,dbscan_kmeans_fallback,False
3160,233,13.2462530696,7.95644040285,0.007892441609999957,0.008949742490000023,0.0038809766219999988,0.004229051650999995,0.0045308853818178466,0.0049957065978756855,0.6614142047147465,0.7500197155624156,0,0,instant_velocity,dbscan_kmeans_fallback,False
3160,238,12.5919170438,8.46621773503,0.00039988371000010403,0.00016706185899995063,0.000404093010000004,0.00016706185979998623,0.00040360264180183626,0.00016704519581916806,0.92269177873245,0.38547857785698275,0,0,instant_velocity,dbscan_kmeans_fallback,False
3160,248,11.8245612541,5.31948827581,0.0006103488200000839,0.0002863917590000042,0.0006061395160000061,0.0002816185636000057,0.0006043858046323393,0.0002831600065805323,0.9052797064344902,0.42478110715892825,4,4,instant_velocity,dbscan_kmeans_fallback,False
3160,249,12.2825333326,4.89706043032,0.00027360463999990257,0.00021479382000002544,0.00027360464200000935,0.00022911340780000346,0.0002725417453126144,0.00022817987455197203,0.7865488028834844,0.6174815675196547,4,4,instant_velocity,dbscan_kmeans_fallback,False
3160,256,4.11522428851,4.14981659742,0.0006945348620000403,0.001312628898999968,-0.008730092747199993,0.0013030825064000062,-0.005958723522733697,0.0015668075762213624,0.4676813689178916,0.8838895121803897,-1,-1,instant_velocity,dbscan_kmeans_fallback,False
3160,259,7.1105637287,9.18076517538,0.0024203487609999463,-0.00014319588000013538,0.002416139458599993,-0.00014796907580002738,0.003296582296504035,0.00041056973186891774,0.9982503144627806,-0.0590598076373312,0,0,instant_velocity,dbscan_kmeans_fallback,False
3160,324,13.4783960855,6.50395686179,0.03819941739000008,0.0008830412590000059,0.031788650158,-0.005093000126000007,0.03209659690447464,-0.004682305596514386,0.9997326564279515,0.023110435810643048,5,5,instant_velocity,dbscan_kmeans_fallback,False
3160,325,13.3758995771,6.89726821172,0.034979301220000106,-0.0068734022320000145,0.0332156036,-0.007956917722399997,0.03340327323451864,-0.007239938877349576,0.9812354487236415,-0.19281191127735722,5,5,instant_velocity,dbscan_kmeans_fallback,False
3160,328,10.4744275758,8.75499609269,0.037041859290000013,0.02100206237499993,0.0408723242884,0.012749206500799986,0.03948175264616826,0.011937517870781733,0.869904347803278,0.4932199874151638,-1,-1,instant_velocity,dbscan_kmeans_fallback,False
3160,329,6.4612788655,9.93469148267,0.0,-0.008687216712999834,-0.003548441748400002,-0.013894773538599985,-0.0021410435655298886,-0.01080461084457297,0.0,-0.9999988488846521,0,0,instant_velocity,dbscan_kmeans_fallback,False
3160,330,6.58818932661,10.6499549024,-0.01820523198199995,-0.018710928299999985,-0.01820523198199995,-0.018710928299999985,-0.012350793481588792,-0.01008751251266402,-0.6973547801822898,-0.7167255712288738,0,0,instant_velocity,dbscan_kmeans_fallback,False
3160,331,6.92430210668,11.0976806867,-0.014038022811999973,-0.007947371329999875,-0.014038022811999973,-0.007947371329999875,-0.007154971866809998,-0.004058171234099991,-0.8702212170199122,-0.4926599168217438,0,0,instant_velocity,dbscan_kmeans_fallback,False
3160,354,11.6923891652,8.14140174762,-0.001346976710000014,-0.0006921134200000622,-0.0013427674000000068,-0.0006777938312000131,-0.0013136451231480877,-0.000914066513231859,-0.8894476996459196,-0.45702251920385406,0,0,instant_velocity,dbscan_kmeans_fallback,False
3160,355,11.5957856799,8.81609300141,-0.0016205813499999167,-0.002052474278000105,-0.001633209251999972,-0.0020572474736000146,-0.0025806802383342223,-0.0032507052483347777,-0.619690661378844,-0.7848412810606612,0,0,instant_velocity,dbscan_kmeans_fallback,False
3160,376,4.64706962053,9.52252600857,-0.004903837053999993,0.023865979972000063,-0.006558092815999998,0.023092722220400007,-0.006064534506216858,0.02216527574167567,-0.2012690398296522,0.9795355801310786,-1,-1,instant_velocity,dbscan_kmeans_fallback,False
3160,387,11.4438298708,13.2518240389,-0.011617674050000026,0.02510701093000005,-0.011781836836000004,0.021985340750000013,-0.012961539780699685,0.022773122230836065,-0.4199465285996547,0.9075484505925768,6,6,instant_velocity,dbscan_kmeans_fallback,False
3160,388,12.409864724,12.9551699078,-0.00044197672999999325,0.020811134530000074,-0.00851541833399999,0.019360082952000007,-0.008158147525333522,0.02000963905213724,-0.02123271453448593,0.9997740799934904,6,6,instant_velocity,dbscan_kmeans_fallback,False
3160,389,11.8601298576,11.8220131788,-0.015490232069999976,0.017541495280000062,-0.017620138977999994,0.024806299582000015,-0.017690152944067956,0.022824936925493783,-0.6619202367718084,0.7495737091993884,6,6,instant_velocity,dbscan_kmeans_fallback,False
3160,390,14.592808841,9.08649455449,0.016500464599999987,-0.029044897624999955,0.011045208954000003,-0.027794320274200004,0.01087918422593004,-0.026183267667359143,0.4939567987973376,-0.8694861023635289,-1,-1,instant_velocity,dbscan_kmeans_fallback,False
3160,391,14.0658042065,9.98934457681,-0.0025255813100001135,-0.022911340769000078,-0.0041166975440000185,-0.026200072811800014,-0.0025308497818088294,-0.0238671386381286,-0.1095690634305397,-0.9939787485983441,7,7,instant_velocity,dbscan_kmeans_fallback,False
3160,392,14.5071495414,10.1039012807,-0.0029886045499999624,-0.01618113442000002,-0.0012122790319999766,-0.012763526087999999,-0.0016066315682800973,-0.01409629978295276,-0.18162483815821667,-0.9833672776309231,7,7,instant_velocity,dbscan_kmeans_fallback,False
3170,142,9.24489040541,9.4144131193,0.0002525581310001357,-0.0005727835189999197,0.0002525581316000114,-0.0005775567151999894,0.0002531265055794939,-0.0005784886718878911,0.4034459034505651,-0.9149860405974907,0,0,instant_velocity,dbscan_kmeans_fallback,False
3170,145,0.189418598663,7.01325687438,-0.031569766443799996,0.00682567027199994,-0.02805499911314,0.026973330563599997,-0.02970322439387124,0.020518307683425108,-0.9774153028433318,0.21132606691570158,-1,-1,instant_velocity,dbscan_kmeans_fallback,False
3170,146,2.93451502351,5.18918002517,-0.02687639449899999,-0.0018376804579999905,-0.031106743202600002,0.003995165047199993,-0.029952001220524913,0.004469231768417937,-0.9976702062511204,-0.06821595960815059,1,1,instant_velocity,dbscan_kmeans_fallback,False
3170,147,3.37796500949,5.75170117309,-0.02578197592899998,-0.0035798969960000094,-0.030386952527799993,0.008114433190200004,-0.02911754405942709,0.0058792984319225704,-0.9904967761347155,-0.13753315274194727,1,1,instant_velocity,dbscan_kmeans_fallback,False
3170,148,3.32534873208,6.80180429183,-0.047354649666000004,0.01789948497799996,-0.047131556649600004,0.017474670534999993,-0.04706934722476853,0.018658322841066437,-0.9354069118406415,0.3535725020647837,2,2,instant_velocity,dbscan_kmeans_fallback,False
3170,149,3.3541824521,7.32088935621,-0.04472383579600003,0.017899484979000048,-0.0446606962626,0.01627659834040001,-0.04514237225080589,0.017516790036027095,-0.9284052527898763,0.3715686631293686,2,2,instant_velocity,dbscan_kmeans_fallback,False
3170,150,9.88112643181,6.51278727438,-0.04148267310900007,0.0054653094129999856,-0.045565696233799996,0.0023197732531999903,-0.043053966304251526,0.005014955219975649,-0.9914322116557519,0.1306204107068014,3,3,instant_velocity,dbscan_kmeans_fallback,False
3170,151,9.82472178243,5.89871560972,-0.043229533517000006,0.004510670215000001,-0.045094254387399994,0.0027970928525999916,-0.04352640184322208,0.004990493389104825,-0.9946001610257542,0.10377889736905979,3,3,instant_velocity,dbscan_kmeans_fallback,False
3170,152,11.6521903293,4.47081402803,-0.04916464960999996,0.01009530952800004,-0.04929092867400001,0.011627505442000006,-0.04344464790626802,0.009807519245615926,-0.97956227309994,0.20114013681252413,3,3,instant_velocity,dbscan_kmeans_fallback,False
3170,153,11.7506880006,2.94530058826,-0.05880395163000003,0.008424690930000001,-0.05414004479999999,0.007608474414799993,-0.0464523491200302,0.006576495598543257,-0.9898923876073691,0.141819336768811,3,3,instant_velocity,dbscan_kmeans_fallback,False
3170,154,12.4422763508,3.52190266437,-0.050827323979999936,0.004677732074000041,-0.050827323979999936,0.004677732074000041,-0.03783440144542199,0.005672969691719109,-0.9957915887158403,0.09164453071321323,3,3,instant_velocity,dbscan_kmeans_fallback,False
3170,232,12.442486816,7.91873215449,0.0006524418399999731,0.0001193298999999648,0.0006692790500000001,0.0001193298998000003,0.0006667778270136788,0.00011846307362169649,0.9836677040259245,0.17991024112526777,0,0,instant_velocity,dbscan_kmeans_fallback,False
3170,233,13.3251774857,8.04593782774,0.007892441609999957,0.008949742488999934,0.005097464953999982,0.005661010449199999,0.00553935225027248,0.006181917365212961,0.6614142047563231,0.7500197155257509,0,0,instant_velocity,dbscan_kmeans_fallback,False
3170,238,12.5959158809,8.46788835363,0.0003998837099999264,0.00016706186000003953,0.00040409301200000413,0.00016706185980002174,0.0004024869622612633,0.0001670501950734295,0.9226917779116057,0.38547857982183026,0,0,instant_velocity,dbscan_kmeans_fallback,False
3170,248,11.8306647423,5.32211353361,0.0006103488199999063,0.00026252577999992256,0.0006061395160000061,0.00027684536759998936,0.0006061747092426094,0.0002769697386063494,0.9186139618540976,0.3951180684753402,4,4,instant_velocity,dbscan_kmeans_fallback,False
3170,249,12.2852693791,4.89944702832,0.00027360465000008104,0.0002386598000000184,0.0002736046440000095,0.00022911340780000346,0.0002728606167188544,0.00023132385218638593,0.753570945884708,0.6573246881243278,4,4,instant_velocity,dbscan_kmeans_fallback,False
3170,256,4.12216963713,4.1629428864,0.0006945348619999514,0.001312628897999968,-0.006852743969400006,0.0010930618825999972,-0.003962746007313602,0.001490553972754944,0.4676813691962049,0.8838895120331247,-1,-1,instant_velocity,dbscan_kmeans_fallback,False
3170,259,7.1345567512,9.17909455678,0.0023993022500000015,-0.00016706185999986188,0.002411930156400004,-0.00015274227179997267,0.0030273982825528246,0.00023728025430828383,0.9975805080434526,-0.0694608839604707,0,0,instant_velocity,dbscan_kmeans_fallback,False
3170,324,13.8603902595,6.51278727438,0.03819941740000008,0.0008830412590000059,0.032015952476000004,-0.004009484635200007,0.03392744305313227,-0.003012701539860068,0.9997326564280914,0.023110435804596336,5,5,instant_velocity,dbscan_kmeans_fallback,False
3170,325,13.6429798013,6.89726821172,0.0267080224199999,0.0,0.03263471989999999,-0.006362670260400005,0.03139469799016302,-0.005067957214144703,0.9999996255808049,0.0,5,5,instant_velocity,dbscan_kmeans_fallback,False
3170,328,10.8162229139,8.95165176765,0.03417953381000007,0.01966556749600006,0.039432742940000015,0.015694268429200024,0.037891086995317805,0.014255932758347231,0.8667708723967017,0.498706073331436,-1,-1,instant_velocity,dbscan_kmeans_fallback,False
3170,329,6.46212072594,9.85450178997,8.418604400004526e-05,-0.00801896927000012,-0.0021677906291999883,-0.011756381734600013,-0.0014734746826709083,-0.009968918372201114,0.010497770632249362,-0.999943649846192,0,0,instant_velocity,dbscan_kmeans_fallback,False
3170,330,6.40613700678,10.4630842792,-0.018205231983000038,-0.018687062319999902,-0.0161174180952,-0.012887629185999998,-0.014107125032012165,-0.012667377454864785,-0.6978118614955449,-0.7162805591040603,0,0,instant_velocity,dbscan_kmeans_fallback,False
3170,331,6.78813118075,11.018684293,-0.013617092593000013,-0.007899639370000067,-0.013617092593000013,-0.007899639370000067,-0.009093608084667002,-0.0052106116748700144,-0.8649830616887082,-0.5017997932988947,0,0,instant_velocity,dbscan_kmeans_fallback,False
3170,354,11.6789193982,8.13471927323,-0.0013469767000000132,-0.0006682474389998916,-0.0013469767020000134,-0.0006777938311999777,-0.0013236445962036653,-0.0008403207909622687,-0.8958110898648405,-0.44442006059189854,0,0,instant_velocity,dbscan_kmeans_fallback,False
3170,355,11.5793694014,8.79532959884,-0.0016416278500001268,-0.00207634025699992,-0.0016332092500000073,-0.002057247473599979,-0.0022989645218339937,-0.00289839575093432,-0.620203122000377,-0.7844364419903792,0,0,instant_velocity,dbscan_kmeans_fallback,False
3170,376,4.59803124999,9.76118580828,-0.004903837053999993,0.023865979970999974,-0.006057185855,0.023488897487799996,-0.005716325270551798,0.02267548701047296,-0.2012690398377446,0.9795355801294159,-1,-1,instant_velocity,dbscan_kmeans_fallback,False
3170,387,11.3274426652,13.503132808,-0.01163872056000006,0.025130876909999954,-0.011727115908000024,0.023192959335999994,-0.012564694014489796,0.023480448634585233,-0.42024399496490983,0.9074107463260321,6,6,instant_velocity,dbscan_kmeans_fallback,False
3170,388,12.4054449567,13.1632812532,-0.00044197672999999325,0.020811134539999897,-0.005989837019999982,0.01981830976799998,-0.005843296286733464,0.02025008769849604,-0.02123271452428814,0.9997740799937073,6,6,instant_velocity,dbscan_kmeans_fallback,False
3170,389,11.6955461419,11.9360925631,-0.016458371570000095,0.011407938430000009,-0.016176348326,0.022911340774000023,-0.017320618531847597,0.019399837376845648,-0.8218719187146404,0.5696714408327418,-1,-1,instant_velocity,dbscan_kmeans_fallback,False
3170,390,14.7363460458,8.81513836222,0.014353720479999943,-0.027135619226999984,0.012985697264000002,-0.028386196577599988,0.011921545102151012,-0.026468973135251393,0.46757723507317495,-0.8839518526111906,7,7,instant_velocity,dbscan_kmeans_fallback,False
3170,391,14.0405483933,9.76023116908,-0.0025255813199999365,-0.0229113407729999,-0.0042008835880000105,-0.02624780477239998,-0.0025292692432661613,-0.023580399278589993,-0.10956906384026201,-0.9939787485531794,7,7,instant_velocity,dbscan_kmeans_fallback,False
3170,392,14.5010460532,9.83636364519,-0.0006103488200000839,-0.0267537635510001,-0.0014816743720000147,-0.016305237516200003,-0.0013077467437960933,-0.017893538913366962,-0.022807625628084242,-0.9997394984943397,7,7,instant_velocity,dbscan_kmeans_fallback,False
3180,142,9.24762645184,9.4086852841,0.0002736046429999917,-0.0005727835200000087,0.00025676743380000035,-0.0005775567153999717,0.00025926994680564323,-0.0005767771263215264,0.4310187683902286,-0.9023255038279125,0,0,instant_velocity,dbscan_kmeans_fallback,False
3180,146,2.70405572847,5.12665115764,-0.023045929503999973,-0.00625288675300002,-0.029557719995799994,0.0012458041543999877,-0.02788017970556743,0.001252596211992549,-0.9651066654494737,-0.2618554692087217,1,1,instant_velocity,dbscan_kmeans_fallback,False
3180,147,3.1201452502,5.71590220314,-0.02578197592899998,-0.0035798969950000094,-0.02885055722739999,0.004214732063,-0.02811687362029896,0.003041539803845796,-0.990496776139949,-0.13753315270425576,1,1,instant_velocity,dbscan_kmeans_fallback,False
3180,148,3.02711967174,6.83497800399,-0.029822906034000018,0.003317371215999998,-0.04372623117580001,0.014753948818199998,-0.04189541486753797,0.014056037353546505,-0.9938698076082364,0.1105537833386253,1,1,instant_velocity,dbscan_kmeans_fallback,False
3180,149,2.99912781216,7.38771410013,-0.03550546399400001,0.006682474391999982,-0.04284648701760001,0.0148064539742,-0.04225129977376412,0.014266495342818961,-0.9827453442139484,0.1849622525050423,1,1,instant_velocity,dbscan_kmeans_fallback,False
3180,150,9.46608923563,6.56720170871,-0.041503719618000014,0.005441443432999992,-0.04433237069140002,0.003269639255999994,-0.04258889229837607,0.005142901683882952,-0.9915144285356302,0.1299948468604254,2,2,instant_velocity,dbscan_kmeans_fallback,False
3180,151,9.39242644726,5.94382231186,-0.043229533517000006,0.004510670214000001,-0.04442918464279998,0.003408061939800007,-0.04343734134535546,0.004846546436573378,-0.994600161028129,0.10377889734630018,2,2,instant_velocity,dbscan_kmeans_fallback,False
3180,152,11.1546508102,4.55052640114,-0.049753951910000004,0.007971237310999957,-0.049328812394000006,0.010453299227600006,-0.04533743910738762,0.009256634665231135,-0.9874075807826985,0.15819567786970695,2,2,instant_velocity,dbscan_kmeans_fallback,False
3180,153,11.1626484843,3.02954749756,-0.05880395163000003,0.008424690930000001,-0.055747998237999995,0.007890092978399998,-0.05015782987302115,0.007130954197980281,-0.9898923876073691,0.141819336768811,2,2,instant_velocity,dbscan_kmeans_fallback,False
3180,154,11.93189846,3.56366812932,-0.0510377890800001,0.004176546494999966,-0.04983813796,0.0073411754392,-0.041795417735795426,0.005224042732703367,-0.9966682548688368,0.08155978896392597,2,2,instant_velocity,dbscan_kmeans_fallback,False
3180,232,12.4492216995,7.91992545349,0.0006734883500000066,0.00011932990000005362,0.0006692790500000001,0.0001193298998000003,0.0006687909839095771,0.00011872312153520364,0.984649072496989,0.17446192700469146,0,0,instant_velocity,dbscan_kmeans_fallback,False
3180,233,13.3655867868,8.09319246808,0.00404093011000004,0.004725464034000026,0.005543650987999982,0.006248113556400004,0.005089825608190748,0.00574498136584908,0.6499120993312941,0.7600072673990029,0,0,instant_velocity,dbscan_kmeans_fallback,False
3180,238,12.599914718,8.46955897223,0.00039988371000010403,0.00016706186000003953,0.00040409301200000413,0.00016706185980002174,0.00040170598658291555,0.0001670536945514125,0.9226917779116667,0.3854785798216845,0,0,instant_velocity,dbscan_kmeans_fallback,False
3180,248,11.8365577653,5.32497745121,0.0005893023000000496,0.0002863917600000043,0.0006019302119999992,0.00028161856379998795,0.0006011129864698415,0.0002797963450244459,0.8993989122314984,0.4370938946208873,3,3,instant_velocity,dbscan_kmeans_fallback,False
3180,249,12.2880054255,4.90183362631,0.00027360463999990257,0.00023865979900001834,0.00027360464200000935,0.00023388660360000203,0.00027308382370316885,0.00023352463623047565,0.7535709353473579,0.6573247002036233,3,3,instant_velocity,dbscan_kmeans_fallback,False
3180,256,4.12911498574,4.17606917539,0.0006945348610000402,0.0013126288990000568,-0.0037083952315999902,0.0011837526066000058,-0.002565561746819509,0.001437176450628478,0.46768136839177854,0.883889512458763,-1,-1,instant_velocity,dbscan_kmeans_fallback,False
3180,259,7.1587602388,9.17766259798,0.0024203487600000352,-0.00014319588000013538,0.002411930156200004,-0.0001527422718000082,0.002845283425786988,0.00012313741401575806,0.9982503144613404,-0.05905980766164518,0,0,instant_velocity,dbscan_kmeans_fallback,False
3180,260,0.519427890556,6.10348571787,0.0,0.0,0.0,0.0,0.0,0.0,0.0,0.0,-1,-1,instant_velocity,dbscan_kmeans_fallback,False
3180,324,14.203027458,6.4939331502,0.03426371984999985,-0.0018854124179999766,0.03360706870599998,-0.0026777629527999914,0.03402832609219254,-0.0026745148033020406,0.9984891808858668,-0.054943360181625066,4,4,instant_velocity,dbscan_kmeans_fallback,False
3180,325,13.9100600254,6.89726821172,0.026708022410000077,0.0,0.03204962689399998,-0.004773195994199995,0.029988695316114138,-0.003547570049901292,0.9999996255808048,0.0,4,4,instant_velocity,dbscan_kmeans_fallback,False
3180,328,11.0915112773,9.11680434905,0.027528836339999963,0.016515258139999923,0.03618316164759999,0.017088041659399984,0.03478241179872245,0.014933730372843037,0.8575207425975537,0.5144487856112209,-1,-1,instant_velocity,dbscan_kmeans_fallback,False
3180,329,6.47117072566,9.83206776879,0.0009049999720000202,-0.002243402117999871,-0.0006229767243999973,-0.00846287649819999,-0.0007599322862696298,-0.007651263495940741,0.37410984601035707,-0.9273799412937683,0,0,instant_velocity,dbscan_kmeans_fallback,False
3180,330,6.22408468696,10.2759749963,-0.01820523198199995,-0.018710928289999984,-0.016950859929199993,-0.015212175632000004,-0.0153365571170085,-0.014480442705405345,-0.697354780373744,-0.7167255710425942,-1,-1,instant_velocity,dbscan_kmeans_fallback,False
3180,331,6.68942304434,10.9439837757,-0.009870813640999999,-0.007470051730000015,-0.009870813640999999,-0.007470051730000015,-0.009326769751566901,-0.005888443691409015,-0.7973961472355336,-0.6034548605406241,0,0,instant_velocity,dbscan_kmeans_fallback,False
3180,354,11.6656600963,8.12803679884,-0.0013259301899999798,-0.0006682474390000692,-0.0013427674000000068,-0.0006777938312000131,-0.0013243302743425596,-0.0007886987853736089,-0.8929936080469137,-0.45005438153632416,0,0,instant_velocity,dbscan_kmeans_fallback,False
3180,355,11.5631635879,8.77480485606,-0.0016205813499999167,-0.002052474278000105,-0.0016289999500000007,-0.0020572474736000146,-0.0020954495702837704,-0.0026446193090540557,-0.619690661378844,-0.7848412810606612,0,0,instant_velocity,dbscan_kmeans_fallback,False
3180,376,4.56898706486,10.0053347834,-0.002904418513000007,0.02441489751199999,-0.005135348674800006,0.0237705160518,-0.0048727532432862606,0.02319731016093107,-0.11812794608369738,0.9929979732698823,-1,-1,instant_velocity,dbscan_kmeans_fallback,False
3180,388,12.4008147242,13.3716312583,-0.00046302325000002753,0.020835000510000156,-0.0035821161659999844,0.020257443798000027,-0.004229214375713433,0.020425561541947274,-0.022217841165083997,0.9997526733389739,-1,-1,instant_velocity,dbscan_kmeans_fallback,False
3180,389,11.51917638,12.0924147319,-0.01763697619000002,0.015632216879999918,-0.015178743706000013,0.02164644383399999,-0.017415525829293323,0.01826955122779193,-0.7483583631183961,0.6632939858965975,-1,-1,instant_velocity,dbscan_kmeans_fallback,False
3180,390,14.8798832505,8.54402082974,0.014353720470000119,-0.02711175324799999,0.014450534426000026,-0.028243000698199978,0.012651197712505745,-0.02666180716907597,0.46789875407131626,-0.88378170606997,5,5,instant_velocity,dbscan_kmeans_fallback,False
3180,391,14.0298146727,9.58791879369,-0.001073372059999933,-0.017231237539000153,-0.003312720825999982,-0.02391371193220003,-0.002092500088286293,-0.02167565075671304,-0.06217167885770208,-0.9980648896297571,5,5,instant_velocity,dbscan_kmeans_fallback,False
3180,392,14.5010460532,9.54281209154,0.0,-0.02935515536499995,-0.0016247906459999938,-0.02036722730720001,-0.0009154227206572652,-0.02133202384885686,0.0,-0.99999965934445,5,5,instant_velocity,dbscan_kmeans_fallback,False
3190,142,9.25015203315,9.40295744891,0.00025255813099995806,-0.0005727835190000973,0.00025676743380000035,-0.0005775567154000071,0.0002572564020639377,-0.0005755790441250977,0.40344590345022285,-0.9149860405976418,0,0,instant_velocity,dbscan_kmeans_fallback,False
3190,146,2.47338596832,5.06412229012,-0.023066976015000008,-0.006252886751999931,-0.027646696800399998,-0.000959412394800001,-0.026436218598397204,-0.0009990486772051953,-0.9651670232685376,-0.2616329114548241,1,1,instant_velocity,dbscan_kmeans_fallback,False
3190,147,2.86232549091,5.68010323318,-0.02578197592900002,-0.0035798969960000094,-0.0273183712294,0.00031980413159999444,-0.02741640431290928,0.0010551087638920541,-0.9904967761347155,-0.13753315274194705,1,1,instant_velocity,dbscan_kmeans_fallback,False
3190,148,2.72910107651,6.86815171615,-0.029801859522999984,0.003317371215999998,-0.040316696400000004,0.012028453905400003,-0.038267348264176576,0.010834437512282552,-0.9938612259118266,0.1106309027795348,1,1,instant_velocity,dbscan_kmeans_fallback,False
3190,149,2.68343014773,7.40656822431,-0.031569766442999955,0.0018854124179999766,-0.0402493475646,0.012376897213200006,-0.039046839774534874,0.010552170465373266,-0.9982210768234272,0.059615848522360924,1,1,instant_velocity,dbscan_kmeans_fallback,False
3190,150,9.0455799466,6.62805995764,-0.042050928902999905,0.0060858248929999805,-0.04320848700599999,0.004343608354799997,-0.04242750327976322,0.00542577864661806,-0.9896887853580277,0.14323280848678505,2,2,instant_velocity,dbscan_kmeans_fallback,False
3190,151,8.95444855413,5.9987140658,-0.043797789313000025,0.005489175393999979,-0.04387776605540001,0.004214732063,-0.04354547573564883,0.005039335123801359,-0.9922373037449778,0.12435706637616,2,2,instant_velocity,dbscan_kmeans_fallback,False
3190,152,10.657111291,4.63000011444,-0.049753951920000004,0.007947371329999963,-0.04937932402000001,0.009341144560799996,-0.04666239295117133,0.008863855664661784,-0.9874814625821686,0.1577338394596406,2,2,instant_velocity,dbscan_kmeans_fallback,False
3190,153,10.6049159438,3.14816141802,-0.05577325405,0.011861392046000008,-0.056754021461999996,0.008859051765399997,-0.05184245712611481,0.0085500855523862,-0.9781245225163047,0.20801939261014754,2,2,instant_velocity,dbscan_kmeans_fallback,False
3190,154,11.4215205692,3.60543359427,-0.051037789079999916,0.004176546495000011,-0.05022539376000001,0.0063197114964,-0.04456812913905677,0.004909793861392359,-0.9966682548688368,0.08155978896392714,2,2,instant_velocity,dbscan_kmeans_fallback,False
3190,232,12.455956583,7.92111875249,0.0006734883500000066,0.0001193298999999648,0.0006692790500000001,0.0001193298998000003,0.000670200193736706,0.00011890515507463198,0.9846490724970113,0.17446192700456556,0,0,instant_velocity,dbscan_kmeans_fallback,False
3190,233,13.367901903,8.09820432388,0.00023151162000001335,0.000501185579999941,0.005227953324000012,0.005990360972799991,0.003632331411733527,0.004171842630094338,0.419342042748776,0.9078083636294076,0,0,instant_velocity,dbscan_kmeans_fallback,False
3190,238,12.6041240201,8.47122959083,0.000420930209999959,0.00016706185999986188,0.000404093010000004,0.00016706185979998623,0.00040747325360802856,0.00016705614418594732,0.9294504562086623,0.3688870941146144,0,0,instant_velocity,dbscan_kmeans_fallback,False
3190,248,11.8426612535,5.3278413688,0.0006103488199999063,0.0002863917590000042,0.0006019302139999993,0.00028161856359998794,0.000603883736528861,0.0002817749692171134,0.9052797064344427,0.42478110715902956,3,3,instant_velocity,dbscan_kmeans_fallback,False
3190,249,12.2907414719,4.90422022431,0.0002736046400000802,0.0002386598000000184,0.00027360464200000935,0.00023388660360000203,0.00027324006859224224,0.0002350651853613385,0.7535709339832477,0.657324701767544,3,3,instant_velocity,dbscan_kmeans_fallback,False
3190,256,4.13606033436,4.18919546437,0.0006945348619999514,0.001312628897999968,-0.00056404649380001,0.001274443330399997,-0.001587532764173671,0.001399812184839925,0.4676813691962049,0.8838895120331247,-1,-1,instant_velocity,dbscan_kmeans_fallback,False
3190,259,7.18296372641,9.17599197938,0.0024203487609999463,-0.00016706185999986188,0.002416139458599993,-0.00015274227179997267,0.0027178030263508754,3.607763181107206e-05,0.9976222183253128,-0.06885975527830915,0,0,instant_velocity,dbscan_kmeans_fallback,False
3190,260,0.818498811334,6.14739912102,0.029907092077800002,0.004391340315000036,0.029907092077800002,0.004391340315000036,0.008972127623340003,0.001317402094500011,0.9893909821659973,0.14527499015887707,-1,-1,instant_velocity,dbscan_kmeans_fallback,False
3190,324,14.5288274477,6.46314603604,0.03257999897000001,-0.0030787114159999797,0.03486144075799999,-0.0015894742659999927,0.03359382795553478,-0.0027957737871114226,0.9955645378372217,-0.09407783931566518,4,4,instant_velocity,dbscan_kmeans_fallback,False
3190,325,14.2274414107,6.85550274677,0.03173813852999992,-0.004176546495000011,0.031435068773999965,-0.003928340303199995,0.03051352828027987,-0.003736262983430908,0.9914520639707254,-0.13046907709547612,4,4,instant_velocity,dbscan_kmeans_fallback,False
3190,328,11.3667996407,9.28195693046,0.027528836339999963,0.01651525814100001,0.03293358035499999,0.0184818148898,0.0326063391611057,0.015408188703290129,0.8575207425838108,0.5144487856341289,-1,-1,instant_velocity,dbscan_kmeans_fallback,False
3190,329,6.48022072537,9.80963374762,0.0009049999709999313,-0.0022434021170001373,0.0003788371973999993,-0.0059760413856000125,-0.0002604526090887614,-0.0060289050822585595,0.37410984579818235,-0.9273799413793583,0,0,instant_velocity,dbscan_kmeans_fallback,False
3190,330,6.16410213071,10.194114685,-0.005998255625000048,-0.008186031129999983,-0.015342906491800009,-0.015436515843999991,-0.012535066669405964,-0.012592119232783736,-0.5910532931566692,-0.8066312874535855,0,0,instant_velocity,dbscan_kmeans_fallback,False
3190,331,6.59092537303,10.8695219181,-0.009849767130999965,-0.007446185759999935,-0.012278534495599996,-0.007746897100000006,-0.00948366896539682,-0.0063557663119862915,-0.7977054026482577,-0.6030459939687371,0,0,instant_velocity,dbscan_kmeans_fallback,False
3190,354,11.6521903293,8.12111566465,-0.0013469767000000132,-0.0006921134189999733,-0.0013427674000000068,-0.0006777938311999777,-0.0013311242020397956,-0.0007597231754615183,-0.8894476985350883,-0.45702252136564164,0,0,instant_velocity,dbscan_kmeans_fallback,False
3190,355,11.5467473094,8.75428011329,-0.0016416278499999492,-0.002052474277000016,-0.0016332092499999717,-0.0020572474736000146,-0.001959303054198624,-0.0024669757994378438,-0.6246111020857129,-0.7809310862748804,0,0,instant_velocity,dbscan_kmeans_fallback,False
3190,376,4.54478357725,10.2506770575,-0.0024203487610000352,0.024534227410000043,-0.004112488242200012,0.0240760005952,-0.004137031898600393,0.023598385335651763,-0.0981753106578288,0.9951687279693396,-1,-1,instant_velocity,dbscan_kmeans_fallback,False
3190,388,12.3963949569,13.5797426037,-0.00044197672999999325,0.020811134539999897,-0.0011701860100000161,0.020687031440000007,-0.003093043081999401,0.02054123344136306,-0.02123271452428814,0.9997740799937073,-1,-1,instant_velocity,dbscan_kmeans_fallback,False
3190,389,11.3255484792,12.3119817476,-0.019362790079999925,0.02195670157000009,-0.016420487852,0.019670340692000004,-0.017999705104505305,0.019375696330454377,-0.6614145331015834,0.7500200878783927,-1,-1,instant_velocity,dbscan_kmeans_fallback,False
3190,391,14.0205542079,9.42181157309,-0.0009260464800000534,-0.016610722059999895,-0.0023193255079999985,-0.02131709331019998,-0.0017425640058004212,-0.020156172147699096,-0.05566345434113362,-0.9984489860163518,5,5,instant_velocity,dbscan_kmeans_fallback,False
3190,392,14.5094646576,9.27264919827,0.0008418604400000973,-0.027016289326999933,-0.0011533487999999892,-0.023102268612599987,-0.00038823777246005636,-0.02303730349229978,0.031146086854273006,-0.99951447280123,5,5,instant_velocity,dbscan_kmeans_fallback,False
3200,142,9.25267761447,9.39722961372,0.00025255813200004696,-0.0005727835189999197,0.00025676743380000035,-0.0005775567151999894,0.00025584692104477046,-0.0005747403865875443,0.4034459047878674,-0.9149860400078438,0,0,instant_velocity,dbscan_kmeans_fallback,False
3200,146,2.24292667328,5.00159342259,-0.02304592950400002,-0.00625288675300002,-0.025731464302800003,-0.0031646289442000073,-0.02541913187007805,-0.002575200099943643,-0.9651066654494738,-0.2618554692087212,1,1,instant_velocity,dbscan_kmeans_fallback,False
3200,147,2.60471619673,5.62664343804,-0.02576092941799999,-0.005345979513999932,-0.025777766626799998,-0.003933113499399994,-0.026919761844436493,-0.0008652177194755418,-0.9791382181085905,-0.20319347840475976,1,1,instant_velocity,dbscan_kmeans_fallback,False
3200,148,2.43087201617,6.90132542831,-0.029822906034000018,0.003317371215999998,-0.036831394184600005,0.009150216721,-0.03573401559512361,0.008579317623397784,-0.9938698076082364,0.1105537833386253,1,1,instant_velocity,dbscan_kmeans_fallback,False
3200,149,2.36773248329,7.42542234848,-0.031569766444,0.0018854124169999764,-0.03761853369439999,0.009250453836799987,-0.03680371777537442,0.007952143050861279,-0.9982210768254212,0.059615848488971994,1,1,instant_velocity,dbscan_kmeans_fallback,False
3200,150,8.60318228616,6.71373882574,-0.04423976604400011,0.008567886810000046,-0.0425223707488,0.005918763032999994,-0.042971182109034285,0.006368411095632656,-0.9817574706030083,0.19013633287826395,2,2,instant_velocity,dbscan_kmeans_fallback,False
3200,151,8.51078810304,6.06315221172,-0.04436604510900004,0.006443814592000052,-0.0435704869952,0.005093000125800007,-0.04379164654765419,0.005460678964260967,-0.9896161532518298,0.14373386208160102,2,2,instant_velocity,dbscan_kmeans_fallback,False
3200,152,10.159782237,4.70947382775,-0.04973290539999997,0.007947371331000052,-0.049501393782,0.008859051765399997,-0.04758354668581992,0.008588910364563265,-0.987471063287847,0.15779892920886895,2,2,instant_velocity,dbscan_kmeans_fallback,False
3200,153,10.0602322401,3.28157224606,-0.054468370370000053,0.013341082804000015,-0.057334905164,0.010095309527800005,-0.05263023109928038,0.009987384727870346,-0.9712893509210847,0.23790048369830835,2,2,instant_velocity,dbscan_kmeans_fallback,False
3200,154,10.9111426783,3.64719905922,-0.0510377890900001,0.004176546495000011,-0.05061264956400002,0.0052982475536,-0.04650902712433977,0.004689819651474655,-0.9966682548701358,0.08155978894805288,2,2,instant_velocity,dbscan_kmeans_fallback,False
3200,155,14.8725169717,4.59539444348,0.0,0.0,0.0,0.0,0.0,0.0,0.0,0.0,3,3,instant_velocity,dbscan_kmeans_fallback,False
3200,232,12.4626914665,7.92231205149,0.0006734883500000066,0.0001193298999999648,0.0006692790500000001,0.0001193298998000003,0.0006711866406156962,0.00011903257855223182,0.9846490724970113,0.17446192700456556,0,0,instant_velocity,dbscan_kmeans_fallback,False
3200,233,13.3702170192,8.10321617967,0.00023151162000001335,0.0005011855790000297,0.004057767313999996,0.004725464034399991,0.0026120854742134724,0.0030706455147660456,0.4193420434382653,0.9078083633108804,0,0,instant_velocity,dbscan_kmeans_fallback,False
3200,238,12.6074914619,8.47051361143,0.0003367441800000037,-7.159793999989006e-05,0.00039146510400001945,0.0001193298998000003,0.0003862545315256211,9.545991893019609e-05,0.9781069277506225,-0.20796333028403075,0,0,instant_velocity,dbscan_kmeans_fallback,False
3200,248,11.8487647417,5.3307052864,0.0006103488200000839,0.0002863917600000043,0.0006061395160000061,0.00028161856359998794,0.0006058232615702278,0.0002831600064519807,0.9052797058641169,0.42478110837451116,3,3,instant_velocity,dbscan_kmeans_fallback,False
3200,249,12.2934775183,4.90636816251,0.00027360463999990257,0.00021479381999993662,0.0002736046419999738,0.00022911340780000346,0.0002733494400145403,0.00022898377575291794,0.7865488028836085,0.6174815675194967,3,3,instant_velocity,dbscan_kmeans_fallback,False
3200,256,4.14300568298,4.20232175335,0.0006945348620000403,0.001312628897999968,0.0006945348618000046,0.0013126288983999856,-0.0009029124763215575,0.0013736571987879378,0.46768136919625164,0.8838895120330998,-1,-1,instant_velocity,dbscan_kmeans_fallback,False
3200,259,7.20695674891,9.17456002058,0.0023993022500000015,-0.00014319588000013538,0.0024119301563999863,-0.000152742272000026,0.0026222527934456133,-1.770442173229018e-05,0.9982196021840418,-0.059576043146764374,0,0,instant_velocity,dbscan_kmeans_fallback,False
3200,260,1.11778019722,6.19131252417,0.029928138588600006,0.004391340314999948,0.029928138588600006,0.004391340314999948,0.015258930912918005,0.002239583560649992,0.9894056617566027,0.14517498164807233,-1,-1,instant_velocity,dbscan_kmeans_fallback,False
3200,324,14.8548379025,6.43235892188,0.03260104548000005,-0.003078711416000068,0.035168719818000016,-0.0012553505464000026,0.03329599321287437,-0.002880655075778016,0.9955702246809524,-0.09401764179726535,4,4,instant_velocity,dbscan_kmeans_fallback,False
3200,325,14.5782867484,6.78581408525,0.03508453377000009,-0.006968866151999986,0.031043603670000017,-0.0036037629758000024,0.031884829927195935,-0.004706043934001631,0.9808378287133065,-0.19482452267802514,4,4,instant_velocity,dbscan_kmeans_fallback,False
3200,328,11.7165926529,9.46142909984,0.034979301219999925,0.017947216938000034,0.032251673399999986,0.01832907261799999,0.03331822777877397,0.0161698971737031,0.8897230918989234,0.4565000668431921,-1,-1,instant_velocity,dbscan_kmeans_fallback,False
3200,329,6.48906025997,9.78719972645,0.0008839534599999865,-0.0022434021169999594,0.0005556278893999966,-0.004687278466999984,8.2869211637863e-05,-0.004893254192680979,0.36659084543945264,-0.930377803749629,0,0,instant_velocity,dbscan_kmeans_fallback,False
3200,330,6.13484748047,10.1385069516,-0.0029254650239999513,-0.005560773340000047,-0.012707883319199986,-0.01397114467599998,-0.009652186175784158,-0.010482715464948628,-0.46558892945136693,-0.8849993026928655,0,0,instant_velocity,dbscan_kmeans_fallback,False
3200,331,6.49221723662,10.7948214008,-0.009870813640999999,-0.007470051730000015,-0.01144930196359999,-0.007646659983999981,-0.009599812368077774,-0.006690051937390409,-0.7973961472355336,-0.6034548605406241,0,0,instant_velocity,dbscan_kmeans_fallback,False
3200,332,7.04342535873,10.96259924,0.0,0.0,0.0,0.0,0.0,0.0,0.0,0.0,0,0,instant_velocity,dbscan_kmeans_fallback,False
3200,354,11.6387205623,8.11443319026,-0.0013469767000000132,-0.0006682474390000692,-0.0013427674000000068,-0.0006777938312000131,-0.0013358799514278609,-0.0007322804545230835,-0.8958110898647936,-0.4444200605919934,0,0,instant_velocity,dbscan_kmeans_fallback,False
3200,355,11.5303310308,8.73375537051,-0.0016416278600001276,-0.002052474277999927,-0.0016332092520000075,-0.0020572474736000146,-0.001864000495939075,-0.002342625343006469,-0.6246111042205892,-0.7809310845673583,0,0,instant_velocity,dbscan_kmeans_fallback,False
3200,376,4.52079055476,10.4962579914,-0.0023993022490000015,0.024558093389999945,-0.003506348726200006,0.024247835651000003,-0.0036157130037202754,0.023886297751956217,-0.09723604260027392,0.99526094140361,-1,-1,instant_velocity,dbscan_kmeans_fallback,False
3200,389,11.1319205783,12.5315487634,-0.019362790089999925,0.021956701579999915,-0.01766223199999999,0.017699010748,-0.018408630600153693,0.02014999790531804,-0.6614145331242872,0.7500200878583712,-1,-1,instant_velocity,dbscan_kmeans_fallback,False
3200,391,14.0169763011,9.2466352801,-0.00035779068000003634,-0.01751762929900007,-0.0014816743700000147,-0.01943645408800002,-0.0013271320080603056,-0.019364609293089387,-0.020420335667737106,-0.9997909123528074,5,5,instant_velocity,dbscan_kmeans_fallback,False
3200,392,14.5515576795,9.09771156508,0.004209302189999953,-0.017493763319000166,0.0002904418520000007,-0.023360021196400033,0.0009910242162779466,-0.021374241440309895,0.2339402710785528,-0.9722503988317808,5,5,instant_velocity,dbscan_kmeans_fallback,False
3210,142,9.25520319578,9.39126311872,0.00025255813099995806,-0.0005966495000000905,0.00025676743360001806,-0.0005775567154000071,0.00025486028403132676,-0.0005813131206113082,0.38980349413815674,-0.920881299505095,0,0,instant_velocity,dbscan_kmeans_fallback,False
3210,146,1.97605691427,4.9118573379,-0.026686975901,-0.008973608469000017,-0.024544441084599997,-0.005913989836999995,-0.025799485079354634,-0.004494722610660555,-0.947849118745192,-0.31871827332025804,1,1,instant_velocity,dbscan_kmeans_fallback,False
3210,147,2.34689643743,5.57294498311,-0.025781975930000024,-0.005369845493000014,-0.025777766626999998,-0.004291103198799995,-0.026578426070105552,-0.0022166060515328833,-0.9789906572686886,-0.20390324554241349,1,1,instant_velocity,dbscan_kmeans_fallback,False
3210,148,2.10738714268,6.89941614992,-0.032348487349,-0.0001909278389999436,-0.03383016172120001,0.005532134157400001,-0.03471835712128653,0.005948243984678465,-0.999982273241129,-0.005902113827096215,1,1,instant_velocity,dbscan_kmeans_fallback,False
3210,149,2.05203481885,7.44427647266,-0.031569766444,0.0018854124180000653,-0.0349877198242,0.006047639324800009,-0.03523353237596209,0.0061321238610029145,-0.9982210768235393,0.05961584852048195,1,1,instant_velocity,dbscan_kmeans_fallback,False
3210,150,8.16057416062,6.79941769384,-0.04426081255399996,0.008567886809999958,-0.04270758004560001,0.006825670271799993,-0.043358071242523985,0.007028253809942847,-0.9817743441288154,0.19004918726232123,2,2,instant_velocity,dbscan_kmeans_fallback,False
3210,151,8.06712765195,6.12782901744,-0.044366045108999864,0.006467680571999956,-0.04379778931299999,0.005484402197399998,-0.04396396611605789,0.005762779446582664,-0.9895402998837203,0.1442551518181338,2,2,instant_velocity,dbscan_kmeans_fallback,False
3210,152,9.6994950422,4.78536764405,-0.04602871947999994,0.00758938162999998,-0.04888683566399998,0.008310134225999999,-0.047117098524073926,0.00828905174419428,-0.9866775186497201,0.16268695543502787,2,2,instant_velocity,dbscan_kmeans_fallback,False
3210,153,9.51554853639,3.4149830741,-0.05446837037099996,0.013341082803999971,-0.056463579610200015,0.011078587902799999,-0.053181672880796255,0.010993494150709233,-0.9712893509220939,0.23790048369418748,2,2,instant_velocity,dbscan_kmeans_fallback,False
3210,154,10.3515159518,3.75316401029,-0.05596267264999995,0.010596495106999981,-0.051980672776,0.005560773333200002,-0.04934512078203782,0.006461822288132253,-0.9825413204115456,0.18604355012280233,2,2,instant_velocity,dbscan_kmeans_fallback,False
3210,155,14.5465065169,4.47224598683,-0.03260104548000005,-0.012314845665000008,-0.03260104548000005,-0.012314845665000008,-0.009780313644000015,-0.003694453699500003,-0.935482305885747,-0.3533727231658488,-1,-1,instant_velocity,dbscan_kmeans_fallback,False
3210,232,12.46942635,7.92350535049,0.0006734883500000066,0.00011932990000005362,0.000669279048,0.00011932990000000032,0.0006718771534309894,0.00011912177498657836,0.984649072496989,0.17446192700469146,0,0,instant_velocity,dbscan_kmeans_fallback,False
3210,233,13.3723216703,8.10846669526,0.00021046510999997992,0.0005250515590001115,0.002521372014000001,0.0030405258482000086,0.0018915993649494245,0.0023069673280362653,0.37206139613312234,0.928189076486229,0,0,instant_velocity,dbscan_kmeans_fallback,False
3210,238,12.6100170432,8.46430845664,0.00025255812999986916,-0.0006205154790000833,0.00036199998799997247,-3.818556780000648e-05,0.0003461456110678955,-0.00011933270044888775,0.37697827059350647,-0.9262059873110158,0,0,instant_velocity,dbscan_kmeans_fallback,False
3210,248,11.8548682299,5.3333305442,0.0006103488199999063,0.00026252578000001136,0.0006061395159999705,0.00027684536779998937,0.0006071809290991314,0.00027696973851638987,0.9186139618540491,0.39511806847545294,3,3,instant_velocity,dbscan_kmeans_fallback,False
3210,249,12.2962135648,4.90875476051,0.00027360465000008104,0.0002386598000000184,0.0002736046440000095,0.00023388660380000204,0.00027342600301020255,0.00023188658302704808,0.753570945884708,0.6573246881243278,3,3,instant_velocity,dbscan_kmeans_fallback,False
3210,256,4.1499510316,4.21544804234,0.0006945348619999514,0.0013126288990000568,0.000694534861799987,0.0013126288984000034,-0.00042367827482510476,0.0013553487088515735,0.46768136891782003,0.8838895121804274,-1,-1,instant_velocity,dbscan_kmeans_fallback,False
3210,259,7.23116023651,9.17312806179,0.0024203487600000352,-0.00014319587899986886,0.002411930156200004,-0.00015274227179997267,0.00256168158341194,-5.5351858912563786e-05,0.998250314485663,-0.059059807250533586,0,0,instant_velocity,dbscan_kmeans_fallback,False
3210,260,1.416851118,6.23522592731,0.029907092078,0.0043913403140000366,0.029907092078,0.0043913403140000366,0.019653379262442604,0.0028851105866550056,0.9893909821708919,0.14527499012554212,-1,-1,instant_velocity,dbscan_kmeans_fallback,False
3210,325,14.9289216211,6.71636408354,0.03506348727000006,-0.0069450001709999935,0.03106044088000001,-0.003618082563599998,0.03283842713003717,-0.00537773080510114,0.9809429242838581,-0.19429467253023222,-1,-1,instant_velocity,dbscan_kmeans_fallback,False
3210,328,12.0985868268,9.64710642402,0.03819941739000008,0.018567732418000027,0.03248318502,0.01784220662660001,0.034782584662141805,0.01688924774699218,0.8993808693201029,0.43716539320245074,-1,-1,instant_velocity,dbscan_kmeans_fallback,False
3210,329,6.49811025969,9.76476570528,0.0009049999720000202,-0.0022434021169999594,0.0007366278838000006,-0.0033985155478000097,0.00032950843974651015,-0.004098298569976673,0.3741098461537642,-0.9273799412359154,0,0,instant_velocity,dbscan_kmeans_fallback,False
3210,330,6.10538236513,10.0831378781,-0.0029465115340000735,-0.0055369073499999645,-0.009656139229600012,-0.011336340485999977,-0.007640483783248933,-0.00899897303046403,-0.4697797440214752,-0.8827818549287726,0,0,instant_velocity,dbscan_kmeans_fallback,False
3210,331,6.43854863366,10.7487600595,-0.00536686029600002,-0.004606134129999972,-0.0097150694604,-0.006978412544000001,-0.008329926746454448,-0.006064876595173278,-0.7588384076236211,-0.6512767792959109,0,0,instant_velocity,dbscan_kmeans_fallback,False
3210,332,6.97102536102,10.8060384114,-0.0072399997710000715,-0.015656082859999997,-0.0072399997710000715,-0.015656082859999997,-0.002171999931300022,-0.004696824858,-0.41973243885279926,-0.9076472444144283,0,0,instant_velocity,dbscan_kmeans_fallback,False
3210,354,11.6307228881,8.01348009498,-0.0007997674200000305,-0.010095309527999951,-0.00123332554200001,-0.002558433052799991,-0.0011750461919995117,-0.0035411891765661442,-0.07897416935399615,-0.9968756721113353,0,0,instant_velocity,dbscan_kmeans_fallback,False
3210,355,11.5141252174,8.71323062774,-0.0016205813399999159,-0.002052474277000016,-0.0016332092500000073,-0.0020572474733999966,-0.0017909747491573272,-0.002255580023204533,-0.6196906592093983,-0.7848412827735873,0,0,instant_velocity,dbscan_kmeans_fallback,False
3210,376,4.47596148641,10.7158250071,-0.004482906834999944,0.021956701569999914,-0.003422162682399996,0.023865979970599974,-0.003875871153104176,0.023307418897369328,-0.2000433444305861,0.9797865930281235,-1,-1,instant_velocity,dbscan_kmeans_fallback,False
3210,389,11.0984566259,12.7246245413,-0.0033463952399999997,0.019307577790000075,-0.015233464633999994,0.01805222725,-0.013889959992107586,0.019897271870722648,-0.17077417229790698,0.9853096779341328,-1,-1,instant_velocity,dbscan_kmeans_fallback,False
3210,391,14.0169763011,9.06525383232,0.0,-0.018138144777999975,-0.0009765581079999919,-0.0184818148898,-0.0009289924056422138,-0.018996669938562562,0.0,-0.9999994486760024,4,4,instant_velocity,dbscan_kmeans_fallback,False
3210,392,14.5936507014,8.92277393189,0.004209302189999953,-0.01749376331899999,0.0017300231999999838,-0.02362254697620003,0.001956507608394549,-0.020210098003916925,0.23394027107855506,-0.9722503988317802,4,4,instant_velocity,dbscan_kmeans_fallback,False
3220,142,9.2577287771,9.38553528353,0.00025255813200004696,-0.0005727835189999197,0.00025676743380000035,-0.0005775567154000071,0.00025416963842194286,-0.0005787542401278916,0.4034459047878674,-0.9149860400078438,0,0,instant_velocity,dbscan_kmeans_fallback,False
3220,146,1.65425576166,4.78131042746,-0.032180115260999995,-0.013054691043999967,-0.025605185237,-0.00815739195419999,-0.027713674133848242,-0.007062713140662378,-0.92665176533971,-0.3759201110304275,1,1,instant_velocity,dbscan_kmeans_fallback,False
3220,147,2.08928714325,5.51948518797,-0.02576092941799999,-0.005345979514000021,-0.025773557324800002,-0.004644319702399997,-0.026333177074473885,-0.003155418090273025,-0.9791382181085898,-0.20319347840476304,1,1,instant_velocity,dbscan_kmeans_fallback,False
3220,148,1.74601854945,6.84547903518,-0.036136859322999995,-0.005393711474000007,-0.0315866036526,0.0008734948670000086,-0.03514390778180057,0.0025456573470749233,-0.9890434954721565,-0.14762254799541824,1,1,instant_velocity,dbscan_kmeans_fallback,False
3220,149,1.69929529512,7.38556616193,-0.03527395237300002,-0.005871031073000044,-0.0330977431396,0.0012935361143999913,-0.03524565837507347,0.002531177380802026,-0.9864297259827426,-0.16418232670202618,1,1,instant_velocity,dbscan_kmeans_fallback,False
3220,150,7.71817650019,6.88509656193,-0.04423976604299993,0.008567886809000048,-0.043258998632399986,0.007446185751000005,-0.043622579682666765,0.007490143709660007,-0.9817574706063484,0.19013633286101775,2,2,instant_velocity,dbscan_kmeans_fallback,False
3220,151,7.62346720086,6.19226716337,-0.04436604510900004,0.006443814593000053,-0.0440250916314,0.0058710310730000085,-0.04408458981394053,0.005967089990507881,-0.989616153248657,0.14373386210344594,2,2,instant_velocity,dbscan_kmeans_fallback,False
3220,152,9.24846831227,4.86054548096,-0.04510267299299997,0.007517783691000002,-0.048074440340599975,0.007794629058599991,-0.04651277086475174,0.008057671328235996,-0.9863913264590611,0.1644132406110096,2,2,instant_velocity,dbscan_kmeans_fallback,False
3220,153,8.97717878597,3.56963462431,-0.053836975041999934,0.01546515502100001,-0.0554701842926,0.012486680721000001,-0.05337826352915736,0.012334992411796466,-0.9611306214874203,0.2760934106185783,2,2,instant_velocity,dbscan_kmeans_fallback,False
3220,154,9.78662759759,3.86628875536,-0.056488835420999986,0.011312474506999992,-0.053112975064200006,0.006887721819799992,-0.05148823517372647,0.007917017953792575,-0.980531380339832,0.19636156703779864,2,2,instant_velocity,dbscan_kmeans_fallback,False
3220,155,14.2207065272,4.34909753018,-0.032579998969999836,-0.012314845665000008,-0.032579998969999836,-0.012314845665000008,-0.01662021924179996,-0.006280571289150005,-0.9354068280462009,-0.3535724703976632,-1,-1,instant_velocity,dbscan_kmeans_fallback,False
3220,232,12.4761612335,7.92445998969,0.000673488349999829,9.546391999997184e-05,0.0006734883499999711,0.00011455670400000173,0.0006723605124016413,0.0001120244184905964,0.9900884450414382,0.1403405479996148,3,3,instant_velocity,dbscan_kmeans_fallback,False
3220,233,13.3746367865,8.11347855106,0.00023151162000001335,0.000501185579999941,0.000989186016000012,0.0013508144664000099,0.0013935730414646012,0.001765232803625368,0.419342042748776,0.9078083636294076,3,3,instant_velocity,dbscan_kmeans_fallback,False
3220,238,12.6123321594,8.45786464204,0.00023151162000001335,-0.0006443814599998987,0.00032832556999998983,-0.00020047423179999412,0.00031175541374753085,-0.00027684732831419103,0.33811234322317296,-0.9410902371557959,3,3,instant_velocity,dbscan_kmeans_fallback,False
3220,248,11.8607612529,5.33619446179,0.0005893023000000496,0.0002863917590000042,0.0006019302119999992,0.0002816185636000057,0.0006018173403694069,0.0002797963446614742,0.899398912831494,0.437093893386266,4,4,instant_velocity,dbscan_kmeans_fallback,False
3220,249,12.2989496112,4.9111413585,0.00027360463999990257,0.00023865979900001834,0.0002736046419999738,0.00023388660360000203,0.00027347959410711255,0.00023391854781893914,0.7535709353473579,0.6573247002036233,4,4,instant_velocity,dbscan_kmeans_fallback,False
3220,256,4.15689638021,4.22857433132,0.0006945348610000402,0.001312628897999968,0.0006945348616000047,0.0013126288984000034,-8.821433407756122e-05,0.0013425327655960917,0.46768136867016336,0.8838895123114601,-1,-1,instant_velocity,dbscan_kmeans_fallback,False
3220,259,7.25536372412,9.17145744319,0.0024203487610000352,-0.00016706186000003953,0.0024161394584000105,-0.0001527422718000082,0.0025192817366883687,-8.886485923880651e-05,0.9976222183253078,-0.0688597552783795,0,0,instant_velocity,dbscan_kmeans_fallback,False
3220,260,1.72581389893,6.26123984548,0.030896278092999996,0.0026013918169999427,0.030896278092999996,0.0026013918169999427,0.02302624891160982,0.0027999949557584868,0.9964737982589426,0.08390068139738067,-1,-1,instant_velocity,dbscan_kmeans_fallback,False
3220,328,12.4805810008,9.83278374819,0.03819941740000008,0.018567732416999938,0.033287161738000004,0.017622639610799986,0.03580763448349929,0.01739279314799451,0.8993808693743574,0.437165393090833,-1,-1,instant_velocity,dbscan_kmeans_fallback,False
3220,329,6.5071602594,9.7423316841,0.00090499997100002,-0.0022434021180000483,0.0009007906691999956,-0.0022434021173999954,0.0005021558991225632,-0.0035418296343836856,0.37410984565480687,-0.9273799414371984,0,0,instant_velocity,dbscan_kmeans_fallback,False
3220,330,6.07612771489,10.0275301448,-0.0029254650239999513,-0.005560773330000046,-0.006600185837799994,-0.008711082688000004,-0.006225978155474238,-0.007967513120324834,-0.46558893010714064,-0.8849993023478672,0,0,instant_velocity,dbscan_kmeans_fallback,False
3220,331,6.39014165845,10.7060399553,-0.004840697520999982,-0.004272010420000072,-0.007959790445999992,-0.006252886754000002,-0.007283157978818108,-0.005527016742621316,-0.7497747001122896,-0.6616908653425739,0,0,instant_velocity,dbscan_kmeans_fallback,False
3220,332,6.89862536331,10.6494775828,-0.007239999770999983,-0.015656082859999997,-0.007239999770999983,-0.015656082859999997,-0.0036923998832100106,-0.0079846022586,-0.4197324388527951,-0.9076472444144303,0,0,instant_velocity,dbscan_kmeans_fallback,False
3220,354,11.6225147489,7.9125269997,-0.0008208139199998854,-0.01009530952800004,-0.0011280929859999844,-0.004443845470600021,-0.0010687765103996236,-0.005507425281996313,-0.08103896109887986,-0.996709943857751,3,3,instant_velocity,dbscan_kmeans_fallback,False
3220,355,11.4082612673,8.4962888698,-0.010586395009999982,-0.021694175793999904,-0.0034221626819999785,-0.005980814580799993,-0.004429600827410124,-0.008087158754443146,-0.43855295684008494,-0.898704887894342,5,5,instant_velocity,dbscan_kmeans_fallback,False
3220,376,4.38230451262,10.8750110935,-0.009365697378999994,0.01591860864000001,-0.004314534747399996,0.02227650570439998,-0.0055228190208729214,0.02109077582015853,-0.5070926551186484,0.8618909189989392,-1,-1,instant_velocity,dbscan_kmeans_fallback,False
3220,389,11.0828822078,12.9145977419,-0.0015574418099999932,0.0189973200599999,-0.012253278681999973,0.01957010357599998,-0.010190204537475309,0.019627286327505822,-0.08170801893034027,0.9966557832990316,-1,-1,instant_velocity,dbscan_kmeans_fallback,False
3220,391,14.0274995565,8.87695125034,0.0010523255400000763,-0.01883025819800004,-0.00026097673599998926,-0.017665598374800025,-0.0003345970219495267,-0.018946746416393805,0.05579772434582942,-0.9984415623826107,5,5,instant_velocity,dbscan_kmeans_fallback,False
3220,392,14.640794886,8.7468816595,0.004714418460000047,-0.01758922723899996,0.00279497665600001,-0.0217896397138,0.0027838808638761987,-0.019423836774441837,0.2588905930737522,-0.965906083698317,5,5,instant_velocity,dbscan_kmeans_fallback,False
3230,142,9.26025435841,9.37980744834,0.00025255813099995806,-0.0005727835190000973,0.0002525581313999936,-0.000577556715200025,0.0002536861861953474,-0.0005769630237895534,0.40344590345022285,-0.9149860405976418,0,0,instant_velocity,dbscan_kmeans_fallback,False
3230,146,1.33266507415,4.65076351702,-0.03215906875100001,-0.013054691044000056,-0.027427813086400007,-0.009517752812399997,-0.029047292518993774,-0.008860306511663682,-0.9265660483047989,-0.37613133595801174,1,1,instant_velocity,dbscan_kmeans_fallback,False
3230,147,1.83146738396,5.46578673304,-0.025781975929,-0.005369845493000014,-0.025773557324800005,-0.005002309401999998,-0.02616781673083172,-0.0038197463110911213,-0.9789906572671099,-0.2039032455499936,1,1,instant_velocity,dbscan_kmeans_fallback,False
3230,148,1.38464995623,6.79154192045,-0.03613685932199999,-0.005393711473000007,-0.032849394310199995,-0.0008687216707999923,-0.035441793243860396,0.0001638467010524438,-0.9890434954755561,-0.14762254797264143,1,1,instant_velocity,dbscan_kmeans_fallback,False
3230,149,1.34234646919,7.31802543861,-0.035694882593,-0.00675407233199996,-0.0331356268594,-0.0013937732303999973,-0.035380425640451435,-0.0002543975330385705,-0.9825650152643622,-0.18591783196646716,1,1,instant_velocity,dbscan_kmeans_fallback,False
3230,150,7.28377651392,6.95287594505,-0.04343999862699999,0.0067779383119999535,-0.04364625443419998,0.007713484726799997,-0.04356780536596673,0.007276482090361991,-0.9880449570407105,0.15416454834190854,2,2,instant_velocity,dbscan_kmeans_fallback,False
3230,151,7.23431721316,6.26195582488,-0.03891499877000006,0.006968866150999986,-0.043162184682000004,0.006362670260400005,-0.042533712500758394,0.006267622838655512,-0.9843407149520881,0.1762749301374505,2,2,instant_velocity,dbscan_kmeans_fallback,False
3230,152,8.79744158235,4.93548465807,-0.04510267299200006,0.007493917711000009,-0.047144184556999987,0.007699165138600001,-0.04608974150292623,0.0078885452430652,-0.9864758501157624,0.1639053376274957,2,2,instant_velocity,dbscan_kmeans_fallback,False
3230,153,8.45417298855,3.77416607267,-0.052300579741999975,0.020453144836000005,-0.05416950991499998,0.014892371502200002,-0.05305495839301014,0.014770438139057526,-0.9313169162398761,0.3642093428034085,2,2,instant_velocity,dbscan_kmeans_fallback,False
3230,154,9.22173924335,3.97941350042,-0.05648883542400007,0.011312474506000036,-0.054203184333000004,0.008314907422000006,-0.052988415248808554,0.008935654919454814,-0.9805313803451818,0.19636156701108418,2,2,instant_velocity,dbscan_kmeans_fallback,False
3230,155,13.8946960724,4.22571041373,-0.03260104548000005,-0.012338711645,-0.03260104548000005,-0.012338711645,-0.021414467113259988,-0.008098013395905004,-0.9352557815295627,-0.35397182000472377,-1,-1,instant_velocity,dbscan_kmeans_fallback,False
3230,156,14.6694181409,7.18365997137,0.0,0.0,0.0,0.0,0.0,0.0,0.0,0.0,3,3,instant_velocity,dbscan_kmeans_fallback,False
3230,157,14.9851158053,5.94262901286,0.0,0.0,0.0,0.0,0.0,0.0,0.0,0.0,3,3,instant_velocity,dbscan_kmeans_fallback,False
3230,232,12.482896117,7.92565328868,0.0006734883500000066,0.00011932989900005353,0.0006734883499999711,0.00011455670380000171,0.0006726988636811509,0.00011421606264343354,0.984649072748143,0.1744619255871777,3,3,instant_velocity,dbscan_kmeans_fallback,False
3230,233,13.3769519027,8.11872906665,0.00023151162000001335,0.0005250515589999338,0.00022730231800000667,0.0005107319713999914,0.0010449546150252248,0.0013931784302377375,0.40344531749260754,0.9149847118719339,3,3,instant_velocity,dbscan_kmeans_fallback,False
3230,238,12.6148577407,8.45165948725,0.0002525581300000468,-0.0006205154790000833,0.0002988604539999784,-0.0003579896996000187,0.00029399622862328565,-0.00037994777351995875,0.376978270593734,-0.9262059873109233,3,3,instant_velocity,dbscan_kmeans_fallback,False
3230,248,11.8668647411,5.33905837939,0.0006103488200000839,0.0002863917600000043,0.0006061395160000061,0.0002816185636000057,0.00060437678425861,0.0002817749692630332,0.9052797058641169,0.42478110837451116,3,3,instant_velocity,dbscan_kmeans_fallback,False
3230,249,12.3016856576,4.9132892967,0.0002736046400000802,0.00021479382000002544,0.00027360464200000935,0.00022911340780000346,0.00027351710787500285,0.00022818112947326505,0.7865488028836791,0.6174815675194066,3,3,instant_velocity,dbscan_kmeans_fallback,False
3230,256,4.16384172883,4.24170062031,0.0006945348619999514,0.001312628898999968,0.000694534861799987,0.0013126288983999856,0.0001466104247456926,0.0013335616056172545,0.46768136891784484,0.8838895121804144,-1,-1,instant_velocity,dbscan_kmeans_fallback,False
3230,259,7.27935674662,9.17002548439,0.0023993022500000015,-0.00014319587999995776,0.002411930156400004,-0.00015274227179997267,0.0024832878906818584,-0.0001051641654671519,0.9982196021840462,-0.05957604314669074,0,0,instant_velocity,dbscan_kmeans_fallback,False
3230,260,2.04151156337,6.27532077367,0.03156976644399998,0.0014080928190000285,0.03044167345628,0.003436701115999998,0.02558930417132687,0.0023824243147309494,0.9990064707722064,0.04455825924858104,-1,-1,instant_velocity,dbscan_kmeans_fallback,False
3230,328,12.770812387,9.84089818138,0.029023138619999854,0.0008114433190000269,0.03358602219399998,0.014481876646600007,0.03377228572444946,0.012418388199296164,0.999609045937054,0.027947565994074337,-1,-1,instant_velocity,dbscan_kmeans_fallback,False
3230,329,6.51621025912,9.71965900313,0.0009049999720000202,-0.0022672680970000415,0.0009007906691999956,-0.002248175313200029,0.0006230091209858003,-0.003159461173168592,0.3707155447640723,-0.9287420482987078,0,0,instant_velocity,dbscan_kmeans_fallback,False
3230,330,6.06034283167,9.97836622602,-0.0015784883220000268,-0.0049163918779999705,-0.0032748371058000103,-0.005952175405600002,-0.004831731205431974,-0.007052176747627375,-0.3056960429707533,-0.9521271217856473,0,0,instant_velocity,dbscan_kmeans_fallback,False
3230,331,6.34152421813,10.6630811914,-0.004861744032000015,-0.004295876389999976,-0.006957976524199996,-0.005618051685999994,-0.00655673379477268,-0.005157674636834914,-0.7493698851133906,-0.6621492977924838,0,0,instant_velocity,dbscan_kmeans_fallback,False
3230,332,6.82622536559,10.4929167542,-0.0072399997719999835,-0.015656082859999997,-0.0072399997719999835,-0.015656082859999997,-0.004756679849847003,-0.01028604643902,-0.41973243890055556,-0.907647244392344,0,0,instant_velocity,dbscan_kmeans_fallback,False
3230,354,11.6197787024,7.82159761601,-0.00027360465000008104,-0.009092938368999982,-0.0009176278780000047,-0.006128783656600003,-0.0008302249522797609,-0.006583079208097415,-0.03007614943332227,-0.9995465105361043,3,3,instant_velocity,dbscan_kmeans_fallback,False
3230,355,11.292505457,8.25762907009,-0.011575581029999959,-0.02386597997100015,-0.005413162617999987,-0.010343515719400002,-0.006573394888187074,-0.012820805119410248,-0.4364014430161134,-0.8997516471394061,-1,-1,instant_velocity,dbscan_kmeans_fallback,False
3230,376,4.28885800395,11.0339585202,-0.009344650867000048,0.015894742670000107,-0.005602581218200005,0.020572474736000004,-0.006669368574711059,0.019531965875111003,-0.5068104026512557,0.8620569186879615,-1,-1,instant_velocity,dbscan_kmeans_fallback,False
3230,389,11.0673077897,13.1045709425,-0.0015574418100001708,0.01899732006000008,-0.009037371806000003,0.020243124212000013,-0.007600375719232767,0.0194382964472541,-0.08170801893034874,0.9966557832990307,-1,-1,instant_velocity,dbscan_kmeans_fallback,False
3230,391,14.1327321114,8.62635846064,0.010523255489999883,-0.025059278969999887,0.002058348773999974,-0.019231206660999974,0.0029227587316352967,-0.02078050618247563,0.3871809964503511,-0.9220033297825017,4,4,instant_velocity,dbscan_kmeans_fallback,False
3230,392,14.7085646513,8.56788680971,0.006776976529999956,-0.017899484978999958,0.004150371962000001,-0.0194985056366,0.003981809563713325,-0.018966531235809273,0.35408379229560416,-0.9352131431245415,4,4,instant_velocity,dbscan_kmeans_fallback,False
3240,142,9.26277993973,9.37407961314,0.00025255813200004696,-0.0005727835200000087,0.0002525581316000114,-0.0005775567154000071,0.00025334776993675727,-0.00057570917265269,0.40344590419811555,-0.9149860402679092,0,0,instant_velocity,dbscan_kmeans_fallback,False
3240,146,1.01107438664,4.52021660657,-0.03215906875099998,-0.013054691044999966,-0.029246231633600003,-0.010878113671000006,-0.029980825388595637,-0.010118621871664568,-0.9265660482947586,-0.3761313359827457,1,1,instant_velocity,dbscan_kmeans_fallback,False
3240,147,1.57112204335,5.40779240171,-0.026034534061,-0.005799433132999976,-0.0258240689512,-0.005446216629399992,-0.026127831929882207,-0.004413652357663778,-0.976075564820161,-0.21742985519412356,1,1,instant_velocity,dbscan_kmeans_fallback,False
3240,148,1.023281363,6.73736614591,-0.036136859323000016,-0.005417577454,-0.0341163942702,-0.002615711404799992,-0.03565031306760228,-0.0015105805454632894,-0.9889479281795139,-0.14826141782264213,1,1,instant_velocity,dbscan_kmeans_fallback,False
3240,149,0.985608108376,7.25048471529,-0.0356738360814,-0.00675407233200005,-0.03395644078708,-0.0031216701804000022,-0.035468448772736,-0.0022042999727270142,-0.9825449727556782,-0.18602372338911177,1,1,instant_velocity,dbscan_kmeans_fallback,False
3240,150,6.86873931774,6.97936718282,-0.041503719618000014,0.0026491237770000175,-0.0435368125772,0.007026144503600004,-0.042948579641576716,0.005888274596353399,-0.9979689190454488,0.06369894593745574,2,2,instant_velocity,dbscan_kmeans_fallback,False
3240,151,6.85884745759,6.3328377854,-0.03754697555700002,0.007088196051999951,-0.04191202193080001,0.006682474391999999,-0.04103769141763088,0.006513794802658844,-0.9826429815789881,0.18550538356890647,2,2,instant_velocity,dbscan_kmeans_fallback,False
3240,152,8.34536252687,5.03190321716,-0.04520790554800005,0.009641855908999996,-0.0462349752826,0.008038062054400007,-0.04582519071644838,0.00841453844284564,-0.9780036470601752,0.2085867533371685,2,2,instant_velocity,dbscan_kmeans_fallback,False
3240,153,7.93095672602,3.97869752102,-0.052321626253000096,0.020453144835000003,-0.05347918435560001,0.01661072206,-0.05283495875100712,0.01647525014784027,-0.9313666036823613,0.3640822620360563,2,2,instant_velocity,dbscan_kmeans_fallback,False
3240,154,8.66653228416,4.09373154448,-0.055520695918999864,0.011431804405999956,-0.05509976570079999,0.009765959004199996,-0.053748099449865944,0.009684499765418356,-0.979453131991196,0.2016710425622689,2,2,instant_velocity,dbscan_kmeans_fallback,False
3240,155,13.7132751479,4.0837078329,-0.018142092450000112,-0.014200258082999984,-0.018142092450000112,-0.014200258082999984,-0.020432754714282023,-0.009928686802033498,-0.7874604433045185,-0.6163644880487681,-1,-1,instant_velocity,dbscan_kmeans_fallback,False
3240,156,14.3051030361,7.0827068761,-0.03643151047999993,-0.010095309527000041,-0.03643151047999993,-0.010095309527000041,-0.01092945314399998,-0.0030285928581000126,-0.9636849626805823,-0.267040752815253,-1,-1,instant_velocity,dbscan_kmeans_fallback,False
3240,157,14.7009879073,6.27675273246,-0.02841278979999995,0.03341237196,-0.02841278979999995,0.03341237196,-0.008523836939999986,0.010023711588,-0.6478107183608424,0.7618010351643577,-1,-1,instant_velocity,dbscan_kmeans_fallback,False
3240,232,12.4894205354,7.92684658768,0.0006524418400001508,0.0001193298999999648,0.000669279048,0.00011455670380000171,0.0006666217565768509,0.00011575021385039291,0.9836677040259333,0.17991024112522036,3,3,instant_velocity,dbscan_kmeans_fallback,False
3240,233,13.3792670189,8.12374092245,0.00023151162000001335,0.0005011855800001186,0.00022730231800000667,0.0005107319714000269,0.0008009217165176614,0.0011255805751664517,0.4193420427486535,0.907808363629464,3,3,instant_velocity,dbscan_kmeans_fallback,False
3240,238,12.6171728569,8.44521567266,0.00023151162000001335,-0.0006443814589999874,0.00026097673599998926,-0.0005202783633999886,0.00027525084603630394,-0.00045927787916396734,0.33811234368784693,-0.9410902369888277,3,3,instant_velocity,dbscan_kmeans_fallback,False
3240,248,11.8729682293,5.34192229699,0.0006103488199999063,0.0002863917600000043,0.0006061395160000061,0.00028161856380000573,0.0006061683949809989,0.00028316000648412456,0.9052797058640694,0.42478110837461247,4,4,instant_velocity,dbscan_kmeans_fallback,False
3240,249,12.304421704,4.9156758947,0.00027360463999990257,0.0002386597999999296,0.0002736046419999738,0.00022911340779998567,0.00027354336751247277,0.0002313247306312644,0.7535709339831573,0.6573247017676473,4,4,instant_velocity,dbscan_kmeans_fallback,False
3240,256,4.17057661234,4.25458824949,0.0006734883510000067,0.0012887629180000637,0.000690325559599998,0.0013078557024000048,0.0003046738026219869,0.0013201219993320972,0.4631520864745506,0.8862710595609896,-1,-1,instant_velocity,dbscan_kmeans_fallback,False
3240,259,7.30356023423,9.16859352559,0.0024203487609999463,-0.00014319588000013538,0.002411930156400004,-0.00014796907580002738,0.002464406151777285,-0.00011657367982704695,0.9982503144627806,-0.0590598076373312,0,0,instant_velocity,dbscan_kmeans_fallback,False
3240,260,2.35720922781,6.28940170185,0.031569766444,0.0014080928180000285,0.03077420832952,0.002840051616599997,0.02738344285312881,0.002090124865711673,0.9990064707736149,0.044558259216999435,-1,-1,instant_velocity,dbscan_kmeans_fallback,False
3240,261,0.332324408099,5.52831560056,0.0,0.0,0.0,0.0,0.0,0.0,0.0,0.0,-1,-1,instant_velocity,dbscan_kmeans_fallback,False
3240,328,13.0612542383,9.84925127437,0.029044185130000066,0.0008353092989999312,0.033889091952,0.011345886878199991,0.03235385554611464,0.008943464529207294,0.9995863450128872,0.028748052851383828,-1,-1,instant_velocity,dbscan_kmeans_fallback,False
3240,329,6.52504979372,9.69722498196,0.0008839534599999865,-0.0022434021169999594,0.0008965813670000067,-0.0022481753131999935,0.0007012924226900562,-0.002884643456318002,0.36659084543945264,-0.930377803749629,0,0,instant_velocity,dbscan_kmeans_fallback,False
3240,330,6.05844864568,9.93564612187,-0.00018941859899994639,-0.004272010414999983,-0.00211306970059999,-0.005169371262600002,-0.003439037423502366,-0.006218126847839157,-0.04429582677525868,-0.9990161173401655,0,0,instant_velocity,dbscan_kmeans_fallback,False
3240,331,6.2929067778,10.6203610872,-0.004861744033000015,-0.004272010420000072,-0.005960371904600006,-0.004983216618000021,-0.006048236866240881,-0.004891975371784461,-0.7511967815637556,-0.6600759843645334,0,0,instant_velocity,dbscan_kmeans_fallback,False
3240,332,6.81380792413,10.4683347948,-0.0012417441460000234,-0.0024581959399998963,-0.0012417441460000234,-0.0024581959399998963,-0.0037021991386929094,-0.007937691289313969,-0.45088169680369894,-0.8925796510282853,0,0,instant_velocity,dbscan_kmeans_fallback,False
3240,354,11.6248298651,7.7459424595,0.0005051162700000944,-0.0075655156509999875,-0.0005472092839999831,-0.007503464103000006,-0.00042962258559580427,-0.006877810140968187,0.06661720939466037,-0.9977772846262747,3,3,instant_velocity,dbscan_kmeans_fallback,False
3240,355,11.2506229001,8.06192803432,-0.004188255690000098,-0.019570103577,-0.005922488186000017,-0.0138470415794,-0.00585785312873098,-0.014845594656687174,-0.2092739667991158,-0.9778565372708321,-1,-1,instant_velocity,dbscan_kmeans_fallback,False
3240,376,4.19520103017,11.1931446066,-0.009365697377999993,0.01591860864000001,-0.006991650941599996,0.018849350981999996,-0.007478267215697739,0.018447958704577702,-0.5070926550784275,0.8618909190226033,-1,-1,instant_velocity,dbscan_kmeans_fallback,False
3240,389,11.0517333715,13.2947828028,-0.001557441819999994,0.01902118602999998,-0.0054763021540000165,0.01965602110399999,-0.0057874955494629345,0.019313163322077866,-0.08160618323722534,0.9966641274301566,-1,-1,instant_velocity,dbscan_kmeans_fallback,False
3240,391,14.2331239686,8.38149350614,0.01003918572,-0.024486495450000055,0.004251395213999984,-0.020806361339000004,0.005057686828144708,-0.021892302962732958,0.37934416381545794,-0.9252552348689179,5,5,instant_velocity,dbscan_kmeans_fallback,False
3240,392,14.7761239515,8.38889195993,0.006755930020000101,-0.017899484978000046,0.0053331858780000015,-0.017675144766800023,0.004814045700599358,-0.018646417358466505,0.3531214594384546,-0.9355769287006285,5,5,instant_velocity,dbscan_kmeans_fallback,False
3250,142,9.26530552104,9.36835177795,0.00025255813099995806,-0.0005727835189999197,0.0002525581313999936,-0.0005775567154000071,0.0002531108782557175,-0.0005748314765568589,0.40344590345032755,-0.9149860405975956,0,0,instant_velocity,dbscan_kmeans_fallback,False
3250,146,0.689273234024,4.38943103633,-0.03218011526160001,-0.01307855702399996,-0.03107306878512,-0.012243247725199993,-0.03064061235049695,-0.011006602417365185,-0.9264122414377824,-0.37651000404692886,1,1,instant_velocity,dbscan_kmeans_fallback,False
3250,147,1.28762554069,5.31041920342,-0.028349650266000004,-0.009737319828999969,-0.026341813120800004,-0.0063244846923999985,-0.026794377430717546,-0.006010752599064636,-0.9457669936792827,-0.32484477285462987,1,1,instant_velocity,dbscan_kmeans_fallback,False
3250,148,0.661912769772,6.68342903118,-0.036136859322799995,-0.005393711473000007,-0.03537918492796,-0.004357927942599993,-0.0357962769441616,-0.002675519823724305,-0.9890434954760333,-0.14762254796944455,1,1,instant_velocity,dbscan_kmeans_fallback,False
3250,149,0.628659282451,7.18318265178,-0.0356948825925,-0.006730206350999968,-0.034781464016780006,-0.004844793933999991,-0.0355363789186652,-0.0035620718862089005,-0.982684835051046,-0.18528347027765632,1,1,instant_velocity,dbscan_kmeans_fallback,False
3250,150,6.45370212156,7.00609708039,-0.041503719618000014,0.0026729897570000106,-0.04298960329199998,0.005847165092999997,-0.0425151216345037,0.004923689144547382,-0.9979322764183777,0.06427045039811703,2,2,instant_velocity,dbscan_kmeans_fallback,False
3250,151,6.48337770201,6.40371974591,-0.03754697555799993,0.00708819605100004,-0.04054820802059998,0.006811350683799997,-0.0399904766597416,0.006686115177161202,-0.982642981584659,0.18550538353886817,2,2,instant_velocity,dbscan_kmeans_fallback,False
3250,152,7.89033695986,5.17820167438,-0.04550255670099999,0.014629845722000035,-0.0453889055428,0.009374556932600005,-0.045728400511813865,0.01027913062659196,-0.9520038324504675,0.30608542036489633,2,2,instant_velocity,dbscan_kmeans_fallback,False
3250,153,7.40774046349,4.18346762918,-0.052321626253000006,0.020477010815999997,-0.053049835532199996,0.0180379076624,-0.05268095900160498,0.01767577834828819,-0.9312224945584803,0.36445069579776573,2,2,instant_velocity,dbscan_kmeans_fallback,False
3250,154,8.19887881057,4.21974391873,-0.046765347359000134,0.012601237425000012,-0.0542452773546,0.011450897190199996,-0.051653273822606205,0.010559521063292852,-0.9655607680923539,0.26017684405492825,2,2,instant_velocity,dbscan_kmeans_fallback,False
3250,155,13.6278263134,3.92881762288,-0.00854488344999993,-0.015489021002000003,-0.024893813165999992,-0.013331536412,-0.016866393334997395,-0.01159678706202345,-0.4830431223667998,-0.8755959178367824,-1,-1,instant_velocity,dbscan_kmeans_fallback,False
3250,156,13.9407879314,6.98175378082,-0.03643151047000011,-0.010095309527999951,-0.03643151047000011,-0.010095309527999951,-0.018580070341800023,-0.005148607859069994,-0.9636849626549129,-0.2670407529078876,-1,-1,instant_velocity,dbscan_kmeans_fallback,False
3250,157,14.4168600093,6.61087645206,-0.02841278979999995,0.03341237196,-0.02841278979999995,0.03341237196,-0.014490522797999976,0.0170403096996,-0.6478107183608424,0.7618010351643577,-1,-1,instant_velocity,dbscan_kmeans_fallback,False
3250,232,12.4961554189,7.92803988668,0.0006734883500000066,0.0001193298999999648,0.000669279048,0.00011455670380000171,0.0006686817346037977,0.00011682411969526447,0.9846490724970113,0.17446192700456556,3,3,instant_velocity,dbscan_kmeans_fallback,False
3250,233,13.38137167,8.12875277824,0.00021046510999997992,0.0005011855790000297,0.000223093016,0.0005107319714000269,0.000623784734562357,0.0009382620763165252,0.3871740168524973,0.9219867074880231,3,3,instant_velocity,dbscan_kmeans_fallback,False
3250,238,12.6194879731,8.43877185807,0.00023151162000001335,-0.0006443814589999874,0.0002399302239999912,-0.0006348350672000081,0.00026212907822541676,-0.0005148089531147734,0.33811234368784693,-0.9410902369888277,3,3,instant_velocity,dbscan_kmeans_fallback,False
3250,248,11.8790717175,5.34454755478,0.0006103488200000839,0.0002625257790000113,0.0006061395160000061,0.0002768453676000071,0.0006074225224867244,0.0002769697382388906,0.9186139624003785,0.39511806720526355,4,4,instant_velocity,dbscan_kmeans_fallback,False
3250,249,12.3071577505,4.9180624927,0.00027360465000008104,0.0002386598000000184,0.0002736046440000095,0.00023388660380000204,0.00027356175225875525,0.00023352525144189064,0.753570945884708,0.6573246881243278,4,4,instant_velocity,dbscan_kmeans_fallback,False
3250,256,4.17752196096,4.26771453848,0.0006945348620000403,0.001312628898999968,0.000690325559599998,0.0013078557026000048,0.00042163212043540293,0.0013178740692324584,0.4676813689178916,0.8838895121803897,-1,-1,instant_velocity,dbscan_kmeans_fallback,False
3250,259,7.32776372183,9.16692290699,0.0024203487600000352,-0.00016706186000003953,0.0024161394584000105,-0.0001527422718000082,0.00245118893424411,-0.00013172013387894473,0.9976222183233519,-0.06885975530669483,0,0,instant_velocity,dbscan_kmeans_fallback,False
3250,260,2.69711037985,6.30419860943,0.03399011520399999,0.0014796907580000075,0.03158660365259999,0.0022577217052000085,0.029365444558390165,0.0019069946333981733,0.9990534911774674,0.04349176837944268,5,5,instant_velocity,dbscan_kmeans_fallback,False
3250,261,0.670541839267,5.57103570471,0.033821743116799995,0.004272010414999983,0.033821743116799995,0.004272010414999983,0.01014652293504,0.001281603124499995,0.9921168516308168,0.1253138700872744,5,5,instant_velocity,dbscan_kmeans_fallback,False
3250,328,13.3546426011,9.84543271758,0.029338836280000002,-0.0003818556789999761,0.03276099896400002,0.007680072354799989,0.03144934976628025,0.0061458684667451136,0.9999149701020784,-0.013014258854938125,-1,-1,instant_velocity,dbscan_kmeans_fallback,False
3250,329,6.53409979343,9.67479096078,0.00090499997100002,-0.0022434021180000483,0.0009007906692000134,-0.0022481753134000115,0.0007624046871830454,-0.002692271054822616,0.37410984565480687,-0.9273799414371984,0,0,instant_velocity,dbscan_kmeans_fallback,False
3250,330,6.05634399458,9.89292601772,-0.00021046511000006874,-0.004272010414999983,-0.0015700697178000133,-0.0049116186775999895,-0.0024704657294516764,-0.0056342919179874044,-0.049206262980087956,-0.9987862973302091,0,0,instant_velocity,dbscan_kmeans_fallback,False
3250,331,6.24428933748,10.5776409831,-0.004861744032000015,-0.004272010409999893,-0.0049585579828000095,-0.004343608353999997,-0.005692289015968621,-0.00470598588324909,-0.7511967822625912,-0.6600759835692236,0,0,instant_velocity,dbscan_kmeans_fallback,False
3250,332,6.80791490106,10.4587884028,-0.0005893023069999615,-0.0009546392000000737,-0.004710209153400004,-0.010076216743999993,-0.0027683300891850247,-0.0058427756625198,-0.5252766880770723,-0.8509210151193541,0,0,instant_velocity,dbscan_kmeans_fallback,False
3250,354,11.6300914928,7.67028730299,0.0005261627699999494,-0.0075655156509999875,-0.00017258138999999063,-0.008882917745399989,-0.00014288697891707815,-0.007084121793977727,0.06937982986191173,-0.997588994531217,3,3,instant_velocity,dbscan_kmeans_fallback,False
3250,355,11.2169484826,7.87100019455,-0.003367441750000033,-0.019092783976999962,-0.0062676509639999975,-0.017255103519200007,-0.005110729715111696,-0.01611975145278101,-0.1736915489927265,-0.9847995807347225,3,3,instant_velocity,dbscan_kmeans_fallback,False
3250,376,4.09565103331,11.3697528583,-0.009954999685999954,0.01766082516999994,-0.008502790428999986,0.017469897337999994,-0.008221286956788403,0.018211818644204375,-0.4910396387946323,0.8711366635689476,-1,-1,instant_velocity,dbscan_kmeans_fallback,False
3250,389,11.0361589534,13.4847560034,-0.0015574418099999932,0.0189973200599999,-0.00191523249800003,0.019064144799999988,-0.004518479427624052,0.019218410343454475,-0.08170801893034027,0.9966557832990316,-1,-1,instant_velocity,dbscan_kmeans_fallback,False
3250,391,14.2897390831,8.18889504777,0.005661511450000134,-0.019259845837,0.005455255640000018,-0.02115480464659999,0.005238834214701336,-0.021102565825013072,0.2820218013809274,-0.9594074771798913,3,3,instant_velocity,dbscan_kmeans_fallback,False
3250,392,14.8142181363,8.18006463518,0.0038094184799998486,-0.020882732474999877,0.005253209135999981,-0.018352938597999965,0.004512657534419506,-0.019317311893426517,0.17945798908216246,-0.9837651589552839,3,3,instant_velocity,dbscan_kmeans_fallback,False
3250,393,14.8588367396,9.80390591243,0.0,0.0,0.0,0.0,0.0,0.0,0.0,0.0,3,3,instant_velocity,dbscan_kmeans_fallback,False
3260,142,9.26783110236,9.36262394276,0.00025255813200004696,-0.0005727835189999197,0.0002525581316000114,-0.000572783519199973,0.00025294505437901634,-0.0005742170892897771,0.4034459047878674,-0.9149860400078438,0,0,instant_velocity,dbscan_kmeans_fallback,False
3260,146,0.367682546516,4.25888412589,-0.0321590687508,-0.013054691044000056,-0.032167487355079995,-0.0130594642402,-0.031096149270587865,-0.011621029005355646,-0.9265660483039838,-0.3761313359600202,1,1,instant_velocity,dbscan_kmeans_fallback,False
3260,147,1.00412903802,5.21304600514,-0.02834965026699998,-0.009737319828000057,-0.026855347988199996,-0.007197979559400007,-0.027260959281602277,-0.007128722767745262,-0.9457669936930515,-0.32484477281454294,1,1,instant_velocity,dbscan_kmeans_fallback,False
3260,148,0.300544176545,6.62925325664,-0.0361368593227,-0.005417577454,-0.0361368593227,-0.005403257865600004,-0.03589845165772312,-0.0034981371128070134,-0.9889479281793334,-0.14826141782384597,1,1,instant_velocity,dbscan_kmeans_fallback,False
3260,149,0.271710456527,7.11564192846,-0.0356948825924,-0.00675407233200005,-0.035606487246460004,-0.006572690884000015,-0.035583930020785644,-0.004519672019946245,-0.9825650152637909,-0.18591783196948664,1,1,instant_velocity,dbscan_kmeans_fallback,False
3260,150,6.03866492538,7.03258831816,-0.041503719618000014,0.0026491237770000175,-0.04243818470479999,0.004663412486400009,-0.042211701029552594,0.004241319534283173,-0.9979689190454488,0.06369894593745574,2,2,instant_velocity,dbscan_kmeans_fallback,False
3260,151,6.09885794673,6.47579500542,-0.03845197552800004,0.007207525951000005,-0.039365394104400014,0.006959319759600006,-0.03952892632021913,0.006842538409312843,-0.9828822102071091,0.1842336821338459,2,2,instant_velocity,dbscan_kmeans_fallback,False
3260,152,7.43552185796,5.32450013161,-0.04548151018999995,0.014629845722999945,-0.0452794636848,0.010782649751199998,-0.04565433341526969,0.011584345155514354,-0.9519625521768575,0.3062137825731843,2,2,instant_velocity,dbscan_kmeans_fallback,False
3260,153,6.93377303661,4.34122175679,-0.04739674268799998,0.01577541276100005,-0.0516355099956,0.018524773653800012,-0.05109569410752347,0.017105668672101747,-0.9488241547399394,0.3158042479239651,2,2,instant_velocity,dbscan_kmeans_fallback,False
3260,154,7.73101487187,4.34551763318,-0.0467863938699999,0.012577371445000018,-0.05241002159859999,0.011847072457800003,-0.050193209836824314,0.011164876177805002,-0.9657137607891068,0.25960839625173093,2,2,instant_velocity,dbscan_kmeans_fallback,False
3260,155,13.542587944,3.77416607267,-0.008523836940000074,-0.01546515502100001,-0.020078371458,-0.0139615982832,-0.014363626416498198,-0.012757297449716418,-0.48270095389557394,-0.8757845948164705,-1,-1,instant_velocity,dbscan_kmeans_fallback,False
3260,156,13.5771042219,6.88151666494,-0.036368370949999826,-0.010023711587999973,-0.036368370949999826,-0.010023711587999973,-0.023916560524259965,-0.0066111389777489885,-0.9640531053520125,-0.2657086372345301,-1,-1,instant_velocity,dbscan_kmeans_fallback,False
3260,157,14.2966844318,6.92900996508,-0.01201755775000013,0.031813351301999936,-0.01201755775000013,0.031813351301999936,-0.013748633283600022,0.02147222218031998,-0.3533793790533033,0.9354797840439097,-1,-1,instant_velocity,dbscan_kmeans_fallback,False
3260,232,12.5028903024,7.92923318568,0.0006734883500000066,0.00011932990000005362,0.000669279048,0.00011455670380000171,0.0006701237192226604,0.00011757585378670122,0.984649072496989,0.17446192700469146,3,3,instant_velocity,dbscan_kmeans_fallback,False
3260,233,13.3836867862,8.13400329383,0.00023151162000001335,0.0005250515589999338,0.00022730231800000667,0.0005107319713999914,0.0005061028001936539,0.0008142989211215478,0.40344531749260754,0.9149847118719339,3,3,instant_velocity,dbscan_kmeans_fallback,False
3260,238,12.6220135545,8.43256670328,0.00025255814000004764,-0.0006205154790000833,0.0002399302260000269,-0.0006348350672000081,0.00025925779675780604,-0.0005465209108803664,0.37697828339887024,-0.9262059820991515,3,3,instant_velocity,dbscan_kmeans_fallback,False
3260,248,11.8849647406,5.34741147238,0.0005893023099998729,0.0002863917600000043,0.0006019302139999993,0.0002816185636000057,0.0006019864587406689,0.0002797963447672247,0.8993989151475644,0.43709388862103915,4,4,instant_velocity,dbscan_kmeans_fallback,False
3260,249,12.3098937969,4.92044909069,0.0002736046400000802,0.00023865979900001834,0.00027360464200000935,0.00023388660360000203,0.0002735746185811527,0.00023506561570932894,0.7535709353475692,0.657324700203381,4,4,instant_velocity,dbscan_kmeans_fallback,False
3260,256,4.18446730957,4.28084082746,0.0006945348609999514,0.001312628897999968,0.000690325559399998,0.001307855702399987,0.0005035029426047674,0.0013163005178627113,0.46768136867011656,0.8838895123114847,-1,-1,instant_velocity,dbscan_kmeans_fallback,False
3260,259,7.35175674433,9.1654909482,0.0023993022500000015,-0.00014319587899986886,0.002411930156400004,-0.0001527422718000082,0.0024356229289708774,-0.00013516285741522197,0.9982196022087907,-0.05957604273208477,0,0,instant_velocity,dbscan_kmeans_fallback,False
3260,260,3.13424641254,6.32257541401,0.04371360326900002,0.0018376804579999905,0.0343479058908,0.0017469897339999997,0.033669892171573124,0.0018862003807787184,0.9991172982704194,0.04200199015813822,5,5,instant_velocity,dbscan_kmeans_fallback,False
3260,261,1.00875927044,5.61351714906,0.0338217431173,0.00424814443499999,0.0338217431173,0.00424814443499999,0.017249088989717998,0.0021715655176499935,0.9922036577607697,0.12462469579065075,5,5,instant_velocity,dbscan_kmeans_fallback,False
3260,328,13.6764437537,9.73302395191,0.032180115259999906,-0.01124087656699988,0.03155713853799998,0.001718350557800008,0.031668579414396145,0.0009298449566216148,0.9440606409099807,-0.32977101077766374,-1,-1,instant_velocity,dbscan_kmeans_fallback,False
3260,329,6.54314979315,9.65235693961,0.0009049999719999314,-0.0022434021169999594,0.0009007906691999956,-0.0022481753134000115,0.0008051832726281112,-0.002557610373475819,0.37410984615373266,-0.9273799412359282,0,0,instant_velocity,dbscan_kmeans_fallback,False
3260,330,6.0544498086,9.85020591357,-0.0001894185979999463,-0.004272010414999983,-0.0010186511305999878,-0.004658639290599993,-0.0017861515900161572,-0.005225607467091178,-0.04429582654186599,-0.999016117350514,0,0,instant_velocity,dbscan_kmeans_fallback,False
3260,331,6.19567189716,10.5346822192,-0.0048617440319999265,-0.004295876389999976,-0.00485753472999999,-0.004281556805999997,-0.005443125520778013,-0.004582953035274356,-0.7493698851133845,-0.6621492977924905,0,0,instant_velocity,dbscan_kmeans_fallback,False
3260,332,6.80181141288,10.4490033511,-0.0006103488179999949,-0.000978505169999977,-0.003384278962799989,-0.007140701205999989,-0.0021209357078295155,-0.004383494514763853,-0.5292353444231573,-0.8484648538547384,0,0,instant_velocity,dbscan_kmeans_fallback,False
3260,354,11.6351426554,7.59463214648,0.0005051162599999159,-0.0075655156509999875,8.839534599999865e-05,-0.008376958969999997,5.15139927580201e-05,-0.007228539951084406,0.06661720808164079,-0.9977772847139392,3,3,instant_velocity,dbscan_kmeans_fallback,False
3260,355,11.1935868554,7.64618266322,-0.0023361627199999903,-0.022481753132999938,-0.006410767240000012,-0.02134095929039999,-0.004278359616578184,-0.018028351956846687,-0.10335714921531,-0.9946438633303964,-1,-1,instant_velocity,dbscan_kmeans_fallback,False
3260,376,3.99336499003,11.5537595639,-0.010228604328000036,0.01840067055999999,-0.009651929927600006,0.01675869113600001,-0.008823482168151892,0.018268474218943058,-0.4858608167968483,0.8740356495576121,-1,-1,instant_velocity,dbscan_kmeans_fallback,False
3260,389,11.0205845353,13.674729204,-0.0015574418099999932,0.01899732006000008,-0.0015574418120000288,0.01900209325399999,-0.003630168142336834,0.019152083258418155,-0.08170801893033948,0.9966557832990315,-1,-1,instant_velocity,dbscan_kmeans_fallback,False
3260,391,14.3463541976,7.9960579296,0.005661511449999957,-0.019283711816999994,0.00658755793000001,-0.021383918054399997,0.005365637385290922,-0.020556909622609146,0.28170047836026013,-0.9595018735518659,6,6,instant_velocity,dbscan_kmeans_fallback,False
3260,392,14.8074832528,7.92660792788,-0.000673488349999829,-0.025345670730000068,0.004276651028000024,-0.019923320080199983,0.0029568137690937054,-0.021125819544398582,-0.026562739249121777,-0.9996467536450494,6,6,instant_velocity,dbscan_kmeans_fallback,False
3260,393,14.6483716299,10.0179837528,-0.021046510969999942,0.0214077840369999,-0.021046510969999942,0.0214077840369999,-0.006313953290999983,0.00642233521109997,-0.7010639019189782,0.7130979871110676,-1,-1,instant_velocity,dbscan_kmeans_fallback,False
3270,142,9.27035668368,9.35665744777,0.0002525581319998693,-0.0005966494990000016,0.0002525581315999759,-0.0005775567151999894,0.0002528289776652723,-0.0005809468122028444,0.3898034960010284,-0.920881298716539,0,0,instant_velocity,dbscan_kmeans_fallback,False
3270,147,0.720632535358,5.11567280686,-0.02834965026620001,-0.009737319827999968,-0.027373092157840003,-0.008076247622199996,-0.027587566576981595,-0.007911301885821674,-0.9457669936902362,-0.3248447728227395,-1,-1,instant_velocity,dbscan_kmeans_fallback,False
3270,150,5.66024865827,7.11946048525,-0.03784162671100004,0.008687216709000013,-0.041158556838400015,0.004687278466400002,-0.040900678733986826,0.005575088686698225,-0.974646884308694,0.22374748219478782,1,1,instant_velocity,dbscan_kmeans_fallback,False
3270,151,5.63183586847,6.55789397653,-0.04670220782600003,0.008209897110999976,-0.03983262664780002,0.007312536263199991,-0.0416809107719534,0.007252746019818982,-0.9848974369060983,0.17313756668662408,1,1,instant_velocity,dbscan_kmeans_fallback,False
3270,152,6.97881257007,5.45624034105,-0.04567092878900007,0.01317402094400002,-0.04539311484400002,0.011913897201800002,-0.04565931202738881,0.012061247892060055,-0.9608249881820481,0.2771550492504448,1,1,instant_velocity,dbscan_kmeans_fallback,False
3270,153,6.4722230512,4.48752021401,-0.046154998540999956,0.014629845721999945,-0.0500991146954,0.018357711794,-0.04961348543756642,0.016362921787071206,-0.9532582015037929,0.30215623143922826,1,1,instant_velocity,dbscan_kmeans_fallback,False
3270,154,7.26336139829,4.47153000743,-0.046765347358000045,0.012601237425000012,-0.050465323986,0.012104825041400006,-0.04916485109317703,0.011595784551963506,-0.9655607680909563,0.2601768440601156,1,1,instant_velocity,dbscan_kmeans_fallback,False
3270,155,13.4573495746,3.61927586265,-0.008523836939999896,-0.015489021002000003,-0.015267139052000011,-0.0145964333506,-0.012611689573548707,-0.013576814515401494,-0.48213018254973433,-0.8760989418001492,-1,-1,instant_velocity,dbscan_kmeans_fallback,False
3270,156,13.2142623729,6.78295016766,-0.03628418490000005,-0.009856649728000022,-0.03628418490000005,-0.009856649728000022,-0.027626847836981994,-0.007584792202824299,-0.9650266346849524,-0.26215083906377623,-1,-1,instant_velocity,dbscan_kmeans_fallback,False
3270,157,14.176298389,7.2473821379,-0.012038604279999986,0.03183721728200002,-0.012038604279999986,0.03183721728200002,-0.013235624582520011,0.02458172071082399,-0.3536886881709993,0.9353628837350295,-1,-1,instant_velocity,dbscan_kmeans_fallback,False
3270,232,12.5096251859,7.93042648468,0.000673488349999829,0.0001193298999999648,0.000669279048,0.0001193298998000003,0.0006711331084558109,0.0001181020676506803,0.9846490724970033,0.17446192700461013,2,2,instant_velocity,dbscan_kmeans_fallback,False
3270,233,13.3860019024,8.13901514963,0.00023151162000001335,0.000501185579999941,0.00022730231800000667,0.0005107319713999914,0.00042372544613556167,0.0007203649187850659,0.419342042748776,0.9078083636294076,2,2,instant_velocity,dbscan_kmeans_fallback,False
3270,238,12.6243286707,8.42612288868,0.00023151162000001335,-0.0006443814599998987,0.0002399302260000269,-0.0006348350672000081,0.00025093394373046823,-0.000575879075616226,0.33811234322317296,-0.9410902371557959,2,2,instant_velocity,dbscan_kmeans_fallback,False
3270,248,11.8910682287,5.35027538998,0.0006103488100000831,0.0002863917600000043,0.0006061395160000061,0.00028161856380000573,0.0006044951641184931,0.0002817749693370586,0.9052797031875552,0.4247811140782435,3,3,instant_velocity,dbscan_kmeans_fallback,False
3270,249,12.3126298433,4.92259702889,0.00027360463999990257,0.00021479382000002544,0.00027360464200000935,0.00022911340780000346,0.00027358362500677766,0.0002289840769965379,0.7865488028834844,0.6174815675196547,3,3,instant_velocity,dbscan_kmeans_fallback,False
3270,256,4.19141265819,4.29396711644,0.0006945348620000403,0.0013126288980000566,0.000690325559599998,0.0013078557024000048,0.0005608125184233493,0.0013151990319039148,0.467681369196227,0.8838895120331131,-1,-1,instant_velocity,dbscan_kmeans_fallback,False
3270,259,7.41742185853,9.12706672044,0.006566511419999976,-0.0038424227760000206,0.0032411626881999923,-0.0008878144550000045,0.003674889476279607,-0.001247340832990662,0.8630929076150604,-0.5050425764772677,0,0,instant_velocity,dbscan_kmeans_fallback,False
3270,260,3.57138244524,6.34095221859,0.04371360326999998,0.0018376804579999905,0.0369113709262,0.0015942474622000092,0.03668300550110118,0.0018716444039451,0.9991172982704597,0.042001990157179106,4,4,instant_velocity,dbscan_kmeans_fallback,False
3270,261,1.3469767016,5.65623725321,0.033821743116000016,0.004272010414999983,0.033821743116000016,0.004272010414999983,0.022220885227602606,0.00280169898685499,0.9921168516304484,0.1253138700901919,4,4,instant_velocity,dbscan_kmeans_fallback,False
3270,328,14.0348658354,9.59221467008,0.035842208170000056,-0.01408092818300002,0.031085696691999978,-0.004811381562199984,0.03292066804107732,-0.003573386985264876,0.9307507154006947,-0.3656536427016977,-1,-1,instant_velocity,dbscan_kmeans_fallback,False
3270,329,6.55219979286,9.62992291844,0.00090499997100002,-0.0022434021169999594,0.0009007906691999956,-0.0022481753131999935,0.0008351282821396839,-0.002463347896533061,0.37410984579823947,-0.9273799413793353,0,0,instant_velocity,dbscan_kmeans_fallback,False
3270,330,6.05255562261,9.80724714962,-0.0001894185990000352,-0.0042958763950000645,-0.0004714418456000047,-0.004405659903599996,-0.0013071316927113206,-0.004946688145463844,-0.04405021826746274,-0.9990269902152462,0,0,instant_velocity,dbscan_kmeans_fallback,False
3270,331,6.14726492194,10.491962115,-0.0048406975220000705,-0.004272010420000072,-0.004857534730200008,-0.004281556805999997,-0.00526239712114463,-0.004489670250692071,-0.7497747001801122,-0.6616908652657232,0,0,instant_velocity,dbscan_kmeans_fallback,False
3270,332,6.79591838981,10.4394569591,-0.0005893023070000503,-0.0009546392000000737,-0.0020541394700000024,-0.004200412474000004,-0.0016614456875806759,-0.003354837920334719,-0.5252766880771296,-0.8509210151193188,0,0,instant_velocity,dbscan_kmeans_fallback,False
3270,354,11.6755519565,7.499884206,0.00404093011000004,-0.009474794048000047,0.0010607441519999837,-0.008252855873999997,0.0012483388279306263,-0.007902416180159098,0.3923028919889187,-0.9198350391736361,2,2,instant_velocity,dbscan_kmeans_fallback,False
3270,355,11.1853787162,7.37100791415,-0.0008208139199998854,-0.02751747490700005,-0.004457651021999993,-0.02250561911300002,-0.0032410959076046944,-0.020875088841892694,-0.029815551938026104,-0.999555054199257,-1,-1,instant_velocity,dbscan_kmeans_fallback,False
3270,376,3.89128941187,11.7380049293,-0.010207557816000001,0.01842453654000007,-0.009820302015000006,0.017259876716000024,-0.009238704862506324,0.018315292915260163,-0.48461582277279486,0.8747265600145738,-1,-1,instant_velocity,dbscan_kmeans_fallback,False
3270,391,14.3861321033,7.85691926637,0.00397779056999994,-0.01391386632299998,0.007172650935999982,-0.020400639679399982,0.004949283340703627,-0.018563996632726395,0.2748742755961767,-0.9614794592558744,2,2,instant_velocity,dbscan_kmeans_fallback,False
3270,392,14.8009588344,7.67291256079,-0.0006524418400001508,-0.025369536708999975,0.0032032789679999852,-0.021479381974199983,0.0018740370863655482,-0.022398934693779002,-0.025709020142415474,-0.9996690743427464,2,2,instant_velocity,dbscan_kmeans_fallback,False
3270,393,14.4379065203,10.2318229333,-0.02104651095999994,0.021383918050000082,-0.02104651095999994,0.021383918050000082,-0.01073372059169997,0.010910810062770004,-0.7014614510515962,0.7127069286225064,-1,-1,instant_velocity,dbscan_kmeans_fallback,False
3270,394,14.8495762747,10.7458961419,0.0,0.0,0.0,0.0,0.0,0.0,0.0,0.0,2,2,instant_velocity,dbscan_kmeans_fallback,False
3270,395,15.032470455,9.52252600857,0.0,0.0,0.0,0.0,0.0,0.0,0.0,0.0,2,2,instant_velocity,dbscan_kmeans_fallback,False
3270,415,4.94235216934,-0.143195879828,0.0,0.0,0.0,0.0,0.0,0.0,0.0,0.0,5,5,instant_velocity,dbscan_kmeans_fallback,False
3270,416,5.75664167848,-0.164197942203,0.0,0.0,0.0,0.0,0.0,0.0,0.0,0.0,5,5,instant_velocity,dbscan_kmeans_fallback,False
3280,142,9.27288226499,9.35092961257,0.0002525581310001357,-0.0005727835200000087,0.0002525581316000114,-0.0005775567153999717,0.0002527477236657313,-0.0005784978245419937,0.40344590286081333,-0.9149860408575563,0,0,instant_velocity,dbscan_kmeans_fallback,False
3280,147,0.437346497802,5.01829960857,-0.028328603755599997,-0.009737319829000057,-0.027882417723159997,-0.008949742489400005,-0.027809877730567117,-0.00845910726877519,-0.9456928280688525,-0.32506062093080185,-1,-1,instant_velocity,dbscan_kmeans_fallback,False
3280,150,5.29782773949,7.23210791072,-0.03624209187799998,0.011264742546999962,-0.03971897548860001,0.005584639313400004,-0.039503102677190774,0.007281984844788746,-0.9549355278838181,0.2968124165350564,1,1,instant_velocity,dbscan_kmeans_fallback,False
3280,151,5.16502425532,6.63999294763,-0.046681161315,0.008209897109999975,-0.0413858591568,0.007560742454999989,-0.04318098593486738,0.00753989134687328,-0.9848841230395616,0.1732132853522039,1,1,instant_velocity,dbscan_kmeans_fallback,False
3280,152,6.51431607313,5.53022487896,-0.046449649693999985,0.007398453791000037,-0.04566251018440001,0.011894804417800007,-0.04589641332737216,0.01066240966174205,-0.9875512580571826,0.15729617762701445,1,1,instant_velocity,dbscan_kmeans_fallback,False
3280,153,6.01046260069,4.63381867124,-0.046176045050999995,0.014629845723000034,-0.04887420775720001,0.017193051971400006,-0.04858225332159649,0.015842998967849853,-0.9532978627306066,0.3020310778978766,1,1,instant_velocity,dbscan_kmeans_fallback,False
3280,154,6.82496257494,4.59085990729,-0.043839882335000004,0.011932989985999943,-0.04793553336819999,0.012228928137399987,-0.04756736046572392,0.011696946182174437,-0.9648939003244236,0.2626391458384778,1,1,instant_velocity,dbscan_kmeans_fallback,False
3280,155,13.4487205051,3.65746143061,-0.0008629069499999531,0.003818556796000028,-0.008919511345999992,-0.011364979662399995,-0.009087054786484082,-0.008358203121981036,-0.22041881733063012,0.9754027046418065,2,2,instant_velocity,dbscan_kmeans_fallback,False
3280,156,12.851420524,6.68414501057,-0.03628418489000005,-0.009880515709000014,-0.03635995233799999,-0.009990299216,-0.03022404895288741,-0.008273509254677014,-0.9648659002661354,-0.26274181750422615,-1,-1,instant_velocity,dbscan_kmeans_fallback,False
3280,157,14.0506507186,7.50250946379,-0.012564767039999935,0.02551273258900002,-0.01868930173399999,0.031197609018599994,-0.013034367319763988,0.024861024274276798,-0.44181554702887826,0.8971055228581931,-1,-1,instant_velocity,dbscan_kmeans_fallback,False
3280,158,14.9295530164,6.73665016651,0.0,0.0,0.0,0.0,0.0,0.0,0.0,0.0,3,3,instant_velocity,dbscan_kmeans_fallback,False
3280,159,0.30328022297,6.00205530299,0.0,0.0,0.0,0.0,0.0,0.0,0.0,0.0,-1,-1,instant_velocity,dbscan_kmeans_fallback,False
3280,232,12.5163600694,7.93161978368,0.0006734883500000066,0.00011932990000005362,0.000669279048,0.00011932990000000032,0.0006718396809190696,0.00011847041735549228,0.984649072496989,0.17446192700469146,3,3,instant_velocity,dbscan_kmeans_fallback,False
3280,233,13.3881065535,8.14426566522,0.00021046510999997992,0.0005250515590001115,0.000223093016,0.0005107319714000269,0.00035974734529488713,0.0006617709108495795,0.37206139613312234,0.928189076486229,3,3,instant_velocity,dbscan_kmeans_fallback,False
3280,238,12.6266437869,8.41991773389,0.00023151162000001335,-0.0006205154790000833,0.00023572092400002021,-0.0006348350672000081,0.0002451072466113318,-0.0005892699966313832,0.34955342421069585,-0.9369003182656954,3,3,instant_velocity,dbscan_kmeans_fallback,False
3280,248,11.8971717169,5.35313930757,0.0006103488200000839,0.0002863917590000042,0.0006061395160000061,0.0002816185636000057,0.0006062512608829704,0.0002831600062359423,0.9052797064344902,0.42478110715892825,2,2,instant_velocity,dbscan_kmeans_fallback,False
3280,249,12.3153658897,4.92498362689,0.0002736046400000802,0.0002386597999999296,0.00027360464200000935,0.00023388660379998428,0.00027358992950476843,0.00023188679389755538,0.7535709339833688,0.6573247017674051,2,2,instant_velocity,dbscan_kmeans_fallback,False
3280,256,4.19835800681,4.30709340543,0.0006945348620000403,0.001312628898999968,0.0006903255596000157,0.0013078557024000048,0.0006009292214963567,0.0013144279920327307,0.4676813689178916,0.8838895121803897,-1,-1,instant_velocity,dbscan_kmeans_fallback,False
3280,259,7.54517418008,9.03327341915,0.012775232155000005,-0.009379330129000074,0.0053163486691999925,-0.002735041304800028,0.006404992279895726,-0.003686937621793486,0.8060785981477836,-0.5918074278588049,0,0,instant_velocity,dbscan_kmeans_fallback,False
3280,260,4.02514522159,6.30658520743,0.045376277635000004,-0.0034367011159999626,0.0396726731644,0.0006252886752000108,0.03929098714127083,0.0002791407479615811,0.9971439512997773,-0.07552152597905702,-1,-1,instant_velocity,dbscan_kmeans_fallback,False
3280,261,1.65804413363,5.55242024033,0.031106743202999998,-0.010381701287999956,0.031106743202999998,-0.010381701287999956,0.024886642620221826,-0.0011533210956014943,0.9485659672309622,-0.31657857781797194,-1,-1,instant_velocity,dbscan_kmeans_fallback,False
3280,328,14.4475879154,9.4086852841,0.041272208,-0.018352938598000003,0.033535510568000006,-0.00864425794559999,0.035426130028754124,-0.008007252469085416,0.9137313397408519,-0.40631834316526355,-1,-1,instant_velocity,dbscan_kmeans_fallback,False
3280,329,6.56103932747,9.60748889726,0.0008839534609999866,-0.0022434021180000483,0.0008965813669999889,-0.0022434021173999954,0.0008497758357977747,-0.0023973641629731575,0.36659084565697647,-0.9303778036639219,0,0,instant_velocity,dbscan_kmeans_fallback,False
3280,330,6.05045097151,9.76452704548,-0.00021046510999997992,-0.004272010414000072,-0.00019783720319999532,-0.004276783610800017,-0.0009781317178979183,-0.004744284826024713,-0.049206262991556594,-0.9987862973296436,0,0,instant_velocity,dbscan_kmeans_fallback,False
3280,331,6.10180445826,10.4497193305,-0.004546046367999957,-0.004224278449999908,-0.004794395197399996,-0.004267237217999984,-0.005047491895201228,-0.0044100527104844215,-0.7325552600301397,-0.6807051991730647,0,0,instant_velocity,dbscan_kmeans_fallback,False
3280,332,6.79002536674,10.4296719073,-0.0005893023069999615,-0.0009785051799999778,-0.0007239999769999983,-0.0012648969379999997,-0.0013398026734064614,-0.0026419380982342965,-0.5159062077385722,-0.8566348556079393,0,0,instant_velocity,dbscan_kmeans_fallback,False
3280,354,11.7982531154,7.36074554276,0.012270115889999999,-0.01391386632399998,0.00356948826,-0.009217041464999997,0.004554871946551438,-0.009705851223311364,0.661414402492985,-0.7500199397917596,3,3,instant_velocity,dbscan_kmeans_fallback,False
3280,355,11.177381042,7.09559450528,-0.0007997674200000305,-0.027541340886999954,-0.0023024883000000076,-0.02324069129619998,-0.0025086973613232953,-0.022874964455424873,-0.02902655116196128,-0.9995782778016761,-1,-1,instant_velocity,dbscan_kmeans_fallback,False
3280,376,3.77595453179,11.9105559645,-0.01153348800799998,0.01725510351999997,-0.010258069443199992,0.017531948885999994,-0.00992713980615442,0.017997236096682107,-0.5557030797421082,0.8313802520696124,-1,-1,instant_velocity,dbscan_kmeans_fallback,False
3280,391,14.4086518701,7.77171771787,0.002251976680000034,-0.008520154850000062,0.005518395174000013,-0.01709281485540002,0.004140091342492549,-0.015550844097908495,0.25553611935507275,-0.9667983358838712,3,3,instant_velocity,dbscan_kmeans_fallback,False
3280,392,14.8015902297,7.43711667867,6.31395300001003e-05,-0.02357958821200006,0.001860511568000014,-0.022615402620800005,0.0013307678194559138,-0.02275313074924532,0.0026777090547827876,-0.9999959908352458,-1,-1,instant_velocity,dbscan_kmeans_fallback,False
3280,393,14.2274414107,10.4027033499,-0.02104651096000012,0.01708804165999993,-0.02104651096000012,0.01708804165999993,-0.013827557702190015,0.012763979541938981,-0.7763347851239418,0.6303202072551477,4,4,instant_velocity,dbscan_kmeans_fallback,False
3280,394,14.6624727923,10.9492342913,-0.01871034824000013,0.02033381494000004,-0.01871034824000013,0.02033381494000004,-0.00561310447200004,0.006100144482000012,-0.6771197580406593,0.7358723459129093,4,4,instant_velocity,dbscan_kmeans_fallback,False
3280,395,14.7563402312,9.70152085835,-0.027613022380000095,0.01789948497799987,-0.027613022380000095,0.01789948497799987,-0.00828390671400003,0.005369845493399961,-0.8391228318809189,0.5439414171057201,4,4,instant_velocity,dbscan_kmeans_fallback,False
3280,415,5.00380798135,0.0954639198854,0.006145581200999927,0.02386597997134,0.006145581200999927,0.02386597997134,0.0018436743602999784,0.0071597939914020015,0.24936881093347157,0.9684081704504638,5,5,instant_velocity,dbscan_kmeans_fallback,False
3280,416,5.78189749163,0.00763711359083,0.002525581314999936,0.017183505579382998,0.002525581314999936,0.017183505579382998,0.0007576743944999809,0.0051550516738149005,0.14541473466674437,0.9893702054374611,5,5,instant_velocity,dbscan_kmeans_fallback,False
3290,142,9.27561831142,9.34520177738,0.0002736046429999917,-0.0005727835190000973,0.00025676743380000035,-0.0005775567151999894,0.0002590047994660094,-0.0005767835328794248,0.4310187690028617,-0.9023255035352478,0,0,instant_velocity,dbscan_kmeans_fallback,False
3290,147,0.153849995136,4.92068775049,-0.028349650266600003,-0.00976118580799996,-0.02834544096428,-0.009742093024400003,-0.02797180949137698,-0.008849730830542621,-0.945522178059433,-0.3255566675013462,-1,-1,instant_velocity,dbscan_kmeans_fallback,False
3290,150,4.93540682072,7.34475533618,-0.036242091876999984,0.01126474254600005,-0.038666649940400005,0.00730776306720001,-0.038524799437133536,0.008476812155152138,-0.9549355278889642,0.2968124165184991,1,1,instant_velocity,dbscan_kmeans_fallback,False
3290,151,4.69800217706,6.72209191873,-0.046702207825999945,0.008209897110000064,-0.04321690561059999,0.007785082666600012,-0.04423735250220715,0.007740893075811315,-0.984897436909694,0.17313756666616947,1,1,instant_velocity,dbscan_kmeans_fallback,False
3290,152,6.04981957619,5.60444807667,-0.046449649693999985,0.007422319770999941,-0.045910859013599994,0.011450897190199996,-0.04606238423736051,0.009690382694519417,-0.9874723207656486,0.15779097104107587,1,1,instant_velocity,dbscan_kmeans_fallback,False
3290,153,5.56217191718,4.78727692245,-0.04482906835100007,0.015345825121,-0.0473756961768,0.016171588028600005,-0.04745629783041756,0.015693846813794897,-0.9461019448735923,0.3238683186317933,1,1,instant_velocity,dbscan_kmeans_fallback,False
3290,154,6.41560793671,4.70350733275,-0.04093546382299999,0.01126474254600005,-0.045018486949000014,0.012195515765400006,-0.04557779147290674,0.01156728509132212,-0.9641600490341108,0.2653204266224944,1,1,instant_velocity,dbscan_kmeans_fallback,False
3290,155,13.4487205051,3.71712638054,0.0,0.0059664949929999715,-0.00529109285599997,-0.0073316290472000036,-0.006360938350538857,-0.004060793687486733,0.0,0.9999983239769327,2,2,instant_velocity,dbscan_kmeans_fallback,False
3290,156,12.4595344898,6.56171253332,-0.03918860342000006,-0.012243247725000028,-0.03691137092600002,-0.010419886855599999,-0.032913415293021206,-0.009464430795773918,-0.9545018690976567,-0.29820411592861357,3,3,instant_velocity,dbscan_kmeans_fallback,False
3290,157,13.9243716528,7.75071565549,-0.012627906580000037,0.024820619169999957,-0.015532325090000007,0.029479258460599986,-0.012912429097834802,0.024848902742993745,-0.45345343723966003,0.8912795644908108,-1,-1,instant_velocity,dbscan_kmeans_fallback,False
3290,158,14.4894704722,6.54142645035,-0.04400825441999991,-0.01952237161599992,-0.04400825441999991,-0.01952237161599992,-0.013202476325999976,-0.005856711484799978,-0.9140952251924015,-0.40549907997503415,3,3,instant_velocity,dbscan_kmeans_fallback,False
3290,159,0.542158122395,6.04071819055,0.023887789942500005,0.0038662887560000137,0.023887789942500005,0.0038662887560000137,0.007166336982750003,0.0011598866268000042,0.9871533887959568,0.15977284029774438,-1,-1,instant_velocity,dbscan_kmeans_fallback,False
3290,232,12.5230949529,7.93281308268,0.0006734883500000066,0.0001193298999999648,0.0006734883499999711,0.00011932990000000032,0.0006723342816433507,0.00011872826214883403,0.9846490724970113,0.17446192700456556,4,4,instant_velocity,dbscan_kmeans_fallback,False
3290,233,13.3904216697,8.14927752102,0.00023151162000001335,0.000501185579999941,0.000223093016,0.0005107319713999914,0.00032127662770642504,0.000613595311594688,0.419342042748776,0.9078083636294076,4,4,instant_velocity,dbscan_kmeans_fallback,False
3290,238,12.6291693682,8.4134739193,0.00025255812999986916,-0.0006443814589999874,0.00023993022599999136,-0.0006348350672000081,0.000247342511627893,-0.0006058034353419645,0.36490632820698937,-0.9310287186893167,4,4,instant_velocity,dbscan_kmeans_fallback,False
3290,248,11.90306474,5.35576456537,0.0005893023099998729,0.00026252578000001136,0.0006019302139999993,0.0002768453676000071,0.0006011665756180412,0.000276969738365163,0.9134440266843854,0.40692629491257415,2,2,instant_velocity,dbscan_kmeans_fallback,False
3290,249,12.3181019362,4.92737022488,0.0002736046499999034,0.00023865979900001834,0.0002736046440000095,0.00023388660360000203,0.0002735943456533089,0.00023391869542829427,0.7535709472488181,0.657324686560407,2,2,instant_velocity,dbscan_kmeans_fallback,False
3290,256,4.20530335543,4.32021969441,0.0006945348619999514,0.0013126288980000566,0.0006945348618000046,0.0013126288984000034,0.0006290109136474351,0.0013138882638229284,0.4676813691961802,0.8838895120331377,-1,-1,instant_velocity,dbscan_kmeans_fallback,False
3290,259,7.67292650162,8.93948011787,0.012775232154000005,-0.009379330127999986,0.007387325347800004,-0.004582268154399998,0.008316064242127011,-0.005394655373655436,0.8060785981557874,-0.5918074278479032,0,0,instant_velocity,dbscan_kmeans_fallback,False
3290,260,4.48985218364,6.23689654591,0.046470696205000016,-0.006968866152000075,0.0426528591166,-0.00105010311880001,0.041444899860389586,-0.0018952613220269158,0.9889415684888034,-0.1483042430125237,-1,-1,instant_velocity,dbscan_kmeans_fallback,False
3290,261,1.96932203077,5.44860322746,0.031127789713999987,-0.010381701287000045,0.03273995245342,-0.001594247462000009,0.026758986748355272,-0.00392183515302106,0.9486302302635143,-0.3163859616407161,-1,-1,instant_velocity,dbscan_kmeans_fallback,False
3290,328,14.8605204604,9.22515589812,0.04129325450000003,-0.018352938598000003,0.035985324442,-0.012481907524999976,0.037186267370127896,-0.011110958307759792,0.9138082168323471,-0.40614541762194906,-1,-1,instant_velocity,dbscan_kmeans_fallback,False
3290,329,6.56419630411,9.58839611329,0.0003156976640000586,-0.0019092783969998806,0.0007829302078000034,-0.002176577373399979,0.0006895523842584599,-0.002250938433181174,0.16313332593261426,-0.9865987954659778,0,0,instant_velocity,dbscan_kmeans_fallback,False
3290,330,6.04855678553,9.72180694133,-0.00018941859800003513,-0.004272010414999983,-0.00019783720300001306,-0.004276783610800017,-0.0007415177819285533,-0.004602602502717294,-0.04429582654188673,-0.9990161173505132,0,0,instant_velocity,dbscan_kmeans_fallback,False
3290,331,6.08475678438,10.4132043811,-0.0017047673880000503,-0.0036514949400000773,-0.0041629998684000035,-0.004143134121999985,-0.004044674543040874,-0.004182485379339119,-0.42303447044756326,-0.9061108507578066,0,0,instant_velocity,dbscan_kmeans_fallback,False
3290,332,6.78413234367,10.4198868555,-0.0005893023070000503,-0.0009785051799999778,-0.0005935116092000037,-0.000968958786000016,-0.001114652563484538,-0.0021429082227640006,-0.5159062077386293,-0.856634855607905,0,0,instant_velocity,dbscan_kmeans_fallback,False
3290,354,11.9211647394,7.22136821973,0.012291162400000033,-0.013937732302999972,0.0059266974859999875,-0.010491484795399995,0.0068757590825860165,-0.010975415547217947,0.661414403100372,-0.7500199404867903,4,4,instant_velocity,dbscan_kmeans_fallback,False
3290,355,11.2817717364,7.01922336937,0.010439069439999926,-0.007637113591000055,0.0006229767259999974,-0.020854093298999992,0.0013756326790736715,-0.01830360919609743,0.8070750140965998,-0.5904476059423308,4,4,instant_velocity,dbscan_kmeans_fallback,False
3290,376,3.60884523475,12.0368069985,-0.01671092970400001,0.012625103399999916,-0.011727115908399997,0.016873247837999976,-0.011962276775508098,0.01638559628767745,-0.797888354627585,0.602804461347105,-1,-1,instant_velocity,dbscan_kmeans_fallback,False
3290,391,14.4311716368,7.68651616937,0.002251976670000033,-0.008520154849999972,0.003960953364000019,-0.013899546735400002,0.0035736569407447943,-0.013441637323535937,0.2555361182944518,-0.9667983361642055,4,4,instant_velocity,dbscan_kmeans_fallback,False
3290,392,14.8306344149,7.27244141687,0.0029044185200000072,-0.016467526180000025,0.0010902092679999952,-0.0223290108612,0.0018028630296191418,-0.02086744937847173,0.1736915353282309,-0.9847994996471908,4,4,instant_velocity,dbscan_kmeans_fallback,False
3290,393,14.0169763011,10.4721533516,-0.02104651095999994,0.006945000169999993,-0.02104651095999994,0.006945000169999993,-0.015993243679532993,0.011018285730357284,-0.9496328993093391,0.31336313461530463,5,5,instant_velocity,dbscan_kmeans_fallback,False
3290,394,14.4753693098,11.1525724406,-0.018710348249999953,0.020333814930000037,-0.018710348249999953,0.020333814930000037,-0.009542277605400015,0.010370245616400021,-0.6771197584169488,0.7358723455666629,5,5,instant_velocity,dbscan_kmeans_fallback,False
3290,395,14.4799995422,9.88051570814,-0.027634068899999954,0.017899484979000135,-0.027634068899999954,0.017899484979000135,-0.014088955369800007,0.009128737339080014,-0.8393119125621268,0.5436496169263617,5,5,instant_velocity,dbscan_kmeans_fallback,False
3290,415,5.06526379336,0.334123719599,0.006145581201000017,0.023865979971360002,0.006145581201000017,0.023865979971360002,0.00313424641250999,0.012171649785389402,0.249368810933279,0.9684081704505135,6,6,instant_velocity,dbscan_kmeans_fallback,False
3290,416,5.80715330479,0.179472169385,0.002525581316000025,0.017183505579417,0.002525581316000025,0.017183505579417,0.0012880464709499942,0.008763587845495531,0.14541473472282698,0.9893702054292182,6,6,instant_velocity,dbscan_kmeans_fallback,False
3300,142,9.27814389273,9.33947394219,0.00025255813099995806,-0.0005727835189999197,0.00025676743380000035,-0.0005775567151999894,0.000257070798926194,-0.0005755835287155732,0.40344590345032755,-0.9149860405975956,0,0,instant_velocity,dbscan_kmeans_fallback,False
3300,150,4.57656380881,7.45549348325,-0.035884301191000036,0.011073814706999929,-0.03754276625500001,0.008987928057199994,-0.03773264996329349,0.009255912920706474,-0.9555352403881354,0.2948760278692767,1,1,instant_velocity,dbscan_kmeans_fallback,False
3300,151,4.33558125829,6.82781821,-0.036242091876999984,0.010572629126999989,-0.0429559288744,0.0084819692818,-0.041838774314645,0.008590413891167917,-0.9599853691749363,0.2800492121171931,1,1,instant_velocity,dbscan_kmeans_fallback,False
3300,152,5.61184168306,5.6664996246,-0.043797789313000025,0.006205154793000034,-0.045569905536,0.009765959004399995,-0.045383005760052365,0.008644814324063601,-0.9901121455749597,0.1402764665087425,1,1,instant_velocity,dbscan_kmeans_fallback,False
3300,153,5.11935332653,4.94359909126,-0.044281859065,0.015632216881000006,-0.0457677427392,0.015202629241600008,-0.04650396620079229,0.01567535783395643,-0.9429679058760039,0.3328830163801094,1,1,instant_velocity,dbscan_kmeans_fallback,False
3300,154,6.0064637636,4.81639341802,-0.04091441731099996,0.011288608526999954,-0.04384830093939998,0.011932989985799995,-0.044178779224334705,0.011483682122025472,-0.9639810791379743,0.26596993786094797,1,1,instant_velocity,dbscan_kmeans_fallback,False
3300,155,13.4476681795,3.77225679427,-0.00010523255999999037,0.005513041373000016,-0.0036031626779999826,-0.0031312165721999997,-0.004484226613377196,-0.0011886431693407082,-0.019084421213603094,0.999816061971339,2,2,instant_velocity,dbscan_kmeans_fallback,False
3300,156,12.0386042706,6.4154140761,-0.04209302191999988,-0.014629845721999945,-0.038043673215999975,-0.011326794094399996,-0.035667297281114806,-0.011014055273641726,-0.9445745799095171,-0.3282962293195029,3,3,instant_velocity,dbscan_kmeans_fallback,False
3300,157,13.8258739815,8.0795888595,-0.009849767130000053,0.032887320400999974,-0.011819720556000028,0.02937424814879998,-0.011993630507484377,0.027260428040395614,-0.2869087336097418,0.9579576170212135,-1,-1,instant_velocity,dbscan_kmeans_fallback,False
3300,158,14.0495983931,6.34620273418,-0.04398720791000006,-0.01952237161700001,-0.04398720791000006,-0.01952237161700001,-0.0224378958012,-0.009956409524459989,-0.9140233004704911,-0.40566117710610927,3,3,instant_velocity,dbscan_kmeans_fallback,False
3300,159,0.78103602182,6.0793810781,0.023887789942499994,0.0038662887550000137,0.023887789942499994,0.0038662887550000137,0.012182772870675,0.0019718072652600074,0.9871533888024747,0.1597728402574748,-1,-1,instant_velocity,dbscan_kmeans_fallback,False
3300,232,12.5298298364,7.93400638167,0.0006734883500000066,0.00011932989899996472,0.0006734883499999711,0.0001193298998000003,0.0006726805021503475,0.00011890875320417325,0.9846490727481653,0.17446192558705184,2,2,instant_velocity,dbscan_kmeans_fallback,False
3300,233,13.3927367859,8.15428937681,0.00023151162000001335,0.0005011855790000297,0.00022730231800000667,0.0005107319713999914,0.00029434712539450156,0.0005798723918162905,0.4193420434382653,0.9078083633108804,2,2,instant_velocity,dbscan_kmeans_fallback,False
3300,238,12.6314844844,8.40726876451,0.00023151162000001335,-0.0006205154789999057,0.00023993022599999136,-0.0006300618711999917,0.0002425932441395291,-0.0006102170484393469,0.3495534242107837,-0.9369003182656628,2,2,instant_velocity,dbscan_kmeans_fallback,False
3300,248,11.9091682282,5.35862848297,0.0006103488200000839,0.0002863917600000043,0.0006019302139999993,0.00028161856380000573,0.000603921248932654,0.00027979634485561543,0.9052797058641169,0.42478110837451116,2,2,instant_velocity,dbscan_kmeans_fallback,False
3300,249,12.3206275175,4.92951816308,0.0002525581300000468,0.00021479382000002544,0.00026939534000000267,0.00022911340760000342,0.00026728348095733027,0.0002281812327998136,0.7617385854667963,0.6478379476986098,2,2,instant_velocity,dbscan_kmeans_fallback,False
3300,256,4.21224870405,4.3333459834,0.0006945348620000403,0.001312628898999968,0.0006945348618000046,0.0013126288984000034,0.0006486680981532167,0.0013135104543760402,0.4676813689178916,0.8838895121803897,-1,-1,instant_velocity,dbscan_kmeans_fallback,False
3300,259,7.85771486787,8.86406362116,0.01847883662500003,-0.007541649670999994,0.010599022920800004,-0.006057185716599989,0.011364895956988917,-0.0060387536628588034,0.9258600222424023,-0.37786534259899324,-1,-1,instant_velocity,dbscan_kmeans_fallback,False
3300,260,4.97181728468,6.19417644176,0.048196510104000015,-0.004272010414999983,0.04549413809660001,-0.002200443353400008,0.04347038293347272,-0.002608286049918836,0.9960945018497191,-0.08829116624925616,-1,-1,instant_velocity,dbscan_kmeans_fallback,False
3300,261,2.25471271942,5.31590837882,0.028539068865000017,-0.013269484863999991,0.03168341760306,-0.005102546517800004,0.0272930113833487,-0.006726130066314739,0.9067754982066313,-0.421613045801063,-1,-1,instant_velocity,dbscan_kmeans_fallback,False
3300,329,6.55872421126,9.5740765253,-0.0005472092849999832,-0.0014319587990000216,0.0004924883566000027,-0.0020142887095999738,0.0003185238834809269,-0.0020052445429268283,-0.3569619027914976,-0.9341119597597672,0,0,instant_velocity,dbscan_kmeans_fallback,False
3300,330,6.04645213443,9.67908683718,-0.00021046510999997992,-0.004272010414999983,-0.0001978372029999953,-0.004276783610800017,-0.0005822019803499813,-0.004503424876402101,-0.049206262980067236,-0.9987862973302101,0,0,instant_velocity,dbscan_kmeans_fallback,False
3300,331,6.0677091105,10.3764507719,-0.0017047673879999614,-0.0036753609199999815,-0.003531604539599993,-0.004023804224000002,-0.0033427023965286002,-0.004030348041537377,-0.4207751649012805,-0.907162236954259,0,0,instant_velocity,dbscan_kmeans_fallback,False
3300,332,6.7782393206,10.4103404635,-0.0005893023069999615,-0.000954639199999896,-0.0005935116092000037,-0.0009689587859999804,-0.000957047486539165,-0.001786427515934769,-0.5252766880771431,-0.8509210151193105,0,0,instant_velocity,dbscan_kmeans_fallback,False
3300,354,12.1573065924,7.05120378253,0.023614185299999944,-0.01701644372000004,0.010544301991999986,-0.012381670409200005,0.011897286947810195,-0.012787723999052576,0.8113021684856784,-0.5846264655994958,-1,-1,instant_velocity,dbscan_kmeans_fallback,False
3300,355,11.4141542903,6.9927321316,0.01323825539000012,-0.0026491237769999286,0.003944116154000028,-0.017565361258999986,0.004934419492351607,-0.013607263570368178,0.9805589662700193,-0.19622087622350634,2,2,instant_velocity,dbscan_kmeans_fallback,False
3300,376,3.44173593771,12.1632966924,-0.01671092970400001,0.012648969389999997,-0.013078301912000007,0.015870876681999987,-0.013386872654055672,0.015264608218374213,-0.7973403270262159,0.6035291613699427,-1,-1,instant_velocity,dbscan_kmeans_fallback,False
3300,391,14.4221216371,7.51778369097,-0.00090499997000002,-0.016873247839999994,0.0026476510799999884,-0.013422227136,0.00223005986752135,-0.014471120478475154,-0.053558184134088443,-0.998564137803021,4,4,instant_velocity,dbscan_kmeans_fallback,False
3300,392,14.8594681349,7.10800481487,0.002883371999999973,-0.016443660199999943,0.0009049999720000202,-0.021441196406200014,0.0021270157207333913,-0.01954031262493019,0.17271333054483298,-0.9849715262163644,4,4,instant_velocity,dbscan_kmeans_fallback,False
3300,393,13.8065111914,10.5418420131,-0.021046510969999942,0.006968866150000075,-0.021046510963999978,0.014758722013399997,-0.017509223866673078,0.009803459856250122,-0.9493120625361123,0.31433374908671075,5,5,instant_velocity,dbscan_kmeans_fallback,False
3300,394,14.327833268,11.3692755387,-0.014753604180000046,0.02167030981,-0.014753604180000046,0.02167030981,-0.011105675577780024,0.013760264874480016,-0.5627738393290487,0.8266104541259022,5,5,instant_velocity,dbscan_kmeans_fallback,False
3300,395,14.2594321073,10.0167904538,-0.022056743489999954,0.013627474565999975,-0.022056743489999954,0.013627474565999975,-0.01647929180585999,0.010478358507156001,-0.8507253768315827,0.5256097048360406,5,5,instant_velocity,dbscan_kmeans_fallback,False
3300,396,14.8971413895,10.6334873762,0.0,0.0,0.0,0.0,0.0,0.0,0.0,0.0,-1,-1,instant_velocity,dbscan_kmeans_fallback,False
3300,415,5.12229983807,0.618128881258,0.005703604471000023,0.028400516165900003,0.005703604471000023,0.028400516165900003,0.003905053830057,0.017040309699542584,0.19689609608086228,0.9804240087438397,6,6,instant_velocity,dbscan_kmeans_fallback,False
3300,416,5.83093586218,0.371831967954,0.002378255738999968,0.0192359798569,0.002378255738999968,0.0192359798569,0.0016151092513649865,0.01190530544891687,0.12270149589081296,0.9924431021701858,6,6,instant_velocity,dbscan_kmeans_fallback,False
3310,142,9.28066947405,9.33374610699,0.00025255813200004696,-0.0005727835200000087,0.00025676743380000035,-0.0005775567154000071,0.00025571699884834986,-0.0005747435261009039,0.40344590419811555,-0.9149860402679092,0,0,instant_velocity,dbscan_kmeans_fallback,False
3310,150,4.25139521444,7.54952544434,-0.032516859437,0.009403196109000067,-0.035745394218800006,0.010338742523600003,-0.03616791280540544,0.009300097877194552,-0.9606395297922041,0.27779687353247967,1,1,instant_velocity,dbscan_kmeans_fallback,False
3310,151,3.98473592054,6.93640841887,-0.03508453377500005,0.010859020886999993,-0.0422824405238,0.009212268268999999,-0.03981250215275151,0.00927099598991754,-0.9552893041880226,0.29567177873394473,1,1,instant_velocity,dbscan_kmeans_fallback,False
3310,152,5.23616146237,5.70062797596,-0.037568022068999965,0.00341283513599997,-0.043987207911800004,0.007522556887,-0.043038510652736645,0.007075220567644512,-0.9958987714640173,0.0904715801356022,1,1,instant_velocity,dbscan_kmeans_fallback,False
3310,153,4.67674520099,5.09992126008,-0.04426081255399996,0.015632216882000005,-0.0451405567124,0.015173990065799997,-0.04583102010675459,0.0156624155483695,-0.9429182110913773,0.33302375458617267,1,1,instant_velocity,dbscan_kmeans_fallback,False
3310,154,5.59710912538,4.92904084348,-0.040935463821999994,0.01126474254600005,-0.0426781149298,0.011670464206000002,-0.04320578460363429,0.011418000249217845,-0.9641600490324528,0.2653204266285195,1,1,instant_velocity,dbscan_kmeans_fallback,False
3310,155,13.4365135287,3.78705370185,-0.0011154650799999998,0.0014796907580000075,-0.002121488305999968,0.00025775258360000386,-0.0034735981533640372,-0.00038814299113849334,-0.6019625643423958,0.798517550293397,2,2,instant_velocity,dbscan_kmeans_fallback,False
3310,156,11.6176740513,6.26911561887,-0.042093021930000064,-0.014629845723000034,-0.03918860341200002,-0.012248020921400008,-0.037595014675780386,-0.01209879240844922,-0.944574579926744,-0.32829622926993796,3,3,instant_velocity,dbscan_kmeans_fallback,False
3310,157,13.769258867,8.52922392216,-0.005661511449999957,0.044963506266000056,-0.010548511295999994,0.032004279141600006,-0.01009399479023905,0.03257135150807695,-0.12492703504782011,0.9921657092410388,-1,-1,instant_velocity,dbscan_kmeans_fallback,False
3310,158,13.6170925928,6.18534602917,-0.04325058002999995,-0.01608567050100005,-0.04325058002999995,-0.01608567050100005,-0.02868170106983999,-0.011795187817422007,-0.9372752444295496,-0.3485895620401009,3,3,instant_velocity,dbscan_kmeans_fallback,False
3310,159,1.01991392125,6.11804396565,0.023887789942999994,0.0038662887550000137,0.023887789942999994,0.0038662887550000137,0.0156942779923725,0.0025401517121820096,0.9871533888030021,0.15977284025421593,-1,-1,instant_velocity,dbscan_kmeans_fallback,False
3310,232,12.5363542548,7.93519968067,0.0006524418400001508,0.00011932990000005362,0.000669279048,0.0001193298998000003,0.0006666089035052886,0.00011903509724293736,0.9836677040259096,0.17991024112534995,2,2,instant_velocity,dbscan_kmeans_fallback,False
3310,233,13.394841437,8.1595398924,0.00021046510999997992,0.0005250515589999338,0.000223093016,0.0005107319713999914,0.00026918252077614505,0.0005634261419713836,0.37206139613323086,0.9281890764861855,2,2,instant_velocity,dbscan_kmeans_fallback,False
3310,238,12.6337996006,8.40082494991,0.00023151162000001335,-0.0006443814600000763,0.00023572092199998452,-0.0006348350673999903,0.0002392687568976744,-0.0006204663719075657,0.3381123432230904,-0.9410902371558254,2,2,instant_velocity,dbscan_kmeans_fallback,False
3310,248,11.9152717163,5.36149240056,0.0006103488099999055,0.0002863917590000042,0.0006061395140000059,0.0002816185636000057,0.0006058495172528294,0.00028177496909893206,0.9052797037578809,0.4247811128627619,2,2,instant_velocity,dbscan_kmeans_fallback,False
3310,249,12.3233635639,4.93190476108,0.00027360463999990257,0.0002386598000000184,0.0002693953399999671,0.00022911340780000346,0.00026917982867010197,0.00023132480295987506,0.7535709339830362,0.6573247017677863,2,2,instant_velocity,dbscan_kmeans_fallback,False
3310,256,4.21919405266,4.34647227238,0.0006945348609999514,0.001312628897999968,0.0006945348618000046,0.0013126288984000034,0.0006624281270072371,0.0013132459874632184,0.46768136867011656,0.8838895123114847,-1,-1,instant_velocity,dbscan_kmeans_fallback,False
3310,259,8.08059741896,8.80081877423,0.022288255108999965,-0.00632448469299991,0.014576813492599996,-0.007293443479399997,0.014641903702592232,-0.006124472971901136,0.96201892755141,-0.27298117111097947,-1,-1,instant_velocity,dbscan_kmeans_fallback,False
3310,260,5.52218354635,6.25837592789,0.05503662616699998,0.0064199486130000595,0.0477587426762,-0.0012839897223999941,0.0469402559035309,0.00010018434895683295,0.9932650184487792,0.1158630319776978,-1,-1,instant_velocity,dbscan_kmeans_fallback,False
3310,261,2.52915922237,5.17056456079,0.027444650295000005,-0.014534381802999975,0.030407999038600003,-0.008859051765399997,0.027338503056844092,-0.00906860558732031,0.8837228972793787,-0.4680098255597691,-1,-1,instant_velocity,dbscan_kmeans_fallback,False
3310,329,6.5530416533,9.55975693732,-0.0005682557960000167,-0.0014319587980001103,0.00019783720300001306,-0.0018520000458000041,5.248997963664377e-05,-0.001833258819448813,-0.36885332000724264,-0.9294806326197256,0,0,instant_velocity,dbscan_kmeans_fallback,False
3310,330,6.04455794845,9.63612807323,-0.00018941859800003513,-0.0042958763950000645,-0.00019783720300001306,-0.004281556806800033,-0.0004643669656449974,-0.00444116033198149,-0.0440502180353591,-0.9990269902254802,0,0,instant_velocity,dbscan_kmeans_fallback,False
3310,331,6.05066143662,10.3399358226,-0.0017047673879999614,-0.0036514949300000764,-0.0029002092108,-0.003894927932000023,-0.0028513218939700082,-0.003916692108076187,-0.4230344713987385,-0.9061108503137268,0,0,instant_velocity,dbscan_kmeans_fallback,False
3310,332,6.77234629753,10.4005554117,-0.0005893023069999615,-0.0009785051800001554,-0.0005893023069999969,-0.0009689587880000162,-0.0008467239326774039,-0.001544050815154385,-0.5159062077385035,-0.8566348556079808,0,0,instant_velocity,dbscan_kmeans_fallback,False
3310,354,12.4058658869,6.87769810814,0.02485592944999997,-0.01735056743900003,0.015414464629999998,-0.014338680766800014,0.015784879698467126,-0.014156577031036812,0.8199839059706396,-0.5723860010166814,-1,-1,instant_velocity,dbscan_kmeans_fallback,False
3310,355,11.5509566116,6.96266099684,0.013680232129999937,-0.0030071134760000008,0.007147395124000013,-0.013670433327599998,0.007558163283646106,-0.010427218542057724,0.9766817710974384,-0.21468882163117714,2,2,instant_velocity,dbscan_kmeans_fallback,False
3310,376,3.27462664066,12.2895477264,-0.016710929704999967,0.012625103400000092,-0.014374766987399994,0.014715763250000008,-0.014384089769338962,0.014472756772861977,-0.79788835464493,0.6028044613241466,-1,-1,instant_velocity,dbscan_kmeans_fallback,False
3310,391,14.3996018704,7.31325224262,-0.002251976670000033,-0.020453144835000003,0.0010649534559999908,-0.013656113739600002,0.0008854489062649348,-0.01626572778543261,-0.10944273817693942,-0.9939926131969623,4,4,instant_velocity,dbscan_kmeans_fallback,False
3310,392,14.8861972038,6.92423676909,0.002672906889999993,-0.018376804577999995,0.0015742790199999846,-0.020047423175799998,0.002290783071513372,-0.019191260210851133,0.14393539829818625,-0.9895865420072184,4,4,instant_velocity,dbscan_kmeans_fallback,False
3310,393,13.5596356178,10.631339438,-0.024687557360000056,0.008949742489999935,-0.021774720242,0.012267113704000004,-0.019662723914671172,0.009547344646375066,-0.9401295704886015,0.34081612208180023,5,5,instant_velocity,dbscan_kmeans_fallback,False
3310,394,14.1901890863,11.5897971937,-0.013764418169999893,0.022052165500000064,-0.013764418169999893,0.022052165500000064,-0.011903298355445985,0.01624783506213603,-0.5294955893926401,0.8483122370007645,5,5,instant_velocity,dbscan_kmeans_fallback,False
3310,395,14.0390751376,10.1533038592,-0.022035696970000095,0.01365134053999988,-0.022035696970000095,0.01365134053999988,-0.018146213355102022,0.011430253117009164,-0.8500887564655011,0.5266387135171939,5,5,instant_velocity,dbscan_kmeans_fallback,False
3310,396,14.6769948848,10.4272853093,-0.022014650470000063,-0.020620206689999955,-0.022014650470000063,-0.020620206689999955,-0.00660439514100002,-0.006186062006999987,-0.7298433784787373,-0.6836139113845028,-1,-1,instant_velocity,dbscan_kmeans_fallback,False
3310,415,5.162498674,1.0842314701,0.004019883593000007,0.04661025888419999,0.004019883593000007,0.04661025888419999,0.0039395027589399015,0.02591129445493981,0.08592562038005791,0.9963013400870843,6,6,instant_velocity,dbscan_kmeans_fallback,False
3310,416,5.84209051299,0.748675791701,0.001115465081,0.037684382374699996,0.001115465081,0.037684382374699996,0.0014652160002554906,0.01963902852665181,0.029587228620642912,0.9995619367559341,6,6,instant_velocity,dbscan_kmeans_fallback,False
3320,142,9.28319505536,9.327779612,0.00025255813099995806,-0.0005966494990000016,0.00025676743360001806,-0.0005775567154000071,0.0002547693384938323,-0.0005813153179706332,0.3898034946922451,-0.920881299270529,0,0,instant_velocity,dbscan_kmeans_fallback,False
3320,150,3.92622662006,7.64355740542,-0.03251685943799996,0.009403196107999978,-0.03468044076419999,0.010481938403399997,-0.03507259679518379,0.00933102734643618,-0.9606395298023684,0.27779687349733073,1,1,instant_velocity,dbscan_kmeans_fallback,False
3320,151,3.6341010479,7.04475996794,-0.03506348726399997,0.010835154906999999,-0.03995469641139999,0.009737319828200005,-0.038387797686126046,0.009740243665042277,-0.9554227528315761,0.29524027232827915,1,1,instant_velocity,dbscan_kmeans_fallback,False
3320,152,4.86027077658,5.73475632731,-0.037589068579,0.0034128351350000584,-0.04237083586979999,0.005570319725200008,-0.04140367803061565,0.005976504937851176,-0.9959033344997479,0.09042133842452547,1,1,instant_velocity,dbscan_kmeans_fallback,False
3320,153,4.28401730643,5.19896507696,-0.03927278945600001,0.009904381688000008,-0.043764114895400004,0.014228897259000011,-0.043863550911528215,0.013935005390258654,-0.9696395161684943,0.24453775759066163,1,1,instant_velocity,dbscan_kmeans_fallback,False
3320,154,5.22079750937,5.01997022717,-0.037631161601000065,0.009092938368999982,-0.0408512777784,0.010968804394799995,-0.041533397702844026,0.010720481685152487,-0.9720256376403645,0.23487367490449337,1,1,instant_velocity,dbscan_kmeans_fallback,False
3320,155,13.4251484128,3.80185060944,-0.0011365115900000334,0.0014796907590000075,-0.0006440232359999953,0.003651494935800006,-0.002772472184354836,0.000172207133903057,-0.6091308403121977,0.793062986213666,2,2,instant_velocity,dbscan_kmeans_fallback,False
3320,156,11.2020054598,6.20801871015,-0.041566859149999934,-0.006109690871999973,-0.040245138262,-0.0114986291502,-0.03878656801804625,-0.010302061947514445,-0.9893694585864466,-0.14542213854426328,3,3,instant_velocity,dbscan_kmeans_fallback,False
3320,157,13.7126437525,8.97909764462,-0.005661511449999957,0.044987372245999954,-0.009273092729999988,0.03463431013439999,-0.008764249788167321,0.036296157729453854,-0.12486179429053798,0.9921739218688583,-1,-1,instant_velocity,dbscan_kmeans_fallback,False
3320,158,13.1961623735,6.0758011811,-0.042093021930000064,-0.010954484806999964,-0.042093021930000064,-0.010954484806999964,-0.03270509732788801,-0.011542976914295395,-0.9677645923204176,-0.25185558169134076,3,3,instant_velocity,dbscan_kmeans_fallback,False
3320,159,1.26573716929,6.1645826266,0.024582324804,0.004653866094999959,0.024582324804,0.004653866094999959,0.01836069203586075,0.0031742660270273945,0.9825468049992818,0.18601337745698648,-1,-1,instant_velocity,dbscan_kmeans_fallback,False
3320,232,12.5430891384,7.93615431987,0.0006734883599998298,9.546391999997184e-05,0.0006692790500000001,0.00011455670380000171,0.0006686727404536509,0.00011196374407004771,0.9900884453311998,0.1403405459569012,4,4,instant_velocity,dbscan_kmeans_fallback,False
3320,233,13.3971565532,8.1645517482,0.00023151162000001335,0.000501185579999941,0.000223093016,0.0005107319713999914,0.00025788125054330556,0.0005447539733799508,0.419342042748776,0.9078083636294076,4,4,instant_velocity,dbscan_kmeans_fallback,False
3320,238,12.6363251819,8.39461979512,0.0002525581300000468,-0.0006205154789999057,0.0002399302239999912,-0.0006300618711999917,0.00024325556882838614,-0.0006204811040352677,0.37697827059382655,-0.9262059873108855,4,4,instant_velocity,dbscan_kmeans_fallback,False
3320,248,11.9213752045,5.36435631816,0.0006103488200000839,0.00028639175999991553,0.0006061395160000061,0.00028161856359998794,0.0006071993080770057,0.0002831600063692271,0.9052797058641675,0.42478110837440325,2,2,instant_velocity,dbscan_kmeans_fallback,False
3320,249,12.3260996103,4.93429135908,0.0002736046400000802,0.0002386598000000184,0.00026939534000000267,0.00023388660380000204,0.00027050727206909546,0.0002335253020719181,0.7535709339832477,0.657324701767544,2,2,instant_velocity,dbscan_kmeans_fallback,False
3320,256,4.22613940128,4.35959856137,0.0006945348620000403,0.0013126288990000568,0.0006945348618000046,0.0013126288986000034,0.0006720601475050781,0.00131306086092427,0.4676813689178669,0.8838895121804028,-1,-1,instant_velocity,dbscan_kmeans_fallback,False
3320,259,8.30347997006,8.73781258711,0.022288255109999967,-0.006300618712000094,0.017721162230599993,-0.007785082666600012,0.016935809124814554,-0.006177316693930823,0.9622890533292197,-0.27202741470051967,-1,-1,instant_velocity,dbscan_kmeans_fallback,False
3320,260,6.07276027313,6.32257541401,0.05505767267800001,0.006419948611999971,0.05002755655780001,-0.0003675360915999981,0.04937548093587164,0.0019961136278697743,0.9932701146152001,0.11581933604347446,-1,-1,instant_velocity,dbscan_kmeans_fallback,False
3320,261,2.77813944706,5.01066249498,0.02489802246899999,-0.015990206580999988,0.0286232549092,-0.01291149516459999,0.02660635888049086,-0.011145085885424214,0.841418914508245,-0.540382766579132,-1,-1,instant_velocity,dbscan_kmeans_fallback,False
3320,329,6.54735909534,9.54543734934,-0.0005682557960000167,-0.0014319587979999327,-9.68139503999943e-05,-0.0016897113819999987,-0.0001337337530543544,-0.001712868813014149,-0.36885332000728216,-0.9294806326197098,0,0,instant_velocity,dbscan_kmeans_fallback,False
3320,330,6.04245329735,9.59340796908,-0.00021046510999997992,-0.004272010414999983,-0.000202046505200002,-0.004276783610800017,-0.0003881964089514922,-0.004390415356887037,-0.049206262980067236,-0.9987862973302101,0,0,instant_velocity,dbscan_kmeans_fallback,False
3320,331,6.03361376274,10.3034208732,-0.0017047673880000503,-0.0036514949399999,-0.002273023183999996,-0.0037708248359999887,-0.002507355542179021,-0.003837132957653301,-0.4230344704475802,-0.9061108507577988,0,0,instant_velocity,dbscan_kmeans_fallback,False
3320,332,6.76645327446,10.3907703599,-0.0005893023070000503,-0.0009785051799999778,-0.0005893023069999969,-0.000973731983999997,-0.0007694974449741979,-0.0013743871246080627,-0.5159062077386293,-0.856634855607905,0,0,instant_velocity,dbscan_kmeans_fallback,False
3320,354,12.6150682058,6.72400119713,0.020920231890000095,-0.015369691100999994,0.018790324986000008,-0.015517660177400004,0.01732548535592702,-0.014520511252025768,0.8058865604594057,-0.5920693213075261,5,5,instant_velocity,dbscan_kmeans_fallback,False
3320,355,11.7248007921,6.90037078911,0.01738441804999997,-0.006229020773000027,0.010788441517999984,-0.009412742500799993,0.010506039713552268,-0.009167759211340415,0.9413927093466586,-0.3373109600336103,5,5,instant_velocity,dbscan_kmeans_fallback,False
3320,376,3.09025920463,12.3938420589,-0.018436743603000006,0.010429433250000031,-0.016020604144799996,0.013116742592000002,-0.015599885919437274,0.013259759716003393,-0.8703871383059472,0.49236702294559853,-1,-1,instant_velocity,dbscan_kmeans_fallback,False
3320,391,14.3770821036,7.10872079426,-0.002251976680000034,-0.020453144836000005,-0.000180999994000004,-0.014963969442200006,-5.577876961455593e-05,-0.01752195290060283,-0.10944273865181688,-0.9939926131446765,6,6,instant_velocity,dbscan_kmeans_fallback,False
3320,392,14.9072437148,6.69583934076,0.002104651099999977,-0.02283974283300001,0.00212569760800001,-0.019541464400600006,0.002234943480059353,-0.020285804997495795,0.09175983384245921,-0.9957807293382748,6,6,instant_velocity,dbscan_kmeans_fallback,False
3320,393,13.3087612072,10.7232234609,-0.025087441059999983,0.009188402290000041,-0.02258290626200001,0.009828010551999994,-0.021290139058269816,0.009439661939462558,-0.9390008232636363,0.3439138050848908,7,7,instant_velocity,dbscan_kmeans_fallback,False
3320,394,14.0489669977,11.8012497762,-0.014122208860000107,0.021145258249999976,-0.016012185540000026,0.021107072686000025,-0.012568971506812222,0.017717062018495214,-0.5553905290212969,0.8315891856707281,-1,-1,instant_velocity,dbscan_kmeans_fallback,False
3320,395,13.742319333,10.2635646867,-0.029675580460000007,0.01102608275000012,-0.02580302244000002,0.014820773562599997,-0.021605023486571416,0.011309002006906451,-0.9373865718953271,0.34828979754543987,7,7,instant_velocity,dbscan_kmeans_fallback,False
3320,396,14.4690553565,10.2055703553,-0.020793952829999896,-0.022171495399999942,-0.020793952829999896,-0.022171495399999942,-0.010861262447699983,-0.010981692024899976,-0.6840840443734476,-0.7294027435301884,-1,-1,instant_velocity,dbscan_kmeans_fallback,False
3320,415,5.19638355665,1.53768508955,0.003388488264999978,0.04534536194500001,0.005080627746199991,0.03361761938756,0.0037741984107579245,0.031741514701957865,0.07451845432115281,0.9972194142377077,8,8,instant_velocity,dbscan_kmeans_fallback,False
3320,416,5.83830214101,1.15988662661,-0.0003788371979999816,0.04112108349090001,0.0016332092505999896,0.02648169137626,0.0009120000407788489,0.02608364501592627,-0.009212330949874038,0.9999573223947004,8,8,instant_velocity,dbscan_kmeans_fallback,False
3330,142,9.28572063668,9.32205177681,0.00025255813200004696,-0.0005727835190000973,0.00025676743380000035,-0.000577556715200025,0.0002541059765456967,-0.0005787557782794725,0.40344590478776265,-0.9149860400078899,0,0,instant_velocity,dbscan_kmeans_fallback,False
3330,150,3.60084756058,7.73758936651,-0.03253790594799999,0.009403196108999978,-0.033939603578199994,0.0101096291158,-0.034312189541028645,0.00935267797520532,-0.9606874699536431,0.27763104035858815,1,1,instant_velocity,dbscan_kmeans_fallback,False
3330,151,3.32534873208,7.11039141286,-0.030875231582000007,0.006563144492000017,-0.03679351046479999,0.009407969304600012,-0.036134027854888236,0.008787113913129599,-0.978144640025958,0.20792409571134482,1,1,instant_velocity,dbscan_kmeans_fallback,False
3330,152,4.49890218336,5.77103261687,-0.03613685932199999,0.0036276289559999952,-0.04030827779539999,0.0048161547582,-0.039823632418030955,0.005271842143295821,-0.9949988327672911,0.0998837930205899,1,1,instant_velocity,dbscan_kmeans_fallback,False
3330,153,3.90370685333,5.28368930586,-0.03803104530999999,0.008472422889999987,-0.04213511494720001,0.012997412692400002,-0.04211379923106975,0.012296230640181052,-0.9760721071054006,0.21744592069773738,1,1,instant_velocity,dbscan_kmeans_fallback,False
3330,154,4.84785333511,5.10875167267,-0.03729441742599997,0.008878144550000045,-0.039542184796599995,0.010357835307600016,-0.040261703619790805,0.010167780544606755,-0.9728146509328991,0.23158396584361013,1,1,instant_velocity,dbscan_kmeans_fallback,False
3330,155,13.413993762,3.81664751702,-0.0011154650799999998,0.001479690757999963,-0.0006945348620000047,0.003183721728199993,-0.002275370053048385,0.0005644522211321289,-0.6019625643424074,0.7985175502933882,2,2,instant_velocity,dbscan_kmeans_fallback,False
3330,156,10.7943345425,6.27532077367,-0.04076709173000008,0.006730206351999968,-0.041141719630000004,-0.008176484738000003,-0.0393807251316324,-0.00519238145766012,-0.9866449125943278,0.16288441426946954,-1,-1,instant_velocity,dbscan_kmeans_fallback,False
3330,157,13.6301414296,9.37026105635,-0.008250232289999992,0.039116341173,-0.00841018578,0.03735503185119999,-0.008610044538717122,0.037142212762517696,-0.20637481153634493,0.9784727573493877,-1,-1,instant_velocity,dbscan_kmeans_fallback,False
3330,158,12.7752321543,5.96649499284,-0.042093021920000064,-0.010930618825999971,-0.04308641724200001,-0.015403103473399984,-0.035521474705521625,-0.011359269487806769,-0.9678982139820976,-0.25134157532124385,-1,-1,instant_velocity,dbscan_kmeans_fallback,False
3330,159,1.51598018463,6.21613314334,0.025024301534000017,0.0051550516739999885,0.0242539992332,0.004281556806999998,0.02035977488530253,0.0037685017211191727,0.9794335426675648,0.20176509289740424,-1,-1,instant_velocity,dbscan_kmeans_fallback,False
3330,232,12.5498240219,7.93734761887,0.0006734883500000066,0.0001193298999999648,0.0006692790500000001,0.00011455670379998396,0.0006701174233175576,0.00011417359084902283,0.9846490724970113,0.17446192700456556,3,3,instant_velocity,dbscan_kmeans_fallback,False
3330,233,13.3994716694,8.16980226379,0.00023151162000001335,0.0005250515590001115,0.00022730231800000667,0.0005107319713999914,0.0002499703613803179,0.000538843249065999,0.4034453174924932,0.9149847118719842,3,3,instant_velocity,dbscan_kmeans_fallback,False
3330,238,12.6386402981,8.38817598053,0.00023151162000001335,-0.0006443814589999874,0.0002399302239999912,-0.0006348350671999725,0.00023973238417987432,-0.0006276512105246835,0.33811234368784693,-0.9410902369888277,3,3,instant_velocity,dbscan_kmeans_fallback,False
3330,248,11.9272682276,5.36698157596,0.0005893023100000505,0.00026252578000001136,0.0006019302139999993,0.00027684536779998937,0.0006018302086539192,0.00027696973845846236,0.913444026684431,0.40692629491247184,2,2,instant_velocity,dbscan_kmeans_fallback,False
3330,249,12.3288356568,4.93643929727,0.00027360465000008104,0.00021479381899993654,0.0002693953420000028,0.00022911340760000342,0.00027143648544839113,0.00022790585715032363,0.7865488152422,0.6174815517780768,2,2,instant_velocity,dbscan_kmeans_fallback,False
3330,256,4.39451148898,4.40088670672,0.01683720876999999,0.0041288145349999365,0.003923069643399994,0.001875866025799997,0.005521604734253552,0.0021577869631469702,0.9712245202389492,0.23816334231454184,-1,-1,instant_velocity,dbscan_kmeans_fallback,False
3330,259,8.52699391648,8.67241980199,0.022351394642000068,-0.006539278512000024,0.019636394728000005,-0.007217072343200002,0.01856048477997021,-0.006285905239351583,0.9597670073729173,-0.28079606970237253,-1,-1,instant_velocity,dbscan_kmeans_fallback,False
3330,260,6.57829746646,6.39083211673,0.050553719332999944,0.006825670272000028,0.051063044897399996,0.001684938186,0.049728952455010134,0.0034449806211088504,0.9910076136918641,0.13380402663443042,-1,-1,instant_velocity,dbscan_kmeans_fallback,False
3330,261,2.98860455668,4.8288037276,0.021046510961999988,-0.018185876737999963,0.026611208461,-0.014472330254599992,0.024938404504943598,-0.01325732314119694,0.7566565244883945,-0.6538120409693682,-1,-1,instant_velocity,dbscan_kmeans_fallback,False
3330,329,6.54188700249,9.53111776136,-0.0005472092849999832,-0.0014319587979999327,-0.0003830464995999883,-0.0015274227179999755,-0.00025777641263804307,-0.0016285958085098843,-0.3569619030090333,-0.9341119596766337,0,0,instant_velocity,dbscan_kmeans_fallback,False
3330,330,6.04055911136,9.55068786493,-0.00018941859899994639,-0.004272010414999983,-0.0001978372029999953,-0.004276783610999999,-0.0003285630659660284,-0.0043548938743209215,-0.04429582677525868,-0.9990161173401655,0,0,instant_velocity,dbscan_kmeans_fallback,False
3330,331,6.01635562376,10.2669059239,-0.0017258138979999948,-0.0036514949300000764,-0.0017089766900000036,-0.0036562681320000223,-0.0022728930489253132,-0.003781441549357334,-0.4273082646780305,-0.904103254601884,0,0,instant_velocity,dbscan_kmeans_fallback,False
3330,332,6.76056025139,10.3812239679,-0.0005893023069999615,-0.000954639199999896,-0.0005893023069999969,-0.0009689587879999806,-0.0007154389035819269,-0.0012484627472256126,-0.5252766880771431,-0.8509210151193105,0,0,instant_velocity,dbscan_kmeans_fallback,False
3330,354,12.8072228509,6.5786573791,0.019215464510000047,-0.014534381802999975,0.020179394710000017,-0.015641763273200004,0.017892479102148928,-0.01452467241731803,0.7975468513172782,-0.6032563218439597,4,4,instant_velocity,dbscan_kmeans_fallback,False
3330,355,11.8986449727,6.83808058139,0.017384418059999972,-0.0062290207720000264,0.014425278613999986,-0.005150278477800007,0.012569553217486578,-0.008286137679538298,0.9413927094254673,-0.33731095981366604,4,4,instant_velocity,dbscan_kmeans_fallback,False
3330,376,2.9014720013,12.492647216,-0.018878720332999997,0.009880515709999926,-0.017489650609799998,0.011641825029999992,-0.01658353624350609,0.012245986514202353,-0.8859919026917944,0.4636996978114513,-1,-1,instant_velocity,dbscan_kmeans_fallback,False
3330,391,14.3747669874,6.80466820943,-0.00023151162000001335,-0.030405258483,-0.0006776976540000134,-0.019340990168799994,-0.00010849862473019317,-0.021386944575321983,-0.007613973524540367,-0.9999706843930989,5,5,instant_velocity,dbscan_kmeans_fallback,False
3330,392,14.9282902257,6.46744191243,0.002104651089999976,-0.02283974283300001,0.0025339999199999854,-0.019393495324799996,0.0021958557630415397,-0.021051986348147058,0.09175983341014415,-0.995780729378112,5,5,instant_velocity,dbscan_kmeans_fallback,False
3330,393,13.1142914459,10.8246538758,-0.01944697613000006,0.010143041489999938,-0.022262999295999997,0.008439010517999996,-0.020737190179788888,0.009650675804623773,-0.8866443970752631,0.4624508636351345,6,6,instant_velocity,dbscan_kmeans_fallback,False
3330,394,13.8934332817,11.9776193682,-0.015553371599999899,0.017636959199999858,-0.01538079021199998,0.020567701537999986,-0.013464291534768524,0.017693031172946606,-0.6614144777532783,0.7500200251387203,6,6,instant_velocity,dbscan_kmeans_fallback,False
3330,395,13.437144924,10.3709615965,-0.030517440899999925,0.010739690980000027,-0.026383906143999988,0.013388814763000028,-0.02427874871059997,0.011138208698834523,-0.9432920369195136,0.33196312277974716,6,6,instant_velocity,dbscan_kmeans_fallback,False
3330,396,14.308680943,9.92132653389,-0.01603744134999996,-0.028424382141000137,-0.01603744134999996,-0.028424382141000137,-0.012414116118389976,-0.016214499059730027,-0.49139482264141027,-0.8709365737364624,-1,-1,instant_velocity,dbscan_kmeans_fallback,False
3330,415,5.17638937124,1.87849128354,-0.0019994185409999863,0.034080619399,0.0034516277978000076,0.035660547273092,0.0020421133252305507,0.0324432461110705,-0.058566598693196935,0.998283210156962,-1,-1,instant_velocity,dbscan_kmeans_fallback,False
3330,416,5.77516260812,1.70880416595,-0.006313953289000018,0.05489175393399999,-0.00013469767020000135,0.0340233410471834,-0.0012557859581548113,0.03472607769134839,-0.11427203749231313,0.9934493139967947,-1,-1,instant_velocity,dbscan_kmeans_fallback,False
3340,142,9.28824621799,9.31632394161,0.00025255813099995806,-0.0005727835200000087,0.0002525581313999936,-0.0005775567154000071,0.0002536416228819751,-0.0005769641007956334,0.40344590286057574,-0.914986040857661,0,0,instant_velocity,dbscan_kmeans_fallback,False
3340,150,3.27925687308,7.73830534591,-0.032159068750000006,7.159793999997888e-05,-0.0331229989528,0.007871000194599987,-0.033666253303720056,0.006568353964643717,-0.999997210698062,0.002226362362924644,1,1,instant_velocity,dbscan_kmeans_fallback,False
3340,151,3.04479874095,7.14762234162,-0.028054999113000002,0.003723092875999967,-0.0330640687222,0.008510608457799993,-0.03371031923232177,0.0072679076019907096,-0.9913087106884021,0.13155353824162147,1,1,instant_velocity,dbscan_kmeans_fallback,False
3340,152,4.15184521758,5.80969550442,-0.034705696578000024,0.003866288754999925,-0.0379594871722,0.004104948554999996,-0.03828825166602168,0.004850176126807052,-0.9938516635480169,0.11071719889781557,1,1,instant_velocity,dbscan_kmeans_fallback,False
3340,153,3.52360686535,5.36841353475,-0.038009998798,0.008472422888999987,-0.04077130103659999,0.011622732245999998,-0.04088265910114883,0.011149088314826732,-0.9760465464348483,0.21756062515790237,1,1,instant_velocity,dbscan_kmeans_fallback,False
3340,154,4.47511962597,5.19729445836,-0.03727337091400003,0.008854278568999962,-0.03880976621480001,0.0098757425122,-0.03936520380805357,0.009773729951924718,-0.9729254218270941,0.23111815487778234,1,1,instant_velocity,dbscan_kmeans_fallback,False
3340,155,13.4028391112,3.8314444246,-0.0011154650799999998,0.0014796907580000075,-0.0009176278780000047,0.0022863608812000004,-0.0019273985611338695,0.0008390237821924926,-0.6019625643423958,0.798517550293397,2,2,instant_velocity,dbscan_kmeans_fallback,False
3340,156,10.38645316,6.34238417738,-0.04078813824999994,0.0067063403709999745,-0.04146162659599998,-0.004386567118800002,-0.03980294906714266,-0.0016227649090620913,-0.9867509996708188,0.16224050297801973,-1,-1,instant_velocity,dbscan_kmeans_fallback,False
3340,157,13.5409042231,9.7463889007,-0.00892372065,0.037612784435000005,-0.007669348593999992,0.039913464904199995,-0.008704147372101985,0.037283384264262386,-0.23084424882666058,0.9729904498048902,-1,-1,instant_velocity,dbscan_kmeans_fallback,False
3340,158,12.2701158912,5.92830942488,-0.05051162630999997,-0.003818556796000028,-0.04438709162000002,-0.012262340509400005,-0.04001852018686513,-0.009097055680264747,-0.9971544958671653,-0.07538246845363844,-1,-1,instant_velocity,dbscan_kmeans_fallback,False
3340,159,1.76622319998,6.26768366007,0.025024301534999994,0.0051550516730000774,0.0244813015517,0.00453930939040001,0.02175913288021177,0.004184466706683444,0.9794335426768921,0.2017650928521273,-1,-1,instant_velocity,dbscan_kmeans_fallback,False
3340,232,12.5565589054,7.93854091787,0.0006734883500000066,0.00011932990000005362,0.0006692790500000001,0.00011455670380000171,0.0006711287013222922,0.00011572048359433207,0.984649072496989,0.17446192700469146,3,3,instant_velocity,dbscan_kmeans_fallback,False
3340,233,13.4015763205,8.17481411958,0.00021046510999997992,0.0005011855790000297,0.000223093016,0.0005107319712000091,0.00023811878596621648,0.0005275459480462082,0.3871740168524973,0.9219867074880231,3,3,instant_velocity,dbscan_kmeans_fallback,False
3340,238,12.6411658794,8.38197082574,0.0002525581300000468,-0.0006205154790000833,0.0002399302240000267,-0.0006300618711999917,0.00024358010792592609,-0.0006255104910673035,0.376978270593734,-0.9262059873109233,3,3,instant_velocity,dbscan_kmeans_fallback,False
3340,248,11.9333717158,5.36984549355,0.0006103488199999063,0.0002863917590000042,0.0006061395160000061,0.00028161856359998794,0.0006043857920577153,0.0002797963446209249,0.9052797064344427,0.42478110715902956,2,2,instant_velocity,dbscan_kmeans_fallback,False
3340,249,12.3315717032,4.93882589527,0.00027360463999990257,0.0002386598000000184,0.00026939534000000267,0.00022911340780000346,0.00027208693181384456,0.0002311320400052321,0.7535709339830362,0.6573247017677863,2,2,instant_velocity,dbscan_kmeans_fallback,False
3340,256,4.80491845275,4.48441763662,0.04104069637699999,0.008353092990000022,0.011992301946400002,0.00328395884419999,0.016177332227077484,0.004016378771202886,0.9799092193090305,0.19944283487435766,-1,-1,instant_velocity,dbscan_kmeans_fallback,False
3340,259,8.75366483954,8.59915124348,0.022667092306000038,-0.0073268558509999695,0.021614766758400013,-0.006806577487799999,0.019792467037779156,-0.0065981904228461,0.9515254153426516,-0.307568763680071,-1,-1,instant_velocity,dbscan_kmeans_fallback,False
3340,260,7.0537381491,6.46147541744,0.04754406826400004,0.007064330070999958,0.0512777193092,0.004491577430600007,0.04907348719770711,0.004530785456076183,0.9891405411108795,0.1469713367862068,-1,-1,instant_velocity,dbscan_kmeans_fallback,False
3340,261,3.27041733847,4.67988001258,0.028181278179000024,-0.014892371502000045,0.026021906154000005,-0.015374464297599992,0.025911266607160525,-0.01374783764943787,0.8841393373526684,-0.4672226500073991,-1,-1,instant_velocity,dbscan_kmeans_fallback,False
3340,329,6.53620444453,9.51679817337,-0.0005682557960000167,-0.0014319587990000216,-0.0005598371916000033,-0.0014319587984000038,-0.00035092022764663517,-0.0015696047056569253,-0.3688533197847231,-0.9294806327080339,0,0,instant_velocity,dbscan_kmeans_fallback,False
3340,330,5.97720911336,9.4110718821,-0.0063349998000000515,-0.013961598282999966,-0.0014269534433999987,-0.0062147011845999954,-0.0021304940861762356,-0.007236905196924635,-0.4131981696662362,-0.9106404164607559,0,0,instant_velocity,dbscan_kmeans_fallback,False
3340,331,5.99930794988,10.2303909745,-0.0017047673879999614,-0.0036514949399999,-0.0017089766899999858,-0.0036562681319999867,-0.0021024553506477075,-0.0037424575665501035,-0.42303447044756204,-0.9061108507578073,0,0,instant_velocity,dbscan_kmeans_fallback,False
3340,332,6.75445676321,10.3714389161,-0.0006103488179999949,-0.0009785051799999778,-0.0005935116091999859,-0.0009689587879999806,-0.0006839118779073473,-0.001167475477057922,-0.5292353405295046,-0.8484648562835043,0,0,instant_velocity,dbscan_kmeans_fallback,False
3340,354,13.0221077279,6.37866046694,0.021488487699999937,-0.01999969121599996,0.02201885977,-0.0168541550558,0.01897128168150423,-0.01616717805692261,0.7320097816218841,-0.6812936212132457,4,4,instant_velocity,dbscan_kmeans_fallback,False
3340,355,12.1690926385,6.62710531844,0.02704476658000008,-0.02109752629499999,0.017746418042000014,-0.007842361018599996,0.016912117226240628,-0.012129554264176806,0.788465196682959,-0.6150788978157643,4,4,instant_velocity,dbscan_kmeans_fallback,False
3340,376,2.71289526307,12.5914523731,-0.01885767382300001,0.009880515709999926,-0.017918999433599998,0.011092907491999995,-0.017265777517354267,0.011536345272941626,-0.885779244360454,0.46410579701622,-1,-1,instant_velocity,dbscan_kmeans_fallback,False
3340,391,14.3747669874,6.48963727381,0.0,-0.031503093562000026,-0.0011280929880000201,-0.023937577911200006,-7.594903731113522e-05,-0.024421789271325395,0.0,-0.9999996825709574,5,5,instant_velocity,dbscan_kmeans_fallback,False
3340,392,14.9493367367,6.23880582431,0.002104651099999977,-0.022863608812000003,0.002374046435999979,-0.020672711851199992,0.0021684943641290706,-0.02159547308730294,0.09166485640679699,-0.9957894772645126,5,5,instant_velocity,dbscan_kmeans_fallback,False
3340,393,13.0519937734,10.9482796521,-0.006229767249999974,0.012362577630000083,-0.019299650554000004,0.009522526010000015,-0.016384963300852214,0.010464246352236667,-0.450012583827316,0.893021404939669,6,6,instant_velocity,dbscan_kmeans_fallback,False
3340,394,13.7378995657,12.1539889602,-0.015553371600000077,0.017636959200000035,-0.014749394882000005,0.020028330391999985,-0.01409101555433799,0.017676209581062634,-0.6614144777532789,0.7500200251387199,6,6,instant_velocity,dbscan_kmeans_fallback,False
3340,395,13.2443588836,10.4327744847,-0.01927860403999997,0.006181288819999864,-0.02471281317199999,0.011045175531199974,-0.022778705309419972,0.009651132735184125,-0.9522495234059575,0.3053192710772358,6,6,instant_velocity,dbscan_kmeans_fallback,False
3340,396,14.1285228092,9.64710642402,-0.01801581338000009,-0.027422010986999902,-0.01801581338000009,-0.027422010986999902,-0.014094625296873008,-0.01957675263791099,-0.5490847972115334,-0.8357662806745396,-1,-1,instant_velocity,dbscan_kmeans_fallback,False
3340,415,5.15639518583,2.21953613734,-0.0019994185409999863,0.034104485379999994,0.001822627849400007,0.03770824835482,0.0008296537653613895,0.03294161789174935,-0.05852575481080013,0.9982856057242148,-1,-1,instant_velocity,dbscan_kmeans_fallback,False
3340,416,5.70739284283,2.22597995193,-0.006776976528999956,0.05171757859799999,-0.0019952092391999974,0.040930155650899996,-0.002912143129408355,0.039823527963343874,-0.12992739473025847,0.9915233172553246,-1,-1,instant_velocity,dbscan_kmeans_fallback,False
3350,142,9.29077179931,9.31059610642,0.00025255813200004696,-0.0005727835189999197,0.0002525581316000114,-0.0005775567154000071,0.00025331657561739664,-0.0005757099262569192,0.4034459047878674,-0.9149860400078438,0,0,instant_velocity,dbscan_kmeans_fallback,False
3350,150,2.95850804601,7.71563266494,-0.032074882707000006,-0.0022672680969999526,-0.032361115255999995,0.00520278363380001,-0.03318884212470404,0.0039176673461506165,-0.9975107074159052,-0.07051075522238341,1,1,instant_velocity,dbscan_kmeans_fallback,False
3350,151,2.76403828471,7.18461461057,-0.028076045624000033,0.003699226894999974,-0.031430859471600014,0.00713592801139999,-0.03202003714982525,0.006197303389893489,-0.9914310464014731,0.1306283812365375,1,1,instant_velocity,dbscan_kmeans_fallback,False
3350,152,3.80478825181,5.84835839198,-0.034705696577000025,0.0038662887560000137,-0.036141068625,0.0036371753475999925,-0.03721348513931518,0.00455500991556494,-0.9938516635445144,0.11071719892925466,1,1,instant_velocity,dbscan_kmeans_fallback,False
3350,153,3.20180571273,5.40230322631,-0.032180115262,0.0033889691559999767,-0.038350952275999994,0.009174082700999992,-0.03827189594940418,0.008821052567178706,-0.9945000331899634,0.10473330846336666,1,1,instant_velocity,dbscan_kmeans_fallback,False
3350,154,4.06681731329,5.21972847953,-0.040830231268000006,0.0022434021169999594,-0.03879292900620001,0.0080667012302,-0.0398047120460375,0.00751463160144729,-0.998493708525317,0.054861871460238736,1,1,instant_velocity,dbscan_kmeans_fallback,False
3350,155,13.3916844604,3.84624133218,-0.0011154650799999998,0.0014796907580000075,-0.0011196743820000065,0.0014796907581999985,-0.0016838185167937084,0.001031223874934747,-0.6019625643423958,0.798517550293397,2,2,instant_velocity,dbscan_kmeans_fallback,False
3350,156,9.98699038195,6.40324242631,-0.03994627780500011,0.006085824893000069,-0.041032277773000024,-0.00024343299579999923,-0.039845947688499896,0.0006898120315565572,-0.9885926525162096,0.15061232496027546,-1,-1,instant_velocity,dbscan_kmeans_fallback,False
3350,157,13.4741867833,10.1134476727,-0.0066717439799999665,0.0367058772,-0.007033743963999975,0.040677176264000005,-0.00809442635447138,0.03711013214498367,-0.1788321506825731,0.9838793248128291,-1,-1,instant_velocity,dbscan_kmeans_fallback,False
3350,158,11.7649996281,5.89012385693,-0.05051162630999997,-0.0038185567950000275,-0.0456919753,-0.009121577545000007,-0.043166452023805583,-0.007513506014685331,-0.9971544958686492,-0.07538246843400953,-1,-1,instant_velocity,dbscan_kmeans_fallback,False
3350,159,2.01646621532,6.31923417681,0.025024301533999992,0.0051550516739999885,0.02470860387,0.004797061974200005,0.022738683476348234,0.004475642196878407,0.9794335426675649,0.20176509289740446,-1,-1,instant_velocity,dbscan_kmeans_fallback,False
3350,232,12.5632937889,7.93973421687,0.0006734883500000066,0.0001193298999999648,0.0006692790500000001,0.00011455670400000173,0.0006718365959256066,0.00011680330851602188,0.9846490724970113,0.17446192700456556,3,3,instant_velocity,dbscan_kmeans_fallback,False
3350,233,13.4038914367,8.17982597538,0.00023151162000001335,0.000501185579999941,0.000223093016,0.0005107319713999914,0.00023613663617635554,0.000519637837632328,0.419342042748776,0.9078083636294076,3,3,instant_velocity,dbscan_kmeans_fallback,False
3350,238,12.6434809956,8.37552701114,0.0002315116199998357,-0.0006443814599998987,0.0002399302239999912,-0.0006348350673999903,0.00023995956154809897,-0.000631171781747082,0.3381123432229432,-0.9410902371558784,3,3,instant_velocity,dbscan_kmeans_fallback,False
3350,248,11.9382124133,5.37390271015,0.00048406975000006016,0.0004057216600000579,0.0005808837020000012,0.00030548454359999864,0.0005682909794404188,0.0003175739392346648,0.7663916536215204,0.6423489464430984,2,2,instant_velocity,dbscan_kmeans_fallback,False
3350,249,12.3383065867,4.93930321487,0.0006734883500000066,4.773195999998592e-05,0.0003535813839999946,0.00019570103579999554,0.00039250735726969316,0.00017611201600365822,0.9974831760287246,0.07069435879456791,2,2,instant_velocity,dbscan_kmeans_fallback,False
3350,256,5.22921611376,4.61162330986,0.04242976610099998,0.012720567323999976,0.02033934819419999,0.005565546529199991,0.024053062389254233,0.006627635337042014,0.9578780135224836,0.2871746153440366,-1,-1,instant_velocity,dbscan_kmeans_fallback,False
3350,259,8.98033576261,8.52564402516,0.022667092306999946,-0.007350721831999962,0.022452417894799997,-0.006768391919999992,0.020654854618545392,-0.006823949845592259,0.9512318718843125,-0.308475423016427,-1,-1,instant_velocity,dbscan_kmeans_fallback,False
3350,260,7.52917883174,6.53211871816,0.04754406826400004,0.007064330071999958,0.0511472309412,0.006758845527999995,0.048614661517594984,0.005290848840853315,0.989140541107855,0.1469713368065621,-1,-1,instant_velocity,dbscan_kmeans_fallback,False
3350,261,3.71891848708,4.60708877367,0.04485011486099997,-0.007279123890999983,0.029284115353199996,-0.01417639210299999,0.03159292108331236,-0.011807223521906503,0.9870839266940532,-0.1602026263586822,-1,-1,instant_velocity,dbscan_kmeans_fallback,False
3350,329,6.53052188657,9.50247858539,-0.0005682557960000167,-0.0014319587980001103,-0.00056404649380001,-0.0014319587982000214,-0.00041612089815264966,-0.0015283109333598809,-0.36885332000724264,-0.9294806326197256,0,0,instant_velocity,dbscan_kmeans_fallback,False
3350,330,5.90712423186,9.26095486808,-0.007008488149999969,-0.015011701401999922,-0.0027865580513999964,-0.008362639381999984,-0.003593892305323356,-0.009569344058447221,-0.4230352652388062,-0.9061125521459037,-1,-1,instant_velocity,dbscan_kmeans_fallback,False
3350,331,5.982260276,10.1938760252,-0.0017047673880000503,-0.0036514949300000764,-0.0017089766900000036,-0.0036514949340000057,-0.0019831489618534104,-0.0037151687755850957,-0.42303447139875666,-0.9061108503137184,0,0,instant_velocity,dbscan_kmeans_fallback,False
3350,332,6.74856374014,10.3618925242,-0.0005893023070000503,-0.0009546391900000728,-0.0005935116092000037,-0.000968958786000016,-0.0006555290066351582,-0.0011036245909405674,-0.5252766920612392,-0.8509210126598339,0,0,instant_velocity,dbscan_kmeans_fallback,False
3350,354,13.2708774874,6.09656458368,0.02487697595,-0.028209588326000023,0.02227141790000001,-0.019092783976999997,0.02074298996205296,-0.019779901137645835,0.6614145831124482,-0.7500201447280447,4,4,instant_velocity,dbscan_kmeans_fallback,False
3350,355,12.463743792,6.37889912674,0.029465115350000026,-0.024820619169999957,0.020991790033999997,-0.0122766600972,0.02067801666336845,-0.015936873735923753,0.7648100797976649,-0.6442554017707283,4,4,instant_velocity,dbscan_kmeans_fallback,False
3350,376,2.56872666298,12.6740286638,-0.014416860008999999,0.00825762907000005,-0.017460185494599996,0.010214639428000005,-0.016411102264847988,0.010552730412059154,-0.8677385707226296,0.4970196868309954,-1,-1,instant_velocity,dbscan_kmeans_fallback,False
3350,391,14.4038111726,6.19035788497,0.0029044185200000072,-0.02992793888399996,-0.00036620929000001466,-0.026548516119999997,0.0008181612298822076,-0.026073634155127767,0.09659323111523244,-0.9953236069520561,5,5,instant_velocity,dbscan_kmeans_fallback,False
3350,392,14.9703832477,6.01040839598,0.002104651099999977,-0.02283974283300001,0.00221830225599998,-0.021951928377800006,0.0021493413848903426,-0.02196875401101206,0.09175983384245921,-0.9957807293382748,5,5,instant_velocity,dbscan_kmeans_fallback,False
3350,393,12.989696101,11.0721440881,-0.006229767239999973,0.012386443599999986,-0.016336301808000008,0.010606041499999996,-0.01333840448259654,0.011040905526565663,-0.44932069606479674,0.8933697272643792,6,6,instant_velocity,dbscan_kmeans_fallback,False
3350,394,13.5771042219,12.2575673133,-0.01607953437999985,0.010357835309999962,-0.015014580921999966,0.01776583549199998,-0.014687571202036549,0.015480697299743832,-0.840678451934459,0.5415336506655068,6,6,instant_velocity,dbscan_kmeans_fallback,False
3350,395,13.0637798196,10.489575517,-0.01805790639999998,0.005680103230000099,-0.023913045753999995,0.009455701263999998,-0.021362465636593973,0.008459823883628918,-0.9539212440810734,0.30005533419259633,6,6,instant_velocity,dbscan_kmeans_fallback,False
3350,396,13.7717844483,9.46023580084,-0.035673836089999966,-0.018687062318000082,-0.022507138823999996,-0.0234650315072,-0.020568388534811098,-0.019309845541937716,-0.8858234845960831,-0.4640218287047415,-1,-1,instant_velocity,dbscan_kmeans_fallback,False
3350,415,5.00612309755,2.48086861802,-0.015027208828000039,0.026133248068000013,-0.0023235348104000053,0.03725479473524,-0.00392740501264704,0.030899106944624548,-0.4984856970500463,0.866897540885011,-1,-1,instant_velocity,dbscan_kmeans_fallback,False
3350,416,5.62131261299,2.61666604406,-0.00860802298400003,0.03906860921300002,-0.004192464983799997,0.04489668152212,-0.004620907085785858,0.03959705233824072,-0.21516997653573564,0.9765763571112938,-1,-1,instant_velocity,dbscan_kmeans_fallback,False
3360,142,9.29329738062,9.30486827123,0.00025255813099995806,-0.0005727835190000973,0.0002525581313999936,-0.000577556715200025,0.00025308904223216505,-0.0005748320040798727,0.40344590345022285,-0.9149860405976418,0,0,instant_velocity,dbscan_kmeans_fallback,False
3360,150,2.63775921894,7.69272132416,-0.032074882707000006,-0.0022911340780000346,-0.03227271991,0.00286391759639999,-0.03285465429939283,0.0020550269189054207,-0.9974582326701416,-0.07124922541816509,1,1,instant_velocity,dbscan_kmeans_fallback,False
3360,151,2.48348829358,7.22184553933,-0.028054999113000002,0.003723092876000056,-0.0300249525392,0.005708742409200003,-0.030830525738777675,0.0054550402357254595,-0.9913087106884018,0.13155353824162455,1,1,instant_velocity,dbscan_kmeans_fallback,False
3360,152,3.45794175115,5.88725993933,-0.03468465006599999,0.0038901547350000064,-0.035564394224400005,0.0037326392673999995,-0.036454834617320624,0.00435555336139546,-0.9937687519740624,0.11145893669478163,1,1,instant_velocity,dbscan_kmeans_fallback,False
3360,153,2.90504990816,5.4144748761,-0.029675580457000007,0.001217164978999996,-0.0354339058566,0.00629107232039999,-0.03569300130168293,0.006539886290725092,-0.9991595791869009,0.04098123876568689,1,1,instant_velocity,dbscan_kmeans_fallback,False
3360,154,3.60505686278,5.14264136423,-0.046176045050999946,-0.007708711529999945,-0.039841045252,0.004272010415,-0.04171611194752623,0.0029476286620131196,-0.986349672501839,-0.1646629780577525,-1,-1,instant_velocity,dbscan_kmeans_fallback,False
3360,155,13.3805298096,3.86103823976,-0.0011154650799999998,0.0014796907580000075,-0.0011196743820000065,0.0014796907581999985,-0.0015133124857555959,0.0011657639398543252,-0.6019625643423958,0.798517550293397,2,2,instant_velocity,dbscan_kmeans_fallback,False
3360,156,9.62057062609,6.43856407667,-0.03664197558599991,0.0035321650359999347,-0.03994206850419999,0.0033889691559999945,-0.038884756057749895,0.0015425179328895707,-0.9953857005051878,0.09595188339140923,3,3,instant_velocity,dbscan_kmeans_fallback,False
3360,157,13.4958646896,10.4425595365,0.0021677906299998996,0.03291118637999997,-0.005467883548000003,0.03826671228679999,-0.005015761259129995,0.03585044841548856,0.06572545363641527,0.9978374408501849,-1,-1,instant_velocity,dbscan_kmeans_fallback,False
3360,158,11.2449403422,5.90086354792,-0.05200592859000004,0.0010739690990000383,-0.04744304501200002,-0.005689649624999991,-0.045818294993663924,-0.00493726348057972,-0.9997866461893158,0.02064649151955867,3,3,instant_velocity,dbscan_kmeans_fallback,False
3360,159,2.3309010891,6.41994861229,0.031443487378000026,0.010071443547999959,0.026219743357000006,0.0060380929327999945,0.025350124646843775,0.0061543826022148725,0.95234005922039,0.30503738435985034,-1,-1,instant_velocity,dbscan_kmeans_fallback,False
3360,232,12.5700286724,7.94092751587,0.0006734883500000066,0.00011932990000005362,0.0006734883519999712,0.00011455670400000173,0.0006723321221479266,0.00011756128596123141,0.984649072496989,0.17446192700469146,4,4,instant_velocity,dbscan_kmeans_fallback,False
3360,233,13.4062065529,8.18507649097,0.00023151162000001335,0.0005250515589999338,0.00022730231800000667,0.0005107319713999914,0.0002347491313234529,0.0005212619540426097,0.40344531749260754,0.9149847118719339,4,4,instant_velocity,dbscan_kmeans_fallback,False
3360,238,12.6457961118,8.36932185635,0.00023151162000001335,-0.0006205154790000833,0.0002399302239999912,-0.0006300618711999917,0.00023742517908367328,-0.0006279748909229824,0.34955342421069585,-0.9369003182656954,4,4,instant_velocity,dbscan_kmeans_fallback,False
3360,248,11.9432635759,5.37819858654,0.0005051162599999159,0.000429587638999962,0.0005598371920000033,0.0003341237195999902,0.0005493385636082679,0.00035117804916425394,0.7617500737529492,0.6478477166655273,2,2,instant_velocity,dbscan_kmeans_fallback,False
3360,249,12.3507240282,4.93739393647,0.0012417441500000236,-0.00019092783999994368,0.0005472092860000188,0.00010978350780000313,0.0006472783950887923,6.600005920257763e-05,0.9883769522503626,-0.15197065885020325,2,2,instant_velocity,dbscan_kmeans_fallback,False
3360,256,5.67456028572,4.80446042803,0.04453441719600004,0.019283711816999994,0.02910732466120001,0.009159763112999996,0.030197468831277975,0.010424458281029409,0.9176646736522657,0.39735517439175205,-1,-1,instant_velocity,dbscan_kmeans_fallback,False
3360,259,9.22447528978,8.48101464262,0.024413952717000066,-0.004462938254000015,0.022877557416400015,-0.006396082632200013,0.021782584048081796,-0.0061156463681145854,0.9836986037782786,-0.17982283246381006,-1,-1,instant_velocity,dbscan_kmeans_fallback,False
3360,260,7.96210556224,6.70228315535,0.04329267304999993,0.01701644371900004,0.04879844031779999,0.00887814454919999,0.04701806497731646,0.008808527304297334,0.9306883016582422,0.365812595743594,-1,-1,instant_velocity,dbscan_kmeans_fallback,False
3360,261,4.16720917059,4.53453619456,0.04482906835099998,-0.00725525791099999,0.03276099896439999,-0.012720567324599995,0.035563765263618645,-0.01044163383863455,0.9871550399078531,-0.15976384689946835,-1,-1,instant_velocity,dbscan_kmeans_fallback,False
3360,329,6.52504979372,9.48815899741,-0.0005472092849999832,-0.0014319587979999327,-0.0005598371916000033,-0.001431958798199986,-0.00045544741420684975,-0.0014994052927518964,-0.3569619030090333,-0.9341119596766337,0,0,instant_velocity,dbscan_kmeans_fallback,False
3360,330,5.84987772204,9.11608836965,-0.005724650982000057,-0.014486649842999988,-0.003893604528200001,-0.010400794071599969,-0.004233119908326367,-0.011044535793813051,-0.3675126752373726,-0.9300178221813447,0,0,instant_velocity,dbscan_kmeans_fallback,False
3360,331,5.96521260212,10.157122416,-0.0017047673879999614,-0.0036753609199999815,-0.0017089766900000036,-0.0036562681319999867,-0.0018996344896973758,-0.0037032264189095616,-0.4207751649012805,-0.907162236954259,0,0,instant_velocity,dbscan_kmeans_fallback,False
3360,332,6.74267071707,10.3521074724,-0.0005893023069999615,-0.0009785051799999778,-0.0005935116092000037,-0.0009689587859999804,-0.0006356609967445992,-0.0010660887676583906,-0.5159062077385722,-0.8566348556079393,0,0,instant_velocity,dbscan_kmeans_fallback,False
3360,354,13.5076507358,5.82091251501,0.02367732484000005,-0.027565206867000036,0.022035696978000025,-0.021135711862599996,0.021623290425437088,-0.022115492856452097,0.6515841174295975,-0.7585760262010437,5,5,instant_velocity,dbscan_kmeans_fallback,False
3360,355,12.7304030859,6.11494138826,0.02666592939000001,-0.026395773848000025,0.023588929486000013,-0.016954392171600007,0.022474390481357916,-0.019074543769546634,0.7106975065129265,-0.7034973498162679,5,5,instant_velocity,dbscan_kmeans_fallback,False
3360,376,2.42981969063,12.7551729957,-0.013890697235000004,0.008114433190000093,-0.016896139000600004,0.009312505386000005,-0.015654980755893593,0.009821241245441436,-0.8634663529034263,0.504405208314073,-1,-1,instant_velocity,dbscan_kmeans_fallback,False
3360,391,14.4768425656,5.9151831359,0.007303139300000083,-0.02751747490699996,0.0015448139040000087,-0.02796138213439999,0.0027636546509175706,-0.026506786380689425,0.25651942544687645,-0.9665387120429688,5,5,instant_velocity,dbscan_kmeans_fallback,False
3360,392,14.9914297586,5.78201096766,0.0021046510900001535,-0.02283974283200001,0.002104651096000012,-0.022844516028600007,0.002135934296423286,-0.022230050657308445,0.09175983341413553,-0.9957807293777441,5,5,instant_velocity,dbscan_kmeans_fallback,False
3360,393,12.90151122,11.2227384217,-0.008818488100000011,0.015059433360000086,-0.013162487956,0.011827979674000027,-0.01198242956781758,0.01224646387659599,-0.5053159039194868,0.8629337698855327,6,6,instant_velocity,dbscan_kmeans_fallback,False
3360,394,13.4156774829,12.3530312332,-0.016142673900000126,0.009546391990000024,-0.015490232068000011,0.015264680789999971,-0.015124102011425623,0.01370040570682069,-0.8607499491901692,0.5090269723123066,6,6,instant_velocity,dbscan_kmeans_fallback,False
3360,395,12.8383716872,10.6282368606,-0.022540813240000013,0.013866134359999904,-0.024014069007999978,0.009498660028000004,-0.021715969917615784,0.010081717026540215,-0.8517445966940411,0.5239564736380158,6,6,instant_velocity,dbscan_kmeans_fallback,False
3360,396,13.4148356224,9.27360383747,-0.03569488259,-0.01866319633699991,-0.025243185247999983,-0.023073629436599994,-0.02510633675136777,-0.019115850780456373,-0.8861792749047694,-0.46334198622525663,-1,-1,instant_velocity,dbscan_kmeans_fallback,False
3360,415,4.85564054417,2.74220109871,-0.015048255337999982,0.02613324806899997,-0.006137162596600004,0.0331593925722,-0.007263660110252923,0.029469349281937174,-0.49901009814048963,0.8665957874007368,-1,-1,instant_velocity,dbscan_kmeans_fallback,False
3360,416,5.53523238315,3.00711347639,-0.00860802298399994,0.03904474323299998,-0.006137162596799985,0.04516875369378,-0.005817041855250083,0.0394313596066685,-0.21529540394589494,0.9765487129782664,-1,-1,instant_velocity,dbscan_kmeans_fallback,False
3370,142,9.29582296194,9.29914043603,0.00025255813200004696,-0.0005727835200000087,0.0002525581316000114,-0.0005727835194000263,0.0002529297691625296,-0.0005742174588559135,0.40344590419811555,-0.9149860402679092,0,0,instant_velocity,dbscan_kmeans_fallback,False
3370,150,2.31722085698,7.67004864319,-0.032053836195999975,-0.0022672680969999526,-0.0321801152616,0.0005298247554000035,-0.03261440886837497,0.0007583384141338085,-0.9975074498282133,-0.07055682208164268,1,1,instant_velocity,dbscan_kmeans_fallback,False
3370,151,2.20041272113,7.25048471529,-0.02830755724499996,0.002863917595999954,-0.028673766535400002,0.004114494946999994,-0.030073635190644363,0.004677703443807808,-0.9949207718566667,0.10065761169305613,1,1,instant_velocity,dbscan_kmeans_fallback,False
3370,152,3.16034408614,5.90730736251,-0.029759766501000005,0.0020047423180000303,-0.033998533808800004,0.003451020703999994,-0.03444631418242444,0.003650310048376831,-0.9977383922317938,0.06721183034595307,1,1,instant_velocity,dbscan_kmeans_fallback,False
3370,153,2.60808363848,5.42664652588,-0.029696626967999996,0.001217164977999996,-0.033518673358999995,0.004553628978399988,-0.033894089001578045,0.004943069896907563,-0.9991607682710686,0.04095224335886989,1,1,instant_velocity,dbscan_kmeans_fallback,False
3370,154,3.14329641226,5.06579290872,-0.046176045052000035,-0.007684845551000042,-0.0415500219422,0.000916453630999996,-0.04305409187886837,-0.00024211360189082924,-0.9864323528302036,-0.16416694564190168,-1,-1,instant_velocity,dbscan_kmeans_fallback,False
3370,155,13.3693751587,3.87583514735,-0.0011154650900000007,0.0014796907590000075,-0.001115465082,0.0014796907581999985,-0.0013939582670289175,0.00125994198559803,-0.6019625675240261,0.7985175478949493,2,2,instant_velocity,dbscan_kmeans_fallback,False
3370,156,9.25415087023,6.47388572703,-0.03664197558600009,0.0035321650360000236,-0.03895709179140003,0.005317340337599994,-0.03821192191622495,0.002139412063822707,-0.9953857005051876,0.09595188339141116,3,3,instant_velocity,dbscan_kmeans_fallback,False
3370,157,13.517753061,10.7716714003,0.0021888371400001104,0.032911186380000144,-0.0038978138299999897,0.035851475113600026,-0.002854381739390963,0.034968669804842034,0.06636076817451875,0.9977953908948468,-1,-1,instant_velocity,dbscan_kmeans_fallback,False
3370,158,10.7101484986,5.96052849784,-0.0534791843599999,0.005966494992000015,-0.04972027749799999,-0.0023054536651999948,-0.04811656180356472,-0.001666135938805799,-0.993833756320884,0.11087873162112545,3,3,instant_velocity,dbscan_kmeans_fallback,False
3370,159,2.65249177661,6.52591356336,0.03215906875099996,0.010596495106999981,0.0277350921464,0.007226618735199999,0.027392807878090633,0.007487016353650405,0.9497688746884616,0.3129512645823807,-1,-1,instant_velocity,dbscan_kmeans_fallback,False
3370,232,12.5767635559,7.94212081486,0.0006734883500000066,0.00011932989899996472,0.0006734883500000066,0.0001193298998000003,0.0006726789905035506,0.0001180918698728514,0.9846490727481653,0.17446192558705184,4,4,instant_velocity,dbscan_kmeans_fallback,False
3370,233,13.4259902732,8.18794040857,0.001978372029999953,0.0002863917600000931,0.0005766743999999946,0.0004677732074000218,0.0007578360009264031,0.00045080089582985475,0.9896789843945437,0.1432672429036842,4,4,instant_velocity,dbscan_kmeans_fallback,False
3370,238,12.6483216932,8.36287804176,0.00025255814000004764,-0.0006443814589999874,0.00023993022599999136,-0.0006348350672000081,0.00024196506735858558,-0.0006328968613460838,0.36490634073169304,-0.9310287137804806,4,4,instant_velocity,dbscan_kmeans_fallback,False
3370,248,11.9481042734,5.38225580314,0.00048406975000006016,0.0004057216599999691,0.0005345813779999986,0.00035798969960000094,0.0005297579195258056,0.0003675411324149685,0.7663916536215896,0.6423489464430158,2,2,instant_velocity,dbscan_kmeans_fallback,False
3370,249,12.3631414696,4.93524599827,0.0012417441400000228,-0.00021479382000002544,0.0007408371860000073,1.909278379999435e-05,0.0008256181185621615,-1.82381045582033e-05,0.9853591419115126,-0.1704449792395373,2,2,instant_velocity,dbscan_kmeans_fallback,False
3370,256,6.11969399258,4.9970588864,0.04451337068600001,0.019259845837,0.037871091826,0.012749206500599986,0.034492239387694586,0.013075074547820587,0.9177755502758487,0.39709901404613407,5,5,instant_velocity,dbscan_kmeans_fallback,False
3370,259,9.47997993286,8.45547804405,0.025550464307999832,-0.002553659856999957,0.023529999255999988,-0.005646690861199986,0.02291294812605721,-0.005047050414780197,0.995042147699525,-0.09945021577583285,-1,-1,instant_velocity,dbscan_kmeans_fallback,False
3370,260,8.39040206033,6.88318728354,0.04282964980900008,0.01809041281899999,0.04635283574400001,0.011212237390599995,0.04576154042682154,0.011593092958708131,0.9211970769292067,0.3890957662185589,-1,-1,instant_velocity,dbscan_kmeans_fallback,False
3370,261,4.56561962311,4.70493929155,0.03984104525200003,0.017040309698999945,0.035749603521,-0.006114464068600008,0.03684694926013306,-0.0021970507773442,0.9194322076358087,0.39324795487294334,5,5,instant_velocity,dbscan_kmeans_fallback,False
3370,329,6.51936723576,9.47383940943,-0.0005682557960000167,-0.0014319587980001103,-0.0005598371916000033,-0.0014319587982000214,-0.0004892899287447998,-0.0014791713443263604,-0.36885332000724264,-0.9294806326197256,0,0,instant_velocity,dbscan_kmeans_fallback,False
3370,330,5.84440562919,8.9938945522,-0.0005472092849999832,-0.012219381745000035,-0.003960953363200002,-0.01199026833759998,-0.003127346721328452,-0.011396989579169146,-0.04473720334125115,-0.9989979717366375,0,0,instant_velocity,dbscan_kmeans_fallback,False
3370,331,5.94816492824,10.1206074666,-0.0017047673880000503,-0.0036514949400000773,-0.0017089766900000036,-0.0036562681320000223,-0.001841174359188178,-0.0036877069752367163,-0.42303447044756326,-0.9061108507578066,0,0,instant_velocity,dbscan_kmeans_fallback,False
3370,332,6.736777694,10.3423224206,-0.0005893023070000503,-0.0009785051799999778,-0.0005935116092000037,-0.0009689587859999804,-0.0006217533898212345,-0.0010398136913608667,-0.5159062077386293,-0.856634855607905,0,0,instant_velocity,dbscan_kmeans_fallback,False
3370,354,13.6970693344,5.57031972531,0.018941859859999965,-0.025059278969999977,0.021640022571999998,-0.023073629436399994,0.02081886125580595,-0.02299862869051646,0.6029987041690917,-0.7977417665427594,6,6,instant_velocity,dbscan_kmeans_fallback,False
3370,355,12.9316077307,5.81399138082,0.020120464479999888,-0.030095000744,0.024136138771999997,-0.0217275881658,0.021768212680950506,-0.022380680861882645,0.5557921182841733,-0.8313209781960076,6,6,instant_velocity,dbscan_kmeans_fallback,False
3370,376,2.29070225316,12.8360786678,-0.013911743746999994,0.00809056721000001,-0.0159911390294,0.008844732178000001,-0.015132009653225514,0.009302039034809008,-0.8644433519148927,0.5027290011299497,-1,-1,instant_velocity,dbscan_kmeans_fallback,False
3370,391,14.5496634935,5.63976972703,0.00728209279000005,-0.027541340887000044,0.0034516277980000255,-0.0293790213446,0.004119186092642314,-0.02681715273258261,0.25562142735858984,-0.9667765945762404,6,6,instant_velocity,dbscan_kmeans_fallback,False
3370,392,15.0124762696,5.55361353933,0.002104651099999977,-0.02283974283300001,0.002104651096000012,-0.022844516028600007,0.002126549337496293,-0.022412958310015912,0.09175983384245921,-0.9957807293382748,6,6,instant_velocity,dbscan_kmeans_fallback,False
3370,393,12.7962786652,11.3909935805,-0.01052325548000006,0.01682551587999992,-0.010249650840000015,0.013355402392000002,-0.011544677341472324,0.013620179477617168,-0.5302634564731562,0.8478323294943596,7,7,instant_velocity,dbscan_kmeans_fallback,False
3370,394,13.2544612089,12.4484951531,-0.016121627399999915,0.009546391990000024,-0.015890115775999972,0.012944907537999982,-0.01542335962799791,0.012454201591774489,-0.8604587476409079,0.5095190635782004,7,7,instant_velocity,dbscan_kmeans_fallback,False
3370,395,12.6015984388,10.787422947,-0.02367732484000005,0.01591860864000001,-0.022814417883999988,0.010477165205999981,-0.02230437639433106,0.011832784510578153,-0.8298804352903636,0.5579406439135597,7,7,instant_velocity,dbscan_kmeans_fallback,False
3370,396,12.9025635456,9.17241208239,-0.05122720768000004,-0.010119175508000034,-0.031329836218000014,-0.020663165458200013,-0.03294259802995746,-0.016416848198719473,-0.9810427500437329,-0.19379045273278367,-1,-1,instant_velocity,dbscan_kmeans_fallback,False
3370,415,4.55656962339,3.09947481888,-0.02990709207800002,0.03572737201700003,-0.012796278665200002,0.031235794586600002,-0.014056689700577052,0.03134675610245603,-0.6418835695295875,0.7668018348414789,8,8,instant_velocity,dbscan_kmeans_fallback,False
3370,416,5.20459169593,3.47297740543,-0.03306406872200007,0.04658639290400002,-0.012674208901600004,0.046261815576399995,-0.013991149915275083,0.041577869595867956,-0.5787790073476793,0.8154842184605486,8,8,instant_velocity,dbscan_kmeans_fallback,False
3380,142,9.29834854326,9.29317394104,0.0002525581319998693,-0.0005966494990000016,0.0002525581315999759,-0.0005775567154000071,0.00025281827801373153,-0.0005809470708991399,0.3898034960010284,-0.920881298716539,0,0,instant_velocity,dbscan_kmeans_fallback,False
3380,150,2.0269894708,7.62876049784,-0.029023138618000034,-0.004128814535000025,-0.031477161795600006,-0.002176577373399997,-0.031537027793262486,-0.0007078074706063416,-0.9900318347331301,-0.14084134328682638,1,1,instant_velocity,dbscan_kmeans_fallback,False
3380,151,1.89523831218,7.20275275535,-0.030517440895000015,-0.0047731959940000126,-0.028602208398,0.0018472268497999877,-0.03020677690195106,0.0018424336124654617,-0.9879877733629311,-0.1545299718335682,1,1,instant_velocity,dbscan_kmeans_fallback,False
3380,152,2.87516386259,5.92258158969,-0.028518022354999985,0.0015274227179999933,-0.03247476641540001,0.003030979456399994,-0.03266782663419711,0.0030134438492637797,-0.9985683969581266,0.05348323372512059,1,1,instant_velocity,dbscan_kmeans_fallback,False
3380,153,2.31132783391,5.43905683547,-0.029675580457000007,0.001241030958999989,-0.0318475803884,0.0031073505921999887,-0.03262853643820464,0.0038324582155352905,-0.9991263553044363,0.041783403046902964,1,1,instant_velocity,dbscan_kmeans_fallback,False
3380,154,2.71878828614,4.97486352503,-0.04245081261199997,-0.009092938368999982,-0.042581300979399994,-0.0026777629528000092,-0.04287310809880785,-0.0028973610320235754,-0.9778194782305026,-0.20944834043163418,-1,-1,instant_velocity,dbscan_kmeans_fallback,False
3380,155,13.3582205079,3.89063205493,-0.0011154650799999998,0.0014796907580000075,-0.001115465082,0.0014796907582000074,-0.0013104103109202422,0.0013258666173186233,-0.6019625643423958,0.798517550293397,2,2,instant_velocity,dbscan_kmeans_fallback,False
3380,156,8.91319739264,6.52567490356,-0.03409534775899985,0.005178917652999981,-0.037622742997199976,0.0050070825977999965,-0.03697694966905742,0.0030512637405758895,-0.9886595054939288,0.150172574921375,3,3,instant_velocity,dbscan_kmeans_fallback,False
3380,157,13.5127018984,11.0917141917,-0.0005051162600000936,0.03200427913999988,-0.00234879062400001,0.034429062707,-0.002149602095573702,0.034079352605389385,-0.015780802328203617,0.9998751629276299,-1,-1,instant_velocity,dbscan_kmeans_fallback,False
3380,158,10.1827229339,6.01518159198,-0.052742556470000146,0.005465309413999986,-0.051850184408,0.0009737319827999968,-0.04950436020349534,0.0004732976670359368,-0.9946738659628962,0.1030704768093461,3,3,instant_velocity,dbscan_kmeans_fallback,False
3380,159,2.97408246412,6.63211717424,0.03215906875100001,0.010620361088000064,0.029162045589799998,0.008319680618000013,0.028822686139963447,0.008427019773955302,0.9495592060391375,0.3135868678491102,-1,-1,instant_velocity,dbscan_kmeans_fallback,False
3380,232,12.5832879743,7.94331411386,0.0006524418399999731,0.0001193298999999648,0.000669279048,0.0001193298998000003,0.0006666078453524774,0.0001184632789109854,0.9836677040259245,0.17991024112526777,4,4,instant_velocity,dbscan_kmeans_fallback,False
3380,233,13.4504042259,8.19008834677,0.0024413952699999797,0.00021479382000002544,0.001018651129999988,0.0004057216596000046,0.001262903781648476,0.000379998773080906,0.9961480242843235,0.08764104774459965,4,4,instant_velocity,dbscan_kmeans_fallback,False
3380,238,12.6506368094,8.35667288697,0.00023151162000001335,-0.0006205154790000833,0.00023993022599999136,-0.0006300618712000272,0.00023882903315101392,-0.0006291824466422836,0.34955342421069585,-0.9369003182656954,4,4,instant_velocity,dbscan_kmeans_fallback,False
3380,248,11.952944971,5.38655167953,0.000484069760000061,0.00042958763900005084,0.0005135348680000007,0.00039140207140000885,0.0005160514716680822,0.0003861550843904932,0.747931966518781,0.6637521162847019,2,2,instant_velocity,dbscan_kmeans_fallback,False
3380,249,12.3755589111,4.93309806008,0.0012417441500000236,-0.00021479381900002537,0.0009344650859999959,-6.682474379999803e-05,0.0009504559279935201,-7.720481889074993e-05,0.985359142275383,-0.17044497713632462,2,2,instant_velocity,dbscan_kmeans_fallback,False
3380,256,6.45370212156,5.17462177739,0.03340081289799999,0.017756289099,0.0411838126516,0.015474701413399999,0.0341648114407862,0.014479438913174412,0.8829828411691812,0.4694047011710663,5,5,instant_velocity,dbscan_kmeans_fallback,False
3380,259,9.73548457595,8.42970278568,0.025550464309000098,-0.0025775258370000385,0.024169813189399994,-0.004854340326199988,0.023704202980940073,-0.004306193041446149,0.9949497558795828,-0.10037033657322472,-1,-1,instant_velocity,dbscan_kmeans_fallback,False
3380,260,8.81848809331,7.06433007152,0.04280860329799996,0.018114278797999983,0.04480381253700001,0.013469959095799986,0.044875659288175065,0.013549448710495685,0.9209443037418243,0.389693673472145,-1,-1,instant_velocity,dbscan_kmeans_fallback,False
3380,261,4.96403007563,4.87558104835,0.03984104525200003,0.017064175680000026,0.03950851037900001,0.0009355464149999903,0.037745178057693146,0.003581317159859069,0.9192329947523721,0.3937133981824832,5,5,instant_velocity,dbscan_kmeans_fallback,False
3380,329,6.5136846778,9.45951982144,-0.0005682557960000167,-0.0014319587989998438,-0.00056404649380001,-0.0014319587984000038,-0.0005129796889213648,-0.0014650075807284054,-0.3688533197847627,-0.9294806327080184,0,0,instant_velocity,dbscan_kmeans_fallback,False
3380,330,5.83914400145,8.87146207495,-0.0005261627739999497,-0.012243247725000118,-0.0040283021982000025,-0.013584515799600006,-0.0023469915371299014,-0.011650867022918438,-0.04293608524748291,-0.9990770043087589,0,0,instant_velocity,dbscan_kmeans_fallback,False
3380,331,5.93111725436,10.0840925173,-0.0017047673879999614,-0.003651494929999899,-0.001704767387999997,-0.0036562681319999867,-0.001800252267831713,-0.0036768433616656713,-0.42303447139875544,-0.9061108503137191,0,0,instant_velocity,dbscan_kmeans_fallback,False
3380,332,6.73088467093,10.3327760286,-0.0005893023069999615,-0.0009546392000000737,-0.0005935116092000037,-0.000968958786000016,-0.0006120180649748526,-0.0010142613439526288,-0.5252766880770723,-0.8509210151193541,0,0,instant_velocity,dbscan_kmeans_fallback,False
3380,354,13.8890135144,5.30874858483,0.01919441800000001,-0.02615711404800001,0.02163581326999999,-0.025398175885400002,0.02033152827906417,-0.023946174297761524,0.591614683378763,-0.806220472306569,6,6,instant_velocity,dbscan_kmeans_fallback,False
3380,355,13.1330228406,5.51304137338,0.0201415109900001,-0.030095000744,0.02468755735800002,-0.026500784160199995,0.021280202173665386,-0.02469497682651785,0.5561937072196728,-0.8310523495925708,6,6,instant_velocity,dbscan_kmeans_fallback,False
3380,376,2.1515848157,12.9169843399,-0.013911743745999993,0.00809056721000001,-0.014997743712,0.008486742478000018,-0.01476592988105786,0.008938597487366308,-0.8644433518991882,0.5027290011569535,-1,-1,instant_velocity,dbscan_kmeans_fallback,False
3380,391,14.6077518638,5.4149521957,0.005808837030000014,-0.022481753133000028,0.004659697528000031,-0.027794320274600003,0.004626081373849624,-0.025516532852707836,0.2501643475804402,-0.9682029425055942,6,6,instant_velocity,dbscan_kmeans_fallback,False
3380,392,15.0335227806,5.32521611101,0.002104651099999977,-0.02283974283200001,0.002104651098000012,-0.022844516028400007,0.0021199798662473986,-0.022540993666611144,0.09175983384644294,-0.9957807293379078,6,6,instant_velocity,dbscan_kmeans_fallback,False
3380,393,12.6910461104,11.5594873991,-0.010523255479999882,0.016849381860000002,-0.00846490670999998,0.014696670466000015,-0.011238250783030592,0.014588940192332018,-0.5297232415392842,0.8481699597406823,7,7,instant_velocity,dbscan_kmeans_fallback,False
3380,394,13.1210263294,12.5501642277,-0.013343487950000111,0.010166907460000018,-0.015448139046000016,0.011450897190000014,-0.01479939812459857,0.011768013352242148,-0.7954185887184186,0.6060594661431017,7,7,instant_velocity,dbscan_kmeans_fallback,False
3380,395,12.4033403056,10.9647471782,-0.01982581331999995,0.017732423120000007,-0.02067609236799999,0.011875711633999976,-0.021560807472031727,0.013602676093404709,-0.7453617537477036,0.6666596614014504,7,7,instant_velocity,dbscan_kmeans_fallback,False
3380,396,12.3513554235,9.09293836908,-0.05512081221000002,-0.007947371330999963,-0.03914651039000003,-0.016567763296199977,-0.039596062283970224,-0.01387600513840362,-0.9897650463474763,-0.14270526935995922,-1,-1,instant_velocity,dbscan_kmeans_fallback,False
3380,415,4.24087195895,3.46748823004,-0.031569766444,0.036801341115999975,-0.018710348245800007,0.031779938929999994,-0.01931061272360394,0.032983131606519216,-0.6510974487842828,0.7589938732987261,8,8,instant_velocity,dbscan_kmeans_fallback,False
3380,416,4.8737405436,3.93907999427,-0.03308511523299993,0.046610258884000014,-0.018028441290399985,0.0446055165664,-0.019719339510592536,0.04308758638230757,-0.5788268003159979,0.8154502960538653,8,8,instant_velocity,dbscan_kmeans_fallback,False
3390,142,9.30087412457,9.28744610585,0.0002525581310001357,-0.0005727835189999197,0.0002525581316000114,-0.0005775567151999894,0.0002527402339096528,-0.0005784980053293739,0.4034459034505651,-0.9149860405974907,0,0,instant_velocity,dbscan_kmeans_fallback,False
3390,150,1.75717320026,7.57482338311,-0.02698162705399998,-0.005393711473000007,-0.0304416734564,-0.003269639255999994,-0.03017040757148373,-0.0021135786713244414,-0.9805985840727587,-0.19602471795846374,1,1,instant_velocity,dbscan_kmeans_fallback,False
3390,151,1.59006390322,7.15502079541,-0.030517440896000014,-0.0047731959940000126,-0.029094696754600004,0.00014796907579999185,-0.030299976100165747,-0.00014225526947418102,-0.9879877733637042,-0.1545299718286255,1,1,instant_velocity,dbscan_kmeans_fallback,False
3390,152,2.58998363905,5.93809447667,-0.028518022353999983,0.0015512886979999862,-0.0312372315706,0.0025679794450000058,-0.03142288535013797,0.0025747973038846416,-0.9985234206595789,0.05431646268908355,1,1,instant_velocity,dbscan_kmeans_fallback,False
3390,153,1.98489644888,5.40516714391,-0.032643138503000005,-0.0033889691559999767,-0.0307742083294,0.0007350721831999962,-0.03263291705764325,0.00166603000407471,-0.9946537096559386,-0.10326368411588673,1,1,instant_velocity,dbscan_kmeans_fallback,False
3390,154,2.38078132008,4.85195372817,-0.033800696606000005,-0.012290979686000014,-0.04188676611779999,-0.006906814603800005,-0.0401513846509655,-0.005715446628216507,-0.939794793788049,-0.34173848113553523,1,1,instant_velocity,dbscan_kmeans_fallback,False
3390,155,13.3470658571,3.90542896251,-0.0011154650799999998,0.001479690757999963,-0.001115465082,0.0014796907581999985,-0.0012519267416441695,0.0013720138595230253,-0.6019625643424074,0.7985175502933882,2,2,instant_velocity,dbscan_kmeans_fallback,False
3390,156,8.5974997282,6.59393160628,-0.031569766444,0.006825670272000028,-0.03577906863599999,0.005030948578000008,-0.035354794701540196,0.004183585700003131,-0.9774153028436078,0.21132606691442515,3,3,instant_velocity,dbscan_kmeans_fallback,False
3390,157,13.4449321331,11.3900389413,-0.006776976529999956,0.029832474960000077,-0.0019194418000000014,0.032873000812000015,-0.003537814425901578,0.032805289311772595,-0.22152369875148814,0.9751546529334687,4,4,instant_velocity,dbscan_kmeans_fallback,False
3390,158,9.72432992514,6.02353468497,-0.04583930087599999,0.00083530929900002,-0.05091571932120001,0.0019045052018000063,-0.048404842405246735,0.0005819011566251617,-0.9998337924548276,0.018219528839481983,3,3,instant_velocity,dbscan_kmeans_fallback,False
3390,159,3.33987082465,6.72280789813,0.03657883605300003,0.009069072388999988,0.03147295249340001,0.009102484761199996,0.031149531113874425,0.008619635558468708,0.9706126399465587,0.24064615617072854,-1,-1,instant_velocity,dbscan_kmeans_fallback,False
3390,160,14.7115111628,9.99984560799,0.0,0.0,0.0,0.0,0.0,0.0,0.0,0.0,5,5,instant_velocity,dbscan_kmeans_fallback,False
3390,232,12.5900228578,7.94450741286,0.0006734883500000066,0.00011932990000005362,0.000669279048,0.0001193298998000003,0.0006686719967467362,0.00011872326523770587,0.984649072496989,0.17446192700469146,5,5,instant_velocity,dbscan_kmeans_fallback,False
3390,233,13.4746077136,8.19247494476,0.002420348769999947,0.00023865979900001834,0.0014606278619999813,0.00035321650360000236,0.0016101372781539174,0.00033759708085663966,0.995169548675112,0.09812923137426445,5,5,instant_velocity,dbscan_kmeans_fallback,False
3390,238,12.6529519256,8.35022907237,0.00023151162000001335,-0.0006443814599998987,0.00023572092399998468,-0.0006348350673999903,0.00023663380920571376,-0.0006337421506495682,0.33811234322317296,-0.9410902371557959,5,5,instant_velocity,dbscan_kmeans_fallback,False
3390,248,11.9577856685,5.39060889613,0.0004840697499998825,0.0004057216599999691,0.0004882790539999959,0.0004152680516000018,0.0005064569551676223,0.00039202505707333597,0.7663916536214735,0.6423489464431542,2,2,instant_velocity,dbscan_kmeans_fallback,False
3390,249,12.3879763526,4.93095012188,0.0012417441500000236,-0.00021479382000002544,0.0011280929880000201,-0.0001575154678000068,0.0010378423945954713,-0.00011848151922353258,0.9853591421421093,-0.17044497790679963,2,2,instant_velocity,dbscan_kmeans_fallback,False
3390,256,6.75971839095,5.34812745178,0.03060162693899997,0.01735056743900003,0.039095998763999995,0.0172741963032,0.033095856090250335,0.015340777470922098,0.8699043048331331,0.4932199629964168,6,6,instant_velocity,dbscan_kmeans_fallback,False
3390,259,9.98551712618,8.47671876622,0.025003255022999937,0.004701598053999945,0.024637045732799977,-0.0024486495452000056,0.02409391859355803,-0.0016038557128123206,0.982775640413543,0.18480058033389898,-1,-1,instant_velocity,dbscan_kmeans_fallback,False
3390,260,9.21689854583,7.25191667409,0.03984104525200003,0.01875866025700006,0.043263207934600006,0.015808825133000005,0.04336527507732255,0.015112212174446998,0.9047315744100497,0.42598160065308316,-1,-1,instant_velocity,dbscan_kmeans_fallback,False
3390,261,5.35781029574,5.04288156795,0.039378022011000005,0.016730051960000037,0.0417478591454,0.0072600311074000065,0.03823503124368521,0.007525937599901359,0.9203778758317713,0.39102953625244735,6,6,instant_velocity,dbscan_kmeans_fallback,False
3390,329,6.50821258495,9.44520023346,-0.0005472092849999832,-0.0014319587980001103,-0.0005598371916000033,-0.0014319587982000214,-0.0005232485677449504,-0.001455092945909917,-0.3569619030089947,-0.9341119596766485,0,0,instant_velocity,dbscan_kmeans_fallback,False
3390,330,5.8336719086,8.7490295977,-0.0005472092849999832,-0.012243247724999939,-0.0028707440951999887,-0.013240845688,-0.001807056861490926,-0.011828581233542888,-0.04465017041704512,-0.9990018670450082,0,0,instant_velocity,dbscan_kmeans_fallback,False
3390,331,5.91406958048,10.0475775679,-0.0017047673880000503,-0.0036514949400000773,-0.0017047673880000148,-0.0036562681320000223,-0.001771606803882214,-0.0036692388351659932,-0.42303447044756326,-0.9061108507578066,0,0,instant_velocity,dbscan_kmeans_fallback,False
3390,332,6.72499164786,10.3229909768,-0.0005893023070000503,-0.0009785051799999778,-0.0005893023070000147,-0.000968958786000016,-0.0006052033375824119,-0.0010035344947668336,-0.5159062077386293,-0.856634855607905,0,0,instant_velocity,dbscan_kmeans_fallback,False
3390,354,14.0910600196,5.00326404119,0.020204650520000023,-0.030548454364000045,0.02137904583400001,-0.027507928515000016,0.020293464951344924,-0.025926858317633084,0.5516533388007551,-0.8340731668890604,7,7,instant_velocity,dbscan_kmeans_fallback,False
3390,355,13.369796089,5.1650753854,0.023677324839999868,-0.03479659879800003,0.02401406900999998,-0.029240598660800005,0.02199933897356573,-0.027725463417962504,0.5625639262186233,-0.8267535023968204,7,7,instant_velocity,dbscan_kmeans_fallback,False
3390,376,2.01246737824,12.9981286718,-0.013911743745999993,0.008114433189999914,-0.014008557696599998,0.008133525974000015,-0.014509674040540498,0.00869134819815639,-0.8637986499059502,0.5038359361880358,-1,-1,instant_velocity,dbscan_kmeans_fallback,False
3390,391,14.6624727923,5.20278363375,0.005472092849999832,-0.021216856194999956,0.005754116097999997,-0.025737072801199988,0.004879884816694687,-0.024226629855395473,0.24973991255100342,-0.9683124822610908,-1,-1,instant_velocity,dbscan_kmeans_fallback,False
3390,393,12.6068600666,11.7189121453,-0.008418604380000083,0.015942474619999914,-0.008902674136000002,0.015412649863999981,-0.010392356862121439,0.014995000520632388,-0.4669544631260009,0.8842807359813103,4,4,instant_velocity,dbscan_kmeans_fallback,False
3390,394,12.9907484265,12.652310622,-0.013027790289999962,0.010214639430000005,-0.014943022783999994,0.009966433236000008,-0.014267915774218987,0.011302001175569504,-0.7869478331861959,0.617018557044704,4,4,instant_velocity,dbscan_kmeans_fallback,False
3390,395,12.2631705426,11.1692786266,-0.014016976300000117,0.020453144840000093,-0.01962376682000002,0.014730082838000022,-0.019297658120422244,0.015657816717383324,-0.565307630254601,0.8248796739960582,4,4,instant_velocity,dbscan_kmeans_fallback,False
3390,396,11.786046139,9.05308218253,-0.05653092844999996,-0.003985618655000067,-0.046849533404,-0.01188048482980001,-0.044676522133779144,-0.010908889193382553,-0.9975236915761397,-0.07032874115037463,-1,-1,instant_velocity,dbscan_kmeans_fallback,False
3390,415,3.92285917831,3.80710112503,-0.031801278063999974,0.033961289499000014,-0.0246707201504,0.0317512997538,-0.02305781232572275,0.033276578974263456,-0.6835126839774922,0.7299383405309084,8,8,instant_velocity,dbscan_kmeans_fallback,False
3390,416,4.50689985752,4.28227278626,-0.03668406860800007,0.034319279199,-0.024009859706200006,0.0411258566866,-0.024808758239814797,0.0404570942273153,-0.7302521533978583,0.6831774252179489,8,8,instant_velocity,dbscan_kmeans_fallback,False
3400,142,9.30339970589,9.28171827066,0.0002525581319998693,-0.0005727835189999197,0.0002525581315999759,-0.0005775567151999894,0.00025268560333671777,-0.0005767836594305376,0.4034459047876298,-0.9149860400079485,0,0,instant_velocity,dbscan_kmeans_fallback,False
3400,150,1.48756739483,7.52112492817,-0.02696058054300001,-0.005369845494000014,-0.029418813023600002,-0.0038901547354000063,-0.029207459462938616,-0.0030904587181271133,-0.9807358039120102,-0.19533703026319835,1,1,instant_velocity,dbscan_kmeans_fallback,False
3400,151,1.28488949426,7.10728883547,-0.030517440895999993,-0.004773195993999923,-0.029582975808999996,-0.0015465155019999876,-0.03036521553891602,-0.001531537486831904,-0.9879877733637046,-0.15452997182862274,1,1,instant_velocity,dbscan_kmeans_fallback,False
3400,152,2.2237743483,5.92377488869,-0.03662092907500001,-0.0014319587980000214,-0.03162027807019999,0.001508329934199999,-0.03298229846759659,0.0013727704733192425,-0.9992361119819783,-0.03907232770914969,1,1,instant_velocity,dbscan_kmeans_fallback,False
3400,153,1.65109878501,5.36006044176,-0.033379766387,-0.004510670215000001,-0.0310141385544,-0.0008448556909999993,-0.03285697185645027,-0.00018698006164770365,-0.9909925657594127,-0.13391467746755423,1,1,instant_velocity,dbscan_kmeans_fallback,False
3400,154,2.04277435403,4.72904393132,-0.033800696605,-0.012290979685000014,-0.04048085918519999,-0.0098136909642,-0.038246178237175854,-0.007688106545251559,-0.9397947937937314,-0.34173848111990796,1,1,instant_velocity,dbscan_kmeans_fallback,False
3400,155,13.3359112063,3.92022587009,-0.0011154650799999998,0.0014796907580000075,-0.001115465082,0.0014796907581999985,-0.0012109882431509185,0.00140431692906612,-0.6019625643423958,0.798517550293397,2,2,instant_velocity,dbscan_kmeans_fallback,False
3400,156,8.28180206376,6.6619496492,-0.031569766444,0.006801804292000035,-0.03410376636379997,0.0051741444578000005,-0.03421928622427814,0.004969051277602202,-0.9775676944387348,0.21061999782445917,3,3,instant_velocity,dbscan_kmeans_fallback,False
3400,157,13.3773728329,11.688363691,-0.006755930019999923,0.0298324749699999,-0.0019362790079999925,0.031498320366,-0.004503249104131081,0.03191344500924079,-0.22086934766787705,0.975303069516138,4,4,instant_velocity,dbscan_kmeans_fallback,False
3400,158,9.26572645126,6.03212643776,-0.04586034738799984,0.0008591752789999241,-0.04998546353679998,0.002840051616599997,-0.04764149390007267,0.0006650833933375905,-0.9998243355816041,0.018731309320587856,3,3,instant_velocity,dbscan_kmeans_fallback,False
3400,159,3.80941848422,6.77793831186,0.04695476595699999,0.005513041372999972,0.035859045378000005,0.009174082700999992,0.03589110156681209,0.007687657302828087,0.9931774863499812,0.11661070950697151,-1,-1,instant_velocity,dbscan_kmeans_fallback,False
3400,160,14.3840274522,10.1058105591,-0.0327483710600001,0.010596495110999981,-0.0327483710600001,0.010596495110999981,-0.009824511318000032,0.003178948533299995,-0.9514320407261354,0.30785790687212267,-1,-1,instant_velocity,dbscan_kmeans_fallback,False
3400,232,12.5967577413,7.94570071186,0.0006734883500000066,0.0001193298999999648,0.000669279048,0.0001193298998000003,0.0006701169027227173,0.00011890525566638355,0.9846490724970113,0.17446192700456556,5,5,instant_velocity,dbscan_kmeans_fallback,False
3400,233,13.4988112012,8.19486154276,0.0024203487600001237,0.0002386597999999296,0.0018983952900000034,0.00030071134760000005,0.0018532007227077792,0.00030791589659962665,0.9951695485953537,0.09812923218295828,5,5,instant_velocity,dbscan_kmeans_fallback,False
3400,238,12.6554775069,8.34402391758,0.0002525581300000468,-0.0006205154790000833,0.0002399302260000269,-0.0006300618712000272,0.00024141110544401368,-0.0006297741491547227,0.376978270593734,-0.9262059873109233,5,5,instant_velocity,dbscan_kmeans_fallback,False
3400,248,11.9628368311,5.39490477252,0.0005051162600000936,0.00042958763900005084,0.0004924883560000026,0.00042004124740000035,0.0005060547466173637,0.0004032938316513504,0.7617500737529954,0.6478477166654727,2,2,instant_velocity,dbscan_kmeans_fallback,False
3400,249,12.400393794,4.92880218368,0.0012417441399998452,-0.00021479381999993662,0.0012417441459999878,-0.00021002062379999131,0.0010990129182167835,-0.0001473752094564538,0.9853591419115204,-0.17044497923949253,2,2,instant_velocity,dbscan_kmeans_fallback,False
3400,256,7.05710559085,5.44502333046,0.029738719990000016,0.009689587867999982,0.03655778954180001,0.016668000412000002,0.03208871526017524,0.013645420590045464,0.9508032088354235,0.30979447805033683,6,6,instant_velocity,dbscan_kmeans_fallback,False
3400,259,10.2342868858,8.54187289154,0.024876975962000003,0.00651541253200012,0.025079022463799987,0.0003245773276000108,0.024328835804090624,0.0008319247606314122,0.9673717131485015,0.2533598051699629,-1,-1,instant_velocity,dbscan_kmeans_fallback,False
3400,260,9.61530899835,7.43926461687,0.03984104525200003,0.018734794277999976,0.04172260333220001,0.01814291797420001,0.042308006129725795,0.01619898680551289,0.9049403852013702,0.42553783022925673,-1,-1,instant_velocity,dbscan_kmeans_fallback,False
3400,261,5.73285912109,5.19872641716,0.03750488253499995,0.01558448492099993,0.0402788126802,0.01183275286979999,0.03801598663107963,0.00994350179623093,0.9234482131788592,0.38372243241076665,6,6,instant_velocity,dbscan_kmeans_fallback,False
3400,329,6.50253002699,9.43088064548,-0.0005682557960000167,-0.0014319587979999327,-0.0005598371916000033,-0.001431958798199986,-0.0005367507362214702,-0.001448152701536922,-0.36885332000728216,-0.9294806326197098,0,0,instant_velocity,dbscan_kmeans_fallback,False
3400,330,5.81893935093,8.61896000685,-0.0014732557670000368,-0.01300695908500007,-0.001763697618600002,-0.012839897224600029,-0.0017069165331436592,-0.012182094588980043,-0.11254699512153313,-0.9936456340275418,0,0,instant_velocity,dbscan_kmeans_fallback,False
3400,331,5.90291492967,9.95975076164,-0.001115465081,-0.008782680625999895,-0.0015869069266000047,-0.004682505271199986,-0.0015747642870175497,-0.0052032713724161645,-0.125995076923251,-0.9920297281499598,0,0,instant_velocity,dbscan_kmeans_fallback,False
3400,332,6.71909862479,10.313205925,-0.0005893023069999615,-0.0009785051799999778,-0.0005893023069999969,-0.000973731983999997,-0.0006004330284076768,-0.0009960257003367768,-0.5159062077385722,-0.8566348556079393,0,0,instant_velocity,dbscan_kmeans_fallback,False
3400,354,14.2931065249,4.69777949756,0.020204650530000024,-0.030548454362999956,0.020444580750000014,-0.027975701722400003,0.020266820624941454,-0.02731333713124315,0.5516533390032621,-0.834073166755123,7,7,instant_velocity,dbscan_kmeans_fallback,False
3400,355,13.6065693373,4.81687073762,0.023677324830000047,-0.03482046477799994,0.022856510905999983,-0.0312405677824,0.022502734730496028,-0.029853963825973735,0.5623002867975834,-0.8269328343329772,7,7,instant_velocity,dbscan_kmeans_fallback,False
3400,376,1.88660924268,13.0938312515,-0.012585813556000015,0.00957025796999993,-0.013642348406,0.00839605175399999,-0.013932515895178355,0.008955021129709452,-0.7960081131914029,0.6052849071344228,-1,-1,instant_velocity,dbscan_kmeans_fallback,False
3400,391,14.7146681395,4.9970588864,0.005219534720000141,-0.020572474735000058,0.006217139338000024,-0.023865979971400008,0.004981779787686323,-0.02313038331927685,0.2459226468116383,-0.969288971086035,-1,-1,instant_velocity,dbscan_kmeans_fallback,False
3400,393,12.6068600666,11.842060602,0.0,0.012314845670000097,-0.007656720688000007,0.015398330278000003,-0.007274649803485006,0.0141909540654427,0.0,0.9999991879726188,4,4,instant_velocity,dbscan_kmeans_fallback,False
3400,394,12.8343728501,12.7098276337,-0.015637557640000032,0.0057517011699999895,-0.01485462743600003,0.009045206408000012,-0.0146788083339533,0.00963691117389865,-0.9385274589238293,0.3452028512279425,4,4,instant_velocity,dbscan_kmeans_fallback,False
3400,395,12.1187914773,11.3730940955,-0.0144379065299999,0.020381546890000025,-0.018899766846000005,0.017670371570000006,-0.017839732643295542,0.017074935769168336,-0.5780431688989693,0.8160056949308031,4,4,instant_velocity,dbscan_kmeans_fallback,False
3400,396,11.2148438315,9.03040950156,-0.057120230750000014,-0.0022672680970000415,-0.05113881233600001,-0.008596525985600003,-0.04840963471864541,-0.0083164028644678,-0.9992129913470021,-0.03966166991349271,-1,-1,instant_velocity,dbscan_kmeans_fallback,False
3400,415,3.60253128146,4.11855216365,-0.032032789684999986,0.031145103862000045,-0.028071836321799992,0.03275367091260001,-0.025750305533505925,0.032637136440584434,-0.7169711103208682,0.6971025601136913,8,8,instant_velocity,dbscan_kmeans_fallback,False
3400,416,4.13606033436,4.61186196966,-0.03708395231599999,0.032958918339999956,-0.029705045572599998,0.039903918511999995,-0.028491316462670356,0.0382076414611207,-0.7474551530320059,0.6643119681977658,8,8,instant_velocity,dbscan_kmeans_fallback,False
3410,142,9.30613575231,9.27599043546,0.00027360464200008037,-0.0005727835200000087,0.00025676743380000035,-0.0005775567153999717,0.0002589613149357265,-0.000575583617601379,0.43101876710767384,-0.9023255044405455,0,0,instant_velocity,dbscan_kmeans_fallback,False
3410,150,1.21775112429,7.46742647323,-0.02698162705399998,-0.005369845494000014,-0.028400161892999997,-0.004505897018600003,-0.028539709740257026,-0.0037742747508889836,-0.9807649840562962,-0.19519046867586662,1,1,instant_velocity,dbscan_kmeans_fallback,False
3410,151,0.976768573772,7.05359038053,-0.030812092048799998,-0.005369845494000014,-0.030134394396159996,-0.003365103176000002,-0.030499278491881214,-0.0026830298889823374,-0.9851508168242277,-0.17168933762289082,1,1,instant_velocity,dbscan_kmeans_fallback,False
3410,152,1.82262784936,5.89680633132,-0.040114649894,-0.0026968557370000033,-0.03270627803579999,0.00019092783979999696,-0.03512200389551761,0.00015188261022346854,-0.9977475344662716,-0.06707726901551338,1,1,instant_velocity,dbscan_kmeans_fallback,False
3410,153,1.31730112115,5.31471507982,-0.033379766386,-0.004534536193999994,-0.0317549757402,-0.001995195925599997,-0.03301381021531519,-0.001491246901353391,-0.9908983007520774,-0.13461041510517976,1,1,instant_velocity,dbscan_kmeans_fallback,False
3410,154,1.70476738797,4.60613413447,-0.033800696606000005,-0.012290979684999925,-0.0380057894962,-0.010730144595199996,-0.0369125337478231,-0.00906896848717607,-0.9397947937969794,-0.3417384811109761,1,1,instant_velocity,dbscan_kmeans_fallback,False
3410,155,13.3247565555,3.93502277768,-0.0011154650799999998,0.0014796907590000075,-0.001115465082,0.0014796907583999985,-0.001182331294205643,0.001426929078046286,-0.6019625640829959,0.7985175504889485,2,2,instant_velocity,dbscan_kmeans_fallback,False
3410,156,7.95747532983,6.72185325893,-0.032432673393000044,0.005990360973000009,-0.033261905925199994,0.005665783645200016,-0.03368330237489471,0.005275444186221544,-0.9833667735862214,0.18162924379546316,3,3,instant_velocity,dbscan_kmeans_fallback,False
3410,157,13.2849786498,11.9967121522,-0.009239418310000146,0.030834846120000137,-0.0042177207960000015,0.031083052314000027,-0.005924099865891801,0.03158986534246859,-0.28703325656106765,0.957920293294189,4,4,instant_velocity,dbscan_kmeans_fallback,False
3410,158,8.81280553535,6.07055066551,-0.045292091591000096,0.0038424227750000206,-0.048642696136999994,0.003393742351799993,-0.0469366732073509,0.0016182852078363197,-0.9964204737430133,0.08453283094895207,3,3,instant_velocity,dbscan_kmeans_fallback,False
3410,159,4.2789661438,6.8330687256,0.04695476595799999,0.005513041373999971,0.038961301094,0.008262402266199995,0.03921020088416846,0.007035272524179652,0.993177486347819,0.11661070952538596,-1,-1,instant_velocity,dbscan_kmeans_fallback,False
3410,160,14.0567542068,10.2120141699,-0.032727324539999894,0.010620361079999974,-0.032727324539999894,0.010620361079999974,-0.01669535528459999,0.0054113722973099885,-0.9511705568913786,0.308664851308103,-1,-1,instant_velocity,dbscan_kmeans_fallback,False
3410,232,12.6034926248,7.94689401086,0.0006734883500000066,0.00011932990000005362,0.000669279048,0.0001193298998000003,0.0006711283369059041,0.00011903264896648456,0.984649072496989,0.17446192700469146,5,5,instant_velocity,dbscan_kmeans_fallback,False
3410,233,13.5232251539,8.19700948096,0.0024413952699999797,0.00021479382000002544,0.0023403720199999967,0.0002386597998000184,0.0020296590868954393,0.0002799792736197463,0.9961480242843235,0.08764104774459965,5,5,instant_velocity,dbscan_kmeans_fallback,False
3410,238,12.6577926231,8.33758010299,0.00023151162000001335,-0.0006443814589999874,0.0002399302260000269,-0.0006348350672000081,0.00023844125981081359,-0.0006341563421083021,0.33811234368784693,-0.9410902369888277,5,5,instant_velocity,dbscan_kmeans_fallback,False
3410,248,11.9676775286,5.39896198912,0.0004840697499998825,0.0004057216599999691,0.0004882790539999959,0.0004152680516000018,0.0004994592476321193,0.00040402218015593604,0.7663916536214735,0.6423489464431542,2,2,instant_velocity,dbscan_kmeans_fallback,False
3410,249,12.4128112355,4.92665424548,0.0012417441500000236,-0.00021479382000002544,0.0012417441459999878,-0.00021479381980000768,0.0011418322877517555,-0.0001676007926195253,0.9853591421421093,-0.17044497790679963,2,2,instant_velocity,dbscan_kmeans_fallback,False
3410,256,7.34838930258,5.49108467181,0.029128371173000024,0.004606134135000062,0.0334765803372,0.013732484875600016,0.031200612034022676,0.010933634653531844,0.9877264669439675,0.15619138359685497,-1,-1,instant_velocity,dbscan_kmeans_fallback,False
3410,259,10.4710601341,8.56788680971,0.023677324830000047,0.0026013918169999427,0.024931696886399984,0.0017374433418000023,0.024133382511863453,0.0013627648775419714,0.9940181383937492,0.10921126730882505,-1,-1,instant_velocity,dbscan_kmeans_fallback,False
3410,260,10.0208752646,7.58460843489,0.040556626625000015,0.014534381801999974,0.041175394047200026,0.017646505590799996,0.041782592278308064,0.015699605304459015,0.9413744715683954,0.33736277217881216,-1,-1,instant_velocity,dbscan_kmeans_fallback,False
3410,261,6.10811841155,5.35433260657,0.03752592904599998,0.015560618941000026,0.0388181848192,0.016395928240199992,0.03786896935555573,0.011628636939661659,0.9237324155800934,0.38303776848993076,-1,-1,instant_velocity,dbscan_kmeans_fallback,False
3410,329,6.49684746903,9.41656105749,-0.0005682557959999279,-0.0014319587990000216,-0.0005640464937999922,-0.0014319587984000038,-0.0005462022541550075,-0.001443294530775852,-0.3688533197846733,-0.9294806327080537,0,0,instant_velocity,dbscan_kmeans_fallback,False
3410,330,5.78273935207,8.47075227123,-0.0036199998859999917,-0.014820773561999978,-0.001342767399399989,-0.012906721968400028,-0.002280841539000559,-0.012973698280886025,-0.23727629455863686,-0.9714415314995324,0,0,instant_velocity,dbscan_kmeans_fallback,False
3410,331,5.89197074397,9.87168529555,-0.0010944185699999665,-0.008806546609000066,-0.0014648371630000057,-0.005708742409000002,-0.0014306605719122747,-0.006284253943391336,-0.123324501577054,-0.9923652621958539,0,0,instant_velocity,dbscan_kmeans_fallback,False
3410,332,6.71320560173,10.303659533,-0.0005893023059999614,-0.0009546392000000737,-0.000589302306799997,-0.0009689587880000162,-0.0005970938116853622,-0.000983609750235766,-0.5252766874316592,-0.8509210155177651,0,0,instant_velocity,dbscan_kmeans_fallback,False
3410,354,14.5010460532,4.40685320171,0.020793952829999896,-0.02909262958500003,0.019867906347999984,-0.028281186266000003,0.020424960286458987,-0.02784712486737021,0.5814880396741773,-0.8135546081427139,6,6,instant_velocity,dbscan_kmeans_fallback,False
3410,355,13.7498960769,4.46842743003,0.014332673960000087,-0.03484433075900002,0.020389859819999998,-0.0329302791646,0.020051716499347245,-0.03135107390588162,0.3804094625555064,-0.9248178793524595,6,6,instant_velocity,dbscan_kmeans_fallback,False
3410,376,1.7908476178,13.2239008423,-0.009576162488000018,0.013006959080000158,-0.012779441456600003,0.009374556932000004,-0.012625609873024853,0.010170602514796664,-0.5928811210732032,0.8052892263228856,-1,-1,instant_velocity,dbscan_kmeans_fallback,False
3410,391,14.7470797664,4.85028310958,0.00324116269000001,-0.014677577681999931,0.005404744016000009,-0.021298000526400004,0.004459594658380429,-0.020594541628093772,0.21562912393169129,-0.976474654226314,-1,-1,instant_velocity,dbscan_kmeans_fallback,False
3410,393,12.6068600666,11.9652090586,0.0,0.012314845659999917,-0.005893023068000005,0.01484941273799997,-0.005092254862439504,0.013628121543809865,0.0,0.9999991879726181,4,4,instant_velocity,dbscan_kmeans_fallback,False
3410,394,12.6712623901,12.7558889751,-0.016311045999999864,0.004606134139999973,-0.014888301855999977,0.008057154838000003,-0.01516847963376727,0.008127678063729047,-0.9623630028407965,0.271765102155798,-1,-1,instant_velocity,dbscan_kmeans_fallback,False
3410,395,11.9649414822,11.5750002861,-0.015384999509999987,0.020190619059999904,-0.0174686041,0.018935268510000006,-0.017103312703306877,0.018009640756417807,-0.6060846185569837,0.7953996776831498,4,4,instant_velocity,dbscan_kmeans_fallback,False
3410,396,10.691627569,8.95570898425,-0.05232162625000001,-0.007470051730999927,-0.05446416106800001,-0.0063578970644000065,-0.049583232178051787,-0.008062497524427437,-0.9899611336696393,-0.14133851354040317,-1,-1,instant_velocity,dbscan_kmeans_fallback,False
3410,415,3.2908324541,4.42093412989,-0.03116988273600003,0.030238196623999958,-0.031296161801400005,0.033574660623600004,-0.02737617869425416,0.03191745449560909,-0.717752266153366,0.6962982291300144,7,7,instant_velocity,dbscan_kmeans_fallback,False
3410,416,3.81299639109,4.90183362631,-0.03230639432699998,0.028997165665000057,-0.034444719841200004,0.03789440299840001,-0.02963583982196924,0.03544449872228451,-0.7441934716666871,0.6679637834636175,7,7,instant_velocity,dbscan_kmeans_fallback,False
3420,142,9.30866133363,9.27026260027,0.00025255813200004696,-0.0005727835190000973,0.00025676743380000035,-0.0005775567151999894,0.0002570403600550226,-0.0005747435880209945,0.40344590478776265,-0.9149860400078899,0,0,instant_velocity,dbscan_kmeans_fallback,False
3420,150,0.947934853753,7.4134893585,-0.026981627053700007,-0.005393711473000007,-0.027385720064540004,-0.005131185693800013,-0.02807228493428992,-0.004260105767522291,-0.9805985840723398,-0.19602471796055934,1,1,instant_velocity,dbscan_kmeans_fallback,False
3420,151,0.641918584358,6.94500017166,-0.0334849989414,-0.010859020886999993,-0.031169882735440003,-0.006109690872599991,-0.03139499462673685,-0.005135827188387634,-0.9512307078314239,-0.3084794520308666,1,1,instant_velocity,dbscan_kmeans_fallback,False
3420,152,1.42169181552,5.86959911415,-0.04009360338400001,-0.0027207217169999964,-0.0347730454124,-0.0007541649672000083,-0.03661348374206233,-0.0007098986879435711,-0.9977052344998448,-0.0677035254893442,1,1,instant_velocity,dbscan_kmeans_fallback,False
3420,153,0.98329299217,5.26936971787,-0.03340081289800001,-0.004534536194999994,-0.032495812926200005,-0.003145536160199995,-0.03312991102012064,-0.002404233689447372,-0.9909096113922156,-0.13452712999989389,1,1,instant_velocity,dbscan_kmeans_fallback,False
3420,154,1.30298949369,4.5772562987,-0.04017778942800001,-0.002887783577000036,-0.036806138371399996,-0.009770732200399994,-0.037892110451876175,-0.00721461301412326,-0.9974267007687296,-0.07169016729760501,1,1,instant_velocity,dbscan_kmeans_fallback,False
3420,155,13.3009739981,4.06389906952,-0.002378255740000057,0.012887629183999971,-0.0013680232120000114,0.0037612784433999915,-0.001541108627943967,0.004865139109832392,-0.18147363280212514,0.9833950348111454,-1,-1,instant_velocity,dbscan_kmeans_fallback,False
3420,156,7.62936022393,6.77793831186,-0.03281151059000002,0.0056085052929999435,-0.032495812925999984,0.0060810516965999995,-0.033421764839426306,0.005375362518255064,-0.9857035168474552,0.16848731716888649,2,2,instant_velocity,dbscan_kmeans_fallback,False
3420,157,13.1681705139,12.3148456652,-0.01168081358999995,0.03181335129999994,-0.006991650942000014,0.030863485297999985,-0.007651113983124246,0.031656911129727995,-0.344668548977736,0.9387241347706498,-1,-1,instant_velocity,dbscan_kmeans_fallback,False
3420,158,8.37272299112,6.17914087438,-0.04400825442300001,0.010859020886999993,-0.04674851014960001,0.004372247530799988,-0.046058147572045634,0.004390505911585422,-0.9708802600095612,0.2395643535615861,2,2,instant_velocity,dbscan_kmeans_fallback,False
3420,159,4.74283124541,6.98437903861,0.04638651016099997,0.015131031301000065,0.041806789376,0.009169309505000011,0.041363093667217916,0.009464000157225776,0.9506994637075364,0.3101130758333514,-1,-1,instant_velocity,dbscan_kmeans_fallback,False
3420,160,13.7604193324,10.2883853058,-0.029633487440000116,0.007637113590000055,-0.029633487440000116,0.007637113590000055,-0.020576794931220027,0.006079094685117008,-0.9683579026785895,0.24956425778452274,-1,-1,instant_velocity,dbscan_kmeans_fallback,False
3420,232,12.6904147151,7.91849349469,0.008692209029999986,-0.00284005161700005,0.002273023183999996,-0.00047254640340000265,0.003077452544834129,-0.000768692630823476,0.9505469873987574,-0.3105772651438839,3,3,instant_velocity,dbscan_kmeans_fallback,False
3420,233,13.5474286415,8.19939607896,0.0024203487599999463,0.0002386597999999296,0.002428767365999995,0.00022911340779998567,0.0021468659888267917,0.00026758343153380126,0.9951695485953528,0.09812923218296539,3,3,instant_velocity,dbscan_kmeans_fallback,False
3420,238,12.6601077393,8.3313749482,0.00023151162000001335,-0.0006205154789999057,0.00023572092200002003,-0.0006300618711999917,0.00023636236786757353,-0.0006300640831757832,0.3495534242107837,-0.9369003182656628,3,3,instant_velocity,dbscan_kmeans_fallback,False
3420,248,11.9725182262,5.40325786551,0.000484069760000061,0.000429587638999962,0.0004882790559999961,0.00042004124740000035,0.0004948424013425018,0.0004116918178091438,0.7479319665188492,0.663752116284625,4,4,instant_velocity,dbscan_kmeans_fallback,False
3420,249,12.425228677,4.92474496709,0.0012417441500000236,-0.0001909278390000324,0.001241744147999988,-0.00021002062360000906,0.001171805846426236,-0.00017459890653367743,0.9883769523699093,-0.1519706580726965,4,4,instant_velocity,dbscan_kmeans_fallback,False
3420,256,7.63988347941,5.53690735335,0.029149417682999966,0.00458226815399998,0.030403789736599993,0.01079696933900001,0.030585253728715865,0.009028224703672285,0.987868237767587,0.15529219881845074,5,5,instant_velocity,dbscan_kmeans_fallback,False
3420,259,10.6998357083,8.56788680971,0.022877557420000017,0.0,0.02439711550880002,0.0022481753131999935,0.02375663498430442,0.00095393541427938,0.9999995628905898,0.0,3,3,instant_velocity,dbscan_kmeans_fallback,False
3420,260,10.4559066462,7.56074245492,0.043503138159999996,-0.0023865979970000063,0.04131009171740001,0.013551103427599997,0.04229875604281565,0.010273744314021309,0.9984983293212691,-0.054777981855044955,-1,-1,instant_velocity,dbscan_kmeans_fallback,False
3420,261,6.44465212184,5.40373518511,0.03365337102900003,0.004940257854000052,0.0375806499746,0.013975917871200014,0.036604289857589026,0.009622123213963177,0.98939591509439,0.14524164417432703,5,5,instant_velocity,dbscan_kmeans_fallback,False
3420,329,6.49137537618,9.40224146951,-0.000547209285000072,-0.0014319587979999327,-0.0005598371916000033,-0.0014319587983999682,-0.0005465043634085269,-0.0014398938109430764,-0.35696190300908387,-0.9341119596766144,0,0,instant_velocity,dbscan_kmeans_fallback,False
3420,330,5.74632888811,8.32254453561,-0.003641046396000025,-0.014820773561999978,-0.0019615348215999973,-0.013427000331800016,-0.002688902996100399,-0.013527820865220211,-0.23857750105121717,-0.9711227860079916,0,0,instant_velocity,dbscan_kmeans_fallback,False
3420,331,5.88081609316,9.78385848925,-0.001115465081,-0.008782680630000072,-0.0013469767015999957,-0.006734979547000002,-0.0013361019246385924,-0.007033781949373957,-0.12599507686677608,-0.9920297281571331,0,0,instant_velocity,dbscan_kmeans_fallback,False
3420,332,6.70710211355,10.2938744812,-0.0006103488179999949,-0.0009785051799999778,-0.0005935116089999859,-0.0009689587880000162,-0.000601070313579752,-0.0009820783791650294,-0.5292353405295046,-0.8484648562835043,0,0,instant_velocity,dbscan_kmeans_fallback,False
3420,354,14.7115111628,4.12189340085,0.02104651096000012,-0.02849598008599994,0.020288836568000016,-0.028968526489199994,0.020611425488521327,-0.02804178143295913,0.5941036077498224,-0.8043881766262869,6,6,instant_velocity,dbscan_kmeans_fallback,False
3420,355,13.830714679,4.11974546265,0.008081860209999903,-0.03486819673800001,0.017982138966,-0.0338849183634,0.016460759612543042,-0.03240621075551714,0.22579712492842358,-0.9741740602166559,6,6,instant_velocity,dbscan_kmeans_fallback,False
3420,376,1.69529645803,13.354209093,-0.009555115976999984,0.013030825069999885,-0.0119081159026,0.01036260850399998,-0.011704461704217392,0.011028669281357631,-0.5913302002301306,0.8064287672022727,-1,-1,instant_velocity,dbscan_kmeans_fallback,False
3420,391,14.7794913932,4.70350733275,0.003241162680000009,-0.01467757768300002,0.0045965579940000015,-0.018725247885599997,0.0040940650648663025,-0.018819452444565645,0.21562912328333175,-0.9764746543694872,-1,-1,instant_velocity,dbscan_kmeans_fallback,False
3420,393,12.6047554155,12.0869255565,-0.00021046510999997992,0.012171649790000138,-0.003830464993999989,0.013918639520000014,-0.0036277179367076467,0.013191180017666946,-0.01728882148293203,0.9998497155756582,7,7,instant_velocity,dbscan_kmeans_fallback,False
3420,394,12.5083623953,12.8021889762,-0.016289999480000004,0.004630000110000055,-0.014921976271999995,0.007073876462000008,-0.01550493558763709,0.007078374677610349,-0.9619012639903012,0.27339491100366103,7,7,instant_velocity,dbscan_kmeans_fallback,False
3420,395,11.8110914871,11.7769064767,-0.015384999509999987,0.02019061906000008,-0.015810139033999988,0.01978967059400002,-0.01658781874531481,0.018663934247492492,-0.6060846185569804,0.7953996776831523,7,7,instant_velocity,dbscan_kmeans_fallback,False
3420,396,10.2006124682,8.84640279598,-0.049101510080000035,-0.01093061882700006,-0.054039021548000006,-0.006520185728200012,-0.04943871554863626,-0.008922933915199225,-0.9761060887360575,-0.21729359388956157,-1,-1,instant_velocity,dbscan_kmeans_fallback,False
3420,415,3.0130185094,4.68823310557,-0.027781394469999963,0.026729897568000018,-0.03087102227979999,0.0317751657338,-0.027497743426977903,0.030361187417326373,-0.7206122954812869,0.6933378691719857,8,8,instant_velocity,dbscan_kmeans_fallback,False
3420,416,3.50192895906,5.18202023118,-0.03110674320300002,0.02801866048699999,-0.03405325473739999,0.034180856515000003,-0.030077110836278474,0.03321674725169915,-0.7430255844695722,0.6692626562847593,8,8,instant_velocity,dbscan_kmeans_fallback,False
3430,142,9.31118691494,9.26429610528,0.00025255813099995806,-0.0005966494990000016,0.00025676743360001806,-0.0005775567151999894,0.0002556956913385033,-0.0005813153613146966,0.3898034946922451,-0.920881299270529,0,0,instant_velocity,dbscan_kmeans_fallback,False
3430,150,0.678329048323,7.35979090356,-0.026960580543,-0.005369845493999925,-0.026973208449539997,-0.005379391885599993,-0.02773877361690294,-0.004593027685465581,-0.9807358039120108,-0.1953370302631953,1,1,instant_velocity,dbscan_kmeans_fallback,False
3430,151,0.307068594944,6.83640996279,-0.033484998941399995,-0.010859020886999993,-0.03176339434472,-0.007326855851199987,-0.0320219959211358,-0.006852785297971342,-0.9512307078314239,-0.3084794520308667,1,1,instant_velocity,dbscan_kmeans_fallback,False
3430,152,1.02054531657,5.84263055678,-0.040114649895,-0.0026968557370000033,-0.0370923709204,-0.0015990206582000078,-0.03766383358794363,-0.001305985802660501,-0.9977475344663836,-0.06707726901384876,1,1,instant_velocity,dbscan_kmeans_fallback,False
3430,153,0.649495328304,5.22426301573,-0.03337976638659999,-0.004510670214000001,-0.03323665011212,-0.004295876394799994,-0.033204867630064444,-0.0030361646468131612,-0.9909925657631395,-0.13391467743997418,1,1,instant_velocity,dbscan_kmeans_fallback,False
3430,154,0.901211599417,4.54837846294,-0.04017778942729999,-0.002887783576000036,-0.036351533734460005,-0.008529701241800004,-0.03857781414450332,-0.005916564182686292,-0.9974267007704154,-0.07169016727414991,1,1,instant_velocity,dbscan_kmeans_fallback,False
3430,155,13.2740344641,4.22117587753,-0.0026939534000000264,0.015727680801000066,-0.0016837208760000165,0.006610876452000003,-0.001886962059560785,0.008123901617182695,-0.16882852588348535,0.9856448018732652,-1,-1,instant_velocity,dbscan_kmeans_fallback,False
3430,156,7.30124511802,6.83402336479,-0.03281151059100003,0.005608505293000032,-0.03223904549240002,0.00616696922460001,-0.03323868856489842,0.005445305350678555,-0.9857035168483077,0.16848731716389984,2,2,instant_velocity,dbscan_kmeans_fallback,False
3430,157,13.051151913,12.6329791782,-0.011701860089999983,0.03181335129999994,-0.009230999707999992,0.03082529973,-0.008866337815186968,0.03170384318080958,-0.3452156218647069,0.9385230867710601,-1,-1,instant_velocity,dbscan_kmeans_fallback,False
3430,158,7.9326404469,6.28749242345,-0.044008254422,0.010835154906999999,-0.04500164973999999,0.005446216629399992,-0.04544317962703194,0.006323900610209795,-0.9710026098308064,0.23906796192667373,2,2,instant_velocity,dbscan_kmeans_fallback,False
3430,159,5.20417076571,7.17721615678,0.046133952030000015,0.019283711816999994,0.0446017660318,0.010901979650799998,0.04279435117605255,0.01240991365515804,0.9226413844268204,0.385658496288264,-1,-1,instant_velocity,dbscan_kmeans_fallback,False
3430,160,13.536905386,10.2960224194,-0.02235139463999989,0.0007637113599999523,-0.02235139463999989,0.0007637113599999523,-0.021109174843853988,0.004484479687581891,-0.9994163240244655,0.03414845526734797,-1,-1,instant_velocity,dbscan_kmeans_fallback,False
3430,161,14.9175565051,3.01498924978,0.0,0.0,0.0,0.0,0.0,0.0,0.0,0.0,-1,-1,instant_velocity,dbscan_kmeans_fallback,False
3430,162,0.388308127259,8.1597785522,0.0,0.0,0.0,0.0,0.0,0.0,0.0,0.0,-1,-1,instant_velocity,dbscan_kmeans_fallback,False
3430,232,12.857313547,7.86097648296,0.01668988319000011,-0.00575170117299999,0.005480511454000023,-0.0016467526179999937,0.0071611817383839226,-0.0022635951934764304,0.9454323266322808,-0.32581679333388813,3,3,instant_velocity,dbscan_kmeans_fallback,False
3430,233,13.5718425942,8.20154401715,0.0024413952699999797,0.0002147938190001142,0.002428767365999995,0.00022911340760000342,0.002235224773178748,0.0002517465477736951,0.9961480243199424,0.08764104733974554,3,3,instant_velocity,dbscan_kmeans_fallback,False
3430,238,12.6626333206,8.3249311336,0.00025255812999986916,-0.0006443814600000763,0.0002399302239999912,-0.0006348350673999903,0.0002412210965072622,-0.0006343592962230711,0.36490632771607084,-0.9310287188817475,3,3,instant_velocity,dbscan_kmeans_fallback,False
3430,248,11.9773589237,5.40731508211,0.00048406975000006016,0.0004057216600000579,0.0004882790539999959,0.0004152680516000018,0.0004916106059397692,0.00040990077046641803,0.7663916536215204,0.6423489464430984,4,4,instant_velocity,dbscan_kmeans_fallback,False
3430,249,12.4376461184,4.92259702889,0.0012417441400000228,-0.00021479381999993662,0.0012417441459999878,-0.00021002062379999131,0.001192787334498372,-0.0001866573805735552,0.9853591419115245,-0.17044497923946886,4,4,instant_velocity,dbscan_kmeans_fallback,False
3430,256,7.80131021849,5.48917539341,0.01614267390800004,-0.0047731959940000126,0.026952161938600002,0.006291072320400009,0.026252479782501115,0.004887798494370595,0.9589562657715448,-0.28355192158924314,-1,-1,instant_velocity,dbscan_kmeans_fallback,False
3430,259,10.9323996544,8.59938990328,0.023256394609999908,0.003150309357000047,0.02393830156899998,0.003393742352000011,0.023606562872013067,0.0016128475970955802,0.9909492451112616,0.1342339056219752,-1,-1,instant_velocity,dbscan_kmeans_fallback,False
3430,260,10.8909380278,7.53687647495,0.043503138159999996,-0.0023865979970000063,0.041448998689800017,0.0094509280686,0.04266007067797095,0.006475641620714914,0.9984983293212691,-0.054777981855044955,-1,-1,instant_velocity,dbscan_kmeans_fallback,False
3430,261,6.77697652994,5.44144343347,0.033232440809999986,0.003770824835999953,0.036258929086199994,0.0113172477024,0.035592735143312314,0.00786673370057421,0.9936236909602086,0.1127446796018441,-1,-1,instant_velocity,dbscan_kmeans_fallback,False
3430,329,6.48569281822,9.38792188153,-0.0005682557959999279,-0.0014319587980001103,-0.0005598371915999855,-0.0014319587982000214,-0.0005530297931859472,-0.0014375133070601868,-0.36885332000719284,-0.9294806326197453,0,0,instant_velocity,dbscan_kmeans_fallback,False
3430,330,5.54091494111,8.21634092473,-0.020541394700000028,-0.010620361087999974,-0.005964581206800013,-0.013102423004399988,-0.008044650507270289,-0.012655582932054139,-0.8882966242646381,-0.4592692483019121,-1,-1,instant_velocity,dbscan_kmeans_fallback,False
3430,331,5.87113469811,9.71130591014,-0.0009681395050000318,-0.007255257910999902,-0.0011996511250000096,-0.007455732143200003,-0.0012257131987470243,-0.00710022473786174,-0.13226713804463594,-0.9912127278223497,0,0,instant_velocity,dbscan_kmeans_fallback,False
3430,332,6.70120909048,10.2843280893,-0.0005893023070000503,-0.0009546391899998951,-0.0005935116090000037,-0.0009689587859999804,-0.0005975399116058415,-0.000973846622415489,-0.52527669206131,-0.8509210126597901,0,0,instant_velocity,dbscan_kmeans_fallback,False
3430,354,14.9219762724,3.83693359999,0.02104651095999994,-0.028495980086000027,0.02065925516,-0.0294362996968,0.020741951129964912,-0.0281780410288714,0.5941036077498179,-0.80438817662629,5,5,instant_velocity,dbscan_kmeans_fallback,False
3430,355,13.9117437462,3.77082483547,0.008102906720000113,-0.03489206271800001,0.015574418112000004,-0.0348443307582,0.013953403744780164,-0.033151966344262,0.22620814700876898,-0.9740787010753621,5,5,instant_velocity,dbscan_kmeans_fallback,False
3430,376,1.59953483315,13.4842786838,-0.009576162488000018,0.01300695907999998,-0.011040999651000005,0.011345886877999973,-0.01106597193935218,0.011622156220950336,-0.5928811210732085,0.8052892263228818,-1,-1,instant_velocity,dbscan_kmeans_fallback,False
3430,391,14.8119030201,4.55649289613,0.00324116269000001,-0.014701443662000014,0.004083023126,-0.017169185991399997,0.0038381943524064144,-0.017584049809795957,0.21529531489137554,-0.9765483085232295,-1,-1,instant_velocity,dbscan_kmeans_fallback,False
3430,393,12.5845507649,12.194799786,-0.0020204650600000205,0.010787422950000014,-0.0021299069100000167,0.012706247738000016,-0.003145542073695359,0.012470052897366867,-0.1840967633777424,0.9829071977526601,6,6,instant_velocity,dbscan_kmeans_fallback,False
3430,394,12.3641937952,12.9143590821,-0.014416860010000043,0.011217010590000066,-0.015136650683999981,0.007283897088000018,-0.015178512914345976,0.008319965451327264,-0.7892483793340953,0.6140732047748385,6,6,instant_velocity,dbscan_kmeans_fallback,False
3430,395,11.6824973051,11.9377631817,-0.01285941820000005,0.01608567049999987,-0.014416860010000008,0.019460320069999995,-0.015469298581720383,0.017890455123244706,-0.6244247315746203,0.7810843638447164,6,6,instant_velocity,dbscan_kmeans_fallback,False
3430,396,9.69149736804,8.73972186551,-0.050911510015999896,-0.010668093046999871,-0.05319716110919998,-0.007064330071399993,-0.04988055388884535,-0.009446481654739419,-0.9787433992023065,-0.2050877227673224,-1,-1,instant_velocity,dbscan_kmeans_fallback,False
3430,415,2.73520456469,4.95553208125,-0.02778139447100001,0.026729897568000018,-0.030113347885199992,0.029760877024200008,-0.027582838740184537,0.029271800462528468,-0.7206122954937567,0.6933378691590254,7,7,instant_velocity,dbscan_kmeans_fallback,False
3430,416,3.21380222398,5.44144343347,-0.028812673507999965,0.025942320228999984,-0.033198766392400006,0.030047268783999995,-0.02969777963779492,0.0310344191448894,-0.743153964709581,0.6691200706034435,7,7,instant_velocity,dbscan_kmeans_fallback,False
3440,142,9.31371249626,9.25856827008,0.00025255813200004696,-0.0005727835200000087,0.00025676743380000035,-0.0005775567154000071,0.0002547544235369664,-0.0005787558089202903,0.40344590419811555,-0.9149860402679092,0,0,instant_velocity,dbscan_kmeans_fallback,False
3440,150,0.408512777783,7.30609244863,-0.026981627054,-0.005369845493000014,-0.02697320844954,-0.005374618689599995,-0.027511629648032058,-0.004826073027725911,-0.9807649840632547,-0.19519046864090195,1,1,instant_velocity,dbscan_kmeans_fallback,False
3440,152,0.619398817628,5.81566199942,-0.04011464989420001,-0.0026968557360000033,-0.03941169642844001,-0.002448649545000006,-0.03839907847982055,-0.0017232467826623517,-0.9977475344679587,-0.06707726899041995,1,1,instant_velocity,dbscan_kmeans_fallback,False
3440,153,0.315697664438,5.17891765378,-0.0333797663866,-0.004534536194999994,-0.03338397568884,-0.004524989802599997,-0.03325733725702511,-0.003485676111269211,-0.9908983007484405,-0.1346104151319517,1,1,instant_velocity,dbscan_kmeans_fallback,False
3440,154,0.499433705141,4.51926196737,-0.0401777894276,-0.00291164955699994,-0.03762695229878,-0.00665383521599999,-0.03905780672943233,-0.0050150897949803866,-0.9973841626733692,-0.07227956532152452,1,1,instant_velocity,dbscan_kmeans_fallback,False
3440,155,13.2473053952,4.37869134534,-0.002672906889999993,0.01575154678099997,-0.001995209238000015,0.009465247656600005,-0.0021227455086925474,0.010412195166327878,-0.1672999728894816,0.9859054048189096,-1,-1,instant_velocity,dbscan_kmeans_fallback,False
3440,156,6.97797070963,6.90108676851,-0.032327440838999966,0.006706340371999975,-0.03239058037140001,0.006143103244599999,-0.03296531424712888,0.005823615857074981,-0.9791523911195038,0.2031255503214207,2,2,instant_velocity,dbscan_kmeans_fallback,False
3440,158,7.49255790267,6.39608263232,-0.04400825442300001,0.010859020886999993,-0.04463544044939999,0.007450958946999986,-0.04501270206582236,0.007684436693246855,-0.9708802600095612,0.2395643535615861,2,2,instant_velocity,dbscan_kmeans_fallback,False
3440,159,5.66298470469,7.36671203776,0.045881393898000056,0.018949588098000004,0.0464622776008,0.0128780827926,0.0437204639926368,0.01437181598801063,0.9242713505936481,0.38173559904192955,-1,-1,instant_velocity,dbscan_kmeans_fallback,False
3440,160,13.3131809745,10.3034208732,-0.0223724411500001,0.0007398453800000482,-0.02796660376600002,0.0060715053042000025,-0.02148815473569782,0.003361089395307338,-0.9994532057575943,0.03305141499080401,-1,-1,instant_velocity,dbscan_kmeans_fallback,False
3440,161,14.3301483842,2.93551553648,-0.05874081209000011,-0.007947371330000008,-0.05874081209000011,-0.007947371330000008,-0.017622243627000034,-0.002384211399000003,-0.9909711523212527,-0.13407400144125212,-1,-1,instant_velocity,dbscan_kmeans_fallback,False
3440,162,0.700638349943,8.15214143861,0.031233022268400003,-0.0007637113590000411,0.031233022268400003,-0.0007637113590000411,0.009369906680520002,-0.00022911340770001237,0.9997008626834014,-0.024444733457828303,-1,-1,instant_velocity,dbscan_kmeans_fallback,False
3440,163,0.166056971495,7.61587286866,0.0,0.0,0.0,0.0,0.0,0.0,0.0,0.0,-1,-1,instant_velocity,dbscan_kmeans_fallback,False
3440,232,13.024212379,7.80345947123,0.016689883199999932,-0.00575170117299999,0.008683790424000009,-0.0028209588326000025,0.010019792176868726,-0.0033100269873334986,0.9454323266924146,-0.3258167931593969,3,3,instant_velocity,dbscan_kmeans_fallback,False
3440,233,13.5960460818,8.20393061515,0.0024203487600001237,0.0002386597999999296,0.0024287673640000307,0.00022911340779998567,0.0022907619692251607,0.0002478205234415654,0.9951695485953537,0.09812923218295828,3,3,instant_velocity,dbscan_kmeans_fallback,False
3440,238,12.6649484368,8.31872597881,0.00023151162000001335,-0.0006205154789999057,0.0002399302239999912,-0.0006300618711999917,0.00023830825355508755,-0.0006302061510561214,0.3495534242107837,-0.9369003182656628,3,3,instant_velocity,dbscan_kmeans_fallback,False
3440,248,11.9824100863,5.4113722987,0.0005051162599999159,0.000405721658999969,0.0004924883560000026,0.00041526805140000176,0.0004956623021578133,0.0004086470370264833,0.779629025773202,0.6262169856525422,4,4,instant_velocity,dbscan_kmeans_fallback,False
3440,249,12.4500635599,4.92044909069,0.0012417441500000236,-0.00021479382000002544,0.0012417441459999878,-0.00021002062379999131,0.0012074743791488675,-0.00019509831240149627,0.9853591421421093,-0.17044497790679963,4,4,instant_velocity,dbscan_kmeans_fallback,False
3440,256,7.96252649246,5.44144343347,0.016121627397000005,-0.0047731959940000126,0.02405616203020001,0.0018663196337999999,0.02321322406685078,0.0019895001478594126,0.9588555601624497,-0.2838922774907773,5,5,instant_velocity,dbscan_kmeans_fallback,False
3440,259,11.1738031351,8.70487753475,0.024140348070000074,0.010548763146999995,0.02376572017840001,0.004563175370600021,0.023766698431409168,0.004293622262066905,0.9163330740668487,0.40041595647521083,-1,-1,instant_velocity,dbscan_kmeans_fallback,False
3440,260,11.3230228979,7.51277183518,0.04320848700999989,-0.002410463976999999,0.04212248704139999,0.005217103221799988,0.04282459557757963,0.00380980994140044,0.9984473074859097,-0.0557001976734439,-1,-1,instant_velocity,dbscan_kmeans_fallback,False
3440,261,6.99586024395,5.48917539341,0.02188837140100004,0.0047731959940000126,0.0327609989642,0.008925876509199994,0.03148142602061863,0.006938672388601951,0.977038083849354,0.21306264328108548,5,5,instant_velocity,dbscan_kmeans_fallback,False
3440,329,6.48001026026,9.37360229355,-0.0005682557960000167,-0.0014319587979999327,-0.0005640464937999922,-0.001431958798199986,-0.0005575975940301681,-0.0014358469543421107,-0.36885332000728216,-0.9294806326197098,0,0,instant_velocity,dbscan_kmeans_fallback,False
3440,330,5.08168007191,8.17290484119,-0.045923486919999944,-0.004343608353999962,-0.015039836733800004,-0.011522495130199992,-0.019408301431089188,-0.010161990558637885,-0.995556546196675,-0.09416331426383838,-1,-1,instant_velocity,dbscan_kmeans_fallback,False
3440,331,5.86692539592,9.70080487895,-0.00042093021899995974,-0.0010501031189999565,-0.0009428836911999916,-0.0069354537789999785,-0.0009842783048229049,-0.005285188252203205,-0.3720646837565273,-0.9281972812754961,0,0,instant_velocity,dbscan_kmeans_fallback,False
3440,332,6.69531606741,10.2745430375,-0.0005893023069999615,-0.0009785051799999778,-0.0005935116089999859,-0.0009689587859999804,-0.0005950686302240775,-0.0009752441896908356,-0.5159062077385722,-0.8566348556079393,0,0,instant_velocity,dbscan_kmeans_fallback,False
3440,355,14.1668274591,3.47440936423,0.025508371289999943,-0.029641547124000002,0.01594062740200002,-0.033813320423399996,0.0174198940083461,-0.0320988405781834,0.6522836800845973,-0.7579745967169421,-1,-1,instant_velocity,dbscan_kmeans_fallback,False
3440,358,12.0215565967,12.4909765974,0.0,0.0,0.0,0.0,0.0,0.0,0.0,0.0,6,6,instant_velocity,dbscan_kmeans_fallback,False
3440,359,11.3120787122,13.5623204383,0.0,0.0,0.0,0.0,0.0,0.0,0.0,0.0,6,6,instant_velocity,dbscan_kmeans_fallback,False
3440,376,1.50377320827,13.6143482747,-0.009576162487999995,0.013006959089999982,-0.010173883399400006,0.012324392057999987,-0.010619029103946524,0.01203759708166523,-0.5928811207776133,0.8052892265405093,-1,-1,instant_velocity,dbscan_kmeans_fallback,False
3440,391,14.844314647,4.40971711931,0.0032411626899998326,-0.01467757768200002,0.0036368370940000005,-0.015861330288800008,0.00365908485368444,-0.016712108171457175,0.2156291239316788,-0.9764746542263167,-1,-1,instant_velocity,dbscan_kmeans_fallback,False
3440,393,12.5641356493,12.3024353556,-0.0020415115599998757,0.01076355695999993,-0.0008544883459999752,0.01167046420600002,-0.002814332919586714,0.011958104116156786,-0.18634646037500846,0.9824831658268425,6,6,instant_velocity,dbscan_kmeans_fallback,False
3440,394,12.2280228692,13.0546910443,-0.013617092600000014,0.014033196219999943,-0.015254511145999992,0.008047608446000006,-0.014710086820042188,0.010033934681929067,-0.6963864680872353,0.7176662624458389,6,6,instant_velocity,dbscan_kmeans_fallback,False
3440,395,11.5646368437,12.0809590615,-0.01178604613999994,0.014319587980000038,-0.013970673977999972,0.018233608697999983,-0.01436432284920425,0.016819194980271304,-0.6354962556883709,0.7721032512681366,6,6,instant_velocity,dbscan_kmeans_fallback,False
3440,396,9.11061366547,8.64425794562,-0.058088370257000047,-0.009546391989000114,-0.053508649470599995,-0.008176484738200002,-0.05234289879929176,-0.009476454755017627,-0.9867631244640019,-0.1621671867319895,-1,-1,instant_velocity,dbscan_kmeans_fallback,False
3440,415,2.42518945821,5.05505321773,-0.031001510647999986,0.009952113647999994,-0.029953394401999997,0.024959041854000007,-0.028608440312529175,0.023475894418169926,-0.9521414581995233,0.30565671810529693,-1,-1,instant_velocity,dbscan_kmeans_fallback,False
3440,416,2.94840572074,5.68010323318,-0.02653965032400003,0.023865979970999974,-0.031169882735599997,0.02795660893839999,-0.028750340843656456,0.028883887392722574,-0.7435683948898913,0.6686594662275147,-1,-1,instant_velocity,dbscan_kmeans_fallback,False
3450,142,9.31623807757,9.25284043489,0.00025255813099995806,-0.0005727835189999197,0.00025676743360001806,-0.0005775567154000071,0.0002540955357758639,-0.000576964121944179,0.40344590345032755,-0.9149860405975956,0,0,instant_velocity,dbscan_kmeans_fallback,False
3450,150,0.138696507243,7.25215533389,-0.026981627054,-0.005393711474000007,-0.026977417751739997,-0.005379391885599993,-0.02735262886982244,-0.00499636456160814,-0.9805985840657727,-0.19602471799341023,1,1,instant_velocity,dbscan_kmeans_fallback,False
3450,152,0.218462783791,5.78869344205,-0.040093603383699994,-0.0026968557370000033,-0.040106231290180004,-0.002701628932800002,-0.03890743595098438,-0.002015329468963647,-0.9977451771765787,-0.0671123216185321,1,1,instant_velocity,dbscan_kmeans_fallback,False
3450,155,13.2203658611,4.53596815335,-0.0026939534100000272,0.015727680800999976,-0.002310906904000021,0.012314845665199999,-0.002294107879084791,0.012006840856729508,-0.16882852649231792,0.98564480176898,-1,-1,instant_velocity,dbscan_kmeans_fallback,False
3450,156,6.66564048695,6.993448111,-0.031233022268,0.009236134249000027,-0.03232323153620001,0.006629969235999998,-0.03244562665339022,0.006847371374652495,-0.9589490071935565,0.28357748066729555,-1,-1,instant_velocity,dbscan_kmeans_fallback,False
3450,158,7.03542768456,6.34668005378,-0.04571302181099997,-0.004940257853999963,-0.044605975334000014,0.006291072320400009,-0.045222797989375646,0.0038970283290728092,-0.9942107594072913,-0.10744547873033503,-1,-1,instant_velocity,dbscan_kmeans_fallback,False
3450,159,6.09780562118,7.52565946436,0.043482091648999965,0.015894742660000016,0.0457677427392,0.014954423050000009,0.04364895228954575,0.014828693989607447,0.9392155867509223,0.3433273213757685,-1,-1,instant_velocity,dbscan_kmeans_fallback,False
3450,160,13.0924030745,10.3151152034,-0.022077789999999986,0.0011694330199999215,-0.025832487553999996,0.00418609288599999,-0.02166504531498847,0.002703592482715113,-0.9985996489648725,0.05289457881698545,-1,-1,instant_velocity,dbscan_kmeans_fallback,False
3450,161,13.7425297981,2.85604182317,-0.05876185860999996,-0.007947371331000009,-0.05876185860999996,-0.007947371331000009,-0.029964128121900017,-0.004053159378600005,-0.9909775315082905,-0.13402684342992996,-1,-1,instant_velocity,dbscan_kmeans_fallback,False
3450,162,1.01296857263,8.14450432502,0.031233022268699995,-0.0007637113590000411,0.031233022268699995,-0.0007637113590000411,0.015928841356974,-0.00038949279309002103,0.9997008626834072,-0.024444733457593654,2,2,instant_velocity,dbscan_kmeans_fallback,False
3450,163,0.454394171682,7.68651616937,0.028833720018700004,0.007064330070999958,0.028833720018700004,0.007064330070999958,0.008650116005610003,0.0021192990212999877,0.9712735469298909,0.23796433204920087,2,2,instant_velocity,dbscan_kmeans_fallback,False
3450,232,13.2976065564,7.69558524176,0.027339417740000017,-0.010787422947000015,0.01401697630200001,-0.005002309401999998,0.015215679845808114,-0.005553245775233454,0.9302066337014886,-0.36703533635106117,-1,-1,instant_velocity,dbscan_kmeans_fallback,False
3450,233,13.6202495694,8.20631721315,0.0024203487599999463,0.0002386597999999296,0.002428767363999995,0.00022911340779998567,0.0023296380064575964,0.0002450723064090747,0.9951695485953528,0.09812923218296539,3,3,instant_velocity,dbscan_kmeans_fallback,False
3450,238,12.6674740181,8.31228216422,0.0002525581300000468,-0.0006443814589999874,0.0002399302239999912,-0.0006348350671999725,0.00024258321648857532,-0.0006344587434392811,0.3649063282072119,-0.9310287186892297,3,3,instant_velocity,dbscan_kmeans_fallback,False
3450,248,11.9872507838,5.4156681751,0.00048406975000006016,0.0004295876400000509,0.0004882790539999959,0.0004152680516000018,0.0004921845365104874,0.0004149292179185536,0.7479319589442169,0.6637521248196591,4,4,instant_velocity,dbscan_kmeans_fallback,False
3450,249,12.4624810014,4.91830115249,0.0012417441500000236,-0.00021479382000002544,0.0012417441480000236,-0.00021002062380000907,0.0012177553104042143,-0.00020100696468105503,0.9853591421421093,-0.17044497790679963,4,4,instant_velocity,dbscan_kmeans_fallback,False
3450,256,8.12395323155,5.39371147352,0.016142673909000038,-0.004773195995000012,0.021336952814000013,-0.0010262371387999992,0.021092059019495554,-3.9308694998415206e-05,0.9589562657601679,-0.28355192162771886,5,5,instant_velocity,dbscan_kmeans_fallback,False
3450,259,11.4152066159,8.81012650642,0.024140348080000075,0.010524897166999914,0.023618394602000024,0.00536507229759998,0.02387879332598644,0.006163004733546808,0.9166652733151854,0.3996548726733259,-1,-1,instant_velocity,dbscan_kmeans_fallback,False
3450,260,11.7439531171,7.48699657681,0.042093021920000064,-0.00257752583699995,0.04257288237499999,0.0009546391988000025,0.04260512348030576,0.0018936092078803229,0.9981302153337996,-0.06111954669357672,-1,-1,instant_velocity,dbscan_kmeans_fallback,False
3450,261,7.21474395796,5.53690735335,0.021888371400999952,0.0047731959940000126,0.0296376967374,0.006763618723800011,0.028603509634733026,0.0062890294702213695,0.9770380838493539,0.21306264328108632,5,5,instant_velocity,dbscan_kmeans_fallback,False
3450,329,6.47453816741,9.35928270556,-0.0005472092849999832,-0.0014319587990000216,-0.0005598371915999855,-0.0014319587984000038,-0.0005544811013211126,-0.001434680507739484,-0.3569619027914976,-0.9341119597597672,0,0,instant_velocity,dbscan_kmeans_fallback,False
3450,330,4.63233706286,8.10011360227,-0.04493430090500006,-0.007279123892000072,-0.02373204576140001,-0.010376928091599992,-0.02706610127326245,-0.009297130558646541,-0.9871313490930025,-0.1599101631271975,-1,-1,instant_velocity,dbscan_kmeans_fallback,False
3450,331,5.86292655884,9.69030384777,-0.000399883708000015,-0.0010501031180000452,-0.0007997674165999946,-0.005388938277400009,-0.0008089599257760379,-0.004014662711942257,-0.3558712508977292,-0.9345254700255701,0,0,instant_velocity,dbscan_kmeans_fallback,False
3450,332,6.68942304434,10.2647579857,-0.0005893023070000503,-0.0009785051800001554,-0.0005935116090000037,-0.000968958786000016,-0.0005933387332568693,-0.0009762224867836315,-0.5159062077385606,-0.8566348556079463,0,0,instant_velocity,dbscan_kmeans_fallback,False
3450,334,5.083784723,12.0547064835,0.0,0.0,0.0,0.0,0.0,0.0,0.0,0.0,0,0,instant_velocity,dbscan_kmeans_fallback,False
3450,355,14.421911172,3.17775523318,0.025508371289999943,-0.029665413104999993,0.016306836693999998,-0.032782310088800004,0.019846437192842254,-0.03136881233622838,0.651982033917408,-0.7582340774842183,-1,-1,instant_velocity,dbscan_kmeans_fallback,False
3450,358,12.0621763629,12.3442008206,0.004061976620000074,-0.01467757768000002,0.004061976620000074,-0.01467757768000002,0.0012185929860000224,-0.004403273304000007,0.2667213554513514,-0.9637730050627509,-1,-1,instant_velocity,dbscan_kmeans_fallback,False
3450,359,11.4206787087,13.2587451731,0.010859999650000063,-0.0303575265200001,0.010859999650000063,-0.0303575265200001,0.0032579998950000195,-0.009107257956000031,0.33683208911137713,-0.9415644021669567,-1,-1,instant_velocity,dbscan_kmeans_fallback,False
3450,393,12.5437205337,12.4103095851,-0.0020415115600000535,0.010787422950000014,-0.0012627906579999858,0.011364979662000002,-0.002582486511710716,0.011606899766309756,-0.18594845994431003,0.982558572590378,6,6,instant_velocity,dbscan_kmeans_fallback,False
3450,394,12.0918519433,13.1950230066,-0.013617092590000013,0.014033196229999944,-0.014850418135999988,0.009703907457999997,-0.014382188551029535,0.01123371314635033,-0.6963864675682506,0.717666262949435,6,6,instant_velocity,dbscan_kmeans_fallback,False
3450,395,11.453932196,12.2220070031,-0.011070464770000043,0.014104794160000012,-0.013297185626000001,0.01697825815199998,-0.013376165425442989,0.016004874734189916,-0.6174116890442606,0.7866394922773595,6,6,instant_velocity,dbscan_kmeans_fallback,False
3450,396,8.5297299629,8.54879402574,-0.058088370257000047,-0.009546391988000025,-0.05370227737200001,-0.0096323095164,-0.054066540236604246,-0.009497435924912347,-0.9867631244667204,-0.16216718671544747,-1,-1,instant_velocity,dbscan_kmeans_fallback,False
3450,415,2.10149411961,5.0824990947,-0.032369533860000035,0.0027445876969999896,-0.030020743237000005,0.019278938620999993,-0.02973676837677043,0.017256502401818943,-0.9964243533168389,0.08448604891663286,1,1,instant_velocity,dbscan_kmeans_fallback,False
3450,416,2.6676452645,5.88893055793,-0.02807604562399999,0.020882732475000054,-0.029368301397199995,0.02554137176540001,-0.028548052277759518,0.026483540917405818,-0.8023844738405217,0.5968069910451325,-1,-1,instant_velocity,dbscan_kmeans_fallback,False
3460,142,9.31876365889,9.2471125997,0.0002525581319998693,-0.0005727835190000973,0.0002525581315999759,-0.000577556715200025,0.00025363431464306554,-0.0005757099410609546,0.40344590478752507,-0.9149860400079947,0,0,instant_velocity,dbscan_kmeans_fallback,False
3460,155,13.2064751639,4.68441454878,-0.0013890697199999025,0.01484463954300006,-0.0023656278320000014,0.01498783542200001,-0.0020225964313593248,0.012858180462610672,-0.09316676544343418,0.9956498442677963,-1,-1,instant_velocity,dbscan_kmeans_fallback,False
3460,156,6.35331026427,7.08580945349,-0.031233022268,0.009236134248999939,-0.032083301311200005,0.007279123891199984,-0.032081845337773154,0.007564000236956728,-0.9589490071935571,0.283577480667293,-1,-1,instant_velocity,dbscan_kmeans_fallback,False
3460,158,6.57808700135,6.29727747524,-0.045734068321,-0.004940257854000052,-0.04469437068,0.004534536194599994,-0.04537617908886295,0.0012458424741509505,-0.9942160402933853,-0.10739660349387505,-1,-1,instant_velocity,dbscan_kmeans_fallback,False
3460,159,6.53283700278,7.68484555077,0.043503138159999996,0.01591860864100001,0.0450774171796,0.017035536503400017,0.04360520805068203,0.015155668385025217,0.9391029609869245,0.34363526728976446,-1,-1,instant_velocity,dbscan_kmeans_fallback,False
3460,160,12.8970914527,10.3664270604,-0.019531162180000016,0.005131185699999996,-0.02319325508200002,0.0030882578099999947,-0.021024880374491933,0.0034318704479005782,-0.9671787137404111,0.25409515007617345,-1,-1,instant_velocity,dbscan_kmeans_fallback,False
3460,161,13.1258670269,2.9149907937,-0.06166627711999997,0.005894897052999992,-0.06166627711999997,0.005894897052999992,-0.03947477282133001,-0.0010687424491200056,-0.9954618558188546,0.09515971182792998,-1,-1,instant_velocity,dbscan_kmeans_fallback,False
3460,162,1.31940577224,8.14880020142,0.030643719961000015,0.0004295876400000509,0.030643719961000015,0.0004295876400000509,0.020343304938181806,-0.00014376866316299943,0.9999014250851339,0.014017400432509132,1,1,instant_velocity,dbscan_kmeans_fallback,False
3460,163,0.742941836978,7.75739812989,0.028854766529599996,0.007088196052000039,0.028854766529599996,0.007088196052000039,0.014711511162807,0.0036099681305100037,0.9711278278469203,0.23855831334731434,1,1,instant_velocity,dbscan_kmeans_fallback,False
3460,164,0.176790692085,8.01419607438,0.0,0.0,0.0,0.0,0.0,0.0,0.0,0.0,-1,-1,instant_velocity,dbscan_kmeans_fallback,False
3460,232,13.6419274757,7.55477595993,0.03443209192999994,-0.01408092818300002,0.020768697017999996,-0.007842361018600013,0.020980603471065663,-0.008111550497563423,0.9255931209108322,-0.37851926884723275,-1,-1,instant_velocity,dbscan_kmeans_fallback,False
3460,233,13.6446635221,8.20846515134,0.0024413952699999797,0.0002147938190001142,0.002428767363999995,0.00022911340760000342,0.0023631651855203113,0.00023598876018638657,0.9961480243199424,0.08764104733974554,2,2,instant_velocity,dbscan_kmeans_fallback,False
3460,238,12.6697891343,8.30607700943,0.00023151162000001335,-0.0006205154790000833,0.0002399302239999912,-0.0006300618711999917,0.00023926173754200674,-0.0006302757641075217,0.34955342421069585,-0.9369003182656954,2,2,instant_velocity,dbscan_kmeans_fallback,False
3460,248,11.9920914814,5.41972539169,0.00048406975999988334,0.000405721658999969,0.0004882790559999961,0.00041526805140000176,0.0004897501035573062,0.0004121669502429782,0.7663916609338298,0.6423489377189976,2,2,instant_velocity,dbscan_kmeans_fallback,False
3460,249,12.4748984428,4.9161532143,0.0012417441400000228,-0.00021479381899993654,0.0012417441460000234,-0.0002100206235999913,0.0012249519592829568,-0.00020514302097671946,0.9853591420447982,-0.17044497846899384,2,2,instant_velocity,dbscan_kmeans_fallback,False
3460,256,8.14584160295,5.39156353533,0.002188837139999933,-0.00021479381899993654,0.015949046007399995,-0.001990422729599999,0.015421092455646868,-9.195423219887162e-05,0.9952150797467993,-0.09766192458939543,3,3,instant_velocity,dbscan_kmeans_fallback,False
3460,259,11.6566100966,8.9153754781,0.024140348069999894,0.010524897168000003,0.023710999249999993,0.006949773367799992,0.02395725974919048,0.0074715724638827665,0.9166652732406209,0.3996548728443501,-1,-1,instant_velocity,dbscan_kmeans_fallback,False
3460,260,12.1648833364,7.46145997824,0.042093021930000064,-0.002553659857000046,0.042880161436,-0.0024629691330000014,0.04245149301521405,0.0005594284884162121,0.9981645814891199,-0.06055570984347269,-1,-1,instant_velocity,dbscan_kmeans_fallback,False
3460,261,7.38227418523,5.5827300349,0.016753022727000032,0.00458226815499998,0.025483115473600007,0.004567948566600002,0.025048363562413127,0.005777001075654953,0.9645691751520354,0.2638278886514258,3,3,instant_velocity,dbscan_kmeans_fallback,False
3460,329,6.46885560945,9.34496311758,-0.0005682557960000167,-0.0014319587979999327,-0.0005598371916000033,-0.001431958798199986,-0.0005586135097247839,-0.0014338639948176188,-0.36885332000728216,-0.9294806326197098,0,0,instant_velocity,dbscan_kmeans_fallback,False
3460,330,4.22193009909,7.9091857625,-0.04104069637699999,-0.019092783976999962,-0.03121618505960001,-0.01123133017459999,-0.03125847980438371,-0.012235826584152568,-0.9066863734142063,-0.4218049056348001,-1,-1,instant_velocity,dbscan_kmeans_fallback,False
3460,331,5.85871725665,9.67980281658,-0.00042093021899995974,-0.0010501031189999565,-0.0006650697463999933,-0.0038376495793999866,-0.0006925510137432145,-0.003125294834059567,-0.3720646837565273,-0.9281972812754961,0,0,instant_velocity,dbscan_kmeans_fallback,False
3460,332,6.68353002127,10.2552115937,-0.0005893023069999615,-0.000954639199999896,-0.0005935116092000037,-0.0009689587859999804,-0.0005921278053797969,-0.0009697475007485108,-0.5252766880771431,-0.8509210151193105,0,0,instant_velocity,dbscan_kmeans_fallback,False
3460,334,5.02611728297,12.0430121533,-0.005766744003000035,-0.0011694330200000991,-0.005766744003000035,-0.0011694330200000991,-0.0017300232009000108,-0.0003508299060000298,-0.98004981553717,-0.19874345296720913,0,0,instant_velocity,dbscan_kmeans_fallback,False
3460,355,14.6769948848,2.88133976194,0.025508371279999942,-0.029641547124000002,0.01854197615799997,-0.031741753361800004,0.021545017418989558,-0.030850632772559866,0.6522836799376833,-0.7579745968433708,-1,-1,instant_velocity,dbscan_kmeans_fallback,False
3460,358,12.1025856639,12.1974250438,0.004040930099999862,-0.01467757768000002,0.004040930099999862,-0.01467757768000002,0.0020652941201999746,-0.007485564616800011,0.2654369842367893,-0.9641275297685917,-1,-1,instant_velocity,dbscan_kmeans_fallback,False
3460,359,11.5290682402,12.954931248,0.01083895315000003,-0.030381392510000004,0.01083895315000003,-0.030381392510000004,0.005532285871500023,-0.015489498322200024,0.3360188764686691,-0.9418549222868273,-1,-1,instant_velocity,dbscan_kmeans_fallback,False
3460,393,12.4384879789,12.501000309,-0.01052325548000006,0.009069072389999988,-0.003367441753999998,0.010715825008000017,-0.00496471720219752,0.010845551553416825,-0.7575055107967108,0.6528276659533547,4,4,instant_velocity,dbscan_kmeans_fallback,False
3460,394,11.9556810174,13.3353549688,-0.013617092590000013,0.014033196220000122,-0.014311627454000019,0.011589319874000026,-0.01415265976272068,0.012073558068445268,-0.6963864678238332,0.7176662627014305,4,4,instant_velocity,dbscan_kmeans_fallback,False
3460,395,11.3720612684,12.3547018518,-0.00818709276000007,0.013269484869999992,-0.011857604276000017,0.015594031313999999,-0.011819443625810113,0.015184257774932937,-0.5250855420231122,0.8510487006295226,4,4,instant_velocity,dbscan_kmeans_fallback,False
3460,396,7.90675323841,8.4974821688,-0.062297672448999905,-0.005131185693999995,-0.05569748661179998,-0.009164536309000014,-0.056535879900322945,-0.008187560855638642,-0.9966249558124649,-0.08208762084546214,-1,-1,instant_velocity,dbscan_kmeans_fallback,False
3460,397,15.0869809184,6.09799654248,0.0,0.0,0.0,0.0,0.0,0.0,0.0,0.0,2,2,instant_velocity,dbscan_kmeans_fallback,False
3460,415,1.7710638975,5.10302383747,-0.033043022210999994,0.002052474277000016,-0.030395371132,0.013641794151600006,-0.0307286445270393,0.012695293964373263,-0.9980761133850082,0.061995707781503366,5,5,instant_velocity,dbscan_kmeans_fallback,False
3460,416,2.32563946136,5.97842798282,-0.03420058031399997,0.008949742489000023,-0.029747138594599997,0.021531887130200003,-0.030243810688631655,0.021223401388884077,-0.9674242887101696,0.2531593961876666,5,5,instant_velocity,dbscan_kmeans_fallback,False
3470,142,9.32128924021,9.2413847645,0.00025255813200004696,-0.0005727835200000087,0.0002525581315999759,-0.0005775567154000071,0.00025331145985016,-0.0005748320147426709,0.40344590419811555,-0.9149860402679092,0,0,instant_velocity,dbscan_kmeans_fallback,False
3470,155,13.3091821374,4.7510006329,0.010270697350000014,0.006658608411999989,0.00016416278600001277,0.013742031267600012,0.0016653917030484773,0.010998308847427467,0.8390898407035144,0.5439913650782577,1,1,instant_velocity,dbscan_kmeans_fallback,False
3470,156,6.05844864568,7.19893419856,-0.029486161858999972,0.011312474507000037,-0.03141823156499999,0.008419917734000002,-0.031303140294141205,0.00868854251796972,-0.9336458228446772,0.3581966557737566,-1,-1,instant_velocity,dbscan_kmeans_fallback,False
3470,158,6.12769166675,6.26291046408,-0.045039533460000045,-0.0034367011159999626,-0.0449006264874,0.001675391794000003,-0.045275185400204074,-0.00015892060289432355,-0.9971012722277324,-0.07608291631336153,-1,-1,instant_velocity,dbscan_kmeans_fallback,False
3470,159,6.9663951286,7.8328146266,0.04335581258200003,0.014796907582999985,0.04447127766380001,0.0169687117598,0.043530389410077426,0.015048040144417647,0.9463998116241851,0.32299684206554563,-1,-1,instant_velocity,dbscan_kmeans_fallback,False
3470,160,12.7015693659,10.4175002575,-0.01955220868000005,0.005107319710000091,-0.02117699933000001,0.0025822990340000017,-0.02058307886614437,0.003934505226530432,-0.9675352372278734,0.25273419837566496,-1,-1,instant_velocity,dbscan_kmeans_fallback,False
3470,161,12.4799496055,3.11236244806,-0.06459174214,0.019737165435999994,-0.06459174214,0.019737165435999994,-0.047009863616931005,0.005173029916415995,-0.956348120093006,0.29222932274796276,-1,-1,instant_velocity,dbscan_kmeans_fallback,False
3470,162,1.60206041447,8.20106669755,0.02826546422299998,0.005226649613000056,0.02826546422299998,0.005226649613000056,0.022719952723627257,0.0014673568196859174,0.9833295633880225,0.18183034396270156,2,2,instant_velocity,dbscan_kmeans_fallback,False
3470,163,1.03127903717,7.8280414306,0.028833720019200003,0.007064330070999958,0.028833720019200003,0.007064330070999958,0.018948173819724905,0.00464627671265699,0.9712735469308447,0.23796433204530804,2,2,instant_velocity,dbscan_kmeans_fallback,False
3470,164,0.513534867486,8.06192803432,0.0336744175401,0.0047731959940000126,0.0336744175401,0.0047731959940000126,0.01010232526203,0.001431958798200004,0.9901027093814491,0.14034256956160726,2,2,instant_velocity,dbscan_kmeans_fallback,False
3470,232,13.9622553726,7.4127733791,0.03203278969000003,-0.014200258082999984,0.025436813150000005,-0.010114402311799999,0.024296259336745972,-0.00993816277319439,0.9141978748415726,-0.40526741152779183,3,3,instant_velocity,dbscan_kmeans_fallback,False
3470,233,13.7831495643,8.12946875764,0.013848604220000027,-0.007899639370000067,0.004714418456000011,-0.001398546426399996,0.005808796895864226,-0.00220469967886955,0.8686165279868663,-0.49548367567672463,3,3,instant_velocity,dbscan_kmeans_fallback,False
3470,238,12.9177170335,8.25571979169,0.024792789920000047,-0.005035721774000024,0.005152185883999998,-0.0015131031302000153,0.007605320192279419,-0.0019519095670752725,0.9799893508649262,-0.19904793806435192,3,3,instant_velocity,dbscan_kmeans_fallback,False
3470,248,11.9969321789,5.42402126809,0.00048406975000006016,0.0004295876399999621,0.0004882790539999959,0.0004152680516000018,0.00048804599749013237,0.00041739315717007335,0.7479319589442849,0.6637521248195822,1,1,instant_velocity,dbscan_kmeans_fallback,False
3470,249,12.4873158843,4.9140052761,0.001241744149999846,-0.00021479382000002544,0.0012417441459999878,-0.0002147938197999899,0.0012299896164980235,-0.00020803826068371123,0.9853591421421052,-0.17044497790682328,1,1,instant_velocity,dbscan_kmeans_fallback,False
3470,256,8.16794043946,5.38965425693,0.0022098836510000552,-0.0001909278400000325,0.010561139201000014,-0.002945061928400001,0.011457729814252823,-0.00012164631453921989,0.9962840325103286,-0.08607618698280257,4,4,instant_velocity,dbscan_kmeans_fallback,False
3470,259,11.8757042757,9.00797548038,0.021909417910000072,0.00926000022800011,0.023517371348000006,0.008801773413400014,0.023342907197433357,0.00800810079311797,0.9211081466829206,0.3893057169904782,-1,-1,instant_velocity,dbscan_kmeans_fallback,False
3470,260,12.5454042546,7.40800018311,0.03805209181999984,-0.005345979512999932,0.04178995216799997,-0.0030548454361999868,0.041131672656649784,-0.0012121939120086315,0.990274600160206,-0.13912474903464275,3,3,instant_velocity,dbscan_kmeans_fallback,False
3470,261,7.49866139085,5.62664343804,0.01163872056199997,0.0043913403140000366,0.021080185380199998,0.004458165058599999,0.02102547066228918,0.005361302847158478,0.9356176870659217,0.3530126568309015,4,4,instant_velocity,dbscan_kmeans_fallback,False
3470,329,6.46317305149,9.3306435296,-0.0005682557960000167,-0.0014319587980001103,-0.0005640464937999922,-0.0014319587982000214,-0.0005615061956073537,-0.0014332924357723662,-0.36885332000724264,-0.9294806326197256,0,0,instant_velocity,dbscan_kmeans_fallback,False
3470,330,3.77995336887,7.71109812874,-0.04419767302199995,-0.019808763376000016,-0.039327510384799994,-0.012228928137399998,-0.035140237769668584,-0.014507707621706802,-0.9125398573428416,-0.408987280761941,-1,-1,instant_velocity,dbscan_kmeans_fallback,False
3470,331,5.85471841956,9.66930178539,-0.00039988370900001513,-0.0010501031190001341,-0.0005219534719999963,-0.002291134077199999,-0.0006047508223202547,-0.002502737319541737,-0.35587125137896375,-0.9345254698423248,0,0,instant_velocity,dbscan_kmeans_fallback,False
3470,332,6.6776369982,10.2454265419,-0.0005893023070000503,-0.0009785051799999778,-0.0005893023070000147,-0.0009689587859999804,-0.000591280155865873,-0.000972374804523951,-0.5159062077386293,-0.856634855607905,0,0,instant_velocity,dbscan_kmeans_fallback,False
3470,334,4.96823937782,12.031556483,-0.005787790514999979,-0.0011455670300000165,-0.005787790514999979,-0.0011455670300000165,-0.0029473533951300014,-0.0005892510432000259,-0.9809679043887779,-0.194161223673106,0,0,instant_velocity,dbscan_kmeans_fallback,False
3470,355,14.9194506911,2.54172686695,0.024245580630000062,-0.033961289499000014,0.021774720242,-0.031560371914000004,0.02235518638229271,-0.03178382979049191,0.5810399451322892,-0.8138747464230436,-1,-1,instant_velocity,dbscan_kmeans_fallback,False
3470,358,12.1303670584,12.0513652463,0.0027781394499999832,-0.014605979749999953,0.0027781394499999832,-0.014605979749999953,0.002279147719139977,-0.009621689156759993,0.18685547792888363,-0.9823867289332269,-1,-1,instant_velocity,dbscan_kmeans_fallback,False
3470,359,11.6374577716,12.651117323,0.010838953139999852,-0.030381392500000003,0.010838953139999852,-0.030381392500000003,0.0071242860520499725,-0.01995706657554002,0.3360188762917691,-0.9418549223499384,-1,-1,instant_velocity,dbscan_kmeans_fallback,False
3470,393,12.3332554241,12.5916910329,-0.010523255479999882,0.009069072389999988,-0.005429999827999978,0.010095309527999988,-0.006632278685538229,0.010312607804391773,-0.7575055107967054,0.652827665953361,5,5,instant_velocity,dbscan_kmeans_fallback,False
3470,394,11.8195100915,13.4759255908,-0.013617092590000013,0.014057062199999849,-0.01377704607600002,0.013474732291999985,-0.01399198961090448,0.012668609307911641,-0.6957767670025612,0.7182573832429082,5,5,instant_velocity,dbscan_kmeans_fallback,False
3470,395,11.2901903408,12.4871580406,-0.008187092759999893,0.013245618880000087,-0.010418022926,0.014205031278,-0.010729738366067046,0.014602666106453083,-0.5257702772814181,0.8506258467385099,5,5,instant_velocity,dbscan_kmeans_fallback,False
3470,396,7.2658869796,8.46478577624,-0.064086625881,-0.003269639256000012,-0.05869450977199998,-0.007632340394800003,-0.05880110369452606,-0.006712184375747053,-0.9987009074939568,-0.05095277910571323,-1,-1,instant_velocity,dbscan_kmeans_fallback,False
3470,397,15.0524646404,6.45837284005,-0.00345162779999999,0.03603762975700002,-0.00345162779999999,0.03603762975700002,-0.0010354883399999971,0.010811288927100008,-0.09534209668683014,0.9954442888239841,-1,-1,instant_velocity,dbscan_kmeans_fallback,False
3470,415,1.38254530513,5.06030373332,-0.038851859236999985,-0.004272010415000071,-0.032609464085400004,0.007441412554999988,-0.033165608940027506,0.007605102650561263,-0.9940088114178992,-0.10929762637807297,-1,-1,instant_velocity,dbscan_kmeans_fallback,False
3470,416,1.98363365822,6.06792540771,-0.034200580314000015,0.008949742488999934,-0.030365906016799993,0.017718103530599993,-0.031430841576242166,0.017541303718918835,-0.9674242887101702,0.2531593961876639,-1,-1,instant_velocity,dbscan_kmeans_fallback,False
3480,142,9.32171017042,9.22849713532,4.2093020999978135e-05,-0.0012887629179999748,0.00021046510959997987,-0.0007159793992000019,0.00018994592819510542,-0.0007890112857198621,0.03264391001349548,-0.9994592862304392,0,0,instant_velocity,dbscan_kmeans_fallback,False
3480,155,13.412099576,4.81758671702,0.010291743859999869,0.006658608411999989,0.002761302237999992,0.011928216789799996,0.0042532973501338955,0.009696398716799223,0.8395975731375476,0.5432074038411331,1,1,instant_velocity,dbscan_kmeans_fallback,False
3480,156,5.83283004816,7.39511255392,-0.022561859752000046,0.019617835535999984,-0.029368301397199995,0.011221783782599993,-0.028680756131498855,0.011967330423378799,-0.7546246950884898,0.6561561556705354,-1,-1,instant_velocity,dbscan_kmeans_fallback,False
3480,158,5.73875214416,6.36434087896,-0.03889395225899994,0.010143041488000026,-0.04387776605479999,0.0015369691102000082,-0.04336081545784284,0.0029316680243739817,-0.9676365160036058,0.2523471325765631,-1,-1,instant_velocity,dbscan_kmeans_fallback,False
3480,159,7.38732534786,7.88054658654,0.04209302192599997,0.0047731959940000126,0.043663091643,0.014066608595200005,0.04309917916485419,0.011965586899292356,0.993631744937378,0.11267423547742027,-1,-1,instant_velocity,dbscan_kmeans_fallback,False
3480,160,12.5399321617,10.4750172692,-0.016163720419999982,0.0057517011699999895,-0.019939464486000025,0.0035798969960000094,-0.019257271332301054,0.004479664009571299,-0.9421294684777216,0.3352475188465791,-1,-1,instant_velocity,dbscan_kmeans_fallback,False
3480,161,11.834032184,3.30997276223,-0.06459174215,0.01976103141700003,-0.06167048642200001,0.0058996702489999995,-0.05228442717685171,0.009549430366591206,-0.9562493209224454,0.2925524570826797,-1,-1,instant_velocity,dbscan_kmeans_fallback,False
3480,162,1.88492552181,8.25309453389,0.028286510734000014,0.0052027836339998855,0.02993234789102,0.001866319633799982,0.024389920126739083,0.0025879848639801077,0.9835016829985429,0.18089705402107656,2,2,instant_velocity,dbscan_kmeans_fallback,False
3480,163,1.30277902858,7.85882854476,0.027149999141000004,0.0030787114159999797,0.027149999141000004,0.0030787114159999797,0.021408721416107435,0.004176007123659887,0.9936316158423294,0.11267422083902177,2,2,instant_velocity,dbscan_kmeans_fallback,False
3480,164,0.850279042887,8.10965999426,0.0336744175401,0.0047731959940000126,0.0336744175401,0.0047731959940000126,0.017173952945451,0.002434329956940007,0.9901027093814491,0.14034256956160726,2,2,instant_velocity,dbscan_kmeans_fallback,False
3480,232,14.2463832706,7.26957749927,0.028412789800000126,-0.014319587982999949,0.02778139447200001,-0.01182797967379999,0.02553121847572222,-0.01125259033613606,0.8929993416319949,-0.4500572710836133,3,3,instant_velocity,dbscan_kmeans_fallback,False
3480,233,14.0933751359,7.92851720628,0.03102255716000002,-0.02009515513600002,0.01043065083400002,-0.005460536217400023,0.013372924975104965,-0.0075718363160086925,0.8393016184136217,-0.5436655702149606,3,3,instant_velocity,dbscan_kmeans_fallback,False
3480,238,13.2409914419,8.09056721029,0.032327440839999964,-0.016515258139999923,0.011567162426000017,-0.0046872784661999845,0.015021956386595585,-0.006320914138952668,0.890519888016321,-0.45494370872672457,3,3,instant_velocity,dbscan_kmeans_fallback,False
3480,248,12.0019833415,5.42807848468,0.0005051162600000936,0.00040572165900005787,0.0004924883560000026,0.00041526805140000176,0.0004931670762431207,0.00041389170771906873,0.7796290257732427,0.6262169856524917,1,1,instant_velocity,dbscan_kmeans_fallback,False
3480,249,12.4997333258,4.9118573379,0.0012417441500000236,-0.00021479382000002544,0.001241744147999988,-0.00021479381980000768,0.0012335159765486236,-0.0002100649284786055,0.9853591421421093,-0.17044497790679963,1,1,instant_velocity,dbscan_kmeans_fallback,False
3480,256,8.18982881086,5.38750631873,0.002188837139999933,-0.00021479382000002544,0.007770371847399993,-0.0020333814936000037,0.008677062011976957,-0.00014959056617746156,0.9952150797026029,-0.09766192503977633,4,4,instant_velocity,dbscan_kmeans_fallback,False
3480,259,12.0924833386,9.09914352387,0.021677906289999882,0.009116804348999885,0.023201673683999998,0.009995072411799982,0.022843406925203313,0.008340711859882544,0.9217981621014231,0.3876690571830312,-1,-1,instant_velocity,dbscan_kmeans_fallback,False
3480,260,12.8653112212,7.31253626322,0.03199069666000014,-0.009546391989000026,0.039487463868,-0.00448680423459999,0.03838937985765489,-0.0037124533351060502,0.9582439245508869,-0.28595101326063127,3,3,instant_velocity,dbscan_kmeans_fallback,False
3480,261,7.61504859647,5.67079550099,0.01163872056200006,0.004415206294999941,0.01676144133060001,0.004587041350399996,0.01820944563220244,0.005077473881510917,0.9349829440338944,0.3546904110486373,4,4,instant_velocity,dbscan_kmeans_fallback,False
3480,329,6.45770095864,9.31632394161,-0.0005472092849999832,-0.0014319587990000216,-0.0005598371916000033,-0.0014319587984000038,-0.0005572171224251425,-0.001432892344740663,-0.3569619027914976,-0.9341119597597672,0,0,instant_velocity,dbscan_kmeans_fallback,False
3480,330,3.21169757289,7.48437131901,-0.05682557959800003,-0.02267268097299997,-0.046584347364399994,-0.014639392114399996,-0.04164584031816802,-0.01695719962709475,-0.9288005488702035,-0.3705795643626403,-1,-1,instant_velocity,dbscan_kmeans_fallback,False
3480,331,5.85050911737,9.6588007542,-0.0004209302190000486,-0.0010501031189999565,-0.00041251161479999966,-0.00105010311880001,-0.0005496046413241928,-0.002066947059379203,-0.372064683756595,-0.9281972812754691,0,0,instant_velocity,dbscan_kmeans_fallback,False
3480,332,6.67174397513,10.2356414901,-0.0005893023069999615,-0.0009785051799999778,-0.0005893023069999969,-0.000973731983999997,-0.0005906868012060995,-0.000974213917166759,-0.5159062077385722,-0.8566348556079393,0,0,instant_velocity,dbscan_kmeans_fallback,False
3480,334,4.91057193778,12.0201008126,-0.005766744003999946,-0.0011455670399998397,-0.005766744003999946,-0.0011455670399998397,-0.003793170577790985,-0.00075614584223997,-0.9808327119166668,-0.19484298691705926,0,0,instant_velocity,dbscan_kmeans_fallback,False
3480,355,15.1562239395,2.18373716738,0.02367732484000005,-0.03579896995700001,0.024889603865999987,-0.031741753361800004,0.022751827919604912,-0.032988371840444335,0.5516533610928005,-0.8340732001563063,-1,-1,instant_velocity,dbscan_kmeans_fallback,False
3480,358,12.1453100812,11.9064987479,0.0014943022800000705,-0.014486649839999899,0.0014943022800000705,-0.014486649839999899,0.002043694087398005,-0.011081177361731965,0.10260581157843497,-0.9947214052873724,-1,-1,instant_velocity,dbscan_kmeans_fallback,False
3480,359,11.6934414908,12.2790466953,0.005598371920000034,-0.037207062769999945,0.005598371920000034,-0.037207062769999945,0.006666511812434991,-0.025132065433877998,0.14879039526688692,-0.9888684880850379,-1,-1,instant_velocity,dbscan_kmeans_fallback,False
3480,393,12.2280228692,12.6823817568,-0.01052325549000006,0.009069072389999988,-0.007130557913999986,0.009751639415999982,-0.007799571726876778,0.009939547180074238,-0.7575055111034956,0.6528276655973789,5,5,instant_velocity,dbscan_kmeans_fallback,False
3480,395,11.2085298782,12.6198528892,-0.008166046260000037,0.013269484859999991,-0.009479348537999997,0.013641794150000023,-0.009960630734246943,0.014202711732517154,-0.5241068383305846,0.8516517706146479,5,5,instant_velocity,dbscan_kmeans_fallback,False
3480,396,6.69531606741,8.41872443489,-0.057057091219,-0.004606134134999884,-0.0599236260126,-0.006419948612400006,-0.058277899951868245,-0.006080369303522902,-0.9967571206377555,-0.08046672025483302,-1,-1,instant_velocity,dbscan_kmeans_fallback,False
3480,397,15.0181588275,6.81874913761,-0.0034305812899999566,0.03603762975600002,-0.0034305812899999566,0.03603762975600002,-0.001754016224999985,0.018379191175770013,-0.0947659792444656,0.9954993002007766,-1,-1,instant_velocity,dbscan_kmeans_fallback,False
3480,415,0.994026712761,5.01734496938,-0.03885185923690001,-0.0042958763939999756,-0.034823557038580005,0.0012362577625999905,-0.03487148402908926,0.00403480893719289,-0.9939422953473216,-0.10990087289118373,6,6,instant_velocity,dbscan_kmeans_fallback,False
3480,416,1.60900576309,6.04238880915,-0.03746278951299999,-0.002553659855999957,-0.0320959292178,0.012018907513600005,-0.03324042595726952,0.011512814646443197,-0.9976845496735076,-0.06800740191993807,6,6,instant_velocity,dbscan_kmeans_fallback,False
3490,142,9.30318924078,9.15117136021,-0.0018520929639999294,-0.007732577510999939,-0.0002104651096000154,-0.0021479381973999877,-0.00042266573946340513,-0.0028720811533038855,-0.23292959654378684,-0.9724923072926503,0,0,instant_velocity,dbscan_kmeans_fallback,False
3490,155,13.5148065495,4.88417280114,0.010270697350000014,0.006658608411999989,0.005350023085999993,0.010109629116000001,0.006058517350093731,0.008785061625359452,0.8390898407035144,0.5439913650782577,1,1,instant_velocity,dbscan_kmeans_fallback,False
3490,156,5.60742191575,7.59105224949,-0.02254081324100001,0.01959396955699999,-0.027410975877600007,0.013799309619599995,-0.026838773264349202,0.014255322163465157,-0.7547169609586667,0.6560500279678289,-1,-1,instant_velocity,dbscan_kmeans_fallback,False
3490,158,5.34960215646,6.46553263404,-0.03891499877000006,0.010119175507999945,-0.042859114924200005,0.0013890000343999987,-0.042027070451490005,0.005087920269461772,-0.9678145382602664,0.25166350973649404,-1,-1,instant_velocity,dbscan_kmeans_fallback,False
3490,159,7.80825556711,7.92827854648,0.042093021924999974,0.004773195993999923,0.04290541724839999,0.011231330174399989,0.042797331992897925,0.009807869627704626,0.9936317449370786,0.11267423548006099,-1,-1,instant_velocity,dbscan_kmeans_fallback,False
3490,160,12.4570089085,10.5473311885,-0.008292325319999882,0.007231391929999909,-0.017123441319999985,0.004878206305999982,-0.0159677875286107,0.005305182385699882,-0.7536736575867581,0.6572474420632685,2,2,instant_velocity,dbscan_kmeans_fallback,False
3490,161,11.1731717398,3.43813307467,-0.0660860444199999,0.012816031243999992,-0.06313953288799996,0.0100523507638,-0.056424912349796165,0.010529410629813843,-0.9817098450530896,0.19038246512050516,-1,-1,instant_velocity,dbscan_kmeans_fallback,False
3490,162,2.16779062914,8.30536103003,0.028286510733000016,0.005226649613999967,0.029343045583940006,0.0030643918283999837,0.02555889730861736,0.0033795842889860657,0.9833537453515122,0.1816995217996547,3,3,instant_velocity,dbscan_kmeans_fallback,False
3490,163,1.57448948511,7.88961565893,0.027171045652999992,0.0030787114170000686,0.0281686502723,0.005474855805400001,0.023137418687175206,0.0038468184116619416,0.9936413836922804,0.11258805095119356,3,3,instant_velocity,dbscan_kmeans_fallback,False
3490,164,1.16134647491,8.15238009841,0.031106743202300002,0.004272010414999983,0.031106743202300002,0.004272010414999983,0.021353790022505703,0.0029856340943579997,0.9907007174545258,0.13605679500388065,3,3,instant_velocity,dbscan_kmeans_fallback,False
3490,232,14.5454541913,7.1636125482,0.029907092069999842,-0.01059649510700007,0.03042483624599999,-0.012796938460600007,0.026843980554005505,-0.011055761767395263,0.9425832799179508,-0.33397025328349467,4,4,instant_velocity,dbscan_kmeans_fallback,False
3490,233,14.3899204753,7.7497610163,0.02965453393999997,-0.017875618997999963,0.015877487869999988,-0.009083391977000001,0.01825740766457347,-0.010662971120606074,0.8564346305015488,-0.5162549235308798,4,4,instant_velocity,dbscan_kmeans_fallback,False
3490,238,13.5960460818,7.85190741057,0.035505463990000055,-0.023865979972000063,0.018621952900000027,-0.009336371364800016,0.021167008667616928,-0.011584433888866888,0.829933107563242,-0.5578625005092935,4,4,instant_velocity,dbscan_kmeans_fallback,False
3490,248,12.006824039,5.43237436108,0.0004840697499998825,0.0004295876399999621,0.0004882790539999959,0.0004200412476000004,0.0004904378783701492,0.00041860048740333675,0.7479319589441641,0.6637521248197186,1,1,instant_velocity,dbscan_kmeans_fallback,False
3490,249,12.5121507672,4.9099480595,0.0012417441400000228,-0.0001909278400000325,0.0012417441459999878,-0.00021002062380000907,0.0012359844255840434,-0.00020432380193503359,0.9883769520664598,-0.15197066004584597,1,1,instant_velocity,dbscan_kmeans_fallback,False
3490,256,8.21171718226,5.38535838053,0.002188837139999933,-0.00021479382000002544,0.004983813795999979,-0.0011217010588000064,0.006730594550383849,-0.00016915154232423072,0.9952150797026029,-0.09766192503977633,5,5,instant_velocity,dbscan_kmeans_fallback,False
3490,259,12.3090519364,9.19055022717,0.021656859780000027,0.009140670330000055,0.02270497602599999,0.009713453848399993,0.022487442781642327,0.008580699400917798,0.9213000331498622,0.3888513830531437,-1,-1,instant_velocity,dbscan_kmeans_fallback,False
3490,260,13.1852181878,7.21707234333,0.03199069665999996,-0.009546391989000026,0.037243905798000014,-0.005913989836999995,0.03646977489835841,-0.005462634931274243,0.9582439245508866,-0.2859510132606327,4,4,instant_velocity,dbscan_kmeans_fallback,False
3490,261,7.73122533698,5.71470890414,0.011617674050999938,0.004391340315000036,0.014707301860599991,0.0045106702146000014,0.01623191415784169,0.004871633811557653,0.9354063434486288,0.35357228726340306,5,5,instant_velocity,dbscan_kmeans_fallback,False
3490,329,6.45201840068,9.30200435363,-0.0005682557960000167,-0.0014319587979999327,-0.0005598371916000033,-0.0014319587984000038,-0.0005605287244976047,-0.001432612280718444,-0.36885332000728216,-0.9294806326197098,0,0,instant_velocity,dbscan_kmeans_fallback,False
3490,330,2.6499661953,7.27053213847,-0.05617313775899997,-0.021383918053999994,-0.048634277532199996,-0.018047454054400003,-0.04600402955041761,-0.018285215155166325,-0.9345726366615953,-0.3557719129670716,-1,-1,instant_velocity,dbscan_kmeans_fallback,False
3490,331,5.84629981518,9.64806106322,-0.00042093021899995974,-0.0010739690979999494,-0.00041251161479999966,-0.0010548763146000083,-0.0005110023146269229,-0.0017690536709654267,-0.36490843899735403,-0.9310340987483139,0,0,instant_velocity,dbscan_kmeans_fallback,False
3490,332,6.66585095206,10.2260950981,-0.0005893023070000503,-0.0009546392000000737,-0.0005893023070000147,-0.0009689587880000162,-0.0005902714529442847,-0.0009683415020167534,-0.5252766880771296,-0.8509210151193188,0,0,instant_velocity,dbscan_kmeans_fallback,False
3490,334,4.85290449775,12.0084064824,-0.005766744003000035,-0.0011694330200000991,-0.005766744003000035,-0.0011694330200000991,-0.0043852426053537005,-0.0008801319955680088,-0.98004981553717,-0.19874345296720913,0,0,instant_velocity,dbscan_kmeans_fallback,False
3490,358,12.1604635691,11.7616322495,0.0015153487899999263,-0.014486649840000077,0.0027781394479999832,-0.014586886957999994,0.0018851904981785814,-0.012102819105212399,0.1040354298192151,-0.9945729014274957,-1,-1,instant_velocity,dbscan_kmeans_fallback,False
3490,359,11.7144880018,11.8613920458,0.002104651099999977,-0.04176546494999993,0.008048185791999991,-0.034018567849999994,0.005297953598704486,-0.030122085288714576,0.05032826611731877,-0.9987324903957568,-1,-1,instant_velocity,dbscan_kmeans_fallback,False
3490,393,12.1227903144,12.7730724807,-0.01052325548000006,0.009069072389999988,-0.008826906698000023,0.009412742501999994,-0.008616676852813763,0.009678404743051964,-0.7575055107967108,0.6528276659533547,2,2,instant_velocity,dbscan_kmeans_fallback,False
3490,395,11.131289183,12.7282044383,-0.007724069520000043,0.01083515491,-0.008666953214000017,0.012944907536000017,-0.009289662369972872,0.013192444685762007,-0.5804748006230416,0.8142772886515895,2,2,instant_velocity,dbscan_kmeans_fallback,False
3490,396,6.19546143205,8.35905948496,-0.049985463536000016,-0.005966494993000104,-0.05830304466839999,-0.005703969213200004,-0.055790169027107775,-0.006046207010366063,-0.9929510819159411,-0.11852321133880576,-1,-1,instant_velocity,dbscan_kmeans_fallback,False
3490,397,14.9838530147,7.17936409498,-0.0034305812800001336,0.036061495737000016,-0.0034305812800001336,0.036061495737000016,-0.0022569857415000293,0.023683882544139015,-0.09470382427895796,0.9955052152307867,-1,-1,instant_velocity,dbscan_kmeans_fallback,False
3490,415,0.605508120393,4.97462486523,-0.0388518592368,-0.004272010414999983,-0.03639362675634,-0.001608567050000005,-0.03606559659140248,0.001542763131535028,-0.9940088114178384,-0.10929762637862661,6,6,instant_velocity,dbscan_kmeans_fallback,False
3490,416,1.22638019379,5.98821303461,-0.038262556930000004,-0.005417577454,-0.034440510539,0.006162196028600011,-0.03474706524908867,0.0064336970163102365,-0.9901241865449454,-0.14019121825808376,6,6,instant_velocity,dbscan_kmeans_fallback,False
3500,142,9.28466831113,9.07408424491,-0.0018520929650000183,-0.007708711529999945,-0.0006313953288000107,-0.003575123799599993,-0.0008514939071243891,-0.004323070266312703,-0.23361144147740234,-0.972328736455592,0,0,instant_velocity,dbscan_kmeans_fallback,False
3500,155,13.617513523,4.95075888526,0.010270697350000014,0.006658608411999989,0.007942953238,0.008295814638200004,0.007322171350065616,0.008147125661351614,0.8390898407035144,0.5439913650782577,1,1,instant_velocity,dbscan_kmeans_fallback,False
3500,156,5.44304866514,7.75357957309,-0.016437325060999975,0.01625273236,-0.0244518364362,0.01520262924179999,-0.02371833880334443,0.01485454522242561,-0.71108799463317,0.7031024098077271,-1,-1,instant_velocity,dbscan_kmeans_fallback,False
3500,158,4.96066263387,6.56672438912,-0.03889395225899994,0.010119175508000034,-0.0414953010138,0.0044008867067999976,-0.04108713499374299,0.00659729684102325,-0.9677813619836769,0.2517910597017826,-1,-1,instant_velocity,dbscan_kmeans_fallback,False
3500,159,8.22413462373,7.98126102202,0.04158790566200006,0.005298247554000035,0.042526580051000004,0.009112031153199994,0.04243450409362857,0.008454983005593249,0.9919820093731581,0.1263772765449861,-1,-1,instant_velocity,dbscan_kmeans_fallback,False
3500,160,12.3740856553,10.6196451078,-0.008292325320000061,0.007231391930000086,-0.014366348383999998,0.006090598088000014,-0.013665148866027509,0.005883045248989943,-0.7536736575867571,0.6572474420632696,2,2,instant_velocity,dbscan_kmeans_fallback,False
3500,161,10.5022089703,3.52023204577,-0.06709627695000009,0.008209897109999975,-0.064806416556,0.013283804451999996,-0.059626321729857344,0.009833556573869681,-0.9925968990351047,0.12145410719071548,-1,-1,instant_velocity,dbscan_kmeans_fallback,False
3500,162,2.44644643429,8.38268680514,0.027865580514999967,0.007732577511000116,0.0286695572332,0.004763649602400015,0.026250902270532145,0.004685482255590281,0.9635876480379041,0.26739138533591755,3,3,instant_velocity,dbscan_kmeans_fallback,False
3500,163,1.84598947653,7.92040277309,0.027149999142000003,0.0030787114159999797,0.02783190609696,0.004677732074400005,0.024341192823622647,0.003616386312963353,0.993631615842794,0.1126742208349244,3,3,instant_velocity,dbscan_kmeans_fallback,False
3500,164,1.43368832677,8.18746308897,0.027234185186000005,0.0035082990560001194,0.027234185186000005,0.0035082990560001194,0.023117908571553995,0.003142433582850636,0.9918042427089774,0.12776390645318492,3,3,instant_velocity,dbscan_kmeans_fallback,False
3500,232,14.8666239486,7.11325533046,0.03211697572999998,-0.005035721773999935,0.031380347843999984,-0.01164659822599999,0.028425879106803848,-0.009249749769376665,0.987929746416058,-0.15490061632928165,4,4,instant_velocity,dbscan_kmeans_fallback,False
3500,233,14.6729960478,7.59343884748,0.02830755724999996,-0.015632216882000005,0.02105492956799999,-0.012257567313399989,0.021272452540201416,-0.012153744849024255,0.8753909009162706,-0.48341509296612084,4,4,instant_velocity,dbscan_kmeans_fallback,False
3500,238,13.8730181661,7.72637235592,0.027697208429999877,-0.012553505465000026,0.02411088295999999,-0.011718196166000023,0.02312606859633181,-0.01187515536170683,0.9108132845214253,-0.4128177600905748,4,4,instant_velocity,dbscan_kmeans_fallback,False
3500,248,12.0116647365,5.43643157767,0.00048406975000006016,0.000405721658999969,0.0004882790539999959,0.00041526805139998404,0.0004885274398591225,0.0004147368388823264,0.7663916544010095,0.6423489455130585,1,1,instant_velocity,dbscan_kmeans_fallback,False
3500,249,12.5245682087,4.90780012131,0.0012417441500000236,-0.00021479381899993654,0.0012417441459999878,-0.0002100206235999913,0.0012377123429088374,-0.00020746480705450447,0.9853591422753949,-0.17044497713625617,1,1,instant_velocity,dbscan_kmeans_fallback,False
3500,256,8.23381601877,5.38344910214,0.0022098836510000552,-0.0001909278389999436,0.0021972557443999817,-0.0002052474275999927,0.005374381280568711,-0.0001756844313269446,0.9962840325489939,-0.08607618653527209,-1,-1,instant_velocity,dbscan_kmeans_fallback,False
3500,259,12.5066786744,9.31202806522,0.01976267380000003,0.012147783804999968,0.02182944116999998,0.010038031176000004,0.021670012087149637,0.009650824722142449,0.8519245537378818,0.5236637208968581,-1,-1,instant_velocity,dbscan_kmeans_fallback,False
3500,260,13.4066274831,7.19821821916,0.02214092952999991,-0.0018854124169999764,0.03325348731999998,-0.005775567153,0.032171121287850865,-0.004389468176991962,0.9963934586468821,-0.0848479553039972,4,4,instant_velocity,dbscan_kmeans_fallback,False
3500,329,6.44633584272,9.28768476565,-0.0005682557960000167,-0.0014319587979999327,-0.00056404649380001,-0.001431958798199986,-0.0005628468459483283,-0.0014324162359028907,-0.36885332000728216,-0.9294806326197098,0,0,instant_velocity,dbscan_kmeans_fallback,False
3500,330,2.11412202619,7.10776615507,-0.05358441691100002,-0.016276598339999993,-0.050364300733399994,-0.019846948943999985,-0.048278145758592336,-0.017682630110616427,-0.9568312533788181,-0.29064341628039064,5,5,instant_velocity,dbscan_kmeans_fallback,False
3500,331,5.8423009781,9.63756003203,-0.000399883708000015,-0.0010501031189999565,-0.00041251161479999966,-0.0010548763147999907,-0.00047766673263885054,-0.0015533685053757858,-0.35587125060178587,-0.9345254701382745,0,0,instant_velocity,dbscan_kmeans_fallback,False
3500,332,6.65974746388,10.2163100463,-0.0006103488179999949,-0.0009785051799999778,-0.0005935116092000037,-0.0009689587879999806,-0.0005962946624609978,-0.0009713906054117207,-0.5292353405295046,-0.8484648562835043,0,0,instant_velocity,dbscan_kmeans_fallback,False
3500,334,4.79523705771,11.996950812,-0.005766744004000035,-0.0011455670400000173,-0.0057709533058000065,-0.0011551134300000143,-0.004799693024947601,-0.0009597625088976114,-0.9808327119166615,-0.19484298691708543,0,0,instant_velocity,dbscan_kmeans_fallback,False
3500,358,12.1943484517,11.6380064732,0.0033884882600000664,-0.012362577629999904,0.0026434417759999816,-0.01412388694799997,0.002336179826725027,-0.01218074666264865,0.26434238571204105,-0.9644280910875638,-1,-1,instant_velocity,dbscan_kmeans_fallback,False
3500,359,11.7281682339,11.4377709013,0.0013680232100000468,-0.04236211445000002,0.006149790503999988,-0.03641948543599998,0.0041189744820931545,-0.03379409403710021,0.03227672001186693,-0.9994787348770687,-1,-1,instant_velocity,dbscan_kmeans_fallback,False
3500,393,12.0175577596,12.8637632046,-0.010523255479999882,0.009069072389999988,-0.010523255481999989,0.009069072389999988,-0.009188650440969597,0.009495605037136371,-0.7575055107967054,0.652827665953361,2,2,instant_velocity,dbscan_kmeans_fallback,False
3500,395,11.0576263946,12.820327121,-0.007366278840000007,0.009212268269999945,-0.007926116028000009,0.011966402358000004,-0.008712647310981012,0.011998391761033388,-0.6245117188638434,0.7810143516006931,2,2,instant_velocity,dbscan_kmeans_fallback,False
3500,396,5.70613005217,8.31228216422,-0.04893313798800003,-0.004677732073999863,-0.05647199821459999,-0.004730237230399972,-0.05373305971537545,-0.005635664529456203,-0.9954617355202844,-0.09516052883885613,-1,-1,instant_velocity,dbscan_kmeans_fallback,False
3500,397,14.9495472018,7.53974039255,-0.0034305812899999566,0.03603762975699994,-0.0034305812899999566,0.03603762975699994,-0.0026090644060500073,0.02739000670799729,-0.0947659792418598,0.9954993002010245,-1,-1,instant_velocity,dbscan_kmeans_fallback,False
3500,415,0.216989528024,4.93166610128,-0.038851859236899995,-0.004295876394999976,-0.03769009183172,-0.003016659868399998,-0.03690147538505174,-0.00020882872642547347,-0.993942295344527,-0.10990087291645767,5,5,instant_velocity,dbscan_kmeans_fallback,False
3500,416,0.726104628208,5.87699756794,-0.0500275565582,-0.011121546667000003,-0.03883081272584,-0.00023865979980000062,-0.039331212641822065,0.001167123911317164,-0.9761690493692534,-0.21701059144895807,5,5,instant_velocity,dbscan_kmeans_fallback,False
3510,142,9.26593691637,8.9967584698,-0.0018731394759999632,-0.007732577511000116,-0.0010565348503999772,-0.005007082597999996,-0.0011579875777870613,-0.005345922439718927,-0.23543059002041067,-0.9718898721204206,0,0,instant_velocity,dbscan_kmeans_fallback,False
3510,155,13.6709716608,5.06650888812,0.005345813779999986,0.011575000286000049,0.009289929937999979,0.007641886786800001,0.0067292640790459265,0.009175488048746145,0.4192845267225062,0.9078540174529643,-1,-1,instant_velocity,dbscan_kmeans_fallback,False
3510,156,5.37085913253,7.86527235936,-0.007218953261000039,0.01116927862699999,-0.01964902263480001,0.0155892581174,-0.018768523140641112,0.013748965243797923,-0.5428147483784342,0.8398515613389274,-1,-1,instant_velocity,dbscan_kmeans_fallback,False
3510,158,4.74683008249,6.76314140428,-0.021383255138000035,0.019641701515999976,-0.03662513837720001,0.009317278580800004,-0.0351759710370201,0.010510618243516269,-0.736460685216365,0.676479837327592,-1,-1,instant_velocity,dbscan_kmeans_fallback,False
3510,159,8.59392182134,8.0826914369,0.036978719761,0.010143041487999938,0.04122169637120001,0.007956917722599979,0.04079776879384,0.008961400550315256,0.9643790001801821,0.26452338729422153,-1,-1,instant_velocity,dbscan_kmeans_fallback,False
3510,160,12.2911624021,10.6919590272,-0.008292325320000061,0.00723139193999991,-0.012118581012000007,0.006510639335999997,-0.012053301802219274,0.006287549256292933,-0.7536736571365503,0.6572474425795279,1,1,instant_velocity,dbscan_kmeans_fallback,False
3510,161,9.83145666594,3.60233101687,-0.06707523043600006,0.00820989711000002,-0.06588820721920001,0.013746804463400002,-0.06186099434170016,0.009346458734708782,-0.9925923040420606,0.12149165400391182,-1,-1,instant_velocity,dbscan_kmeans_fallback,False
3510,162,2.72489177432,8.45977392044,0.02784453400300002,0.007708711529999945,0.0281097200416,0.0062194743803999945,0.026728991790272508,0.00559245103791318,0.9637482246721137,0.2668120447175183,2,2,instant_velocity,dbscan_kmeans_fallback,False
3510,163,2.0882348177,7.88293318454,0.024224534117000006,-0.003746958855000049,0.026905859614440003,0.0025107010929999872,0.024306195211635854,0.001407382762574332,0.9882476890241605,-0.15285839601446943,2,2,instant_velocity,dbscan_kmeans_fallback,False
3510,164,1.70603017862,8.22254607953,0.027234185185000002,0.0035082990559999415,0.0305847897307,0.004167000103000014,0.024352791555587797,0.0032521932247954275,0.9918042427083837,0.12776390645779326,2,2,instant_velocity,dbscan_kmeans_fallback,False
3510,232,15.1877937059,7.06313677252,0.032116975730000163,-0.005011855794000031,0.03091732460400003,-0.009832783748199993,0.029533208093762746,-0.007978381576763675,0.9880418433126463,-0.15418398291142377,3,3,instant_velocity,dbscan_kmeans_fallback,False
3510,233,14.9560716202,7.43711667867,0.028307557239999958,-0.015632216881000006,0.026228161961999986,-0.015426969453400012,0.023382983950140976,-0.01319728645861698,0.8753909008570898,-0.48341509307328784,3,3,instant_velocity,dbscan_kmeans_fallback,False
3510,238,14.1653542033,7.59200688868,0.02923360372000001,-0.013436546723999942,0.02991130137999999,-0.014281402414999995,0.024958329133432273,-0.012343572770394762,0.9086188815708123,-0.41762555767909904,3,3,instant_velocity,dbscan_kmeans_fallback,False
3510,248,12.0165054341,5.44072745407,0.000484069760000061,0.0004295876400000509,0.0004882790540000315,0.0004200412476000004,0.00048719013590140404,0.0004191920792176437,0.7479319657517218,0.6637521171490667,4,4,instant_velocity,dbscan_kmeans_fallback,False
3510,249,12.5369856502,4.90565218311,0.0012417441500000236,-0.00021479382000002544,0.001241744147999988,-0.00021002062380000907,0.0012389218850361932,-0.00020966351093816077,0.9853591421421093,-0.17044497790679963,4,4,instant_velocity,dbscan_kmeans_fallback,False
3510,256,8.25570439017,5.38130116394,0.002188837139999933,-0.00021479382000002544,0.0021972557443999817,-0.00020524742780001049,0.0044187180383980776,-0.00018741724792886884,0.9952150797026029,-0.09766192503977633,-1,-1,instant_velocity,dbscan_kmeans_fallback,False
3510,259,12.6853635525,9.46405435764,0.017868487810000035,0.015202629242000044,0.02057506911800001,0.010973577590800011,0.020529554804004757,0.011316366078099728,0.7616357145890973,0.648004772954751,-1,-1,instant_velocity,dbscan_kmeans_fallback,False
3510,260,13.6170925928,7.18771718797,0.02104651097000012,-0.0010501031190000454,0.029044185127999996,-0.005474855805400001,0.028833738192495642,-0.003387658659594387,0.9987571194743483,-0.04983239111596596,3,3,instant_velocity,dbscan_kmeans_fallback,False
3510,329,6.44086374987,9.27336517767,-0.0005472092849999832,-0.0014319587980001103,-0.0005598371916000033,-0.0014319587982000214,-0.0005581555776638248,-0.0014322790045320564,-0.3569619030089947,-0.9341119596766485,0,0,instant_velocity,dbscan_kmeans_fallback,False
3510,330,1.57848832219,6.94500017166,-0.05356337040000001,-0.016276598340999992,-0.052868835537999995,-0.019283711816799994,-0.049863713151014635,-0.017260820579731495,-0.9567994895170292,-0.2907479657729401,5,5,instant_velocity,dbscan_kmeans_fallback,False
3510,331,5.8380916759,9.62705900084,-0.00042093021999995984,-0.0010501031190001341,-0.00041251161499999967,-0.0010548763148000263,-0.00046064577884718334,-0.0014023888894630903,-0.3720646845180211,-0.9281972809702571,0,0,instant_velocity,dbscan_kmeans_fallback,False
3510,332,6.65385444081,10.2067636543,-0.0005893023069999615,-0.0009546392000000737,-0.0005935116092000037,-0.0009689587880000162,-0.0005941969558226869,-0.0009663651837882267,-0.5252766880770723,-0.8509210151193541,0,0,instant_velocity,dbscan_kmeans_fallback,False
3510,334,4.73756961767,11.9852564818,-0.005766744003999946,-0.0011694330199999215,-0.005770953305999988,-0.0011551134299999787,-0.005089808318663304,-0.0010226636622283044,-0.9800498155438883,-0.1987434529340807,0,0,instant_velocity,dbscan_kmeans_fallback,False
3510,358,12.2364414736,11.5234497694,0.004209302189999953,-0.011455670379999994,0.002677116194,-0.013479505487999966,0.0028981165357075045,-0.011963223777854054,0.34489635783404055,-0.9386399009307862,-1,-1,instant_velocity,dbscan_kmeans_fallback,False
3510,359,11.7370077685,11.0100925402,0.0008839534599999865,-0.04276783610999999,0.004158790565999979,-0.03889677415599998,0.003148468175465204,-0.036486216658970144,0.02066423239614415,-0.9997862381321059,-1,-1,instant_velocity,dbscan_kmeans_fallback,False
3510,393,11.8950670658,12.9289173299,-0.012249069380000144,0.00651541253000012,-0.010868418262000006,0.008558340418000014,-0.01010677612267876,0.008601547284995497,-0.8828732442262948,0.4696098307048523,1,1,instant_velocity,dbscan_kmeans_fallback,False
3510,395,10.9837531411,12.9124498037,-0.00738732535000004,0.009212268269999945,-0.007766162546000004,0.011154959037999995,-0.00831505072268672,0.011162554713723355,-0.6255983087512843,0.7801442574172064,1,1,instant_velocity,dbscan_kmeans_fallback,False
3510,396,5.30982425074,8.38268680514,-0.03963058014299996,0.007040464091999965,-0.0519385797534,-0.00229590727319998,-0.049502315843662804,-0.0018328259430193524,-0.9845835446566507,0.1749135406727977,-1,-1,instant_velocity,dbscan_kmeans_fallback,False
3510,397,14.9150309238,7.90011669011,-0.00345162779999999,0.03603762975600002,-0.0034389998920000054,0.0360424029526,-0.0028618334242350024,0.029984293622398114,-0.09534209668945172,0.995444288823733,-1,-1,instant_velocity,dbscan_kmeans_fallback,False
3510,416,0.147325576738,5.72783519312,-0.057877905146999996,-0.01491623748200004,-0.04356627769244001,-0.005011855794000013,-0.04489522039337544,-0.0036578845066779974,-0.9683580570846723,-0.2495642976434128,5,5,instant_velocity,dbscan_kmeans_fallback,False
3520,142,9.19522063954,8.96000486064,-0.007071627682999982,-0.003675360915999981,-0.002521372013399983,-0.005627598077199991,-0.002932079609350938,-0.004844753982603244,-0.8873125055629406,-0.4611659223892509,0,0,instant_velocity,dbscan_kmeans_fallback,False
3520,155,13.7120123572,5.19466920056,0.004104069640000141,0.012816031243999947,0.008056604396000004,0.008873371353199993,0.00594170574733219,0.010267651007322286,0.3049736480180451,0.9523600095625507,-1,-1,instant_velocity,dbscan_kmeans_fallback,False
3520,156,5.29845913482,7.97720380542,-0.007239999770999983,0.011193144606000072,-0.015199790217200011,0.015565392137200007,-0.015309966129748772,0.012982219052458568,-0.5431121563705706,0.8396592673776666,-1,-1,instant_velocity,dbscan_kmeans_fallback,False
3520,158,4.57677427392,6.98366305921,-0.01700558085699999,0.022052165493000063,-0.031018347856599994,0.014415051902600009,-0.02972485398301407,0.013973082418361408,-0.6106661321355689,0.7918877173360768,-1,-1,instant_velocity,dbscan_kmeans_fallback,False
3520,159,8.96391948406,8.18388319197,0.03699976627199995,0.010119175507000122,0.03995048710919999,0.007021371307400006,0.03965836803728798,0.009308733037320716,0.9645758439215453,0.2638047003513484,-1,-1,instant_velocity,dbscan_kmeans_fallback,False
3520,160,12.2616972868,10.6974482026,-0.0029465115299998957,0.0005489175400001045,-0.008797441581999976,0.005598958902,-0.00932126472055346,0.0045659597414050845,-0.9830829828960724,0.18314250159655612,1,1,instant_velocity,dbscan_kmeans_fallback,False
3520,161,9.18911715136,3.77583669127,-0.06423395145799997,0.017350567439999985,-0.06581664908280001,0.013269484864200001,-0.0625728814765901,0.011747691346296142,-0.96540094134705,0.26076948030254354,-1,-1,instant_velocity,dbscan_kmeans_fallback,False
3520,162,3.00354757947,8.53709969555,0.02786558051500001,0.007732577510999939,0.028029743300000007,0.0067206599599999705,0.02706996840769076,0.006234488979839208,0.9635876480379058,0.2673913853359115,2,2,instant_velocity,dbscan_kmeans_fallback,False
3520,163,2.32711271713,7.83782648239,0.023887789942999983,-0.004510670215000001,0.025916673599199996,0.00019570103579999554,0.024180673631045094,-0.0003680331306979681,0.9826347083147858,-0.1855483961302816,2,2,instant_velocity,dbscan_kmeans_fallback,False
3520,164,1.97837203048,8.25762907009,0.027234185186000005,0.0035082990559999415,0.029296743259880006,0.0039140207153999995,0.025217209644711462,0.003329024974156782,0.9918042427089782,0.12776390645317853,2,2,instant_velocity,dbscan_kmeans_fallback,False
3520,165,0.379679057764,8.10560277767,0.0,0.0,0.0,0.0,0.0,0.0,0.0,0.0,3,3,instant_velocity,dbscan_kmeans_fallback,False
3520,166,0.207097667872,7.25788316909,0.0,0.0,0.0,0.0,0.0,0.0,0.0,0.0,3,3,instant_velocity,dbscan_kmeans_fallback,False
3520,238,14.5974390734,7.37840636794,0.04320848701000006,-0.021360052074,0.033594440797999996,-0.01754626847499999,0.03043337649640261,-0.015048516561476334,0.8964443135512772,-0.44315592940027915,-1,-1,instant_velocity,dbscan_kmeans_fallback,False
3520,248,12.0215565967,5.44478467066,0.0005051162599999159,0.000405721658999969,0.0004924883560000026,0.00041526805140000176,0.0004925679731309576,0.00041515095315234127,0.779629025773202,0.6262169856525422,4,4,instant_velocity,dbscan_kmeans_fallback,False
3520,249,12.5494030916,4.90350424491,0.0012417441400000228,-0.00021479382000002544,0.0012417441460000234,-0.00021002062380000907,0.001239768561525342,-0.00021120260365672017,0.9853591419115126,-0.1704449792395373,4,4,instant_velocity,dbscan_kmeans_fallback,False
3520,256,8.27759276157,5.37915322574,0.0021888371400001104,-0.00021479382000002544,0.002193046442199993,-0.00021002062380000907,0.003749753768878687,-0.0001956302195502158,0.9952150797026037,-0.0976619250397685,-1,-1,instant_velocity,dbscan_kmeans_fallback,False
3520,259,12.8638379654,9.61584199025,0.01784744129,0.01517876326100005,0.019762673793999996,0.0121573301974,0.01972492074980333,0.012475085232969824,0.7617612380148648,0.6478572085127137,-1,-1,instant_velocity,dbscan_kmeans_fallback,False
3520,260,13.7825181689,7.32184399541,0.016542557609999876,0.013412680744000038,0.024742278286,-0.0017231237540000065,0.025146384017746912,0.0016524431614839412,0.7767600654895049,0.6297958888050909,-1,-1,instant_velocity,dbscan_kmeans_fallback,False
3520,262,0.297176734791,6.30706252703,0.0,0.0,0.0,0.0,0.0,0.0,0.0,0.0,3,3,instant_velocity,dbscan_kmeans_fallback,False
3520,329,6.43518119191,9.25904558968,-0.0005682557960000167,-0.0014319587990000216,-0.0005598371916000033,-0.0014319587984000038,-0.0005611856431646824,-0.001432182942872446,-0.3688533197847231,-0.9294806327080339,0,0,instant_velocity,dbscan_kmeans_fallback,False
3520,330,0.897002297224,6.88819913933,-0.06814860249659999,-0.005680103233000011,-0.05765902143292,-0.016457979788199992,-0.05534917995469024,-0.013786605375712049,-0.9965443380432167,-0.08306076000061101,-1,-1,instant_velocity,dbscan_kmeans_fallback,False
3520,331,5.83409283882,9.61655796965,-0.000399883708000015,-0.0010501031189999565,-0.00041251161479999966,-0.0010548763147999907,-0.0004424171575930329,-0.00129670315832415,-0.35587125060178587,-0.9345254701382745,0,0,instant_velocity,dbscan_kmeans_fallback,False
3520,332,6.64796141774,10.1969786026,-0.0005893023069999615,-0.000978505169999977,-0.0005935116091999859,-0.000968958786000016,-0.0005927285611758693,-0.0009700071796517518,-0.5159062116076097,-0.8566348532777444,0,0,instant_velocity,dbscan_kmeans_fallback,False
3520,334,4.5982417151,11.9520827696,-0.013932790256999983,-0.003317371219999998,-0.007399953254399989,-0.001589474267999975,-0.007742702900164308,-0.0017110759295598126,-0.972804902918361,-0.23162302224386863,-1,-1,instant_velocity,dbscan_kmeans_fallback,False
3520,358,12.2764298445,11.4246446123,0.003998837090000151,-0.009880515710000103,0.0029212557220000333,-0.012534412679999996,0.0032283327019952983,-0.011338411357497868,0.3751586080817582,-0.926959622877121,1,1,instant_velocity,dbscan_kmeans_fallback,False
3520,359,11.7719449767,10.5566389207,0.003493720820000057,-0.04534536195000012,0.00268974410200002,-0.041889568046,0.00325204396882566,-0.03914396024627914,0.07681923975288073,-0.9970448157669786,-1,-1,instant_velocity,dbscan_kmeans_fallback,False
3520,393,11.772576372,12.9938327954,-0.012249069379999967,0.006491546549999861,-0.011213581042000022,0.00804283524999999,-0.010749464099875122,0.007968547064496807,-0.8835859986325624,0.468267381227896,5,5,instant_velocity,dbscan_kmeans_fallback,False
3520,395,10.9098798877,13.0043338266,-0.007387325339999862,0.009188402290000041,-0.007606209061999998,0.010343515719999984,-0.008036733107880664,0.01057030898660636,-0.6265857758336276,0.779351377199703,5,5,instant_velocity,dbscan_kmeans_fallback,False
3520,396,4.87921263645,8.37695896994,-0.043061161429,-0.0005727835200000087,-0.047733486863,-0.001756536125999979,-0.04756996951926396,-0.0014548132161135493,-0.9999113129068172,-0.013300447607269688,-1,-1,instant_velocity,dbscan_kmeans_fallback,False
3520,397,14.880725111,8.26049298768,-0.0034305812799999558,0.03603762975699994,-0.0034347905879999986,0.036042402952599986,-0.003032457780964488,0.03180029446277866,-0.09476597896810174,0.9954993002270849,-1,-1,instant_velocity,dbscan_kmeans_fallback,False
3530,142,9.10219506108,8.94043475707,-0.00930255784600007,-0.001957010357000044,-0.004390302186799993,-0.005761247565000005,-0.004843223080345678,-0.003978430894922284,-0.9785789190529122,-0.20586693589354138,0,0,instant_velocity,dbscan_kmeans_fallback,False
3530,155,13.7530530536,5.32259085321,0.004104069639999963,0.012792165265000044,0.0068190695520000235,0.010100082723800004,0.0053904149151325215,0.011025005284625614,0.3054895735701621,0.9521946396221334,-1,-1,instant_velocity,dbscan_kmeans_fallback,False
3530,156,5.22732192777,8.10703473647,-0.00711372070499996,0.012983093104999987,-0.012110162407799994,0.014238443651000007,-0.012851092502324128,0.012982481268220993,-0.4805185907954134,0.876983770053744,1,1,instant_velocity,dbscan_kmeans_fallback,False
3530,158,4.4538626499,7.20943522974,-0.012291162402000034,0.022577217052999997,-0.025697789885200013,0.016901887015600005,-0.024494746508709857,0.016554322808752985,-0.47814173446353675,0.878282246057099,1,1,instant_velocity,dbscan_kmeans_fallback,False
3530,159,9.33370668167,8.28507494705,0.036978719761,0.010119175507999855,0.0389276266762,0.008090567210199975,0.03885447355440159,0.009551865778524456,0.9645376293268806,0.263944387969933,-1,-1,instant_velocity,dbscan_kmeans_fallback,False
3530,160,12.2324426365,10.7031760377,-0.0029254650300000406,0.0005727835100000078,-0.006149790503999988,0.004563175370000003,-0.007402524813387434,0.0033680068719835615,-0.9813634417621316,0.1921433997651287,2,2,instant_velocity,dbscan_kmeans_fallback,False
3530,161,8.58950205404,4.08681041029,-0.059961509731999915,0.031097371902000015,-0.06489060259919999,0.015536752961199997,-0.06178946995321305,0.017552595513007304,-0.8877167741705397,0.4603896531860105,-1,-1,instant_velocity,dbscan_kmeans_fallback,False
3530,162,3.32071849967,8.64736052302,0.03171709201999997,0.011026082747000033,0.028715859557199998,0.0078853197826,0.02846410549138352,0.007671967109987456,0.9445514763335483,0.3283624718901565,3,3,instant_velocity,dbscan_kmeans_fallback,False
3530,163,2.56599061655,7.79248112044,0.023887789942000026,-0.004534536194999994,0.025264231759400003,-0.0013269484863999992,0.02409280852433157,-0.001617984049988576,0.9824552872881265,-0.18649607481453473,3,3,instant_velocity,dbscan_kmeans_fallback,False
3530,164,2.26144760293,8.34808113418,0.028307557245000003,0.009045206408999995,0.028223371200860003,0.004768422798399996,0.026144313924798025,0.005043879404609746,0.9525527928148908,0.3043723113198669,3,3,instant_velocity,dbscan_kmeans_fallback,False
3530,165,0.675803467008,8.08794195249,0.029612440924399998,-0.0017660825180000118,0.029612440924399998,-0.0017660825180000118,0.00888373227732,-0.0005298247554000036,0.9982259360163135,-0.05953407823128752,3,3,instant_velocity,dbscan_kmeans_fallback,False
3530,166,0.428927893417,7.3287651296,0.022183022554499998,0.0070881960509999505,0.022183022554499998,0.0070881960509999505,0.00665490676635,0.0021264588152999854,0.9525529252333991,0.3043715916719455,3,3,instant_velocity,dbscan_kmeans_fallback,False
3530,238,15.0295239435,7.1648058472,0.04320848700999989,-0.021360052074,0.03577065003199998,-0.018515227261800007,0.03426590965048179,-0.016941977215233432,0.8964443135512765,-0.44315592940028065,-1,-1,instant_velocity,dbscan_kmeans_fallback,False
3530,248,12.0263972942,5.44884188726,0.00048406975000006016,0.0004057216600000579,0.0004882790539999959,0.0004152680516000018,0.0004900185061916883,0.00041232216520665626,0.7663916536215204,0.6423489464430984,4,4,instant_velocity,dbscan_kmeans_fallback,False
3530,249,12.5618205331,4.90135630672,0.0012417441500000236,-0.00021479381899993654,0.0012417441460000234,-0.0002100206235999913,0.0012403612380677464,-0.0002122799682596851,0.9853591422753949,-0.17044497713625617,4,4,instant_velocity,dbscan_kmeans_fallback,False
3530,256,8.29969159808,5.37700528754,0.0022098836510000552,-0.00021479381999993662,0.0021972557444000173,-0.00021002062379999131,0.0032877927335150975,-0.00020137929968513203,0.9953051069674984,-0.09674056183647886,-1,-1,instant_velocity,dbscan_kmeans_fallback,False
3530,259,13.0296844718,9.77502807666,0.01658465063999994,0.01591860864099992,0.018744022664000007,0.013517691055800007,0.018782839716862315,0.013508142255378853,0.7214447250323077,0.6924713991987441,-1,-1,instant_velocity,dbscan_kmeans_fallback,False
3530,260,13.9178472344,7.55191204233,0.013532906550000057,0.02300680469199996,0.021050720263999984,0.0047875155821999905,0.021662340777422854,0.008058751620638748,0.5070057977541489,0.8619422090549563,-1,-1,instant_velocity,dbscan_kmeans_fallback,False
3530,262,0.693693001326,6.2428630409,0.0396516266535,-0.0064199486130000595,0.0396516266535,-0.0064199486130000595,0.011895487996050001,-0.0019259845839000181,0.9871447151121436,-0.1598274491988628,3,3,instant_velocity,dbscan_kmeans_fallback,False
3530,329,6.42949863395,9.2447260017,-0.0005682557960000167,-0.0014319587979999327,-0.00056404649380001,-0.001431958798199986,-0.0005633066890152827,-0.0014321156994106922,-0.36885332000728216,-0.9294806326197098,0,0,instant_velocity,dbscan_kmeans_fallback,False
3530,330,0.215516272257,6.831398107,-0.0681486024967,-0.005680103233000011,-0.05992362601266,-0.0130594642402,-0.05918900671729317,-0.011354654732898439,-0.9965443380432268,-0.08306076000048995,-1,-1,instant_velocity,dbscan_kmeans_fallback,False
3530,331,5.82988353663,9.60605693847,-0.0004209302190000486,-0.0010501031180000452,-0.00041251161479999966,-0.0010548763146000083,-0.0004359710760151376,-0.0012227231462269186,-0.37206468406182863,-0.9281972811531093,0,0,instant_velocity,dbscan_kmeans_fallback,False
3530,332,6.64206839467,10.1871935508,-0.0005893023070000503,-0.0009785051799999778,-0.0005935116092000037,-0.000968958786000016,-0.0005917006849231236,-0.0009725565797562194,-0.5159062077386293,-0.856634855607905,0,0,instant_velocity,dbscan_kmeans_fallback,False
3530,334,4.40461381424,11.9043508097,-0.019362790086000014,-0.004773195990000012,-0.010119162470800002,-0.0023150000580000095,-0.01122872905591502,-0.0026297119476918723,-0.970933210373319,-0.23934848674843814,-1,-1,instant_velocity,dbscan_kmeans_fallback,False
3530,358,12.3079996109,11.3888456423,0.0031569766399998757,-0.00357989700000001,0.0032537905939999945,-0.010353062112000018,0.003206925883396671,-0.00901085705024851,0.661413372396285,-0.7500187735318318,2,2,instant_velocity,dbscan_kmeans_fallback,False
3530,359,11.9123252048,9.99984560799,0.014038022809999972,-0.05567933127099991,0.004377674280000008,-0.04558402174619999,0.006487837621177954,-0.044104571553695376,0.24447230384489535,-0.9696560959188597,-1,-1,instant_velocity,dbscan_kmeans_fallback,False
3530,393,11.6502961433,13.0589869207,-0.012228022869999933,0.00651541253000012,-0.011554534517999997,0.007532103278000015,-0.011193031730912566,0.007532606704147801,-0.8825380284249225,0.47023949740137944,5,5,instant_velocity,dbscan_kmeans_fallback,False
3530,395,10.8360066342,13.0964565093,-0.00738732535000004,0.009212268269999945,-0.007450464879999999,0.009532072401999976,-0.007841910780516477,0.010162896771624436,-0.6255983087512843,0.7801442574172064,5,5,instant_velocity,dbscan_kmeans_fallback,False
3530,396,4.3970370703,8.25762907009,-0.048217556615000046,-0.01193298998500012,-0.04596557994220001,-0.003221907296000026,-0.04776424564798479,-0.004598266246779521,-0.9707146378627556,-0.24023465445168887,-1,-1,instant_velocity,dbscan_kmeans_fallback,False
3530,397,14.8464192981,8.62086928525,-0.0034305812899999566,0.03603762975700011,-0.0034347905879999986,0.03604240295280001,-0.0031518948336751286,0.0330714950510451,-0.09476597924185934,0.9954993002010246,-1,-1,instant_velocity,dbscan_kmeans_fallback,False
3540,142,9.00895901752,8.92086465349,-0.009323604355999927,-0.0019570103579999555,-0.005884604465199992,-0.004606134134400008,-0.006187337463041953,-0.003372004733845585,-0.9786724484787886,-0.20542185678756855,0,0,instant_velocity,dbscan_kmeans_fallback,False
3540,155,13.79409375,5.45075116566,0.004104069639999963,0.012816031244999948,0.005585744010000013,0.011331567290399995,0.005004511332592753,0.011562313072737914,0.3049736479964501,0.9523600095694662,-1,-1,instant_velocity,dbscan_kmeans_fallback,False
3540,156,5.16165681357,8.30846360742,-0.006566511420000065,0.020142887095000006,-0.008915302043600004,0.014348227158600011,-0.010965718177626909,0.015130603016254698,-0.3099427474083197,0.9507547261617079,1,1,instant_velocity,dbscan_kmeans_fallback,False
3540,158,4.51847543855,7.45716410185,0.006461278865000075,0.02477288721099997,-0.016622534358199985,0.019832629356200008,-0.015207938896596877,0.01901989212942708,0.25237742092692184,0.9676284701303672,1,1,instant_velocity,dbscan_kmeans_fallback,False
3540,159,9.51681132705,8.58602495449,0.018310464538000025,0.030095000744000087,0.034171115198800006,0.013154928160200008,0.03269127084948112,0.015714806268167146,0.5197762917270585,0.8543020770322858,-1,-1,instant_velocity,dbscan_kmeans_fallback,False
3540,160,12.2029775212,10.7086652131,-0.002946511530000073,0.0005489175399999268,-0.005080627746000026,0.003226680492000007,-0.006065720828371226,0.002522280072388471,-0.9830829828960851,0.18314250159648818,2,2,instant_velocity,dbscan_kmeans_fallback,False
3540,161,7.99009742182,4.39778412932,-0.059940463222000064,0.031097371902999972,-0.06366148635960002,0.019193021092999994,-0.061234767933849146,0.021616028430005103,-0.8876507027431619,0.46051702872112577,-1,-1,instant_velocity,dbscan_kmeans_fallback,False
3540,162,3.66356616325,8.78005537166,0.03428476635800002,0.013269484863999991,0.029915510682199997,0.009493886832600005,0.030210303751368472,0.009351222436191216,0.9325865022966531,0.3609458016244745,3,3,instant_velocity,dbscan_kmeans_fallback,False
3540,163,2.8052894462,7.7495223565,0.023929882965000003,-0.0042958763939999756,0.024615999221800005,-0.0028018660486000078,0.0240439308565321,-0.002421351753191996,0.9842653003003508,-0.176694640553733,3,3,instant_velocity,dbscan_kmeans_fallback,False
3540,164,2.54452317537,8.43877185807,0.028307557244000005,0.009069072389000076,0.027663534009200005,0.005727835193200015,0.026793286920558622,0.006251437299926846,0.9523197297573853,0.30510073660535725,3,3,instant_velocity,dbscan_kmeans_fallback,False
3540,165,0.97213834136,8.07028112731,0.0296334874352,-0.0017660825180000118,0.0296334874352,-0.0017660825180000118,0.015108658824684002,-0.0009007020841800063,0.9982284481706182,-0.059491945223777244,3,3,instant_velocity,dbscan_kmeans_fallback,False
3540,166,0.650758118962,7.39964709012,0.022183022554499998,0.007088196052000039,0.022183022554499998,0.007088196052000039,0.011313341502795001,0.0036149799863100024,0.952552925220948,0.30437159171091144,3,3,instant_velocity,dbscan_kmeans_fallback,False
3540,248,12.0312379917,5.45313776365,0.0004840697499998825,0.000429587638999962,0.0004882790539999959,0.00041526805140000176,0.00048823387933414654,0.000417501807344648,0.7479319597112233,0.6637521239553538,4,4,instant_velocity,dbscan_kmeans_fallback,False
3540,249,12.5742379746,4.89920836852,0.0012417441500000236,-0.00021479382000002544,0.0012417441480000236,-0.0002147938195999899,0.0012407761116474297,-0.0002130341237817872,0.9853591421421093,-0.17044497790679963,4,4,instant_velocity,dbscan_kmeans_fallback,False
3540,256,8.32157996948,5.37509600915,0.002188837139999933,-0.0001909278390000324,0.0021972557444000173,-0.0002052474275999927,0.002958106055460548,-0.00019824386147960214,0.9962126787579229,-0.08689761812963824,-1,-1,instant_velocity,dbscan_kmeans_fallback,False
3540,259,13.1445984217,9.96285333904,0.011491394990000004,0.01878252623800005,0.016710929706,0.015446062237400006,0.01659540629880362,0.015090457450165212,0.5218856696019711,0.8530149116852562,-1,-1,instant_velocity,dbscan_kmeans_fallback,False
3540,260,14.0529658348,7.78198008926,0.013511860040000023,0.02300680469300005,0.017354952939999998,0.011298154918600005,0.019217196556196005,0.012543167542347139,0.5064196339274737,0.8622867300266935,-1,-1,instant_velocity,dbscan_kmeans_fallback,False
3540,262,1.09041973297,6.17842489498,0.039672673164400006,-0.006443814591999964,0.039672673164400006,-0.006443814591999964,0.020228643546555004,-0.003281333586330002,0.9870642829361032,-0.16032343480532477,3,3,instant_velocity,dbscan_kmeans_fallback,False
3540,329,6.4240265411,9.23040641372,-0.0005472092849999832,-0.0014319587979999327,-0.0005598371916000033,-0.001431958798199986,-0.0005584774678106929,-0.0014320686289874644,-0.3569619030090333,-0.9341119596766337,0,0,instant_velocity,dbscan_kmeans_fallback,False
3540,331,5.82567423443,9.59555590728,-0.00042093021999995984,-0.0010501031189999565,-0.00041251161499999967,-0.00105010311880001,-0.00043145881921058426,-0.00117093713805883,-0.3720646845180753,-0.9281972809702353,0,0,instant_velocity,dbscan_kmeans_fallback,False
3540,332,6.6361753716,10.1776471588,-0.0005893023069999615,-0.0009546392000000737,-0.0005935116091999859,-0.000968958786000016,-0.0005909811715461749,-0.0009671813658293758,-0.5252766880770723,-0.8509210151193541,0,0,instant_velocity,dbscan_kmeans_fallback,False
3540,334,4.20109405324,11.858766788,-0.02035197609999999,-0.004558402169999987,-0.013036208890199994,-0.002992793887999987,-0.013965703169140514,-0.0032083190143843065,-0.9758223301943113,-0.21856308230885718,-1,-1,instant_velocity,dbscan_kmeans_fallback,False
3540,358,12.3395693773,11.3530466724,0.003156976640000053,-0.003579896990000009,0.00358211616400002,-0.008171711542000004,0.0031919411103776855,-0.00738156903217396,0.6614133734356221,-0.7500187726152753,2,2,instant_velocity,dbscan_kmeans_fallback,False
3540,359,12.0545996189,9.44520023346,0.01422744140999992,-0.05546453745300006,0.006802232341999996,-0.04832383624680002,0.008809718757824544,-0.04751256132348678,0.24846977764751113,-0.9686394686948182,-1,-1,instant_velocity,dbscan_kmeans_fallback,False
3540,393,11.5278054495,13.124141046,-0.012249069379999967,0.006515412529999942,-0.011899697297999978,0.007021371306000006,-0.011509843025638785,0.007227448451903443,-0.8828732442262973,0.4696098307048476,5,5,instant_velocity,dbscan_kmeans_fallback,False
3540,395,10.7621333807,13.188579192,-0.00738732535000004,0.009212268270000124,-0.0073831160459999975,0.009207495074,-0.007705535151361546,0.009877708221137142,-0.625598308751277,0.7801442574172123,5,5,instant_velocity,dbscan_kmeans_fallback,False
3540,396,3.91465103903,8.13829917023,-0.04823860312699999,-0.011932989985999853,-0.04561620786040001,-0.004415206294599976,-0.047906552891689345,-0.006798683368545621,-0.9707390761894289,-0.24013588545858072,-1,-1,instant_velocity,dbscan_kmeans_fallback,False
3540,397,14.8121134852,8.98148424262,-0.0034305812900001344,0.036061495737000016,-0.0034347905899999986,0.03604240295280001,-0.00323550077057263,0.03396849525683157,-0.09470382455253971,0.9955052152047604,-1,-1,instant_velocity,dbscan_kmeans_fallback,False
3550,142,8.91572297396,8.90129454991,-0.009323604356000104,-0.0019570103579999555,-0.007378906743400009,-0.0034557939000000103,-0.007128217530929399,-0.002947506421091896,-0.9786724484787894,-0.2054218567875648,0,0,instant_velocity,dbscan_kmeans_fallback,False
3550,155,13.8349239812,5.4999150844,0.004083023119999929,0.004916391874000059,0.004348209163999996,0.010983123982800009,0.004728064868814906,0.009568536713116558,0.6388924102293708,0.7692940651318294,1,1,instant_velocity,dbscan_kmeans_fallback,False
3550,156,5.09578123425,8.50965381858,-0.006587557931999921,0.020119021116000013,-0.006945348617799993,0.015121484909800014,-0.009652270103938812,0.016627128446178294,-0.31117335379016076,0.9503526709388886,2,2,instant_velocity,dbscan_kmeans_fallback,False
3550,158,4.58329869232,7.70513163375,0.006482325376999931,0.024796753189999965,-0.00754727883100001,0.022768144892599994,-0.008700859614517834,0.020752950447598947,0.2529188437283174,0.9674870945669477,2,2,instant_velocity,dbscan_kmeans_fallback,False
3550,159,9.65298225297,8.93709351987,0.013617092592000012,0.03510685653800003,0.028576952584799996,0.019116649957000006,0.026969017372236788,0.021532421349117013,0.3616254056061334,0.9323231922921028,-1,-1,instant_velocity,dbscan_kmeans_fallback,False
3550,160,12.173722871,10.7141543885,-0.0029254650199998624,0.0005489175400001045,-0.004007255685999986,0.0018901856140000105,-0.005123644085859816,0.0019302713126719611,-0.9828449703713088,0.18441541418181778,3,3,instant_velocity,dbscan_kmeans_fallback,False
3550,161,7.41426488189,4.71878155993,-0.05758325399299995,0.03209974306100003,-0.06175888176819999,0.023970990283200003,-0.060139313751594384,0.024761142819303583,-0.8734540281147932,0.4869063127535087,-1,-1,instant_velocity,dbscan_kmeans_fallback,False
3550,162,4.00662429194,8.9125115605,0.03430581286899996,0.013245618884000087,0.031203557152999998,0.0105964951072,0.03143895648665792,0.010519541370533878,0.9328792160269366,0.3601885956611,4,4,instant_velocity,dbscan_kmeans_fallback,False
3550,163,3.04564060139,7.71563266494,0.024035115518999995,-0.0033889691559999767,0.023993022497200003,-0.0040954021629999995,0.02404128625527247,-0.0027116369740343904,0.9902047969200991,-0.13961961248876315,4,4,instant_velocity,dbscan_kmeans_fallback,False
3550,164,2.81939060854,8.53017856136,0.027486743316999983,0.009140670328999966,0.0277140456354,0.006854309447799984,0.027001323839491033,0.007118207208648782,0.9489062046942686,0.31555716478381063,4,4,instant_velocity,dbscan_kmeans_fallback,False
3550,165,1.19965112487,8.10989865406,0.022751278350999993,0.003961752674999985,0.022751278350999993,0.003961752674999985,0.0174014446825788,0.0005580343435739915,0.98517469431345,0.17155161219180692,4,4,instant_velocity,dbscan_kmeans_fallback,False
3550,166,0.872588344507,7.47076771043,0.022183022554499998,0.007112062030999944,0.022183022554499998,0.007112062030999944,0.014574245818306502,0.004664104599716985,0.9522554381466832,0.3053010350062682,4,4,instant_velocity,dbscan_kmeans_fallback,False
3550,248,12.0360786893,5.45719498025,0.000484069760000061,0.0004057216599999691,0.0004882790559999961,0.0004152680516000018,0.0004869846435339209,0.0004139677631412443,0.766391660154526,0.6423489386488165,1,1,instant_velocity,dbscan_kmeans_fallback,False
3550,249,12.586655416,4.89706043032,0.0012417441399998452,-0.00021479382000002544,0.0012417441459999878,-0.00021479381980000768,0.0012410665201531544,-0.0002135620326472587,0.9853591419115085,-0.17044497923956095,1,1,instant_velocity,dbscan_kmeans_fallback,False
3550,256,8.34346834088,5.37294807095,0.002188837139999933,-0.00021479382000002544,0.002193046442199993,-0.00021002062380000907,0.0027273253808223633,-0.00020320884903572912,0.9952150797026029,-0.09766192503977633,-1,-1,instant_velocity,dbscan_kmeans_fallback,False
3550,259,13.2593019064,10.1509172612,0.01147034846999997,0.018806392215999956,0.01505246463999999,0.016777783919600005,0.015057888950162525,0.016205237879915638,0.5207076570104254,0.8537345184607513,-1,-1,instant_velocity,dbscan_kmeans_fallback,False
3550,260,14.2230216434,8.04784710614,0.017005580859999904,0.026586701688000057,0.016327883205999996,0.01699257773960001,0.018553711847337173,0.016756227786043014,0.5388307860181966,0.8424136456210686,-1,-1,instant_velocity,dbscan_kmeans_fallback,False
3550,262,1.47662320913,6.12019190385,0.03862034761599999,-0.005823299112999969,0.03862034761599999,-0.005823299112999969,0.0257461547673885,-0.0040439232443309926,0.9888222008646685,-0.14909776324292687,-1,-1,instant_velocity,dbscan_kmeans_fallback,False
3550,329,6.41834398314,9.21608682573,-0.0005682557960000167,-0.0014319587990000216,-0.0005598371916000033,-0.0014319587984000038,-0.0005614109662674901,-0.0014320356799912316,-0.3688533197847231,-0.9294806327080339,0,0,instant_velocity,dbscan_kmeans_fallback,False
3550,331,5.82167539735,9.58505487609,-0.000399883708000015,-0.0010501031189999565,-0.00041251161499999967,-0.00105010311880001,-0.0004219862858474135,-0.001134686932341168,-0.35587125060178587,-0.9345254701382745,0,0,instant_velocity,dbscan_kmeans_fallback,False
3550,332,6.63028234853,10.167862107,-0.0005893023070000503,-0.0009785051799999778,-0.0005893023069999969,-0.000968958786000016,-0.0005904775121823375,-0.0009705785100805563,-0.5159062077386293,-0.856634855607905,0,0,instant_velocity,dbscan_kmeans_fallback,False
3550,334,3.90791615553,11.8332301894,-0.029317789771000014,-0.002553659860000046,-0.017746418043599988,-0.003274412451999993,-0.018571329149698362,-0.003011921268069028,-0.9962276674535887,-0.08677416086509199,-1,-1,instant_velocity,dbscan_kmeans_fallback,False
3550,358,12.3711391438,11.3172477024,0.003156976650000054,-0.00357989700000001,0.0035358138420000175,-0.006415175416000025,0.0031814517722643957,-0.006241067422521775,0.6614133735748571,-0.7500187724924973,3,3,instant_velocity,dbscan_kmeans_fallback,False
3550,359,12.2149740324,8.9110796017,0.016037441350000136,-0.053412063176000044,0.009736115970000014,-0.05053382599200003,0.010978035535477222,-0.04928241187924076,0.28757521692952565,-0.9577578691810218,-1,-1,instant_velocity,dbscan_kmeans_fallback,False
3550,393,11.4053147557,13.1892951714,-0.012249069380000144,0.006515412539999943,-0.01224486007800003,0.006510639335999997,-0.011731610931947193,0.007013837678332392,-0.8828732439274652,0.46960983126665645,-1,-1,instant_velocity,dbscan_kmeans_fallback,False
3550,396,3.57390802655,8.1609718512,-0.034074301248,0.0022672680969998637,-0.042644440512399996,-0.0030262062604000306,-0.04375687739858254,-0.0040788979288819745,-0.9977933159270836,0.06639211575127948,-1,-1,instant_velocity,dbscan_kmeans_fallback,False
3550,397,14.7775972072,9.34186054018,-0.00345162779999999,0.03603762975600002,-0.0034389998920000054,0.03604240295260002,-0.003300338879400838,0.03458923560658211,-0.09534209668945172,0.995444288823733,-1,-1,instant_velocity,dbscan_kmeans_fallback,False
3560,142,8.8226973955,8.88172444634,-0.009302557845999893,-0.001957010357000044,-0.008864790417399994,-0.002300680469199996,-0.007780519625450547,-0.0026503576018643404,-0.9785789190529114,-0.20586693589354516,0,0,instant_velocity,dbscan_kmeans_fallback,False
3560,155,13.8757542125,5.51542797138,0.004083023130000108,0.0015512886979999862,0.00409565103400002,0.008978381665199996,0.004534552347170467,0.007163362308581586,0.9348012118142143,0.3551649130050467,1,1,instant_velocity,dbscan_kmeans_fallback,False
3560,156,5.03011612005,8.71108268954,-0.006566511420000065,0.020142887095999918,-0.0068148602495999985,0.0169162066036,-0.008726542498757187,0.01768185604112478,-0.30994274739441185,0.9507547261662417,2,2,instant_velocity,dbscan_kmeans_fallback,False
3560,158,4.62833822577,7.9127656595,0.0045039533450000665,0.020763402575,-0.0023698371343999903,0.0229924851044,-0.004739415726662463,0.02075608608581926,0.21198774015742822,0.9772718437990638,2,2,instant_velocity,dbscan_kmeans_fallback,False
3560,159,9.7891531789,9.28816208525,0.013617092592999924,0.03510685653800003,0.02390462715119998,0.024109412967000025,0.022963439938465727,0.025604751905781917,0.3616254056292152,0.93232319228315,-1,-1,instant_velocity,dbscan_kmeans_fallback,False
3560,160,12.1617263597,10.7098585121,-0.0011996511300001345,-0.0004295876400000509,-0.002588720848000001,0.0003579896980000186,-0.003946446199101911,0.0012223136268703573,-0.9414506159976913,-0.3371276350175213,3,3,instant_velocity,dbscan_kmeans_fallback,False
3560,161,7.05121256778,5.13046971444,-0.03630523141099999,0.04116881545100002,-0.05560488196319998,0.030562773951400005,-0.05298908904941607,0.029683444608812514,-0.6614146385841777,0.7500202073966583,-1,-1,instant_velocity,dbscan_kmeans_fallback,False
3560,162,4.33242428164,9.10773527666,0.03257999897000001,0.01952237161599992,0.03215065014639999,0.012959227124399994,0.031781269231660546,0.013220390444173693,0.8577902387927372,0.513999396553361,-1,-1,instant_velocity,dbscan_kmeans_fallback,False
3560,163,3.28620222169,7.68150431358,0.024056162029999984,-0.003412835136000059,0.0239593480798,-0.004028577419200001,0.02404574898769072,-0.0029219964226240907,0.9900855246333232,-0.1404629159838453,4,4,instant_velocity,dbscan_kmeans_fallback,False
3560,164,3.02101618356,8.62946103804,0.020162557502,0.00992824766800009,0.026299720098799998,0.008138299170200014,0.024949693938243724,0.007961219346454175,0.8971338549333867,0.441757802909815,4,4,instant_velocity,dbscan_kmeans_fallback,False
3560,165,1.41011623449,8.163597109,0.02104651096200001,0.005369845493999925,0.02104651096200001,0.005369845493999925,0.01849496456640516,0.002001577688701772,0.9689584321707255,0.24722183549851232,4,4,instant_velocity,dbscan_kmeans_fallback,False
3560,166,1.09441857005,7.54164967095,0.022183022554300002,0.007088196052000039,0.022183022554300002,0.007088196052000039,0.016856878839104552,0.0053913320354019014,0.9525529252201526,0.3043715917134014,4,4,instant_velocity,dbscan_kmeans_fallback,False
3560,248,12.0411298519,5.46149085664,0.0005051162599999159,0.00042958763900005084,0.000492488355999967,0.00041526805140000176,0.0004924241284737194,0.00041865372589888625,0.7617500737528831,0.647847716665605,1,1,instant_velocity,dbscan_kmeans_fallback,False
3560,249,12.5990728575,4.89515115192,0.0012417441500000236,-0.00019092783999994368,0.0012417441459999878,-0.00021002062379999131,0.0012412698091072152,-0.0002067717748530642,0.9883769522503626,-0.15197065885020325,1,1,instant_velocity,dbscan_kmeans_fallback,False
3560,256,8.3655671774,5.37080013275,0.002209883652000144,-0.00021479381999993662,0.0021972557446000352,-0.00021002062379999131,0.0025720928621756974,-0.0002066843403249914,0.9953051069717159,-0.09674056179310858,-1,-1,instant_velocity,dbscan_kmeans_fallback,False
3560,259,13.3740053912,10.3389811834,0.011470348480000147,0.018806392219999957,0.013772836774000012,0.01749853651519999,0.013981626809113813,0.016985584181940933,0.5207076572605834,0.8537345183081757,-1,-1,instant_velocity,dbscan_kmeans_fallback,False
3560,260,14.4014960563,8.32278319541,0.01784744129,0.02749360892699997,0.015688069269999973,0.022701320148800015,0.01834183068013602,0.0199774421283301,0.54448613928905,0.8387694760577735,-1,-1,instant_velocity,dbscan_kmeans_fallback,False
3560,262,1.83820226747,6.07532386151,0.036157905834000005,-0.004486804234000008,0.036157905834000005,-0.004486804234000008,0.02886968008737195,-0.004176787541231698,0.9923884551045938,-0.12314465175549796,4,4,instant_velocity,dbscan_kmeans_fallback,False
3560,329,6.41266142518,9.20176723775,-0.0005682557960000167,-0.0014319587980001103,-0.00056404649380001,-0.0014319587984000038,-0.0005634644151872481,-0.0014320126153938954,-0.36885332000724264,-0.9294806326197256,0,0,instant_velocity,dbscan_kmeans_fallback,False
3560,331,5.81746609516,9.5745538449,-0.00042093021899995974,-0.0010501031189999565,-0.00041251161479999966,-0.0010501031187999743,-0.0004216694657931774,-0.0011093117883388046,-0.3720646837565273,-0.9281972812754961,0,0,instant_velocity,dbscan_kmeans_fallback,False
3560,332,6.55788235082,10.0482935473,-0.007239999770999983,-0.011956855969999935,-0.0019194417998000012,-0.003169402139999988,-0.002585334189827632,-0.00426646174805637,-0.5179570420214119,-0.8554057936443602,0,0,instant_velocity,dbscan_kmeans_fallback,False
3560,334,3.61473825782,11.8076935908,-0.029317789771000014,-0.002553659860000046,-0.022456627197000003,-0.003551257820000018,-0.021795267336088858,-0.0028744428456483335,-0.9962276674535887,-0.08677416086509199,-1,-1,instant_velocity,dbscan_kmeans_fallback,False
3560,358,12.3980786778,11.2859832686,0.002693953399999849,-0.003126443379999877,0.0032327440839999967,-0.004749330016000002,0.0030352022605850317,-0.005306680209765205,0.6527633763579449,-0.7575586633090162,3,3,instant_velocity,dbscan_kmeans_fallback,False
3560,359,12.375348446,8.37695896994,0.01603744135999996,-0.05341206317599987,0.01276681355000001,-0.0526626714052,0.012495857282834043,-0.05052130726826849,0.28757521709400924,-0.9577578691316342,-1,-1,instant_velocity,dbscan_kmeans_fallback,False
3560,393,11.2828240619,13.2542106369,-0.012249069379999967,0.006491546550000038,-0.012244860077999995,0.00650586613999998,-0.011886848466363025,0.006857150339832686,-0.8835859986325573,0.468267381227906,-1,-1,instant_velocity,dbscan_kmeans_fallback,False
3560,396,3.23316501407,8.18364453217,-0.034074301248,0.0022672680970000415,-0.04153318473340001,-0.003980845459400016,-0.04085210455340778,-0.0021750481211173693,-0.9977933159270832,0.06639211575128466,-1,-1,instant_velocity,dbscan_kmeans_fallback,False
3560,397,14.7472902315,9.69913426035,-0.0030306975700000295,0.035727372016999936,-0.003354813846000013,0.03598035140480001,-0.0032194464865805956,0.03493067652970745,-0.08452485613083258,0.9964210911581071,-1,-1,instant_velocity,dbscan_kmeans_fallback,False
3570,142,8.72946135194,8.86215434276,-0.009323604356000104,-0.0019570103579999555,-0.00931518575200002,-0.0019570103575999908,-0.008243445044615414,-0.002442353428705025,-0.9786724484787894,-0.2054218567875648,0,0,instant_velocity,dbscan_kmeans_fallback,False
3570,155,13.9165844438,5.53070219856,0.00408302312999993,0.0015274227179999933,0.004091441731999978,0.006720659960000006,0.004399093582019306,0.005472580431407108,0.9366065978995651,0.3503762163258931,1,1,instant_velocity,dbscan_kmeans_fallback,False
3570,156,4.91078240289,8.85427856937,-0.011933371715999997,0.014319587983000126,-0.007753534638600001,0.01754149527900001,-0.00968859126393003,0.016673175623687385,-0.6401961420429879,0.7682107957862773,2,2,instant_velocity,dbscan_kmeans_fallback,False
3570,158,4.66011845733,8.09343112788,0.0031780231559999984,0.018066546838000085,0.0016668836682000076,0.022195361373400006,-0.0023641840618637243,0.019949224311473508,0.17324644081505344,0.9848779520667452,2,2,instant_velocity,dbscan_kmeans_fallback,False
3570,159,9.87523340874,9.62849095964,0.00860802298400003,0.034032887438999994,0.0182262784936,0.0288921553534,0.01865681485212602,0.02813319256574734,0.2452103610334186,0.969469601956032,-1,-1,instant_velocity,dbscan_kmeans_fallback,False
3570,160,12.1573065924,10.7015054192,-0.00044197672999999325,-0.0008353092900000192,-0.0020878138880000207,8.114433199999383e-05,-0.002895105358371336,0.0006050267518092442,-0.4676795731529098,-0.8838861091122945,3,3,instant_velocity,dbscan_kmeans_fallback,False
3570,161,6.68837071879,5.54191920915,-0.03628418489900005,0.041144949470999934,-0.0500149286514,0.035321650357599994,-0.047977617804291266,0.03312189606746874,-0.661414638503907,0.7500202073265514,-1,-1,instant_velocity,dbscan_kmeans_fallback,False
3570,162,4.65611962025,9.30964146722,0.032369533861000034,0.02019061905600008,0.0330514408156,0.015450835433400024,0.03195774862046239,0.01531145902772161,0.8484729701379259,0.5292382211289136,-1,-1,instant_velocity,dbscan_kmeans_fallback,False
3570,163,3.57980104962,7.6652754472,0.029359882792999992,-0.0016228866379999652,0.0250537666498,-0.003451020703799994,0.025639989129283502,-0.002532263487236853,0.9984754535394016,-0.0551913808152664,4,4,instant_velocity,dbscan_kmeans_fallback,False
3570,164,3.22264175859,8.72898217452,0.020162557503,0.009952113647999994,0.0248853945622,0.009427062088600025,0.023513553007670607,0.008558487636917921,0.8967127906541823,0.44261188596128315,4,4,instant_velocity,dbscan_kmeans_fallback,False
3570,165,1.62058134412,8.21753422373,0.02104651096300001,0.0053937114730000955,0.02481804572712,0.0022386289211999964,0.01926042848538362,0.003019217823991269,0.9686947485331057,0.24825302341957362,4,4,instant_velocity,dbscan_kmeans_fallback,False
3570,166,1.29835926128,7.54164967095,0.020394069122999993,0.0,0.02182523186816,0.005675330037199995,0.017918035924273185,0.0037739324247813306,0.9999995096616061,0.0,4,4,instant_velocity,dbscan_kmeans_fallback,False
3570,248,12.0459705494,5.46554807324,0.00048406975000006016,0.0004057216599999691,0.0004882790539999959,0.0004152680516000018,0.0004899178149316216,0.00041477410612921113,0.7663916536215896,0.6423489464430158,1,1,instant_velocity,dbscan_kmeans_fallback,False
3570,249,12.611490299,4.89300321373,0.0012417441500000236,-0.00021479381900002537,0.001241744147999988,-0.0002100206235999913,0.0012414121113750577,-0.00020917838809715253,0.985359142275383,-0.17044497713632462,1,1,instant_velocity,dbscan_kmeans_fallback,False
3570,256,8.37566950266,5.37199343175,0.0010102325259998325,0.0001193298999999648,0.0019615348217999796,-0.00014319587979999326,0.002103534761322938,-0.00010888006822750453,0.9930860909029181,0.11730454214144044,-1,-1,instant_velocity,dbscan_kmeans_fallback,False
3570,259,13.4952332943,10.4652322174,0.012122790309999942,0.012625103400000092,0.012627906578000002,0.016987804542999994,0.013423975859379652,0.015677439947358682,0.6926114384367976,0.7213100946796307,-1,-1,instant_velocity,dbscan_kmeans_fallback,False
3570,260,14.5801809344,8.59748062488,0.017868487810000035,0.027469742946999887,0.015953255310000004,0.025512732589399983,0.018199827819095224,0.02222513237393104,0.5452703548286494,0.838259882035445,-1,-1,instant_velocity,dbscan_kmeans_fallback,False
3570,262,2.19999179092,6.03069447896,0.036178952344999994,-0.0044629382550000155,0.03805630112258,-0.005527360961400003,0.031062461764660366,-0.0042626327553621935,0.9924769622595042,-0.12242928871560581,4,4,instant_velocity,dbscan_kmeans_fallback,False
3570,329,6.40718933233,9.18744764977,-0.0005472092849999832,-0.0014319587979999327,-0.0005598371916000033,-0.001431958798199986,-0.0005585878761310687,-0.0014319964701757068,-0.3569619030090333,-0.9341119596766337,0,0,instant_velocity,dbscan_kmeans_fallback,False
3570,331,5.81346725808,9.56405281372,-0.000399883708000015,-0.0010501031180000452,-0.00041251161479999966,-0.001050103118599992,-0.0004151337384552287,-0.0010915491872371768,-0.3558712508977292,-0.9345254700255701,0,0,instant_velocity,dbscan_kmeans_fallback,False
3570,332,6.47790560916,9.91679199769,-0.007997674166000035,-0.013150154961000027,-0.003401116171600016,-0.005603732098199999,-0.004209036182679353,-0.006931569711939468,-0.5196257209998573,-0.8543932412149058,-1,-1,instant_velocity,dbscan_kmeans_fallback,False
3570,334,3.34408012684,11.7976698792,-0.027065813098000026,-0.001002371159999882,-0.025083231765200012,-0.0030882578079999947,-0.02337643106466221,-0.0023128213399537982,-0.9993145554240608,-0.037009200000690155,-1,-1,instant_velocity,dbscan_kmeans_fallback,False
3570,358,12.4064972822,11.2723796601,0.0008418604400000973,-0.0013603608500000418,0.0026013487539999856,-0.0030452990439999894,0.0023771997144095515,-0.004122784401835656,0.5262303425406522,-0.8503347135236952,3,3,instant_velocity,dbscan_kmeans_fallback,False
3570,359,12.6258019264,7.78603730585,0.025045348039999915,-0.05909216640900006,0.01707713899399998,-0.05541203229699999,0.016260704509983806,-0.05309256501048796,0.39023211766988397,-0.9207163421588991,-1,-1,instant_velocity,dbscan_kmeans_fallback,False
3570,396,3.09299525106,8.09152184948,-0.014016976300999984,-0.009212268269000035,-0.0357243477078,-0.00570874240920002,-0.03280156607768544,-0.00428621416548217,-0.8356745422170024,-0.5492238770445526,-1,-1,instant_velocity,dbscan_kmeans_fallback,False
3570,397,14.7262437205,10.0492481865,-0.002104651099999977,0.03501139261499997,-0.0030896278100000173,0.03577510397640001,-0.00288500787060641,0.034954891355295205,-0.060004984767924575,0.9981977918178092,-1,-1,instant_velocity,dbscan_kmeans_fallback,False
3580,142,8.69220902753,8.86334764176,-0.0037252324409999815,0.00011932990000005362,-0.008199720671000001,-0.0015417423061999712,-0.0068879812635307845,-0.0016738484300935013,-0.9994846603632894,0.032016365813866667,0,0,instant_velocity,dbscan_kmeans_fallback,False
3580,155,13.9572042099,5.54621508554,0.004061976610000073,0.0015512886979999862,0.004083023126,0.0044724846465999946,0.0042979584904135355,0.004296192911384972,0.9341892446112234,0.3567714332452814,1,1,instant_velocity,dbscan_kmeans_fallback,False
3580,156,4.79165915084,8.9974744492,-0.011912325204999963,0.014319587982999949,-0.008713255538600003,0.017808794254600004,-0.01035571144625101,0.015967099331481154,-0.6395290859448703,0.7687662027587447,2,2,instant_velocity,dbscan_kmeans_fallback,False
3580,158,4.69210915399,8.27433525607,0.003199069665999943,0.018090412818999903,0.004764930081800003,0.021298000526599983,-0.0006952079435046239,0.019391580863731425,0.17413595411525987,0.9847210675203633,2,2,instant_velocity,dbscan_kmeans_fallback,False
3580,159,9.88596712933,9.95282962745,0.0010733720590000218,0.03243386678100002,0.011045208953200002,0.033355093608000035,0.01338178201418822,0.029423394830323142,0.033076056777516766,0.9994525292210442,-1,-1,instant_velocity,dbscan_kmeans_fallback,False
3580,160,12.1528868251,10.6929136664,-0.00044197672999999325,-0.0008591752799999242,-0.0015911162280000113,-0.00020524742599999256,-0.002159166769859933,0.00016576614226649364,-0.45743753258996345,-0.8892301188468956,3,3,instant_velocity,dbscan_kmeans_fallback,False
3580,161,6.3190044514,5.92067231129,-0.03693662673900002,0.037875310214000014,-0.04540995205280002,0.036677238019999996,-0.044665320484703896,0.03454792031142812,-0.6981794531471631,0.7159225329331089,-1,-1,instant_velocity,dbscan_kmeans_fallback,False
3580,162,4.92130565837,9.46644095563,0.02651860381199995,0.01567994884099999,0.032011743174,0.016381608652200015,0.030326005177923658,0.015422005971705123,0.8607859720257649,0.5089664636984723,-1,-1,instant_velocity,dbscan_kmeans_fallback,False
3580,163,3.95295568899,7.67625379798,0.037315463937000005,0.0010978350780000313,0.027739301448799995,-0.002324546449199989,0.02914263157159845,-0.0014432339176657877,0.999567233651318,0.029407646486039992,4,4,instant_velocity,dbscan_kmeans_fallback,False
3580,164,3.43836849595,8.56526155192,0.02157267373599998,-0.016372062259999966,0.023538417860399993,0.004343608354800033,0.022931289226169417,0.0010793226678425536,0.7965738705369081,-0.604540594398179,-1,-1,instant_velocity,dbscan_kmeans_fallback,False
3580,165,1.825784826,8.25166257509,0.02052034818799999,0.00341283513599997,0.022999627179840002,0.003274412451999993,0.01963840439616853,0.0031373030175938796,0.9864496973341927,0.16406106544173568,5,5,instant_velocity,dbscan_kmeans_fallback,False
3580,166,1.5020894874,7.54164967095,0.020373022612000004,0.0,0.021463231879659997,0.004257690827000005,0.01865453193059123,0.0026417526973469313,0.9999995091550584,0.0,5,5,instant_velocity,dbscan_kmeans_fallback,False
3580,248,12.0508112469,5.46984394963,0.00048406975000006016,0.00042958763900005084,0.0004882790539999959,0.00042004124740000035,0.00048816339545215313,0.00041921816599046303,0.747931959711276,0.6637521239552943,1,1,instant_velocity,dbscan_kmeans_fallback,False
3580,249,12.6239077404,4.89085527553,0.0012417441400000228,-0.00021479382000002544,0.0012417441459999878,-0.00021002062380000907,0.0012415117199625473,-0.0002108630176680144,0.9853591419115126,-0.1704449792395373,1,1,instant_velocity,dbscan_kmeans_fallback,False
3580,256,8.37377531667,5.37605064835,-0.0001894185989998576,0.0004057216599999691,0.001481674371799997,-1.9092783800012113e-05,0.0014156487532260994,4.550045024073759e-05,-0.4230260732155512,0.9060928628682917,-1,-1,instant_velocity,dbscan_kmeans_fallback,False
3580,259,13.6170925928,10.5845621173,0.012185929850000044,0.011932989990000031,0.01174816242000002,0.016190680812800017,0.01305256205656577,0.014554104960151087,0.7144826414689008,0.6996523296642105,-1,-1,instant_velocity,dbscan_kmeans_fallback,False
3580,260,14.7085646513,8.87122341515,0.012838371690000017,0.02737427902700009,0.015814348337999995,0.02638622745640001,0.01659139098036666,0.023769876369851756,0.4246148175419338,0.9053737323593265,-1,-1,instant_velocity,dbscan_kmeans_fallback,False
3580,262,2.58514294153,5.98940633361,0.038515115061000006,-0.004128814535000025,0.03782899880408,-0.0050691341457999965,0.03329825775356226,-0.0042224872892535435,0.9943028930318244,-0.10658912041260775,4,4,instant_velocity,dbscan_kmeans_fallback,False
3580,329,6.40150677437,9.17312806179,-0.0005682557960000167,-0.0014319587979999327,-0.0005598371916000033,-0.001431958798199986,-0.000561488252091753,-0.0014319851685229746,-0.36885332000728216,-0.9294806326197098,0,0,instant_velocity,dbscan_kmeans_fallback,False
3580,331,5.80925795588,9.55331312273,-0.00042093022000004864,-0.0010739690990000383,-0.00041251161499999967,-0.0010548763147999907,-0.00041687268291867467,-0.0010862751607660353,-0.3649084394543388,-0.9310340985692143,0,0,instant_velocity,dbscan_kmeans_fallback,False
3580,332,6.39813933262,9.78505178825,-0.007976627654000002,-0.01317402094400002,-0.004878581241000006,-0.008042835251000007,-0.005339313624075547,-0.008804305081557634,-0.5179391128193269,-0.8554167269644252,-1,-1,instant_velocity,dbscan_kmeans_fallback,False
3580,334,3.12582780816,11.824161117,-0.021825231867999985,0.00264912377999984,-0.025575720121600004,-0.001603793854000024,-0.02291107130566354,-0.0008242378039677066,-0.9927135331323064,0.12049452868376068,-1,-1,instant_velocity,dbscan_kmeans_fallback,False
3580,358,12.4151263517,11.2590147113,0.0008629069499999531,-0.001336494879999961,0.0021425348160000013,-0.0025966186199999795,0.001922911885086672,-0.0032868975452849474,0.5424129005908757,-0.840104561083524,3,3,instant_velocity,dbscan_kmeans_fallback,False
3580,359,12.876465872,7.19511564176,0.02506639456000013,-0.05909216640899997,0.019282813344000012,-0.0560945993246,0.018902411524988703,-0.05489244543004157,0.390510053610338,-0.9205984936163661,-1,-1,instant_velocity,dbscan_kmeans_fallback,False
3580,396,2.97513478967,7.98651153761,-0.011786046139000028,-0.01050103118699992,-0.028438045612599997,-0.005422350649599981,-0.026496910096079816,-0.006150659271937494,-0.7466362265539379,-0.665231597426281,-1,-1,instant_velocity,dbscan_kmeans_fallback,False
3580,397,14.7051972095,10.3991234529,-0.002104651099999977,0.034987526639999975,-0.0028244417720000217,0.03556508335299999,-0.00265090083942448,0.034964681940706635,-0.06004576831565411,0.9981953391530015,-1,-1,instant_velocity,dbscan_kmeans_fallback,False
3590,142,8.69220902753,8.87838320914,0.0,0.0015035567380000004,-0.006334999799800016,-0.0008496288869999801,-0.004821586884471549,-0.0007206268796654508,0.0,0.999993349147898,0,0,instant_velocity,dbscan_kmeans_fallback,False
3590,155,13.9980344412,5.56148931272,0.00408302312999993,0.0015274227179999933,0.004078813823999994,0.0022147629412000037,0.0042334778822894535,0.0034655618533694778,0.9366065978995651,0.3503762163258931,1,1,instant_velocity,dbscan_kmeans_fallback,False
3590,156,4.67232543369,9.14067032903,-0.011933371714999997,0.014319587982999949,-0.009786627597599988,0.01664413443219999,-0.010829009526875707,0.015472845926936794,-0.6401961420113325,0.7682107958126575,2,2,instant_velocity,dbscan_kmeans_fallback,False
3590,158,4.68432194494,8.43853319827,-0.0007787209049999966,0.01641979421999995,0.0033169301277999885,0.01962738192839998,-0.0007202618319532357,0.018500044870611982,-0.047372466795111166,0.9988766854403495,2,2,instant_velocity,dbscan_kmeans_fallback,False
3590,159,9.89670084992,10.2771682953,0.0010733720590000218,0.03243386678499984,0.0075977904574000025,0.03382286681619998,0.00968925902763176,0.030326536416726155,0.03307605677344221,0.999452529221179,-1,-1,instant_velocity,dbscan_kmeans_fallback,False
3590,160,12.1482565927,10.6845605734,-0.0004630232400000267,-0.0008353093000000201,-0.001094418570000002,-0.00048209279399998197,-0.001650323710901961,-0.00013455649041346052,-0.4848075349975292,-0.8746088915396514,3,3,instant_velocity,dbscan_kmeans_fallback,False
3590,161,5.9233300453,6.16887850299,-0.03956744060999995,0.024820619170000047,-0.041335347530399996,0.035421887473400006,-0.04313595652229271,0.0316297299689997,-0.8471216391499684,0.5313986265438055,-1,-1,instant_velocity,dbscan_kmeans_fallback,False
3590,162,5.04926844503,9.51846879197,0.012796278666000038,0.0052027836339998855,0.0277140456356,0.014768268406199993,0.02506708722434657,0.012356239270393551,0.9263574368405899,0.37664366628980767,0,0,instant_velocity,dbscan_kmeans_fallback,False
3590,163,4.33852776982,7.68985740657,0.038557208082999984,0.0013603608589999538,0.03066476647239999,-0.001193298998600003,0.03196700452501891,-0.0006021554846660651,0.9993779249895444,0.03525967465221588,-1,-1,instant_velocity,dbscan_kmeans_fallback,False
3590,164,3.65977779128,8.28913216365,0.022140929533,-0.02761293882700002,0.022305092318199993,-0.0029927938883999874,0.02269418131821859,-0.00752835578061022,0.6255658449477144,-0.7801710123803147,-1,-1,instant_velocity,dbscan_kmeans_fallback,False
3590,165,2.02867319168,8.27719917366,0.020288836567999978,0.002553659856999957,0.021130697006399995,0.004138360926999987,0.019833534047717965,0.0029622100694157026,0.9921713705845523,0.12487991570312904,4,4,instant_velocity,dbscan_kmeans_fallback,False
3590,166,1.70603017862,7.54164967095,0.020394069122000015,0.0,0.02110544119316,0.002840051616599997,0.019176393088013867,0.0018492268881428518,0.9999995096616061,0.0,4,4,instant_velocity,dbscan_kmeans_fallback,False
3590,167,0.334849989414,5.5805820967,0.0,0.0,0.0,0.0,0.0,0.0,0.0,0.0,-1,-1,instant_velocity,dbscan_kmeans_fallback,False
3590,248,12.0556519445,5.47390116623,0.00048406975999988334,0.0004057216599999691,0.0004882790559999961,0.0004152680516000018,0.00048693530481647217,0.00041516921419331484,0.76639166015441,0.6423489386489549,1,1,instant_velocity,dbscan_kmeans_fallback,False
3590,249,12.6363251819,4.88870733733,0.0012417441500000236,-0.00021479382000002544,0.0012417441459999878,-0.00021002062380000907,0.0012415814489737903,-0.00021204225836761768,0.9853591421421093,-0.17044497790679963,1,1,instant_velocity,dbscan_kmeans_fallback,False
3590,256,8.37188113068,5.38010786494,-0.0001894185990000352,0.00040572165900005787,0.0010060232240000034,0.00010023711580000593,0.0009341285475582589,0.0001535668128685337,-0.42302607407184095,0.9060928624684673,-1,-1,instant_velocity,dbscan_kmeans_fallback,False
3590,259,13.7389518912,10.7038920171,0.012185929839999865,0.011932989979999854,0.011887069389999994,0.014820773561199978,0.012792572391595997,0.013767770466105717,0.7144826414749842,0.6996523296579975,-1,-1,instant_velocity,dbscan_kmeans_fallback,False
3590,260,14.786647207,9.14401156622,0.00780825557,0.02727881510699994,0.014673627443999991,0.02724062953919999,0.013956450357256662,0.02482255799099621,0.2751872128891181,0.9613902917131187,5,5,instant_velocity,dbscan_kmeans_fallback,False
3590,262,3.18160106221,5.97938262202,0.059645812067999994,-0.0010023711589999707,0.041823626584799996,-0.003980845459199998,0.04120252404789358,-0.003256452450177471,0.9998586517209385,-0.016803015011666873,-1,-1,instant_velocity,dbscan_kmeans_fallback,False
3590,329,6.36909514749,9.10940589526,-0.003241162687999921,-0.006372216653000073,-0.0010986278721999909,-0.002420010369200014,-0.0013653905828642037,-0.0029140546138661048,-0.45336301768486686,-0.8913243947432317,0,0,instant_velocity,dbscan_kmeans_fallback,False
3590,331,5.80504865369,9.54281209154,-0.00042093021899995974,-0.0010501031189999565,-0.00041251161479999966,-0.0010548763147999907,-0.0004180899437430602,-0.0010754235482362117,-0.3720646837565273,-0.9281972812754961,0,0,instant_velocity,dbscan_kmeans_fallback,False
3590,332,6.23439747733,9.54639198854,-0.01637418552899996,-0.023865979970999974,-0.008035557885400007,-0.012625103405199987,-0.008649775195552873,-0.013322807548390336,-0.5657382866481486,-0.8245844407991861,-1,-1,instant_velocity,dbscan_kmeans_fallback,False
3590,334,2.90757548948,11.8508910146,-0.021825231867999985,0.0026729897600000995,-0.025870371275200005,-0.00015751546800000683,-0.022585319474364474,0.0002249304652226354,-0.9925831257667895,0.12156409366782361,-1,-1,instant_velocity,dbscan_kmeans_fallback,False
3590,358,12.4235449561,11.2454111027,0.0008418604400000973,-0.0013603608600000427,0.0016795115760000101,-0.0021527113939999866,0.0015985964515606997,-0.002708936539699476,0.5262303397435757,-0.8503347152547072,3,3,instant_velocity,dbscan_kmeans_fallback,False
3590,359,13.0368402855,6.63474243203,0.01603744134999996,-0.05603732097299998,0.01964481333200002,-0.05620915602859999,0.01804292047249208,-0.055235908092929095,0.27514580029512786,-0.9614023327674445,-1,-1,instant_velocity,dbscan_kmeans_fallback,False
3590,396,2.81139293438,7.78293472846,-0.01637418552899996,-0.02035768091500003,-0.022065162092999992,-0.007107288835400016,-0.02346009272595586,-0.010412765764856256,-0.6267474618436145,-0.7792219539653472,-1,-1,instant_velocity,dbscan_kmeans_fallback,False
3590,397,14.7536041847,10.7120064503,0.0048406975200000705,0.031288299740000095,-0.0011701860099999806,0.0346104441536,-0.0004034213315971143,0.03386176728049467,0.15289364499950814,0.9882423294000215,5,5,instant_velocity,dbscan_kmeans_fallback,False
3600,142,8.69220902753,8.89341877652,0.0,0.0015035567380000004,-0.004470278928599996,-0.00015751546779998904,-0.0033751108191300843,-5.337179436581534e-05,0.0,0.999993349147898,0,0,instant_velocity,dbscan_kmeans_fallback,False
3600,155,14.0386542074,5.5770021997,0.004061976620000074,0.0015512886979999862,0.004074604524000023,0.001541742305999989,0.00418202750360264,0.0028912799067586305,0.9341892449039664,0.35677143247876153,1,1,instant_velocity,dbscan_kmeans_fallback,False
3600,156,4.53194520557,9.34400847838,-0.014038022812000062,0.02033381493499995,-0.011276720573600017,0.016687093195999977,-0.011791713512413014,0.01693113662935574,-0.5681358870126111,0.8229342649715039,2,2,instant_velocity,dbscan_kmeans_fallback,False
3600,158,4.58435101786,8.56382959312,-0.009997092707999932,0.012529639485000032,2.1046510800015737e-05,0.017173959187399994,-0.003503311094767245,0.016708923254928395,-0.6236815391787754,0.7816777404801508,2,2,instant_velocity,dbscan_kmeans_fallback,False
3600,159,9.90743457051,10.6015069631,0.0010733720590000218,0.03243386678000011,0.0050890463508000035,0.0332882688646,0.007104492937042238,0.03095873552570834,0.03307605677853536,0.9994525292210105,-1,-1,instant_velocity,dbscan_kmeans_fallback,False
3600,160,12.1438368254,10.6759688206,-0.00044197672999999325,-0.0008591752800001018,-0.0005977209120000282,-0.0007637113580000232,-0.0012878196166313707,-0.0003519421272894529,-0.4574375325898887,-0.889230118846934,3,3,instant_velocity,dbscan_kmeans_fallback,False
3600,161,5.5276556392,6.4170846947,-0.03956744061000004,0.02482061917099996,-0.03773218485380001,0.03396606269539999,-0.04206540174860491,0.029586996729599777,-0.8471216391403322,0.5313986265591673,-1,-1,instant_velocity,dbscan_kmeans_fallback,False
3600,162,5.17744169679,9.57025796851,0.012817325175999983,0.0051789176540001595,0.023416348097000005,0.013154928160200008,0.021392158609842594,0.010203042785475533,0.9271735823725415,0.3746300860855785,0,0,instant_velocity,dbscan_kmeans_fallback,False
3600,163,4.77461147696,7.71563266494,0.04360837071399999,0.0025775258370000385,0.03457941751139999,0.0,0.03545941438171324,0.0003517489118337661,0.9982575625580681,0.05900322844779105,-1,-1,instant_velocity,dbscan_kmeans_fallback,False
3600,164,3.96600452578,8.09581772588,0.030622673450000006,-0.01933144377700007,0.022932278344799998,-0.008687216709599994,0.025072728957753018,-0.011069282179527174,0.845603249161116,-0.5338113831079203,-1,-1,instant_velocity,dbscan_kmeans_fallback,False
3600,165,2.23177202247,8.30273577223,0.020309883079000012,0.002553659856999957,0.020642417952,0.003856742363399981,0.01997643875710258,0.002839645005690979,0.992187397275094,0.1247525215771664,4,4,instant_velocity,dbscan_kmeans_fallback,False
3600,166,1.94574993849,7.65453575621,0.023971975987000006,0.011288608525999954,0.021463231879660004,0.003675360915599999,0.020615067957709707,0.004681041379499983,0.9047066810814332,0.4260341141307429,4,4,instant_velocity,dbscan_kmeans_fallback,False
3600,167,0.774090673203,5.86076870156,0.04392406837889999,0.02801866048599999,0.04392406837889999,0.02801866048599999,0.013177220513669999,0.008405598145799999,0.8430785167191953,0.5377901363604783,-1,-1,instant_velocity,dbscan_kmeans_fallback,False
3600,248,12.0607031071,5.47795838282,0.0005051162600000936,0.000405721658999969,0.0004924883560000026,0.00041526805140000176,0.0004923895913715586,0.0004123349476353111,0.7796290257733097,0.6262169856524085,1,1,instant_velocity,dbscan_kmeans_fallback,False
3600,249,12.6487426234,4.88655939913,0.0012417441500000236,-0.00021479381999993662,0.0012417441480000236,-0.00021002062379999131,0.0012416302592816602,-0.00021286772685731337,0.9853591421421212,-0.1704449779067312,1,1,instant_velocity,dbscan_kmeans_fallback,False
3600,256,8.37019740981,5.38416508154,-0.00016837208700000162,0.0004057216599999691,0.0005345813786000165,0.00022434021180000485,0.0006033783571907808,0.00022921326700796432,-0.3832899528920342,0.9236034233433514,-1,-1,instant_velocity,dbscan_kmeans_fallback,False
3600,259,13.8591274688,10.8203579994,0.01201755776000013,0.011646598230000116,0.011996511248000026,0.01338881476400001,0.012560068002117236,0.013131418795274036,0.7181027376489781,0.6959362493016831,-1,-1,instant_velocity,dbscan_kmeans_fallback,False
3600,260,14.8649402277,9.41679971729,0.007829302070000033,0.027278815107000122,0.012838371686000017,0.027379052223,0.012118305871079673,0.025559435125797385,0.2758725761669044,0.9611938498559888,5,5,instant_velocity,dbscan_kmeans_fallback,False
3600,262,3.77784871778,5.96935891043,0.059624765557000005,-0.0010023711589999707,0.046024510173,-0.003016659868399998,0.046729196500625514,-0.002580228062824221,0.9998585519966732,-0.016808944508852248,-1,-1,instant_velocity,dbscan_kmeans_fallback,False
3600,329,6.29606375445,8.97169919083,-0.007303139303999995,-0.01377067044300002,-0.0024456045737999864,-0.004887752698000014,-0.003146715199204941,-0.00617103936260628,-0.4685279182576269,-0.8834479649233646,6,6,instant_velocity,dbscan_kmeans_fallback,False
3600,331,5.80104981661,9.53231106035,-0.000399883708000015,-0.0010501031189999565,-0.00041251161479999966,-0.0010548763147999907,-0.0004126280730201467,-0.0010678274194653352,-0.35587125060178587,-0.9345254701382745,0,0,instant_velocity,dbscan_kmeans_fallback,False
3600,332,6.07065562204,9.30773218882,-0.01637418552899996,-0.023865979972000063,-0.011192534529799989,-0.017202598363600004,-0.010967098295587,-0.016485759275473254,-0.5657382866320294,-0.8245844408102453,6,6,instant_velocity,dbscan_kmeans_fallback,False
3600,334,2.63565456784,11.9055441087,-0.027192092164000002,0.005465309409999897,-0.0254452317538,0.0014462783859999816,-0.023967351281255135,0.001797044148655814,-0.9803934295924484,0.1970482228413235,-1,-1,instant_velocity,dbscan_kmeans_fallback,False
3600,358,12.4319635605,11.2320461539,0.0008418604399999197,-0.001336494879999961,0.0012164883339999832,-0.0017040309699999766,0.0013715756480924656,-0.0022972040417896214,0.5329747581273218,-0.8461236584610758,3,3,instant_velocity,dbscan_kmeans_fallback,False
3600,359,13.1871123738,6.0779491193,0.01502720882999995,-0.055679331272999996,0.01944276682799998,-0.056662609647999976,0.01713820697974444,-0.05536893504695037,0.26056543341220706,-0.9654560104526843,-1,-1,instant_velocity,dbscan_kmeans_fallback,False
3600,396,2.57882898824,7.43115018368,-0.023256394613999996,-0.03517845447800001,-0.019901580766199994,-0.014596433350399991,-0.0233989832923691,-0.017842472378799382,-0.5514797483016468,-0.8341879961690088,-1,-1,instant_velocity,dbscan_kmeans_fallback,False
3600,397,14.9640692944,10.9382559405,0.021046510969999942,0.022624949019999896,0.003729441744000006,0.031927908006399976,0.006031558358882003,0.030490721802346236,0.6811045333963829,0.7321857464807157,5,5,instant_velocity,dbscan_kmeans_fallback,False
3610,142,8.69220902753,8.9086930037,0.0,0.0015274227179999044,-0.002609767359400017,0.0005393711472000006,-0.002362577573391059,0.00042086655934390067,0.0,0.9999934530667819,0,0,instant_velocity,dbscan_kmeans_fallback,False
3610,155,14.1074762982,5.59967488068,0.006882209079999946,0.0022672680980000415,0.004634441713999991,0.001684938186,0.004992081976521832,0.002704076364131054,0.9497857821407903,0.3128964811661677,1,1,instant_velocity,dbscan_kmeans_fallback,False
3610,156,4.39177544256,9.54734662774,-0.014016976300999939,0.02033381493600004,-0.012766813549799992,0.016725278764000002,-0.012459292348989091,0.01795194012134903,-0.5675586258200027,0.823332494464669,2,2,instant_velocity,dbscan_kmeans_fallback,False
3610,158,4.48438009079,8.68912598797,-0.009997092707000022,0.012529639485000032,-0.002879162699600002,0.015527206569400001,-0.005451445578437079,0.015455138123949887,-0.6236815391406595,0.7816777405105625,2,2,instant_velocity,dbscan_kmeans_fallback,False
3610,159,9.83166713105,10.9034116097,-0.007576743945999986,0.03019046465999988,0.0008502790430000217,0.03230499048899997,0.0027001218721295693,0.030728254265995802,-0.24341618225795417,0.9699216049145432,-1,-1,instant_velocity,dbscan_kmeans_fallback,False
3610,160,12.1394170581,10.6676157276,-0.00044197672999999325,-0.0008353093000000201,-0.000446186032,-0.000844855690000017,-0.0010340667506419574,-0.0004969522791026231,-0.4676795687787128,-0.8838861114268705,3,3,instant_velocity,dbscan_kmeans_fallback,False
3610,161,5.04379635218,6.56409913132,-0.04838592870199996,0.014701443662000014,-0.040148324312,0.028672588337599992,-0.04396155983462342,0.025121330809319848,-0.9568096847584985,0.2907143471889513,-1,-1,instant_velocity,dbscan_kmeans_fallback,False
3610,162,5.27930680985,9.73183065292,0.010186511305999967,0.01615726844099985,0.018937650564199996,0.012481907525199993,0.018030464418689805,0.011989310482132828,0.5333159030731116,0.8459155397718016,-1,-1,instant_velocity,dbscan_kmeans_fallback,False
3610,163,5.210484719,7.74116926351,0.04358732420400004,0.002553659856999957,0.038485649946200004,0.001193298998600003,0.03789778732839928,0.0010123221953836233,0.9982879461559638,0.058486908760310395,-1,-1,instant_velocity,dbscan_kmeans_fallback,False
3610,164,4.29348823636,7.92350535049,0.03274837105800001,-0.017231237538999977,0.025449441056,-0.014119113751000008,0.027375421587827117,-0.012917868787369016,0.8849708503151823,-0.4656458457083021,-1,-1,instant_velocity,dbscan_kmeans_fallback,False
3610,165,2.46917666613,8.35595690757,0.023740464366000014,0.0053221135340001165,0.0211812086328,0.0038471959714000193,0.02110564643977181,0.0035843855641837204,0.9757806229273042,0.21874952315313387,4,4,instant_velocity,dbscan_kmeans_fallback,False
3610,166,2.19451969807,7.79558369784,0.024876975958,0.014104794163000011,0.022002022560400004,0.005078680537799993,0.021893640357796795,0.007508167214549992,0.8699042479331864,0.4932199307235799,4,4,instant_velocity,dbscan_kmeans_fallback,False
3610,167,1.21333135699,6.14071664663,0.0439240683787,0.027994794506999997,0.0439240683787,0.027994794506999997,0.022401274873179,0.01428235705416,0.8432861997934021,0.5374644186022903,-1,-1,instant_velocity,dbscan_kmeans_fallback,False
3610,248,12.0655438046,5.48225425922,0.00048406975000006016,0.0004295876400000509,0.0004882790540000315,0.0004152680516000018,0.000489893638960109,0.000417510755344733,0.7479319589442169,0.6637521248196591,1,1,instant_velocity,dbscan_kmeans_fallback,False
3610,249,12.6611600649,4.88441146094,0.0012417441500000236,-0.00021479381900002537,0.0012417441480000236,-0.00021479381960000764,0.0012416644264971691,-0.00021344555450012695,0.985359142275383,-0.17044497713632462,1,1,instant_velocity,dbscan_kmeans_fallback,False
3610,256,8.36830322382,5.38822229813,-0.0001894185990000352,0.000405721658999969,5.472092839998055e-05,0.000348443307599986,0.00036553927033353595,0.00028216578460556576,-0.42302607407191706,0.9060928624684319,-1,-1,instant_velocity,dbscan_kmeans_fallback,False
3610,259,13.9643600237,10.9098554243,0.010523255489999883,0.008949742489999935,0.011807092649999972,0.011417484818000005,0.01194902424848203,0.011876915903691805,0.7617610120559337,0.6478570156641154,-1,-1,instant_velocity,dbscan_kmeans_fallback,False
3610,260,14.9430227834,9.68958786837,0.00780825557,0.027278815107999854,0.010830534542000017,0.02733609345919998,0.01082529078075577,0.026075249120458124,0.275187212879795,0.9613902917157875,5,5,instant_velocity,dbscan_kmeans_fallback,False
3610,262,4.43281613893,5.99227025121,0.06549674211499998,0.0022911340779999457,0.0518922774292,-0.0016610722060000072,0.05235946018493785,-0.0011188194205769709,0.9993885772441073,0.03495949802308509,-1,-1,instant_velocity,dbscan_kmeans_fallback,False
3610,329,6.22324282652,8.83399248639,-0.00728209279300005,-0.013770670443999933,-0.0037883719731999933,-0.0073554950271999785,-0.004387328477343474,-0.008450928687024377,-0.467473092921069,-0.884006574352005,6,6,instant_velocity,dbscan_kmeans_fallback,False
3610,331,5.79684051442,9.52181002917,-0.00042093021899995974,-0.0010501031180000452,-0.00041251161479999966,-0.0010548763146000083,-0.00041511871681409063,-0.0010625101290257482,-0.37206468406176096,-0.9281972811531365,0,0,instant_velocity,dbscan_kmeans_fallback,False
3610,332,5.9233300453,9.12468012244,-0.014732557674000012,-0.018305206638000015,-0.012691046110399996,-0.01847226849720002,-0.012096736109110905,-0.01703159348423128,-0.6269858598535949,-0.7790300895260669,6,6,instant_velocity,dbscan_kmeans_fallback,False
3610,334,2.32816504268,11.9788126672,-0.030748952516000027,0.007326855850000058,-0.025731464302800003,0.0034223815280000026,-0.026001831651678603,0.0034559876590590875,-0.972765427456821,0.23179040193746972,-1,-1,instant_velocity,dbscan_kmeans_fallback,False
3610,358,12.44059263,11.2184425453,0.0008629069499999531,-0.0013603608600000427,0.0008502790440000041,-0.00135081446600001,0.0012189750386647118,-0.002016151087252748,0.5356445436293663,-0.8444362072017321,3,3,instant_velocity,dbscan_kmeans_fallback,False
3610,359,13.4085216691,5.48917539341,0.022140929530000086,-0.058877372589000034,0.020663464462000007,-0.05775567153060001,0.018639023744821133,-0.056421466309565266,0.3519861782623637,-0.936005027957437,-1,-1,instant_velocity,dbscan_kmeans_fallback,False
3610,396,2.22335341808,7.20108213675,-0.03554755701600003,-0.02300680469299996,-0.020196231919800002,-0.01965124790839999,-0.02704355540945838,-0.019391772073059556,-0.8395113112409563,-0.5433417763868134,-1,-1,instant_velocity,dbscan_kmeans_fallback,False
3610,397,15.174534404,11.1642667708,0.02104651095999994,0.02260108302999999,0.00854488345,0.029302650208999984,0.010536044139217386,0.02812383017064236,0.6814898230715731,0.7318271472461044,5,5,instant_velocity,dbscan_kmeans_fallback,False
3620,142,8.69220902753,8.92372857109,0.0,0.0015035567390000893,-0.0007450464881999963,0.0012314845666000097,-0.001653804301373741,0.0007456736132407573,0.0,0.9999933491479024,0,0,instant_velocity,dbscan_kmeans_fallback,False
3620,155,14.2042902486,5.62998467524,0.009681395039999962,0.0030309794559999935,0.005754116095999997,0.0019856495336,0.006398875895565271,0.002802147291691736,0.954323337373649,0.2987724824790222,1,1,instant_velocity,dbscan_kmeans_fallback,False
3620,156,4.28759521329,9.76572034447,-0.010418022926999981,0.02183737167299995,-0.012463743791999988,0.018228835501999968,-0.011846911522392358,0.019117569586844307,-0.4305826670460077,0.90255068568398,2,2,instant_velocity,dbscan_kmeans_fallback,False
3620,158,4.38440916372,8.81442238282,-0.009997092707000022,0.012529639485000032,-0.005514185872200006,0.01441982509879999,-0.006815139717005961,0.014577488532264931,-0.6236815391406595,0.7816777405105625,2,2,instant_velocity,dbscan_kmeans_fallback,False
3620,159,9.66939853153,11.1828822352,-0.016226859952000083,0.027947062550000012,-0.004116697544200001,0.031087825511199974,-0.002977972675109327,0.029893896751197066,-0.5021245619186601,0.8647949499374638,-1,-1,instant_velocity,dbscan_kmeans_fallback,False
3620,160,12.1347868257,10.6590239748,-0.0004630232400000267,-0.0008591752799999242,-0.00045039533400000666,-0.000849628887999998,-0.0008627536974493782,-0.0006056191793718135,-0.4744050227559839,-0.8802950544333787,3,3,instant_velocity,dbscan_kmeans_fallback,False
3620,161,4.52226381052,6.66791614419,-0.05215325416600001,0.010381701287000045,-0.043322138165399995,0.022519938700800015,-0.0464190681340364,0.020699441952623906,-0.98075711306686,0.1952309121603867,-1,-1,instant_velocity,dbscan_kmeans_fallback,False
3620,162,5.38117192291,9.89364199712,0.010186511306000057,0.01618113442000002,0.0145010460532,0.01168001059799998,0.01567727848488288,0.013246857663492985,0.5327526775694568,0.8462703696493852,-1,-1,instant_velocity,dbscan_kmeans_fallback,False
3620,163,5.64046493796,7.80250483203,0.042998021895999994,0.006133556852000055,0.041213277766800005,0.002744587696600007,0.0394278576986795,0.002548692592368553,0.9899783118960744,0.14121785120599903,4,4,instant_velocity,dbscan_kmeans_fallback,False
3620,164,4.71441845561,7.87577339054,0.042093021924999974,-0.004773195995000012,0.029835533940399995,-0.01706417567960001,0.031790701688978976,-0.010474466949658316,0.9936317449344356,-0.112674235503369,4,4,instant_velocity,dbscan_kmeans_fallback,False
3620,165,2.71058014687,8.4120419605,0.024140348073999986,0.0056085052929999435,0.021799976054999996,0.003890154735399989,0.022016056930040263,0.004191621482828587,0.9740568325728655,0.22630174529469707,5,5,instant_velocity,dbscan_kmeans_fallback,False
3620,166,2.43297666727,7.85190741057,0.023845696920000003,0.005632371273000025,0.022692348119800004,0.006205154792399998,0.022479257326457756,0.0069454284320850015,0.9732196928429855,0.22987521223123636,5,5,instant_velocity,dbscan_kmeans_fallback,False
3620,167,1.57617320599,6.39083211673,0.0362841849,0.02501154701000008,0.0362841849,0.02501154701000008,0.0265661478812253,0.017501114040912022,0.8233401457711779,0.5675478398627644,-1,-1,instant_velocity,dbscan_kmeans_fallback,False
3620,168,0.407670917345,6.00873777739,0.0,0.0,0.0,0.0,0.0,0.0,0.0,0.0,-1,-1,instant_velocity,dbscan_kmeans_fallback,False
3620,248,12.0703845021,5.48631147581,0.0004840697499998825,0.000405721658999969,0.0004882790539999959,0.00041526805140000176,0.0004881464722720411,0.0004139740264413038,0.7663916544008935,0.642348945513197,1,1,instant_velocity,dbscan_kmeans_fallback,False
3620,249,12.6735775063,4.88250218254,0.0012417441399998452,-0.0001909278400000325,0.0012417441459999878,-0.00021002062380000907,0.0012416883405479719,-0.0002066902401500986,0.9883769520664565,-0.1519706600458672,1,1,instant_velocity,dbscan_kmeans_fallback,False
3620,256,8.36661950294,5.39251817453,-0.00016837208799991288,0.0004295876400000509,-0.0001809999943999685,0.0004104948556000032,0.00020536586283350126,0.0003263923412239113,-0.36490369408197537,0.9310219920065221,-1,-1,instant_velocity,dbscan_kmeans_fallback,False
3620,259,14.0695925785,10.9993528492,0.01052325548000006,0.008949742489999935,0.011487185683999996,0.010682412635999974,0.01152129361793744,0.010998763879584244,0.7617610117521109,0.6478570160213546,-1,-1,instant_velocity,dbscan_kmeans_fallback,False
3620,262,5.11261844302,6.02902386036,0.06798023040899999,0.003675360914999981,0.058252533041999996,-3.34123720000079e-05,0.0570456912521565,0.0003194346800961149,0.9985415297298725,0.05398629113630643,-1,-1,instant_velocity,dbscan_kmeans_fallback,False
3620,329,6.00667422871,8.71108268954,-0.021656859781000026,-0.012290979685000102,-0.008010302072400001,-0.009527299204600014,-0.00956818786844044,-0.009602943986417095,-0.8696985216287091,-0.49358249393068243,0,0,instant_velocity,dbscan_kmeans_fallback,False
3620,331,5.79284167733,9.51130899798,-0.00039988370900001513,-0.0010501031189999565,-0.00041251161499999967,-0.0010548763147999907,-0.000410548214469868,-0.0010587880260180108,-0.3558712513790164,-0.9345254698423049,0,0,instant_velocity,dbscan_kmeans_fallback,False
3620,332,5.81430911851,9.07169764691,-0.010902092679000042,-0.005298247552999946,-0.013271929812999995,-0.016901887015600005,-0.011738343080077646,-0.013511589704861882,-0.8994118994085931,-0.43710020043763687,0,0,instant_velocity,dbscan_kmeans_fallback,False
3620,333,7.35428232564,11.9084080263,0.0,0.0,0.0,0.0,0.0,0.0,0.0,0.0,6,6,instant_velocity,dbscan_kmeans_fallback,False
3620,334,2.02046505241,12.0523198855,-0.03076999902699997,0.007350721829999962,-0.026472301488599994,0.005093000125999971,-0.027432281864275012,0.00462440791034135,-0.972630907598572,0.2323542239550915,-1,-1,instant_velocity,dbscan_kmeans_fallback,False
3620,335,9.35727877395,12.3315518512,0.0,0.0,0.0,0.0,0.0,0.0,0.0,0.0,6,6,instant_velocity,dbscan_kmeans_fallback,False
3620,358,12.4490112343,11.2050775965,0.0008418604300000964,-0.001336494879999961,0.000850279042000004,-0.0013460412719999938,0.0011058406560653271,-0.0018122542250769117,0.5329747535948706,-0.8461236613160494,3,3,instant_velocity,dbscan_kmeans_fallback,False
3620,359,13.6476100337,4.89252589413,0.02390883645999988,-0.05966494992799998,0.020436162146,-0.057870228234399995,0.020219967559374757,-0.057394511395095674,0.3719653286919299,-0.9282464560116097,-1,-1,instant_velocity,dbscan_kmeans_fallback,False
3620,396,1.74496622391,7.09249192788,-0.047838719417,-0.010859020886999993,-0.026960580543000004,-0.019980598431999983,-0.03328210461172087,-0.016831946717241687,-0.9751917222974048,-0.22136101071079003,-1,-1,instant_velocity,dbscan_kmeans_fallback,False
3630,142,8.69220902753,8.93876413847,0.0,0.0015035567380000004,0.0,0.001508329934199999,-0.0011576630109616187,0.0009730385506685302,0.0,0.999993349147898,0,0,instant_velocity,dbscan_kmeans_fallback,False
3630,155,14.3013146642,5.6602944698,0.009702441559999997,0.0030309794559999935,0.006882209085999982,0.0022815876852000016,0.0073899455948956885,0.002870796940984213,0.9545079816974908,0.2981820673922321,1,1,instant_velocity,dbscan_kmeans_fallback,False
3630,156,4.26781149299,10.0191770518,-0.001978372030000042,0.02534567073300007,-0.010476953157000004,0.020434052051999992,-0.008886349674674663,0.020985999930691036,-0.07781888598546016,0.9969671179572354,2,2,instant_velocity,dbscan_kmeans_fallback,False
3630,158,4.30569521272,9.00344094419,-0.007871395100000012,0.018901856137000017,-0.0077282788253999965,0.014582113762400014,-0.007132016331904176,0.015874798813685455,-0.384432988895323,0.9231523710982708,2,2,instant_velocity,dbscan_kmeans_fallback,False
3630,159,9.50691946689,11.4625915204,-0.01624790646399994,0.027970928520000094,-0.007580953248799993,0.03019523785899999,-0.0069589528117765115,0.029317006281837973,-0.5022907669321621,0.8646984255629936,-1,-1,instant_velocity,dbscan_kmeans_fallback,False
3630,160,12.1303670584,10.6506708818,-0.00044197672999999325,-0.0008353093000000201,-0.00045039533400000666,-0.0008448556920000172,-0.0007365206072145628,-0.0006745262155602755,-0.4676795687787128,-0.8838861114268705,3,3,instant_velocity,dbscan_kmeans_fallback,False
3630,161,4.04429754656,6.71875068153,-0.047796626396,0.00508345373400001,-0.04549413809679999,0.015961567404800016,-0.04683233561262548,0.01601464548703674,-0.9943915373156303,0.10575941765312936,-1,-1,instant_velocity,dbscan_kmeans_fallback,False
3630,162,5.48303703596,10.0552146815,0.010186511304999969,0.016157268438000118,0.011234627551800002,0.011775474517400006,0.014030048330918006,0.014119980895845126,0.5333159031064999,0.8459155397507515,2,2,instant_velocity,dbscan_kmeans_fallback,False
3630,163,6.06139515722,7.91730019569,0.04209302192599997,0.011479536365999988,0.042168789364599994,0.0048209279541999986,0.04022740696687564,0.0052279457244579835,0.9647658034295432,0.26310926653383854,-1,-1,instant_velocity,dbscan_kmeans_fallback,False
3630,164,5.13534867486,7.8280414306,0.042093021925000064,-0.0047731959940000126,0.03393960357820001,-0.014744402426400018,0.0348813977597853,-0.008764085662960825,0.9936317449370785,-0.11267423548006283,-1,-1,instant_velocity,dbscan_kmeans_fallback,False
3630,165,2.95198362761,8.46812701343,0.024140348074000027,0.0056085052929999435,0.022523976032200004,0.0043292887667999835,0.022653344273228192,0.004616686625879995,0.9740568325728657,0.22630174529469674,4,4,instant_velocity,dbscan_kmeans_fallback,False
3630,166,2.66448828786,7.85190741057,0.023151162058999964,0.0,0.0232479760092,0.006205154792399998,0.02268082874622042,0.0048617999024595,0.999999568056426,0.0,4,4,instant_velocity,dbscan_kmeans_fallback,False
3630,167,1.88787203334,6.62066150385,0.031169882735000008,0.022982938711999967,0.031169882735000008,0.022982938711999967,0.027947268337357712,0.019145661442238407,0.8048625175804145,0.5934608760130344,-1,-1,instant_velocity,dbscan_kmeans_fallback,False
3630,168,0.690325559572,5.9951341688,0.028265464222700005,-0.0013603608590000427,0.028265464222700005,-0.0013603608590000427,0.008479639266810004,-0.0004081082577000129,0.9988435019232498,-0.048072361153427653,-1,-1,instant_velocity,dbscan_kmeans_fallback,False
3630,248,12.0752251997,5.49060735221,0.000484069760000061,0.0004295876399999621,0.0004882790559999961,0.00041526805159998405,0.0004869234585904471,0.0004186581105089013,0.7479319657517899,0.6637521171489899,1,1,instant_velocity,dbscan_kmeans_fallback,False
3630,249,12.6859949478,4.88035424434,0.0012417441500000236,-0.00021479381999993662,0.001241744147999988,-0.00021002062379999131,0.0012417050833835874,-0.00020912131410505,0.9853591421421212,-0.1704449779067312,1,1,instant_velocity,dbscan_kmeans_fallback,False
3630,256,8.36472531696,5.39657539112,-0.00018941859800012396,0.000405721658999969,-0.00018099999420002178,0.0004104948554000032,8.693052458341368e-05,0.0003501911365567286,-0.42302607223845085,0.9060928633243959,-1,-1,instant_velocity,dbscan_kmeans_fallback,False
3630,259,14.1748251333,11.0888502741,0.01052325548000006,0.008949742490000112,0.01115465081,0.01008576313599999,0.011221882176556225,0.010384057462709005,0.7617610117521046,0.6478570160213621,-1,-1,instant_velocity,dbscan_kmeans_fallback,False
3630,262,5.79115795646,6.0772331399,0.06785395134400005,0.004820927953999998,0.0641203002986,0.0017565361257999967,0.060288169279709564,0.00166988266226728,0.9974854173684509,0.07086993811045222,-1,-1,instant_velocity,dbscan_kmeans_fallback,False
3630,278,14.7517099988,8.14402700542,0.0,0.0,0.0,0.0,0.0,0.0,0.0,0.0,-1,-1,instant_velocity,dbscan_kmeans_fallback,False
3630,329,5.75411609716,8.59175278968,-0.025255813154999984,-0.011932989986000031,-0.012947813544199995,-0.011627505442200032,-0.014274475454408304,-0.010301957786291976,-0.9041566030640632,-0.4272003290459597,0,0,instant_velocity,dbscan_kmeans_fallback,False
3630,331,5.78863237514,9.50080796679,-0.0004209302190000486,-0.0010501031190001341,-0.00041251161479999966,-0.00105010311880001,-0.0004136628158289222,-0.0010561825539126479,-0.3720646837565407,-0.9281972812754906,0,0,instant_velocity,dbscan_kmeans_fallback,False
3630,332,5.70507772662,9.01871517137,-0.010923139188999986,-0.005298247554000035,-0.013861232119999994,-0.015326732337600006,-0.011493781912754348,-0.011047587059603327,-0.8997428601802719,-0.43641853552317006,0,0,instant_velocity,dbscan_kmeans_fallback,False
3630,333,7.29408930429,11.7857368892,-0.006019302134999993,-0.012267113709999933,-0.006019302134999993,-0.012267113709999933,-0.0018057906404999981,-0.0036801341129999807,-0.44051154419185495,-0.8977461310253954,-1,-1,instant_velocity,dbscan_kmeans_fallback,False
3630,334,1.80999994278,12.0523198855,-0.02104651096300001,0.0,-0.0263165573076,0.004563175370000003,-0.025516550593892514,0.0032370855372389445,-0.9999995248620891,0.0,-1,-1,instant_velocity,dbscan_kmeans_fallback,False
3630,335,9.39937179588,12.3076858712,0.004209302193000042,-0.0023865980000000063,0.004209302193000042,-0.0023865980000000063,0.0012627906579000129,-0.000715979400000002,0.86990275412885,-0.49321908430592687,-1,-1,instant_velocity,dbscan_kmeans_fallback,False
3630,358,12.4574298387,11.1917126478,0.0008418604399999197,-0.0013364948700001378,0.0008460697399999972,-0.0013460412700000291,0.001026646591245705,-0.0016695264185538794,0.5329747609822952,-0.846123656662683,3,3,instant_velocity,dbscan_kmeans_fallback,False
3630,359,14.0453890909,4.23048360972,0.039777905720000103,-0.066204228441,0.023378464377999997,-0.0592926406408,0.026087349007562363,-0.060037426508866974,0.5150227116536135,-0.8571763806427718,-1,-1,instant_velocity,dbscan_kmeans_fallback,False
3630,396,1.21269996166,6.94953470786,-0.05322662622499998,-0.014295722002000045,-0.035248696560199994,-0.020739536595000007,-0.039265461095704605,-0.016071079302669194,-0.9657726580308573,-0.25938930222590484,-1,-1,instant_velocity,dbscan_kmeans_fallback,False
3640,142,8.69220902753,8.95379970585,0.0,0.0015035567380000004,0.0,0.001508329934199999,-0.000810364107673133,0.0011321940068679712,0.0,0.999993349147898,-1,-1,instant_velocity,dbscan_kmeans_fallback,False
3640,155,14.3981286146,5.69060426437,0.009681395039999962,0.003030979456999994,0.008001883467999989,0.0025822990330000017,0.00807738042842697,0.0029188516957889474,0.9543233373455433,0.298772482568796,0,0,instant_velocity,dbscan_kmeans_fallback,False
3640,156,4.24802777268,10.2728724189,-0.001978372030999953,0.025369536710000064,-0.008485953220199995,0.022644041797400014,-0.00681395638157225,0.022301060964483744,-0.07774612191128161,0.9969727952995135,1,1,instant_velocity,dbscan_kmeans_fallback,False
3640,158,4.27644056248,9.34162188038,-0.0029254650239999513,0.03381809361899997,-0.008157627649199988,0.018061773642200015,-0.005870050939532908,0.02125778725527981,-0.08618401809624221,0.9962789397684336,1,1,instant_velocity,dbscan_kmeans_fallback,False
3640,159,9.34465086737,11.7420621459,-0.016226859952000083,0.027947062550000012,-0.011040999651000014,0.029297877012000022,-0.009739324953843583,0.028906023162286583,-0.5021245619186601,0.8647949499374638,-1,-1,instant_velocity,dbscan_kmeans_fallback,False
3640,160,12.1259472911,10.642079129,-0.00044197672999999325,-0.0008591752799999242,-0.000446186032,-0.000849628887999998,-0.0006481574440501919,-0.0007299209348921702,-0.45743753258996345,-0.8892301188468956,2,2,instant_velocity,dbscan_kmeans_fallback,False
3640,161,3.6317859317,6.69011150557,-0.04125116148600001,-0.002863917596000043,-0.045830882272,0.010424660051599997,-0.04515798337463785,0.010351076562125703,-0.9975984270417264,-0.06925961805745516,-1,-1,instant_velocity,dbscan_kmeans_fallback,False
3640,162,5.55627889411,10.0769327233,0.007324185815000028,0.002171804179999981,0.0101402089816,0.011169278626600025,0.012018289576142612,0.010535527881091583,0.9587371125152577,0.2842895198285928,-1,-1,instant_velocity,dbscan_kmeans_fallback,False
3640,163,6.48232537647,8.03233421916,0.042093021925000064,0.011503402346999892,0.042875952133000016,0.006849536251799986,0.040787091454312974,0.007110582711220556,0.9646268380527834,0.2636182940870063,3,3,instant_velocity,dbscan_kmeans_fallback,False
3640,164,5.49882191919,7.92565328868,0.03634732443299997,0.009761185808000051,0.03678088255820001,-0.007269577499400004,0.0353211757617497,-0.0032065042216725616,0.965779611571515,0.25936308614695996,3,3,instant_velocity,dbscan_kmeans_fallback,False
3640,165,3.16792083008,8.47695742602,0.02159372024699997,0.0008830412590000947,0.022784952768,0.0039951650472000114,0.022335457065359728,0.0034965930158160244,0.9991644486473558,0.040859260126993424,4,4,instant_velocity,dbscan_kmeans_fallback,False
3640,166,2.89599990845,7.85190741057,0.02315116205900001,0.0,0.023799394596599997,0.006205154792399998,0.022821928740054294,0.00340325993172165,0.999999568056426,0.0,4,4,instant_velocity,dbscan_kmeans_fallback,False
3640,167,2.19978132581,6.85049089097,0.031190929247,0.022982938711999967,0.03729862672792,0.025398175885400002,0.0289203666102504,0.020296844623166877,0.8050537961811183,0.593201373097057,-1,-1,instant_velocity,dbscan_kmeans_fallback,False
3640,168,0.972980201799,5.98153056022,0.028265464222699998,-0.0013603608579999538,0.028265464222699998,-0.0013603608579999538,0.014415386753577002,-0.0006937840377899952,0.9988435019249469,-0.048072361118168254,-1,-1,instant_velocity,dbscan_kmeans_fallback,False
3640,248,12.0802763623,5.4946645688,0.0005051162599999159,0.00040572165900005787,0.0004924883560000026,0.00041526805140000176,0.0004923812990132877,0.00041477717505624827,0.7796290257731352,0.6262169856526256,0,0,instant_velocity,dbscan_kmeans_fallback,False
3640,249,12.6984123893,4.87820630614,0.0012417441500000236,-0.00021479382000002544,0.001241744147999988,-0.00021002062379999131,0.0012417168033685183,-0.00021082306587354263,0.9853591421421093,-0.17044497790679963,0,0,instant_velocity,dbscan_kmeans_fallback,False
3640,256,8.36283113097,5.40063260772,-0.0001894185990000352,0.0004057216600000579,-0.00018099999420002178,0.0004104948556000032,4.0257875083789995e-06,0.0003668502935897274,-0.4230260732158009,0.9060928628681753,-1,-1,instant_velocity,dbscan_kmeans_fallback,False
3640,259,14.2783739672,11.1750064618,0.010354883389999969,0.008615618770000033,0.01078844152000002,0.009422288894000026,0.010961782540589347,0.009853525854896314,0.7687115666197522,0.6395944360398333,-1,-1,instant_velocity,dbscan_kmeans_fallback,False
3640,262,6.45622770287,6.22997541172,0.06650697464099994,0.015274227182000022,0.0654925328132,0.005011855793999995,0.06215381088809668,0.005751186018187104,0.9746266270702829,0.2238362006369275,-1,-1,instant_velocity,dbscan_kmeans_fallback,False
3640,278,14.6559483739,8.11514916966,-0.009576162489999974,-0.002887783575999947,-0.009576162489999974,-0.002887783575999947,-0.0028728487469999926,-0.0008663350727999842,-0.9574133847395552,-0.28871718193802426,-1,-1,instant_velocity,dbscan_kmeans_fallback,False
3640,329,5.50155796561,8.47242288983,-0.025255813154999984,-0.011932989984999942,-0.01735074363760001,-0.012739660108600006,-0.01756887676458581,-0.010791267445904366,-0.9041566030778924,-0.42720032901669064,5,5,instant_velocity,dbscan_kmeans_fallback,False
3640,331,5.62636377562,9.45880384204,-0.016226859951999996,-0.004200412474999915,-0.0035736975614000066,-0.0016801649900000015,-0.005157621956680245,-0.001999451530238828,-0.9680911994053373,-0.2505957630095044,5,5,instant_velocity,dbscan_kmeans_fallback,False
3640,332,5.52365680212,8.95833424204,-0.018142092450000025,-0.006038092932999994,-0.014214813504200006,-0.01176115493000001,-0.013488275073928052,-0.009544738821622326,-0.9488281664135424,-0.3157911724925062,5,5,instant_velocity,dbscan_kmeans_fallback,False
3640,333,7.23389628294,11.6630657522,-0.006019302134999993,-0.01226711370000011,-0.006019302134999993,-0.01226711370000011,-0.0030698440888499968,-0.006256227989100019,-0.4405115444812657,-0.8977461308833851,-1,-1,instant_velocity,dbscan_kmeans_fallback,False
3640,334,1.59953483315,12.0523198855,-0.02104651096300001,0.0,-0.026160813126600003,0.004028577417999984,-0.024175538704624765,0.002265959876067261,-0.9999995248620891,0.0,-1,-1,instant_velocity,dbscan_kmeans_fallback,False
3640,335,9.4414648178,12.2838198913,0.004209302191999953,-0.0023865979900000054,0.004209302191999953,-0.0023865979900000054,0.0021467441181299953,-0.0012171649770000032,0.869902754965262,-0.4932190828307213,-1,-1,instant_velocity,dbscan_kmeans_fallback,False
3640,358,12.4660589082,11.1781090392,0.0008629069500001307,-0.001360360859999865,0.000850279042000004,-0.0013460412699999936,0.0009775246988720327,-0.0015767767509876753,0.5356445436294947,-0.8444362072016505,2,2,instant_velocity,dbscan_kmeans_fallback,False
3640,359,14.548611168,3.52500524177,0.050322207710000025,-0.07054783679500001,0.03023541765000001,-0.0621947438052,0.03335780661829366,-0.06319054959470688,0.5807099616973838,-0.8141103792415015,-1,-1,instant_velocity,dbscan_kmeans_fallback,False
3640,396,0.554996494083,6.72567181572,-0.06577034675770001,-0.022386289213999967,-0.04512792880594001,-0.021145258254799994,-0.04721692679430323,-0.017965642276068425,-0.946665646932366,-0.3222171085589609,-1,-1,instant_velocity,dbscan_kmeans_fallback,False
3650,142,8.69220902753,8.96883527323,0.0,0.0015035567380000004,0.0,0.001508329934199999,-0.0005672548753711931,0.0012436028262075801,0.0,0.999993349147898,-1,-1,instant_velocity,dbscan_kmeans_fallback,False
3650,155,14.494942565,5.72091405893,0.009681395040000141,0.0030309794559999935,0.009125767152000001,0.0028782371846000033,0.00855858481189892,0.002952490023852261,0.9543233373736505,0.2987724824790171,0,0,instant_velocity,dbscan_kmeans_fallback,False
3650,156,4.22950684303,10.5320569614,-0.0018520929650000183,0.02591845424999999,-0.006048767250799987,0.023760969660400023,-0.00532539735660058,0.023386278950138617,-0.07127668905672664,0.9974561964864578,1,1,instant_velocity,dbscan_kmeans_fallback,False
3650,158,4.24739637735,9.67956415678,-0.002904418513000007,0.03379422763999997,-0.006739092810200003,0.022314691273200005,-0.004980361211573038,0.025018719370695858,-0.08562853216611067,0.9963268363523881,1,1,instant_velocity,dbscan_kmeans_fallback,False
3650,160,12.1215275238,10.633726036,-0.00044197672999999325,-0.0008353093000000201,-0.000446186032,-0.0008448556919999817,-0.0005863032298351323,-0.0007615374444245251,-0.4676795687787128,-0.8838861114268705,2,2,instant_velocity,dbscan_kmeans_fallback,False
3650,161,3.21927431683,6.6614723296,-0.04125116148700001,-0.002863917597000043,-0.046167626447399995,0.004887752697999997,-0.0439859368083465,0.006386578314387978,-0.9975984270401715,-0.06925961807985176,-1,-1,instant_velocity,dbscan_kmeans_fallback,False
3650,162,5.62636377562,10.0831378781,0.00700848815099997,0.0006205154799999946,0.008978441576599999,0.010257598191799992,0.01051534914859982,0.0075610241607641055,0.9961020151378922,0.088192589719091,-1,-1,instant_velocity,dbscan_kmeans_fallback,False
3650,163,6.77003118132,8.13042339684,0.028770580484999985,0.009808917768000035,0.03990839408720001,0.008295814637999985,0.03718213816351908,0.007920083228254401,0.9465021867983434,0.3226963780719548,3,3,instant_velocity,dbscan_kmeans_fallback,False
3650,164,5.86250562862,8.02326514677,0.03636837094300001,0.009761185808999873,0.0379300220568,-0.001451051582200016,0.0356353343161248,0.0006838027875291693,0.9658171998149782,0.2592230803985604,3,3,instant_velocity,dbscan_kmeans_fallback,False
3650,165,3.35797082408,8.43853319827,0.01900499940000002,-0.0038424227750001095,0.022523976032200004,0.002715948520799998,0.021336319765751816,0.001294888278571184,0.9801671814815159,-0.1981697879681195,4,4,instant_velocity,dbscan_kmeans_fallback,False
3650,166,3.12751152904,7.85190741057,0.02315116205900001,0.0,0.023635231810999996,0.003947433087200008,0.02292069873573801,0.002382281952205155,0.999999568056426,0.0,4,4,instant_velocity,dbscan_kmeans_fallback,False
3650,167,2.51505806003,7.08819605149,0.03152767342199998,0.023770516052,0.034819347736539996,0.024548546998600002,0.029702558653775274,0.021338946051816812,0.7984805667256036,0.6020201641430536,-1,-1,instant_velocity,dbscan_kmeans_fallback,False
3650,168,1.25563484403,5.96792695163,0.0282654642231,-0.0013603608590000427,0.0282654642231,-0.0013603608590000427,0.0185704099944339,-0.0008937570841530094,0.9988435019232825,-0.04807236115274894,4,4,instant_velocity,dbscan_kmeans_fallback,False
3650,248,12.0851170598,5.4989604452,0.00048406975000006016,0.0004295876399999621,0.0004882790539999959,0.0004200412476000004,0.0004898878343093195,0.0004192203145393624,0.7479319589442849,0.6637521248195822,0,0,instant_velocity,dbscan_kmeans_fallback,False
3650,249,12.7108298307,4.87605836795,0.0012417441400000228,-0.00021479381900002537,0.0012417441459999878,-0.00021002062360000906,0.0012417250043579697,-0.00021201429181148747,0.9853591420447864,-0.17044497846906229,0,0,instant_velocity,dbscan_kmeans_fallback,False
3650,256,8.36114741009,5.40468982431,-0.00016837208799991288,0.000405721658999969,-0.00018099999440000404,0.0004104948554000032,-4.769357514410857e-05,0.0003785117032127999,-0.38328995563976315,0.9236034222030298,-1,-1,instant_velocity,dbscan_kmeans_fallback,False
3650,259,14.3671902435,11.2334781127,0.008881627629999934,0.005847165089999962,0.01016125549399998,0.008262402265999995,0.010337736067412524,0.008651617625427408,0.8352440092864297,0.5498777719789691,2,2,instant_velocity,dbscan_kmeans_fallback,False
3650,262,7.12129744929,6.38271768354,0.06650697464200003,0.015274227182000022,0.0668689746302,0.008267175462199993,0.06345976001426769,0.00860809836733098,0.9746266270710172,0.22383620063373028,-1,-1,instant_velocity,dbscan_kmeans_fallback,False
3650,278,14.5603972141,8.08627133389,-0.00955511597999994,-0.002887783577000036,-0.00955511597999994,-0.002887783577000036,-0.004877528916899977,-0.00147276962406,-0.957237449473943,-0.2892999511116632,0,0,instant_velocity,dbscan_kmeans_fallback,False
3650,279,14.7388716271,7.40203368811,0.0,0.0,0.0,0.0,0.0,0.0,0.0,0.0,0,0,instant_velocity,dbscan_kmeans_fallback,False
3650,329,5.3131916925,8.41967907409,-0.018836627310999977,-0.005274381573999953,-0.019657441239000005,-0.011040402334799993,-0.01794920192851006,-0.009136201684333042,-0.9629618559256345,-0.2696357572670654,5,5,instant_velocity,dbscan_kmeans_fallback,False
3650,331,5.4247382006,9.4091626037,-0.020162557501999957,-0.004964123833999956,-0.007526232320199995,-0.0024629691330000014,-0.00965910262027616,-0.002888853221367166,-0.9710028668401108,-0.23906582652945482,5,5,instant_velocity,dbscan_kmeans_fallback,False
3650,332,5.29424983263,8.89341877652,-0.022940696948999938,-0.006491546551999861,-0.0155281157882,-0.00828626824599997,-0.01632400163644962,-0.008628781140735587,-0.9622177696328992,-0.2722794978121072,5,5,instant_velocity,dbscan_kmeans_fallback,False
3650,333,7.1739137267,11.5401559553,-0.005998255623999959,-0.012290979690000014,-0.005998255623999959,-0.012290979690000014,-0.003948367549394986,-0.008066653499370018,-0.4385801643274559,-0.8986912579412379,-1,-1,instant_velocity,dbscan_kmeans_fallback,False
3650,334,1.39264763039,12.0582863805,-0.020688720275999994,0.0005966495000000905,-0.024860138749,0.003054845436000022,-0.02312949317603733,0.0017651667632471097,-0.9995839218598669,0.02882736289289367,-1,-1,instant_velocity,dbscan_kmeans_fallback,False
3650,335,9.48355783973,12.2599539113,0.004209302193000042,-0.0023865980000000063,0.004209302193000042,-0.0023865980000000063,0.0027655115405910095,-0.0015679948839000043,0.86990275412885,-0.49321908430592687,2,2,instant_velocity,dbscan_kmeans_fallback,False
3650,358,12.4744775126,11.1647440904,0.0008418604399999197,-0.0013364948800001387,0.000850279042000004,-0.0013460412700000291,0.0009368254212103989,-0.0015046921896914142,0.532974758127271,-0.8461236584611078,2,2,instant_velocity,dbscan_kmeans_fallback,False
3650,359,15.0518332451,2.81928821401,0.050322207709999844,-0.070571702776,0.03729441742599999,-0.0651732181058,0.038447126945805515,-0.06540489554909482,0.5805797803100883,-0.8142032227583891,-1,-1,instant_velocity,dbscan_kmeans_fallback,False
3660,142,8.69220902753,8.98410950041,0.0,0.0015274227179999044,0.0,0.001508329934199999,-0.00039707841275983514,0.0013287487937452774,0.0,0.9999934530667819,-1,-1,instant_velocity,dbscan_kmeans_fallback,False
3660,155,14.5919669806,5.75122385349,0.009702441559999997,0.0030309794559999935,0.009689813648000012,0.0030309794561999936,0.008901741836329243,0.0029760368534965807,0.9545079816974908,0.2981820673922321,0,0,instant_velocity,dbscan_kmeans_fallback,False
3660,156,4.22171963398,10.8413600618,-0.0007787209049999966,0.03093031003999993,-0.003401116171599998,0.0258802686812,-0.003961394421120405,0.02564948827709701,-0.025168644240175054,0.9996828961912564,1,1,instant_velocity,dbscan_kmeans_fallback,False
3660,158,4.21814172711,10.017745093,-0.00292546502400004,0.033818093622000056,-0.005324767273600007,0.02657238210060001,-0.004363892355301139,0.027658531646087114,-0.08618401808865601,0.99627893976909,1,1,instant_velocity,dbscan_kmeans_fallback,False
3660,160,12.1168972914,10.625372943,-0.00046302323999984906,-0.0008353093000000201,-0.0004503953339999711,-0.0008448556919999817,-0.0005493192328845473,-0.0007836690010971736,-0.48480753499738694,-0.8746088915397303,2,2,instant_velocity,dbscan_kmeans_fallback,False
3660,161,2.88652897851,6.73569552731,-0.033274533832000006,0.00742231977100003,-0.04314534747340001,0.0034319279197999996,-0.04077251591544255,0.006697300751371593,-0.9760126692937608,0.2177123853521517,-1,-1,instant_velocity,dbscan_kmeans_fallback,False
3660,162,5.69665912223,10.0891043731,0.0070295346610000035,0.0005966494999999128,0.008347046247600005,0.007145474403600005,0.009469604802319875,0.0054717117625348475,0.9964158370731332,0.08457330956486184,-1,-1,instant_velocity,dbscan_kmeans_fallback,False
3660,163,7.00049047636,8.22135278053,0.02304592950400002,0.009092938368999982,0.03580011514720001,0.00960367034039999,0.03294127556566336,0.008271939770478076,0.930211891615903,0.3670218378089807,3,3,instant_velocity,dbscan_kmeans_fallback,False
3660,164,6.10348817914,8.08865793189,0.024098255052000007,0.006539278512000024,0.036199998855600005,0.0033030516279999845,0.03217421053688736,0.0024404455048704257,0.9650978589115689,0.26188799467594126,3,3,instant_velocity,dbscan_kmeans_fallback,False
3660,165,3.54802081807,8.40010897051,0.019004999398999977,-0.0038424227759998432,0.021576883038799996,0.0008830412588000058,0.020636923655726266,-0.0002463050378001243,0.9801671814694752,-0.19816978802767327,4,4,instant_velocity,dbscan_kmeans_fallback,False
3660,166,3.42595105448,7.79367441944,0.029843952544000008,-0.005823299112999969,0.0246286271282,-3.818556799998873e-05,0.024997674878216608,-7.939236735638269e-05,0.981489719926114,-0.1915131116442351,4,4,instant_velocity,dbscan_kmeans_fallback,False
3660,167,2.83075572446,7.3268558512,0.031569766443000004,0.02386597997100006,0.0323484873494,0.023722784091400016,0.030262720990542693,0.022097056227571785,0.797705847453124,0.6030463295456913,-1,-1,instant_velocity,dbscan_kmeans_fallback,False
3660,168,1.54313018377,5.93260530128,0.028749533973999996,-0.003532165035000023,0.028749533973999996,-0.003532165035000023,0.02162414718830373,-0.0016852794694071135,0.9925367604764705,-0.12194297286619324,4,4,instant_velocity,dbscan_kmeans_fallback,False
3660,248,12.0899577573,5.50301766179,0.00048406975000006016,0.00040572165900005787,0.0004882790539999959,0.00041526805140000176,0.00048814240901654167,0.00041517071787757105,0.7663916544009404,0.6423489455131413,0,0,instant_velocity,dbscan_kmeans_fallback,False
3660,249,12.7232472722,4.87391042975,0.0012417441500000236,-0.00021479381999993662,0.0012417441459999878,-0.00021002062379999131,0.0012417307480505858,-0.00021284815026802222,0.9853591421421212,-0.1704449779067312,0,0,instant_velocity,dbscan_kmeans_fallback,False
3660,256,8.35925322411,5.40874704091,-0.0001894185979999463,0.0004057216599999691,-0.00018099999419998625,0.0004104948556000032,-9.02110820008599e-05,0.00038667469024895065,-0.423026071382085,0.9060928637242559,-1,-1,instant_velocity,dbscan_kmeans_fallback,False
3660,259,14.4562169848,11.2917111038,0.008902674129999965,0.005823299110000057,0.009837139221999998,0.007637113590000019,0.009907217486188755,0.0078031220707992024,0.836868929296144,0.5474016031581912,2,2,instant_velocity,dbscan_kmeans_fallback,False
3660,262,7.82025207836,6.50515016079,0.06989546290700002,0.012243247725000028,0.0677487187886,0.01025759819160001,0.06539047088208738,0.009698643174631694,0.9850026974445287,0.17253812383577255,-1,-1,instant_velocity,dbscan_kmeans_fallback,False
3660,278,14.4646355892,8.05739349813,-0.009576162489999974,-0.002887783575999947,-0.009576162489999974,-0.002887783575999947,-0.006287118988829976,-0.0018972738096419842,-0.9574133847395552,-0.28871718193802426,5,5,instant_velocity,dbscan_kmeans_fallback,False
3660,279,14.5494530284,7.4139666781,-0.018941859869999966,0.0011932989990000031,-0.018941859869999966,0.0011932989990000031,-0.005682557960999991,0.000357989699700001,-0.9980209882527284,0.0628733109861707,5,5,instant_velocity,dbscan_kmeans_fallback,False
3660,329,5.14103123282,8.38340278453,-0.01721604596800006,-0.0036276289559999952,-0.021644231874000008,-0.009011794037200005,-0.01772925514035706,-0.007483629865833128,-0.97851256835476,-0.2061844243080868,6,6,instant_velocity,dbscan_kmeans_fallback,False
3660,331,5.15134402319,9.33851930299,-0.027339417741000016,-0.007064330070999958,-0.012909929824600007,-0.003665814523599984,-0.014963197156493316,-0.004141496276257004,-0.9681998487764403,-0.2501766267023227,6,6,instant_velocity,dbscan_kmeans_fallback,False
3660,332,5.06463239803,8.8282646512,-0.022961743460000062,-0.00651541253200012,-0.01717395294540001,-0.005928309424799991,-0.018315324183514753,-0.007994770558114947,-0.9620209233846219,-0.2729741838282203,6,6,instant_velocity,dbscan_kmeans_fallback,False
3660,333,7.11435210067,11.3833564669,-0.00595616260300007,-0.015679948839999902,-0.00595616260300007,-0.015679948839999902,-0.004550706065476511,-0.010350642101558984,-0.35510199833002104,-0.9348269243005412,-1,-1,instant_velocity,dbscan_kmeans_fallback,False
3660,334,1.19965112487,12.0881188555,-0.019299650552000003,0.002983247499999919,-0.0225702783562,0.0021861237659999942,-0.021980540388826134,0.0021305909842729526,-0.9882626581363492,0.1527609060218459,-1,-1,instant_velocity,dbscan_kmeans_fallback,False
3660,335,9.51723225727,12.2358492715,0.0033674417540000335,-0.0024104639800000883,0.0033674417540000335,-0.0024104639800000883,0.002946090604613717,-0.0018207356127300294,0.8131430876319348,-0.5820596959084966,2,2,instant_velocity,dbscan_kmeans_fallback,False
3660,358,12.482896117,11.1511404818,0.0008418604399999197,-0.001360360859999865,0.0008460697399999972,-0.0013460412699999936,0.0009083359268472551,-0.0014613927907839495,0.5262303397435452,-0.8503347152547264,2,2,instant_velocity,dbscan_kmeans_fallback,False
3670,142,8.69220902753,8.9991450678,0.0,0.0015035567390000893,0.0,0.001508329934199999,-0.00027795488893188455,0.001381191177321721,0.0,0.9999933491479024,-1,-1,instant_velocity,dbscan_kmeans_fallback,False
3670,155,14.6746797686,5.77532849327,0.008271278800000026,0.0024104639779999994,0.009407790400000025,0.002906876360599995,0.008712602925430479,0.002806364990847606,0.9600610231428437,0.2797865443693714,0,0,instant_velocity,dbscan_kmeans_fallback,False
3670,156,4.21393242492,11.1506631622,-0.0007787209059999967,0.03093031004000011,-0.0014732557674000013,0.02769885635460003,-0.0030065923665842822,0.02723373480596794,-0.025168644272474932,0.9996828961904433,1,1,instant_velocity,dbscan_kmeans_fallback,False
3670,158,4.20488242521,10.3451863382,-0.0013259301899999798,0.03274412451999993,-0.003590534770199998,0.03061527910759999,-0.003452503705710791,0.02918420950826096,-0.0404605116473198,0.9991808328331125,1,1,instant_velocity,dbscan_kmeans_fallback,False
3670,160,12.1124775241,10.6167811903,-0.0004419767300001709,-0.0008591752700001009,-0.000446186032,-0.000844855690000017,-0.0005171164820192344,-0.0008063208817680519,-0.4574375368000417,-0.889230116681041,2,2,instant_velocity,dbscan_kmeans_fallback,False
3670,161,2.56283363991,6.82137439541,-0.03236953385999999,0.008567886810000046,-0.039188603412200006,0.0030691650244000003,-0.03825162129880978,0.007258476568960129,-0.9667087748442726,0.2558779930820898,-1,-1,instant_velocity,dbscan_kmeans_fallback,False
3670,162,5.76674400374,10.0953095279,0.007008488151000058,0.0006205154799999946,0.007711441616600006,0.0040333506156,0.00873126980692393,0.004016352877774391,0.9961020151378922,0.0881925897190899,-1,-1,instant_velocity,dbscan_kmeans_fallback,False
3670,163,7.09793582212,8.35905948496,0.009744534575999974,0.01377067044300002,0.029149417683200004,0.011131093058599984,0.025982253268764344,0.009921558972234661,0.5776344301727995,0.8162948483995147,3,3,instant_velocity,dbscan_kmeans_fallback,False
3670,164,6.31395328877,8.14593628382,0.02104651096299994,0.005727835192999997,0.0319906966632,0.0054032578655999865,0.028835900664721137,0.003426662411309297,0.964904318892008,0.26259995898339394,3,3,instant_velocity,dbscan_kmeans_fallback,False
3670,165,3.7498568582,8.34378525778,0.02018360401299999,-0.005632371273000025,0.020785534226599997,-0.0013651340543999878,0.020500927762908384,-0.0018621249083600948,0.9631990837493036,-0.26878722184577597,4,4,instant_velocity,dbscan_kmeans_fallback,False
3670,166,3.76879871806,7.69630122116,0.03428476635800002,-0.009737319828000057,0.0267164410158,-0.0031121237882000053,0.02778380232215163,-0.0029767706055494852,0.9619547827079054,-0.2732076771792119,4,4,instant_velocity,dbscan_kmeans_fallback,False
3670,167,3.1201452502,7.44618575106,0.028938952574000032,0.011932989985999943,0.030879440884200006,0.02110707268659999,0.029865590465579895,0.019047836355100232,0.9244870376526072,0.38121264182888326,-1,-1,instant_velocity,dbscan_kmeans_fallback,False
3670,168,1.83104645374,5.89489705292,0.028791626996999997,-0.003770824835999953,0.028467510727900002,-0.002276814489400003,0.023774391130912613,-0.0023109430793849654,0.9915319350852702,-0.12986043640035388,-1,-1,instant_velocity,dbscan_kmeans_fallback,False
3670,248,12.0947984549,5.50731353819,0.00048406975999988334,0.0004295876399999621,0.0004882790559999961,0.0004200412476000004,0.0004869206143115442,0.0004194957945142883,0.747931965751669,0.6637521171491262,0,0,instant_velocity,dbscan_kmeans_fallback,False
3670,249,12.7356647137,4.87176249155,0.0012417441500000236,-0.00021479382000002544,0.0012417441480000236,-0.0002147938197999899,0.0012417347686354172,-0.0002134318511876232,0.9853591421421093,-0.17044497790679963,0,0,instant_velocity,dbscan_kmeans_fallback,False
3670,256,8.35756950323,5.4130429173,-0.00016837208800009052,0.00042958763900005084,-0.00018099999420002178,0.0004104948554000032,-0.00011365938380062909,0.0003995485748742807,-0.3649036948186108,0.9310219917177591,-1,-1,instant_velocity,dbscan_kmeans_fallback,False
3670,259,14.5450332611,11.3501827548,0.00888162763000011,0.005847165099999963,0.009508813652000007,0.007016598112000025,0.009599540529332162,0.0072163349795594306,0.8352440088545172,0.5498777726350291,2,2,instant_velocity,dbscan_kmeans_fallback,False
3670,262,8.54193693926,6.60753521487,0.0721684860899999,0.010238505407999999,0.0685863699248,0.011570227090200013,0.06742387544446114,0.009860601844642186,0.9900857962947284,0.14046295452430455,-1,-1,instant_velocity,dbscan_kmeans_fallback,False
3670,278,14.3589821042,8.04044865235,-0.01056534849999995,-0.0016944845780001217,-0.01056534849999995,-0.0016944845780001217,-0.0075705878421809675,-0.0018364370401494252,-0.9873809026801716,-0.15835745618834984,5,5,instant_velocity,dbscan_kmeans_fallback,False
3670,279,14.3600344297,7.42589966808,-0.018941859869999966,0.0011932989979999142,-0.018941859869999966,0.0011932989979999142,-0.009660348533699984,0.000608582489189975,-0.9980209882560348,0.06287331093368566,5,5,instant_velocity,dbscan_kmeans_fallback,False
3670,329,4.96887077315,8.34736515478,-0.017216045966999972,-0.003603762975000002,-0.020756069111199996,-0.007274350695199985,-0.01757529238834993,-0.00631966979858319,-0.978785457009948,-0.20488507042802512,6,6,instant_velocity,dbscan_kmeans_fallback,False
3670,331,4.77061263988,9.23613424891,-0.03807313833099997,-0.010238505408000087,-0.020444580748999998,-0.00550349498140001,-0.021896179508845315,-0.0059705990157799295,-0.9656915923411262,-0.25969066444397715,6,6,instant_velocity,dbscan_kmeans_fallback,False
3670,332,4.84932659088,8.79007908325,-0.021530580715000004,-0.0038185567950000275,-0.019299650552600002,-0.0056323712732000075,-0.01927990114296033,-0.006741906429180471,-0.9846337079762965,-0.1746297411086322,6,6,instant_velocity,dbscan_kmeans_fallback,False
3670,333,7.05500093976,11.2119987307,-0.005935116090999948,-0.017135773620000093,-0.005985627717599993,-0.013928185912000011,-0.004966029073133542,-0.012386181557091317,-0.3272828343405129,-0.944925840199723,-1,-1,instant_velocity,dbscan_kmeans_fallback,False
3670,334,1.00665461934,12.1179513305,-0.019299650553,0.002983247500000097,-0.020276208661400005,0.0013126289000000213,-0.021176273438078295,0.002386387938991096,-0.9882626581375427,0.15276090601412426,-1,-1,instant_velocity,dbscan_kmeans_fallback,False
3670,335,9.53175434983,12.2115059719,0.0014522092560000032,-0.0024343299599999925,0.0034895115176000148,-0.00240091758600002,0.0024979262000296024,-0.0020048139169110187,0.5123162495228577,-0.8587927601036593,2,2,instant_velocity,dbscan_kmeans_fallback,False
3670,358,12.4915251865,11.137775533,0.0008629069500001307,-0.0013364948800001387,0.0008502790440000041,-0.0013460412700000291,0.0008947072337931178,-0.0014239234175488062,0.5424129005909035,-0.8401045610835061,2,2,instant_velocity,dbscan_kmeans_fallback,False
3680,142,8.69220902753,9.01418063518,0.0,0.0015035567380000004,0.0,0.001508329934199999,-0.00019456842225231918,0.001417900845525205,0.0,0.999993349147898,-1,-1,instant_velocity,dbscan_kmeans_fallback,False
3680,155,14.7005669771,5.77389653447,0.002588720849999859,-0.00014319587999995776,0.007985046257999997,0.0022720412934000046,0.006875438302801292,0.0019214967295933369,0.9984697593988052,-0.05523065797166419,0,0,instant_velocity,dbscan_kmeans_fallback,False
3680,156,4.14048010166,11.4318044063,-0.007345232326000062,0.028114124409999875,-0.002546627826600005,0.028252547089999993,-0.0043081843544090165,0.02749785168717752,-0.2527798664671986,0.9675234626747347,1,1,instant_velocity,dbscan_kmeans_fallback,False
3680,158,4.19877893703,10.6680930472,-0.0006103488179999949,0.03229067089999997,-0.0021383255137999947,0.03329304206019998,-0.0025998572393975523,0.03011614792578266,-0.018898326055162708,0.9998211010022121,1,1,instant_velocity,dbscan_kmeans_fallback,False
3680,160,12.1080577568,10.6084280973,-0.00044197672999999325,-0.0008353093000000201,-0.000446186032,-0.000844855690000017,-0.000494574556413462,-0.0008150174072376424,-0.4676795687787128,-0.8838861114268705,2,2,instant_velocity,dbscan_kmeans_fallback,False
3680,161,2.2389278362,6.90705326351,-0.032390580371000025,0.008567886809999958,-0.03610739420720001,0.00376605163959999,-0.03649330902046685,0.007651299641272077,-0.9667498909156798,0.25572260651313616,-1,-1,instant_velocity,dbscan_kmeans_fallback,False
3680,162,6.0239323677,10.1482920034,0.025718836395999922,0.005298247550000035,0.010817906634799996,0.0018615464379999835,0.013827539783646729,0.004400921279442084,0.9794326466949813,0.2017694945774774,3,3,instant_velocity,dbscan_kmeans_fallback,False
3680,163,7.10677535673,8.52803062316,0.0008839534609999866,0.016897113819999986,0.020907603990200006,0.012214608549399984,0.018452763326435036,0.01201422542656426,0.05224240363212155,0.9986338414283916,3,3,instant_velocity,dbscan_kmeans_fallback,False
3680,164,6.47769514405,8.23901360571,0.016374185528000053,0.009307732189000006,0.026846929383799997,0.00821944350219999,0.02509738612370481,0.00519098334461651,0.8693598965627656,0.49417841756012515,3,3,instant_velocity,dbscan_kmeans_fallback,False
3680,165,3.96958243265,8.26073164748,0.02197255744500004,-0.008305361030000036,0.0203519761008,-0.004147907318999984,0.02094241666753588,-0.0037950957448520777,0.9354066983929553,-0.3535724213933821,4,4,instant_velocity,dbscan_kmeans_fallback,False
3680,166,4.11185684675,7.59916668268,0.03430581286900001,-0.009713453847999976,0.02894737117780001,-0.0050548145578,0.029740405486206146,-0.004997775578284633,0.9621744509538623,-0.2724330468062012,4,4,instant_velocity,dbscan_kmeans_fallback,False
3680,167,3.38322663723,7.44618575106,0.026308138702999972,0.0,0.0299070920778,0.016510484944199995,0.028798354936805916,0.013333485448570163,0.9999996198896351,0.0,4,4,instant_velocity,dbscan_kmeans_fallback,False
3680,168,2.11896272371,5.85718880457,0.028791626997000018,-0.0037708248350000416,0.028572743282760004,-0.002758907284600003,0.025279561890738836,-0.002748907606069488,0.9915319350897042,-0.12986043636649935,4,4,instant_velocity,dbscan_kmeans_fallback,False
3680,248,12.0998496175,5.51137075478,0.0005051162600000936,0.000405721658999969,0.0004924883560000026,0.00041526805140000176,0.000492379308018109,0.0004153635538599925,0.7796290257733097,0.6262169856524085,0,0,instant_velocity,dbscan_kmeans_fallback,False
3680,249,12.7480821551,4.86961455335,0.0012417441400000228,-0.00021479382000002544,0.0012417441460000234,-0.00021479381980000768,0.0012417375800447988,-0.00021384044183134384,0.9853591419115126,-0.1704449792395373,0,0,instant_velocity,dbscan_kmeans_fallback,False
3680,256,8.35567531724,5.4171001339,-0.0001894185990000352,0.0004057216599999691,-0.00018099999440000404,0.0004104948556000032,-0.00013638714836045093,0.00040140050041198724,-0.4230260732158769,0.9060928628681397,-1,-1,instant_velocity,dbscan_kmeans_fallback,False
3680,259,14.6338495374,11.4084157459,0.008881627629999934,0.0058232991099998795,0.009180488081999982,0.006391309435999979,0.009384166659532494,0.006798424218691566,0.8362746232991229,0.5483091019402829,2,2,instant_velocity,dbscan_kmeans_fallback,False
3680,262,9.26341133506,6.70968160914,0.07214743958000014,0.010214639426999916,0.06944506757200002,0.012648969384799997,0.06884094468512283,0.009966813119349504,0.9901256072156259,0.14018205114448146,-1,-1,instant_velocity,dbscan_kmeans_fallback,False
3680,278,14.243436759,8.03591411615,-0.011554534520000104,-0.00045345361999995506,-0.010165464795999987,-0.0021622577854000014,-0.008765771845526708,-0.0014215420141045843,-0.999229953114498,-0.03921442604787427,5,5,instant_velocity,dbscan_kmeans_fallback,False
3680,279,14.1706158311,7.43783265807,-0.018941859860000142,0.0011932989990000031,-0.018941859860000142,0.0011932989990000031,-0.012444801931590033,0.0007839974421329835,-0.9980209882506453,0.06287331101923167,5,5,instant_velocity,dbscan_kmeans_fallback,False
3680,329,4.78092543025,8.3254084532,-0.018794534289999998,-0.0021956701580000625,-0.0194638133382,-0.005326886729599991,-0.01794106495884495,-0.0050824699064082515,-0.9932445089785168,-0.11603572050848378,6,6,instant_velocity,dbscan_kmeans_fallback,False
3680,331,4.41787311615,9.12539610184,-0.03527395237300004,-0.011073814707000019,-0.027415185179799996,-0.007508237298999987,-0.025909511368091734,-0.0075015637231459565,-0.9540884520609504,-0.2995240970019162,-1,-1,instant_velocity,dbscan_kmeans_fallback,False
3680,332,4.66790566638,8.81466104262,-0.018142092449999935,0.0024581959369999852,-0.020743441204799994,-0.004081082575000003,-0.01893855853507221,-0.003981875719326334,-0.990944260757205,0.13426980169461233,6,6,instant_velocity,dbscan_kmeans_fallback,False
3680,333,6.99543931373,11.0408796543,-0.005956162602999982,-0.017111907640000014,-0.0059729998111999905,-0.014897144698000027,-0.005263069132093474,-0.013803899381963927,-0.32872696122758505,-0.9444244179081084,-1,-1,instant_velocity,dbscan_kmeans_fallback,False
3680,334,0.957405783687,12.1726044246,-0.004924883565299987,0.005465309409999897,-0.01705188318186,0.0024056907820000006,-0.016300856476244803,0.0033100643802937363,-0.6694221726076922,0.7428803647244279,-1,-1,instant_velocity,dbscan_kmeans_fallback,False
3680,335,9.54606597729,12.1871626724,0.0014311627459999698,-0.0024343299499999917,0.0029338836282000002,-0.0024104639760000168,0.0021778971638207125,-0.0021336687268377107,0.506808884253287,-0.8620543326131839,2,2,instant_velocity,dbscan_kmeans_fallback,False
3680,358,12.4999437909,11.1241719244,0.0008418604399999197,-0.001360360859999865,0.0008502790440000041,-0.0013508144679999746,0.0008788531956551583,-0.001404854650284124,0.5262303397435452,-0.8503347152547264,2,2,instant_velocity,dbscan_kmeans_fallback,False
3690,142,8.69220902753,9.02921620256,0.0,0.0015035567380000004,0.0,0.001508329934199999,-0.00013619789557662342,0.0014435976132676435,0.0,0.999993349147898,-1,-1,instant_velocity,dbscan_kmeans_fallback,False
3690,155,14.7266646507,5.77246457567,0.0026097673600000704,-0.00014319588000004656,0.006570720722000018,0.0016372062259999965,0.005595737019960925,0.0013020889467153219,0.9984942549693888,-0.054786593512813585,0,0,instant_velocity,dbscan_kmeans_fallback,False
3690,156,3.96831964199,11.670464206,-0.017216045966999972,0.023865979970000062,-0.005594162613800009,0.027951835741999994,-0.008180542838186304,0.02640829017202428,-0.5850325464813192,0.811009395704718,-1,-1,instant_velocity,dbscan_kmeans_fallback,False
3690,158,4.19267544885,10.9909997562,-0.0006103488179999949,0.03229067090000015,-0.0016753022726000034,0.032987557516400014,-0.002003004712978285,0.03076850481804791,-0.018898326055162607,0.9998211010022123,-1,-1,instant_velocity,dbscan_kmeans_fallback,False
3690,160,12.1036379895,10.5998363445,-0.00044197672999999325,-0.0008591752799999242,-0.000446186032,-0.000844855690000017,-0.0004787952084894214,-0.0008282647690663269,-0.45743753258996345,-0.8892301188468956,1,1,instant_velocity,dbscan_kmeans_fallback,False
3690,161,1.91523249759,6.9927321316,-0.032369533860999986,0.008567886809000048,-0.034331068682200004,0.006052412520600008,-0.03525617647262679,0.007926275791590469,-0.9667087748536155,0.25587799304679315,-1,-1,instant_velocity,dbscan_kmeans_fallback,False
3690,162,6.28112073166,10.201274479,0.025718836396000012,0.005298247560000036,0.014496836750999992,0.0024868351139999945,0.017394928767352713,0.00467011916360947,0.9794326466197232,0.20176949494279614,-1,-1,instant_velocity,dbscan_kmeans_fallback,False
3690,163,7.11077419381,8.7423471233,0.000399883708000015,0.02143165001400007,0.012568976346799996,0.014200258082800019,0.013036899440904528,0.014839452802795004,0.01865530331382695,0.9998255080873157,2,2,instant_velocity,dbscan_kmeans_fallback,False
3690,164,6.53220560745,8.4158605173,0.005451046339999976,0.01768469115900011,0.020667673765199998,0.009804144572400001,0.019203484188593356,0.008939095688931592,0.2945596895213412,0.955632517531653,2,2,instant_velocity,dbscan_kmeans_fallback,False
3690,165,4.1893080071,8.16669968639,0.021972557444999995,-0.009403196108999978,0.020427743540400004,-0.006205154792599999,0.021251458900775115,-0.0054775258540964485,0.9193507651299733,-0.3934378398652683,3,3,instant_velocity,dbscan_kmeans_fallback,False
3690,166,4.5108986946,7.53377389755,0.03990418478499995,-0.006539278513000024,0.032297975723,-0.006362670260400005,0.032789539275844284,-0.005460226458699251,0.9868368595943389,-0.16171740148435387,3,3,instant_velocity,dbscan_kmeans_fallback,False
3690,167,3.65956732617,7.43711667867,0.027634068893999997,-0.0009069072389999988,0.029195720007199995,0.011732515754000002,0.028449069123964138,0.009061367642299114,0.9994615478934944,-0.032800776330247874,3,3,instant_velocity,dbscan_kmeans_fallback,False
3690,168,2.42350573734,5.82687901,0.030454301363,-0.003030979456999994,0.029010510710820007,-0.0030930310044000107,0.026831983732417186,-0.0028335291613486397,0.99508350485051,-0.09903617965985548,3,3,instant_velocity,dbscan_kmeans_fallback,False
3690,248,12.3227321686,5.52831560056,0.022288255109999967,0.0016944845780000328,0.004849116126000013,0.0006730206351999967,0.0070311420486126675,0.0007990998611020046,0.997122053274505,0.07580709810250275,0,0,instant_velocity,dbscan_kmeans_fallback,False
3690,249,12.9002484294,4.87534238855,0.015216627429999897,0.0005727835200000087,0.004036720801999998,-5.727835180000085e-05,0.005434204535031329,2.2146746718061964e-05,0.9992916375581425,0.03761528527265319,0,0,instant_velocity,dbscan_kmeans_fallback,False
3690,256,8.35378113126,5.42115735049,-0.0001894185979999463,0.000405721658999969,-0.00018099999419998625,0.0004104948553999854,-0.00015229658325229955,0.00040269684798838174,-0.42302607223812505,0.906092863324548,-1,-1,instant_velocity,dbscan_kmeans_fallback,False
3690,259,14.7207716276,11.4370549219,0.008692209019999985,0.0028639176000000433,0.008847953207999986,0.005240969201999981,0.009176579367672742,0.0056180722330841084,0.9497742042920061,0.31293254147930255,1,1,instant_velocity,dbscan_kmeans_fallback,False
3690,262,9.94195084849,6.71039758854,0.06785395134299996,7.159794000006769e-05,0.06971446291240001,0.009608443536400007,0.06854484668248598,0.006998248565544673,0.9999992959258737,0.0010551764218989278,-1,-1,instant_velocity,dbscan_kmeans_fallback,False
3690,278,14.1278914138,8.03114092016,-0.011554534519999927,-0.0004773195989999479,-0.010561139201999978,-0.0016801649900000015,-0.009602400647868674,-0.0011382752895731933,-0.9991469621468696,-0.04127491475216632,0,0,instant_velocity,dbscan_kmeans_fallback,False
3690,279,13.968779791,7.44379915306,-0.020183604009999988,0.0005966494990000016,-0.020183604009999988,0.0005966494990000016,-0.01476644255511302,0.0007277930591930889,-0.9995628618718816,0.029548175858948904,0,0,instant_velocity,dbscan_kmeans_fallback,False
3690,280,14.7733879051,7.05239708153,0.0,0.0,0.0,0.0,0.0,0.0,0.0,0.0,0,0,instant_velocity,dbscan_kmeans_fallback,False
3690,329,4.57719520414,8.31777133961,-0.020373022611000026,-0.0007637113590000411,-0.018487255229400007,-0.0030930310044000107,-0.018670652254491472,-0.003786842342185788,-0.9992976342326384,-0.03746007496566918,4,4,instant_velocity,dbscan_kmeans_fallback,False
3690,331,4.13079870662,8.995326511,-0.028707440952999975,-0.01300695908399998,-0.02991130137999999,-0.0092695466208,-0.026748890243564208,-0.009153182331402165,-0.9108660787532172,-0.41270128663657524,-1,-1,instant_velocity,dbscan_kmeans_fallback,False
3690,332,4.48648474189,8.83948166179,-0.018142092449000023,0.002482061917000067,-0.02074344120459999,-0.0023770516049999913,-0.018699618709250555,-0.0020426944284284137,-0.9907700168891181,0.13554955330202495,4,4,instant_velocity,dbscan_kmeans_fallback,False
3690,333,6.93608815282,10.8695219181,-0.005935116091000036,-0.017135773619999916,-0.005956162602399999,-0.015870876681999987,-0.0054646832197654425,-0.014803461653374723,-0.3272828343405203,-0.9449258401997205,-1,-1,instant_velocity,dbscan_kmeans_fallback,False
3690,334,0.94393601667,12.2337013333,-0.0013469767016999977,0.006109690870000151,-0.013111976329599997,0.003627628956000031,-0.01181469254388136,0.004149952327205661,-0.2152951137703255,0.9765473963269543,-1,-1,instant_velocity,dbscan_kmeans_fallback,False
3690,335,9.56037760474,12.1628193728,0.001431162744999881,-0.0024343299599999925,0.0023782557387999857,-0.0024200103700000144,0.0019538768381744632,-0.0022238670967863953,0.5068088824429372,-0.8620543336775154,1,1,instant_velocity,dbscan_kmeans_fallback,False
3690,358,12.5237263483,11.1115229551,0.002378255740000057,-0.0012648969300000702,0.0011533488019999894,-0.0013317216820000156,0.001328673958958628,-0.0013628673341989077,0.8828895385060987,-0.4695728251603069,1,1,instant_velocity,dbscan_kmeans_fallback,False
3690,360,14.3282541982,12.4119802037,0.0,0.0,0.0,0.0,0.0,0.0,0.0,0.0,1,1,instant_velocity,dbscan_kmeans_fallback,False
3700,142,8.69220902753,9.04449042974,0.0,0.0015274227179999044,0.0,0.0015131031301999797,-9.533852690363639e-05,0.0014687451446873218,0.0,0.9999934530667819,-1,-1,instant_velocity,dbscan_kmeans_fallback,False
3700,155,14.7525518592,5.77103261687,0.002588720850000037,-0.00014319587999995776,0.005152185883999998,0.001002371158800006,0.004693632168972659,0.0008685034987007379,0.9984697593988056,-0.05523065797166041,-1,-1,instant_velocity,dbscan_kmeans_fallback,False
3700,156,3.79594871721,11.9091240057,-0.017237092478000003,0.023865979970000062,-0.008671162516400006,0.027541340886000007,-0.010897507730130415,0.025645597111417014,-0.5855026638411293,0.8106700631471815,0,0,instant_velocity,dbscan_kmeans_fallback,False
3700,158,4.12301149756,11.2790621345,-0.0069663951289999915,0.028806237829999935,-0.0024876975958,0.03198995955440001,-0.0034920218377847974,0.030179824721633518,-0.23506019877794984,0.9719804669386692,0,0,instant_velocity,dbscan_kmeans_fallback,False
3700,160,12.187192638,10.5669012921,0.00835546485000016,-0.0032935052399999166,0.0013133022840000309,-0.0013364948779999964,0.0021714828090574536,-0.001567836910346404,0.9303329735314271,-0.36671287334425207,1,1,instant_velocity,dbscan_kmeans_fallback,False
3700,161,1.54165692801,6.93903367667,-0.037357556957999985,-0.005369845493000014,-0.033552347776399996,0.005551226941400014,-0.03588659061823875,0.0039374394062133234,-0.989826256217242,-0.14227948756865913,-1,-1,instant_velocity,dbscan_kmeans_fallback,False
3700,162,6.54546490935,10.2902945842,0.026434417768999997,0.008902010519999948,0.0183820226746,0.004143134121999985,0.0201067754678469,0.005939686570526613,0.9477046930063967,0.3191474546827294,-1,-1,instant_velocity,dbscan_kmeans_fallback,False
3700,163,7.09625210124,9.13732909183,-0.0014522092570000034,0.039498196853000066,0.0065244183983999985,0.020138113899800025,0.008690166831533168,0.022237076017856523,-0.03674163558331401,0.9993245449825179,-1,-1,instant_velocity,dbscan_kmeans_fallback,False
3700,164,6.58671607084,8.59270742888,0.005451046338999977,0.01768469115800002,0.014484208844399991,0.011388845642200031,0.015077752833715341,0.011562774329652121,0.29455968948720485,0.9556325175421749,-1,-1,instant_velocity,dbscan_kmeans_fallback,False
3700,165,4.40966497687,7.97362390843,0.02203569697700001,-0.019307577796000074,0.021033883055800003,-0.009298185796799991,0.021486730323642584,-0.009626541436667538,0.7521306704909733,-0.6590134838221576,-1,-1,instant_velocity,dbscan_kmeans_fallback,False
3700,166,4.91625449574,7.47172234963,0.04053558011399998,-0.006205154791999945,0.03577485933399999,-0.007603701218799994,0.03511335152729099,-0.005683704958689459,0.9884851143948454,-0.15131652555995764,2,2,instant_velocity,dbscan_kmeans_fallback,False
3700,167,4.05629405781,7.34523265578,0.039672673163999986,-0.009188402288999952,0.0308247199556,0.005140732085800011,0.031816150335974895,0.0035864366629093933,0.9742121847834028,-0.22563272788883418,2,2,instant_velocity,dbscan_kmeans_fallback,False
3700,168,2.87642665325,5.86315529956,0.045292091590999964,0.0036276289559999952,0.0324158361844,-0.0020954330414000035,0.03237001608999202,-0.0008951817261440489,0.9968075991733405,0.07983839966976918,-1,-1,instant_velocity,dbscan_kmeans_fallback,False
3700,169,0.13490813527,7.05024914334,0.0,0.0,0.0,0.0,0.0,0.0,0.0,0.0,-1,-1,instant_velocity,dbscan_kmeans_fallback,False
3700,248,12.6910461104,5.55385219913,0.03683139418000003,0.002553659856999957,0.012118581012000007,0.0010978350785999958,0.01597121768802888,0.0013254678598713903,0.9976047743977311,0.06916771200896697,3,3,instant_velocity,dbscan_kmeans_fallback,False
3700,249,13.1925844667,4.88846867753,0.029233603730000012,0.001312628897999968,0.009635092719999995,0.0002482061915999978,0.012574024293521936,0.0004092913921026338,0.9989931137810305,0.0448561608128479,3,3,instant_velocity,dbscan_kmeans_fallback,False
3700,256,8.35209741038,5.42521456709,-0.00016837208799991288,0.0004057216600000579,-0.00018099999419998625,0.0004104948556000032,-0.00015711923467658356,0.0004036042915918846,-0.38328995483379324,0.9236034225375543,-1,-1,instant_velocity,dbscan_kmeans_fallback,False
3700,259,14.8066413924,11.4458853345,0.008586976479999998,0.0008830412600000059,0.008789022978,0.00424814443599999,0.00899969850137092,0.0041975629411588776,0.9947529051158784,0.10229536097695144,1,1,instant_velocity,dbscan_kmeans_fallback,False
3700,262,10.6095461762,6.68581562917,0.066759532771,-0.0024581959369999852,0.0697649745382,0.006061958912600005,0.06800925250904019,0.004161315214781276,0.9993226221534413,-0.036796704643757866,-1,-1,instant_velocity,dbscan_kmeans_fallback,False
3700,278,14.0123460686,8.02636772416,-0.011554534520000104,-0.0004773196000000368,-0.010961022910000012,-0.0011980721946000016,-0.010188040809508102,-0.0009399885827012463,-0.9991469621433033,-0.04127491483849833,4,4,instant_velocity,dbscan_kmeans_fallback,False
3700,279,13.7378995657,7.43616203947,-0.023088022529999995,-0.0007637113589999522,-0.020019441228000014,0.0006825670271999939,-0.01726291654757911,0.0002803417337351765,-0.9994529306134088,-0.03306015293875631,4,4,instant_velocity,dbscan_kmeans_fallback,False
3700,280,14.5694472138,6.9927321316,-0.02039406912999997,-0.005966494992999926,-0.02039406912999997,-0.005966494992999926,-0.006118220738999992,-0.0017899484978999782,-0.9597686779420433,-0.2807902128249464,4,4,instant_velocity,dbscan_kmeans_fallback,False
3700,329,4.37367544313,8.30989556622,-0.02035197610099999,-0.0007875773389999452,-0.01879032498740001,-0.002195670157400009,-0.019175049408444028,-0.002887062841230035,-0.9992515882228163,-0.03866886944729294,5,5,instant_velocity,dbscan_kmeans_fallback,False
3700,331,3.85508941301,8.86812083775,-0.02757092936100003,-0.012720567324999977,-0.03139297575180001,-0.010820835319000004,-0.026995501978794953,-0.01022339782948151,-0.9080151781444187,-0.41893648394915683,-1,-1,instant_velocity,dbscan_kmeans_fallback,False
3700,332,4.31453474732,8.83828836279,-0.017194999457000027,-0.00011932990000005362,-0.01959430170620001,-0.00110260827460003,-0.018248232933575397,-0.0014656850698999057,-0.9999753389044034,-0.006939631344123397,5,5,instant_velocity,dbscan_kmeans_fallback,False
3700,333,6.85926838781,10.7614090289,-0.007681976500999976,-0.010811288920000096,-0.006292906777800002,-0.015574938528000005,-0.006129871204135802,-0.013605809833362334,-0.5792202845636237,-0.8151701380402371,-1,-1,instant_velocity,dbscan_kmeans_fallback,False
3700,334,0.930466249654,12.2945595822,-0.0013469767016,0.006085824889999892,-0.009243627614719998,0.004725464033999991,-0.008674377791196952,0.00473071409604393,-0.21610005241903565,0.9763695809881917,-1,-1,instant_velocity,dbscan_kmeans_fallback,False
3700,335,9.57468923219,12.1382374134,0.0014311627450000585,-0.0024581959399998963,0.0018226278491999892,-0.002434329957999992,0.0017970626102221418,-0.0022941657497504457,0.5031385889184846,-0.8642016715832308,1,1,instant_velocity,dbscan_kmeans_fallback,False
3700,358,12.5515077427,11.0988739857,0.0027781394399999824,-0.001264896940000071,0.001540604602000002,-0.0013174020940000019,0.0017635136032710342,-0.0013334762159392566,0.9101033811473659,-0.41437336273409975,1,1,instant_velocity,dbscan_kmeans_fallback,False
3700,360,14.162828622,12.1563755582,-0.016542557620000054,-0.025560464550000005,-0.016542557620000054,-0.025560464550000005,-0.004962767286000017,-0.0076681393650000025,-0.5433305872882883,-0.8395184429354844,-1,-1,instant_velocity,dbscan_kmeans_fallback,False
3710,142,8.69220902753,9.05952599712,0.0,0.0015035567380000004,0.0,0.001508329934199999,-6.673696883254547e-05,0.0014791886226811254,0.0,0.999993349147898,-1,-1,instant_velocity,dbscan_kmeans_fallback,False
3710,155,14.7786495328,5.76960065807,0.0026097673599998926,-0.00014319588000004656,0.003733651043999977,0.0003675360915999981,0.004068472726280829,0.0005649936850905025,0.9984942549693886,-0.054786593512817304,0,0,instant_velocity,dbscan_kmeans_fallback,False
3710,156,3.61999988556,12.1468291662,-0.017594883165,0.023770516049999912,-0.012034394968400006,0.026109382088000004,-0.01290672036059129,0.025083072792991882,-0.5949455179816356,0.8037656090942268,1,1,instant_velocity,dbscan_kmeans_fallback,False
3710,158,3.90560103932,11.4859801808,-0.02174104582400003,0.020691804630000022,-0.006250813755799997,0.029364701756000002,-0.008966729033649368,0.027333418694143467,-0.7243698208523895,0.6894111228264775,1,1,instant_velocity,dbscan_kmeans_fallback,False
3710,160,12.3294670521,10.5179760332,0.01422744140999992,-0.004892525890000066,0.004251395213999984,-0.0021479381960000056,0.005788270389340194,-0.0025652436042425024,0.945648307627156,-0.3251890972222696,2,2,instant_velocity,dbscan_kmeans_fallback,False
3710,161,1.16808135842,6.88533522173,-0.037357556959000005,-0.005369845494000014,-0.0343689524018,0.002992793888400005,-0.03632788052046712,0.0011452539361493218,-0.989826256214047,-0.1422794875908872,-1,-1,instant_velocity,dbscan_kmeans_fallback,False
3710,162,6.82601490048,10.4626069596,0.028054999113000002,0.017231237540000065,0.022587115564999996,0.007470051730000015,0.02249124256139283,0.009327151861368649,0.8521102359647967,0.5233617661877314,-1,-1,instant_velocity,dbscan_kmeans_fallback,False
3710,163,7.08173000868,9.53231106035,-0.0014522092560000032,0.03949819685199998,0.001624790646399994,0.026219165596400026,0.005647454005273216,0.02741541226809956,-0.03674163555897669,0.9993245449834127,-1,-1,instant_velocity,dbscan_kmeans_fallback,False
3710,164,6.62481025568,8.81585434162,0.003809418484000027,0.022314691273999897,0.010426441530799994,0.014543928194600007,0.011697252528800746,0.014788349412956453,0.16827892496054495,0.9857389714957685,-1,-1,instant_velocity,dbscan_kmeans_fallback,False
3710,165,4.63023241176,7.78030947066,0.022056743488999952,-0.01933144377699998,0.021644231873799998,-0.012395989997000019,0.021657734273249796,-0.01253801213876727,0.7520389788847773,-0.6591181171270308,-1,-1,instant_velocity,dbscan_kmeans_fallback,False
3710,166,5.32771378506,7.41730791529,0.041145928932000066,-0.005441443433999993,0.038035254611600004,-0.007527330082999999,0.03692312474870371,-0.005611026501282619,0.9913681273952424,-0.13110588890596933,3,3,instant_velocity,dbscan_kmeans_fallback,False
3710,167,4.45302078946,7.25334863289,0.039672673165000026,-0.009188402289000041,0.0324453013,-0.0014701443662000103,0.03417310718468243,-0.00024601502266343757,0.9742121847846525,-0.22563272788343822,3,3,instant_velocity,dbscan_kmeans_fallback,False
3710,168,3.32913710406,5.89919292932,0.045271045081000015,0.003603762976000002,0.035720138405799996,-0.0006682474391999982,0.03624032478729442,0.0004545016844991666,0.9968463494594895,0.07935310440735939,-1,-1,instant_velocity,dbscan_kmeans_fallback,False
3710,169,0.456919752997,7.17673883718,0.0322011617727,0.012648969383999998,0.0322011617727,0.012648969383999998,0.009660348531810001,0.0037946908152,0.9307658518278278,0.3656150311143172,-1,-1,instant_velocity,dbscan_kmeans_fallback,False
3710,248,13.0593600523,5.5796274575,0.03683139419000003,0.0025775258370000385,0.0193880459,0.0015321959141999918,0.02222927063862023,0.001701085253009985,0.9975599641762016,0.06981100330758319,4,4,instant_velocity,dbscan_kmeans_fallback,False
3710,249,13.5823658497,4.82570115021,0.038978138300000076,-0.006276752732000013,0.017182371550000006,-0.0009641855908000174,0.02049525849546538,-0.0015965218451281606,0.9872808313274917,-0.15898444424386643,4,4,instant_velocity,dbscan_kmeans_fallback,False
3710,256,8.35020322439,5.42927178368,-0.0001894185990000352,0.000405721658999969,-0.00018099999440000404,0.0004104948554000032,-0.00016680904397361904,0.0004042395018143099,-0.42302607407191706,0.9060928624684319,-1,-1,instant_velocity,dbscan_kmeans_fallback,False
3710,259,14.892300692,11.454715747,0.008565929959999963,0.0008830412500000051,0.008721674143999998,0.0032600928639999792,0.008869567938959632,0.003203206433811216,0.9947272959273837,0.10254405988685503,2,2,instant_velocity,dbscan_kmeans_fallback,False
3710,262,11.2773519691,6.66099501,0.06678057928999995,-0.002482061917000067,0.06914199781479999,0.003116896984199986,0.06764065054332813,0.0021683020752468725,0.9993098566586823,-0.037141770330026636,-1,-1,instant_velocity,dbscan_kmeans_fallback,False
3710,278,13.8968007235,8.02183318797,-0.011554534509999926,-0.00045345361900004375,-0.011356697314000002,-0.0007112062032000211,-0.01059798891965565,-0.0007940280935908855,-0.9992299531165556,-0.03921442599542239,5,5,instant_velocity,dbscan_kmeans_fallback,False
3710,279,13.5070193404,7.42852492588,-0.023088022529999995,-0.0007637113590000411,-0.02084867376000002,0.0002911649555999851,-0.019010448342305378,-3.287419408538883e-05,-0.9994529306134086,-0.033060152938760155,5,5,instant_velocity,dbscan_kmeans_fallback,False
3710,280,14.3655065226,6.93306718168,-0.02039406911999997,-0.005966494992000015,-0.02039406911999997,-0.005966494992000015,-0.010400975253299985,-0.0030429124461299893,-0.9597686779176201,-0.28079021290842643,5,5,instant_velocity,dbscan_kmeans_fallback,False
3710,282,14.8624146464,3.84576401258,0.0,0.0,0.0,0.0,0.0,0.0,0.0,0.0,0,0,instant_velocity,dbscan_kmeans_fallback,False
3710,329,4.16110568241,8.28483628725,-0.02125697607200001,-0.002505927896999971,-0.0195985110082,-0.0019713299456000045,-0.019799627407510824,-0.0027727223579610155,-0.9931224242855827,-0.11707653900178329,6,6,instant_velocity,dbscan_kmeans_fallback,False
3710,331,3.67956151158,8.76883836107,-0.017552790142999975,-0.00992824766800009,-0.029435650232199996,-0.011393618838400031,-0.02416268842805646,-0.010134852781037084,-0.8704114333015026,-0.4923240244128675,6,6,instant_velocity,dbscan_kmeans_fallback,False
3710,332,4.1566859151,8.79867083604,-0.015784883222,-0.003961752674999985,-0.018158929658599998,-0.0005918763032000029,-0.01750922802010278,-0.0022145053514299297,-0.969916930497523,-0.24343360288980773,6,6,instant_velocity,dbscan_kmeans_fallback,False
3710,333,6.77802885549,10.6692863462,-0.008123953232000058,-0.009212268269999945,-0.0067264649036,-0.014281402414000013,-0.006728095812495078,-0.012287747364353617,-0.6614142205646363,-0.7500197334265379,-1,-1,instant_velocity,dbscan_kmeans_fallback,False
3710,334,0.916996482638,12.3554178312,-0.0013469767016,0.006085824900000069,-0.005653092844639998,0.005345979514000021,-0.006476157464317866,0.005137247337230772,-0.21610005208052502,0.9763695810631169,-1,-1,instant_velocity,dbscan_kmeans_fallback,False
3710,335,9.58900085965,12.1138941139,0.0014311627459999698,-0.0024343299499999917,0.0014353720475999766,-0.0024391031519999727,0.0016872926509554902,-0.0023362150098253094,0.506808884253287,-0.8620543326131839,2,2,instant_velocity,dbscan_kmeans_fallback,False
3710,358,12.5790786721,11.0864636761,0.00275709293999995,-0.0012410309599999892,0.001923651102000008,-0.0012935361140000267,0.002061587404289709,-0.0013057426391574764,0.9118765096663448,-0.4104565949788707,2,2,instant_velocity,dbscan_kmeans_fallback,False
3710,360,13.9974030459,11.9005322529,-0.016542557609999876,-0.025584330530000088,-0.016542557609999876,-0.025584330530000088,-0.008436704383199975,-0.01304299671450003,-0.5429732242262295,-0.8397496182299112,-1,-1,instant_velocity,dbscan_kmeans_fallback,False
3710,361,13.6726553817,12.2399064881,0.0,0.0,0.0,0.0,0.0,0.0,0.0,0.0,2,2,instant_velocity,dbscan_kmeans_fallback,False
3720,142,8.69220902753,9.0745615645,0.0,0.0015035567380000004,0.0,0.0015083299339999812,-4.671587818278183e-05,0.0014864990572767878,0.0,0.999993349147898,-1,-1,instant_velocity,dbscan_kmeans_fallback,False
3720,155,14.8045367413,5.76816869927,0.002588720850000037,-0.00014319587999995776,0.002597139453999979,-0.00014319587999999327,0.003624547163396591,0.0003525368155633644,0.9984697593988056,-0.05523065797166041,0,0,instant_velocity,dbscan_kmeans_fallback,False
3720,156,3.40953477593,12.3766585533,-0.021046510962999986,0.022982938710000057,-0.016087952979800004,0.024519907821999993,-0.015348657541313898,0.024453032568094335,-0.6753549641161369,0.7374923936353486,1,1,instant_velocity,dbscan_kmeans_fallback,False
3720,158,3.68798011597,11.6926595674,-0.021762092335000018,0.02066793865999994,-0.010338046184800005,0.026949464584000004,-0.012805338024054563,0.02533377468390041,-0.7250998273549442,0.6886432850046319,1,1,instant_velocity,dbscan_kmeans_fallback,False
3720,160,12.4719519313,10.4688121144,0.014248487919999952,-0.0049163918799999705,0.007189488144000009,-0.0029593815179999794,0.008326335648538121,-0.0032705880869697427,0.9453085403415419,-0.32617546913917,0,0,instant_velocity,dbscan_kmeans_fallback,False
3720,161,0.794505788836,6.8316367668,-0.037357556958400005,-0.005369845493000014,-0.03536655702148,0.00020524742779999273,-0.03663678345184699,-0.000809275892595479,-0.9898262562174567,-0.14227948756716646,-1,-1,instant_velocity,dbscan_kmeans_fallback,False
3720,162,7.10677535673,10.634919335,0.028076045625000035,0.01723123753999989,0.026800627059799992,0.010792196141999994,0.024166683480474994,0.01169837756495802,0.8522851865894163,0.5230768142386982,-1,-1,instant_velocity,dbscan_kmeans_fallback,False
3720,163,7.10698582183,9.9120188017,0.002525581315000025,0.03797077413499998,0.000180999994200004,0.031059186334800017,0.004710892198191258,0.030582020828169687,0.06636715951925683,0.9977950062903399,-1,-1,instant_velocity,dbscan_kmeans_fallback,False
3720,164,6.65196025482,9.06978836851,0.0027149999139999713,0.025393402689000054,0.006760139321,0.018477041693800017,0.009002576744360512,0.017969865395769533,0.1063115727753523,0.9943324727433065,-1,-1,instant_velocity,dbscan_kmeans_fallback,False
3720,165,5.05873937496,7.82302957481,0.04285069632000003,0.004272010414999983,0.026177650335200003,-0.010415113659400017,0.02801562288727487,-0.007495005372637094,0.9950669393390394,0.09920343643271115,2,2,instant_velocity,dbscan_kmeans_fallback,False
3720,166,5.7637974922,7.39153265693,0.04360837071399999,-0.0025775258360000385,0.0398999754828,-0.006095371284599995,0.038928698538292596,-0.004700976301697845,0.9982575625594163,-0.05900322842497933,2,2,instant_velocity,dbscan_kmeans_fallback,False
3720,167,4.84722193979,7.19105842517,0.03942011503299998,-0.0062290207720000264,0.03454153379179999,-0.005102546517800004,0.0357472095391777,-0.0020409167474644144,0.9877442129108525,-0.1560796870961409,2,2,instant_velocity,dbscan_kmeans_fallback,False
3720,168,3.78205801997,5.93546921887,0.045292091591000005,0.0036276289549999952,0.0390202313246,0.0008114433189999915,0.03895585482840609,0.0014064398656494154,0.9968075991750922,0.07983839964790099,2,2,instant_velocity,dbscan_kmeans_fallback,False
3720,169,0.778720905614,7.30298987123,0.0321801152617,0.012625103405000004,0.0321801152617,0.012625103405000004,0.016416278550777,0.006443814592140001,0.9309193291226177,0.36522407382034344,-1,-1,instant_velocity,dbscan_kmeans_fallback,False
3720,248,13.4238856221,5.47175322803,0.03645255697999996,-0.010787422947000015,0.026581743344000017,-0.0007112062032000033,0.026496256541034147,-0.0020454672069930156,0.9588933506968865,-0.28376577645043266,3,3,instant_velocity,dbscan_kmeans_fallback,False
3720,249,14.0138193244,4.73023723032,0.04314534746999996,-0.009546391988999935,0.025563092213999994,-0.0028305052245999997,0.027290285187825756,-0.003981482888289693,0.9763851314379577,-0.21603616017738786,3,3,instant_velocity,dbscan_kmeans_fallback,False
3720,256,8.34851950352,5.43356766008,-0.00016837208700000162,0.0004295876399999621,-0.00018099999419998625,0.00041049485559998546,-0.00016727795688153383,0.00041184394327000557,-0.3649036922035469,0.9310219927427327,-1,-1,instant_velocity,dbscan_kmeans_fallback,False
3720,259,14.9781704567,11.4635461596,0.008586976469999997,0.0008830412600000059,0.008662743911999974,0.002267268095999988,0.008784790498271742,0.002507156881667853,0.9947529051037547,0.1022953610948332,0,0,instant_velocity,dbscan_kmeans_fallback,False
3720,262,11.945368227,6.62113882345,0.06680162578999997,-0.0039856186549999785,0.06806862575480001,0.0002720721715999908,0.06738894311732968,0.00032212585617281703,0.9982247221823487,-0.05955757854036716,-1,-1,instant_velocity,dbscan_kmeans_fallback,False
3720,278,13.6621321262,8.01896927037,-0.023466859730000067,-0.00028639175999991553,-0.013936999560000026,-0.0004295876395999798,-0.014458650162758975,-0.0006417371935135946,-0.9999251122942863,-0.012203179976909208,4,4,instant_velocity,dbscan_kmeans_fallback,False
3720,279,13.2742449292,7.42399038969,-0.023277441119999943,-0.00045345361899995495,-0.021715790010000013,-3.8185567799988716e-05,-0.020290546175613745,-0.0001590480215597587,-0.9998098817620306,-0.01947668589771997,4,4,instant_velocity,dbscan_kmeans_fallback,False
3720,280,14.1617762965,6.87340223175,-0.020373022610000114,-0.005966494993000016,-0.020373022610000114,-0.005966494993000016,-0.013392589460310023,-0.003919987210190998,-0.9596904738795945,-0.2810573824436737,4,4,instant_velocity,dbscan_kmeans_fallback,False
3720,281,14.7803332537,7.498690907,0.0,0.0,0.0,0.0,0.0,0.0,0.0,0.0,0,0,instant_velocity,dbscan_kmeans_fallback,False
3720,282,14.4052844283,3.81282896022,-0.04571302180999996,-0.003293505236000005,-0.04571302180999996,-0.003293505236000005,-0.01371390654299999,-0.0009880515708000017,-0.9974144278419801,-0.0718611351971683,-1,-1,instant_velocity,dbscan_kmeans_fallback,False
3720,329,3.93569755,8.23376309011,-0.02254081324099997,-0.005107319714000092,-0.020663464463,-0.0022720412934000224,-0.020621983157557568,-0.0034731015647727383,-0.9752780191141047,-0.22097945625991322,5,5,instant_velocity,dbscan_kmeans_fallback,False
3720,331,3.50424407527,8.66931722459,-0.01753174363100003,-0.009952113647999994,-0.02532737129220001,-0.01133634048640001,-0.02217340498893953,-0.010080031041125957,-0.8696500360730638,-0.4936677249650578,5,5,instant_velocity,dbscan_kmeans_fallback,False
3720,332,3.99883708289,8.75881464948,-0.015784883220999957,-0.003985618655999978,-0.01700979015979999,-0.0006252886753999931,-0.016991924580371933,-0.0027458393428009447,-0.9695698255809647,-0.2448124278796746,5,5,instant_velocity,dbscan_kmeans_fallback,False
3720,333,6.69657885807,10.5769250037,-0.008144999742000003,-0.009236134250000028,-0.007168441633800011,-0.01270147454,-0.007153166991346556,-0.01137226343004754,-0.6614142219110168,-0.7500197350441437,-1,-1,instant_velocity,dbscan_kmeans_fallback,False
3720,334,0.907104622486,12.4103095851,-0.0009891860152000053,0.005489175389999978,-0.001990999937079998,0.0058471650919999976,-0.0048300660295825075,0.005242825753061534,-0.17734968698629403,0.98414607795737,-1,-1,instant_velocity,dbscan_kmeans_fallback,False
3720,335,9.60352295221,12.0895508143,0.0014522092560000032,-0.0024343299599999925,0.0014353720475999766,-0.0024391031519999727,0.001616767632468844,-0.0023656494948777144,0.5123162495228577,-0.8587927601036593,0,0,instant_velocity,dbscan_kmeans_fallback,False
3720,358,12.6068600666,11.0738147067,0.0027781394499999832,-0.0012648969399998932,0.0023066976019999784,-0.0012792165259999776,0.0022765530180027913,-0.0012934889294102013,0.9101033817098977,-0.4143733614986142,0,0,instant_velocity,dbscan_kmeans_fallback,False
3720,360,13.8370286323,11.6401544114,-0.016037441360000137,-0.02603778415000004,-0.016037441360000137,-0.02603778415000004,-0.010716925476240025,-0.016941432945150034,-0.5244337681285159,-0.8514508610805828,6,6,instant_velocity,dbscan_kmeans_fallback,False
3720,361,13.5960460818,11.9687889556,-0.007660929989999943,-0.02711175325000017,-0.007660929989999943,-0.02711175325000017,-0.002298278996999983,-0.008133525975000052,-0.27192117188270815,-0.9623191603575694,6,6,instant_velocity,dbscan_kmeans_fallback,False
3720,398,14.8967204593,12.0380002975,0.0,0.0,0.0,0.0,0.0,0.0,0.0,0.0,0,0,instant_velocity,dbscan_kmeans_fallback,False
3720,399,14.8018006949,9.77478941686,0.0,0.0,0.0,0.0,0.0,0.0,0.0,0.0,0,0,instant_velocity,dbscan_kmeans_fallback,False
3730,142,8.69220902753,9.08959713189,0.0,0.0015035567390000893,0.0,0.001508329934199999,-3.270111472794727e-05,0.0014916163617937782,0.0,0.9999933491479024,-1,-1,instant_velocity,dbscan_kmeans_fallback,False
3730,155,14.8306344149,5.76697540028,0.0026097673600000704,-0.00011932989900005353,0.0026013487560000216,-0.00013842268380001243,0.0033201132223776345,0.000210976801194339,0.9989524547682745,-0.04567644509637462,-1,-1,instant_velocity,dbscan_kmeans_fallback,False
3730,156,3.19906966631,12.6064879405,-0.021046510962000033,0.02298293871999988,-0.018828208707,0.023493670683999993,-0.017058013567519736,0.024012004413665997,-0.6753549639388637,0.7374923937976856,0,0,instant_velocity,dbscan_kmeans_fallback,False
3730,158,3.47267430882,11.8976683353,-0.021530580715000004,0.020500876790000077,-0.014522092564200006,0.024591505762000025,-0.015422910831338196,0.02388390531573031,-0.7242122367219267,0.6895766552410235,0,0,instant_velocity,dbscan_kmeans_fallback,False
3730,160,12.5748693699,10.4313425259,0.010291743860000046,-0.0037469588500000485,0.009336232262000017,-0.003541711427999985,0.008915958111976699,-0.0034134993158788348,0.9396603482646635,-0.3421061295169459,1,1,instant_velocity,dbscan_kmeans_fallback,False
3730,161,0.420930219251,6.77793831186,-0.0373575569585,-0.005369845494000014,-0.03635995233898,-0.0025822990330000017,-0.036853015503842894,-0.0021774467730168398,-0.9898262562137787,-0.14227948759275297,-1,-1,instant_velocity,dbscan_kmeans_fallback,False
3730,162,7.38732534786,10.8072317104,0.028054999113000002,0.017231237540000065,0.02726785960320001,0.01317879414,0.0253331781702325,0.013358235557470635,0.8521102359647967,0.5233617661877314,-1,-1,instant_velocity,dbscan_kmeans_fallback,False
3730,163,7.22484628323,10.2556889133,0.01178604613999994,0.03436701115999998,0.0023614185299999945,0.03455316580280002,0.006833438380733863,0.03171751792771878,0.32439986657055303,0.9459197513995782,2,2,instant_velocity,dbscan_kmeans_fallback,False
3730,164,6.67911025397,9.32396105521,0.00271499991500006,0.02541726867000005,0.004028302198400002,0.021698948990000026,0.007116303695552377,0.020204086378038687,0.10621287642103087,0.9943430205252125,2,2,instant_velocity,dbscan_kmeans_fallback,False
3730,165,5.48703587305,7.86551101916,0.04282964980899999,0.004248144435000078,0.030349068807999993,-0.007904412566399994,0.03245983096379241,-0.003972060430345942,0.9951167386674005,0.09870264301477015,3,3,instant_velocity,dbscan_kmeans_fallback,False
3730,166,6.19967073424,7.36599605836,0.04358732420399995,-0.002553659856999957,0.04175627774979999,-0.004663412486399992,0.040326286238004806,-0.0040567813682884785,0.9982879461559638,-0.05848690876031051,3,3,instant_velocity,dbscan_kmeans_fallback,False
3730,167,5.23910797391,7.15812337281,0.039188603412000055,-0.003293505235999916,0.03711762673360001,-0.0057612475649999875,0.03677962770102441,-0.002416693294025065,0.9964867805564083,-0.0837471648291059,3,3,instant_velocity,dbscan_kmeans_fallback,False
3730,168,4.27665102759,6.04071819055,0.04945930076199998,0.010524897168000003,0.04315376607759999,0.0036705877196,0.04210688860848426,0.004141977056354593,0.9780991266206264,0.20813866288425129,-1,-1,instant_velocity,dbscan_kmeans_fallback,False
3730,169,1.01991392125,7.36122286236,0.024119301563599992,0.005823299112999969,0.024119301563599992,0.005823299112999969,0.018727185454623898,0.006257659948397992,0.9720689573228601,0.23469370711363668,-1,-1,instant_velocity,dbscan_kmeans_fallback,False
3730,248,13.7873588665,5.3307052864,0.036347324439999974,-0.014104794163000011,0.03375018497999999,-0.0036133093675999994,0.029451576910723896,-0.005663265293795116,0.9322665101638445,-0.36177153156419223,4,4,instant_velocity,dbscan_kmeans_fallback,False
3730,249,14.4379065203,4.63477331044,0.04240871959000003,-0.009546391988000025,0.033796487304,-0.004696824858199999,0.03182581550847804,-0.005650955618202794,0.9755877016769939,-0.2196091442731673,4,4,instant_velocity,dbscan_kmeans_fallback,False
3730,256,8.34662531753,5.43762487667,-0.0001894185990000352,0.00040572165900005787,-0.00018099999419998625,0.0004104948554000032,-0.00017392014951708425,0.00041000725798902125,-0.42302607407184095,0.9060928624684673,-1,-1,instant_velocity,dbscan_kmeans_fallback,False
3730,259,15.0638297563,11.4723765722,0.00856592996000014,0.0008830412600000059,0.008599604378000017,0.0012792165260000132,0.008719132336790262,0.002019922195167499,0.9947272958089313,0.10254406103590215,1,1,instant_velocity,dbscan_kmeans_fallback,False
3730,262,12.6131740199,6.5798506781,0.06678057929000011,-0.004128814535000025,0.0669952536968,-0.0025966186207999975,0.06720643396913081,-0.0010131562611790357,0.9980940500917932,-0.061708737257586486,-1,-1,instant_velocity,dbscan_kmeans_fallback,False
3730,278,13.2487786509,8.01896927037,-0.04133534752999992,0.0,-0.01989316216199999,-0.00033889691559998883,-0.02252165937293126,-0.00044921603545951613,-0.9999997580763637,0.0,5,5,instant_velocity,dbscan_kmeans_fallback,False
3730,279,13.033893774,7.43258214248,-0.024035115520000084,0.0008591752790000129,-0.022734441142000003,-0.00010501031179998676,-0.021413916978929647,0.0001464189686081728,-0.9993612840219668,0.03572383537357683,5,5,instant_velocity,dbscan_kmeans_fallback,False
3730,280,13.9538367682,6.87602748954,-0.020793952829999896,0.0002625257790000113,-0.020793952829999896,0.0002625257790000113,-0.015612998471216985,-0.0026652333134336947,-0.9999198320914814,0.012624090042113362,5,5,instant_velocity,dbscan_kmeans_fallback,False
3730,281,14.5136739598,7.45095894705,-0.02666592939000001,-0.004773195995000012,-0.02666592939000001,-0.004773195995000012,-0.007999778817000003,-0.0014319587985000039,-0.9843541563257452,-0.17619919590718083,5,5,instant_velocity,dbscan_kmeans_fallback,False
3730,282,13.9479437451,3.77989390786,-0.04573406832,-0.003293505236000005,-0.04573406832,-0.003293505236000005,-0.023319955076099998,-0.0016796876703600028,-0.9974167977096811,-0.07182823585136046,-1,-1,instant_velocity,dbscan_kmeans_fallback,False
3730,329,3.71028941759,8.18268989298,-0.02254081324100001,-0.005107319713000003,-0.021412720253200002,-0.0028543712044000105,-0.0211976321825903,-0.003963367009240918,-0.9752780191234305,-0.22097945621875478,6,6,instant_velocity,dbscan_kmeans_fallback,False
3730,331,3.38659407898,8.64926980142,-0.011764999628999994,-0.00200474231700003,-0.0206255807434,-0.009522526008400013,-0.01905088338095767,-0.007657444423888177,-0.9857899842569838,-0.16797747211512212,6,6,instant_velocity,dbscan_kmeans_fallback,False
3730,332,3.89655103961,8.68387547237,-0.010228604328000036,-0.007493917711000009,-0.015427092535400009,-0.002615711404999992,-0.014962928504660362,-0.0041702628532606645,-0.8066697501225969,-0.5910011310950437,6,6,instant_velocity,dbscan_kmeans_fallback,False
3730,333,6.61533932575,10.484802321,-0.00812395323199997,-0.009212268269999945,-0.007601999759600009,-0.011121546665999986,-0.00744440286354258,-0.010724264882033261,-0.6614142205646323,-0.7500197334265415,-1,-1,instant_velocity,dbscan_kmeans_fallback,False
3730,334,0.92751973812,12.4103095851,0.0020415115634000005,0.0,-0.0005977209113400006,0.004754103210000018,-0.002768592751687755,0.0036699780271430733,0.9999951016926888,0.0,-1,-1,instant_velocity,dbscan_kmeans_fallback,False
3730,335,9.61783457967,12.0649688549,0.0014311627459999698,-0.002458195940000074,0.0014353720475999766,-0.0024438763499999893,0.0015610861665281818,-0.0023934134284144225,0.5031385891809965,-0.8642016714303971,7,7,instant_velocity,dbscan_kmeans_fallback,False
3730,336,9.59720899892,11.5511343061,0.0,0.0,0.0,0.0,0.0,0.0,0.0,0.0,7,7,instant_velocity,dbscan_kmeans_fallback,False
3730,358,12.4490112343,11.2826420315,-0.015784883229999915,0.020882732479999964,-0.001018651131999988,0.0031694021419999886,-0.003141877856398021,0.00535937749341285,-0.6029986660094103,0.7977417155762787,-1,-1,instant_velocity,dbscan_kmeans_fallback,False
3730,360,13.7223251476,11.3363404864,-0.01147034846999997,-0.030381392500000003,-0.01147034846999997,-0.030381392500000003,-0.010942952374368008,-0.020973420811605026,-0.3532100289254279,-0.9355437240451866,8,8,instant_velocity,dbscan_kmeans_fallback,False
3730,361,13.5194367819,11.6976714232,-0.00766092999000012,-0.02711175323999999,-0.00766092999000012,-0.02711175323999999,-0.0039070742949000245,-0.013826994154500035,-0.27192117197559595,-0.962319160331322,8,8,instant_velocity,dbscan_kmeans_fallback,False
3730,398,14.5599762839,12.2050621573,-0.033674417540000154,0.016706185980000045,-0.033674417540000154,0.016706185980000045,-0.010102325262000047,0.005011855794000014,-0.8958168093735706,0.4444228976975811,-1,-1,instant_velocity,dbscan_kmeans_fallback,False
3730,399,14.4107565212,9.84304611958,-0.0391044173700001,0.006825670272000118,-0.0391044173700001,0.006825670272000118,-0.011731325211000032,0.0020477010816000356,-0.985105421614315,0.17195000573662694,-1,-1,instant_velocity,dbscan_kmeans_fallback,False
3740,142,8.69220902753,9.10463269927,0.0,0.0015035567380000004,0.0,0.001508329934199999,-2.289078030956309e-05,0.0014951984746556447,0.0,0.999993349147898,-1,-1,instant_velocity,dbscan_kmeans_fallback,False
3740,155,14.8565216234,5.76554344148,0.002588720850000037,-0.00014319587999995776,0.0025971394540000147,-0.00013842268379999468,0.003100695510664355,0.00010472499683604995,0.9984697593988056,-0.05523065797166041,-1,-1,instant_velocity,dbscan_kmeans_fallback,False
3740,156,2.97976502208,12.7993250586,-0.021930464422999972,0.019283711809999993,-0.019771092398199998,0.02257721705199998,-0.01851974882416381,0.022593516632566195,-0.7509695885078241,0.6603362721161276,0,0,instant_velocity,dbscan_kmeans_fallback,False
3740,158,3.2622091992,12.0976652475,-0.021046510961999988,0.01999969121999996,-0.018609324993000005,0.022133309825999987,-0.01710999087053673,0.022718641087011205,-0.724904483452515,0.6888488956302609,0,0,instant_velocity,dbscan_kmeans_fallback,False
3740,160,12.5201484414,10.4408889179,-0.00547209285000001,0.0009546392000000737,0.008330209038000014,-0.0031789485319999853,0.004599542823383686,-0.002103057761115162,-0.9851195602268026,0.17185997654980167,-1,-1,instant_velocity,dbscan_kmeans_fallback,False
3740,163,7.34270674462,10.5993590249,0.011786046139000028,0.03436701115999998,0.004638651016199997,0.037140238032,0.008319220708213712,0.03251236589740314,0.3243998665459276,0.9459197514080233,1,1,instant_velocity,dbscan_kmeans_fallback,False
3740,164,6.74224978685,9.56667807151,0.0063139532880000186,0.024271701629999854,0.0042008835880000105,0.023016351084199974,0.006875598573286669,0.021424370953627037,0.25175740494888077,0.9677899625383266,1,1,instant_velocity,dbscan_kmeans_fallback,False
3740,165,5.91533237114,7.90226462831,0.04282964980899999,0.003675360914999981,0.0345204872808,-0.005288701161600002,0.03557077661735469,-0.001677834026742165,0.996338003742639,0.08549922246423104,2,2,instant_velocity,dbscan_kmeans_fallback,False
3740,166,6.64375211555,7.38246358454,0.044408138131000016,0.001646752617999958,0.042657068419,-0.0030262062601999953,0.04155084180590337,-0.002345721172401947,0.9993129376469347,0.03705674827926548,2,2,instant_velocity,dbscan_kmeans_fallback,False
3740,167,5.63099400803,7.12518832045,0.039188603411999964,-0.003293505236000005,0.0394285336372,-0.006238567164399989,0.03750232041431707,-0.002679736876617547,0.996486780556408,-0.08374716482910832,2,2,instant_velocity,dbscan_kmeans_fallback,False
3740,168,4.78176729069,6.1636279874,0.05051162631000006,0.012290979685000014,0.047165231067000005,0.006734979548000002,0.044628309918939,0.00658667784494822,0.9716481171330642,0.2364308603994935,-1,-1,instant_velocity,dbscan_kmeans_fallback,False
3740,169,1.26131740199,7.41945585349,0.024140348074000006,0.005823299112999969,0.024140348074000006,0.005823299112999969,0.020351134240436733,0.006127351697778585,0.9721156213054367,0.23450034845928222,-1,-1,instant_velocity,dbscan_kmeans_fallback,False
3740,170,0.293809293037,4.32451557081,0.0,0.0,0.0,0.0,0.0,0.0,0.0,0.0,-1,-1,instant_velocity,dbscan_kmeans_fallback,False
3740,248,14.2017646673,5.14980115822,0.04144058008000009,-0.01809041281799999,0.03758064997400002,-0.007570288846800004,0.033048277861506756,-0.009391409551056579,0.9164803867751783,-0.4000790651182226,3,3,instant_velocity,dbscan_kmeans_fallback,False
3740,249,14.8588367396,4.53930939055,0.042093021929999884,-0.009546391989000026,0.039171766203999994,-0.006720659960000006,0.03490597743493459,-0.006819586529441963,0.9752336882759501,-0.2211759251840559,3,3,instant_velocity,dbscan_kmeans_fallback,False
3740,256,8.34473113154,5.44168209327,-0.0001894185990000352,0.0004057216599999691,-0.00018099999440000404,0.0004104948556000032,-0.00017856968436196955,0.0004087215785923056,-0.4230260732158769,0.9060928628681397,-1,-1,instant_velocity,dbscan_kmeans_fallback,False
3740,259,15.149489056,11.4812069848,0.008565929969999964,0.0008830412600000059,0.008574348568000012,0.0008830412580000058,0.008673171626753172,0.001678857914617251,0.9947272958211434,0.10254406091745165,-1,-1,instant_velocity,dbscan_kmeans_fallback,False
3740,262,13.2287844655,6.52853882116,0.06156104455999998,-0.005131185693999995,0.0657366723402,-0.0036371753476000103,0.06551281714639157,-0.0022485650910253237,0.9965441249234305,-0.08306312853842278,-1,-1,instant_velocity,dbscan_kmeans_fallback,False
3740,278,12.8354251756,8.01896927037,-0.0413353475300001,0.0,-0.025849324764000023,-0.00024343299579999923,-0.028165765820051914,-0.0003144512248216613,-0.9999997580763637,0.0,4,4,instant_velocity,dbscan_kmeans_fallback,False
3740,279,12.7933321537,7.44117389527,-0.02405616202999994,0.0008591752790000129,-0.02350895274599999,-5.250515579998449e-05,-0.022206590494250736,0.0003602458617257249,-0.9993623997153307,0.035692620773287324,4,4,instant_velocity,dbscan_kmeans_fallback,False
3740,280,13.7433716585,6.92017955249,-0.02104651097000012,0.004415206294999941,-0.020600324932000015,-0.002644350580800001,-0.017243052220851925,-0.0005411014309036036,-0.9786956789385537,0.20531399853867174,4,4,instant_velocity,dbscan_kmeans_fallback,False
3740,281,14.2470146659,7.40322698711,-0.02666592939000001,-0.0047731959940000126,-0.02666592939000001,-0.0047731959940000126,-0.013599623988900005,-0.0024343299571500067,-0.9843541563321477,-0.1761991958714126,4,4,instant_velocity,dbscan_kmeans_fallback,False
3740,282,13.490813527,3.7469588555,-0.04571302180999996,-0.003293505236000005,-0.04571302180999996,-0.003293505236000005,-0.030037875096269987,-0.0021638329400520033,-0.9974144278419801,-0.0718611351971683,-1,-1,instant_velocity,dbscan_kmeans_fallback,False
3740,329,3.49771965687,8.14880020142,-0.021256976071999965,-0.003388969155999888,-0.02158951094539999,-0.00337942276379998,-0.0212154353494132,-0.003791047653268609,-0.9875280557268699,-0.1574401791772834,5,5,instant_velocity,dbscan_kmeans_fallback,False
3740,331,3.29377896564,8.6633507296,-0.009281511333999992,0.0014080928180000285,-0.016740394819600005,-0.006639515628000013,-0.016120071766870366,-0.004937783251321715,-0.9886859828438911,0.1499929894606735,5,5,instant_velocity,dbscan_kmeans_fallback,False
3740,332,3.79447546144,8.60869763546,-0.010207557817000001,-0.007517783690999913,-0.013840185609000005,-0.004615680526599988,-0.013536317298362254,-0.005174519104582439,-0.8051898427860361,-0.5930158003292791,5,5,instant_velocity,dbscan_kmeans_fallback,False
3740,333,6.55156839753,10.3874291227,-0.00637709282200003,-0.00973731982999997,-0.007690395105800008,-0.009641855907999996,-0.0071242098510798145,-0.010428181366423274,-0.5478736673027615,-0.8365600554782016,-1,-1,instant_velocity,dbscan_kmeans_fallback,False
3740,334,0.947934853753,12.4103095851,0.0020415115633000023,0.0,7.997674165999947e-05,0.003532165035999988,-0.0013255614571914274,0.0025689846190001513,0.9999951016926886,0.0,-1,-1,instant_velocity,dbscan_kmeans_fallback,False
3740,335,9.63214620712,12.0406255553,0.0014311627450000585,-0.0024343299599999925,0.0014353720476000121,-0.0024438763499999893,0.0015221091400697447,-0.0024056883878900938,0.5068088824429839,-0.8620543336774878,6,6,instant_velocity,dbscan_kmeans_fallback,False
3740,336,9.62962062581,11.4318044063,0.003241162689000099,-0.01193298998000003,0.003241162689000099,-0.01193298998000003,0.0009723488067000299,-0.00357989699400001,0.26211674689387476,-0.9650353328113102,6,6,instant_velocity,dbscan_kmeans_fallback,False
3740,358,12.2911624021,11.4914693562,-0.01578488322000009,0.020882732469999964,-0.004651278924000017,0.007598928021999995,-0.006934779465478643,0.010016383986388985,-0.6029986659500675,0.7977417156211347,-1,-1,instant_velocity,dbscan_kmeans_fallback,False
3740,360,13.6076216628,11.0325265614,-0.01147034847999997,-0.030381392500000003,-0.014412650708000001,-0.02758907284600003,-0.011101171206057596,-0.02379581231812352,-0.3532100291949441,-0.935543723943432,7,7,instant_velocity,dbscan_kmeans_fallback,False
3740,361,13.3792670189,11.4127116223,-0.014016976299999939,-0.02849598008999994,-0.014016976299999939,-0.02849598008999994,-0.006940044896429999,-0.018227689935150004,-0.44138442405495154,-0.8973177588882735,7,7,instant_velocity,dbscan_kmeans_fallback,False
3740,398,14.2152344343,12.3606683468,-0.03447418496000001,0.015560618950000027,-0.03447418496000001,0.015560618950000027,-0.017413883171400035,0.008176484740800018,-0.9114533268621424,0.4114028490149291,-1,-1,instant_velocity,dbscan_kmeans_fallback,False
3740,399,14.0462309513,9.90438168811,-0.03645255698999996,0.006133556852999966,-0.03645255698999996,0.006133556852999966,-0.019147694744700013,0.0032734578130200146,-0.9861374560097015,0.16592883053354945,-1,-1,instant_velocity,dbscan_kmeans_fallback,False
3750,142,8.69220902753,9.11990692645,0.0,0.0015274227179999044,0.0,0.001508329934199999,-1.602354621669416e-05,0.0015048657476589226,0.0,0.9999934530667819,-1,-1,instant_velocity,dbscan_kmeans_fallback,False
3750,155,14.8826192969,5.76411148268,0.0026097673499998917,-0.00014319588000004656,0.0026013487539999856,-0.00013842268380001243,0.002953417062465016,3.0348733785220982e-05,0.9984942549578899,-0.05478659372211543,-1,-1,instant_velocity,dbscan_kmeans_fallback,False
3750,156,2.74699061083,12.9367931033,-0.023277441124999985,0.01374680447000003,-0.020979162127599996,0.020553381951999974,-0.01994705651441466,0.019939502983796348,-0.8610565548499364,0.50850847537624,0,0,instant_velocity,dbscan_kmeans_fallback,False
3750,158,3.05174408957,12.2979008194,-0.021046510962999986,0.02002355719000004,-0.021425348159800003,0.02037677369800001,-0.018290946898275706,0.021910115917907855,-0.7244941142169025,0.6892804871716721,0,0,instant_velocity,dbscan_kmeans_fallback,False
3750,160,12.4654275129,10.4504353099,-0.00547209285000001,0.000954639199999896,0.005564697497999979,-0.002329319644000023,0.0015780521213685766,-0.0011857486727806445,-0.9851195602268079,0.17185997654977062,1,1,instant_velocity,dbscan_kmeans_fallback,False
3750,164,6.84137885349,9.79841673704,0.009912906663999976,0.023173866553000088,0.0050932556530000105,0.024114186163199988,0.0077867910005006615,0.021949219633438953,0.39329056966366466,0.919413799288363,-1,-1,instant_velocity,dbscan_kmeans_fallback,False
3750,165,6.34215561346,7.9161068967,0.042682324232000024,0.001384226838999947,0.038649812731799994,-0.001150340234599998,0.03770424090174829,-0.0007592157670195313,0.9994742982906273,0.032413866242721634,2,2,instant_velocity,dbscan_kmeans_fallback,False
3750,166,7.099619543,7.46217595764,0.04558674274500003,0.007971237310000046,0.043667300945200015,-0.00019092783979999696,0.04276161208763237,0.0007493663723186512,0.9850538838063939,0.17224521424749517,2,2,instant_velocity,dbscan_kmeans_fallback,False
3750,167,6.06560445941,7.11206203146,0.04346104513800002,-0.0013126288990000568,0.04018620803200001,-0.004663412486400009,0.039289937831421956,-0.0022696044833322997,0.9995439887149563,-0.030188651037797273,2,2,instant_velocity,dbscan_kmeans_fallback,False
3750,168,5.28688355379,6.28629912445,0.05051162630999997,0.012267113705000022,0.048209138010800005,0.008462876497800007,0.04639330483625729,0.00829080860296376,0.9717534973265369,0.23599736369161603,2,2,instant_velocity,dbscan_kmeans_fallback,False
3750,169,1.50251041762,7.47768884462,0.024119301562999997,0.005823299113000058,0.027352045647,0.0085487940256,0.02148158443720571,0.0060361359223450265,0.9720689573215273,0.23469370711915677,-1,-1,instant_velocity,dbscan_kmeans_fallback,False
3750,170,0.706320907903,4.37224753075,0.0412511614866,0.0047731959940000126,0.0412511614866,0.0047731959940000126,0.01237534844598,0.001431958798200004,0.9933717736601494,0.11494362824492971,-1,-1,instant_velocity,dbscan_kmeans_fallback,False
3750,248,14.6502658159,4.94240579227,0.04485011485999983,-0.020739536595000007,0.03918439410999998,-0.012228928137199996,0.036588828961054684,-0.012795847664239607,0.9076549331490162,-0.41971671110401204,-1,-1,instant_velocity,dbscan_kmeans_fallback,False
3750,256,8.34304741067,5.44573930986,-0.00016837208700000162,0.00040572165900005787,-0.00018099999420002178,0.0004104948554000032,-0.0001755104051533792,0.0004078216027146313,-0.3832899536978609,0.9236034230088862,-1,-1,instant_velocity,dbscan_kmeans_fallback,False
3750,262,13.8090367728,6.47054448983,0.05802523073000003,-0.005799433132999976,0.06398981193200001,-0.0043054227868000085,0.0632665412214741,-0.00331382550361772,0.995042264496026,-0.09945123879481686,-1,-1,instant_velocity,dbscan_kmeans_fallback,False
3750,278,12.5437205337,8.03233421916,-0.029170464189999912,0.0013364948789998722,-0.029372510697999985,0.00011932989999998256,-0.028467175331036314,0.00018083260632479885,-0.9989517217243901,0.045768687524363895,3,3,instant_velocity,dbscan_kmeans_fallback,False
3750,279,12.5367751851,7.42876358568,-0.02565569686,-0.0012410309590000779,-0.02402248761199999,-0.00014796907580000963,-0.023241322403975515,-0.00012013718449201599,-0.9988317094990602,-0.04831601655895563,3,3,instant_velocity,dbscan_kmeans_fallback,False
3750,280,13.5329065489,6.96433161544,-0.02104651095999994,0.004415206295000029,-0.020730813298000007,-0.00056801032320001,-0.01838408984259633,0.0009457908868674865,-0.97869567891895,0.20531399863211758,3,3,instant_velocity,dbscan_kmeans_fallback,False
3750,281,13.9805658371,7.35549502717,-0.026644882879999977,-0.0047731959940000126,-0.026644882879999977,-0.0047731959940000126,-0.017513201656229997,-0.0031359897682050088,-0.9843300080452385,-0.17633404779205156,3,3,instant_velocity,dbscan_kmeans_fallback,False
3750,282,13.0698833077,3.73979906151,-0.042093021930000064,-0.0007159793990000107,-0.042093021930000064,-0.0007159793990000107,-0.03365441914638901,-0.0017294768777364054,-0.9998551330877383,-0.017006991763758916,-1,-1,instant_velocity,dbscan_kmeans_fallback,False
3750,329,3.29377896564,8.12636618024,-0.020394069123000014,-0.0022434021180000483,-0.021597929549799996,-0.0036705877196,-0.020969025481489247,-0.0033267539926880407,-0.9940035826772001,-0.10934305112081705,4,4,instant_velocity,dbscan_kmeans_fallback,False
3750,331,3.20096385229,8.67743165778,-0.009281511334999992,0.0014080928180000285,-0.013082511214399996,-0.0038137835994000112,-0.014068503637309254,-0.003034020430525191,-0.9886859828462878,0.14999298944487668,4,4,instant_velocity,dbscan_kmeans_fallback,False
3750,332,3.69218941816,8.53375845835,-0.01022860432799999,-0.007493917711000009,-0.012446906583199998,-0.006090598088799979,-0.012544003407253576,-0.005870338686507709,-0.8066697501225957,-0.5910011310950455,4,4,instant_velocity,dbscan_kmeans_fallback,False
3750,333,6.51452653824,10.2819414913,-0.0037041859289999477,-0.010548763140000084,-0.006894836991400002,-0.009589350751999993,-0.0060982026744558545,-0.010464355898496317,-0.3313156146410141,-0.943519037764708,-1,-1,instant_velocity,dbscan_kmeans_fallback,False
3750,334,0.968349969387,12.4103095851,0.0020415115634000005,0.0,0.0007576743946599995,0.0023150000580000095,-0.0003154395510139988,0.0017982892333001058,0.9999951016926888,0.0,-1,-1,instant_velocity,dbscan_kmeans_fallback,False
3750,335,9.68707760073,11.9632997802,0.005493139360999955,-0.0077325775100000275,0.0022477673707999913,-0.0034987526640000155,0.0027134182063488083,-0.0040037551245230745,0.5791322250468469,-0.8152323333552433,5,5,instant_velocity,dbscan_kmeans_fallback,False
3750,336,9.66203225269,11.3124745064,0.00324116268800001,-0.011932989990000031,0.00324116268800001,-0.011932989990000031,0.001652992971090024,-0.006085824892800016,0.2621167466139876,-0.9650353328873319,5,5,instant_velocity,dbscan_kmeans_fallback,False
3750,358,12.1604635691,11.6773853402,-0.01306988330000003,0.01859159840000011,-0.00782088347200002,0.01157022709000003,-0.008775310615835058,0.012588948310472324,-0.5751077621093987,0.8180771246718567,-1,-1,instant_velocity,dbscan_kmeans_fallback,False
3750,360,13.421780971,10.6843219136,-0.01858406917999993,-0.034820464779999935,-0.014820953019999977,-0.029441072892000014,-0.013346040598240298,-0.027103208056686444,-0.47084757510155484,-0.882214290464244,6,6,instant_velocity,dbscan_kmeans_fallback,False
3750,361,13.2319414422,11.1263198626,-0.014732557670000012,-0.028639175969999896,-0.014732557670000012,-0.028639175969999896,-0.009277798728501003,-0.021351135745604974,-0.4574421254567424,-0.8892390459616917,6,6,instant_velocity,dbscan_kmeans_fallback,False
3750,398,13.8380809579,12.469974535,-0.03771534763999984,0.01093061881999997,-0.03771534763999984,0.01093061881999997,-0.02350432251197998,0.009002724964560005,-0.9604754227109236,0.2783638860190947,-1,-1,instant_velocity,dbscan_kmeans_fallback,False
3750,399,13.9176367693,9.90438168811,-0.01285941820000005,0.0,-0.01285941820000005,0.0,-0.017261211781290024,0.00229142046911401,-0.9999992223604468,0.0,1,1,instant_velocity,dbscan_kmeans_fallback,False
3760,142,8.69220902753,9.13494249383,0.0,0.0015035567380000004,0.0,0.001508329934199999,-1.1216482351685912e-05,0.0015044730447612458,0.0,0.999993349147898,-1,-1,instant_velocity,dbscan_kmeans_fallback,False
3760,155,14.9085065054,5.76267952388,0.002588720850000037,-0.00014319587999995776,0.0025971394520000147,-0.00013842268379999468,0.002844008198725522,-2.171465035033265e-05,0.9984697593988056,-0.05523065797166041,-1,-1,instant_velocity,dbscan_kmeans_fallback,False
3760,156,2.51400573448,13.0742611479,-0.02329848763500002,0.013746804460000029,-0.0221198830216,0.018548639633999997,-0.020952485850590268,0.018081693426657452,-0.8612576666203969,0.5081677797369392,0,0,instant_velocity,dbscan_kmeans_fallback,False
3760,158,2.84001618929,12.484294123,-0.02117279002800001,0.018639330359999918,-0.0213116970006,0.01996627884399999,-0.019155499837192995,0.020928880250535475,-0.7505853297529322,0.6607729971407986,0,0,instant_velocity,dbscan_kmeans_fallback,False
3760,160,12.4107065844,10.4599817018,-0.00547209285000001,0.0009546391900000728,0.0016247906459999938,-0.0011598866279999953,-0.0005369913700419998,-0.0005436323139464292,-0.9851195605315921,0.17185997480271284,1,1,instant_velocity,dbscan_kmeans_fallback,False
3760,164,6.94029745501,10.0299167428,0.009891860151999943,0.02315000057599992,0.006309743986599994,0.024281248023599992,0.008418311745950445,0.022309453916207242,0.39292663464669597,0.9195693912593007,-1,-1,instant_velocity,dbscan_kmeans_fallback,False
3760,165,6.76918932089,7.92971050528,0.04270337074299997,0.0013603608580000427,0.0427791381826,0.0029880206924000063,0.03920397985412379,-0.00012334277951365894,0.9994927478573838,0.03183989433112774,2,2,instant_velocity,dbscan_kmeans_fallback,False
3760,166,7.55569743556,7.54164967095,0.045607789255999974,0.007947371330999963,0.044559673009999995,0.0024868351131999943,0.04361546523814265,0.0029087678599230456,0.9851546710113117,0.17166782509560025,2,2,instant_velocity,dbscan_kmeans_fallback,False
3760,167,6.52862770058,7.11206203146,0.04630232411700001,0.0,0.041512138222400005,-0.002825732028600001,0.04139365371709537,-0.0015887231383326097,0.9999997840281664,0.0,2,2,instant_velocity,dbscan_kmeans_fallback,False
3760,168,5.79094749135,6.37842180714,0.05040639375599998,0.009212268268999946,0.049236207745799995,0.009584577556399996,0.047597231512180094,0.008567246502774618,0.9837062648852831,0.17978207395446658,2,2,instant_velocity,dbscan_kmeans_fallback,False
3760,169,1.74370343325,7.53592183575,0.024119301563000017,0.005823299112999969,0.025735673605060003,0.007183659971399994,0.022272899574944,0.0059722848795415095,0.9720689573215281,0.23469370711915316,-1,-1,instant_velocity,dbscan_kmeans_fallback,False
3760,170,1.11883252277,4.41997949069,0.04125116148670001,0.0047731959940000126,0.04125116148670001,0.0047731959940000126,0.021038092358196002,0.002434329956940007,0.9933717736601813,0.11494362824465473,-1,-1,instant_velocity,dbscan_kmeans_fallback,False
3760,248,15.0985564994,4.73477176652,0.044829068350000154,-0.020763402575,0.040783928942,-0.016897113819600004,0.03906090077773833,-0.015186114137467725,0.9073956817557153,-0.4202768990872957,-1,-1,instant_velocity,dbscan_kmeans_fallback,False
3760,256,8.34115322468,5.44979652646,-0.0001894185990000352,0.0004057216599999691,-0.00018099999420002178,0.0004104948556000032,-0.00017968286330737602,0.00040719161990023265,-0.4230260732158769,0.9060928628681397,-1,-1,instant_velocity,dbscan_kmeans_fallback,False
3760,262,14.3894995451,6.4127888183,0.05804627722999989,-0.005775567152999983,0.06224295152,-0.0049641238339999914,0.06170046202403183,-0.004052347998432399,0.9950862226026985,-0.09901043746344981,-1,-1,instant_velocity,dbscan_kmeans_fallback,False
3760,278,12.3332554241,8.05476824033,-0.02104651095999994,0.0022434021170001373,-0.03127090598799999,0.0006587010472000188,-0.0262409760197254,0.0007996034595274005,-0.9943664966802804,0.10599210044677909,1,1,instant_velocity,dbscan_kmeans_fallback,False
3760,279,12.2560147288,7.38532750213,-0.028076045629999945,-0.004343608354999961,-0.025020092231999982,-0.0008639484749999937,-0.024691739371782845,-0.0013871785356443997,-0.9882428927398985,-0.1528897673925871,1,1,instant_velocity,dbscan_kmeans_fallback,False
3760,280,13.2736135339,6.9965506884,-0.0259293014999999,0.003221907296000026,-0.021837859773999994,0.0012696701343999984,-0.020647653339817402,0.0016286258096072485,-0.9923679323995502,0.12330904794001427,1,1,instant_velocity,dbscan_kmeans_fallback,False
3760,281,13.677075149,7.41683059569,-0.03034906881000001,0.006133556851999966,-0.03034906881000001,0.006133556851999966,-0.021363961802361,-0.0003551257821435157,-0.980182455619973,0.19809519871980666,1,1,instant_velocity,dbscan_kmeans_fallback,False
3760,282,12.6489530885,3.73240060772,-0.04209302191999988,-0.0007398453790000037,-0.04426923115799997,-0.002267268097200006,-0.03618599997847227,-0.0014325874281154848,-0.9998453327027838,-0.01757371923832828,-1,-1,instant_velocity,dbscan_kmeans_fallback,False
3760,329,3.08983827441,8.10393215907,-0.020394069123000014,-0.0022434021169999594,-0.021425348159999996,-0.003618082563599998,-0.020796538573942477,-0.0030017484299816165,-0.9940035826824981,-0.10934305107265566,3,3,instant_velocity,dbscan_kmeans_fallback,False
3760,331,3.10436036698,8.67027186379,-0.009660348531000017,-0.0007159793990000552,-0.011504022892000006,-0.0019713299456000045,-0.012746057105416483,-0.00233860812106765,-0.9972636970686823,-0.0739124742943301,3,3,instant_velocity,dbscan_kmeans_fallback,False
3760,332,3.58358942159,8.46383113704,-0.010859999656999974,-0.006992732131000068,-0.011461929870199991,-0.006696793979999996,-0.012038802282177494,-0.006207056719855417,-0.8407795194881226,-0.5413762566025289,3,3,instant_velocity,dbscan_kmeans_fallback,False
3760,333,6.47727421384,10.1766925196,-0.0037252324399999815,-0.010524897170000002,-0.006015092832999986,-0.009851876532000006,-0.005386311604119093,-0.010482518279947423,-0.333660980936543,-0.94269218647695,-1,-1,instant_velocity,dbscan_kmeans_fallback,False
3760,334,0.98897555013,12.4103095851,0.0020625580743000027,0.0,0.0014395813498400002,0.0010978350779999957,0.0003979597365802018,0.001258802463310074,0.999995151675174,0.0,-1,-1,instant_velocity,dbscan_kmeans_fallback,False
3760,335,9.78283922561,11.8332301894,0.009576162487999973,-0.01300695907999998,0.0038767673191999917,-0.005613278490000013,0.004772241490844158,-0.006704716311166146,0.5928811210732067,-0.8052892263228831,4,4,instant_velocity,dbscan_kmeans_fallback,False
3760,336,9.67823806613,11.1344342958,0.001620581343999916,-0.017804021059999897,0.001620581343999916,-0.017804021059999897,0.0016432694829629916,-0.00960128374295998,0.09064853430103464,-0.9958823848794273,4,4,instant_velocity,dbscan_kmeans_fallback,False
3760,358,12.0476542703,11.8477884372,-0.011280929879999846,0.017040309699999943,-0.01062848803599998,0.015226495222000019,-0.009526996395084494,0.01392435672733061,-0.5520113986829746,0.8338359773129053,-1,-1,instant_velocity,dbscan_kmeans_fallback,False
3760,360,13.2281530702,10.33110541,-0.0193627900800001,-0.035321650360000054,-0.015384999514000021,-0.031388536858000006,-0.015151065442768237,-0.029568740747680525,-0.48069607394392644,-0.8768869870055428,5,5,instant_velocity,dbscan_kmeans_fallback,False
3760,361,13.0536774943,10.7950600606,-0.017826394789999967,-0.03312598020000017,-0.012379557747999996,-0.028896928550000034,-0.011842377546950692,-0.02488358908192353,-0.473879765032374,-0.8805892553467443,5,5,instant_velocity,dbscan_kmeans_fallback,False
3760,398,13.4609274814,12.5792807233,-0.03771534765000002,0.010930618829999971,-0.03771534765000002,0.010930618829999971,-0.02776763005338599,0.009581093124191994,-0.9604754226625695,0.27836388618593727,-1,-1,instant_velocity,dbscan_kmeans_fallback,False
3760,399,13.7854646805,9.92132653389,-0.01321720887999991,0.001694484577999944,-0.01321720887999991,0.001694484577999944,-0.01604801091090299,0.00211233970177979,-0.9918811984356191,0.12716205132390024,1,1,instant_velocity,dbscan_kmeans_fallback,False
3770,142,8.69220902753,9.14997806121,0.0,0.0015035567380000004,0.0,0.001508329934199999,-7.851537646180138e-06,0.0015041981527328721,0.0,0.999993349147898,-1,-1,instant_velocity,dbscan_kmeans_fallback,False
3770,155,14.934604179,5.76124756508,0.0026097673600000704,-0.00014319588000004656,0.002601348754000021,-0.00013842268380001243,0.0027737359471078863,-5.815901924524683e-05,0.9984942549693888,-0.054786593512813585,0,0,instant_velocity,dbscan_kmeans_fallback,False
3770,156,2.28123132323,13.2117291925,-0.023277441124999985,0.013746804460000029,-0.022566069054,0.016701412783999992,-0.021649972432913184,0.016781226736660226,-0.8610565550119033,0.5085084751019814,1,1,instant_velocity,dbscan_kmeans_fallback,False
3770,158,2.62260573104,12.6150796933,-0.021741045824999982,0.013078557030000049,-0.021307487698599994,0.01844840251800001,-0.019931163633535094,0.018573783284374847,-0.856902038914503,0.5154785227571571,1,1,instant_velocity,dbscan_kmeans_fallback,False
3770,160,12.3559856559,10.4695280938,-0.00547209285000001,0.000954639199999896,-0.0023193255079999985,1.4319587999978012e-05,-0.002017521814029403,-9.415085976253161e-05,-0.9851195602268079,0.17185997654977062,2,2,instant_velocity,dbscan_kmeans_fallback,False
3770,164,7.03942652165,10.2616554083,0.009912906664000066,0.023173866549999998,0.007749325336600012,0.02383734079579998,0.008866690221365332,0.022568777706345067,0.39329056970670756,0.9194137992699507,-1,-1,instant_velocity,dbscan_kmeans_fallback,False
3770,165,7.19601256321,7.94331411386,0.042682324232000024,0.0013603608579999538,0.042745463765,0.0024056907810000006,0.040247483167486664,0.000321768311740425,0.9994922479817118,0.03185557854436907,3,3,instant_velocity,dbscan_kmeans_fallback,False
3770,166,8.00609277016,7.62756719884,0.045039533460000045,0.008591752788999952,0.044845905559200004,0.0047206908381999925,0.044042685704699866,0.004613663338646118,0.9822870273514023,0.18738132166355867,3,3,instant_velocity,dbscan_kmeans_fallback,False
3770,167,6.99165094176,7.11206203146,0.04630232411799993,0.0,0.0428885800394,-0.0015799278741999957,0.04286625483736674,-0.0011121061968328268,0.9999997840281664,0.0,3,3,instant_velocity,dbscan_kmeans_fallback,False
3770,168,6.29227538247,6.39966252932,0.05013278911199999,0.002124072217999995,0.050204347249999996,0.009283866208999996,0.04835789879212606,0.006634294217342231,0.9991034447464091,0.04233093565077491,3,3,instant_velocity,dbscan_kmeans_fallback,False
3770,169,1.93880458987,7.44737905006,0.019510115661999984,-0.008854278568999962,0.02320167368512,0.0028877835766000005,0.021444064401060794,0.0015243158449790672,0.9106112721049275,-0.4132628432845453,-1,-1,instant_velocity,dbscan_kmeans_fallback,False
3770,170,1.54060460246,4.4152062947,0.042177207969,-0.0004773195990000367,0.042177207969,-0.0004773195990000367,0.027379827041437203,0.001560835090157994,0.9999357318049403,-0.011316275910955199,-1,-1,instant_velocity,dbscan_kmeans_fallback,False
3770,256,8.3394695038,5.45409240285,-0.00016837208799991288,0.000429587638999962,-0.00018099999440000404,0.0004104948554000032,-0.0001762896307151371,0.00041391042563015143,-0.3649036948183425,0.9310219917178643,-1,-1,instant_velocity,dbscan_kmeans_fallback,False
3770,262,14.9697518523,6.35479448697,0.05802523072000003,-0.005799433132999976,0.06048767250600001,-0.005326886729599991,0.060597892632822295,-0.004576473538802672,0.9950422644943298,-0.09945123881178665,-1,-1,instant_velocity,dbscan_kmeans_fallback,False
3770,278,12.1227903144,8.0772022615,-0.02104651097000012,0.0022434021169999594,-0.030786836236,0.0011646598225999937,-0.024682636504807818,0.0012327430567691683,-0.9943664966855894,0.10599210039697482,4,4,instant_velocity,dbscan_kmeans_fallback,False
3770,279,11.9754647377,7.34213007838,-0.02805499911000009,-0.004319742374999968,-0.025975603830000013,-0.0016372062261999964,-0.02570071729324802,-0.00226694768745107,-0.9883523413816266,-0.1521806318281018,4,4,instant_velocity,dbscan_kmeans_fallback,False
3770,280,13.008848426,7.02733780256,-0.026476510790000064,0.0030787114159999797,-0.023058557409999986,0.0030787114161999972,-0.0223963105748722,0.0020636514915250677,-0.9933068037529182,0.1155025683165011,4,4,instant_velocity,dbscan_kmeans_fallback,False
3770,281,13.3693751587,7.49033781401,-0.030769999029999974,0.0073507218320000515,-0.028219161899999998,-0.00016706185980000399,-0.024185772970652695,0.001956628502099555,-0.9726309075894037,0.23235422399346956,4,4,instant_velocity,dbscan_kmeans_fallback,False
3770,282,12.2280228692,3.72524081373,-0.042093021930000064,-0.0007159793989999664,-0.043545231181999995,-0.001751762929799998,-0.03795810656393061,-0.0012176050193808293,-0.9998551330877383,-0.017006991763757865,-1,-1,instant_velocity,dbscan_kmeans_fallback,False
3770,285,15.2039995193,6.7481058369,0.0,0.0,0.0,0.0,0.0,0.0,0.0,0.0,0,0,instant_velocity,dbscan_kmeans_fallback,False
3770,329,2.88337200187,8.0755316429,-0.02064662725399997,-0.00284005161700005,-0.021046510962599997,-0.00316462894419999,-0.020751565177959726,-0.0029532393860871465,-0.990670978993677,-0.13627197707368552,5,5,instant_velocity,dbscan_kmeans_fallback,False
3770,331,2.99912781216,8.61418681086,-0.010523255482000015,-0.0056085052929999435,-0.010102325262200002,-0.0011026082745999944,-0.012079216618391543,-0.0033195772726473385,-0.8824878841833135,-0.47033334674012506,5,5,instant_velocity,dbscan_kmeans_fallback,False
3770,332,3.46888593685,8.39867701172,-0.011470348474000015,-0.006515412531999942,-0.010599022920800004,-0.007202752755199988,-0.011868266139724252,-0.006299563463498775,-0.8695155066149525,-0.4939041077443148,5,5,instant_velocity,dbscan_kmeans_fallback,False
3770,333,6.44023235454,10.0714435479,-0.0037041859300000366,-0.010524897170000002,-0.005126930070599993,-0.010109629116000001,-0.004881673901883376,-0.010495231946963196,-0.33198417815318626,-0.9432840044099007,-1,-1,instant_velocity,dbscan_kmeans_fallback,False
3770,334,1.00939066576,12.4103095851,0.002041511562999998,0.0,0.0020457208654800006,0.0,0.0008910252845061407,0.0008811617243170517,0.9999951016926879,0.0,-1,-1,instant_velocity,dbscan_kmeans_fallback,False
3770,335,9.84450550273,11.6437343084,0.00616662771200005,-0.01894958810000009,0.0048196510104000015,-0.008916330118000033,0.005190557357190925,-0.01037817784781633,0.3094495185056199,-0.9509153442186595,6,6,instant_velocity,dbscan_kmeans_fallback,False
3770,336,9.67002992685,10.8680899594,-0.000820813927999886,-0.026634433639999955,-0.000820813927999886,-0.026634433639999955,0.0009040444596741281,-0.014711228712071974,-0.03080313742401988,-0.9995250953197404,6,6,instant_velocity,dbscan_kmeans_fallback,False
3770,358,11.9348449715,12.0181915342,-0.011280929880000023,0.017040309699999943,-0.01344030190199998,0.018887536549999986,-0.010053176440559152,0.01485914261913141,-0.5520113986829805,0.8338359773129013,-1,-1,instant_velocity,dbscan_kmeans_fallback,False
3770,360,13.003165868,10.0158358146,-0.022498720219999945,-0.031526959539999844,-0.016677255285999983,-0.03248637193599997,-0.017355361875937753,-0.03015620638537632,-0.5808868930122129,-0.8139839686095842,7,7,instant_velocity,dbscan_kmeans_fallback,False
3770,361,12.8718356396,10.4587884028,-0.018184185470000003,-0.03362716577999993,-0.014484208844000009,-0.030200011055999988,-0.013744919923865485,-0.027506662091346452,-0.4756654715609198,-0.8796259636918943,7,7,instant_velocity,dbscan_kmeans_fallback,False
3770,398,13.1820612112,12.6251034048,-0.02788662702,0.004582268150000068,-0.034293184962000005,0.011742062146000017,-0.027803329143370196,0.008081445631934416,-0.986766859667171,0.16214332229156286,-1,-1,instant_velocity,dbscan_kmeans_fallback,False
3770,399,13.6450844524,9.97836622602,-0.014038022809999972,0.005703969213000093,-0.02313432485,0.004071536183200024,-0.015445014480632086,0.003189828555145881,-0.9264424347539721,0.37643471569865006,2,2,instant_velocity,dbscan_kmeans_fallback,False
3780,142,8.69220902753,9.1650136286,0.0,0.0015035567390000893,0.0,0.001508329934199999,-5.496076352326096e-06,0.0015040057286130372,0.0,0.9999933491479024,-1,-1,instant_velocity,dbscan_kmeans_fallback,False
3780,155,14.9607018526,5.75981560628,0.0026097673599998926,-0.00014319587999995776,0.0026013487539999856,-0.00014319587999999327,0.0027245453709754883,-8.367007747166011e-05,0.9984942549693904,-0.054786593512783435,0,0,instant_velocity,dbscan_kmeans_fallback,False
3780,156,2.04845691199,13.3489585774,-0.023277441124000032,0.013722938489999947,-0.0230122550864,0.014849412738000006,-0.02213821304023924,0.015863740262662143,-0.8614430293954306,0.5078534896537322,1,1,instant_velocity,dbscan_kmeans_fallback,False
3780,158,2.40540573791,12.7458652635,-0.02171999931300004,0.013078557020000048,-0.0213453714182,0.016963938564000004,-0.02046781433737458,0.016925215405062408,-0.8566813829294939,0.5158451505065138,1,1,instant_velocity,dbscan_kmeans_fallback,False
3780,160,12.308210076,10.499121909,-0.00477755798999997,0.002959381520000015,-0.0053331858780000015,0.0013555876619999907,-0.002845532666820573,0.0008219088541662324,-0.8501166240552946,0.5265910811213523,2,2,instant_velocity,dbscan_kmeans_fallback,False
3780,165,7.61399627092,7.95811102144,0.041798370771000036,0.0014796907580000075,0.04253920795740001,0.0018520000455999864,0.040712749448540676,0.0006691450456182998,0.9993737453098072,0.03537851039277231,3,3,instant_velocity,dbscan_kmeans_fallback,False
3780,166,8.44806950037,7.72303111873,0.04419767302099995,0.009546391989000026,0.0449679753226,0.007140701207399989,0.044089181899589894,0.00609348193375229,0.977458976954821,0.21112438527576013,3,3,instant_velocity,dbscan_kmeans_fallback,False
3780,167,7.46856488017,7.17124966179,0.047691393841000004,0.005918763033000029,0.04458913812519999,0.00026252577959999355,0.04431379653845672,0.0009971545721170305,0.992386542587426,0.12316060214754262,3,3,instant_velocity,dbscan_kmeans_fallback,False
3780,168,6.7936032736,6.42066459169,0.05013278911299999,0.002100206237000002,0.0503390449202,0.007598928022799996,0.048890365888388236,0.005274067823239562,0.9991234480901456,0.04185614513651191,3,3,instant_velocity,dbscan_kmeans_fallback,False
3780,169,2.12885458386,7.34260739798,0.019004999399,-0.010477165208000017,0.0221788132522,-0.0003723092875999967,0.020712344900442554,-0.002076128470914659,0.875740008091529,-0.4827820591519199,-1,-1,instant_velocity,dbscan_kmeans_fallback,False
3780,170,1.96848017033,4.37535010815,0.04278755678699999,-0.0039856186549999785,0.04278755678699999,-0.0039856186549999785,0.03200214596510604,-0.00010310103338939799,0.9956894286215041,-0.09274748686996437,-1,-1,instant_velocity,dbscan_kmeans_fallback,False
3780,256,8.33757531782,5.45814961945,-0.0001894185979999463,0.0004057216600000579,-0.00018099999419998625,0.0004104948556000032,-0.00018022832090057984,0.00041145379594112333,-0.42302607138200893,0.9060928637242913,-1,-1,instant_velocity,dbscan_kmeans_fallback,False
3780,278,11.8891740427,8.06741720971,-0.0233616271699999,-0.0009785051790000665,-0.027192092163999995,0.0009689587867999804,-0.02428633370436544,0.0005693685860383977,-0.9991235424338859,-0.041848436053628466,4,4,instant_velocity,dbscan_kmeans_fallback,False
3780,279,11.7033333509,7.30466048983,-0.02721313867999999,-0.003746958855000049,-0.026611208461999995,-0.0025584330530000086,-0.02615444370927361,-0.002710951037715764,-0.9906531509752723,-0.13640236945577122,4,4,instant_velocity,dbscan_kmeans_fallback,False
3780,280,12.744083318,7.05812491673,-0.026476510800000064,0.0030787114169999797,-0.02419506900400002,0.003641948543799991,-0.023620370642410564,0.0023681694691675415,-0.993306803753619,0.11550256831047458,4,4,instant_velocity,dbscan_kmeans_fallback,False
3780,281,13.0677786566,7.54642286694,-0.030159650210000066,0.005608505293000032,-0.028917906064000007,0.0019092783978000049,-0.025977936142456907,0.0030521915393696983,-0.9831449219899896,0.18282617538245474,4,4,instant_velocity,dbscan_kmeans_fallback,False
3780,282,11.80709265,3.73932174191,-0.042093021920000064,0.001408092817999984,-0.042817021902000006,-0.0008114433190000004,-0.039198581170751444,-0.0004298956681665851,-0.9994407160393884,0.03343322075916716,-1,-1,instant_velocity,dbscan_kmeans_fallback,False
3780,283,14.7586553474,7.5822218369,0.0,0.0,0.0,0.0,0.0,0.0,0.0,0.0,0,0,instant_velocity,dbscan_kmeans_fallback,False
3780,285,15.0356274316,6.92710068668,-0.01683720876999999,0.017899484978000046,-0.01683720876999999,0.017899484978000046,-0.005051162630999998,0.005369845493400014,-0.6851623024007916,0.7283898719107527,-1,-1,instant_velocity,dbscan_kmeans_fallback,False
3780,329,2.67290689224,8.03782339455,-0.02104651096300003,-0.0037708248350000416,-0.020747650507,-0.0028973299685999977,-0.02084004891347182,-0.003198515020761015,-0.9843256261421626,-0.17635794946293337,5,5,instant_velocity,dbscan_kmeans_fallback,False
3780,331,2.89389525735,8.55810175792,-0.010523255480999971,-0.005608505294000032,-0.009853976432599998,-0.0018233608699999948,-0.011612428277174071,-0.004006255679053147,-0.8824878841299509,-0.4703333468402496,5,5,instant_velocity,dbscan_kmeans_fallback,False
3780,332,3.35397198699,8.33352288639,-0.011491394986000002,-0.006515412533000031,-0.010851581052399997,-0.007007051719599993,-0.011755204793606977,-0.006364318184349151,-0.8699038935800923,-0.4932197298624174,5,5,instant_velocity,dbscan_kmeans_fallback,False
3780,333,6.49284863195,9.87001467695,0.00526162774100003,-0.020142887095000006,-0.0024498138759999934,-0.012295752881000013,-0.0018386834090183535,-0.01338952849137424,0.2527348443944379,-0.9675350834762768,-1,-1,instant_velocity,dbscan_kmeans_fallback,False
3780,334,1.0298057814,12.4103095851,0.002041511563999987,0.0,0.002045720865599998,0.0,0.0012361711683542948,0.0006168132070219362,0.9999951016926902,0.0,-1,-1,instant_velocity,dbscan_kmeans_fallback,False
3780,335,9.82703689864,11.3155770838,-0.0017468604090000283,-0.032815722459999995,0.004184046379400001,-0.014987835422000018,0.003109332027333639,-0.01710944123147143,-0.05315714431895171,-0.9985858547996073,6,6,instant_velocity,dbscan_kmeans_fallback,False
3780,336,9.66203225269,10.6019842827,-0.00079976741600003,-0.02661056767000005,0.0012964650754000218,-0.018983000467999993,0.0003929008969718805,-0.018281030399450397,-0.030040928322588735,-0.9995482936727178,6,6,instant_velocity,dbscan_kmeans_fallback,False
3780,358,11.8538159043,12.2680683445,-0.008102906720000113,0.024987681029999997,-0.01190390660000002,0.01970852625999999,-0.00946809552439144,0.017897704142391987,-0.3084630379702278,0.9512359291166469,-1,-1,instant_velocity,dbscan_kmeans_fallback,False
3780,360,12.7314554115,9.75712859168,-0.027171045649999927,-0.025870722292000003,-0.019817394721999976,-0.03158423789439997,-0.020300067008156404,-0.028870561157363424,-0.7242237770297562,-0.6895646363466399,7,7,instant_velocity,dbscan_kmeans_fallback,False
3780,361,12.7051472728,10.2306296343,-0.016668836680000076,-0.022815876850000017,-0.016285790182,-0.029340835777999993,-0.014622094950705863,-0.026099426518942523,-0.5899170792220253,-0.8074633934946785,7,7,instant_velocity,dbscan_kmeans_fallback,False
3780,398,12.9278193587,12.6549358798,-0.025424185249999988,0.002983247499999919,-0.03264313850399997,0.008997474449999992,-0.027089585975359133,0.006551986192354067,-0.9931856787473463,0.11653937634673053,-1,-1,instant_velocity,dbscan_kmeans_fallback,False
3780,399,13.5143856193,10.0580785991,-0.01306988331000003,0.007971237307999956,-0.017927418037999986,0.004300649590399992,-0.014732475129442469,0.004624251181002103,-0.8537434594251052,0.5206926147552827,2,2,instant_velocity,dbscan_kmeans_fallback,False
3790,142,8.69220902753,9.18028785578,0.0,0.0015274227179999044,0.0,0.0015131031301999797,-3.8472534466282675e-06,0.0015110308254290975,0.0,0.9999934530667819,-1,-1,instant_velocity,dbscan_kmeans_fallback,False
3790,155,14.9865890611,5.75838364749,0.002588720850000037,-0.00014319587900004648,0.0026013487539999856,-0.00014319587980001102,0.002683798014682853,-0.00010152781793017603,0.9984697594200735,-0.05523065758717102,-1,-1,instant_velocity,dbscan_kmeans_fallback,False
3790,156,1.81568250074,13.486426622,-0.023277441124999985,0.013746804460000029,-0.023281650426800003,0.013742031268000013,-0.022479981465667462,0.01522865952186351,-0.8610565550119033,0.5085084751019814,0,0,instant_velocity,dbscan_kmeans_fallback,False
3790,158,2.18041853572,12.8830946483,-0.02249872021899999,0.013722938479999947,-0.021635813269600002,0.015708588016,-0.021077086101862205,0.01596453232754367,-0.8537248926541952,0.5207235819059759,0,0,instant_velocity,dbscan_kmeans_fallback,False
3790,160,12.2880054255,10.6093827365,-0.0020204650500000197,0.01102608275000012,-0.0046428603180000035,0.003369876372,-0.002598012381774407,0.0038831610229163992,-0.18024282765822466,0.9836212375233,1,1,instant_velocity,dbscan_kmeans_fallback,False
3790,165,8.02819160667,7.97362390843,0.041419533574999876,0.0015512886989999864,0.042257184710599985,0.0014271856023999874,0.040924784686478435,0.0009337881416328058,0.9992991296826539,0.037426820463591554,2,2,instant_velocity,dbscan_kmeans_fallback,False
3790,166,8.89004623058,7.81849503861,0.04419767302099995,0.009546391988000025,0.04492588230059999,0.008720629081400002,0.044121729236012916,0.007129354950026611,0.9774589769593849,0.2111243852546303,2,2,instant_velocity,dbscan_kmeans_fallback,False
3790,167,7.95494974852,7.27005481887,0.04863848683500001,0.009880515708000016,0.04647911480979999,0.0028973299683999975,0.0456112036274197,0.0036621629128819264,0.9799838869609075,0.19907581051095743,2,2,instant_velocity,dbscan_kmeans_fallback,False
3790,168,7.29514162984,6.44166665407,0.05015383562400002,0.002100206238000002,0.05026748678299999,0.005560773333399993,0.04926940680907177,0.004321909347667694,0.9991241825565207,0.0418386114368834,2,2,instant_velocity,dbscan_kmeans_fallback,False
3790,169,2.31869411274,7.23783574591,0.018983952887999988,-0.010477165207000016,0.021147534214999996,-0.0036324021515999937,0.020193827296709786,-0.0045964394917402665,0.8755136770061952,-0.48319238301419687,-1,-1,instant_velocity,dbscan_kmeans_fallback,False
3790,170,2.39656620331,4.33573258139,0.042808603298,-0.003961752675999986,0.04205513820546,0.00022434021160000484,0.035244083164974224,-0.0012606965261725744,0.9957447269408158,-0.09215190481944446,-1,-1,instant_velocity,dbscan_kmeans_fallback,False
3790,171,0.294651153476,6.12759035764,0.0,0.0,0.0,0.0,0.0,0.0,0.0,0.0,3,3,instant_velocity,dbscan_kmeans_fallback,False
3790,172,0.233405806575,5.53810065235,0.0,0.0,0.0,0.0,0.0,0.0,0.0,0.0,3,3,instant_velocity,dbscan_kmeans_fallback,False
3790,256,8.33568113183,5.46220683604,-0.0001894185990000352,0.000405721658999969,-0.00018099999419998625,0.0004104948554000032,-0.00018298540433041646,0.00040973415485877704,-0.42302607407191706,0.9060928624684319,-1,-1,instant_velocity,dbscan_kmeans_fallback,False
3790,278,11.6206205629,8.00990019798,-0.02685534798000013,-0.005751701172999901,-0.024296092254,-0.00018138144779999976,-0.02505703798705585,-0.0013269523416730923,-0.977824552962273,-0.20942400867230104,4,4,instant_velocity,dbscan_kmeans_fallback,False
3790,279,11.5080217292,7.32184399541,-0.019531162170000015,0.0017183505580000257,-0.025706208490000007,-0.002386597997200006,-0.02416745924749153,-0.001382160559001027,-0.9961515807680563,0.08764136049695173,4,4,instant_velocity,dbscan_kmeans_fallback,False
3790,280,12.4852112332,7.02900842116,-0.025887208480000014,-0.00291164955699994,-0.025163208505999998,0.0021765773734000148,-0.0243004219936874,0.0007842237613172969,-0.9937337549524312,-0.11176965834761693,4,4,instant_velocity,dbscan_kmeans_fallback,False
3790,281,12.7800728518,7.56241307352,-0.028770580479999985,0.0015990206579999723,-0.029338836282000003,0.003183721728200002,-0.026815729443719828,0.0026162402749587803,-0.9984587473352482,0.05549266426027417,4,4,instant_velocity,dbscan_kmeans_fallback,False
3790,282,11.3861624307,3.76247174248,-0.042093021929999884,0.002315000056999983,-0.04209302192599999,0.0003102577395999973,-0.04006691339852597,0.0003935730493833855,-0.9984908370785636,0.05491424085908678,-1,-1,instant_velocity,dbscan_kmeans_fallback,False
3790,283,14.5164100062,7.80632338883,-0.02422453412000003,0.022410155193000048,-0.02422453412000003,0.022410155193000048,-0.00726736023600001,0.006723046557900015,-0.7340620399423218,0.6790819652055133,5,5,instant_velocity,dbscan_kmeans_fallback,False
3790,284,14.8384216239,8.51943887037,0.0,0.0,0.0,0.0,0.0,0.0,0.0,0.0,-1,-1,instant_velocity,dbscan_kmeans_fallback,False
3790,285,14.8672553439,7.10609553647,-0.01683720876999999,0.017899484978999958,-0.01683720876999999,0.017899484978999958,-0.008586976472699995,0.009128737339079998,-0.6851623023804847,0.7283898719298544,5,5,instant_velocity,dbscan_kmeans_fallback,False
3790,329,2.46244178262,8.00011514619,-0.021046510961999988,-0.003770824835999953,-0.020705557485000005,-0.0029737011046000105,-0.02090198752803027,-0.0033702079653326967,-0.9843256261325898,-0.176357949516363,6,6,instant_velocity,dbscan_kmeans_fallback,False
3790,331,2.78866270254,8.50201670499,-0.010523255481000016,-0.0056085052929999435,-0.010102325262000002,-0.003226680492199989,-0.011285676438321856,-0.004486930563237186,-0.8824878841647622,-0.47033334677493255,6,6,instant_velocity,dbscan_kmeans_fallback,False
3790,332,3.21759059596,8.27027803947,-0.013638139103000001,-0.006324484691999999,-0.011537697309599996,-0.00676839191980001,-0.012320085086424883,-0.006352368136644406,-0.9071990399881005,-0.4207000968145086,6,6,instant_velocity,dbscan_kmeans_fallback,False
3790,333,6.54546490935,9.66882446579,0.005261627739999941,-0.020119021116000013,-0.00012206976359999899,-0.014372093138200022,0.00029140993568713505,-0.015408376278761973,0.2530154664073142,-0.9674617367216867,-1,-1,instant_velocity,dbscan_kmeans_fallback,False
3790,334,1.05022089703,12.4103095851,0.0020415115630000092,0.0,0.0020457208655399995,0.0,0.001477773286748009,0.0004317692449153553,0.9999951016926879,0.0,-1,-1,instant_velocity,dbscan_kmeans_fallback,False
3790,335,9.80935782943,10.9874198592,-0.0017679069209998843,-0.032815722459999995,0.003544232446200013,-0.021064113922000017,0.0016461603428335816,-0.02182132560003,-0.05379574942894143,-0.9985516555302634,7,7,instant_velocity,dbscan_kmeans_fallback,False
3790,336,9.61825550989,10.1907734478,-0.004377674280000044,-0.04112108349000003,-0.0002273023184000067,-0.024820619169999992,-0.001038271656119697,-0.02513304632661529,-0.10585993645675086,-0.9943808074464843,7,7,instant_velocity,dbscan_kmeans_fallback,False
3790,358,11.7805740462,12.5379925779,-0.007324185809999939,0.026992423340000116,-0.01021176711799999,0.020930464434000023,-0.00882492261007399,0.020626119901674428,-0.2618729755971307,0.9651019788400658,-1,-1,instant_velocity,dbscan_kmeans_fallback,False
3790,360,12.4595344898,9.4986600286,-0.027192092170000137,-0.0258468563080001,-0.022961743460000007,-0.03067733065599999,-0.022367674556709523,-0.027963449702554426,-0.724807963843158,-0.6889505660405439,8,8,instant_velocity,dbscan_kmeans_fallback,False
3790,361,12.5447728592,10.0487708669,-0.01603744135999996,-0.01818587673999996,-0.016689883194000003,-0.027278815107999996,-0.015046698873494092,-0.02372536158525975,-0.661414486413647,-0.7500200346153592,8,8,instant_velocity,dbscan_kmeans_fallback,False
3790,398,12.7236682024,12.7160327885,-0.02041511563,0.006109690869999973,-0.029831324637999968,0.007107288833999981,-0.02508724487175139,0.006419297595647839,-0.9580173401317684,0.28670862817467785,-1,-1,instant_velocity,dbscan_kmeans_fallback,False
3790,399,13.421780971,10.2299136549,-0.009260464830000004,0.01718350558000008,-0.012488999605999994,0.006510639335800015,-0.013090872039609729,0.008392027500701497,-0.47440964205232716,0.8803036220172116,1,1,instant_velocity,dbscan_kmeans_fallback,False
3800,142,8.69220902753,9.19532342316,0.0,0.0015035567380000004,0.0,0.001508329934199999,-2.693077412639787e-06,0.0015087885992003682,0.0,0.999993349147898,-1,-1,instant_velocity,dbscan_kmeans_fallback,False
3800,155,15.0126867347,5.75695168869,0.0026097673600000704,-0.00014319587999995776,0.0026013487560000216,-0.00014319587979999326,0.002661588818278018,-0.00011402823655111055,0.9984942549693907,-0.054786593512779716,-1,-1,instant_velocity,dbscan_kmeans_fallback,False
3800,156,1.58290808949,13.6238946666,-0.023277441124999985,0.013746804460000029,-0.023281650426800003,0.013742031266000012,-0.022719219363467217,0.014784103003304464,-0.8610565550119033,0.5085084751019814,0,0,instant_velocity,dbscan_kmeans_fallback,False
3800,158,1.8847150567,13.0761704263,-0.029570347901999992,0.0193075777999999,-0.023340580657400002,0.015565392137999972,-0.023625064641903542,0.01696744596928054,-0.8373178375703418,0.5467158974860632,0,0,instant_velocity,dbscan_kmeans_fallback,False
3800,160,12.2675903099,10.7194049041,-0.0020415115600000535,0.01100221675999986,-0.003956744060000013,0.005379391883999993,-0.002431062135242101,0.0060188777440414384,-0.18244022552400138,0.9832160377079959,1,1,instant_velocity,dbscan_kmeans_fallback,False
3800,165,8.44238694241,7.98889813561,0.04141953357400006,0.0015274227180000822,0.04200462657899999,0.0014558247782000145,0.041073209352734924,0.0011118785145429887,0.9993204998750307,0.03685181126787157,2,2,instant_velocity,dbscan_kmeans_fallback,False
3800,166,9.30739854297,7.94045019627,0.041735231239000116,0.012195515765999953,0.04415557999940001,0.009565484772599983,0.043405779836909075,0.008649203194818614,0.9598590780181533,0.28048188955928777,2,2,instant_velocity,dbscan_kmeans_fallback,False
3800,167,8.44112415175,7.36885997595,0.04861744032299997,0.009880515708000016,0.04751039384679998,0.005135958889800012,0.04651307463609378,0.005527668751417353,0.9799670707141688,0.1991585729562456,2,2,instant_velocity,dbscan_kmeans_fallback,False
3800,168,7.67818812936,6.53498263575,0.03830464995199998,0.009331598168,0.04782609151139999,0.004973670225999989,0.04597997975195023,0.005824815993767386,0.9715842836044096,0.23669278096267055,2,2,instant_velocity,dbscan_kmeans_fallback,False
3800,169,2.50874410674,7.13306409384,0.01900499940000002,-0.010477165207000016,0.0201246737824,-0.0068924950156000085,0.019837178927696857,-0.006360657206318192,0.8757400081217512,-0.4827820590970981,-1,-1,instant_velocity,dbscan_kmeans_fallback,False
3800,170,2.87284874639,4.21234546494,0.047628254307999995,-0.012338711645,0.04333055676974,-0.0031980413161999976,0.03895933450788196,-0.004584101061820803,0.9680428723523048,-0.25078395241427864,-1,-1,instant_velocity,dbscan_kmeans_fallback,False
3800,171,0.547209285026,6.1633893276,0.025255813154999994,0.0035798969960000094,0.025255813154999994,0.0035798969960000094,0.007576743946499999,0.001073969098800003,0.9901026123412773,0.1403425558266212,3,3,instant_velocity,dbscan_kmeans_fallback,False
3800,172,0.463023241176,5.54884034334,0.0229617434601,0.0010739690990000383,0.0229617434601,0.0010739690990000383,0.006888523038030001,0.00032219072970001155,0.9989075418754045,0.04672100943016107,3,3,instant_velocity,dbscan_kmeans_fallback,False
3800,256,8.33399741095,5.46626405264,-0.00016837208800009052,0.0004057216599999691,-0.00018099999440000404,0.00041049485559998546,-0.00017860140943131868,0.0004085304064011347,-0.3832899548342098,0.9236034225373815,-1,-1,instant_velocity,dbscan_kmeans_fallback,False
3800,278,11.352067083,7.95238318625,-0.026855347989999955,-0.005751701173000079,-0.02383306901400001,-0.00159902065819999,-0.02559653098793908,-0.0026543769910711886,-0.9778245529782408,-0.20942400859774654,4,4,instant_velocity,dbscan_kmeans_fallback,False
3800,279,11.3124996424,7.33878884119,-0.01955220867999987,0.0016944845780000328,-0.024485510853999984,-0.0017994948897999841,-0.02278288407724403,-0.0004591670179007089,-0.9962651376301401,0.08634093155113377,4,4,instant_velocity,dbscan_kmeans_fallback,False
3800,280,12.2280228692,6.98485635821,-0.025718836399999924,-0.004415206295000029,-0.026097673593999993,0.0004104948554000032,-0.024725946315581157,-0.0007756052555779011,-0.9855818806578138,-0.16919689740389499,4,4,instant_velocity,dbscan_kmeans_fallback,False
3800,281,12.492577512,7.5781646203,-0.028749533979999953,0.0015751546779999791,-0.029759766501999997,0.0044533918626,-0.027395870804603865,0.00230391459587114,-0.9985021133615595,0.054706809367708865,4,4,instant_velocity,dbscan_kmeans_fallback,False
3800,282,10.9652322115,3.78538308326,-0.042093021920000064,0.0022911340780000346,-0.04209302192399999,0.0009116804350000063,-0.0406747459549682,0.0009628413579683803,-0.9985217199818347,0.05434979566498147,-1,-1,instant_velocity,dbscan_kmeans_fallback,False
3800,283,14.2739541999,8.03042494076,-0.024245580629999885,0.022410155192999957,-0.024245580629999885,0.022410155192999957,-0.012360826354199973,0.011429179148429999,-0.73435593839511,0.6787641342757816,1,1,instant_velocity,dbscan_kmeans_fallback,False
3800,284,14.6959367447,8.68101155478,-0.014248487919999952,0.016157268441000027,-0.014248487919999952,0.016157268441000027,-0.004274546375999986,0.004847180532300009,-0.6614144519987669,0.750019995925367,1,1,instant_velocity,dbscan_kmeans_fallback,False
3800,285,14.6751006989,7.35263110957,-0.019215464500000046,0.024653557310000008,-0.019215464500000046,0.024653557310000008,-0.01177552288089001,0.013786183330356002,-0.6147469210462617,0.7887240222145047,1,1,instant_velocity,dbscan_kmeans_fallback,False
3800,329,2.25197667299,7.96240689784,-0.021046510962999986,-0.0037708248349999527,-0.020836045852999998,-0.0032791856479999913,-0.020945344558521185,-0.0034903930262328736,-0.9843256261421633,-0.17635794946292974,5,5,instant_velocity,dbscan_kmeans_fallback,False
3800,331,2.55715108195,8.43901051787,-0.02315116205900001,-0.0063006187119999165,-0.012876255406800007,-0.004768422798199978,-0.0148453221245253,-0.005031037007866005,-0.9649043591100235,-0.26259996991967405,5,5,instant_velocity,dbscan_kmeans_fallback,False
3800,332,2.99470804486,8.21419298654,-0.02228825511000001,-0.0056085052929999435,-0.013949627466000002,-0.006391309436199997,-0.015310536093497421,-0.006129209283551066,-0.9697678526345551,-0.24402754310012423,5,5,instant_velocity,dbscan_kmeans_fallback,False
3800,333,6.59808118676,9.46739559483,0.00526162774100003,-0.020142887095999918,0.0016710929703999966,-0.01629091792939999,0.0017824752772810037,-0.016828729523933356,0.2527348443826933,-0.9675350834793447,-1,-1,instant_velocity,dbscan_kmeans_fallback,False
3800,334,1.21312089188,12.4298796887,0.016289999485000005,0.0019570103599999555,0.00489541844986,0.0003914020719999911,0.005921441146223608,0.0008893415794407354,0.992860287174128,0.11927795760960387,-1,-1,instant_velocity,dbscan_kmeans_fallback,False
3800,335,9.81672410826,10.637305933,0.0007366278830000184,-0.03501139261999988,0.0025929301506000257,-0.02651987694399999,0.0013733006048835125,-0.025778345706020965,0.021035001213059096,-0.9997784542627304,6,6,instant_velocity,dbscan_kmeans_fallback,False
3800,336,9.56563923248,9.7432863233,-0.005261627740999942,-0.044748712450000026,-0.001927860404199997,-0.03138376366199999,-0.0023052784815837707,-0.031017746163630712,-0.11677715341926248,-0.9931579192440197,6,6,instant_velocity,dbscan_kmeans_fallback,False
3800,358,11.7197496295,12.7706858827,-0.006082441669999916,0.02326933047999997,-0.008814278791999967,0.021866010849999996,-0.008002178328051768,0.021419083075172093,-0.25289597498988525,0.9674930461111234,-1,-1,instant_velocity,dbscan_kmeans_fallback,False
3800,360,12.2299170552,9.20582445435,-0.022961743459999972,-0.02928355742500006,-0.023837278316000018,-0.029569949185000013,-0.022545895227696656,-0.028359482019288115,-0.6170440541578737,-0.7869282672356345,7,7,instant_velocity,dbscan_kmeans_fallback,False
3800,361,12.2806391466,9.82085075821,-0.026413371259999964,-0.022792010869000023,-0.019026045911999995,-0.02610938208780002,-0.018456700589445853,-0.023445356370381833,-0.757099740579616,-0.6532988669394006,7,7,instant_velocity,dbscan_kmeans_fallback,False
3800,398,12.5946530902,12.8236683582,-0.012901511220000116,0.01076355697000011,-0.024868557354000023,0.007073876464000008,-0.021431524776226007,0.0077225754079535205,-0.7678607408326207,0.6406158695708462,-1,-1,instant_velocity,dbscan_kmeans_fallback,False
3800,399,13.3291763228,10.4017487107,-0.009260464820000003,0.017183505579999904,-0.011769208929999983,0.009947340451799996,-0.011941749873726811,0.01102947092449102,-0.4744096416553349,0.880303622231157,1,1,instant_velocity,dbscan_kmeans_fallback,False
3810,142,8.69220902753,9.21035899054,0.0,0.0015035567380000004,0.0,0.001508329934199999,-1.885154188847851e-06,0.0015072190408402578,0.0,0.999993349147898,-1,-1,instant_velocity,dbscan_kmeans_fallback,False
3810,155,15.0385739432,5.75551972989,0.002588720849999859,-0.00014319588000004656,0.002601348755999986,-0.00014319587980001102,0.00263972842779457,-0.00012277852958579135,0.9984697593988034,-0.055230657971698335,0,0,instant_velocity,dbscan_kmeans_fallback,False
3810,158,1.58901157767,13.2694848641,-0.029570347902999995,0.01933144378000016,-0.0250200922324,0.01570381482200002,-0.02540864962023248,0.017676645312496426,-0.8370084570848554,0.5471894339761553,-1,-1,instant_velocity,dbscan_kmeans_fallback,False
3810,160,12.2473856593,10.8296657316,-0.002020465059999843,0.01102608275000012,-0.003266418501999979,0.0073936805960000025,-0.0023078830126694234,0.007521039245829043,-0.18024282852131362,0.9836212373651442,1,1,instant_velocity,dbscan_kmeans_fallback,False
3810,165,8.82564390704,8.04951772474,0.03832569646300001,0.006061958912999899,0.041129091723,0.002396144389199986,0.04024895548581445,0.002596902634080062,0.9877208560485315,0.15622738265590808,2,2,instant_velocity,dbscan_kmeans_fallback,False
3810,166,9.68749853095,8.10202288067,0.038009998797999954,0.016157268440000115,0.042636021907800005,0.011207464194400014,0.041787045525236335,0.010901622768373065,0.9203043807702359,0.39120245716490804,2,2,instant_velocity,dbscan_kmeans_fallback,False
3810,167,8.83090553478,7.496304309,0.03897813830299999,0.01274443330499997,0.04604555668399998,0.0076848455508000055,0.04425259373616565,0.007692698117492139,0.9504837103112614,0.310773597224844,2,2,instant_velocity,dbscan_kmeans_fallback,False
3810,168,8.04797532697,6.63617439083,0.03697871976100009,0.010119175508000034,0.04514055671240001,0.005155051673800006,0.043279601754665185,0.007113123848037179,0.9645376293268795,0.26394438796993674,2,2,instant_velocity,dbscan_kmeans_fallback,False
3810,169,2.74025572732,7.09774244348,0.023151162058000007,-0.0035321650360000236,0.0199310458814,-0.008763587845400007,0.0208313738667878,-0.005512109555222741,0.9885601545188253,-0.15082429145571033,3,3,instant_velocity,dbscan_kmeans_fallback,False
3810,170,3.38154291635,4.03335061516,0.050869416996000005,-0.017899484978000046,0.0452542078716,-0.007732577510600009,0.04253235925431737,-0.008578716236674576,0.9433064888352506,-0.3319224265511874,-1,-1,instant_velocity,dbscan_kmeans_fallback,False
3810,171,0.799767416577,6.19918829756,0.025255813155100004,0.0035798969960000094,0.025255813155100004,0.0035798969960000094,0.01288046470908,0.0018257474679600051,0.9901026123413544,0.14034255582607638,3,3,instant_velocity,dbscan_kmeans_fallback,False
3810,172,0.692640675778,5.55958003432,0.022961743460200003,0.0010739690979999494,0.022961743460200003,0.0010739690979999494,0.011710489164681002,0.000547724240189993,0.9989075418774446,0.04672100938654601,3,3,instant_velocity,dbscan_kmeans_fallback,False
3810,173,14.6805727917,5.25505012989,0.0,0.0,0.0,0.0,0.0,0.0,0.0,0.0,0,0,instant_velocity,dbscan_kmeans_fallback,False
3810,256,8.33210322497,5.47055992903,-0.0001894185979999463,0.00042958763900005084,-0.00018099999419998625,0.00041526805140000176,-0.00018184656600190696,0.00041484757618080953,-0.40344375494661994,0.9149811686225375,-1,-1,instant_velocity,dbscan_kmeans_fallback,False
3810,278,11.1533880195,7.92732390728,-0.01986790635000002,-0.002505927896999971,-0.023597348092000026,-0.0025488866610000114,-0.023877943596557365,-0.0026098422628498233,-0.9921388525981774,-0.12513791763586163,4,4,instant_velocity,dbscan_kmeans_fallback,False
3810,279,11.135077555,7.3278104904,-0.017742208740000008,-0.0010978350790000313,-0.022418743475999994,-0.001150340234599998,-0.02127068147607082,-0.0006507674362305057,-0.9980905352748857,-0.0617588721731321,4,4,instant_velocity,dbscan_kmeans_fallback,False
3810,280,11.9763065981,6.93545377967,-0.025171627109999938,-0.004940257853999963,-0.025946138716,-0.0012219381745999947,-0.024859650553906792,-0.0020250010351045198,-0.9812791628168168,-0.1925887456495179,4,4,instant_velocity,dbscan_kmeans_fallback,False
3810,281,12.2280228692,7.59487080628,-0.026455464280000028,0.00167061859800004,-0.028981045596,0.003560804211800015,-0.027113748847222716,0.00211392579650981,-0.9980117106641544,0.06302278074620013,4,4,instant_velocity,dbscan_kmeans_fallback,False
3810,282,10.5544043175,3.81187432102,-0.041082789400000055,0.0026491237759999732,-0.041890975420000025,0.0015894742660000015,-0.04079715898847776,0.001468726083377858,-0.9979272177688546,0.06434891004039205,-1,-1,instant_velocity,dbscan_kmeans_fallback,False
3810,283,14.0613844392,8.27361927667,-0.0212569760700001,0.024319433591000104,-0.0212569760700001,0.024319433591000104,-0.015029671268940012,0.01529625548120103,-0.6581092861615558,0.7529220067671819,1,1,instant_velocity,dbscan_kmeans_fallback,False
3810,284,14.5532414004,8.84282289898,-0.014269534430000164,0.01618113442000002,-0.014269534430000164,0.01618113442000002,-0.00727304279220004,0.008247366698610013,-0.6614144524489312,0.7500199964412395,1,1,instant_velocity,dbscan_kmeans_fallback,False
3810,285,14.4726332634,7.62804451844,-0.02024674354999991,0.027541340887000044,-0.02024674354999991,0.027541340887000044,-0.014316889081622982,0.017912730597349213,-0.592309718041471,0.805710005412851,1,1,instant_velocity,dbscan_kmeans_fallback,False
3810,329,1.97837203048,7.92183473189,-0.027360464251000007,-0.004057216595000046,-0.022229324878599997,-0.0036419485436000086,-0.02286988046626483,-0.0036604400968630255,-0.9891831035044083,-0.14668355281599613,5,5,instant_velocity,dbscan_kmeans_fallback,False
3810,331,2.31153829902,8.37528835134,-0.024561278292999988,-0.006372216653000073,-0.0158564413592,-0.005899670248999982,-0.017760108975067707,-0.0054333909014062255,-0.967953632505713,-0.2511274121324016,5,5,instant_velocity,dbscan_kmeans_fallback,False
3810,332,2.77203595888,8.15786927381,-0.022267208597999976,-0.005632371273000025,-0.016231069254200002,-0.006119237264599988,-0.01739753784484819,-0.005980157880385754,-0.969466653787477,-0.2452214028935129,5,5,instant_velocity,dbscan_kmeans_fallback,False
3810,333,6.72267653166,9.29150332244,0.012459534490000035,-0.01758922723899996,0.0049080463564,-0.01770378394319998,0.004985593041096714,-0.01705687883845334,0.5780324734601681,-0.8160131933799143,-1,-1,instant_velocity,dbscan_kmeans_fallback,False
3810,334,1.39159530484,12.4515977304,0.017847441296,0.00217180416999998,0.0080523950942,0.0008257629059999871,0.009499241191156527,0.0012740803566085087,0.9926767917801059,0.12079600431762842,-1,-1,instant_velocity,dbscan_kmeans_fallback,False
3810,335,9.82661596842,10.2850440687,0.0009891860159999765,-0.035226186430000084,0.0008755348562000264,-0.03096372241400001,0.0012580662282184517,-0.028612697923214702,0.02806991215624579,-0.9996056785033073,6,6,instant_velocity,dbscan_kmeans_fallback,False
3810,336,9.48040086308,9.39675229412,-0.008523836940000074,-0.0346534029179999,-0.003956744060999995,-0.03475364003359999,-0.004170846019108662,-0.032108443189941466,-0.23885433483017557,-0.9710551201113027,6,6,instant_velocity,dbscan_kmeans_fallback,False
3810,358,11.6711321892,12.9666255782,-0.004861744030000103,0.01959396954999999,-0.007530441622000019,0.022376742820000003,-0.007060048038636269,0.02087154901762046,-0.24082190765935427,0.9705688116307918,7,7,instant_velocity,dbscan_kmeans_fallback,False
3810,360,12.0002996206,8.9127502203,-0.022961743459999972,-0.029307423404999967,-0.02455706899199999,-0.028367103793999995,-0.022670649697387652,-0.02864386443500167,-0.6167327462181463,-0.7871722699380611,8,8,instant_velocity,dbscan_kmeans_fallback,False
3810,361,11.9474728781,9.56238219512,-0.03331662685000012,-0.02584685630900001,-0.022124092324000023,-0.02465355730959999,-0.022914678467612134,-0.024165806351967287,-0.7901108180624082,-0.6129636374831698,8,8,instant_velocity,dbscan_kmeans_fallback,False
3810,398,12.465637978,12.9315425877,-0.01290151121999994,0.010787422949999837,-0.019905790068000008,0.007045237287999982,-0.018872520709358187,0.008642029670567417,-0.7671622031559725,0.6414522311051568,7,7,instant_velocity,dbscan_kmeans_fallback,False
3810,399,13.1961623735,10.5726291273,-0.013301394930000043,0.01708804166000011,-0.011786046140000011,0.013026051868200028,-0.012349643390608782,0.012847042145143747,-0.6142480375557503,0.7891124284756454,1,1,instant_velocity,dbscan_kmeans_fallback,False
3820,142,8.69220902753,9.22539455792,0.0,0.0015035567380000004,0.0,0.001508329934199999,-1.3196079321934956e-06,0.0015061203499881805,0.0,0.999993349147898,-1,-1,instant_velocity,dbscan_kmeans_fallback,False
3820,155,15.0646716168,5.75432643089,0.0026097673600000704,-0.0001193298999999648,0.002601348755999986,-0.00013842268379999468,0.00263074010745622,-0.00012174394071004338,0.9989524547508105,-0.045676445478316646,-1,-1,instant_velocity,dbscan_kmeans_fallback,False
3820,158,1.29330809865,13.4627993018,-0.029570347901999992,0.019331443769999977,-0.0265859526478,0.016954392170000006,-0.026657159104762733,0.01817308484974749,-0.8370084572060232,0.547189433790811,-1,-1,instant_velocity,dbscan_kmeans_fallback,False
3820,160,12.2271810088,10.9396878993,-0.0020204650500000197,0.01100221677000004,-0.0025760929419999814,0.009403196110000032,-0.0022216576238686023,0.008565392503080343,-0.18062106753141124,0.9835518502086356,0,0,instant_velocity,dbscan_kmeans_fallback,False
3820,165,9.18869622114,8.13996978883,0.03630523141000008,0.009045206408999995,0.039853673158600014,0.003933113499399994,0.039065838263070134,0.0045313937665560425,0.9703375147543053,0.24175312390189638,1,1,instant_velocity,dbscan_kmeans_fallback,False
3820,166,10.0675985189,8.26383422488,0.03800999879500004,0.016181134420999933,0.0412301149748,0.01272534052080001,0.04065393150616545,0.012485476264161126,0.9200962580917528,0.3916917049310757,1,1,instant_velocity,dbscan_kmeans_fallback,False
3820,167,9.17922529121,7.63639761143,0.03483197564300013,0.01400933024299995,0.04375148698900002,0.010486711599399996,0.04142640830821599,0.009587687755144483,0.9277717832843096,0.373147404424614,1,1,instant_velocity,dbscan_kmeans_fallback,False
3820,168,8.41797298969,6.73736614591,0.03699976627199995,0.010119175508000034,0.042513952144400007,0.006754072331800014,0.04139565110986561,0.008014939346026036,0.9645758439149124,0.26380470037560183,1,1,instant_velocity,dbscan_kmeans_fallback,False
3820,169,2.98229060339,7.0798429585,0.024203487606999995,-0.0017899484980000047,0.020869720270400002,-0.007350721831200015,0.02184300798885146,-0.00439546123805592,0.9972761467354563,-0.07375271572118779,2,2,instant_velocity,dbscan_kmeans_fallback,False
3820,170,3.8942359234,3.86390215736,0.05126930070500002,-0.016944845779999974,0.0470726264188,-0.011026082746799996,0.045153441689522164,-0.011088555099672196,0.9494852101497314,-0.31381119373857586,-1,-1,instant_velocity,dbscan_kmeans_fallback,False
3820,171,1.05232554813,6.23498726751,0.0252558131553,0.0035798969950000094,0.0252558131553,0.0035798969950000094,0.016593069242946,0.0023519923260720064,0.9901026123469562,0.1403425557865561,2,2,instant_velocity,dbscan_kmeans_fallback,False
3820,172,0.922258110379,5.57055838511,0.022961743460099993,0.0010978350790000313,0.022961743460099993,0.0010978350790000313,0.015085865453306702,0.0007127574918330045,0.9988585522255362,0.04775691181716578,2,2,instant_velocity,dbscan_kmeans_fallback,False
3820,173,14.2268100154,5.26984703747,-0.04537627762999996,0.0014796907580000075,-0.04537627762999996,0.0014796907580000075,-0.01361288328899999,0.0004439072274000023,-0.9994685187742046,0.03259201519792334,-1,-1,instant_velocity,dbscan_kmeans_fallback,False
3820,256,8.33041950409,5.47461714563,-0.00016837208799991288,0.0004057216599999691,-0.00018099999419998625,0.0004104948556000032,-0.00017780422260130874,0.00041210980132655743,-0.38328995483386485,0.9236034225375247,-1,-1,instant_velocity,dbscan_kmeans_fallback,False
3820,278,11.0243729073,7.93496102087,-0.01290151121999994,0.0007637113590000411,-0.02196834814199999,-0.0028448248125999952,-0.020585013883590138,-0.0015977761762948639,-0.9982517653482664,0.059092008628917676,3,3,instant_velocity,dbscan_kmeans_fallback,False
3820,279,10.9997484895,7.25096203489,-0.013532906550000057,-0.007684845551000042,-0.01951432496399999,-0.0018233608698000126,-0.018949348998249592,-0.002760990870661367,-0.869574813569758,-0.4937999174555164,3,3,instant_velocity,dbscan_kmeans_fallback,False
3820,280,11.7742600929,6.83998985979,-0.020204650520000023,-0.009546391988000025,-0.024691766661999993,-0.0037469588553999955,-0.02346315054373476,-0.004281418320973172,-0.9041565221233501,-0.4272002908514701,3,3,instant_velocity,dbscan_kmeans_fallback,False
3820,281,12.0175577596,7.61324761086,-0.02104651095999994,0.0018376804579999905,-0.027036347981999994,0.002458195937000003,-0.02529357748105588,0.0020310521949568642,-0.9962092149235134,0.08698421366961141,3,3,instant_velocity,dbscan_kmeans_fallback,False
3820,282,10.150311307,3.84051349699,-0.04040930104999987,0.0028639175969999986,-0.041554231243999984,0.0023054536651999948,-0.040680801606934394,0.0018872835374645004,-0.9974977034489058,0.07069538823103244,-1,-1,instant_velocity,dbscan_kmeans_fallback,False
3820,283,13.9679379305,8.59175278968,-0.00934465086999996,0.03181335130099985,-0.00934465086999996,0.03181335130099985,-0.013324165149257997,0.020251384227140675,-0.28182709758567864,0.9594648945546318,4,4,instant_velocity,dbscan_kmeans_fallback,False
3820,284,14.4107565212,9.00439558339,-0.014248487919999952,0.016157268441000027,-0.014248487919999952,0.016157268441000027,-0.009365676330540014,0.010620337221327018,-0.6614144519987669,0.750019995925367,0,0,instant_velocity,dbscan_kmeans_fallback,False
3820,285,14.2857402461,7.9103790615,-0.018689301730000097,0.02823345430599993,-0.018365185464000008,0.023245464491999997,-0.015628612876136115,0.02100894770994443,-0.5519776081849083,0.8338585787615542,4,4,instant_velocity,dbscan_kmeans_fallback,False
3820,329,1.66267436604,7.87911462774,-0.031569766444,-0.004272010414999983,-0.024413952716600004,-0.003928340303199995,-0.025479846259585385,-0.0038439111923041125,-0.990967834185605,-0.13409744148979805,5,5,instant_velocity,dbscan_kmeans_fallback,False
3820,331,2.06613598119,8.31180484462,-0.024540231783,-0.006348350672000081,-0.018659836619399996,-0.006047639324800009,-0.019794145817447394,-0.005707878832584382,-0.9681298971869076,-0.2504470266514546,5,5,instant_velocity,dbscan_kmeans_fallback,False
3820,332,2.54915340778,8.10178422087,-0.02228825511000001,-0.005608505294000032,-0.0183946505814,-0.005937855817000006,-0.018864753024393735,-0.005868662104470037,-0.9697678526242576,-0.24402754314104713,5,5,instant_velocity,dbscan_kmeans_fallback,False
3820,333,6.86516141088,9.12229352445,0.014248487921999953,-0.01692097979899998,0.008498581126799997,-0.018983000468999974,0.0077644615053676855,-0.017016109126617333,0.6441153997387965,-0.7649277401833354,-1,-1,instant_velocity,dbscan_kmeans_fallback,False
3820,334,1.57028018292,12.4733157722,0.01786848780799999,0.002171804179999981,0.011217790343199998,0.0012601237419999833,0.012010015176209567,0.0015433975036259504,0.992693843798579,0.12065579709866421,-1,-1,instant_velocity,dbscan_kmeans_fallback,False
3820,335,9.80472759701,9.96905849383,-0.002188837141000022,-0.031598557487,-0.0007955581143999879,-0.03349351629139999,0.00022399521745290947,-0.029508455792350292,-0.0691045427284008,-0.9976091071894868,-1,-1,instant_velocity,dbscan_kmeans_fallback,False
3820,336,9.34654505336,9.20152857795,-0.013385580971999999,-0.01952237161700001,-0.006469697469800017,-0.033331227629,-0.006935266504976063,-0.02833262171805903,-0.5654939748882596,-0.8247519138718095,6,6,instant_velocity,dbscan_kmeans_fallback,False
3820,358,11.6225147489,13.162326614,-0.004861744029999926,0.019570103579999908,-0.006246604451999999,0.022882701595999998,-0.006400556836045366,0.020481115386334292,-0.2410985309522449,0.9705001321760904,7,7,instant_velocity,dbscan_kmeans_fallback,False
3820,360,11.7416380009,8.71370794734,-0.02586616196999998,-0.01990422729599999,-0.025230557342,-0.026042557345200022,-0.02362930337917135,-0.02602197329330117,-0.7925174252678301,-0.6098487663870292,6,6,instant_velocity,dbscan_kmeans_fallback,False
3820,361,11.6589252128,9.33255280799,-0.028854766529999944,-0.022982938712999966,-0.02425820853600001,-0.022524711896199996,-0.024696704886328476,-0.023810946060277092,-0.7822007328049864,-0.6230260599970517,6,6,instant_velocity,dbscan_kmeans_fallback,False
3820,398,12.3627205394,13.0814209419,-0.010291743860000046,0.014987835420000017,-0.016386813436000017,0.009126350741999972,-0.016298287654550745,0.010545771395397197,-0.5660655588551186,0.8243595593187268,7,7,instant_velocity,dbscan_kmeans_fallback,False
3820,399,13.0458902852,10.7430322243,-0.01502720882999995,0.017040309699999943,-0.011983883344000006,0.015293319965599999,-0.013152913022426133,0.014105022411600606,-0.6614144680191814,0.7500200138702402,0,0,instant_velocity,dbscan_kmeans_fallback,False
3830,142,8.69220902753,9.24043012531,0.0,0.0015035567390000893,0.0,0.001508329934199999,-9.237255525354469e-07,0.0015053512666917531,0.0,0.9999933491479024,-1,-1,instant_velocity,dbscan_kmeans_fallback,False
3830,155,15.0905588253,5.75289447209,0.002588720850000037,-0.00014319587999995776,0.0025971394540000147,-0.00013842268379999468,0.002618134330219365,-0.0001281795224970177,0.9984697593988056,-0.05523065797166041,-1,-1,instant_velocity,dbscan_kmeans_fallback,False
3830,158,0.997604619625,13.6558750798,-0.029570347902500006,0.0193075777999999,-0.028156022365699994,0.018200196325999975,-0.027531115744083914,0.018513432734823212,-0.8373178375745739,0.5467158974795819,-1,-1,instant_velocity,dbscan_kmeans_fallback,False
3830,160,12.2069763583,11.0499487267,-0.0020204650500000197,0.011026082739999943,-0.0020246743539999914,0.011016536354000017,-0.0021612998517080277,0.009303599574156224,-0.18024282781638612,0.9836212374943171,0,0,instant_velocity,dbscan_kmeans_fallback,False
3830,165,9.55153807014,8.23042185292,0.03628418489999987,0.009045206408999995,0.03875083598439998,0.005446216629599991,0.03823134225414905,0.005885537559289229,0.9703046117405524,0.24188514960406146,1,1,instant_velocity,dbscan_kmeans_fallback,False
3830,166,10.4083415314,8.45356876565,0.034074301249999904,0.018973454076999907,0.039205440620599996,0.014610752938399987,0.03868004242931578,0.014431869608012762,0.8736854577378451,0.4864907071317183,1,1,instant_velocity,dbscan_kmeans_fallback,False
3830,167,9.52754504764,7.77625225406,0.03483197564299996,0.013985464263000047,0.04117960334940001,0.012100051845399999,0.03944807850865118,0.010907020707501151,0.9279917456425265,0.37260003647398043,1,1,instant_velocity,dbscan_kmeans_fallback,False
3830,168,8.71872763135,6.94380687266,0.030075464165999932,0.020644072674999948,0.038502487154999994,0.010462845619400004,0.037999595026705905,0.01180367934471821,0.8244613483883166,0.5659177826787493,1,1,instant_velocity,dbscan_kmeans_fallback,False
3830,169,3.22432547946,7.06194347352,0.024203487606999995,-0.0017899484979999158,0.021909417912000004,-0.005613278489199996,0.022551151874296023,-0.003613807416039119,0.9972761467354566,-0.07375271572118415,2,2,instant_velocity,dbscan_kmeans_fallback,False
3830,170,4.42418706944,3.73216194792,0.05299511460400001,-0.01317402094400002,0.04911413798220001,-0.012863763204600006,0.04750594356386552,-0.011714194852970542,0.9704635815089109,-0.24124690820505693,-1,-1,instant_velocity,dbscan_kmeans_fallback,False
3830,171,1.28383716872,6.28152592846,0.02315116205900001,0.004653866094999959,0.02315116205900001,0.004653866094999959,0.018560497087762202,0.003042554456750392,0.9803873227057346,0.19707828529213267,2,2,instant_velocity,dbscan_kmeans_fallback,False
3830,172,1.15187554498,5.5812980761,0.022961743460100003,0.0010739690990000383,0.022961743460100003,0.0010739690990000383,0.01744862885534469,0.0008211209739831147,0.9989075418754045,0.04672100943016106,2,2,instant_velocity,dbscan_kmeans_fallback,False
3830,173,13.773047239,5.28488260485,-0.04537627763999996,0.0015035567380000004,-0.04537627763999996,0.0015035567380000004,-0.023141901594299984,0.0007618020805800018,-0.9994512573341168,0.03311712089275917,-1,-1,instant_velocity,dbscan_kmeans_fallback,False
3830,256,8.3285253181,5.47867436222,-0.0001894185990000352,0.000405721658999969,-0.00018099999440000404,0.0004104948553999854,-0.0001812885355209267,0.0004101933586285809,-0.42302607407191706,0.9060928624684319,-1,-1,instant_velocity,dbscan_kmeans_fallback,False
3830,278,10.8953577951,7.94283679426,-0.01290151121999994,0.0007875773389999452,-0.019876324951999997,-0.002491608308999993,-0.018279963084513077,-0.0008821701217064211,-0.9981411515911937,0.06093188144485735,3,3,instant_velocity,dbscan_kmeans_fallback,False
3830,279,10.864419424,7.17435223919,-0.013532906550000057,-0.00766097956999996,-0.016778278538000003,-0.0026061650127999947,-0.01732441626377473,-0.004230987480462945,-0.8702330340607016,-0.4926389959500671,3,3,instant_velocity,dbscan_kmeans_fallback,False
3830,280,11.5722135877,6.7445259399,-0.020204650520000023,-0.009546391989000026,-0.023437394605999983,-0.006271979536599997,-0.02248560053661434,-0.005860910421381229,-0.9041565221060652,-0.42720029088805317,3,3,instant_velocity,dbscan_kmeans_fallback,False
3830,281,11.80709265,7.63162441544,-0.02104651096000012,0.0018376804579999905,-0.025213720132000007,0.0017040309699999944,-0.024019457524739152,0.001973040673869802,-0.9962092149235136,0.08698421366961068,3,3,instant_velocity,dbscan_kmeans_fallback,False
3830,282,9.75316364516,3.87225525035,-0.03971476618400001,0.0031741753359999956,-0.041078580096799974,0.002658670168799997,-0.040390990980054074,0.002273351077025149,-0.9968210229839305,0.07967023375896394,-1,-1,instant_velocity,dbscan_kmeans_fallback,False
3830,283,13.8742809567,8.9098863027,-0.009365697379999992,0.031813351302000116,-0.017687487813999994,0.026553289316000015,-0.012136624818480596,0.023719974349598508,-0.28241127074607086,0.9592931100971605,4,4,instant_velocity,dbscan_kmeans_fallback,False
3830,284,14.2861611763,9.26334146608,-0.012459534489999946,0.025894588268999996,-0.012459534489999946,0.025894588268999996,-0.010293833778377993,0.015202612535628914,-0.4335829476384758,0.9011132734187538,4,4,instant_velocity,dbscan_kmeans_fallback,False
3830,285,14.2383855964,8.25691309069,-0.004735464969999903,0.03465340291900008,-0.01594483670399999,0.026596248080200002,-0.012360668504295251,0.025102284272661125,-0.1353938820563601,0.990791564796797,4,4,instant_velocity,dbscan_kmeans_fallback,False
3830,329,1.3469767016,7.83663318339,-0.031569766444,-0.00424814443499999,-0.026518603812799996,-0.004023804223199985,-0.02730682231490977,-0.0039651811651128755,-0.991067122492084,-0.13336165437252923,5,5,instant_velocity,dbscan_kmeans_fallback,False
3830,331,1.76411854888,8.31299814362,-0.030201743231,0.00011932990000005362,-0.0225955341694,-0.004902072285999992,-0.022916425041513176,-0.003959716212809051,-0.9999918634215166,0.00395106097519808,5,5,instant_velocity,dbscan_kmeans_fallback,False
3830,332,2.22840458072,7.94546205206,-0.03207488270600001,-0.015632216881000006,-0.0225113481254,-0.007761216686600001,-0.022827791928875615,-0.00879772853742903,-0.8989234876732051,-0.4381050134317044,5,5,instant_velocity,dbscan_kmeans_fallback,False
3830,333,7.0078567552,8.95284506665,0.014269534431999987,-0.01694484578000015,0.01030016246499999,-0.018343392206000005,0.009715983383357376,-0.01699473012263218,0.6441404894848962,-0.7649066132457955,-1,-1,instant_velocity,dbscan_kmeans_fallback,False
3830,334,1.78369180408,12.4773729888,0.021341162116000012,0.0004057216599999691,0.015077720453600002,0.0013412680739999772,0.014809359258146701,0.0012020947505381558,0.9998188672022047,0.019007782626628493,-1,-1,instant_velocity,dbscan_kmeans_fallback,False
3830,335,9.77463108634,9.6623806512,-0.0030096510670000855,-0.030667784263000007,-0.0010481162459999992,-0.033063928651999995,-0.0007460986678829892,-0.029856254333545208,-0.09766799830289039,-0.9952187262484432,3,3,instant_velocity,dbscan_kmeans_fallback,False
3830,336,9.20279738349,8.98721207781,-0.014374766987000066,-0.02143165001400007,-0.009184697384000025,-0.03229544409780001,-0.009167116649583265,-0.026262330206841343,-0.5570317896499265,-0.8304907045272911,3,3,instant_velocity,dbscan_kmeans_fallback,False
3830,358,11.5738973085,13.3582663096,-0.004861744040000104,0.01959396955999999,-0.005598371915999998,0.021803959301999996,-0.005938912997231788,0.020214971638434002,-0.24082190801018938,0.9705688115437413,6,6,instant_velocity,dbscan_kmeans_fallback,False
3830,360,11.4758205674,8.53781567495,-0.026581743350000055,-0.01758922723899996,-0.025112696882000022,-0.024386258334600015,-0.024515035370419963,-0.023492149477010806,-0.8339555118758538,-0.551831112521854,3,3,instant_velocity,dbscan_kmeans_fallback,False
3830,361,11.5490624256,9.21847342373,-0.010986278719999909,-0.011407938426000009,-0.02312169694399998,-0.020243124211399996,-0.020583577036429903,-0.020090043769993966,-0.6936693091582502,-0.7202927368370414,3,3,instant_velocity,dbscan_kmeans_fallback,False
3830,398,12.3206275175,13.3296271336,-0.004209302189999953,0.024820619170000134,-0.012143836824000012,0.013493825076000015,-0.012671592015185506,0.014828225727778078,-0.16720151238095046,0.98592233964929,6,6,instant_velocity,dbscan_kmeans_fallback,False
3830,399,12.8954077319,10.9136739811,-0.015048255329999982,0.017064175680000026,-0.012379557747999996,0.017111907640000014,-0.013721515714698287,0.014992768392120432,-0.6614144681545854,0.7500200145715923,0,0,instant_velocity,dbscan_kmeans_fallback,False
3840,142,8.69220902753,9.25570435249,0.0,0.0015274227179999044,0.0,0.001508329934199999,-6.466078867748128e-07,0.0015119727020841986,0.0,0.9999934530667819,0,0,instant_velocity,dbscan_kmeans_fallback,False
3840,155,15.1166564989,5.75146251329,0.0026097673599998926,-0.00014319588000004656,0.002601348755999986,-0.0001384226839999947,0.0026156242391535234,-0.00013268442974792636,0.9984942549693886,-0.054786593512817304,-1,-1,instant_velocity,dbscan_kmeans_fallback,False
3840,160,12.150782174,11.1983951222,-0.005619418430000067,0.014844639550000061,-0.0027444650300000005,0.011780247714000006,-0.0031987354251956394,0.010965911566909375,-0.3540311798447587,0.9352329462066107,1,1,instant_velocity,dbscan_kmeans_fallback,False
3840,165,9.87081364144,8.42469092988,0.03192755713000004,0.01942690769600013,0.036852440695400016,0.00902134042900002,0.03634020671690435,0.0099479486003025,0.8542845620254924,0.5198051095801803,2,2,instant_velocity,dbscan_kmeans_fallback,False
3840,166,10.6562694306,8.70941207094,0.024792789920000047,0.025584330529,0.03532446400040001,0.01781834064659998,0.03451386667652106,0.017777607884308932,0.6959104127746134,0.7181282169714969,2,2,instant_velocity,dbscan_kmeans_fallback,False
3840,167,9.79462527175,7.98197700142,0.02670802241099999,0.02057247473599997,0.036793510464600006,0.01423844365099999,0.03562606167935582,0.013806656916050798,0.7922244675923903,0.6102293009186993,2,2,instant_velocity,dbscan_kmeans_fallback,False
3840,168,8.9736008791,7.22017492073,0.025487324774999997,0.027636804807000016,0.033569184985199986,0.015570165333200006,0.03424591395119413,0.016553616983402755,0.6779413133680173,0.7351156668482924,2,2,instant_velocity,dbscan_kmeans_fallback,False
3840,169,3.46636035553,7.04404398854,0.024203487606999995,-0.0017899484980000047,0.022953324855800004,-0.003875835147399993,0.023046852594107214,-0.003066649740627385,0.9972761467354563,-0.07375271572118779,3,3,instant_velocity,dbscan_kmeans_fallback,False
3840,170,4.95392775037,3.60042173848,0.05297406809299998,-0.013174020943999975,0.0511472309412,-0.014706216858200004,0.049146380922605856,-0.012152142680279372,0.9704411379262983,-0.24133717375671185,-1,-1,instant_velocity,dbscan_kmeans_fallback,False
3840,171,1.49430227834,6.33880428039,0.021046510961999988,0.005727835192999997,0.023993022497279998,0.004224278454999997,0.01930630125003354,0.0038481386776252737,0.9649043188888466,0.2625999589950101,3,3,instant_velocity,dbscan_kmeans_fallback,False
3840,172,1.37139065432,5.60731199427,0.021951510934000006,0.0026013918169999427,0.022759696954900002,0.0013842268384000002,0.018799493478941286,0.001355202226888163,0.993050786917024,0.11768275080099774,3,3,instant_velocity,dbscan_kmeans_fallback,False
3840,173,13.321810044,5.29753157424,-0.04512371950000009,0.001264896938999982,-0.04512371950000009,0.001264896938999982,-0.029736446966010015,0.000912730538105996,-0.9996071203775148,0.028020739442104335,-1,-1,instant_velocity,dbscan_kmeans_fallback,False
3840,256,8.32663113211,5.48273157882,-0.0001894185990000352,0.0004057216600000579,-0.00018099999440000404,0.0004104948556000032,-0.00018372755456465923,0.00040885184904002395,-0.4230260732158009,0.9060928628681753,-1,-1,instant_velocity,dbscan_kmeans_fallback,False
3840,278,10.795386868,7.92613060828,-0.00999709271000011,-0.001670618597999951,-0.01650467389799999,-0.001675391794000003,-0.015795101972159185,-0.00111870466459448,-0.9863218792052367,-0.164824686817825,0,0,instant_velocity,dbscan_kmeans_fallback,False
3840,279,10.7425601255,7.08891203089,-0.012185929849999865,-0.008544020829999966,-0.015309232073999972,-0.004658639290399993,-0.01578287033964227,-0.005524897485324051,-0.8187933050375616,-0.574087257994967,0,0,instant_velocity,dbscan_kmeans_fallback,False
3840,280,11.4339380106,6.68462233017,-0.013827557709999994,-0.005990360973000009,-0.02102546445199998,-0.00688772181980001,-0.019888187688630037,-0.005899745586866863,-0.9175932806747794,-0.3975188600128608,0,0,instant_velocity,dbscan_kmeans_fallback,False
3840,281,11.6774461425,7.59391616708,-0.012964650750000039,-0.0037708248360000416,-0.022052534186000016,0.0006300618711999917,-0.020703015492317418,0.00024988102090884863,-0.9602086866994831,-0.2792808563353998,0,0,instant_velocity,dbscan_kmeans_fallback,False
3840,282,9.41768226041,3.93192020028,-0.033548138475000044,0.005966494993000016,-0.03936960340580001,0.0033889691560000036,-0.038338135228537865,0.0033812942518176093,-0.984550172211156,0.17510103212530506,-1,-1,instant_velocity,dbscan_kmeans_fallback,False
3840,283,13.7799925876,9.22300795993,-0.009428836909999915,0.031312165722999906,-0.014728348371999971,0.028333691421999988,-0.011324288445936392,0.025997631761618928,-0.28833482679946165,0.9575293290821485,4,4,instant_velocity,dbscan_kmeans_fallback,False
3840,284,14.1733518775,9.58720281429,-0.011280929880000023,0.032386134821000036,-0.013301394928000008,0.02135527887840002,-0.010589962608864602,0.02035766922124025,-0.32894156247375544,0.9443499697123752,4,4,instant_velocity,dbscan_kmeans_fallback,False
3840,285,14.1908204816,8.60320846007,-0.004756511480000114,0.03462953693799999,-0.013528697246000015,0.029942258472000008,-0.01007942139700671,0.027960460072262786,-0.13607651233967058,0.9906980420996947,4,4,instant_velocity,dbscan_kmeans_fallback,False
3840,329,1.07652903573,7.90154864891,-0.027044766587000012,0.0064915465520000385,-0.027718254937800002,-0.0019713299455999867,-0.027228205596536843,-0.0008281628499790007,-0.9723804037153461,0.2334001529155352,5,5,instant_velocity,dbscan_kmeans_fallback,False
3840,331,1.45599762839,8.32158989641,-0.030812092048999994,0.0008591752790000129,-0.026653301483,-0.003608536171600001,-0.025285125143759222,-0.0025140487652663317,-0.9996111336729588,0.02787351061067784,5,5,instant_velocity,dbscan_kmeans_fallback,False
3840,332,1.88324180093,7.76408060428,-0.03451627797899999,-0.018138144777999975,-0.0266869759006,-0.010123948703799996,-0.026334337743912927,-0.011599853409600314,-0.8852171291634933,-0.46517751591007805,-1,-1,instant_velocity,dbscan_kmeans_fallback,False
3840,333,7.15370907617,8.77957805206,0.014585232097000045,-0.01732670145899995,0.01216488333640001,-0.01778492827459999,0.011176757997450177,-0.01709432152354251,0.6439888587859922,-0.7650342911856735,-1,-1,instant_velocity,dbscan_kmeans_fallback,False
3840,334,2.02046505241,12.469974535,0.023677324833000002,-0.0007398453799998706,0.019404883107600003,0.0011932989980000031,0.017469748930602692,0.0006195127113767478,0.9995117477481491,-0.03123174404383795,-1,-1,instant_velocity,dbscan_kmeans_fallback,False
3840,335,9.66981946174,9.31966517881,-0.010481162459999993,-0.03427154723899992,-0.002790767353800021,-0.03335509360779998,-0.0036666178055180907,-0.031180842205181622,-0.2924558044522795,-0.9562787482645343,6,6,instant_velocity,dbscan_kmeans_fallback,False
3840,336,9.01990320322,8.69652444176,-0.018289418026999904,-0.029068763605000037,-0.011967046133399996,-0.029884980120800007,-0.011903807062808257,-0.02710426022628895,-0.5325391676191445,-0.8464050168830713,6,6,instant_velocity,dbscan_kmeans_fallback,False
3840,360,11.259883365,8.48101464262,-0.021593720239999926,-0.005680103233000011,-0.02399302249599998,-0.020352907719599998,-0.02363864083129395,-0.018148535603807567,-0.9671011559248982,-0.2543903663358325,0,0,instant_velocity,dbscan_kmeans_fallback,False
3840,361,11.4391996384,9.10439403947,-0.010986278720000086,-0.011407938426000009,-0.022111464416000003,-0.018887536548600002,-0.017704387541500957,-0.017485412166795777,-0.6936693091582561,-0.7202927368370359,0,0,instant_velocity,dbscan_kmeans_fallback,False
3840,398,12.2785344956,13.5778333253,-0.004209302189999953,0.024820619169999957,-0.008902674136000002,0.01723601073600001,-0.010132905067629839,0.01782594376044464,-0.16720151238095163,0.9859223396492898,-1,-1,instant_velocity,dbscan_kmeans_fallback,False
3840,399,12.8059600603,11.0917141917,-0.008944767160000033,0.017804021059999897,-0.012316418214000003,0.017236010735999976,-0.01228849114828881,0.01583614419248427,-0.4489292786663306,0.8935667288879862,1,1,instant_velocity,dbscan_kmeans_fallback,False
3840,430,9.52249388501,9.90127911071,0.0,0.0,0.0,0.0,0.0,0.0,0.0,0.0,0,0,instant_velocity,dbscan_kmeans_fallback,False
3850,142,8.69220902753,9.27073991987,0.0,0.0015035567380000004,0.0,0.001508329934199999,-4.5262552074236895e-07,0.0015094479128589392,0.0,0.999993349147898,0,0,instant_velocity,dbscan_kmeans_fallback,False
3850,160,12.0947984549,11.3468415176,-0.005598371910000033,0.014844639539999881,-0.0034558370999999964,0.012548732270000008,-0.0039186263706369575,0.012129529958836528,-0.35287059713037544,0.9356714600021828,1,1,instant_velocity,dbscan_kmeans_fallback,False
3850,165,10.1715682831,8.6633507296,0.030075464165999932,0.023865979971999886,0.034583626813799985,0.01348905187979998,0.034460783951633024,0.014123358011811717,0.7833322748218035,0.6216027882107571,2,2,instant_velocity,dbscan_kmeans_fallback,False
3850,166,10.9044077948,8.96501671644,0.02481383642000008,0.025560464550000005,0.031940185036600004,0.020491330403399993,0.031603857599564765,0.020112464884016256,0.696549621454859,0.7175082323087544,2,2,instant_velocity,dbscan_kmeans_fallback,False
3850,167,10.0412903802,8.20416927495,0.024666510844999934,0.022219227353000102,0.032003324569,0.016706185980000007,0.03233819642904905,0.016330428047135588,0.7430037690751433,0.6692867821053449,2,2,instant_velocity,dbscan_kmeans_fallback,False
3850,168,9.17627877967,7.52565946436,0.020267790057000034,0.030548454363000042,0.0299618130062,0.019813536572200016,0.0300524767829359,0.020752068197281943,0.5528509208159138,0.8332798532346404,2,2,instant_velocity,dbscan_kmeans_fallback,False
3850,169,3.7805847642,7.12590429984,0.03142244086699999,0.008186031129999983,0.0254368131492,-0.00014319587999999327,0.025559529075975047,0.00030915452056082607,0.9677006208837567,0.2521009567844896,3,3,instant_velocity,dbscan_kmeans_fallback,False
3850,170,5.50513587247,3.47751194162,0.05512081221000002,-0.012290979686000014,0.05264574252160001,-0.014696670466400006,0.0509387103088241,-0.012193793781995563,0.9760294785125568,-0.2176375494546621,-1,-1,instant_velocity,dbscan_kmeans_fallback,False
3850,171,1.70476738797,6.39608263232,0.02104651096300001,0.005727835192999997,0.02315116205888,0.004653866094399994,0.019828364163923484,0.004412047632237691,0.9649043188920082,0.2625999589833931,3,3,instant_velocity,dbscan_kmeans_fallback,False
3850,172,1.58669646147,5.64000838683,0.021530580715000004,0.003269639256000012,0.022473464405880002,0.0018233608697999948,0.019618819649758902,0.0019295333356217177,0.9886644599164051,0.15013882681309407,3,3,instant_velocity,dbscan_kmeans_fallback,False
3850,173,12.893724011,5.28941714105,-0.042808603299999956,-0.0008114433189999381,-0.042808603299999956,-0.0008114433189999381,-0.033658093866206995,0.0003954783809742157,-0.9998201661050712,-0.018951737067940483,-1,-1,instant_velocity,dbscan_kmeans_fallback,False
3850,256,8.32494741124,5.48678879541,-0.00016837208700000162,0.000405721658999969,-0.00018099999419998625,0.0004104948554000032,-0.00017912091429526196,0.00040791279202800744,-0.3832899536979325,0.9236034230088566,-1,-1,instant_velocity,dbscan_kmeans_fallback,False
3850,278,10.7394031489,7.87314813275,-0.005598371910000033,-0.005298247553000035,-0.012253278682000008,-0.001584701069999994,-0.01273608295351144,-0.0023725675311161466,-0.7263061610690208,-0.68736945356186,4,4,instant_velocity,dbscan_kmeans_fallback,False
3850,279,10.634170594,6.9948800698,-0.01083895315000003,-0.009403196109000067,-0.013566580968000003,-0.006878175427800013,-0.014299695182749598,-0.006688387072426856,-0.7553629804666134,-0.6553055576964398,4,4,instant_velocity,dbscan_kmeans_fallback,False
3850,280,11.3383868509,6.64858470042,-0.009555115970000116,-0.003603762975000002,-0.01779272036600002,-0.006725433155800004,-0.01678826617304106,-0.0052109508033068045,-0.9356635768013881,-0.3528905107713593,4,4,instant_velocity,dbscan_kmeans_fallback,False
3850,281,11.5823159129,7.53234193876,-0.009513022959999872,-0.0061574228319999594,-0.018205231982,-0.000916453630799996,-0.017346017732622152,-0.001672310134963794,-0.8394914296425017,-0.5433713045667974,4,4,instant_velocity,dbscan_kmeans_fallback,False
3850,282,9.08220087567,3.99158515021,-0.033548138473999956,0.005966494993000016,-0.03766062671659998,0.004124041339,-0.03690113620217649,0.004156854474172331,-0.9845501722102563,0.1751010321303649,-1,-1,instant_velocity,dbscan_kmeans_fallback,False
3850,283,13.6850728232,9.53087910156,-0.009491976440000017,0.030787114163000062,-0.011777627533999998,0.03000908321600001,-0.01077459484415548,0.027434476482033267,-0.2946249706246027,0.9556126338099262,5,5,instant_velocity,dbscan_kmeans_fallback,False
3850,284,14.0605425788,9.9113028223,-0.011280929870000022,0.03241000080099994,-0.012707883318000022,0.024605825350400002,-0.010797252787205228,0.023973368695168158,-0.328725520832072,0.9444251951081899,5,5,instant_velocity,dbscan_kmeans_fallback,False
3850,285,14.1432553668,8.94974248925,-0.004756511479999936,0.0346534029179999,-0.010636906641999993,0.031942227593599985,-0.008482548421904677,0.02996834292598392,-0.13598452933467933,0.990710672194001,5,5,instant_velocity,dbscan_kmeans_fallback,False
3850,286,14.7397134875,7.73472544891,0.0,0.0,0.0,0.0,0.0,0.0,0.0,0.0,-1,-1,instant_velocity,dbscan_kmeans_fallback,False
3850,329,0.817656950895,7.993194012,-0.025887208483499992,0.00916453630899996,-0.028686394441900003,0.0006157422831999959,-0.02682590646262579,0.002169646897714688,-0.9426709927673135,0.3337224462098146,6,6,instant_velocity,dbscan_kmeans_fallback,False
3850,331,1.16218833535,8.33590948439,-0.029380929304000002,0.0014319587979999327,-0.027899254931999996,-0.002062020669600031,-0.026513866391831453,-0.001330246496286452,-0.9988140906498727,0.04867989742168121,6,6,instant_velocity,dbscan_kmeans_fallback,False
3850,332,1.50798251047,7.60346255907,-0.03752592904600001,-0.016061804521000055,-0.029734510687799996,-0.012214608549400019,-0.029691815134539053,-0.012938438743020236,-0.9193286403565181,-0.3934899757941399,-1,-1,instant_velocity,dbscan_kmeans_fallback,False
3850,333,7.30103465291,8.60440175907,0.014732557674000012,-0.017517629298999894,0.014059069323000006,-0.017259876715199986,0.012243497900415129,-0.017221313856179726,0.6436463317778147,-0.7653224979151604,-1,-1,instant_velocity,dbscan_kmeans_fallback,False
3850,334,2.25723830073,12.4625760812,0.023677324832000003,-0.0007398453800000482,0.020882348177,0.0006539278500000024,0.019332021701021884,0.00021170528396370893,0.9995117477481076,-0.031231744045163205,-1,-1,instant_velocity,dbscan_kmeans_fallback,False
3850,335,9.53301714049,8.96167547924,-0.013680232125000025,-0.03579896995700001,-0.00567413935540003,-0.033512609075200005,-0.006670702101362671,-0.03256628053072714,-0.35696413839437025,-0.9341178095036475,7,7,instant_velocity,dbscan_kmeans_fallback,False
3850,336,8.83679855785,8.40607546551,-0.018310464536999936,-0.029044897624999955,-0.014576813492599996,-0.026744217155799995,-0.013825804305065761,-0.02768645144590225,-0.5332914063567659,-0.8459312580860584,7,7,instant_velocity,dbscan_kmeans_fallback,False
3850,360,11.0494182553,8.43781721887,-0.021046510969999942,-0.004319742374999968,-0.023609975997999976,-0.015360144709599979,-0.022861001872905747,-0.013999897635165287,-0.9795792478637281,-0.2010561271984339,4,4,instant_velocity,dbscan_kmeans_fallback,False
3850,361,11.3583810363,8.84425485778,-0.008081860209999903,-0.02601391816900005,-0.018445162205999992,-0.01953191800860001,-0.01481762934205064,-0.02004396396745706,-0.29668623583491066,-0.954974629643849,7,7,instant_velocity,dbscan_kmeans_fallback,False
3850,399,12.7234577373,11.2707090415,-0.008250232299999993,0.017899484980000047,-0.01211437171,0.017379206616000006,-0.011077013493802164,0.016455146428739003,-0.4185949457002659,0.908172481793737,1,1,instant_velocity,dbscan_kmeans_fallback,False
3850,430,9.61762411456,9.87049199655,0.00951302295499996,-0.003078711416000068,0.00951302295499996,-0.003078711416000068,0.0028539068864999887,-0.0009236134248000206,0.9514151890298921,-0.307907677473086,0,0,instant_velocity,dbscan_kmeans_fallback,False
3860,142,8.69220902753,9.28577548725,0.0,0.0015035567380000004,0.0,0.001508329934199999,-3.1683786451965826e-07,0.0015076805604012575,0.0,0.999993349147898,0,0,instant_velocity,dbscan_kmeans_fallback,False
3860,160,12.0386042706,11.4955265728,-0.005619418429999889,0.014868505519999964,-0.004175627774000006,0.013317216823999977,-0.004428863988445837,0.012951222627185559,-0.3535339878036805,0.9354210074665551,1,1,instant_velocity,dbscan_kmeans_fallback,False
3860,165,10.4721124596,8.90201052931,0.030054417650000075,0.023865979970999974,0.0329293710512,0.017049856091399994,0.03313887406114314,0.017046144599568193,0.7831203313930369,0.6218697817260497,2,2,instant_velocity,dbscan_kmeans_fallback,False
3860,166,11.2266298776,9.10200744147,0.03222220827999998,0.01369907250300013,0.03078262693300001,0.019999691215999996,0.03178936280369533,0.01818844716971142,0.9202830059460491,0.3912526265171865,2,2,instant_velocity,dbscan_kmeans_fallback,False
3860,167,10.2881659538,8.42636154848,0.024687557360000056,0.02221922735299984,0.029145208380400012,0.018601144789599983,0.030043004708334355,0.018097067838894865,0.7432875489546673,0.6689716118143214,2,2,instant_velocity,dbscan_kmeans_fallback,False
3860,168,9.35664737862,7.84403163718,0.018036859895000035,0.03183721728199993,0.02617344103299999,0.024157144926999993,0.02644779171655514,0.02407761292269734,0.4929249342766545,0.8700715272857286,2,2,instant_velocity,dbscan_kmeans_fallback,False
3860,169,4.1129091723,7.23258523032,0.03323244081000003,0.01066809304799996,0.027453068899600003,0.0026968557368000036,0.02786140259618254,0.0034168360787925666,0.9521430989976539,0.305651674314018,3,3,instant_velocity,dbscan_kmeans_fallback,False
3860,170,6.10643469068,3.37536554735,0.06012988182100001,-0.010214639427000006,0.05449783548660001,-0.013159701356199998,0.05369606176247688,-0.011600047475496898,0.9858758341045972,-0.16747689934182308,-1,-1,instant_velocity,dbscan_kmeans_fallback,False
3860,171,1.91523249759,6.45336098425,0.021046510961999988,0.005727835192999997,0.022309301620259996,0.005083453733799992,0.020193808203346434,0.004806783900466382,0.9649043188888466,0.2625999589950101,3,3,instant_velocity,dbscan_kmeans_fallback,False
3860,172,1.8017918035,5.67246611959,0.021509534202999992,0.0032457732760000193,0.022183022554439998,0.0022577217054000087,0.020186034015731227,0.0023244053177352082,0.9888050686867503,0.14920997529873004,3,3,instant_velocity,dbscan_kmeans_fallback,False
3860,173,12.4658484431,5.28154136766,-0.042787556789999924,-0.000787577339000034,-0.04429448697199998,0.0005298247554000035,-0.03639693274334487,4.0561664981940735e-05,-0.9998304062625193,-0.018403569399400597,-1,-1,instant_velocity,dbscan_kmeans_fallback,False
3860,256,8.32305322525,5.49108467181,-0.0001894185990000352,0.0004295876400000509,-0.00018099999440000404,0.0004104948556000032,-0.00018221021970669395,0.0004144152464196205,-0.4034437559437412,0.9149811681829411,-1,-1,instant_velocity,dbscan_kmeans_fallback,False
3860,278,10.6832089646,7.82016565721,-0.005619418429999889,-0.005298247554000035,-0.009403581097999983,-0.002143165001400007,-0.010601083596457974,-0.003250271537981313,-0.7275924226123093,-0.6860077820214402,4,4,instant_velocity,dbscan_kmeans_fallback,False
3860,279,10.5257810626,6.90084810871,-0.010838953140000029,-0.009403196108999978,-0.012185929848000009,-0.008539247633800002,-0.013261472569924725,-0.007502829783398793,-0.7553629801673507,-0.6553055580413959,4,4,instant_velocity,dbscan_kmeans_fallback,False
3860,280,11.242625226,6.61230841086,-0.009576162489999974,-0.0036276289559999952,-0.014673627442000025,-0.006462907376200011,-0.014624635068128734,-0.0047359542491147615,-0.9351489992366245,-0.3542518823534714,4,4,instant_velocity,dbscan_kmeans_fallback,False
3860,281,11.4873961485,7.47076771043,-0.009491976440000017,-0.006157422833000048,-0.014812534413999998,-0.0024820619170000135,-0.014989805344835513,-0.0030178439443746706,-0.8389417754511578,-0.5442195602121142,4,4,instant_velocity,dbscan_kmeans_fallback,False
3860,282,8.74671949093,4.05125010014,-0.033548138474000136,0.0059664949929999715,-0.0361536965314,0.004787515582399999,-0.035895236883723584,0.004699746629820624,-0.9845501722102566,0.1751010321303627,-1,-1,instant_velocity,dbscan_kmeans_fallback,False
3860,283,13.5899425936,9.83898890299,-0.009513022960000051,0.030810980142999968,-0.009428836911999987,0.03130739252639998,-0.010396123278908851,0.028447427580323276,-0.2950125954904322,0.9554930393640655,1,1,instant_velocity,dbscan_kmeans_fallback,False
3860,284,14.0068739758,10.180988396,-0.005366860300000021,0.026968557370000035,-0.010927348491999993,0.026763309940400007,-0.009168135041043666,0.024871925297617718,-0.19517703278687268,0.9807676577717391,1,1,instant_velocity,dbscan_kmeans_fallback,False
3860,285,14.0982158334,9.2480672389,-0.004503953340000066,0.029832474964999987,-0.007488348600000023,0.032400454409199975,-0.007288969897333294,0.029927582537688742,-0.149283048260811,0.9887941689776617,1,1,instant_velocity,dbscan_kmeans_fallback,False
3860,286,14.6279565143,7.78699194505,-0.011175697320000033,0.005226649613999967,-0.011175697320000033,0.005226649613999967,-0.0033527091960000107,0.0015679948841999904,-0.9058303547412394,0.42363869908009805,-1,-1,instant_velocity,dbscan_kmeans_fallback,False
3860,329,0.558574400946,8.08507803489,-0.025908254994900005,0.009188402288999952,-0.02839595259068,0.003264866059999996,-0.026550611022308053,0.004275273515100268,-0.9424829874666641,0.3342530340652776,5,5,instant_velocity,dbscan_kmeans_fallback,False
3860,331,0.997815084735,8.40297288811,-0.016437325061499995,0.0067063403720000634,-0.0262744642857,0.0005536907353999965,-0.023490903992732015,0.001080729564199503,-0.9259017415886913,0.37776293934012933,5,5,instant_velocity,dbscan_kmeans_fallback,False
3860,332,1.06221740828,7.49105379341,-0.044576510219,-0.01124087656599997,-0.034196371012,-0.013336309608000007,-0.034157223659877334,-0.012429170089914156,-0.9696450856851088,-0.24451579245359975,-1,-1,instant_velocity,dbscan_kmeans_fallback,False
3860,333,7.44836022965,8.42946412588,0.014732557674000012,-0.017493763319000166,0.014513673959800001,-0.01724078393120003,0.012990215832490593,-0.017303048695025858,0.6441602148508854,-0.7648900202851279,-1,-1,instant_velocity,dbscan_kmeans_fallback,False
3860,334,2.44139527166,12.4446765963,0.01841569709299997,-0.0017899484899999152,0.020995999336399996,-0.00013842268199997675,0.01905712431861531,-0.00038879084822537836,0.9953090518425544,-0.0967409447186236,-1,-1,instant_velocity,dbscan_kmeans_fallback,False
3860,335,9.30950319407,8.68721670957,-0.022351394641999887,-0.02744587696699998,-0.010342255487000003,-0.031956547182599986,-0.011374909863553837,-0.031030159461608992,-0.6314704871677375,-0.7753995478443466,4,4,instant_velocity,dbscan_kmeans_fallback,False
3860,336,8.66863693526,8.2428321625,-0.016816162259000046,-0.016324330301000067,-0.01623527855639999,-0.02307840263240003,-0.014722911691246048,-0.024277815102431596,-0.7175215041092188,-0.6965357404826663,4,4,instant_velocity,dbscan_kmeans_fallback,False
3860,360,10.8616833776,8.40535948611,-0.01877348777000005,-0.0032457732760001077,-0.02277232485999999,-0.010147814683800008,-0.02163474764203404,-0.010773660327415733,-0.9853807043009023,-0.1703637808749069,4,4,instant_velocity,dbscan_kmeans_fallback,False
3860,361,11.2809298759,8.56788680971,-0.007745116040000078,-0.027636804806999926,-0.013330860043999984,-0.019889907708199994,-0.01269587535143547,-0.022321816219319918,-0.269849866632714,-0.9629020472781972,4,4,instant_velocity,dbscan_kmeans_fallback,False
3860,399,12.6443228561,11.4494652315,-0.007913488119999989,0.017875618999999964,-0.01103679034799999,0.017536722083999975,-0.010127955881661512,0.016881288200117292,-0.4048037457186139,0.9144030316985955,1,1,instant_velocity,dbscan_kmeans_fallback,False
3860,430,9.712543879,9.83970488239,0.009491976444000016,-0.003078711415999891,0.009491976444000016,-0.003078711415999891,0.004845327753749997,-0.0015701428221599817,0.9512150260631167,-0.3085254769740078,0,0,instant_velocity,dbscan_kmeans_fallback,False
3870,142,8.69220902753,9.30081105463,0.0,0.0015035567380000004,0.0,0.001508329934199999,-2.2178650516376077e-07,0.0015064434136808802,0.0,0.999993349147898,0,0,instant_velocity,dbscan_kmeans_fallback,False
3870,160,11.9824100863,11.6439729682,-0.005619418430000067,0.01484463954000006,-0.004895418450000015,0.014085701377999981,-0.004786030320912106,0.01351924770102991,-0.35403118005335743,0.9352329461276454,1,1,instant_velocity,dbscan_kmeans_fallback,False
3870,165,10.7490845439,9.10153012187,0.027697208430000054,0.01995195925600015,0.031207766455199994,0.019231206660800026,0.03150637437180021,0.01791788899649778,0.8113955959402382,0.5844968785071731,2,2,instant_velocity,dbscan_kmeans_fallback,False
3870,166,11.6233566093,9.12038424605,0.039672673169999936,0.0018376804579999018,0.03111516180799999,0.01713100042339999,0.03415435591358671,0.013283217156197962,0.9989286512974633,0.04627143861870374,-1,-1,instant_velocity,dbscan_kmeans_fallback,False
3870,167,10.5464066433,8.64187134762,0.02582406894999991,0.021550979914000123,0.02734362704179997,0.020109474723800015,0.02877732398083402,0.01913324146142644,0.7677687214682919,0.6407266154298574,2,2,instant_velocity,dbscan_kmeans_fallback,False
3870,168,9.56521830226,8.10297751987,0.020857092363999997,0.025894588269000086,0.0229449062514,0.027312227479200004,0.024770581910788597,0.024622705526588164,0.6272848972925309,0.7787894812600302,2,2,instant_velocity,dbscan_kmeans_fallback,False
3870,169,4.4452335804,7.33950482059,0.033232440809999986,0.010691959027000042,0.0292588595402,0.005193237241800013,0.029472714060327775,0.005599372963254809,0.9519439410670638,0.3062713831969658,-1,-1,instant_velocity,dbscan_kmeans_fallback,False
3870,170,6.70773350888,3.27298049327,0.06012988181999992,-0.010238505407999999,0.05626995170959999,-0.011818433281800003,0.05562620777973379,-0.011191584855247828,0.985811156684616,-0.16785718769906255,-1,-1,instant_velocity,dbscan_kmeans_fallback,False
3870,171,2.12569760722,6.51063933618,0.021046510962999986,0.005727835192999997,0.021467441181799995,0.0055130413733999895,0.020449619031242497,0.005083099288226467,0.964904318892008,0.2625999589833934,3,3,instant_velocity,dbscan_kmeans_fallback,False
3870,172,2.01709761065,5.70516251215,0.021530580715000004,0.003269639256000012,0.02189679000542,0.0026920825408000048,0.02058939802551186,0.0026079754992146494,0.9886644599164051,0.15013882681309407,3,3,instant_velocity,dbscan_kmeans_fallback,False
3870,173,12.0360786893,5.27796147066,-0.042976975380000046,-0.0003579896999999832,-0.043814626521999994,0.0001622886638000054,-0.03837094553434142,-7.900374451263645e-05,-0.9999650763371914,-0.008329511198105422,-1,-1,instant_velocity,dbscan_kmeans_fallback,False
3870,256,8.32136950437,5.4951418884,-0.00016837208799991288,0.000405721658999969,-0.00018099999440000404,0.0004104948554000032,-0.00017805878019465965,0.00041180717019372504,-0.38328995563976315,0.9236034222030298,-1,-1,instant_velocity,dbscan_kmeans_fallback,False
3870,278,10.6270147803,7.76694452187,-0.005619418430000067,-0.00532211353399994,-0.007947162540000007,-0.003360329980000003,-0.009106584046520603,-0.003871824136786901,-0.726051469237113,-0.6876384805548879,0,0,instant_velocity,dbscan_kmeans_fallback,False
3870,279,10.4173915311,6.80681614763,-0.01083895315000003,-0.009403196107999978,-0.011647139168000002,-0.008882917745199989,-0.012534716743947317,-0.00807293968077915,-0.7553629805011125,-0.6553055576566732,0,0,instant_velocity,dbscan_kmeans_fallback,False
3870,280,11.1470740662,6.5762707811,-0.00955511597999994,-0.003603762976000002,-0.012543720534000009,-0.0052743815738000065,-0.013103779341690096,-0.004396296867180334,-0.935663576890999,-0.3528905105337648,0,0,instant_velocity,dbscan_kmeans_fallback,False
3870,282,8.30916252802,4.0786959771,-0.04375569629099996,0.002744587695999989,-0.03682297557960002,0.004763649602199997,-0.0382533747059065,0.004113198949674433,-0.9980383288667246,0.06260221981903247,-1,-1,instant_velocity,dbscan_kmeans_fallback,False
3870,283,13.5175425959,10.1423255084,-0.007239999769999983,0.030333660541000108,-0.009007906691999992,0.031011454374400033,-0.00944928622623619,0.02901329746852633,-0.2321575253943459,0.9726778716942855,1,1,instant_velocity,dbscan_kmeans_fallback,False
3870,284,13.9679379305,10.4373090209,-0.0038936045299999833,0.025632062490000072,-0.008856371814,0.028658268750200014,-0.007585775887730561,0.025099966455332426,-0.15018080904347386,0.9886581578949177,1,1,instant_velocity,dbscan_kmeans_fallback,False
3870,285,14.0529658348,9.54639198854,-0.004524999859999923,0.02983247496400008,-0.004655488225999989,0.032720258540800004,-0.006459778886133282,0.029899050265582143,-0.14996498023993732,0.988690973900886,1,1,instant_velocity,dbscan_kmeans_fallback,False
3870,286,14.5161995411,7.83925844119,-0.011175697319999855,0.005226649614000056,-0.011175697319999855,0.005226649614000056,-0.005699605633199965,0.0026655913031400106,-0.9058303547412341,0.42363869908010954,-1,-1,instant_velocity,dbscan_kmeans_fallback,False
3870,329,0.299491850997,8.17696205778,-0.025908254994899998,0.009188402289000131,-0.027263650300860004,0.005956948600800018,-0.026357904214085636,0.005749212147270227,-0.9424829874666619,0.33425303406528345,4,4,instant_velocity,dbscan_kmeans_fallback,False
3870,331,0.833231369007,8.47027495163,-0.0164583715728,0.006730206351999968,-0.024658092243659998,0.003169402140200006,-0.02138114426675241,0.0027755726005396428,-0.925600897198756,0.3784994773139721,4,4,instant_velocity,dbscan_kmeans_fallback,False
3870,332,0.616452306093,7.37888368754,-0.0445765102187,-0.011217010586999976,-0.03865402203374,-0.014458010666599996,-0.037283009627524136,-0.012065522239039901,-0.969768063602042,-0.2440275962158037,-1,-1,instant_velocity,dbscan_kmeans_fallback,False
3870,333,7.59905324814,8.20058937795,0.015069301848999928,-0.022887474792999997,0.014677836745199997,-0.01843408293000003,0.013613941637443394,-0.0189783765244181,0.5499155921177215,-0.8352197984346101,-1,-1,instant_velocity,dbscan_kmeans_fallback,False
3870,334,2.54662782647,12.4117415439,0.010523255481000016,-0.003293505240000094,0.019526952871,-0.0012314845659999918,0.016496963667330722,-0.001260205165757793,0.9543502402383188,-0.2986868011230266,-1,-1,instant_velocity,dbscan_kmeans_fallback,False
3870,335,9.04894738835,8.44855690986,-0.026055580572000102,-0.023865979970999974,-0.01511560417320002,-0.030410031679399978,-0.015779111076087718,-0.028880905614426286,-0.7374118906137175,-0.6754429195362677,0,0,instant_velocity,dbscan_kmeans_fallback,False
3870,336,8.50194856843,8.09366978768,-0.01666883668299999,-0.01491623748199995,-0.016891929698599987,-0.022157175805400015,-0.01530668918877223,-0.0214693418163021,-0.7451962104613397,-0.6668445949358975,0,0,instant_velocity,dbscan_kmeans_fallback,False
3870,360,10.6836298948,8.37791360914,-0.017805348280000112,-0.0027445876969999007,-0.021160162122000017,-0.00671588676399999,-0.02048592783342386,-0.008364938538290984,-0.9883268659515334,-0.15234466151678283,0,0,instant_velocity,dbscan_kmeans_fallback,False
3870,361,11.2247356917,8.53208783976,-0.005619418420000066,-0.0035798969949999205,-0.008683790422000008,-0.016009299364599983,-0.010572938272004848,-0.01669924045202392,-0.8433947614891091,-0.5372916103751357,0,0,instant_velocity,dbscan_kmeans_fallback,False
3870,399,12.5975996017,11.626312143,-0.004672325439999981,0.01768469115000002,-0.008965813669999996,0.017665598373999992,-0.008491266749163052,0.01712230908508211,-0.25543685361788404,0.9668251757223623,1,1,instant_velocity,dbscan_kmeans_fallback,False
3870,430,9.80767410855,9.80891776822,0.00951302295499996,-0.0030787114169999797,0.00951302295499996,-0.0030787114169999797,0.006245636314124987,-0.002022713400611981,0.9514151890005963,-0.30790767756360804,0,0,instant_velocity,dbscan_kmeans_fallback,False
3880,142,8.69220902753,9.31584662201,0.0,0.0015035567380000004,0.0,0.0015083299339999812,-1.5525055361463253e-07,0.0015055774109766162,0.0,0.999993349147898,0,0,instant_velocity,dbscan_kmeans_fallback,False
3880,160,11.9192705534,11.8339461688,-0.006313953289999929,0.01899732006000008,-0.005754116097999997,0.01567994884200001,-0.005244407211638453,0.01516266940872096,-0.3153963777809616,0.9489594964155479,1,1,instant_velocity,dbscan_kmeans_fallback,False
3880,165,11.0233205817,9.29699249784,0.027423603779999972,0.019546237596999916,0.029435650231200015,0.02133141289840001,0.03028154319426014,0.01840639357664842,0.8143233955218798,0.5804109006736247,2,2,instant_velocity,dbscan_kmeans_fallback,False
3880,166,12.0200833409,9.13876105063,0.039672673159999935,0.0018376804580000794,0.03223483619,0.013703845699600023,0.035809851087510676,0.009849556146738598,0.998928651296924,0.04627143863034653,-1,-1,instant_velocity,dbscan_kmeans_fallback,False
3880,167,10.8059101235,8.85666516737,0.025950348020000114,0.02147938197499997,0.025567301517200002,0.0216082582662,0.027929231192583847,0.0198370836154985,0.7703469666583252,0.6376244641260368,2,2,instant_velocity,dbscan_kmeans_fallback,False
3880,168,9.79252062066,8.32254453561,0.02273023183999996,0.021956701573999916,0.021475859786200004,0.027574753259,0.024158476889552003,0.02382290434081169,0.7192388164925636,0.6947624716424422,2,2,instant_velocity,dbscan_kmeans_fallback,False
3880,169,4.7775579885,7.44618575106,0.033232440809999986,0.01066809304699996,0.0310646501808,0.007684845550799988,0.030600632085229437,0.0071199889883783556,0.952143099005992,0.305651674288044,-1,-1,instant_velocity,dbscan_kmeans_fallback,False
3880,170,7.26714977026,3.19804131616,0.055941626138,-0.007493917711000009,0.05685925401639999,-0.0106824126352,0.05572083328721365,-0.010082284711973484,0.991146220517047,-0.13277354858796328,-1,-1,instant_velocity,dbscan_kmeans_fallback,False
3880,171,2.34352899568,6.56982696651,0.021783138846000007,0.005918763033000029,0.021193836539199994,0.005766020761000004,0.020849674975669752,0.005333798411658536,0.9650114129299925,0.26220619157105496,3,3,instant_velocity,dbscan_kmeans_fallback,False
3880,172,2.24061155707,5.7433480801,0.022351394641999978,0.003818556794999939,0.021774720241799998,0.003241000079999985,0.021117997010458293,0.0029711498879502365,0.9857179505741562,0.1684020186841262,3,3,instant_velocity,dbscan_kmeans_fallback,False
3880,173,11.5896821917,5.31423776022,-0.04463964976000003,0.0036276289559999952,-0.043667300946000014,0.0005871031074000044,-0.040251556802039005,0.0010329860656411534,-0.9967140646178729,0.08099769646714727,-1,-1,instant_velocity,dbscan_kmeans_fallback,False
3880,174,0.212359295612,4.72975991072,0.0,0.0,0.0,0.0,0.0,0.0,0.0,0.0,-1,-1,instant_velocity,dbscan_kmeans_fallback,False
3880,256,8.31947531839,5.499199105,-0.00018941859800012396,0.0004057216599999691,-0.00018099999420002178,0.0004104948556000032,-0.00018146672553629893,0.00040998151713559825,-0.4230260713824108,0.9060928637241038,-1,-1,instant_velocity,dbscan_kmeans_fallback,False
3880,278,10.5710310612,7.71396204634,-0.005598371910000033,-0.005298247553000035,-0.006486534678000026,-0.004577494958399999,-0.00805412040556443,-0.004299751161650841,-0.7263061610690208,-0.68736945356186,0,0,instant_velocity,dbscan_kmeans_fallback,False
3880,282,7.86024044918,4.10256195707,-0.04489220788399999,0.0023865979970000063,-0.037858463919600016,0.004606134134399999,-0.04024502465933455,0.003595218663872105,-0.998589621655769,0.05308787656483385,-1,-1,instant_velocity,dbscan_kmeans_fallback,False
3880,283,13.479237946,10.4387409797,-0.00383046499000006,0.029641547129999956,-0.007900860214000004,0.03057709354,-0.007763639855365351,0.02920177236696842,-0.12816050127281614,0.9917531027173125,1,1,instant_velocity,dbscan_kmeans_fallback,False
3880,284,13.9279495597,10.6988801614,-0.003998837079999973,0.02615711404999992,-0.007164232332000004,0.0287107739064,-0.006509694245411385,0.02541711073373267,-0.151121775669509,0.9885147713059309,1,1,instant_velocity,dbscan_kmeans_fallback,False
3880,285,14.0112937431,9.84877395477,-0.004167209170000063,0.03023819662299996,-0.0045418370660000205,0.03183721728159998,-0.005772007971293317,0.030000794172807488,-0.1365223666232125,0.9906366580081997,1,1,instant_velocity,dbscan_kmeans_fallback,False
3880,286,14.4094937305,7.88651308153,-0.010670581060000118,0.004725464034000026,-0.010670581060000118,0.004725464034000026,-0.007190898261240012,0.003283553122398015,-0.9143511126902787,0.40492015131796105,-1,-1,instant_velocity,dbscan_kmeans_fallback,False
3880,331,0.66885811839,8.53733835535,-0.016437325061700002,0.0067063403720000634,-0.0219052086098,0.004486804234600008,-0.019897998505236686,0.00395480293197777,-0.9259017415902989,0.3777629393361887,-1,-1,instant_velocity,dbscan_kmeans_fallback,False
3880,332,0.170897669016,7.26647492188,-0.04455546370769999,-0.01124087656599997,-0.04115013823408,-0.013579742603599988,-0.039464745851576895,-0.011818128537127921,-0.9696176957116771,-0.24462438333507175,-1,-1,instant_velocity,dbscan_kmeans_fallback,False
3880,333,7.75100905729,7.94880328926,0.01519558091500004,-0.02517860886899994,0.014863046041800007,-0.020080835547799988,0.014088433420710388,-0.020838446227792653,0.5167044948255386,-0.8561634101940752,-1,-1,instant_velocity,dbscan_kmeans_fallback,False
3880,334,2.65186038128,12.3785678317,0.010523255481000016,-0.003317371219999998,0.017363371544,-0.0019761031419999854,0.01470485121143151,-0.0018773549820304547,0.9537316409332306,-0.3006561898024555,-1,-1,instant_velocity,dbscan_kmeans_fallback,False
3880,335,8.76692414145,8.43781721887,-0.028202324689999968,-0.0010739690990000383,-0.020154138897799996,-0.024491268646599985,-0.019506075160261392,-0.02053882465979841,-0.9992753572023844,-0.03805327634597868,0,0,instant_velocity,dbscan_kmeans_fallback,False
3880,336,8.31337183021,8.09844298368,-0.018857673822000008,0.0004773196000000368,-0.017788511065599977,-0.017775381882599993,-0.016371984578740565,-0.01488534339141146,-0.9996792830634378,0.02530357243550819,0,0,instant_velocity,dbscan_kmeans_fallback,False
3880,360,10.4910543195,8.33543216479,-0.019257557529999934,-0.004248144435000078,-0.019695324957999992,-0.004047670203200013,-0.02011741674239668,-0.007129900307303712,-0.9765216376860112,-0.215416983920754,0,0,instant_velocity,dbscan_kmeans_fallback,False
3880,361,11.1687519725,8.4962888698,-0.005598371919999856,-0.0035798969960000094,-0.007606209061999998,-0.014443691078599982,-0.009080568366403351,-0.012763437415216745,-0.8424792157384428,-0.5387260540586901,0,0,instant_velocity,dbscan_kmeans_fallback,False
3880,399,12.5506658823,11.8031590546,-0.004693371940000013,0.017684691160000023,-0.006894836992000002,0.01778970146999999,-0.00735189830641414,0.017291023707557484,-0.2565119192837366,0.9665405020919189,1,1,instant_velocity,dbscan_kmeans_fallback,False
3880,430,9.98951596327,9.75474199369,0.018184185472000004,-0.005417577453,0.018184185472000004,-0.005417577453,0.009827201061487493,-0.0030411726163283867,0.9583705909235033,-0.28552540409358274,0,0,instant_velocity,dbscan_kmeans_fallback,False
3880,431,9.27456598587,9.68791724977,0.0,0.0,0.0,0.0,0.0,0.0,0.0,0.0,0,0,instant_velocity,dbscan_kmeans_fallback,False
3890,142,8.69220902753,9.3311208492,0.0,0.0015274227189999933,0.0,0.001508329934199999,-1.0867538753024276e-07,0.0015121310033836292,0.0,0.9999934530667861,0,0,instant_velocity,dbscan_kmeans_fallback,False
3890,160,11.8491856719,12.0654461745,-0.007008488149999969,0.02315000056999992,-0.006031930041999978,0.01734102104599998,-0.005773631493146908,0.017558868757104648,-0.28975494197594964,0.9571004371183188,1,1,instant_velocity,dbscan_kmeans_fallback,False
3890,165,11.2975566196,9.492216214,0.027423603789999973,0.019522371616000102,0.0285348595632,0.021350505682400003,0.029424161372982094,0.018741186988453926,0.8146583509987602,0.5799406668088993,2,2,instant_velocity,dbscan_kmeans_fallback,False
3890,166,12.4519577459,9.08697187409,0.04318744050000003,-0.005178917653999982,0.03591376630599999,0.0075511960630000275,0.03802312791125748,0.005341014006517023,0.9928863302491973,-0.11906416505842295,-1,-1,instant_velocity,dbscan_kmeans_fallback,False
3890,167,11.0656240688,9.07145898711,0.02597139452999997,0.021479381974000056,0.025419975940999998,0.02178963971380002,0.027341880193808683,0.02032977312304897,0.770600795059049,0.6373176768548927,2,2,instant_velocity,dbscan_kmeans_fallback,False
3890,168,10.0263473575,8.54497546894,0.02338267368400011,0.022243093333000098,0.021054929568000025,0.026496010964200015,0.023925735927886434,0.023348961038468213,0.7245417770922682,0.6892304357199616,2,2,instant_velocity,dbscan_kmeans_fallback,False
3890,169,5.07578704884,7.4991682266,0.029822906033999973,0.005298247554000035,0.03218853386619999,0.009102484761199996,0.0303673142698606,0.006573466558064859,0.9845826715189117,0.17491798837908978,3,3,instant_velocity,dbscan_kmeans_fallback,False
3890,170,7.78426254461,3.15030935622,0.051711277435000015,-0.004773195993999968,0.056606695884799996,-0.009002247645199999,0.05451796653154956,-0.008489558096581428,0.9957667563840006,-0.09191399107293108,-1,-1,instant_velocity,dbscan_kmeans_fallback,False
3890,171,2.56872666298,6.63092387524,0.022519766730000022,0.006109690872999974,0.021488487692800002,0.005842391896999999,0.021350702501968834,0.005566566150060967,0.9651113769801605,0.2618380661780557,3,3,instant_velocity,dbscan_kmeans_fallback,False
3890,172,2.48306736336,5.79537591644,0.024245580629000018,0.005202783634000063,0.0222335341808,0.0037612784434000093,0.02205627209602081,0.003640640011765185,0.9777416492781072,0.20981053532947183,3,3,instant_velocity,dbscan_kmeans_fallback,False
3890,173,11.1430752291,5.35027538998,-0.04466069625999989,0.003603762976000002,-0.04357469629799997,0.0010548763148000085,-0.04157429863942727,0.0018042191387488082,-0.9967599870116052,0.08043060314686358,-1,-1,instant_velocity,dbscan_kmeans_fallback,False
3890,174,0.537738355093,4.7514779525,0.03253790594810001,0.002171804177999981,0.03253790594810001,0.002171804177999981,0.009761371784430003,0.0006515412533999944,0.9977795356641331,0.06659868547578682,3,3,instant_velocity,dbscan_kmeans_fallback,False
3890,256,8.3175811324,5.50325632159,-0.0001894185989998576,0.00040572165900005787,-0.00018099999419998625,0.0004104948554000032,-0.00018385228757536654,0.00040870355969493613,-0.42302607407151527,0.9060928624686195,-1,-1,instant_velocity,dbscan_kmeans_fallback,False
3890,282,7.41110790524,4.12642793705,-0.04491325439400003,0.0023865979980000063,-0.04013148710340001,0.0038901547353999977,-0.0416454935797342,0.0032326324641104754,-0.9985909402658978,0.0530630694884117,-1,-1,instant_velocity,dbscan_kmeans_fallback,False
3890,283,13.4411437611,10.7353951107,-0.0038094184900000273,0.029665413100000038,-0.006776976530000027,0.030247743015400026,-0.006577373445755753,0.029340864586877905,-0.12736691147251678,0.9918553327815965,1,1,instant_velocity,dbscan_kmeans_fallback,False
3890,284,13.88059491,11.006751303,-0.00473546497000008,0.030787114159999972,-0.005855139350000016,0.028390969774199987,-0.0059774254627879934,0.027028111761612864,-0.15202533088527517,0.9883762728323291,1,1,instant_velocity,dbscan_kmeans_fallback,False
3890,285,13.9833018835,10.1669074678,-0.002799185960000017,0.031813351303000025,-0.004150371962000001,0.03127398015459999,-0.004880161367905327,0.030544561311865247,-0.08764911735605549,0.9961510959586455,1,1,instant_velocity,dbscan_kmeans_fallback,False
3890,286,14.3147844312,7.92231205149,-0.009470929929999983,0.0035798969959999205,-0.009470929929999983,0.0035798969959999205,-0.007874907761868003,0.0033724562844785868,-0.9354061726966316,0.353572222836249,-1,-1,instant_velocity,dbscan_kmeans_fallback,False
3890,333,7.9240113774,7.67291256079,0.017300232011000016,-0.02758907284699994,0.015406046024600002,-0.022133309825399988,0.015051972997797276,-0.02286363421355484,0.5312582392036034,-0.8472095780355903,-1,-1,instant_velocity,dbscan_kmeans_fallback,False
3890,334,2.75709293609,12.3453941196,0.010523255480999971,-0.0033173712099999974,0.014732557673599996,-0.0024916083080000107,0.013450372492302048,-0.0023093598504213175,0.9537316411931102,-0.3006561889780731,-1,-1,instant_velocity,dbscan_kmeans_fallback,False
3890,335,8.47016833688,8.5786265007,-0.029675580456999917,0.01408092818300002,-0.023993022497199982,-0.014820773562199996,-0.02255692674928295,-0.01015289880695888,-0.9034538127157757,0.42868473194456524,4,4,instant_velocity,dbscan_kmeans_fallback,False
3890,336,8.10290672058,8.25762907009,-0.02104651096300003,0.01591860864099992,-0.018339929652800003,-0.008777907433400003,-0.017774342494018405,-0.0056441577816880445,-0.797560701186977,0.603238070764164,4,4,instant_velocity,dbscan_kmeans_fallback,False
3890,360,10.1698845622,8.1595398924,-0.03211697572999998,-0.01758922723899996,-0.021799976056000005,-0.006429495004400003,-0.023717284438677672,-0.010267698386812588,-0.8770803862303448,-0.4803430544011372,-1,-1,instant_velocity,dbscan_kmeans_fallback,False
3890,361,11.1125577882,8.46048989984,-0.005619418430000067,-0.0035798969960000094,-0.006532837003999994,-0.012878082792599983,-0.008042223385482366,-0.010008375289451723,-0.8433947618543657,-0.5372916098017907,0,0,instant_velocity,dbscan_kmeans_fallback,False
3890,362,14.437275125,12.5107853608,0.0,0.0,0.0,0.0,0.0,0.0,0.0,0.0,-1,-1,instant_velocity,dbscan_kmeans_fallback,False
3890,399,12.4995228607,11.9948028738,-0.005114302159999973,0.01916438191999994,-0.00612874399199999,0.018061773641999998,-0.00668061946248989,0.01785303117129022,-0.2578413919181017,0.9661867357291445,1,1,instant_velocity,dbscan_kmeans_fallback,False
3890,430,10.1711473529,9.70032755935,0.018163138963000057,-0.005441443433999993,0.0129730693578,-0.004019031027199986,0.012327982431941262,-0.003761253861629869,0.9579345541909898,-0.2869849039157107,5,5,instant_velocity,dbscan_kmeans_fallback,False
3890,431,9.41473574888,9.56405281372,0.014016976301000027,-0.012386443605000075,0.014016976301000027,-0.012386443605000075,0.004205092890300009,-0.003715933081500023,0.7493459731062226,-0.6621778789660887,5,5,instant_velocity,dbscan_kmeans_fallback,False
3900,142,8.69220902753,9.34615641658,0.0,0.0015035567380000004,0.0,0.001508329934199999,-7.607277127116992e-08,0.0015095587237685406,0.0,0.999993349147898,0,0,instant_velocity,dbscan_kmeans_fallback,False
3900,160,11.7791007904,12.2967075204,-0.007008488150000147,0.023126134590000014,-0.00631395329,0.01899732005600001,-0.006144088490202881,0.019229048506973257,-0.2900288254484469,0.9570174777709032,1,1,instant_velocity,dbscan_kmeans_fallback,False
3900,165,11.5905240522,9.62562704204,0.029296743259999935,0.013341082803999881,0.028379115382,0.019245526248800004,0.02938593593908745,0.01712115573311771,0.910080661279479,0.4144304147630546,2,2,instant_velocity,dbscan_kmeans_fallback,False
3900,166,12.888041453,9.02730692416,0.04360837070999999,-0.005966494993000104,0.03967267316399997,0.0012458041544000055,0.039698700750880236,0.001948761306661884,0.9907693190940589,-0.1355570062661675,2,2,instant_velocity,dbscan_kmeans_fallback,False
3900,167,11.4314124293,9.10558733847,0.03657883604999999,0.00341283513599997,0.027802440982000007,0.01802836127039999,0.03011296695066607,0.015254691726934269,0.9956754202136986,0.09289732602513597,2,2,instant_velocity,dbscan_kmeans_fallback,False
3900,168,10.3191043249,8.79413629984,0.029275696739999902,0.02491608308999993,0.0228565109046,0.02536953670959999,0.025530724171520476,0.02381909765392773,0.7615315331136003,0.6481274595520886,-1,-1,instant_velocity,dbscan_kmeans_fallback,False
3900,169,5.37380564407,7.55215070213,0.02980185952300003,0.005298247552999946,0.031864417597400004,0.008524928045799988,0.030197677845802427,0.006190900856545385,0.9845613900382835,0.1750377345253469,3,3,instant_velocity,dbscan_kmeans_fallback,False
3900,170,8.30137531896,3.10257739627,0.051711277435000015,-0.004773195995000012,0.05592478892979999,-0.007498690906999998,0.053675959802584695,-0.007374649466107003,0.9957667563822381,-0.09191399109202551,-1,-1,instant_velocity,dbscan_kmeans_fallback,False
3900,171,2.79371386517,6.69202078397,0.02249872021899999,0.006109690873000062,0.021778929544,0.005918763033000012,0.02169510781707818,0.005729503566942696,0.9650494571884181,0.2620661887958626,3,3,instant_velocity,dbscan_kmeans_fallback,False
3900,172,2.72552316965,5.84716509298,0.024245580629000018,0.005178917653999982,0.022776534163600003,0.004143134123000003,0.02271306465591457,0.0041021233044356235,0.9779386901934196,0.20889019012044202,3,3,instant_velocity,dbscan_kmeans_fallback,False
3900,173,10.6966787316,5.38655167953,-0.04463964975000003,0.0036276289549999952,-0.043940905587999984,0.001942690769599995,-0.0424939039725991,0.0023512420836241644,-0.9967140646182107,0.08099769646299151,-1,-1,instant_velocity,dbscan_kmeans_fallback,False
3900,174,0.862906949465,4.77319599427,0.032516859437199994,0.002171804176999981,0.032516859437199994,0.002171804176999981,0.016588018080261002,0.0011076201304799904,0.9977766701278244,0.06664160000081909,3,3,instant_velocity,dbscan_kmeans_fallback,False
3900,256,8.31589741152,5.50731353819,-0.00016837208800009052,0.0004057216599999691,-0.00018099999440000404,0.0004104948556000032,-0.00017920822770278372,0.000407808989786446,-0.3832899548342098,0.9236034225373815,-1,-1,instant_velocity,dbscan_kmeans_fallback,False
3900,282,7.036269545,4.12881453504,-0.037483836024,0.00023865979900001834,-0.040918626613400025,0.0027445876965999983,-0.04039699631301394,0.002334440664577338,-0.9999794644644506,0.006366874986872387,-1,-1,instant_velocity,dbscan_kmeans_fallback,False
3900,283,13.4001030647,11.03419718,-0.004104069639999963,0.029880206929999886,-0.005699395170000017,0.03006636156879999,-0.005835382304029016,0.029502667289814502,-0.13607320204206305,0.9906984508782759,1,1,instant_velocity,dbscan_kmeans_fallback,False
3900,284,13.8330297952,11.3148611044,-0.004756511479999936,0.030810980140000055,-0.004550255671999999,0.02807116564200001,-0.005611151267951576,0.02816297227512902,-0.15256976640371833,0.9882923782262113,1,1,instant_velocity,dbscan_kmeans_fallback,False
3900,285,13.9553100239,10.4850409808,-0.002799185960000017,0.03181335129999994,-0.003758906858000017,0.030705969830999998,-0.004255868745533734,0.030925198308305653,-0.08764911736425754,0.9961510959579237,1,1,instant_velocity,dbscan_kmeans_fallback,False
3900,286,14.2200751318,7.95811102144,-0.009470929939999984,0.0035798969950000094,-0.010392767113999994,0.004467711450599996,-0.008353714415307597,0.0034346884976350135,-0.9354061728527657,0.3535722224231849,-1,-1,instant_velocity,dbscan_kmeans_fallback,False
3900,333,8.09932881372,7.39439657452,0.01753174363199994,-0.02785159862700004,0.01596588321619999,-0.024200103691000018,0.015795904188058076,-0.0243600235375884,0.5327163155695108,-0.8462935184732547,-1,-1,instant_velocity,dbscan_kmeans_fallback,False
3900,334,2.85306502608,12.2909796852,0.009597208999000007,-0.005441443439999994,0.011916534506999997,-0.0034319279199999998,0.012294423444311435,-0.0032489849272949204,0.8699037633749135,-0.4932196565835907,-1,-1,instant_velocity,dbscan_kmeans_fallback,False
3900,335,8.14752532382,8.71299196794,-0.03226430130600004,0.01343654672400003,-0.027709836333399983,-0.004973670225999989,-0.025469139116298077,-0.003076065147671206,-0.9231468580264931,0.3844467534984277,4,4,instant_velocity,dbscan_kmeans_fallback,False
3900,336,7.84571835662,8.35046773217,-0.025718836396000012,0.009283866208000013,-0.019821604024600016,-0.0011121546668000093,-0.020157690664612888,-0.0011657505847816269,-0.9405943391734912,0.3395313795085612,4,4,instant_velocity,dbscan_kmeans_fallback,False
3900,360,9.83082527061,8.00751359999,-0.03390592915900008,-0.015202629240999955,-0.024371859693800034,-0.008606072377600001,-0.02677387785477439,-0.011748177643068798,-0.9124747244560129,-0.40913242231576286,-1,-1,instant_velocity,dbscan_kmeans_fallback,False
3900,361,11.056363604,8.42469092988,-0.005619418420000066,-0.0035798969960000094,-0.006040348646000027,-0.008391278557999975,-0.007315381895837676,-0.008079831801416209,-0.8433947614210918,-0.5372916104819039,0,0,instant_velocity,dbscan_kmeans_fallback,False
3900,362,14.4309611717,12.3227214386,-0.0006313953299999398,-0.018806392219999957,-0.0006313953299999398,-0.018806392219999957,-0.00018941859899998198,-0.005641917665999988,-0.033554519174077466,-0.9994363568404441,-1,-1,instant_velocity,dbscan_kmeans_fallback,False
3900,363,14.8998774359,12.318664222,0.0,0.0,0.0,0.0,0.0,0.0,0.0,0.0,-1,-1,instant_velocity,dbscan_kmeans_fallback,False
3900,399,12.4414344904,12.2086420543,-0.005808837030000014,0.021383918050000082,-0.005640464937999994,0.018758660256000006,-0.006419084732742927,0.01891229723490318,-0.26214514596206095,0.9650279891667073,1,1,instant_velocity,dbscan_kmeans_fallback,False
3900,430,10.2698554893,9.59770384548,0.00987081363999991,-0.01026237138700008,0.013044627494799989,-0.005455763021399988,0.011590831794358856,-0.005711589119240933,0.693223126159584,-0.720722063465776,5,5,instant_velocity,dbscan_kmeans_fallback,False
3900,431,9.555115977,9.44042703747,0.014038022811999973,-0.012362577624999992,0.014038022811999973,-0.012362577624999992,0.007154971866809998,-0.0063099264445500135,0.7504713314774596,-0.6609021950581521,5,5,instant_velocity,dbscan_kmeans_fallback,False
3900,432,9.15691598959,9.04234249154,0.0,0.0,0.0,0.0,0.0,0.0,0.0,0.0,0,0,instant_velocity,dbscan_kmeans_fallback,False
3910,142,8.69220902753,9.36119198396,0.0,0.0015035567380000004,0.0,0.001508329934199999,-5.325093988981894e-08,0.0015077581280379785,0.0,0.999993349147898,0,0,instant_velocity,dbscan_kmeans_fallback,False
3910,160,11.7088054438,12.5146039176,-0.007029534660000003,0.021789639720000052,-0.006595976536000023,0.020381546896000025,-0.006409722341142017,0.019997225870881298,-0.30702711849670383,0.9517003073305762,1,1,instant_velocity,dbscan_kmeans_fallback,False
3910,165,11.8961193914,9.71798838453,0.030559533919999993,0.009236134249000116,0.028480138635999984,0.016319557104400032,0.029738015333361213,0.014755649287882432,0.9572353725531436,0.2893092032076541,2,2,instant_velocity,dbscan_kmeans_fallback,False
3910,166,13.3190739975,8.96811929383,0.04310325445000007,-0.005918763032999941,0.04184888239799999,-0.0026777629528000092,0.04072006686061619,-0.0004114959952366639,0.9907032063946172,-0.13603932207682662,2,2,instant_velocity,dbscan_kmeans_fallback,False
3910,167,11.808986836,9.11966826665,0.037757440670000086,0.0014080928180000285,0.030416417644000014,0.01386613436340003,0.03240630906646628,0.011100712054253996,0.9993050715762227,0.03726720533247097,2,2,instant_velocity,dbscan_kmeans_fallback,False
3910,168,10.6120717575,9.04305847094,0.029296743260000112,0.024892217110000024,0.025108487577600015,0.02398053667520001,0.026660529898064368,0.024141033490749416,0.762067653977453,0.6474970042562698,-1,-1,instant_velocity,dbscan_kmeans_fallback,False
3910,169,5.67203470441,7.60537183747,0.029822906033999973,0.005322113534000028,0.03118251064219999,0.007455732143000002,0.03008524630226169,0.005930264659781778,0.9844466976755446,0.17568164172959802,3,3,instant_velocity,dbscan_kmeans_fallback,False
3910,170,8.81848809331,3.05484543633,0.051711277435000015,-0.0047731959940000126,0.05424106805259999,-0.0064104022204,0.05308655509230929,-0.006594213424474906,0.9957667563840006,-0.09191399107293194,-1,-1,instant_velocity,dbscan_kmeans_fallback,False
3910,171,3.01891153247,6.75287903289,0.022519766730000022,0.00608582489199998,0.022073580697600004,0.005990360972800008,0.021942505490954733,0.005836399964459882,0.9653694415286556,0.26088500150424093,3,3,instant_velocity,dbscan_kmeans_fallback,False
3910,172,2.96797897594,5.89895426952,0.024245580628999973,0.005178917653999982,0.023323743448799998,0.004529762998599996,0.023172819447840193,0.0044251616093049315,0.9779386901934195,0.20889019012044235,3,3,instant_velocity,dbscan_kmeans_fallback,False
3910,173,10.2416531646,5.42664652588,-0.04550255669999999,0.004009484634999972,-0.044483905569999996,0.0029021031643999963,-0.043396499790819366,0.0028487148490369063,-0.9961400649946301,0.08777546965627633,-1,-1,instant_velocity,dbscan_kmeans_fallback,False
3910,174,1.18807554384,4.79491403604,0.03251685943749999,0.002171804176999981,0.03251685943749999,0.002171804176999981,0.0213666704874327,0.0014268753444359877,0.9977766701278653,0.066641600000207,3,3,instant_velocity,dbscan_kmeans_fallback,False
3910,256,8.31400322554,5.51160941458,-0.0001894185979999463,0.000429587638999962,-0.00018099999419998625,0.0004104948553999854,-0.0001822713387919325,0.00041434258455050083,-0.4034437549466898,0.9149811686225068,-1,-1,instant_velocity,dbscan_kmeans_fallback,False
3910,282,6.66963932403,4.12881453504,-0.03666302209699994,0.0,-0.041541603337999986,0.001551288698000004,-0.03927680404820974,0.0016341084652041367,-0.9999997272456905,0.0,-1,-1,instant_velocity,dbscan_kmeans_fallback,False
3910,283,13.3348588808,11.3551946106,-0.006524418389999909,0.03209974306000003,-0.005101674255999988,0.030324114152200002,-0.006042093129820283,0.030281790020870163,-0.199181772627872,0.9799622497217149,1,1,instant_velocity,dbscan_kmeans_fallback,False
3910,284,13.7854646805,11.622732246,-0.004756511469999935,0.030787114159999972,-0.004428185905999982,0.028834877,-0.005354759328566083,0.028950214840590308,-0.15268528100045595,0.9882745382537207,1,1,instant_velocity,dbscan_kmeans_fallback,False
3910,285,13.9193204902,10.7912415038,-0.0035989533699998686,0.03062005230000011,-0.003577906863999978,0.030863485298000023,-0.004058794132873574,0.03083365450581399,-0.11673225216864165,0.9931630946640297,1,1,instant_velocity,dbscan_kmeans_fallback,False
3910,286,14.1253658325,7.9939099914,-0.009470929929999983,0.0035798969960000094,-0.010051813635999985,0.004138360927000004,-0.008688879069715313,0.003478251047144512,-0.9354061726966287,0.3535722228362567,-1,-1,instant_velocity,dbscan_kmeans_fallback,False
3910,333,8.25717764594,7.12113110385,0.01578488322200009,-0.027326547067000016,0.0161763483258,-0.02616666044059999,0.01579259789824068,-0.025249980596411883,0.5001874351776414,-0.8659167950418277,-1,-1,instant_velocity,dbscan_kmeans_fallback,False
3910,334,2.94651153476,12.2313147353,0.009344650868000005,-0.005966494990000015,0.010102325262000002,-0.00426723722000002,0.011409491671418007,-0.0040642379461064485,0.8428468200417899,-0.5381518689304532,-1,-1,instant_velocity,dbscan_kmeans_fallback,False
3910,335,7.78552533527,8.83709506379,-0.036199998855000005,0.012410309584999979,-0.030479557176000007,0.0029975670844000035,-0.02868839703790866,0.0015698472721301497,-0.9459546660746297,0.32429808372051755,4,4,instant_velocity,dbscan_kmeans_fallback,False
3910,336,7.55401371468,8.43232804348,-0.029170464194,0.008186031131000072,-0.02229246441160001,0.0037899176196000183,-0.02286152272342902,0.001639783929952883,-0.9628067005469446,0.2701899281203037,4,4,instant_velocity,dbscan_kmeans_fallback,False
3910,360,9.41978691151,7.95071256765,-0.04110383590999991,-0.005680103234000011,-0.028837929321800005,-0.009092938369199981,-0.031072865271342044,-0.009927755320348163,-0.9905862531482312,-0.13688825034196753,-1,-1,instant_velocity,dbscan_kmeans_fallback,False
3910,361,11.0003798848,8.38889195993,-0.005598371920000034,-0.003579896995000098,-0.005610999822000018,-0.0035798969956000095,-0.006800278903086383,-0.006729851359491375,-0.8424792158067452,-0.538726053951876,0,0,instant_velocity,dbscan_kmeans_fallback,False
3910,362,14.4244367533,12.1346575164,-0.0006524418399999731,-0.018806392219999957,-0.0006524418399999731,-0.018806392219999957,-0.00032832557129997935,-0.00959126003219998,-0.034671680195945465,-0.9993982248155365,5,5,instant_velocity,dbscan_kmeans_fallback,False
3910,363,14.8901960409,12.1189059696,-0.0009681395000001203,-0.019975825240000057,-0.0009681395000001203,-0.019975825240000057,-0.00029044185000003613,-0.005992747572000018,-0.04840871241406218,-0.9988271104284117,5,5,instant_velocity,dbscan_kmeans_fallback,False
3910,399,12.3833461201,12.4227198947,-0.005808837030000014,0.02140778403999999,-0.0052195347199999985,0.019465093264000012,-0.006236010421920053,0.01966094327643222,-0.2618729513854501,0.965101888764319,1,1,instant_velocity,dbscan_kmeans_fallback,False
3910,430,10.347938045,9.48266982201,0.00780825557,-0.011503402347000069,0.012707883319999986,-0.007140701207600024,0.010456058927051199,-0.007449133087568674,0.5616179952692141,-0.8273957873150597,6,6,instant_velocity,dbscan_kmeans_fallback,False
3910,431,9.68665667051,9.34949765377,0.013154069351000075,-0.00909293837000007,0.013154069351000075,-0.00909293837000007,0.008954701112067021,-0.00714483002218503,0.8225931562865371,-0.5686292716047332,6,6,instant_velocity,dbscan_kmeans_fallback,False
3910,432,9.09251366604,9.03255743975,-0.006440232355000042,-0.0009785051789998889,-0.006440232355000042,-0.0009785051789998889,-0.001932069706500013,-0.0002935515536999667,-0.9886522297701825,-0.1502121777188434,0,0,instant_velocity,dbscan_kmeans_fallback,False
3920,142,8.69220902753,9.37622755134,0.0,0.0015035567380000004,0.0,0.001508329934199999,-3.7275657922873255e-08,0.0015064977110265851,0.0,0.999993349147898,0,0,instant_velocity,dbscan_kmeans_fallback,False
3920,160,11.6387205623,12.677369901,-0.007008488149999969,0.016276598339999993,-0.006873790480000004,0.02066793865600001,-0.006589352083799403,0.018881037611616906,-0.3954823246056695,0.918472973115608,1,1,instant_velocity,dbscan_kmeans_fallback,False
3920,165,12.2015042654,9.81034972702,0.030538487400000137,0.009236134248999939,0.029048394430000003,0.01417639210299999,0.02997815695335289,0.013099794776217684,0.9571801406750952,0.28949188491083505,2,2,instant_velocity,dbscan_kmeans_fallback,False
3920,166,13.7056984039,8.9125115605,0.03866244063999993,-0.005560773332999957,0.041646835891999995,-0.004157453710999981,0.040102778994431314,-0.001956279196565652,0.9898141419226258,-0.14236380305838817,2,2,instant_velocity,dbscan_kmeans_fallback,False
3920,167,12.1865612426,9.13374919483,0.037757440659999905,0.001408092817999851,0.03280309198600001,0.009837556944199974,0.03401164854452637,0.008192926283377752,0.9993050715758552,0.03726720534232291,2,2,instant_velocity,dbscan_kmeans_fallback,False
3920,168,10.9166147712,9.14425022602,0.030454301370000002,0.010119175508000034,0.02702792937880002,0.020825454123,0.027798661339645057,0.0199344760959246,0.948984130424216,0.31532284564337837,2,2,instant_velocity,dbscan_kmeans_fallback,False
3920,169,5.95553120707,7.71610998454,0.028349650266000025,0.011073814707000019,0.0302059525334,0.007532103278999998,0.02956456749138319,0.00747332967394725,0.9314600213041954,0.3638427841655456,-1,-1,instant_velocity,dbscan_kmeans_fallback,False
3920,170,9.4370450505,2.9970897648,0.061855695719,-0.005775567152999983,0.05458623083240001,-0.005517814569399997,0.055717297280316505,-0.00634861954303243,0.9956690065747157,-0.09296723838911854,-1,-1,instant_velocity,dbscan_kmeans_fallback,False
3920,171,3.26052547832,6.80299759083,0.024161394584999975,0.005011855794000031,0.022696557422000004,0.005847165093000015,0.022608172219168304,0.005589036713321926,0.9791557973752572,0.20310862599589086,3,3,instant_velocity,dbscan_kmeans_fallback,False
3920,172,3.21043478223,5.95098210585,0.024245580629000018,0.005202783632999974,0.0238667434316,0.004916391873999988,0.023494647802188143,0.004658448216413444,0.9777416492863807,0.20981053529091703,3,3,instant_velocity,dbscan_kmeans_fallback,False
3920,173,9.78452294649,5.46769601144,-0.04571302181100005,0.004104948556000032,-0.0450311148562,0.0037946908155999993,-0.04409145639687358,0.0032255849611258444,-0.9959921428752188,0.08943833390815527,-1,-1,instant_velocity,dbscan_kmeans_fallback,False
3920,174,1.54313018377,4.83763414019,0.03550546399300001,0.004272010414999983,0.03550546399300001,0.004272010414999983,0.02560830853910289,0.0022804158656051865,0.992838950899728,0.11945818647793198,3,3,instant_velocity,dbscan_kmeans_fallback,False
3920,256,8.31231950466,5.51566663118,-0.00016837208800009052,0.0004057216600000579,-0.00018099999420002178,0.0004104948556000032,-0.0001781015635543799,0.00041175630718536796,-0.38328995483413825,0.9236034225374111,-1,-1,instant_velocity,dbscan_kmeans_fallback,False
3920,282,6.30300910307,4.12881453504,-0.03666302209600003,0.0,-0.040123068499,0.001002371158800006,-0.03849266946254683,0.0011438759256428956,-0.9999997272456905,0.0,-1,-1,instant_velocity,dbscan_kmeans_fallback,False
3920,283,13.2694042317,11.6761920412,-0.00654546491000012,0.03209974306000003,-0.004962767284000016,0.03067733065599999,-0.006193104663874234,0.030827175932609124,-0.19979868516823088,0.9798366572598329,1,1,instant_velocity,dbscan_kmeans_fallback,False
3920,284,13.715379799,11.8967136961,-0.007008488149999969,0.027398145010000086,-0.005051162629999979,0.029188093504,-0.0058508779749962495,0.02848459389141324,-0.24782189012319214,0.968805245429081,1,1,instant_velocity,dbscan_kmeans_fallback,False
3920,285,13.8519716551,11.0489940875,-0.006734883510000067,0.025775258370000033,-0.0040198835940000064,0.030052041979200014,-0.004861620946011522,0.0293161356650698,-0.2528049701362987,0.967516871347219,1,1,instant_velocity,dbscan_kmeans_fallback,False
3920,286,13.9527844426,8.05476824033,-0.01725813898999995,0.006085824893000069,-0.011268301970000004,0.004310195982800007,-0.011259657045800705,0.004260523200901179,-0.9430803880962199,0.3325632100484177,-1,-1,instant_velocity,dbscan_kmeans_fallback,False
3920,333,8.39755787406,6.85240016937,0.014038022811999973,-0.026873093447999975,0.015970092518400012,-0.026963784171599982,0.015266225372368469,-0.02573691445188831,0.463013747810322,-0.8863507261136014,-1,-1,instant_velocity,dbscan_kmeans_fallback,False
3920,334,3.03995804343,12.1716497854,0.009344650867000004,-0.005966494990000015,0.0098666043392,-0.004801835170000004,0.010790039430092605,-0.004634915059274519,0.8428468200156686,-0.5381518689713641,-1,-1,instant_velocity,dbscan_kmeans_fallback,False
3920,335,7.42352534671,8.96119815964,-0.036199998856000004,0.012410309584999979,-0.03250844083279999,0.010252824995599994,-0.030941877583336067,0.004821985965991099,-0.9459546660773781,0.32429808371250124,4,4,instant_velocity,dbscan_kmeans_fallback,False
3920,336,7.12466489104,8.47051361143,-0.042934882363999984,0.0038185567950000275,-0.027545673547800006,0.007536876475000014,-0.02888353061560031,0.0022934157894670265,-0.9960680651208916,0.08858863164230077,4,4,instant_velocity,dbscan_kmeans_fallback,False
3920,360,8.9952787854,7.89486617452,-0.04245081261100001,-0.00558463931300004,-0.033767022187999984,-0.009660948692400008,-0.03448624947323943,-0.008624820518143726,-0.9914570661553921,-0.13043166357122535,4,4,instant_velocity,dbscan_kmeans_fallback,False
3920,361,10.9441857005,8.35309298997,-0.005619418429999889,-0.0035798969960000094,-0.005610999823999982,-0.003579896995800027,-0.006446020761160435,-0.005784865050443965,-0.843394761854358,-0.5372916098018028,0,0,instant_velocity,dbscan_kmeans_fallback,False
3920,362,14.4181228,11.9468322541,-0.0006313953299999398,-0.01878252623000005,-0.0006313953299999398,-0.01878252623000005,-0.0004192464989099675,-0.012348639891540001,-0.03359710705745067,-0.9994349254353009,5,5,instant_velocity,dbscan_kmeans_fallback,False
3920,363,14.8803041807,11.9191477173,-0.000989186019999977,-0.019975825230000056,-0.000989186019999977,-0.019975825230000056,-0.0005000651010000184,-0.01018767086940003,-0.04945852929173927,-0.9987756774652409,5,5,instant_velocity,dbscan_kmeans_fallback,False
3920,399,12.3286251916,12.5940776309,-0.00547209285000001,0.017135773619999916,-0.005379488202000004,0.01935530975799999,-0.00600683515034404,0.018903392379502528,-0.3042029087366607,0.9526066756445668,1,1,instant_velocity,dbscan_kmeans_fallback,False
3920,430,10.4346496701,9.37336363375,0.00867116251000013,-0.010930618825999971,0.012539511231000021,-0.008711082689400023,0.009920590001935879,-0.008493578809098064,0.6214845016693603,-0.7834255425590241,0,0,instant_velocity,dbscan_kmeans_fallback,False
3920,431,9.81440899206,9.27288785807,0.012775232155000005,-0.00766097956999996,0.012775232155000005,-0.00766097956999996,0.010100860424946918,-0.0072996748865295094,0.8576155226133813,-0.514290066743288,0,0,instant_velocity,dbscan_kmeans_fallback,False
3920,432,9.0281113425,9.02277238797,-0.006440232353999953,-0.0009785051779999776,-0.006440232353999953,-0.0009785051779999776,-0.0032845185007499954,-0.00049903764098997,-0.9886522297895138,-0.15021217759160835,0,0,instant_velocity,dbscan_kmeans_fallback,False
3930,142,8.70146949236,9.4077306449,0.0009260464829999648,0.003150309356000136,0.00018520929659999297,0.0018376804578000261,0.00027778785193944346,0.0019996412045186506,0.28202108314048174,0.9594050332425761,0,0,instant_velocity,dbscan_kmeans_fallback,False
3930,160,11.5686356808,12.8403745442,-0.007008488149999969,0.016300464319999895,-0.007012697452000012,0.020128567507999975,-0.006715092903659573,0.0181068656241318,-0.3949936851616672,0.9186832215166201,1,1,instant_velocity,dbscan_kmeans_fallback,False
3930,165,12.5121507672,9.91631467809,0.03106465017999991,0.010596495106999981,0.029776603709999988,0.012386443605000004,0.030304104921346997,0.012348804875452373,0.9464515091879259,0.3228450579037756,2,2,instant_velocity,dbscan_kmeans_fallback,False
3930,166,14.0923228103,8.85714248697,0.03866244064000011,-0.005536907353000053,0.041444789388000024,-0.0056323712732000075,0.03967067748810195,-0.003030467643495973,0.9899000671306,-0.14176510509168544,2,2,instant_velocity,dbscan_kmeans_fallback,False
3930,167,12.5390903013,9.17384404119,0.035252905870000004,0.004009484636000061,0.03466360355599999,0.006343577476399993,0.03438402574216846,0.006937893789164444,0.9935939897376136,0.11300628240309551,2,2,instant_velocity,dbscan_kmeans_fallback,False
3930,168,11.2243147614,9.20868837194,0.030769999019999973,0.0064438145919998744,0.02863588281480002,0.01772287672659999,0.028690062643751534,0.01588727764474718,0.978767459185711,0.2049722533814865,2,2,instant_velocity,dbscan_kmeans_fallback,False
3930,169,6.21671840812,7.9137202987,0.026118720105000028,0.01976103141600003,0.028783208392400006,0.00935069095280001,0.02853081327546824,0.011159640196563084,0.797472052808534,0.6033553798034185,-1,-1,instant_velocity,dbscan_kmeans_fallback,False
3930,170,10.0558124728,2.93909543347,0.06187674222999995,-0.00579943313300002,0.0557732540508,-0.005178917653799999,0.05756513076522154,-0.006183863620022706,0.9956363257188681,-0.09331658532263373,-1,-1,instant_velocity,dbscan_kmeans_fallback,False
3930,171,3.56822546859,6.80920274562,0.030769999027000016,0.0006205154789999945,0.024493929458200007,0.004787515582200008,0.02505672026151782,0.004098480343025347,0.9997963983288944,0.02016214366686021,3,3,instant_velocity,dbscan_kmeans_fallback,False
3930,172,3.49687779643,5.9999073648,0.028644301420000007,0.004892525895000066,0.025125324787200008,0.005131185694000014,0.025039543887531705,0.004728671519989431,0.9857244639813454,0.16836446435368474,3,3,instant_velocity,dbscan_kmeans_fallback,False
3930,173,9.32718226327,5.50898415679,-0.045734068322,0.004128814535000025,-0.04524999856859999,0.003894927931400005,-0.04458423997441151,0.0034965538332880986,-0.9959493987277273,0.08991306709561826,-1,-1,instant_velocity,dbscan_kmeans_fallback,False
3930,174,1.90155226547,4.88274084234,0.03584220816999999,0.004510670215000001,0.03378385939716,0.0030596186323999853,0.02867847842837202,0.0029494921704236307,0.9921737038139437,0.12486307631139987,3,3,instant_velocity,dbscan_kmeans_fallback,False
3930,256,8.31042531867,5.51972384777,-0.0001894185990000352,0.000405721658999969,-0.00018099999440000404,0.0004104948554000032,-0.00018149667418807647,0.0004099459127297483,-0.42302607407191706,0.9060928624684319,-1,-1,instant_velocity,dbscan_kmeans_fallback,False
3930,282,5.87681725607,4.14122484463,-0.042619184700000014,0.001241030958999989,-0.0396684638622,0.0007732577512000028,-0.03973062403378279,0.0011730224356500236,-0.9995760749102097,0.029106724203460936,-1,-1,instant_velocity,dbscan_kmeans_fallback,False
3930,283,13.204791443,11.9738008114,-0.006461278869999987,0.02976087702000001,-0.005488930060000001,0.030701196634,-0.00627355692571196,0.030507286258826392,-0.21216377524857563,0.977233787662193,4,4,instant_velocity,dbscan_kmeans_fallback,False
3930,284,13.6450844524,12.1706951462,-0.007029534660000003,0.02739814500999991,-0.005657302145999985,0.029436299696,-0.006204474980497376,0.028158659226989242,-0.24852020041957143,0.9686263484487401,4,4,instant_velocity,dbscan_kmeans_fallback,False
3930,285,13.78462282,11.3067466712,-0.006734883510000067,0.025775258370000033,-0.004533418462000008,0.029159454328600027,-0.005423599715208086,0.02825387247654887,-0.2528049701362987,0.967516871347219,4,4,instant_velocity,dbscan_kmeans_fallback,False
3930,286,13.5989925933,8.17409814019,-0.03537918493000003,0.011932989986000031,-0.016210022743999984,0.005751701173200008,-0.018495515411060502,0.0065622632364308355,-0.9475527472274176,0.31959858505060207,-1,-1,instant_velocity,dbscan_kmeans_fallback,False
3930,333,8.55182879941,6.59106768869,0.015427092534999964,-0.026133248068000013,0.016016394842399997,-0.027154712011399997,0.015314485521157918,-0.025855814536721818,0.5083558663774598,-0.8611467087998026,-1,-1,instant_velocity,dbscan_kmeans_fallback,False
3930,334,3.14056036583,12.1160420521,0.01006023223999999,-0.005560773330000046,0.009773999690999995,-0.005250515592000013,0.01057109727306482,-0.004912672540492177,0.875197632656725,-0.483763747998396,-1,-1,instant_velocity,dbscan_kmeans_fallback,False
3930,335,6.9838637327,8.98291620141,-0.04396616140100003,0.002171804176999892,-0.035661208175,0.01090197965079998,-0.03484916272863525,0.004026931429293737,-0.9987819608655241,0.04933700749391666,5,5,instant_velocity,dbscan_kmeans_fallback,False
3930,336,6.69531606741,8.50869917938,-0.042934882362999985,0.0038185567950000275,-0.032361115256,0.008205123914000013,-0.03309893613982021,0.0027509580911269267,-0.9960680651207094,0.0885886316443479,5,5,instant_velocity,dbscan_kmeans_fallback,False
3930,360,8.44806950037,7.84713421458,-0.05472092850300001,-0.0047731959940000126,-0.0408596963826,-0.009765959004199996,-0.040556653182167605,-0.007469333160900612,-0.9962170314792601,-0.08689799814984304,5,5,instant_velocity,dbscan_kmeans_fallback,False
3930,361,10.5834485026,8.28483628725,-0.03607371979000007,-0.00682567027199994,-0.011706069398000025,-0.004229051651000013,-0.015334330469812328,-0.006097106616910758,-0.9825654382063616,-0.18591561227680486,-1,-1,instant_velocity,dbscan_kmeans_fallback,False
3930,362,14.4168600093,11.7518471977,-0.00012627907000002382,-0.019498505640000018,-0.00012627907000002382,-0.019498505640000018,-0.00033135627023698436,-0.014493599616078007,-0.006476206914974004,-0.9999785162925566,6,6,instant_velocity,dbscan_kmeans_fallback,False
3930,363,14.8706227857,11.7193894649,-0.0009681394999999426,-0.019975825239999877,-0.0009681394999999426,-0.019975825239999877,-0.0006404874206999957,-0.013124117180579984,-0.048408712414053756,-0.9988271104284122,6,6,instant_velocity,dbscan_kmeans_fallback,False
3930,399,12.27748217,12.7231925825,-0.005114302159999973,0.012911495160000008,-0.005463674245999996,0.018400670557999987,-0.0057390752532408195,0.017105823213651773,-0.3682661856278095,0.9297196224567913,1,1,instant_velocity,dbscan_kmeans_fallback,False
3930,430,10.5998647812,9.31369868382,0.01652151111000002,-0.005966494992999926,0.012206976358600024,-0.008820866197400008,0.011900866334355121,-0.0077354536642686225,0.9405462031172678,-0.33966410059111496,7,7,instant_velocity,dbscan_kmeans_fallback,False
3930,431,9.9421613136,9.19603940256,0.012775232153999916,-0.007684845550999952,0.0133519065546,-0.00983755694420001,0.010903171943662818,-0.007415226085870643,0.8569086470951761,-0.5154670009015004,7,7,instant_velocity,dbscan_kmeans_fallback,False
3930,432,8.96370901895,9.01298733618,-0.006440232355000042,-0.0009785051790000665,-0.006440232355000042,-0.0009785051790000665,-0.00423123265702501,-0.0006428779023929989,-0.9886522297701784,-0.15021217771887005,0,0,instant_velocity,dbscan_kmeans_fallback,False
3940,142,8.7132555385,9.44305229526,0.0011786046140001005,0.0035321650359998458,0.00042093021940001305,0.0022386289211999964,0.0005480328805576406,0.0024593983539630093,0.3165208737766269,0.9485827140312101,0,0,instant_velocity,dbscan_kmeans_fallback,False
3940,160,11.4983403342,13.0031405276,-0.007029534660000003,0.016276598339999993,-0.0070169067540000185,0.01875388706199999,-0.006809425430561702,0.01755778543889226,-0.3964834995539025,0.9180412335681455,1,1,instant_velocity,dbscan_kmeans_fallback,False
3940,165,12.8278484317,10.035644578,0.03156976645,0.011932989990999943,0.030605836241999994,0.010868567279999972,0.0306838033799429,0.012224060410116644,0.9354068194208423,0.35357246723192026,2,2,instant_velocity,dbscan_kmeans_fallback,False
3940,166,14.4789472167,8.80153475363,0.03866244063999993,-0.005560773334000046,0.040539789416000005,-0.00570874240920002,0.039368206433671345,-0.003789559350647195,0.989814141919018,-0.14236380308347296,-1,-1,instant_velocity,dbscan_kmeans_fallback,False
3940,167,12.8663635467,9.24019146551,0.03272732454000007,0.006634742431999996,0.03601478955800001,0.003374649567999981,0.033887015381517935,0.00684694838201511,0.980062871349945,0.19868610740318157,2,2,instant_velocity,dbscan_kmeans_fallback,False
3940,168,11.5265426589,9.29890177624,0.03022278974999999,0.009021340430000002,0.030003906027999995,0.015078526145999973,0.02914988077562607,0.013827496480323026,0.9582220799500074,0.286024144768823,2,2,instant_velocity,dbscan_kmeans_fallback,False
3940,169,6.47790560916,8.11109195306,0.02611872010399994,0.019737165436000036,0.028042371206399998,0.012238474529200011,0.027807185324027747,0.013732897768394169,0.7978226881230084,0.6028916547739469,-1,-1,instant_velocity,dbscan_kmeans_fallback,False
3940,170,10.67436943,2.88133976194,0.06185569572000009,-0.005775567152999983,0.057802137707800016,-0.005379391885600002,0.0588523002516551,-0.006061374679915889,0.9956690065748547,-0.09296723838762842,-1,-1,instant_velocity,dbscan_kmeans_fallback,False
3940,171,3.87571499375,6.81516924062,0.030748952515999982,0.0005966495000000016,0.026139766615399997,0.003684907307600014,0.026764389937862468,0.003047931090117743,0.999811472447087,0.01940023858762071,3,3,instant_velocity,dbscan_kmeans_fallback,False
3940,172,3.80205220539,6.04763932474,0.03051744089599997,0.0047731959940000126,0.026379696840599997,0.005045268166000003,0.026682912990072184,0.004742028862192606,0.9879877733637041,0.15452997182862568,3,3,instant_velocity,dbscan_kmeans_fallback,False
3940,173,8.9342439036,5.65623725321,-0.03929383596699996,0.014725309641999917,-0.044176626510000004,0.006119237264599988,-0.042997118772188044,0.006865180575901645,-0.9364063305328504,0.3509169524554797,-1,-1,instant_velocity,dbscan_kmeans_fallback,False
3940,174,2.25997434716,4.92808620428,0.03584220816900001,0.004534536194000083,0.03444471984134,0.0035321650356000055,0.030827597350560416,0.003425005377496566,0.9920916521092413,0.12551334680728757,3,3,instant_velocity,dbscan_kmeans_fallback,False
3940,256,8.30853113269,5.52378106437,-0.0001894185979999463,0.0004057216599999691,-0.00018099999420002178,0.00041049485559998546,-0.00018387325133163742,0.00040867863691081455,-0.423026071382085,0.9060928637242559,-1,-1,instant_velocity,dbscan_kmeans_fallback,False
3940,282,5.43547192119,4.15649907181,-0.044134533487999936,0.0015274227179999933,-0.03951271968099999,0.0006014226952000001,-0.04105179687004793,0.0012793425203550144,-0.9994014426957133,0.034587619882522486,-1,-1,instant_velocity,dbscan_kmeans_fallback,False
3940,283,13.1429147008,12.1773776206,-0.006187674219999906,0.020357680919999944,-0.005964581205999977,0.02883965019799998,-0.006247792113998343,0.027462404657178457,-0.29081125040042766,0.9567799520638308,1,1,instant_velocity,dbscan_kmeans_fallback,False
3940,284,13.569527478,12.4606668028,-0.007555697440000131,0.028997165660000056,-0.0062213486399999955,0.029078309996000015,-0.006609841718348202,0.028410211156892486,-0.2521474499768547,0.9676884808830176,1,1,instant_velocity,dbscan_kmeans_fallback,False
3940,285,13.7164321245,11.5783415233,-0.006819069549999846,0.02715948520999998,-0.005337395179999973,0.028228681110000018,-0.0058422406656456136,0.027925556296584202,-0.24351678172321464,0.9698963154875859,1,1,instant_velocity,dbscan_kmeans_fallback,False
3940,286,13.2479367905,8.28507494705,-0.03510558027999995,0.011097680685999834,-0.021336952813999978,0.007255257911199991,-0.02347853487174234,0.007922888471301535,-0.9534910485254361,0.3014204325664682,-1,-1,instant_velocity,dbscan_kmeans_fallback,False
3940,333,8.83258925565,6.39202541573,0.028076045623999946,-0.01990422729599999,0.018171557564999982,-0.025617742901200006,0.01914295355201053,-0.02407033836450527,0.8157908002256087,-0.5783465994867862,-1,-1,instant_velocity,dbscan_kmeans_fallback,False
3940,334,3.26915454781,12.0761858655,0.012859418198000006,-0.003985618659999979,0.010241232234400002,-0.00538416508200001,0.011257593550545376,-0.004634556376344518,0.955173441700513,-0.29604427153399937,-1,-1,instant_velocity,dbscan_kmeans_fallback,False
3940,335,6.53536258409,8.9934172326,-0.04485011486100001,0.0010501031190001341,-0.03869611505580002,0.008295814638000004,-0.03784944836834468,0.003133882936205656,-0.9997257912232518,0.023407190254963958,4,4,instant_velocity,dbscan_kmeans_fallback,False
3940,336,6.26554631355,8.53471309755,-0.04297697538600005,0.0026013918169999427,-0.03674720814060001,0.005541680549200016,-0.036062347913674166,0.0027060882088888313,-0.9981728527121666,0.060419298186414165,4,4,instant_velocity,dbscan_kmeans_fallback,False
3940,360,7.90086021534,7.79940225464,-0.05472092850300001,-0.004773195993999923,-0.0453804869372,-0.007202752755199988,-0.04480593577841733,-0.006660492010830406,-0.9962170314792602,-0.08689799814984144,4,4,instant_velocity,dbscan_kmeans_fallback,False
3940,361,10.2225008396,8.21681824433,-0.03609476629999993,-0.006801804292000035,-0.017801138971999995,-0.004873433110200018,-0.02156246121886861,-0.006308515919437541,-0.9827036671392306,-0.1851835793964347,-1,-1,instant_velocity,dbscan_kmeans_fallback,False
3940,362,14.4168600093,11.5554301825,0.0,-0.019641701519999978,-0.0004083023139999753,-0.019107103565999994,-0.00023194938916588903,-0.0160380301872546,0.0,-0.9999994908793975,5,5,instant_velocity,dbscan_kmeans_fallback,False
3940,363,14.8607309255,11.5193925528,-0.000989186019999977,-0.019999691210000135,-0.000989186019999977,-0.019999691210000135,-0.0007450970004899901,-0.015186789389406031,-0.049399653709688914,-0.9987785917907929,5,5,instant_velocity,dbscan_kmeans_fallback,False
3940,399,12.2263391484,12.8520688744,-0.0051143021600001505,0.012887629190000105,-0.005463674246000032,0.01714532001200002,-0.0055516433252686195,0.01584036500655627,-0.368855447765425,0.9294859957027081,1,1,instant_velocity,dbscan_kmeans_fallback,False
3940,430,10.7652903573,9.25403373389,0.016542557609999876,-0.005966494993000104,0.011882860087999986,-0.00892587650920003,0.013293373717048548,-0.007204766062888067,0.9406842028569423,-0.33928173131749984,-1,-1,instant_velocity,dbscan_kmeans_fallback,False
3940,431,10.2496508388,8.9139435193,0.03074895251999994,-0.028209588326000023,0.01669830179839998,-0.013002185888399999,0.016856906116563954,-0.01365353475790946,0.7368787732052263,-0.6760245515604775,-1,-1,instant_velocity,dbscan_kmeans_fallback,False
3940,432,8.89930669541,9.00320228439,-0.006440232353999953,-0.0009785051790000665,-0.006440232353999953,-0.0009785051790000665,-0.004893932566117493,-0.0007435660853751192,-0.9886522297667141,-0.15021217774166978,0,0,instant_velocity,dbscan_kmeans_fallback,False
3950,142,8.72504158464,9.47837394562,0.001178604613999923,0.0035321650360000236,0.0006566511421999976,0.002644350580800001,0.0007372044005903254,0.0027812283585741137,0.3165208737765697,0.9485827140312292,0,0,instant_velocity,dbscan_kmeans_fallback,False
3950,160,11.4282554527,13.1661451708,-0.007008488149999969,0.016300464320000076,-0.007016906753999983,0.017388753008000003,-0.006869144246393182,0.017180589103224606,-0.39499368516166355,0.9186832215166216,1,1,instant_velocity,dbscan_kmeans_fallback,False
3950,165,13.1435460961,10.1549744778,0.03156976644,0.01193298998000003,0.031060440878000008,0.010586948715200002,0.03094959229796003,0.01213673928108166,0.9354068194915957,0.3535724670447359,2,2,instant_velocity,dbscan_kmeans_fallback,False
3950,166,14.8657820882,8.7461656801,0.03868348714999996,-0.005536907352999876,0.039554812704,-0.005622824881199975,0.03916279064856993,-0.004313763751352999,0.9899108884227615,-0.14168952389605427,-1,-1,instant_velocity,dbscan_kmeans_fallback,False
3950,167,13.1938472573,9.30630023003,0.03274837105999993,0.006610876452000092,0.03524869656,0.004014257831200006,0.03354542208506253,0.0067761268030106046,0.9802265097782793,0.19787721164044605,2,2,instant_velocity,dbscan_kmeans_fallback,False
3950,168,11.80709265,9.493409513,0.028054999109999913,0.01945077367600003,0.029759766501999997,0.013985464263199994,0.028821416275938226,0.015514479639026128,0.8218067872369526,0.5697657576559704,2,2,instant_velocity,dbscan_kmeans_fallback,False
3950,169,6.71068002041,8.32922701,0.02327744112500003,0.02181350569399996,0.0267374875268,0.015541526157400015,0.026448262064319432,0.016157080146075906,0.7296792196796178,0.683789155680864,-1,-1,instant_velocity,dbscan_kmeans_fallback,False
3950,170,11.267670574,2.86391759656,0.05933011439999998,-0.0017422165380000187,0.059325905100800005,-0.004773195994200004,0.058995644496158565,-0.004765627237341127,0.9995689646873707,-0.02935213590536907,-1,-1,instant_velocity,dbscan_kmeans_fallback,False
3950,171,4.18341498403,6.82137439541,0.030769999027999973,0.0006205154789999945,0.027794022377199995,0.0025870722288000004,0.027966072664903717,0.002319706406782418,0.9997963983289075,0.02016214366620525,3,3,instant_velocity,dbscan_kmeans_fallback,False
3950,172,4.10722661434,6.09537128468,0.030517440895000015,0.004773195993999923,0.027634068893799997,0.0049641238339999914,0.027833271361550532,0.0047513790017348016,0.9879877733629315,0.1545299718335654,3,3,instant_velocity,dbscan_kmeans_fallback,False
3950,173,8.54846135766,5.81542333962,-0.038578254593999974,0.01591860864100001,-0.04296434747879999,0.00857743320179999,-0.04167145951873162,0.009581208995431155,-0.9243954753343815,0.3814348252978717,-1,-1,instant_velocity,dbscan_kmeans_fallback,False
3950,174,2.63586503295,4.96125991644,0.037589068579,0.003317371215999998,0.0354591616697,0.0037612784434000093,0.03285603871909229,0.0033927151290475957,0.9961279879642622,0.08791189672017534,3,3,instant_velocity,dbscan_kmeans_fallback,False
3950,175,14.8668344137,6.9101558409,0.0,0.0,0.0,0.0,0.0,0.0,0.0,0.0,-1,-1,instant_velocity,dbscan_kmeans_fallback,False
3950,256,8.30684741181,5.52783828096,-0.00016837208799991288,0.00040572165900005787,-0.00018099999419998625,0.0004104948554000032,-0.00017922290233212006,0.00040779154353758756,-0.38328995563969154,0.9236034222030596,-1,-1,instant_velocity,dbscan_kmeans_fallback,False
3950,282,4.9941265863,4.17201195879,-0.044134533489000025,0.0015512886979999862,-0.04084285917399999,0.0008639484749999937,-0.04197661785573356,0.001360926373648506,-0.9993826162246972,0.03512738970977071,-1,-1,instant_velocity,dbscan_kmeans_fallback,False
3950,283,13.0810379586,12.3807157699,-0.006187674220000083,0.020333814930000037,-0.006381302122000001,0.02693037179800001,-0.006229756745798865,0.02532382773902493,-0.2911236650900659,0.9566849380258149,1,1,instant_velocity,dbscan_kmeans_fallback,False
3950,284,13.4809216668,12.7871534088,-0.0088605811199999,0.032648660599999955,-0.007042162567999988,0.029445846087999997,-0.007285063538843712,0.029681745989824728,-0.26191756621460954,0.9650899426017443,1,1,instant_velocity,dbscan_kmeans_fallback,False
3950,285,13.6480309639,11.8559028704,-0.006840116060000056,0.02775613470999989,-0.006145581199999981,0.027417237792000008,-0.006141603283951946,0.027874729820608908,-0.23927743439318666,0.9709508791697893,1,1,instant_velocity,dbscan_kmeans_fallback,False
3950,286,12.9242414519,8.32182855621,-0.032369533860000035,0.003675360916000159,-0.025916673597999988,0.00727435069540002,-0.02614583456821965,0.006648630204711122,-0.9936152602698466,0.11281888423020732,4,4,instant_velocity,dbscan_kmeans_fallback,False
3950,333,9.11313924679,6.19322180256,0.02805499911400009,-0.019880361316999995,0.02027620866140001,-0.024023495439199998,0.021816567220607395,-0.022813345250253688,0.8159135240218875,-0.5781734511938514,-1,-1,instant_velocity,dbscan_kmeans_fallback,False
3950,334,3.39774872979,12.0363296789,0.012859418198000006,-0.003985618659999979,0.010893674074200001,-0.005093000126000007,0.011738140944781766,-0.004439875061441156,0.955173441700513,-0.29604427153399937,-1,-1,instant_velocity,dbscan_kmeans_fallback,False
3950,335,6.11401143462,9.02134042917,-0.04213511494699995,0.0027923196569998865,-0.040670277784,0.0061669692245999745,-0.03913514834194126,0.0030314139524439255,-0.9978110735823028,0.0661255458360724,4,4,instant_velocity,dbscan_kmeans_fallback,False
3950,336,5.83535562948,8.55547650013,-0.04301906840699994,0.002076340258000009,-0.04020725454279999,0.004100175359200015,-0.038149364061671895,0.0025171638236221846,-0.9988370161489748,0.048209447219764945,4,4,instant_velocity,dbscan_kmeans_fallback,False
3950,360,7.46961720572,7.78675328525,-0.04312430096200002,-0.0012648969390000708,-0.047224161297799994,-0.004415206294800011,-0.04430144533349214,-0.005041813489281305,-0.9995698796077988,-0.029318802921505627,4,4,instant_velocity,dbscan_kmeans_fallback,False
3950,361,9.84892527004,8.21920484233,-0.03735755695599998,0.00023865980000010724,-0.02414876667919998,-0.004109721750999995,-0.02630098994000802,-0.004344363203606246,-0.999979326306926,0.0063883959623415015,4,4,instant_velocity,dbscan_kmeans_fallback,False
3950,362,14.4168600093,11.3587745076,0.0,-0.019665567490000056,-0.00028202324799998736,-0.019278938620000012,-0.0001623645724161223,-0.017126291378078237,0.0,-0.9999994914972619,5,5,instant_velocity,dbscan_kmeans_fallback,False
3950,363,14.8464192981,11.3351471874,-0.0014311627399999694,-0.01842453653999989,-0.0010691627559999972,-0.019670340692000004,-0.0009509167223429838,-0.01615811353458419,-0.07744367357227114,-0.996996186138946,5,5,instant_velocity,dbscan_kmeans_fallback,False
3950,399,12.1751961267,12.981183826,-0.0051143021699999736,0.012911495160000008,-0.005324767274000024,0.015450835434000006,-0.005420440978688026,0.014961704052589392,-0.36826618625022467,0.92971962221025,1,1,instant_velocity,dbscan_kmeans_fallback,False
3950,430,10.9496577934,9.21226826894,0.01843674361000005,-0.004176546494999833,0.013596046082000015,-0.007708711530799981,0.014836384684934,-0.006296300192521597,0.9752878321618792,-0.22093570660831421,-1,-1,instant_velocity,dbscan_kmeans_fallback,False
3950,431,10.5794496655,8.62755175964,0.03297988267000011,-0.028639175966000074,0.02048667377000001,-0.016257505556600015,0.021693799082594802,-0.018149227120336644,0.7550470955133411,-0.6556702110615413,-1,-1,instant_velocity,dbscan_kmeans_fallback,False
3950,432,8.77997297825,9.01346465578,-0.011933371716000174,0.0010262371390000525,-0.007538860226800032,-0.0005775567151999894,-0.007005764311082298,-0.00021262511806256757,-0.996321789338708,0.08568093301270913,0,0,instant_velocity,dbscan_kmeans_fallback,False
3960,142,8.73661716567,9.51369559598,0.0011575581029999783,0.0035321650360000236,0.0008881627627999933,0.003050072240400006,0.0008633105113132213,0.0030065093618018867,0.31142137367783834,0.9502690920802783,0,0,instant_velocity,dbscan_kmeans_fallback,False
3960,160,11.3581705712,13.3289111542,-0.007008488149999969,0.016276598339999993,-0.0070126974519999765,0.01628614473199999,-0.006910947417475218,0.01690939187425722,-0.3954823246056695,0.918472973115608,1,1,instant_velocity,dbscan_kmeans_fallback,False
3960,165,13.4668205045,10.2487677791,0.032327440839999964,0.009379330129999985,0.031414022262000005,0.010615587891399976,0.03136294686057201,0.011309516535757158,0.9603940991296852,0.27864418205029984,2,2,instant_velocity,dbscan_kmeans_fallback,False
3960,167,13.5211205028,9.37264765435,0.03272732455000007,0.006634742431999996,0.03424267333599999,0.005059587753999999,0.033299992824543795,0.006733711491707422,0.9800628713617667,0.1986861073448686,2,2,instant_velocity,dbscan_kmeans_fallback,False
3960,168,12.0876426411,9.68791724977,0.02805499911000009,0.01945077367700012,0.029511417671999992,0.012897175576600013,0.028591491126156783,0.016695367850418325,0.8218067872232371,0.5697657576757531,2,2,instant_velocity,dbscan_kmeans_fallback,False
3960,169,6.91504164186,8.56788680971,0.020436162145000037,0.023865979970999974,0.02486013874900001,0.019250299444800004,0.02464463208852361,0.018469750093553124,0.6504169492015984,0.7595769583498883,-1,-1,instant_velocity,dbscan_kmeans_fallback,False
3960,170,11.8498170672,2.86391759656,0.05821464931999998,0.0,0.0606265794778,-0.003818556795400001,0.05876134594331099,-0.003335939066138789,0.9999998282219613,0.0,-1,-1,instant_velocity,dbscan_kmeans_fallback,False
3960,171,4.50332195066,6.84261511758,0.03199069666300005,0.0021240722169999946,0.029688208363799998,0.0017947216938000033,0.029173459864332618,0.002261016149847691,0.9978026985936068,0.06625066695035657,3,3,instant_velocity,dbscan_kmeans_fallback,False
3960,172,4.4124010233,6.14310324462,0.030517440896000014,0.0047731959940000126,0.028888440947200004,0.004882979501999998,0.028638522221885378,0.004757924099414365,0.9879877733637042,0.1545299718286255,3,3,instant_velocity,dbscan_kmeans_fallback,False
3960,173,8.16246834661,5.97437076623,-0.038599301105000094,0.015894742661000015,-0.04158369635980001,0.010954484807,-0.04074981199461216,0.011475269095101813,-0.9246701781945224,0.3807684105140205,-1,-1,instant_velocity,dbscan_kmeans_fallback,False
3960,174,3.08226153047,4.94670166866,0.04463964975199999,-0.0014558247780000143,0.0378837197326,0.00303575265240001,0.0363911220289646,0.0019381531569333122,0.9994684021072718,-0.032595481207839394,-1,-1,instant_velocity,dbscan_kmeans_fallback,False
3960,175,14.5917565154,7.57100482631,-0.027507789829999928,0.06608489854100004,-0.027507789829999928,0.06608489854100004,-0.00825233694899998,0.019825469562300014,-0.384286952919407,0.9232135497346549,-1,-1,instant_velocity,dbscan_kmeans_fallback,False
3960,256,8.30495322582,5.53213415736,-0.0001894185990000352,0.0004295876399999621,-0.00018099999440000404,0.0004104948556000032,-0.00018228161133249462,0.0004143303724762999,-0.403443755943811,0.9149811681829103,-1,-1,instant_velocity,dbscan_kmeans_fallback,False
3960,282,4.62118241205,4.17105731959,-0.03729441742500006,-9.546391999997184e-05,-0.040969138239600016,0.0008448556909999993,-0.04057195772651351,0.0009240092855539625,-0.999996455753167,-0.0025597284592058637,-1,-1,instant_velocity,dbscan_kmeans_fallback,False
3960,283,13.0191612163,12.5842925791,-0.006187674229999907,0.020357680919999944,-0.00631395329,0.024581959369999993,-0.006217131991059177,0.023833983693317434,-0.2908112508306652,0.956779951933061,1,1,instant_velocity,dbscan_kmeans_fallback,False
3960,284,13.3845286466,13.0630441373,-0.009639302020000073,0.027589072850000028,-0.008018720678000016,0.028806237826000006,-0.00799133508319062,0.02905394404787732,-0.3298358986169713,0.9440379206511028,1,1,instant_velocity,dbscan_kmeans_fallback,False
3960,285,13.5794193381,12.1334642174,-0.006861162580000091,0.027756134700000067,-0.006798023042000025,0.026844454272,-0.00635747107276639,0.027839151284426256,-0.23997133711533997,0.9707796134328612,1,1,instant_velocity,dbscan_kmeans_fallback,False
3960,286,12.6003356482,8.35858216536,-0.03239058037000007,0.003675360914999892,-0.030500603686000004,0.007293443479199997,-0.028019258308753778,0.005756649417797753,-0.9936234754723393,0.11274650976491231,0,0,instant_velocity,dbscan_kmeans_fallback,False
3960,333,9.39874040055,5.9927475708,0.028560115376000006,-0.020047423176000036,0.022831255092199996,-0.022567670661000003,0.023839631667225178,-0.021983568627977595,0.8184858830039655,-0.5745261405334229,-1,-1,instant_velocity,dbscan_kmeans_fallback,False
3960,334,3.52655337689,11.9967121522,0.012880464709999994,-0.0039617526699998965,0.0116008368426,-0.004692051661999983,0.012080838074347233,-0.004296438344008779,0.9558088979020728,-0.2939861673106666,-1,-1,instant_velocity,dbscan_kmeans_fallback,False
3960,335,5.71054981947,9.06119661572,-0.040346161515000034,0.003985618655000067,-0.04149951031600001,0.004482031038599992,-0.03949845229385889,0.003317675363210768,-0.9951558832167365,0.09830704344221405,0,0,instant_velocity,dbscan_kmeans_fallback,False
3960,336,5.42642192147,8.56001103632,-0.040893370801000015,0.00045345361900004375,-0.04255183586419999,0.00255365985680001,-0.03897256608347033,0.0018980507622355421,-0.9999382817171694,0.01108799846380596,0,0,instant_velocity,dbscan_kmeans_fallback,False
3960,360,7.11561489133,7.79773163604,-0.03540023143899997,0.0010978350790000313,-0.046083440403600004,-0.003059618632200003,-0.04163108116514449,-0.0031999189187969035,-0.9995191895814123,0.03099717668080746,0,0,instant_velocity,dbscan_kmeans_fallback,False
3960,361,9.47366597957,8.22970587352,-0.03752592904699999,0.0010501031189999565,-0.03053427810459997,-0.0031837217281999843,-0.02966847167210561,-0.002726023306824385,-0.9996084281614274,0.027972443450400772,0,0,instant_velocity,dbscan_kmeans_fallback,False
3960,362,14.4071786143,11.1726198638,-0.0009681395000001203,-0.018615464380000012,-0.00034516278000001676,-0.019240753052000025,-0.00040409705069132176,-0.01757304327865477,-0.051937051954922195,-0.9986498233663061,4,4,instant_velocity,dbscan_kmeans_fallback,False
3960,363,14.8310553451,11.1547203788,-0.0015363953000001374,-0.018042680860000004,-0.0011828139160000007,-0.019283711815999992,-0.00112656029564013,-0.016723483732208937,-0.08484627648836568,-0.9963934990160194,4,4,instant_velocity,dbscan_kmeans_fallback,False
3960,364,14.356666988,12.4912152572,0.0,0.0,0.0,0.0,0.0,0.0,0.0,0.0,-1,-1,instant_velocity,dbscan_kmeans_fallback,False
3960,399,12.12384264,13.1100601179,-0.0051353486700000065,0.012887629189999927,-0.005190069602000022,0.013746804463999993,-0.00533491328608162,0.014339481593812552,-0.37016574925529927,0.9289649489838403,1,1,instant_velocity,dbscan_kmeans_fallback,False
3960,430,11.1784333675,9.21226826894,0.022877557410000016,0.0,0.016609906450000017,-0.005408031061399967,0.017248736502453805,-0.004407410134765118,0.9999995628905897,0.0,2,2,instant_velocity,dbscan_kmeans_fallback,False
3960,431,10.9300845382,8.50822185978,0.03506348726999988,-0.011932989985999853,0.02486855735379997,-0.01682551587979997,0.025704705538816326,-0.016284355980035605,0.946678609178239,-0.3221786320423865,-1,-1,instant_velocity,dbscan_kmeans_fallback,False
3960,432,8.57813693812,9.05308218253,-0.0201836040129999,0.003961752674999985,-0.010287534558400004,0.00041049485559998546,-0.010959116221657579,0.0010396882198561986,-0.9812748511651486,0.19261021292380817,0,0,instant_velocity,dbscan_kmeans_fallback,False
3970,142,8.7484032118,9.54901724633,0.0011786046130000116,0.0035321650349999347,0.0011238836853999957,0.0034557938997999927,0.0009578987418192584,0.003164206063761301,0.3165208736155811,0.9485827140849465,0,0,instant_velocity,dbscan_kmeans_fallback,False
3970,160,11.2878752245,13.4919157974,-0.007029534670000004,0.016300464320000076,-0.007016906755999983,0.016290917928000005,-0.0069465235932326536,0.016726713607980077,-0.39599408316462675,0.918252448644106,1,1,instant_velocity,dbscan_kmeans_fallback,False
3970,165,13.7974611917,10.3170244818,0.033064068720000075,0.006825670270000117,0.03191913852599999,0.010133495095600012,0.03187328341840043,0.009964362656030045,0.9793491926583572,0.20217459396439186,2,2,instant_velocity,dbscan_kmeans_fallback,False
3970,167,13.8917495608,9.37360229355,0.037062905799999865,9.546391999997184e-05,0.03410376636399999,0.004797061974400023,0.034428866717180616,0.0047422372201951874,0.9999964130225288,0.002575717567537347,2,2,instant_velocity,dbscan_kmeans_fallback,False
3970,168,12.3519868188,9.88314096593,0.026434417769999996,0.01952237161599992,0.028707440951999993,0.01477781479819999,0.027944369119309746,0.017543468980092805,0.804410179423955,0.5940737787775239,-1,-1,instant_velocity,dbscan_kmeans_fallback,False
3970,169,7.11919279819,8.80654660943,0.020415115633000004,0.023865979972000063,0.023273231822400008,0.02180873249780001,0.02337577715186653,0.020088619057087205,0.6500302258161224,0.759907934366303,-1,-1,instant_velocity,dbscan_kmeans_fallback,False
3970,170,12.4321740256,2.86391759656,0.05823569584000001,0.0,0.059902579502,-0.0026634433648000046,0.058603650912317694,-0.002335157346297152,0.9999998282840423,0.0,-1,-1,instant_velocity,dbscan_kmeans_fallback,False
3970,171,4.85227310242,6.89917749012,0.03489511517599997,0.005656237253999929,0.031834952481999995,0.001923597985799983,0.030889956457832823,0.0032795824810933627,0.9871160579803306,0.16000413218323475,3,3,instant_velocity,dbscan_kmeans_fallback,False
3970,172,4.77692659317,6.18200479198,0.036452556986999965,0.0038901547360000064,0.03132983621879999,0.004620453722600004,0.030982732651419754,0.004497593290390057,0.9943535136738156,0.10611571176902485,3,3,instant_velocity,dbscan_kmeans_fallback,False
3970,173,7.70575905872,6.02615994276,-0.04567092878899999,0.005178917652999981,-0.0415752777554,0.01116927862639999,-0.04222614703292851,0.009586363662471264,-0.9936317633134881,0.11267423755229476,-1,-1,instant_velocity,dbscan_kmeans_fallback,False
3970,174,3.52886849309,4.93238208068,0.04466069626200002,-0.0014319587980000214,0.0397147661864,0.0018949588098000091,0.03887199429887522,0.000927119570453312,0.9994861522431895,-0.03204658926022149,3,3,instant_velocity,dbscan_kmeans_fallback,False
3970,175,14.3164681521,8.23185381172,-0.027528836329999962,0.06608489854100004,-0.027528836329999962,0.06608489854100004,-0.014035286763299976,0.03370329825591002,-0.38453751230809846,0.9231092146963,-1,-1,instant_velocity,dbscan_kmeans_fallback,False
3970,256,8.30326950495,5.53619137395,-0.00016837208700000162,0.00040572165900005787,-0.00018099999419998625,0.0004104948554000032,-0.00017810875403274673,0.0004117477584334273,-0.3832899536978609,0.9236034230088862,-1,-1,instant_velocity,dbscan_kmeans_fallback,False
3970,282,4.27728242292,4.1629428864,-0.034389998912999965,-0.0008114433190000269,-0.040514533603,0.0006825670271999939,-0.03871737008245944,0.0004033735041877656,-0.9997214557985378,-0.023588756086353094,-1,-1,instant_velocity,dbscan_kmeans_fallback,False
3970,283,12.9246623821,12.8453864,-0.009449883420000128,0.026109382090000112,-0.006894836992000002,0.02338388717600001,-0.007186957419741463,0.024516603212322234,-0.34032908713157617,0.9403060098554255,1,1,instant_velocity,dbscan_kmeans_fallback,False
3970,284,13.2763495803,13.2630410495,-0.010817906629999995,0.01999969121999996,-0.008780604374000021,0.027326547067999984,-0.008839306547233432,0.02633766819951411,-0.4757639923643999,0.8795724779593906,1,1,instant_velocity,dbscan_kmeans_fallback,False
3970,285,13.5108077124,12.4107869047,-0.006861162569999912,0.02773226872999999,-0.006823278853999994,0.02723585634399999,-0.006508578521936446,0.02780708651809838,-0.24016594546988143,0.9707314863354651,1,1,instant_velocity,dbscan_kmeans_fallback,False
3970,286,12.2280228692,8.40345020771,-0.03723127789999996,0.004486804235000008,-0.03449523146800001,0.006973639347599985,-0.030782864186127634,0.005375695862958429,-0.9928163510606137,0.11964597671024398,-1,-1,instant_velocity,dbscan_kmeans_fallback,False
3970,333,9.72832876222,5.77795375106,0.032958836166999995,-0.021479381973999966,0.0266154177632,-0.0214889283662,0.026575393017157625,-0.021832312631784305,0.8377907464285005,-0.5459909860178259,-1,-1,instant_velocity,dbscan_kmeans_fallback,False
3970,334,3.68840104619,11.9926549356,0.016184766930000018,-0.00040572166000014677,0.012968860055200003,-0.0035798969960000094,0.01331201673104307,-0.003129223338806189,0.9996853252435615,-0.0250602304864704,-1,-1,instant_velocity,dbscan_kmeans_fallback,False
3970,335,5.28541029803,9.0783801213,-0.04251395214399993,0.0017183505580000257,-0.04276230097359999,0.002343639233200001,-0.0404031022489012,0.002837877921647545,-0.9991839366825646,0.040385524952552855,4,4,instant_velocity,dbscan_kmeans_fallback,False
3970,336,5.04947891014,8.53996361315,-0.037694301132999986,-0.00200474231700003,-0.04150371961799999,0.0013890000343999987,-0.03858908659832923,0.0007272128384648704,-0.9985884476182124,-0.05310915597411081,4,4,instant_velocity,dbscan_kmeans_fallback,False
3970,360,6.80307420354,7.77696823346,-0.031254068779000034,-0.002076340258000009,-0.04384409163720001,-0.0023579588211999967,-0.038517977449301154,-0.0028628453205578348,-0.9978002053104179,-0.06628809677153916,4,4,instant_velocity,dbscan_kmeans_fallback,False
3970,361,9.05357762076,8.21896618253,-0.04200883588100002,-0.0010739690990000383,-0.0378121615948,-0.00268253614879999,-0.03337058093477393,-0.002230407044477081,-0.9996731295618582,-0.025556957905031576,4,4,instant_velocity,dbscan_kmeans_fallback,False
3970,362,14.3831855918,11.0022167668,-0.002399302249999913,-0.017040309699999943,-0.0006987441640000113,-0.018892309746,-0.0010026586104838991,-0.017413223205058323,-0.13942619683538968,-0.9902318786089908,5,5,instant_velocity,dbscan_kmeans_fallback,False
3970,363,14.8156913921,10.9742935702,-0.0015363952999999596,-0.018042680860000004,-0.001292255771999997,-0.018897082941999984,-0.0012495107969480788,-0.017119242870546256,-0.08484627648835592,-0.9963934990160201,5,5,instant_velocity,dbscan_kmeans_fallback,False
3970,364,14.3867634987,12.3463487588,0.0030096510699999966,-0.014486649840000077,0.0030096510699999966,-0.014486649840000077,0.0009028953209999991,-0.004345994952000024,0.20340991558833266,-0.9790929754232778,5,5,instant_velocity,dbscan_kmeans_fallback,False
3970,399,12.0726996183,13.2391750695,-0.0051143021699999736,0.012911495160000008,-0.0051185114660000156,0.01290194877200001,-0.005268729951257126,0.013911085663668788,-0.36826618625022467,0.92971962221025,1,1,instant_velocity,dbscan_kmeans_fallback,False
3970,430,11.4072089417,9.21226826894,0.022877557420000017,0.0,0.019451185431999994,-0.003221907296199973,0.01893738277771767,-0.0030851870943355824,0.9999995628905898,0.0,2,2,instant_velocity,dbscan_kmeans_fallback,False
3970,431,11.3556449898,8.33519350499,0.04255604516000009,-0.017302835479000044,0.03082471995479999,-0.01875388706159999,0.030760107425171455,-0.016589899829724936,0.9263567132720548,-0.376646790000106,-1,-1,instant_velocity,dbscan_kmeans_fallback,False
3970,432,8.3765113631,9.09293836908,-0.020162557501999957,0.003985618655000067,-0.013031999588000005,0.0014033196221999943,-0.013720148605760292,0.0019234673503993592,-0.9810165114522881,0.19392171397500002,0,0,instant_velocity,dbscan_kmeans_fallback,False
3980,142,8.63980321524,9.55116518453,-0.010859999655999885,0.00021479382000002544,-0.0012333255423999745,0.0028686907925999706,-0.002587470777526485,0.0022793823906329183,-0.9998035436301,0.019774551490637133,0,0,instant_velocity,dbscan_kmeans_fallback,False
3980,165,14.1643018778,10.3246615954,0.036684068609999974,0.0007637113599999523,0.033043022212000006,0.008166938346200005,0.03331651897588029,0.007204167267221017,0.9997830906526853,0.020814095404324304,1,1,instant_velocity,dbscan_kmeans_fallback,False
3980,167,14.2672193164,9.36715847895,0.037546975560000105,-0.0006443814600000763,0.03456258030200001,0.0038662887551999957,0.03536429937002646,0.003126251616136608,0.9998524990256075,-0.01715947565676163,1,1,instant_velocity,dbscan_kmeans_fallback,False
3980,168,12.6001251831,10.0790806615,0.024813836429999903,0.01959396955700008,0.02751620843399998,0.01740784579120003,0.027005209312516792,0.01815861915316499,0.7848194656638079,0.6197239496334418,-1,-1,instant_velocity,dbscan_kmeans_fallback,False
3980,169,7.29745674605,9.03947857395,0.017826394785999965,0.023293196451999877,0.021614766758599996,0.02251516550499998,0.02171096244210656,0.021049992275561008,0.607749967978461,0.7941280089307091,-1,-1,instant_velocity,dbscan_kmeans_fallback,False
3980,170,13.0450484248,2.85962172017,0.061287439919999895,-0.0004295876390000064,0.05978471903999999,-0.0015894742660000015,0.05940878761462236,-0.001763486434108008,0.9999752719655044,-0.00700921782183737,-1,-1,instant_velocity,dbscan_kmeans_fallback,False
3980,171,5.20122425418,6.95573986265,0.03489511517599997,0.005656237253000018,0.03265997571179999,0.0029307423405999875,0.03209150407328297,0.003992578912665359,0.9871160579847982,0.16000413215567333,2,2,instant_velocity,dbscan_kmeans_fallback,False
3980,172,5.16691844131,6.21708778254,0.03899918481400002,0.0035082990560000304,0.033400812897599996,0.004343608354799997,0.03338766830019384,0.004200805020073049,0.995977894494468,0.08959644473895485,2,2,instant_velocity,dbscan_kmeans_fallback,False
3980,173,7.24084163156,6.06601612932,-0.04649174271599996,0.0039856186560000674,-0.04172681263419999,0.011140639450599999,-0.043505825737849946,0.007906140160529904,-0.996345319194759,0.08541414582496065,-1,-1,instant_velocity,dbscan_kmeans_fallback,False
3980,174,3.97526499061,4.9178238329,0.04463964975199999,-0.0014558247780000143,0.0414742545028,0.0007016598112000061,0.04060229093481266,0.00021223626591731397,0.9994684021072718,-0.032595481207839394,2,2,instant_velocity,dbscan_kmeans_fallback,False
3980,175,13.9868797904,8.78888578425,-0.03295883617000008,0.05570319725299999,-0.03295883617000008,0.05570319725299999,-0.01971235158531001,0.04030326795503701,-0.5092251283944931,0.860633173660471,-1,-1,instant_velocity,dbscan_kmeans_fallback,False
3980,256,8.30137531896,5.54024859055,-0.0001894185990000352,0.0004057216599999691,-0.00018099999419998625,0.0004104948556000032,-0.0001815017075229333,0.00040993992890338987,-0.4230260732158769,0.9060928628681397,-1,-1,instant_velocity,dbscan_kmeans_fallback,False
3980,282,3.9335928989,4.15506711301,-0.034368952401999976,-0.0007875773389999452,-0.03886448714339999,0.0002768453676000071,-0.0374128447783216,4.608825123145232e-05,-0.9997372554084087,-0.022909351385055454,-1,-1,instant_velocity,dbscan_kmeans_fallback,False
3980,283,12.8221658737,13.1207998088,-0.01024965083999998,0.027541340879999866,-0.007652511386,0.02293997994799998,-0.008105765445819018,0.025424024512625522,-0.34878470700480946,0.9372025115101729,3,3,instant_velocity,dbscan_kmeans_fallback,False
3980,284,13.1683809791,13.4630379616,-0.010796860119999963,0.01999969120999996,-0.009534069466000012,0.02584685630799999,-0.009426572619063392,0.024436275102659867,-0.4750474220249597,0.8799596961533812,3,3,instant_velocity,dbscan_kmeans_fallback,False
3980,285,13.4017867856,12.7005199016,-0.010902092679999953,0.028973299689999975,-0.007656720687999972,0.02787546460799998,-0.0078266327693555,0.028156950469668856,-0.35217395619600694,0.9359342169782284,3,3,instant_velocity,dbscan_kmeans_fallback,False
3980,286,11.80709265,8.45643268325,-0.042093021920000064,0.005298247554000035,-0.03583799886600001,0.005646690861199986,-0.03417591150628936,0.0053524613702709105,-0.9921710434757014,0.1248845429590575,-1,-1,instant_velocity,dbscan_kmeans_fallback,False
3980,333,10.058127589,5.56315993132,0.032979882677999936,-0.021479381973999966,0.030125975791799996,-0.02055815514739999,0.028496739915410317,-0.021726433434449004,0.8379501225688336,-0.5457463549384463,-1,-1,instant_velocity,dbscan_kmeans_fallback,False
3980,334,3.87255801711,12.012463699,0.018415697091999972,0.001980876340000037,0.014639953025599999,-0.0020715670619999927,0.01484312083933014,-0.0015961934351643207,0.994264117329848,0.10694758150563306,-1,-1,instant_velocity,dbscan_kmeans_fallback,False
3980,335,4.77292775609,9.00582754219,-0.05124825419400007,-0.007255257911000079,-0.0442187195322,0.0004582268156000069,-0.04365664783243086,-0.00019006282814674254,-0.9901268212883468,-0.14017307644962995,0,0,instant_velocity,dbscan_kmeans_fallback,False
3980,336,4.67232543369,8.52015484977,-0.03771534764500002,-0.001980876338000037,-0.0404598126744,0.00022911340779998567,-0.038326964912330466,-8.521391447460194e-05,-0.9986233151113094,-0.0524494514567041,0,0,instant_velocity,dbscan_kmeans_fallback,False
3980,360,6.55241025797,7.70871153074,-0.02506639455699995,-0.006825670272000028,-0.037913184848,-0.0027684536768000003,-0.03448250258161079,-0.004051692805990493,-0.9648671363234017,-0.2627368253482349,0,0,instant_velocity,dbscan_kmeans_fallback,False
3980,361,8.60360321638,8.19414556336,-0.044997440438000066,-0.002482061917000067,-0.03959690572439999,-0.0018138144778000154,-0.036858638785741776,-0.002305903506233977,-0.9984819246635208,-0.055076331806805406,-1,-1,instant_velocity,dbscan_kmeans_fallback,False
3980,362,14.3591925693,10.8318136698,-0.0023993022500000904,-0.017040309699999943,-0.0011533488000000248,-0.018400670557999987,-0.0014216517023387565,-0.01730134915354081,-0.1394261968353998,-0.9902318786089894,4,4,instant_velocity,dbscan_kmeans_fallback,False
3980,363,14.8003274391,10.7938667616,-0.0015363952999999596,-0.018042680860000004,-0.0014059069320000006,-0.018510454066000007,-0.001335576147863643,-0.01739627426738238,-0.08484627648835592,-0.9963934990160201,4,4,instant_velocity,dbscan_kmeans_fallback,False
3980,364,14.4168600093,12.2014822604,0.0030096510599999958,-0.014486649839999899,0.0030096510599999958,-0.014486649839999899,0.0015349220426999982,-0.007388191418399986,0.20340991494044028,-0.9790929755578796,4,4,instant_velocity,dbscan_kmeans_fallback,False
3980,399,12.0215565967,13.3682900211,-0.005114302159999973,0.012911495160000008,-0.0051185114660000156,0.01290194877200001,-0.00522240161387998,0.013611208512568154,-0.3682661856278095,0.9297196224567913,3,3,instant_velocity,dbscan_kmeans_fallback,False
3980,430,11.8481333464,9.15546723661,0.04409244046999987,-0.005680103233000011,0.024965371303999964,-0.00316462894419999,0.02648390008540233,-0.003863661935934911,0.991804012812308,-0.1277667808728028,1,1,instant_velocity,dbscan_kmeans_fallback,False
3980,431,11.9554705523,8.03686875535,0.05998255624999995,-0.02983247496400008,0.04026618477399999,-0.023183412944200014,0.03952684207262001,-0.02056267237000748,0.8953732434323176,-0.44531613085646354,-1,-1,instant_velocity,dbscan_kmeans_fallback,False
3980,432,8.20266718255,9.09293836908,-0.017384418055000062,0.0,-0.015220836728000009,0.0015990206580000076,-0.014819429440532224,0.0013464271452795513,-0.9999994247725625,0.0,0,0,instant_velocity,dbscan_kmeans_fallback,False
3990,142,8.35125554994,9.50343322459,-0.02885476653000012,-0.0047731959940000126,-0.007239999771200018,0.001207618586599999,-0.010467659503268577,0.00016360887524303862,-0.986592089220536,-0.16320344866015263,0,0,instant_velocity,dbscan_kmeans_fallback,False
3990,165,14.585232097,10.2416079851,0.042093021920000064,-0.008305361030000036,0.035147673306000014,0.0041192681420000096,0.03594946985911622,0.0025513087780547005,0.9810847443841493,-0.193577525002169,1,1,instant_velocity,dbscan_kmeans_fallback,False
3990,167,14.642689072,9.36071466436,0.03754697555999993,-0.0006443814589999874,0.03552651050599998,0.002410463976999999,0.036019102227018505,0.001995061693595629,0.9998524990260643,-0.01715947563013781,1,1,instant_velocity,dbscan_kmeans_fallback,False
3990,168,12.8480530822,10.2752590169,0.024792789910000047,0.019617835539999896,0.02643020846599999,0.01952714481320001,0.02634148349176177,0.01859638406921546,0.7841962483016565,0.6205123782403232,-1,-1,instant_velocity,dbscan_kmeans_fallback,False
3990,169,7.24063116645,9.21990538253,-0.00568255795999999,0.018042680858000003,0.01525451114580001,0.022176268589399976,0.013492906321474592,0.020147798850292706,-0.3004037800096428,0.9538115703180325,-1,-1,instant_velocity,dbscan_kmeans_fallback,False
3990,170,13.6709716608,2.85341656537,0.06259232360000003,-0.0006205154799999946,0.05993204461599998,-0.0005584639314000039,0.060363848410235656,-0.0014205951478756039,0.9999507041060594,-0.009913114826986607,-1,-1,instant_velocity,dbscan_kmeans_fallback,False
3990,171,5.55017540593,7.01230223518,0.03489511517500006,0.005656237253000018,0.0334892082436,0.003942659891199991,0.0329325874037981,0.004491676414765757,0.9871160579840741,0.16000413216014084,2,2,instant_velocity,dbscan_kmeans_fallback,False
3990,172,5.55691028944,6.25217077309,0.03899918481300002,0.0035082990549999415,0.03509716168100001,0.0040906289669999825,0.03507112325403569,0.003993053230551117,0.9959778944965421,0.08959644471589812,2,2,instant_velocity,dbscan_kmeans_fallback,False
3990,173,6.77403001841,6.02067076737,-0.046681161315,-0.004534536194999994,-0.043204277703800004,0.007288670283200016,-0.04445842641099496,0.004173937253870935,-0.9953149754741752,-0.09668336550708152,-1,-1,instant_velocity,dbscan_kmeans_fallback,False
3990,174,4.50205916,4.83835011959,0.052679416939,-0.007947371330999963,0.0448416962568,-0.0017947216938000033,0.044225428736068856,-0.0022356460131578697,0.9888106400387641,-0.14917487301599153,-1,-1,instant_velocity,dbscan_kmeans_fallback,False
3990,175,13.6206704996,9.27670641486,-0.03662092908000005,0.0487820630609999,-0.03662092908000005,0.0487820630609999,-0.02478492483371702,0.042846906486825875,-0.6003605780562569,0.7997292344522526,-1,-1,instant_velocity,dbscan_kmeans_fallback,False
3990,176,14.7582344172,6.06840272731,0.0,0.0,0.0,0.0,0.0,0.0,0.0,0.0,-1,-1,instant_velocity,dbscan_kmeans_fallback,False
3990,256,8.29948113297,5.54430580714,-0.0001894185990000352,0.000405721658999969,-0.00018099999440000404,0.0004104948554000032,-0.00018387677496606384,0.0004086744479323636,-0.42302607407191706,0.9060928624684319,-1,-1,instant_velocity,dbscan_kmeans_fallback,False
3990,282,3.58653593313,4.13167845264,-0.034705696577000025,-0.0023388660370000204,-0.03697871976120001,-0.0004964123833999956,-0.03660070031792513,-0.0006693980352379897,-0.9977366173388481,-0.06723888347804004,-1,-1,instant_velocity,dbscan_kmeans_fallback,False
3990,283,12.7196693653,13.3962132177,-0.01024965083999998,0.027541340890000043,-0.008464906710000015,0.024376711942,-0.008748931064073307,0.026059219425837877,-0.348784706893573,0.9372025115515702,3,3,instant_velocity,dbscan_kmeans_fallback,False
3990,284,13.0602019127,13.6630348738,-0.010817906639999996,0.01999969121999996,-0.010186511305999986,0.024047361419999972,-0.009843972825344374,0.023105299937861895,-0.47576399270464514,0.8795724777753509,3,3,instant_velocity,dbscan_kmeans_fallback,False
3990,285,13.2321519073,13.0083910432,-0.016963487830000012,0.030787114159999972,-0.009685604344000004,0.02860099039799998,-0.010567689287548854,0.02894599957676819,-0.482586276909016,0.8758481126134792,3,3,instant_velocity,dbscan_kmeans_fallback,False
3990,286,11.3566973154,8.45905794104,-0.04503953345999996,0.00026252577899992245,-0.037824789502000015,0.003479659879800003,-0.03743499809240254,0.0038254806928896138,-0.9999827910431393,0.005828685180281995,0,0,instant_velocity,dbscan_kmeans_fallback,False
3990,333,10.3887682762,5.34765013218,0.033064068720000075,-0.021550979914000033,0.03112358041100002,-0.020887505671,0.029866938556787244,-0.021673797378314312,0.8377557722043208,-0.5460446496317609,-1,-1,instant_velocity,dbscan_kmeans_fallback,False
3990,334,4.04261382569,12.0246353488,0.017005580858000035,0.001217164980000085,0.015469185557600004,-0.00103101033399998,0.015491858844931108,-0.0007521859106149988,0.9974477642163357,0.07139176827425857,-1,-1,instant_velocity,dbscan_kmeans_fallback,False
3990,335,4.26044521415,8.93303630327,-0.05124825419399999,-0.007279123891999894,-0.045498347398799995,-0.001207618586599999,-0.0459341297409016,-0.0023167811473026882,-0.9900627271820454,-0.14062506841166017,4,4,instant_velocity,dbscan_kmeans_fallback,False
3990,336,4.20761847163,8.50034608639,-0.046470696206000014,-0.001980876338000037,-0.041158556838399994,-0.0006873402232000103,-0.04077008430043133,-0.0006539126415322326,-0.9990925183765819,-0.04258767117135447,4,4,instant_velocity,dbscan_kmeans_fallback,False
3990,360,6.35457305492,7.66957132359,-0.019783720304999974,-0.003914020714999999,-0.03092574320839999,-0.0025966186210000155,-0.030072867898627547,-0.004010391178693345,-0.9809854695141164,-0.1940786358479736,0,0,instant_velocity,dbscan_kmeans_fallback,False
3990,361,8.153628812,8.16956360399,-0.044997440438000066,-0.0024581959369999852,-0.041377440552000024,-0.0009450928068000053,-0.03930027928141926,-0.002351591235463779,-0.9985109089691633,-0.05454833509608513,0,0,instant_velocity,dbscan_kmeans_fallback,False
3990,362,14.3349890817,10.661171913,-0.0024203487599999463,-0.017064175680000026,-0.001637418552000014,-0.01788516539,-0.0017212608196371135,-0.017230197111478572,-0.14043235358538061,-0.990089689692848,5,5,instant_velocity,dbscan_kmeans_fallback,False
3990,363,14.7567611614,10.661171913,-0.00435662777000001,-0.013269484859999991,-0.002079395282000007,-0.017164412795999978,-0.0022418916345045533,-0.016158237445167662,-0.31193683735887806,-0.9501020879297893,5,5,instant_velocity,dbscan_kmeans_fallback,False
3990,364,14.4139134978,12.0506492669,-0.00029465115000011367,-0.01508329934999999,-0.00029465115000011367,-0.01508329934999999,0.0009860500848899644,-0.009696723797879989,-0.019531187611321704,-0.9998085851776343,5,5,instant_velocity,dbscan_kmeans_fallback,False
3990,399,11.9704135751,13.497166313,-0.005114302159999973,0.012887629189999927,-0.00511851146599998,0.012901948771999976,-0.005189971777715977,0.013394134715797687,-0.36885544776541834,0.9294859957027106,3,3,instant_velocity,dbscan_kmeans_fallback,False
3990,430,12.289057751,9.09866620428,0.04409244046000005,-0.005680103233000011,0.030475347874,-0.003107350592199971,0.03176646219778165,-0.004408594325054442,0.9918040128086361,-0.12776678090130628,1,1,instant_velocity,dbscan_kmeans_fallback,False
3990,431,12.5561379751,7.82470019341,0.060066742280000085,-0.021216856193999954,0.046129742726000025,-0.0217848665178,0.04568881213483403,-0.020758927517205223,0.9429072432042457,-0.3330549755818286,-1,-1,instant_velocity,dbscan_kmeans_fallback,False
3990,432,8.02882300199,9.09293836908,-0.017384418055999974,0.0,-0.017409673868400012,0.001794721693800021,-0.015588926025172548,0.0009424990016956859,-0.9999994247725625,0.0,0,0,instant_velocity,dbscan_kmeans_fallback,False
4000,142,8.06270788464,9.45570126465,-0.028854766529999944,-0.0047731959940000126,-0.013246673999999991,-0.00045345361940000826,-0.015983791611287986,-0.001317432585529877,-0.9865920892205358,-0.1632034486601536,0,0,instant_velocity,dbscan_kmeans_fallback,False
4000,165,15.0061623163,10.1585543748,0.042093021929999884,-0.008305361030000036,0.03725232440399999,7.159793999999664e-05,0.03779253548038132,-0.0007056921643617208,0.9810847443928831,-0.19357752495790506,1,1,instant_velocity,dbscan_kmeans_fallback,False
4000,167,15.0181588275,9.35427084977,0.037546975550000104,-0.0006443814589999874,0.036486231404000015,0.0009594123947999833,0.036477464223912986,0.001203228747816944,0.9998524990259858,-0.01715947563470652,1,1,instant_velocity,dbscan_kmeans_fallback,False
4000,168,13.0305263322,10.5010311874,0.018247324999999925,0.022577217050000088,0.024468673643999992,0.02015243348800002,0.023913235944233217,0.01979063396345085,0.628584538970879,0.7777408234149296,-1,-1,instant_velocity,dbscan_kmeans_fallback,False
4000,169,7.18359512174,9.40057085091,-0.005703604471000023,0.018066546838000085,0.009458302026599998,0.021426876818200002,0.007733953083732207,0.01952342324660492,-0.3010534128117818,0.9536067255291638,-1,-1,instant_velocity,dbscan_kmeans_fallback,False
4000,170,14.297105362,2.84745007038,0.06261337012000005,-0.0005966494990000016,0.06058869575999999,-0.0003293505236000005,0.061038704923164974,-0.0011734114532129232,0.9999544414565755,-0.009528672795833398,-1,-1,instant_velocity,dbscan_kmeans_fallback,False
4000,171,5.87471260498,7.05072646293,0.03245371990499999,0.0038424227750000206,0.03382595241900001,0.004587041350399996,0.03278892715415867,0.004296900322836037,0.993063609580944,0.11757574298561904,2,2,instant_velocity,dbscan_kmeans_fallback,False
4000,172,5.92817074282,6.27269551587,0.03712604533799997,0.002052474278000016,0.0364188825696,0.0035464846238000016,0.03568759987922498,0.003410879544785787,0.9984750681362523,0.055199641543194115,2,2,instant_velocity,dbscan_kmeans_fallback,False
4000,173,6.30532421927,5.89060117653,-0.04687057991400003,-0.01300695908400007,-0.044862742767800015,0.0015035567382000003,-0.04518207246189648,-0.0009803316474903674,-0.9635847276755926,-0.26740243346338755,-1,-1,instant_velocity,dbscan_kmeans_fallback,False
4000,174,5.037692864,4.7514779525,0.05356337040000003,-0.008687216709000013,0.04803655662100001,-0.004195639278800005,0.04702681123524821,-0.004171117221910513,0.9871016127934109,-0.16009383950453898,-1,-1,instant_velocity,dbscan_kmeans_fallback,False
4000,175,13.254671674,9.76118580828,-0.03659988255999984,0.04844793934200009,-0.032243254793999976,0.05702059934760001,-0.028329412151601865,0.04452721634337814,-0.6027781853449782,0.7979085974497323,-1,-1,instant_velocity,dbscan_kmeans_fallback,False
4000,176,14.2916332691,6.00396458139,-0.046660114810000056,-0.006443814591999964,-0.046660114810000056,-0.006443814591999964,-0.013998034443000018,-0.0019331443775999894,-0.9905980981363284,-0.13680271695795848,-1,-1,instant_velocity,dbscan_kmeans_fallback,False
4000,177,14.6361646536,5.27438157367,0.0,0.0,0.0,0.0,0.0,0.0,0.0,0.0,-1,-1,instant_velocity,dbscan_kmeans_fallback,False
4000,256,8.2977974121,5.54836302374,-0.00016837208700000162,0.0004057216600000579,-0.00018099999420002178,0.0004104948556000032,-0.0001792253685762452,0.00040778861155267186,-0.3832899528919626,0.923603423343381,-1,-1,instant_velocity,dbscan_kmeans_fallback,False
4000,282,3.23779524648,4.10184597768,-0.03487406866499998,-0.0029832474960000076,-0.0351266267964,-0.0014033196221999943,-0.03608271082204759,-0.0013635528734665951,-0.996360835003786,-0.08523212461070387,-1,-1,instant_velocity,dbscan_kmeans_fallback,False
4000,283,12.6171728569,13.6716266266,-0.01024965083999998,0.027541340890000043,-0.009277302033999995,0.025818217134,-0.00919914699685131,0.026503855865086526,-0.348784706893573,0.9372025115515702,3,3,instant_velocity,dbscan_kmeans_fallback,False
4000,285,13.0625170289,13.3165008446,-0.016963487840000013,0.030810980140000055,-0.011710278699999997,0.029211959484000013,-0.012486428853284201,0.029505493745737747,-0.4822994475369705,0.8760060926005053,3,3,instant_velocity,dbscan_kmeans_fallback,False
4000,286,10.8936740742,8.43996515707,-0.046302324120000016,-0.0019092783969998806,-0.04061134755400001,0.0023627320171999955,-0.040095195900681786,0.002105052965922765,-0.9991507025814722,-0.04120002371462076,-1,-1,instant_velocity,dbscan_kmeans_fallback,False
4000,333,10.7269857074,5.12617383805,0.03382174312000004,-0.022147629413000035,0.03227692921220001,-0.02134095929020001,0.031053379925751086,-0.02181594698872003,0.8365906557895088,-0.5478280569119494,-1,-1,instant_velocity,dbscan_kmeans_fallback,False
4000,334,4.15647544999,12.005303905,0.011386162430000013,-0.0019331443800000513,0.015174534404000007,-0.0006205154779999944,0.01426014992045178,-0.0011064734514305147,0.9858907825343269,-0.16738468621601113,-1,-1,instant_velocity,dbscan_kmeans_fallback,False
4000,335,3.90791615553,8.90630640571,-0.03525290586199996,-0.002672989756000099,-0.0441219055818,-0.002300680469199996,-0.04272976257723111,-0.002423643729911912,-0.9971374713836233,-0.07560619986238655,4,4,instant_velocity,dbscan_kmeans_fallback,False
4000,336,3.74270104447,8.48029866322,-0.046491742716000005,-0.00200474231700003,-0.04185309170020001,-0.0015035567382000181,-0.042486581825101934,-0.0010591615441725719,-0.9990713955320449,-0.04308035335569555,4,4,instant_velocity,dbscan_kmeans_fallback,False
4000,360,6.27943701079,7.69797183976,-0.007513604413000063,0.00284005161700005,-0.0238036038986,-0.001775628909799991,-0.0233050888529393,-0.0019552583399853264,-0.935405932048265,0.35357213180782504,-1,-1,instant_velocity,dbscan_kmeans_fallback,False
4000,361,7.67503115271,8.21085174934,-0.04785976592899992,0.004128814535000025,-0.043477882346600015,-0.00016706185980002174,-0.04186812527569346,-0.00040746950432463775,-0.9962992644034909,0.0859497493193219,-1,-1,instant_velocity,dbscan_kmeans_fallback,False
4000,362,14.2888972227,10.5836074781,-0.004609185900000057,-0.007756443490000109,-0.002559255732000025,-0.015503340590000008,-0.0025876383437459967,-0.014388071025035032,-0.5108493447668041,-0.859668965529737,5,5,instant_velocity,dbscan_kmeans_fallback,False
4000,363,14.7009879073,10.5487631473,-0.00557732541,-0.01124087656999997,-0.0029086278160000132,-0.015727680801999995,-0.0032425217671531873,-0.014683029182617354,-0.4444625615086839,-0.8957965380587566,5,5,instant_velocity,dbscan_kmeans_fallback,False
4000,364,14.3341472213,11.8859740051,-0.007976627649999912,-0.016467526180000115,-0.007976627649999912,-0.016467526180000115,-0.0017027532355769984,-0.011727964512516027,-0.4359357254847378,-0.8999771942742423,5,5,instant_velocity,dbscan_kmeans_fallback,False
4000,430,12.7718647125,9.07026568811,0.04828069614999997,-0.00284005161700005,0.03644413838199998,-0.0028400516166000147,0.03672073238344714,-0.0039380315126381245,0.9982741538379777,-0.058722229605152595,1,1,instant_velocity,dbscan_kmeans_fallback,False
4000,431,13.1589100491,7.81396050242,0.06027720739999989,-0.0010739690990000383,0.05158920767199998,-0.016271825144399996,0.050065330714383786,-0.014853439991743668,0.9998411462049139,-0.017814337147491324,1,1,instant_velocity,dbscan_kmeans_fallback,False
4000,432,7.83982533355,9.02134042917,-0.018899766843999986,-0.007159793991000108,-0.018802952893999976,0.00015751546779998904,-0.01658217827082078,-0.0014881888961130523,-0.9351460105891456,-0.3542611315043529,0,0,instant_velocity,dbscan_kmeans_fallback,False
4010,142,7.77394975424,9.4079693047,-0.028875813039999976,-0.004773195994999924,-0.019253348228599983,-0.0021145258255999976,-0.01985139803990158,-0.0023541616083708914,-0.9866112362808215,-0.16308766077388154,0,0,instant_velocity,dbscan_kmeans_fallback,False
4010,168,13.1850077227,10.7396909871,0.015448139050000087,0.023865979969999885,0.021947301631999993,0.021035474746599975,0.021373706875963277,0.021013237765415558,0.5433861112698257,0.8394824778290506,-1,-1,instant_velocity,dbscan_kmeans_fallback,False
4010,169,7.12676954214,9.5812363193,-0.00568255795999999,0.018066546838999997,0.004234558005599993,0.020266990191800005,0.003708999770612548,0.019086360324323443,-0.30004269241513015,0.9539252207147972,-1,-1,instant_velocity,dbscan_kmeans_fallback,False
4010,170,14.923028598,2.84124491559,0.06259232360000003,-0.0006205154789999945,0.061464230616,-0.0004534536193999994,0.06150479052621549,-0.0010075426609490446,0.9999507041062174,-0.00991311481101256,-1,-1,instant_velocity,dbscan_kmeans_fallback,False
4010,171,6.17462538619,7.07101254591,0.029991278120999977,0.002028608298000023,0.03342606871059999,0.004567948566600002,0.03194963244421106,0.0036164127153852327,0.9977199069755248,0.06748571615402953,1,1,instant_velocity,dbscan_kmeans_fallback,False
4010,172,6.25544398829,6.25956922688,0.03272732454699998,-0.001312628898999968,0.03686085929979999,0.0023293196452000052,0.034799517279557476,0.0019938270116500604,0.9991963365446681,-0.040075808373515744,1,1,instant_velocity,dbscan_kmeans_fallback,False
4010,173,5.84124865255,5.79394395764,-0.04640755667200001,-0.00966572188899999,-0.046424393881199996,-0.0036085361718000007,-0.04554971772492754,-0.0035859487199432546,-0.9789908224786118,-0.2039032799947193,-1,-1,instant_velocity,dbscan_kmeans_fallback,False
4010,174,5.5735370331,4.6646057854,0.053584416909999974,-0.008687216710000011,0.049825510052600004,-0.005641917665200005,0.04899409293767373,-0.0055259470683373625,0.9871115480026497,-0.16003256970856905,-1,-1,instant_velocity,dbscan_kmeans_fallback,False
4010,175,12.8882519181,10.2385054077,-0.036641975590000084,0.04773195994199995,-0.034070091946000004,0.053350011627799995,-0.03082318118312133,0.04548863942296468,-0.6089281945425827,0.7932251392414851,-1,-1,instant_velocity,dbscan_kmeans_fallback,False
4010,176,13.8252425862,5.93928777567,-0.046639068290000016,-0.006467680571999956,-0.046639068290000016,-0.006467680571999956,-0.02379034459710002,-0.0032935052359199797,-0.990520886859422,-0.1373606491507562,2,2,instant_velocity,dbscan_kmeans_fallback,False
4010,177,14.1537786223,5.27438157367,-0.048238603129999905,0.0,-0.048238603129999905,0.0,-0.014471580938999973,0.0,-0.9999997926971911,0.0,2,2,instant_velocity,dbscan_kmeans_fallback,False
4010,256,8.29590322611,5.55265890013,-0.0001894185990000352,0.000429587638999962,-0.00018099999420002178,0.0004104948554000032,-0.00018228333770338217,0.00041432831978685893,-0.4034437567300686,0.9149811678361794,-1,-1,instant_velocity,dbscan_kmeans_fallback,False
4010,282,2.88926502494,4.07201350271,-0.03485302215400003,-0.0029832474970000076,-0.034638347742199996,-0.0019808763376000017,-0.035713804221633325,-0.001849461260526619,-0.9963564627170619,-0.08528321906739789,-1,-1,instant_velocity,dbscan_kmeans_fallback,False
4010,285,12.8926716854,13.6243719862,-0.016984534350000045,0.030787114159999972,-0.013734953053999988,0.029818155375999994,-0.013835860502298954,0.029889979870016417,-0.4830453794912092,0.8755949934451001,-1,-1,instant_velocity,dbscan_kmeans_fallback,False
4010,286,10.4211799031,8.4137125791,-0.04724941710999993,-0.0026252577970000248,-0.04358311490199998,0.001102608274800012,-0.042241462263477234,0.000685959737045928,-0.9984598025774217,-0.05547612101976015,-1,-1,instant_velocity,dbscan_kmeans_fallback,False
4010,333,11.0652031386,4.90445888411,0.03382174311999986,-0.02217149539399994,0.03332925476099998,-0.021765773733799988,0.03188388888402572,-0.021922611510304002,0.8363200874943069,-0.5482410206357728,-1,-1,instant_velocity,dbscan_kmeans_fallback,False
4010,334,4.27012660919,11.9859724612,0.01136511591999998,-0.0019331443800000513,0.014871464646000003,-0.00021479382000002544,0.01339163972031624,-0.0013544747300013758,0.9858395850802402,-0.1676859494345969,-1,-1,instant_velocity,dbscan_kmeans_fallback,False
4010,335,3.57306616611,8.88458836393,-0.033484998942000035,-0.002171804177999981,-0.0427496730672,-0.0035321650358000056,-0.039956333486661784,-0.0023480918643383327,-0.9979029693655861,-0.06472300751332556,3,3,instant_velocity,dbscan_kmeans_fallback,False
4010,336,3.36049640539,8.39294917652,-0.03822046390799998,-0.008734948669999909,-0.0413185103216,-0.0033412371960000087,-0.04120674644997135,-0.0033618976819207733,-0.9748646699712067,-0.22279669008969102,3,3,instant_velocity,dbscan_kmeans_fallback,False
4010,360,6.20430096665,7.72637235592,-0.007513604413999975,0.0028400516159999612,-0.0182262784936,-0.0014271856024000052,-0.018567643521257504,-0.0005166653531897399,-0.9354059321050058,0.35357213165771284,-1,-1,instant_velocity,dbscan_kmeans_fallback,False
4010,361,7.18380558685,8.28054041086,-0.049122556585999975,0.006968866152000075,-0.04579720785440001,0.0010166907468000018,-0.04404445466878541,0.0018054311925727762,-0.9900860837306483,0.1404604702199738,-1,-1,instant_velocity,dbscan_kmeans_fallback,False
4010,362,14.2404902475,10.5163054146,-0.004840697519999893,-0.006730206349999967,-0.0033337673359999796,-0.013126288984,-0.003263556096622166,-0.012090711622524512,-0.5839026874811531,-0.8118221720798185,4,4,instant_velocity,dbscan_kmeans_fallback,False
4010,363,14.6452146533,10.4363543817,-0.005577325399999999,-0.011240876560000146,-0.0037168138359999856,-0.014367319942000023,-0.003942962857007231,-0.01365038339583219,-0.44446256118648403,-0.8957965382186198,4,4,instant_velocity,dbscan_kmeans_fallback,False
4010,364,14.2543809447,11.7215374031,-0.007976627660000091,-0.016443660200000033,-0.0020457208660000247,-0.015393557082000022,-0.0035849155629039267,-0.013142673218761228,-0.43644798158530285,-0.8997288841942147,4,4,instant_velocity,dbscan_kmeans_fallback,False
4010,430,13.2593019064,9.04520640914,0.048743719389999995,-0.002505927896999971,0.04161737077799998,-0.0033412371960000087,0.040327628485413,-0.003508400427946678,0.9986809011454078,-0.05134245727860423,5,5,instant_velocity,dbscan_kmeans_fallback,False
4010,431,13.7530530536,7.80417545063,0.05941430045000011,-0.0009785051789999778,0.05645937030800002,-0.01408092818300002,0.05287002163506868,-0.01069095954792056,0.9998642422701757,-0.01646695041342111,5,5,instant_velocity,dbscan_kmeans_fallback,False
4010,432,7.64430324671,8.91895537509,-0.01955220868400005,-0.01023850540799991,-0.018676673828200006,-0.00268253614879999,-0.01747318739477456,-0.004113283849679111,-0.8858893756234841,-0.4638955787451784,0,0,instant_velocity,dbscan_kmeans_fallback,False
4020,142,7.56495790038,9.40319610871,-0.020899185386000062,-0.0004773195989999479,-0.023668906228399997,-0.002916422752399974,-0.020165734243731127,-0.0017911090055596083,-0.9997388104006315,-0.02283318317300432,0,0,instant_velocity,dbscan_kmeans_fallback,False
4020,168,13.3392786481,10.9783507868,0.015427092540000053,0.023865979970000062,0.019745836586,0.0219041964174,0.01958972257517431,0.02186906042679091,0.542864078062454,0.8398201527525829,-1,-1,instant_velocity,dbscan_kmeans_fallback,False
4020,169,7.08530791554,9.73445591071,-0.0041461626600000304,0.015321959141000008,-0.0006776976530000134,0.018558186025599995,0.001352451041428774,0.017957039969326412,-0.2612078425919492,0.9652819292677189,-1,-1,instant_velocity,dbscan_kmeans_fallback,False
4020,171,6.47474863252,7.09129862889,0.03001232463300001,0.002028608297999934,0.032449510602,0.0038424227754000027,0.031368440100847744,0.0031400713901696426,0.9977230925994823,0.06743860628936393,1,1,instant_velocity,dbscan_kmeans_fallback,False
4020,172,6.58292769887,6.2462042781,0.03274837105800001,-0.0013364948780000495,0.036120022114,0.0012839897223999941,0.034184173413090234,0.0009947304447550272,0.9991679637270814,-0.04077707753518221,1,1,instant_velocity,dbscan_kmeans_fallback,False
4020,173,5.38790680641,5.77556715307,-0.04533418461399998,-0.0018376804569999905,-0.046357045046199995,-0.005011855793799995,-0.04548505779164927,-0.0030614682410602754,-0.9991791948024918,-0.04050303529144062,-1,-1,instant_velocity,dbscan_kmeans_fallback,False
4020,174,6.10727655111,4.57534702031,0.053373951801,-0.00892587650900003,0.0515681611604,-0.007140701207400006,0.05030805059667161,-0.006545925900536163,0.9863030406744009,-0.16494223950916062,-1,-1,instant_velocity,dbscan_kmeans_fallback,False
4020,175,12.5218321623,10.7158250071,-0.03664197557999991,0.04773195993999994,-0.03589271979599999,0.049679423907599975,-0.032568819502184904,0.04616163557807526,-0.6089281944540713,0.7932251393094318,-1,-1,instant_velocity,dbscan_kmeans_fallback,False
4020,176,13.3588519033,5.87484962975,-0.046639068290000016,-0.006443814592000052,-0.046639068290000016,-0.006443814592000052,-0.030644961704970018,-0.004238598042744002,-0.990589730267569,-0.1368632949289038,2,2,instant_velocity,dbscan_kmeans_fallback,False
4020,177,13.6713925911,5.27438157367,-0.04823860312000008,0.0,-0.04823860312000008,0.0,-0.024601687593300003,0.0,-0.999999792697191,0.0,2,2,instant_velocity,dbscan_kmeans_fallback,False
4020,178,0.217199993134,3.99325576881,0.0,0.0,0.0,0.0,0.0,0.0,0.0,0.0,-1,-1,instant_velocity,dbscan_kmeans_fallback,False
4020,256,8.29421950523,5.55671611673,-0.00016837208799991288,0.0004057216599999691,-0.00018099999440000404,0.00041049485559998546,-0.0001781099627923414,0.000411746321850792,-0.38328995483386485,0.9236034225375247,-1,-1,instant_velocity,dbscan_kmeans_fallback,False
4020,282,2.58745805774,4.04957948154,-0.030180696719999966,-0.0022434021169999594,-0.03379648730359999,-0.0022672680971999883,-0.03405387197114332,-0.001967643517468621,-0.9972484172282583,-0.07412781855702422,-1,-1,instant_velocity,dbscan_kmeans_fallback,False
4020,286,9.91122294249,8.35858216536,-0.050995696061000115,-0.005513041374000061,-0.046335998534200014,-0.0008973608470000016,-0.044867732402734097,-0.001173740596267869,-0.9942068680044905,-0.10748169004433979,-1,-1,instant_velocity,dbscan_kmeans_fallback,False
4020,287,14.6090146544,6.93903367667,0.0,0.0,0.0,0.0,0.0,0.0,0.0,0.0,-1,-1,instant_velocity,dbscan_kmeans_fallback,False
4020,333,11.3884775469,4.71758826094,0.032327440830000144,-0.018687062316999993,0.033202975693600006,-0.021207309802399994,0.03201695446781805,-0.0209519467523128,0.8657605848576321,-0.5004578644475662,-1,-1,instant_velocity,dbscan_kmeans_fallback,False
4020,334,4.3839882335,11.9666410174,0.011386162431000013,-0.0019331443799998737,0.013911743746200002,-0.0005202783639999709,0.012789996533521373,-0.0015280756250009252,0.9858907825367554,-0.16738468620170735,-1,-1,instant_velocity,dbscan_kmeans_fallback,False
4020,335,3.24347780444,8.78530588725,-0.032958836166999995,-0.009928247667999912,-0.04083864987180001,-0.0058614846809999935,-0.037857084290763246,-0.004622138605436807,-0.9575007916897572,-0.28842963246742553,3,3,instant_velocity,dbscan_kmeans_fallback,False
4020,336,3.03301269481,8.26025432788,-0.03274837105800001,-0.013269484863999991,-0.04032932430660001,-0.005594185705400001,-0.03866923383237995,-0.006334173836544539,-0.9268068026154963,-0.37553772727740753,3,3,instant_velocity,dbscan_kmeans_fallback,False
4020,360,6.12895445741,7.75477287209,-0.007534650924000008,0.00284005161700005,-0.013482394922599995,-0.0004439072273999933,-0.015257745742080255,0.0004903497378671973,-0.935732293065418,0.3527075160887178,-1,-1,instant_velocity,dbscan_kmeans_fallback,False
4020,361,6.67258583557,8.34473989698,-0.051121975128000055,0.006419948611999971,-0.04761983570380002,0.002515474289000004,-0.04616771080654981,0.0031897864184009346,-0.9922065717353779,0.12460229064077998,-1,-1,instant_velocity,dbscan_kmeans_fallback,False
4020,362,14.1918728072,10.4490033511,-0.004861744030000103,-0.006730206349999967,-0.003826255692000018,-0.011064268314000003,-0.0037430124766355474,-0.010482560040767148,-0.5855721243401631,-0.8106188242940162,4,4,instant_velocity,dbscan_kmeans_fallback,False
4020,363,14.5917565154,10.3210816984,-0.005345813789999987,-0.011527268329999885,-0.004478697533999991,-0.013064237436,-0.004363818136905058,-0.013013448876082499,-0.4207139132561079,-0.9071924984254761,4,4,instant_velocity,dbscan_kmeans_fallback,False
4020,364,14.1384146693,11.4943332738,-0.011596627539999993,-0.022720412929999868,-0.0049669765880000225,-0.01704030969999998,-0.005988429156032747,-0.01601599513213282,-0.45461262347792364,-0.890688822503045,-1,-1,instant_velocity,dbscan_kmeans_fallback,False
4020,430,13.7854646805,8.85141465177,0.05261627741000012,-0.019379175737000053,0.047565114776,-0.007217072343400019,0.044014223162789134,-0.008269633020662692,0.9383763179262122,-0.3456147121703238,-1,-1,instant_velocity,dbscan_kmeans_fallback,False
4020,431,14.270376293,7.80417545063,0.05173232393999996,0.0,0.058294626064,-0.01062036108720001,0.052528712326548065,-0.007483671683544391,0.9999998066972966,0.0,-1,-1,instant_velocity,dbscan_kmeans_fallback,False
4020,432,7.44899162498,8.81680898081,-0.019531162173000015,-0.010214639428000005,-0.018550394762400016,-0.0055225877654000045,-0.0180905798282422,-0.0059436905231753795,-0.8861287553145827,-0.4634381529448221,0,0,instant_velocity,dbscan_kmeans_fallback,False
4030,142,7.36480558113,9.40319610871,-0.020015231924999988,0.0,-0.025499952682200018,-0.0029593815163999793,-0.020120583548111783,-0.0012537763038917257,-0.9999995003807579,0.0,0,0,instant_velocity,dbscan_kmeans_fallback,False
4030,168,13.4838681784,11.1668920286,0.014458953029999933,0.018854124179999942,0.01767485990600001,0.021756227341999973,0.018050491711622,0.02096457955275362,0.6085406103292537,0.7935222012212841,-1,-1,instant_velocity,dbscan_kmeans_fallback,False
4030,169,7.06657652079,9.84686467638,-0.001873139474999963,0.01124087656699988,-0.004617604505199999,0.016147722048599995,0.00038477388650015273,0.015942190948628452,-0.16436981802784392,0.9863978953255799,-1,-1,instant_velocity,dbscan_kmeans_fallback,False
4030,171,6.77466141374,7.11158471186,0.029991278121999976,0.002028608297000023,0.0314687431912,0.0031168969842000037,0.03095529150719341,0.0028066324622187566,0.9977199069779162,0.06748571611867411,1,1,instant_velocity,dbscan_kmeans_fallback,False
4030,172,6.91020094433,6.23307798912,0.03272732454599998,-0.001312628897999968,0.034865650060399996,0.00031980413159999444,0.03374711875296316,0.00030252264192852856,0.9991963365458417,-0.0400758083442564,1,1,instant_velocity,dbscan_kmeans_fallback,False
4030,173,4.93456496028,5.75719034849,-0.045334184612999984,-0.0018376804579999905,-0.0461255334256,-0.006176515616600007,-0.04543979583805448,-0.0026943319061421903,-0.9991791948015636,-0.04050303531433673,-1,-1,instant_velocity,dbscan_kmeans_fallback,False
4030,174,6.63954281336,4.48394031702,0.05322662622500003,-0.009140670328999966,0.05328555645500001,-0.008677670317599997,0.051183623285170135,-0.007324349229075305,0.9855723651270349,-0.16925348672141963,-1,-1,instant_velocity,dbscan_kmeans_fallback,False
4030,175,12.3008437972,11.1637894512,-0.022098836510000018,0.04479644441000001,-0.03372071986399998,0.04749807333899998,-0.02942782460452944,0.04575207822765269,-0.44241218909795843,0.8968116048220446,-1,-1,instant_velocity,dbscan_kmeans_fallback,False
4030,176,12.8846740113,5.81065014362,-0.04741778920000002,-0.00641994861299997,-0.04741778920000002,-0.00641994861299997,-0.03567680995347902,-0.004893003213820793,-0.9909585241387106,-0.13416700588362332,2,2,instant_velocity,dbscan_kmeans_fallback,False
4030,177,13.1660658628,5.21972847953,-0.05053267283,-0.0054653094140000745,-0.05053267283,-0.0054653094140000745,-0.032380983164310005,-0.0016395928242000225,-0.9942019780995741,-0.10752689549204474,2,2,instant_velocity,dbscan_kmeans_fallback,False
4030,178,0.571623237743,4.15649907181,0.035442324460899996,0.016324330299999978,0.035442324460899996,0.016324330299999978,0.01063269733827,0.004897299089999994,0.9082871409259677,0.4183466948415159,-1,-1,instant_velocity,dbscan_kmeans_fallback,False
4030,256,8.29232531925,5.56077333332,-0.0001894185979999463,0.00040572165900005787,-0.00018099999419998625,0.0004104948554000032,-0.00018150255335462286,0.0004099389229955718,-0.423026072238049,0.9060928633245835,-1,-1,instant_velocity,dbscan_kmeans_fallback,False
4030,282,2.33216387976,4.03430525436,-0.02552941779800002,-0.0015274227179999933,-0.03202858038280001,-0.0024152371729999978,-0.03149653571920033,-0.0018355772776280329,-0.9982145915821169,-0.05972308717283225,-1,-1,instant_velocity,dbscan_kmeans_fallback,False
4030,286,9.40126598186,8.30345175163,-0.05099569606299994,-0.005513041372999972,-0.048116533362799994,-0.003059618632400003,-0.04670612150081385,-0.0024755308292875,-0.9942068680070245,-0.10748169002090115,-1,-1,instant_velocity,dbscan_kmeans_fallback,False
4030,287,14.2670088513,6.60085274047,-0.03420058030999993,-0.03381809362000006,-0.03420058030999993,-0.03381809362000006,-0.01026017409299998,-0.01014542808600002,-0.7110716363109457,-0.7031192731036511,-1,-1,instant_velocity,dbscan_kmeans_fallback,False
4030,333,11.6768147471,4.61138465006,0.028833720019999908,-0.010620361088000064,0.03237374316200001,-0.019035505625200014,0.031061984133472605,-0.01785247105301898,0.938370134223038,-0.3456310754467742,-1,-1,instant_velocity,dbscan_kmeans_fallback,False
4030,334,4.51195102015,11.9604358626,0.012796278664999949,-0.0006205154799999946,0.012787860060799999,-0.0010405567279999771,0.012791881172964946,-0.001255807581500646,0.9988255590936576,-0.048434919046620055,-1,-1,instant_velocity,dbscan_kmeans_fallback,False
4030,335,2.91620455897,8.65284969841,-0.03272732454699998,-0.013245618884000087,-0.03713446394239999,-0.007059556875599995,-0.03631815636763427,-0.007209182689005791,-0.9269579309157974,-0.3751645343565805,3,3,instant_velocity,dbscan_kmeans_fallback,False
4030,336,2.70573944935,8.12779813904,-0.03272732454599998,-0.013245618884000087,-0.0393317196868,-0.007847134214600012,-0.03688666104646596,-0.008407607350781204,-0.926957930911811,-0.3751645343664304,3,3,instant_velocity,dbscan_kmeans_fallback,False
4030,360,6.01930213529,7.77935483146,-0.010965232211999965,0.0024581959369999852,-0.010662162453599997,0.0014128660144000094,-0.013969991683056168,0.0010807035976070337,-0.9757797537773213,0.218751211079438,0,0,instant_velocity,dbscan_kmeans_fallback,False
4030,361,6.11443236484,8.39676773332,-0.055815347072999975,0.005202783634000063,-0.0497834170308,0.00405244339920003,-0.04906200168648486,0.003793685583080673,-0.9956834855080777,0.09281185220026139,-1,-1,instant_velocity,dbscan_kmeans_fallback,False
4030,362,14.1432553668,10.3817012875,-0.004861744039999926,-0.006730206359999968,-0.004318744049999985,-0.009002247646000008,-0.004078631945644861,-0.009356853936536994,-0.5855721245598748,-0.8106188241353042,4,4,instant_velocity,dbscan_kmeans_fallback,False
4030,363,14.5437704705,10.1981719016,-0.004798604490000002,-0.012290979680000013,-0.005131139372,-0.0119138972,-0.004494254042833541,-0.012796708117257753,-0.3636819474398938,-0.931522369739325,4,4,instant_velocity,dbscan_kmeans_fallback,False
4030,364,13.9683588607,11.1728585236,-0.017005580859999904,-0.03214747502000002,-0.008970022972000002,-0.020572474736000004,-0.009293574667222894,-0.02085543909849298,-0.46759396206671405,-0.8839430619156522,-1,-1,instant_velocity,dbscan_kmeans_fallback,False
4030,430,14.3116274545,8.65738423461,0.052616277399999946,-0.019403041716000047,0.04926988216200002,-0.009961660040000027,0.04659483943395238,-0.0116096556292639,0.9382382232160551,-0.3459894216044805,-1,-1,instant_velocity,dbscan_kmeans_fallback,False
4030,431,14.7879099976,7.80417545063,0.05175337045999999,0.0,0.05664878890600001,-0.004653866094399994,0.052296109766583644,-0.005238570178481073,0.9999998067759069,0.0,-1,-1,instant_velocity,dbscan_kmeans_fallback,False
4030,432,7.14949977398,8.78793114505,-0.029949185099999998,-0.002887783575999947,-0.021063348171400004,-0.006100144480599994,-0.02164816140976954,-0.00502691843902275,-0.9953831594405929,-0.09597760773996755,0,0,instant_velocity,dbscan_kmeans_fallback,False
4040,142,7.16444279676,9.40319610871,-0.020036278436999934,0.0,-0.02373625506359998,-0.0020047423175999766,-0.020095292014778228,-0.0008776434127242079,-0.9999995009055678,0.0,0,0,instant_velocity,dbscan_kmeans_fallback,False
4040,168,13.6240379414,11.3339538884,0.014016976299999939,0.016706185980000045,0.015519697183999988,0.021173897430000005,0.01684043708813538,0.019687061480927547,0.6427556102153038,0.7660706941443091,-1,-1,instant_velocity,dbscan_kmeans_fallback,False
4040,169,7.04805559114,9.95903478224,-0.0018520929650000183,0.011217010586000064,-0.003851511506200005,0.014782587994200007,-0.00028628616894989874,0.014524636839839936,-0.16290877516374724,0.9866402443594613,-1,-1,instant_velocity,dbscan_kmeans_fallback,False
4040,171,7.07478466006,7.13187079484,0.030012324632000008,0.002028608298000023,0.03049218508259999,0.002391371193200005,0.03067240144463539,0.0025732252129531366,0.9977230925993309,0.06743860629160368,1,1,instant_velocity,dbscan_kmeans_fallback,False
4040,172,7.26736023537,6.25622798969,0.03571592910400003,0.0023150000570000273,0.03420899891859999,8.114433200001158e-05,0.034337761858274224,0.0009062658664499782,0.9979056940423976,0.06468127237742992,1,1,instant_velocity,dbscan_kmeans_fallback,False
4040,173,4.43323706915,5.8318908658,-0.05013278911300008,0.007470051731000016,-0.046815858985200014,-0.003775598031400005,-0.04684769382053816,0.0003549831850004721,-0.9890800166816456,0.14737817347557716,-1,-1,instant_velocity,dbscan_kmeans_fallback,False
4040,174,7.1718090756,4.39277227353,0.05322662622399994,-0.009116804348999974,0.053394998311999994,-0.0089115569212,0.05179652416681908,-0.007862085765052707,0.9856459937028551,-0.16882418292205828,-1,-1,instant_velocity,dbscan_kmeans_fallback,False
4040,175,12.1766693825,11.5921837917,-0.012417441470000058,0.042839434050000055,-0.028880022341999982,0.046309547536800014,-0.02432470966417062,0.0448782849743569,-0.2784004160914288,0.9604648665713648,-1,-1,instant_velocity,dbscan_kmeans_fallback,False
4040,176,12.3795577482,5.7469279771,-0.05051162630999997,-0.006372216651999984,-0.04757353338000001,-0.006429495004199985,-0.04012725486043531,-0.00533676724527455,-0.992136193580674,-0.12516141798695246,2,2,instant_velocity,dbscan_kmeans_fallback,False
4040,177,12.6550565767,5.15171043661,-0.05110092861000002,-0.006801804291999947,-0.05110092861000002,-0.006801804291999947,-0.03799696679801701,-0.0031882562645399997,-0.9912572960693726,-0.13194159703707423,2,2,instant_velocity,dbscan_kmeans_fallback,False
4040,178,0.926046482352,4.31974237481,0.03544232446090001,0.016324330299999978,0.03544232446090001,0.016324330299999978,0.018075585475059004,0.008325408452999991,0.908287140925968,0.4183466948415158,-1,-1,instant_velocity,dbscan_kmeans_fallback,False
4040,282,2.07686970178,4.01903102717,-0.025529417797999977,-0.0015274227190000822,-0.030193324626999994,-0.0022529485094000103,-0.029706400342840226,-0.0017431309100396477,-0.9982145915797858,-0.059723087211796914,-1,-1,instant_velocity,dbscan_kmeans_fallback,False
4040,286,8.93508576404,8.25404917309,-0.04661802178199999,-0.004940257854000052,-0.0484322310272,-0.0041001753589999974,-0.0466796915851697,-0.0032149489367012656,-0.9944314919416791,-0.1053830214268501,0,0,instant_velocity,dbscan_kmeans_fallback,False
4040,287,13.9250030482,6.26291046408,-0.03420058030999993,-0.033794227638999974,-0.03420058030999993,-0.033794227638999974,-0.017442295958099964,-0.017240067951900008,-0.7113197642233926,-0.7028682501406704,-1,-1,instant_velocity,dbscan_kmeans_fallback,False
4040,333,11.9653624124,4.50541969899,0.028854766529999944,-0.010596495106999981,0.031531882723999975,-0.0168446086638,0.030399818852430805,-0.01567567826921328,0.9387033028593406,-0.34472519281457314,-1,-1,instant_velocity,dbscan_kmeans_fallback,False
4040,334,4.65443589937,11.9673569968,0.014248487922000041,0.0006921134199998846,0.0122364414736,-0.0011455670400000173,0.013228863197675474,-0.0006714312810504868,0.9988216415585166,0.048517278892561064,-1,-1,instant_velocity,dbscan_kmeans_fallback,False
4040,335,2.58872084839,8.52015484977,-0.03274837105800001,-0.013269484863999991,-0.0334344873152,-0.008257629070000015,-0.035247220774743994,-0.009027273341504051,-0.9268068026154963,-0.37553772727740753,3,3,instant_velocity,dbscan_kmeans_fallback,False
4040,336,2.4117196912,7.98842081601,-0.029401975815000016,-0.013937732302999972,-0.0359179756086,-0.010238505407599997,-0.03464125547702618,-0.010066644836446835,-0.9036129091131296,-0.42834926849809185,3,3,instant_velocity,dbscan_kmeans_fallback,False
4040,360,5.59837191604,7.76980843947,-0.042093021925000064,-0.0009546391989999847,-0.015124022777600015,0.002004742317600012,-0.022406900755639336,0.0004701007586249281,-0.9997426869728436,-0.022673438832649134,0,0,instant_velocity,dbscan_kmeans_fallback,False
4040,361,5.55627889411,8.44855690986,-0.055815347072999975,0.005178917653999982,-0.05194699835779998,0.005579866117400023,-0.0510880053024394,0.004209255204356466,-0.9957227409814197,0.09238975214135059,0,0,instant_velocity,dbscan_kmeans_fallback,False
4040,362,14.0662251367,10.2886239656,-0.007703023010000009,-0.009307732190000095,-0.005375278899999998,-0.007450958948000022,-0.005165949264951406,-0.009342117412575925,-0.6375707346445845,-0.7703907469248751,4,4,instant_velocity,dbscan_kmeans_fallback,False
4040,363,14.4955739603,10.0755007645,-0.0048196510200000375,-0.01226711371000011,-0.005223744022000005,-0.011713422970000024,-0.00459187313598349,-0.01263782979508046,-0.365680211928056,-0.9307397408242987,4,4,instant_velocity,dbscan_kmeans_fallback,False
4040,364,13.7985135173,10.8516224332,-0.016984534340000045,-0.03212360904000011,-0.012307999609999988,-0.02398053667400003,-0.011600862569056038,-0.02423589008094512,-0.4674128608475156,-0.8840388380134728,-1,-1,instant_velocity,dbscan_kmeans_fallback,False
4040,430,14.8377902286,8.46359247724,0.05261627740999995,-0.019379175736999876,0.050974649552,-0.0127014745408,0.04840127082676665,-0.013940511661584692,0.938376317926213,-0.345614712170322,-1,-1,instant_velocity,dbscan_kmeans_fallback,False
4040,432,6.83822187684,8.76716774247,-0.031127789714000008,-0.002076340258000009,-0.023812022503000012,-0.006515412532199996,-0.02449204990103868,-0.004141744984715927,-0.9977823816137176,-0.06655582509078399,0,0,instant_velocity,dbscan_kmeans_fallback,False
4050,142,6.96429047751,9.40319610871,-0.020015231925000078,0.0,-0.021968348142600007,-0.0010501031187999743,-0.020071273987844782,-0.0006143503889069454,-0.9999995003807579,0.0,0,0,instant_velocity,dbscan_kmeans_fallback,False
4050,168,13.7644181695,11.5010157482,0.014038022810000151,0.016706185980000045,0.014677836746000032,0.019999691215999996,0.01599971280469481,0.018792798830649295,0.6433214660348127,0.7655955686899005,-1,-1,instant_velocity,dbscan_kmeans_fallback,False
4050,169,7.02953466149,10.0714435479,-0.0018520929650000183,0.01124087656599997,-0.003081209205000004,0.013417453939799984,-0.0007560282077649348,0.013539508757687946,-0.1625720478937945,0.9866957857895439,-1,-1,instant_velocity,dbscan_kmeans_fallback,False
4050,171,7.4233148816,7.11946048525,0.03485302215399999,-0.001241030958999989,0.030972045532399992,0.0013746804464000028,0.03192658765744477,0.0014289483613671987,0.999366366601604,-0.03558499446205366,1,1,instant_velocity,dbscan_kmeans_fallback,False
4050,172,7.63693696787,6.29489087724,0.03695767324999997,0.0038662887550000137,0.034175324501,0.0004439072274000111,0.03512373527579195,0.001794272733014989,0.9945722005639158,0.10404614189492811,1,1,instant_velocity,dbscan_kmeans_fallback,False
4050,173,3.91128359728,5.94644756966,-0.05219534718699994,0.011455670385999994,-0.0478808124398,0.001116927862600008,-0.04845198983047669,0.003685189345300329,-0.9767513897599801,0.21437431827150719,-1,-1,instant_velocity,dbscan_kmeans_fallback,False
4050,174,7.7074427796,4.30088825064,0.05356337040000003,-0.009188402289000041,0.053394998311999994,-0.009011794037200005,0.05232657803677337,-0.008259980722236908,0.9856033435413039,-0.16907300549259321,-1,-1,instant_velocity,dbscan_kmeans_fallback,False
4050,175,12.0527054329,12.0205781322,-0.012396394960000024,0.042839434050000055,-0.024039324822000017,0.045187846478400004,-0.02074621525291944,0.04426662969704984,-0.27796503801335165,0.96059095830702,-1,-1,instant_velocity,dbscan_kmeans_fallback,False
4050,176,11.8744414851,5.68320581058,-0.05051162630999997,-0.006372216652000074,-0.048343835679999995,-0.006415175416200007,-0.04324256629530471,-0.005647402067292207,-0.9921361935806737,-0.12516141798695418,2,2,instant_velocity,dbscan_kmeans_fallback,False
4050,177,12.1438368254,5.0834537339,-0.05112197513000005,-0.006825670271000029,-0.049846556564000014,-0.00381855679540001,-0.04193446929761192,-0.004279480466478008,-0.9912037983100408,-0.1323428971870232,2,2,instant_velocity,dbscan_kmeans_fallback,False
4050,178,1.28046972696,4.48298567782,0.0354423244608,0.016324330301000067,0.0354423244608,0.016324330301000067,0.023285607170781306,0.010725085007400013,0.9082871409157806,0.4183466948636336,-1,-1,instant_velocity,dbscan_kmeans_fallback,False
4050,282,1.82157552381,4.00399545979,-0.02552941779700002,-0.0015035567380000004,-0.028324394453400004,-0.0019570103578000087,-0.028453305579088164,-0.0016712586584277534,-0.9982697940359011,-0.05879316508897943,-1,-1,instant_velocity,dbscan_kmeans_fallback,False
4050,286,8.49794973135,8.20798783174,-0.04371360326900007,-0.004606134134999884,-0.047914486857000005,-0.0046395465065999985,-0.04578986509031881,-0.0036323044961908513,-0.994494083776654,-0.10479056412143405,-1,-1,instant_velocity,dbscan_kmeans_fallback,False
4050,287,13.6354030573,5.97675736422,-0.02895999909000011,-0.028615309985999992,-0.02895999909000011,-0.028615309985999992,-0.020897606897670007,-0.020652640562130002,-0.7113271321945824,-0.7028607399448744,-1,-1,instant_velocity,dbscan_kmeans_fallback,False
4050,333,12.2701158912,4.39611351072,0.030475347880000038,-0.010930618826999972,0.030862603675999977,-0.01460120654659999,0.030422477560701575,-0.014252160436549286,0.9412851949712187,-0.3376115578480717,-1,-1,instant_velocity,dbscan_kmeans_fallback,False
4050,334,4.79671031348,11.9745167908,0.014227441411000009,0.0007159793999999664,0.012804697269799999,-0.0006157422840000138,0.013528436661672834,-0.00025520807673535075,0.9987354547709149,0.05026019724900856,-1,-1,instant_velocity,dbscan_kmeans_fallback,False
4050,335,2.22230109254,8.4141898987,-0.036641975585,-0.010596495106999981,-0.0337123012598,-0.00984233014019999,-0.0356656472178208,-0.00949803987115283,-0.9606367517859439,-0.2778065996002467,3,3,instant_velocity,dbscan_kmeans_fallback,False
4050,336,2.12127783992,7.84856617338,-0.02904418512800002,-0.013985464262999958,-0.032428464091,-0.012634649796799983,-0.03296213437231833,-0.011242290664412773,-0.9009865123268813,-0.43384638315932167,3,3,instant_velocity,dbscan_kmeans_fallback,False
4050,360,5.17744169679,7.76026204748,-0.042093021924999974,-0.0009546391989999847,-0.022039906279999997,0.0012458041544000055,-0.02831273710644753,4.2678771337454236e-05,-0.9997426869728436,-0.022673438832649183,4,4,instant_velocity,dbscan_kmeans_fallback,False
4050,361,5.09493937381,8.43948783747,-0.046133952030000015,-0.0009069072389999988,-0.051601835578,0.004572721762600018,-0.049601789320707586,0.0026744064713495265,-0.9998066182643006,-0.019654328749342188,4,4,instant_velocity,dbscan_kmeans_fallback,False
4050,362,13.9891949066,10.1955466438,-0.007703023010000009,-0.009307732179999917,-0.005994046321999989,-0.007761216685999983,-0.005927071388465987,-0.009331801842803123,-0.6375707350511352,-0.7703907465884156,5,5,instant_velocity,dbscan_kmeans_fallback,False
4050,363,14.4475879154,9.95282962745,-0.004798604490000002,-0.012267113704999843,-0.0050679998380000054,-0.011918670397,-0.004653892542188443,-0.012526614968056274,-0.3642956779861566,-0.9312825246191918,5,5,instant_velocity,dbscan_kmeans_fallback,False
4050,364,13.6013077095,10.6680930472,-0.019720580779999962,-0.0183529386,-0.014656790235999998,-0.024357619158000006,-0.014036778032339216,-0.022471004636661584,-0.7320344243663062,-0.6812670982340707,5,5,instant_velocity,dbscan_kmeans_fallback,False
4050,432,6.64838234796,8.73757392731,-0.018983952887999943,-0.002959381516000015,-0.0238288597118,-0.005675330037199977,-0.02283962079712706,-0.0037870359441011534,-0.9880659257106065,-0.15402819709828505,0,0,instant_velocity,dbscan_kmeans_fallback,False
4060,142,6.80812536617,9.4077306449,-0.015616511134,0.00045345361900004375,-0.019316487761400013,-4.7731959999808285e-06,-0.018734845131691345,-0.0002940091865348486,-0.9995780585053964,0.029024555114328613,0,0,instant_velocity,dbscan_kmeans_fallback,False
4060,168,14.0127669989,11.632278638,0.024834882939999935,0.013126288980000034,0.016555185524000003,0.017851753018000027,0.018650263845286348,0.017092845875454517,0.8841052232870246,0.4672871089278012,-1,-1,instant_velocity,dbscan_kmeans_fallback,False
4060,169,7.16486372698,10.026098186,0.013532906549000056,-0.004534536189999905,0.0007618836968000054,0.008897237334000004,0.003530652219264563,0.008117295273381588,0.948186094057602,-0.3177132822716895,-1,-1,instant_velocity,dbscan_kmeans_fallback,False
4060,171,7.78426254461,7.09917440228,0.03609476630100002,-0.002028608297000023,0.0321927431684,0.0005632371273999936,0.033177041250511345,0.00039168136385703213,0.9984241071658057,-0.05611371495887144,1,1,instant_velocity,dbscan_kmeans_fallback,False
4060,172,8.00672416548,6.3335537648,0.036978719761,0.0038662887560000137,0.0350256035438,0.0014796907584000074,0.035680230621354364,0.0024158775399104964,0.9945783269962496,0.10398756440136199,1,1,instant_velocity,dbscan_kmeans_fallback,False
4060,173,3.42931849624,6.04095685035,-0.048196510104000015,0.009450928068999965,-0.0482386031262,0.004940257854199999,-0.04837534591253368,0.0054149109624102194,-0.9813111202055573,0.1924268124467956,-1,-1,instant_velocity,dbscan_kmeans_fallback,False
4060,174,8.25591485528,4.20685628955,0.05484720756800003,-0.009403196108999978,0.0536475564436,-0.009154989916999999,0.05308276689614137,-0.00860294533826583,0.9856196305768951,-0.1689780589778275,-1,-1,instant_velocity,dbscan_kmeans_fallback,False
4060,175,11.9285310182,12.4489724727,-0.012417441470000058,0.04283943404999988,-0.019194417998000014,0.04420934129999999,-0.018247583118043625,0.04383847100293485,-0.2784004160914298,0.9604648665713644,-1,-1,instant_velocity,dbscan_kmeans_fallback,False
4060,176,11.3876356865,5.64382694362,-0.04868057986000007,-0.003937886695999993,-0.04875213799400001,-0.0059092166410000145,-0.044873970364713314,-0.005134547455904542,-0.9967439792724249,-0.08062896675805883,2,2,instant_velocity,dbscan_kmeans_fallback,False
4060,177,11.6909159095,5.05457589813,-0.04529209159000001,-0.002887783576999947,-0.049257254256000034,-0.0043961135108,-0.042941755985328345,-0.0038619713996345894,-0.9979733442205732,-0.06362989503359974,2,2,instant_velocity,dbscan_kmeans_fallback,False
4060,178,1.64036506442,4.63429599084,0.035989533746,0.015131031301999975,0.035989533746,0.015131031301999975,0.027096785143346916,0.012046868895780001,0.921840730341079,0.38756825928037086,-1,-1,instant_velocity,dbscan_kmeans_fallback,False
4060,179,14.5585030281,7.41969451329,0.0,0.0,0.0,0.0,0.0,0.0,0.0,0.0,-1,-1,instant_velocity,dbscan_kmeans_fallback,False
4060,282,1.56649181094,3.98872123261,-0.02550837128700001,-0.0015274227179999488,-0.026455464279999997,-0.0016658454019999969,-0.02756982529146172,-0.0016281078762994119,-0.9982116523711593,-0.059772187649668324,-1,-1,instant_velocity,dbscan_kmeans_fallback,False
4060,286,8.06081369866,8.1621651502,-0.04371360326899989,-0.004582268154000068,-0.0472073240888,-0.005030948578000008,-0.045166986543923135,-0.003917293593533617,-0.994550525434869,-0.10425352429082656,-1,-1,instant_velocity,dbscan_kmeans_fallback,False
4060,287,13.3516960895,5.69680941916,-0.02837069677999988,-0.027994794506,-0.02837069677999988,-0.027994794506,-0.02313953386236897,-0.022855286745291,-0.7118064790231908,-0.7023752804809931,-1,-1,instant_velocity,dbscan_kmeans_fallback,False
4060,333,12.5858135556,4.28465938426,0.03156976644,-0.011145412645999997,0.030412208340000007,-0.012395989997000001,0.030766664224491102,-0.0133201360993845,0.9429605928756968,-0.3329034738502311,-1,-1,instant_velocity,dbscan_kmeans_fallback,False
4060,334,4.93730100671,11.983824523,0.014059069323000006,0.0009307732199999918,0.013343487950400003,-4.295876400000509e-05,0.013687626460070986,0.0001005863122852521,0.9978149538580849,0.06605980923980914,-1,-1,instant_velocity,dbscan_kmeans_fallback,False
4060,335,1.85609180179,8.30798628782,-0.03662092907499999,-0.010620361087999974,-0.034339487286399996,-0.01153204152219999,-0.03595223177497456,-0.009834736236206973,-0.9604268407312363,-0.2785314328394814,3,3,instant_velocity,dbscan_kmeans_fallback,False
4060,336,1.83104645374,7.70871153074,-0.02902313861799999,-0.013985464264000047,-0.030588999033000004,-0.013684752915600012,-0.03178043564602283,-0.012065242744288955,-0.9008635150886496,-0.4341017235537699,3,3,instant_velocity,dbscan_kmeans_fallback,False
4060,360,4.72199519956,7.76956977967,-0.045544649722999965,0.0009307732189999917,-0.029646115341799995,0.0008639484750000115,-0.033482310891413264,0.0003091071056362155,-0.999791020656813,0.020432228862967597,4,4,instant_velocity,dbscan_kmeans_fallback,False
4060,361,4.63338938841,8.43018010528,-0.04615499853999996,-0.0009307732190000806,-0.05100832396879999,0.0029927938883999874,-0.0485677520864953,0.0015928525642446441,-0.9997965066152038,-0.02016214586164018,4,4,instant_velocity,dbscan_kmeans_fallback,False
4060,362,13.9121646765,10.1022306621,-0.007703023010000009,-0.00933159817,-0.006566511420000012,-0.00828149504999999,-0.006459856874926194,-0.009331740740962186,-0.6366014498009501,-0.7711918965151691,5,5,instant_velocity,dbscan_kmeans_fallback,False
4060,363,14.3594030344,9.81369096422,-0.008818488100000011,-0.013913866323000157,-0.005716232378000008,-0.012453268349600002,-0.005903271209531914,-0.012942790374539439,-0.5353278369694633,-0.8446436484473936,5,5,instant_velocity,dbscan_kmeans_fallback,False
4060,364,13.3973670183,10.5189306724,-0.02039406911999997,-0.01491623747999995,-0.017140278527999975,-0.02405213461399999,-0.015943965358637444,-0.020204574489663094,-0.8071479118425701,-0.5903485892730885,5,5,instant_velocity,dbscan_kmeans_fallback,False
4060,432,6.53915095607,8.70225227695,-0.010923139188999986,-0.0035321650360000236,-0.022103045812799992,-0.0043340619628,-0.019264676314688936,-0.003710574671670815,-0.9514893899046623,-0.3076787265084667,0,0,instant_velocity,dbscan_kmeans_fallback,False
4070,142,6.66269397542,9.4134584801,-0.014543139074999979,0.0005727835199998311,-0.018045278499199995,0.00020524742779997495,-0.017477333314683936,-3.3971374574444694e-05,-0.9992246201163524,0.03935459822182435,0,0,instant_velocity,dbscan_kmeans_fallback,False
4070,168,14.3074181523,11.7482673007,0.029465115340000025,0.011598866269999952,0.019362790083999996,0.015398330278000003,0.021894719293700453,0.015444651993818148,0.9305007214852598,0.36628919683862304,-1,-1,instant_velocity,dbscan_kmeans_fallback,False
4070,169,7.30019279247,9.98051416422,0.013532906548999968,-0.004558402177999988,0.0042976975386000045,0.004921165070200005,0.006531328518185185,0.004314586037967114,0.9476814261146564,-0.31921546647866345,-1,-1,instant_velocity,dbscan_kmeans_fallback,False
4070,171,8.14499974251,7.0786496595,0.03607371979000007,-0.002052474278000016,0.03340502219980001,-0.0002529793877999964,0.03404604481235796,-0.00034156532870008245,0.9983850278550342,-0.05680477647278369,1,1,instant_velocity,dbscan_kmeans_fallback,False
4070,172,8.3765113631,6.37221665235,0.03697871976200009,0.003866288754999925,0.03587167328460002,0.002520247485000002,0.03606977736354808,0.002851000904437325,0.9945783269993222,0.10398756437197255,1,1,instant_velocity,dbscan_kmeans_fallback,False
4070,173,3.10688594829,6.05599241773,-0.03224325479500001,0.0015035567380000004,-0.04562041716240001,0.005608505293199997,-0.04353571857727358,0.004241504695087154,-0.9989142043038973,0.04658103507583665,-1,-1,instant_velocity,dbscan_kmeans_fallback,False
4070,174,8.80438693096,4.11282432846,0.05484720756799995,-0.009403196108999978,0.053942207597,-0.009250453836999987,0.05361209909769895,-0.008843020569486075,0.9856196305768951,-0.16897805897782775,-1,-1,instant_velocity,dbscan_kmeans_fallback,False
4070,175,11.8853856708,12.8714003181,-0.0043145347399999425,0.04224278453999997,-0.01272892983000002,0.04311150622,-0.01406766860463052,0.04335976506405438,-0.10160797784683655,0.9948242798779883,-1,-1,instant_velocity,dbscan_kmeans_fallback,False
4070,176,10.973861281,5.70158261515,-0.04137744054999999,0.0057755671530000715,-0.047699812446,-0.0034653402919999896,-0.04382501142029932,-0.0018615130732331578,-0.9903982007338791,0.13824227019640933,2,2,instant_velocity,dbscan_kmeans_fallback,False
4070,177,11.2382054587,5.02569806237,-0.045271045079999975,-0.002887783576000036,-0.04866374264800001,-0.004973670226000006,-0.04364054271372983,-0.0035697150525442235,-0.9979714652324309,-0.06365935669305088,2,2,instant_velocity,dbscan_kmeans_fallback,False
4070,178,2.04845691199,4.67773207438,0.040809184756999975,0.004343608353999962,0.036625138377119996,0.013689526111399992,0.031210505027442832,0.009735890733245989,0.9943830157838413,0.10583917321929587,-1,-1,instant_velocity,dbscan_kmeans_fallback,False
4070,179,14.126207693,7.51014657738,-0.0432295335100001,0.009045206408999995,-0.0432295335100001,0.009045206408999995,-0.012968860053000032,0.002713561922699999,-0.9788032751955587,0.20480160064417577,-1,-1,instant_velocity,dbscan_kmeans_fallback,False
4070,282,1.23627205394,3.9152140143,-0.033021975699999984,-0.007350721831000007,-0.027023720076000003,-0.0026873093448000064,-0.029205470414023202,-0.0033448920627095905,-0.9761084313627068,-0.21728262478980093,-1,-1,instant_velocity,dbscan_kmeans_fallback,False
4070,286,7.5893718531,7.99987648639,-0.04714418455600002,-0.016228866381000007,-0.04643702178779998,-0.007174113579399997,-0.0457601459475462,-0.007610765429773535,-0.9455441789450187,-0.3254931712564345,-1,-1,instant_velocity,dbscan_kmeans_fallback,False
4070,287,12.9751740084,5.39967796852,-0.0376522081100001,-0.029713145064000024,-0.03267681291999999,-0.03078711416300001,-0.02749333613665831,-0.02491264424090371,-0.7850071273197893,-0.6194863945876234,-1,-1,instant_velocity,dbscan_kmeans_fallback,False
4070,333,12.90151122,4.17344391759,0.03156976644,-0.011121546667000003,0.03026067346199998,-0.010882886867000003,0.031007594889143772,-0.01266055926966915,0.9431842087650713,-0.33226939493817215,-1,-1,instant_velocity,dbscan_kmeans_fallback,False
4070,334,5.06231728182,12.013656998,0.012501627511000013,0.002983247500000097,0.013566580966400003,0.000940319611999989,0.013331826775349694,0.0009653846685997057,0.9726884094219623,0.23211140014641388,-1,-1,instant_velocity,dbscan_kmeans_fallback,False
4070,335,1.48356855775,8.20464659455,-0.03725232440400002,-0.01033396932699997,-0.035198184933799996,-0.011613185854,-0.0363422595636822,-0.009984506163444873,-0.9636103143950447,-0.2673100159911081,3,3,instant_velocity,dbscan_kmeans_fallback,False
4070,336,1.47683367424,7.62732853904,-0.03542127795000001,-0.008138299169999997,-0.031123580411400002,-0.012658515776800012,-0.03287268833721598,-0.010887159672002268,-0.9746065508135127,-0.22392302431206232,3,3,instant_velocity,dbscan_kmeans_fallback,False
4070,360,4.24381847049,7.79104916165,-0.04781767290700003,0.0021479381979999878,-0.037702719738399997,0.000725525791199999,-0.03778291949608929,0.0008607564333453473,-0.9989924420189734,0.044874078876634776,4,4,instant_velocity,dbscan_kmeans_fallback,False
4070,361,4.22193009909,8.41705381629,-0.041145928932000066,-0.001312628898999968,-0.049013114729599995,0.0014462783861999996,-0.04634120514014673,0.0007212081252712603,-0.9994912831000639,-0.03188556381030839,4,4,instant_velocity,dbscan_kmeans_fallback,False
4070,362,13.8353449115,10.0091533402,-0.007681976499999976,-0.009307732190000095,-0.007130557913999986,-0.008797000218000015,-0.006826492762448328,-0.00932453817567356,-0.6365351300977193,-0.7712466343103833,5,5,instant_velocity,dbscan_kmeans_fallback,False
4070,363,14.2611158282,9.67049508439,-0.00982872062000002,-0.014319587982999949,-0.006612813744000015,-0.013011732280200014,-0.007080906032672345,-0.013355829657077593,-0.5659029331087685,-0.8244711752208426,5,5,instant_velocity,dbscan_kmeans_fallback,False
4070,364,13.1936367922,10.3697682975,-0.020373022610000114,-0.014916237489999951,-0.018895557541999997,-0.022491299526000007,-0.017272682534046242,-0.01861807338976415,-0.8068573186471729,-0.5907456942387269,5,5,instant_velocity,dbscan_kmeans_fallback,False
4070,432,6.43013002928,8.66693062659,-0.010902092679000042,-0.0035321650360000236,-0.020377231913999996,-0.0029975670844000035,-0.016755901223982267,-0.0036570517809695778,-0.9513153802552977,-0.3082163235338624,0,0,instant_velocity,dbscan_kmeans_fallback,False
4080,142,6.51747304977,9.41918631529,-0.014522092564999945,0.0005727835190000973,-0.016946650627199987,0.00031980413159999444,-0.01659076108977874,0.00014805509349791795,-0.9992223746302822,0.03941154523307287,0,0,instant_velocity,dbscan_kmeans_fallback,False
4080,168,14.6020693058,11.8640173036,0.029465115350000026,0.011575000290000049,0.022364022548000014,0.013942505500000025,0.024165838110590324,0.014283756482672718,0.93075744257041,0.36563636489114204,-1,-1,instant_velocity,dbscan_kmeans_fallback,False
4080,169,7.43552185796,9.93516880227,0.013532906549000056,-0.004534536194999994,0.007378906743400009,0.0017660825178000294,0.008631801927429647,0.0016598493680769816,0.9481860939520639,-0.3177132825866587,-1,-1,instant_velocity,dbscan_kmeans_fallback,False
4080,171,8.47606135995,7.05120378253,0.03310616174399996,-0.0027445876969999896,0.03402799892420001,-0.001207618586599999,0.03376407989185057,-0.0010624720391900547,0.996580890080363,-0.08261917135336842,1,1,instant_velocity,dbscan_kmeans_fallback,False
4080,172,8.68126484183,6.36410221916,0.030475347872999946,-0.0008114433189999381,0.03542127795000001,0.002620484600800008,0.03439144851638364,0.001752267637406146,0.999645382671527,-0.026616777945186364,1,1,instant_velocity,dbscan_kmeans_fallback,False
4080,173,2.78466386546,6.07078932531,-0.03222220828299997,0.0014796907580000075,-0.0429980218964,0.006271979536399996,-0.04014166548899149,0.0034129605139610096,-0.9989469648759681,0.045873100275345566,-1,-1,instant_velocity,dbscan_kmeans_fallback,False
4080,174,9.35285900665,4.01879236737,0.05484720756900004,-0.009403196109000067,0.0542663238658,-0.009302958993000009,0.05398263163908928,-0.009011073231340273,0.9856196305774079,-0.1689780589748361,-1,-1,instant_velocity,dbscan_kmeans_fallback,False
4080,175,11.8769670664,13.2914415656,-0.0008418604399999197,0.04200412475000004,-0.008477534616,0.042553042288,-0.010099926155241338,0.04295307296983808,-0.02003829885910009,0.9997989750599325,-1,-1,instant_velocity,dbscan_kmeans_fallback,False
4080,176,10.5602973406,5.75909962689,-0.04135639403999995,0.00575170117399999,-0.04648753341399999,-0.0010310103345999976,-0.04308442620620951,0.0004224512009367871,-0.9904667033739809,0.13775060985960255,2,2,instant_velocity,dbscan_kmeans_fallback,False
4080,177,10.7852845428,4.9965815668,-0.04529209159000001,-0.002911649557000029,-0.04761562640000001,-0.004462938254599997,-0.044136007376610886,-0.003372295403880965,-0.9979398148731163,-0.06415360646602454,2,2,instant_velocity,dbscan_kmeans_fallback,False
4080,178,2.45675922466,4.72116815793,0.04083023126700001,0.004343608355000051,0.037702719738339996,0.011293381722400006,0.03409642289930998,0.008118206019772208,0.9943887562346689,0.10578522765287221,-1,-1,instant_velocity,dbscan_kmeans_fallback,False
4080,179,13.6939123578,7.60035998167,-0.04322953351999992,0.009021340429000001,-0.04322953351999992,0.009021340429000001,-0.0220470620931,0.00460589547459,-0.9789114738137957,0.2042838063714639,-1,-1,instant_velocity,dbscan_kmeans_fallback,False
4080,282,0.887320902181,3.827387208,-0.03489511517590001,-0.008782680629999984,-0.028896859551579997,-0.004138360927200004,-0.030912363842586242,-0.004976228632896708,-0.9697558503519708,-0.24407587938261466,-1,-1,instant_velocity,dbscan_kmeans_fallback,False
4080,286,7.11793000754,7.83758782259,-0.04714418455600002,-0.016228866380000005,-0.0456667194864,-0.009317278580800004,-0.046175357530082346,-0.010196195714841476,-0.9455441789511914,-0.3254931712385029,-1,-1,instant_velocity,dbscan_kmeans_fallback,False
4080,287,12.5367751851,5.09132950729,-0.04383988233,-0.03083484612299996,-0.034604673324,-0.03019046466359999,-0.032397299994660816,-0.026689304805532586,-0.8179418353056549,-0.5753006004752669,-1,-1,instant_velocity,dbscan_kmeans_fallback,False
4080,333,13.241201907,4.04480628554,0.03396906870000009,-0.012863763205000022,0.03128774319800001,-0.011331567290399995,0.03189603703240067,-0.012721520450268413,0.9351893550853844,-0.35414731330726873,-1,-1,instant_velocity,dbscan_kmeans_fallback,False
4080,334,5.18733355694,12.0434894729,0.012501627511999925,0.0029832474899999183,0.013507650735799999,0.0016610722059999716,0.013082766996344763,0.0015707435150197695,0.9726884096018189,0.23211139939270461,-1,-1,instant_velocity,dbscan_kmeans_fallback,False
4080,335,1.09673368626,8.10798937567,-0.03868348714900001,-0.009665721888000078,-0.036389417454200004,-0.0108972064548,-0.03704462783927754,-0.009888870880811433,-0.9701726393955299,-0.24241400160291887,3,3,instant_velocity,dbscan_kmeans_fallback,False
4080,336,1.12262089474,7.54570688754,-0.03542127794999998,-0.008162165149999989,-0.031662371092200006,-0.011641825029999992,-0.033637265221051184,-0.010069661315401584,-0.9744630636728782,-0.22454662616917212,3,3,instant_velocity,dbscan_kmeans_fallback,False
4080,360,3.80373592626,7.76073936708,-0.04400825442300001,-0.003030979456999994,-0.044311324180600006,-0.0003723092875999967,-0.03965051997416251,-0.00030676433375825525,-0.9976364349557852,-0.06871019038476929,3,3,instant_velocity,dbscan_kmeans_fallback,False
4080,361,3.88518592369,8.39796103232,-0.03367441753999998,-0.0019092783970000582,-0.044584928823,2.3865979999975196e-05,-0.0425411688601027,-6.793783141013541e-05,-0.9983962267999595,-0.05660725520229843,3,3,instant_velocity,dbscan_kmeans_fallback,False
4080,362,13.7223251476,9.9103481831,-0.011301976390000057,-0.009880515709999926,-0.008418604384000012,-0.009427062088000007,-0.008169137850713847,-0.00949133143597147,-0.7528637758172236,-0.658175358695109,4,4,instant_velocity,dbscan_kmeans_fallback,False
4080,363,14.162828622,9.52729920456,-0.00982872062000002,-0.014319587982999949,-0.007618836970000018,-0.013417453940800001,-0.007905250408870648,-0.013644957154854299,-0.5659029331087685,-0.8244711752208426,4,4,instant_velocity,dbscan_kmeans_fallback,False
4080,364,12.943604242,10.2289590157,-0.025003255020000024,-0.014080928180000108,-0.020495092374000025,-0.018877990158000024,-0.01959185427983238,-0.017256929826834938,-0.8713279767845294,-0.4907003769114758,4,4,instant_velocity,dbscan_kmeans_fallback,False
4080,432,6.35267886894,8.67504505978,-0.007745116033999988,0.0008114433190000269,-0.015936418100799994,-0.0022577217054000087,-0.014052665666987582,-0.0023165032509786963,-0.9945552866540788,0.10419795380584096,0,0,instant_velocity,dbscan_kmeans_fallback,False
4090,142,6.37204165902,9.42467549068,-0.014543139075000067,0.0005489175390000156,-0.015848022754800014,0.00042958763939999757,-0.015976474485345137,0.0002683138271485473,-0.9992877654050318,0.03771720658863001,0,0,instant_velocity,dbscan_kmeans_fallback,False
4090,168,14.8967204593,11.9800059662,0.029465115350000026,0.011598866259999951,0.025453650358000034,0.012921041556000006,0.025755621282413238,0.013478289415870889,0.9305007216352638,0.3662891964575614,-1,-1,instant_velocity,dbscan_kmeans_fallback,False
4090,169,7.57064045834,9.88958478053,0.013511860037999934,-0.004558402173999987,0.010451697344,-0.0013890000341999808,0.010095819360600732,-0.0002056260945461092,0.9475309273709521,-0.3196619138381274,-1,-1,instant_velocity,dbscan_kmeans_fallback,False
4090,171,8.7374590261,7.00800635879,0.02613976661499997,-0.004319742373999969,0.0332534873208,-0.0024772887209999974,0.031476785908795386,-0.002039653139633029,0.9866183837597716,-0.16304419630314487,1,1,instant_velocity,dbscan_kmeans_fallback,False
4090,172,8.98622878568,6.35574912617,0.03049639438499998,-0.00083530929900002,0.034377371006199996,0.001990422729599999,0.03322293227696854,0.000975994556484296,0.9996247654995526,-0.027380150308627744,1,1,instant_velocity,dbscan_kmeans_fallback,False
4090,173,2.46244178262,6.08582489269,-0.03222220828400002,0.0015035567380000004,-0.03941590573059999,0.005078680537799993,-0.03776582832749405,0.002840139381172707,-0.9989127879418723,0.04661139422061737,-1,-1,instant_velocity,dbscan_kmeans_fallback,False
4090,174,9.92700782571,3.98561865521,0.05741488190599995,-0.0033173712159999535,0.0551039750022,-0.008143072366400004,0.055012306719162476,-0.0073029626267381775,0.9983347910200254,-0.05768272945476646,-1,-1,instant_velocity,dbscan_kmeans_fallback,False
4090,175,11.868548462,13.7114828131,-0.0008418604400000973,0.04200412475000004,-0.006162418410000008,0.04238598042799999,-0.007322506440668964,0.04266838850388667,-0.020038298859104315,0.9997989750599325,-1,-1,instant_velocity,dbscan_kmeans_fallback,False
4090,176,10.1418927026,5.80778622603,-0.04184046380000002,0.004868659913999984,-0.044753300912,0.0012171649785999961,-0.04271123748434666,0.0017563138148557465,-0.9932976363807375,0.11558257116924758,2,2,instant_velocity,dbscan_kmeans_fallback,False
4090,177,10.3285752549,5.05362125893,-0.0456709287899999,0.0057039692130000045,-0.046529626435999984,-0.0019617835536000073,-0.044596483800627584,-0.0006494160188166736,-0.9922907502964627,0.12392994931329294,2,2,instant_velocity,dbscan_kmeans_fallback,False
4090,178,2.86485107222,4.76460424148,0.04080918475600002,0.004343608354999961,0.038776091797359996,0.008897237333400003,0.036110251456316994,0.006985826720340533,0.994383015781004,0.1058391732459539,-1,-1,instant_velocity,dbscan_kmeans_fallback,False
4090,179,13.2616170226,7.69057338597,-0.0432295335200001,0.009021340430000002,-0.0432295335200001,0.009021340430000002,-0.02840180352117003,0.005930528961213001,-0.9789114738092676,0.2042838063931626,-1,-1,instant_velocity,dbscan_kmeans_fallback,False
4090,180,14.6841506986,7.51396513418,0.0,0.0,0.0,0.0,0.0,0.0,0.0,0.0,-1,-1,instant_velocity,dbscan_kmeans_fallback,False
4090,282,0.538369750422,3.73932174191,-0.03489511517590001,-0.00880654660900002,-0.030769999027160003,-0.005594185705199992,-0.032107189242580374,-0.006125324025727703,-0.9695986880047442,-0.24469946566722625,-1,-1,instant_velocity,dbscan_kmeans_fallback,False
4090,286,6.62312653481,7.71062080914,-0.04948034727300001,-0.012696701344999983,-0.0462391845846,-0.01086856727899999,-0.047166854452957645,-0.010946347403889028,-0.9686192343129348,-0.2485485614569383,-1,-1,instant_velocity,dbscan_kmeans_fallback,False
4090,287,12.070174037,4.81376816022,-0.046660114810000056,-0.02775613470699998,-0.03709658022400003,-0.02898284607719999,-0.03667614443926259,-0.027009353775972803,-0.8594363311050605,-0.5112424321152644,-1,-1,instant_velocity,dbscan_kmeans_fallback,False
4090,333,13.5966774771,3.90495164291,0.03554755700999994,-0.013985464263000003,0.032626301294000015,-0.012009361121599999,0.03299149302568045,-0.01310070359408789,0.9305698090364378,-0.36611378961554863,-1,-1,instant_velocity,dbscan_kmeans_fallback,False
4090,334,5.31234983206,12.0733219479,0.012501627512000013,0.002983247500000097,0.013158278653799992,0.002119299022000014,0.012908425151041337,0.0019944947105138677,0.9726884094261543,0.23211140012884768,-1,-1,instant_velocity,dbscan_kmeans_fallback,False
4090,335,0.709898814767,8.01133215678,-0.03868348714929999,-0.00966572188899999,-0.03757644067246,-0.010176453859799999,-0.037536285632284276,-0.009821926183268,-0.9701726393900741,-0.24241400162475335,3,3,instant_velocity,dbscan_kmeans_fallback,False
4090,336,0.768408115243,7.46432389584,-0.0354212779497,-0.008138299169999997,-0.032866231519140005,-0.010481938403399997,-0.034172469039645825,-0.009490252671781108,-0.9746065508130987,-0.2239230243138638,3,3,instant_velocity,dbscan_kmeans_fallback,False
4090,360,3.42111035696,7.65238781801,-0.038262556930000004,-0.010835154906999999,-0.043545231181599996,-0.0023484124291999996,-0.03923413106091376,-0.0034652815057307786,-0.962165406199569,-0.27246509535161134,3,3,instant_velocity,dbscan_kmeans_fallback,False
4090,361,3.54844174829,8.37886824834,-0.03367441753999998,-0.0019092783979999695,-0.0401567429164,-0.001393773230400015,-0.039881143464071886,-0.0006203400013870857,-0.9983962267982841,-0.05660725523184931,3,3,instant_velocity,dbscan_kmeans_fallback,False
4090,362,13.6053065466,9.81082704662,-0.011701860099999984,-0.009952113647999994,-0.009218371802000008,-0.009555938379599987,-0.009228954525499688,-0.009629566099580027,-0.761761067490201,-0.6478570630223381,4,4,instant_velocity,dbscan_kmeans_fallback,False
4090,363,14.0365495563,9.40319610871,-0.012627906569999858,-0.012410309584999979,-0.009180488079999983,-0.013446093115799975,-0.009322047257209412,-0.013274562883898004,-0.7132246235368244,-0.7009347378895877,4,4,instant_velocity,dbscan_kmeans_fallback,False
4090,364,12.6630542508,10.0936389093,-0.028054999119999913,-0.013532010640000003,-0.022709185329999996,-0.015159670478000003,-0.02213079773188264,-0.01613945407078446,-0.9006993889494842,-0.4344421349853872,4,4,instant_velocity,dbscan_kmeans_fallback,False
4090,432,6.27859515035,8.68793268897,-0.007408371858999984,0.0012887629189998861,-0.011192534529799989,-0.0015847010700000296,-0.012059377524591302,-0.0012349233999851214,-0.9852025770312366,0.17138617946647935,0,0,instant_velocity,dbscan_kmeans_fallback,False
4100,142,6.32258235826,9.43780177967,-0.004945930075999971,0.001312628898999968,-0.012834162384999992,0.0006921134191999912,-0.012667311162541587,0.0005816083487039735,-0.9665381901565216,0.25651514293397465,0,0,instant_velocity,dbscan_kmeans_fallback,False
4100,169,7.64703929313,9.86285488296,0.007639883478999998,-0.0026729897570000106,0.012350092632800003,-0.004171773298799977,0.009359038596120512,-0.0009458351932822797,0.9438945306025701,-0.3302433105065167,0,0,instant_velocity,dbscan_kmeans_fallback,False
4100,171,8.99906715737,6.96457027524,0.026160813127000006,-0.004343608355000051,0.031515045515400006,-0.0030978042002000094,0.02988199407425677,-0.0027308397042431357,0.9864944282898686,-0.16379251746034118,1,1,instant_velocity,dbscan_kmeans_fallback,False
4100,172,9.28361598558,6.3316444864,0.02973871998999993,-0.002410463976999999,0.03293358035419999,0.0007350721831999962,0.03217766859087796,-3.994300356099261e-05,0.9967308292316733,-0.08078975017876322,1,1,instant_velocity,dbscan_kmeans_fallback,False
4100,173,2.11748946794,6.03284241716,-0.034495231468,-0.005298247552999946,-0.0358758825868,0.0017278969500000051,-0.036784649269645836,0.00039862330092091066,-0.9884088971756454,-0.15181330282367475,2,2,instant_velocity,dbscan_kmeans_fallback,False
4100,174,10.5036822261,3.95912741745,0.05766744003900008,-0.0026491237760000175,0.05592478893000001,-0.006835216663799999,0.05580884671511376,-0.005906810971516729,0.9989463465650863,-0.04588954383694208,-1,-1,instant_velocity,dbscan_kmeans_fallback,False
4100,176,9.71296480922,5.83523210299,-0.04289278933799991,0.002744587695999989,-0.04322953351759999,0.0030405258482000086,-0.04276570304044264,0.0020527959791990192,-0.9979588546410227,0.0638565510855096,3,3,instant_velocity,dbscan_kmeans_fallback,False
4100,177,9.869971781,5.14741456022,-0.04586034739000002,0.009379330128999986,-0.04547730088799998,0.0012792165263999955,-0.04497564287743931,0.002359207825528325,-0.979719736787149,0.2003716798540291,3,3,instant_velocity,dbscan_kmeans_fallback,False
4100,178,3.3891196603,4.71329238454,0.052426858808,-0.005131185693999995,0.04217299866679999,0.004606134134399991,0.04100523366182189,0.0033507229960383746,0.9952443648538473,-0.09740777462320346,-1,-1,instant_velocity,dbscan_kmeans_fallback,False
4100,179,12.8078542463,7.80703936823,-0.04537627762999996,0.011646598226000027,-0.04537627762999996,0.011646598226000027,-0.03349414575381901,0.007645349740649109,-0.9686037734118618,0.24860873518759655,-1,-1,instant_velocity,dbscan_kmeans_fallback,False
4100,180,14.5364041916,7.79128782145,-0.014774650699999902,0.027732268726999985,-0.014774650699999902,0.027732268726999985,-0.004432395209999971,0.008319680618099998,-0.47019427076703846,0.8825625820587008,-1,-1,instant_velocity,dbscan_kmeans_fallback,False
4100,282,0.189418598663,3.65149493562,-0.03489511517589999,-0.008782680628999983,-0.032643138502940004,-0.007050010483399989,-0.03294356702257626,-0.006922531006709387,-0.9697558503585486,-0.2440758793564797,-1,-1,instant_velocity,dbscan_kmeans_fallback,False
4100,286,6.10517190002,7.61873678625,-0.05179546347899997,-0.009188402288999952,-0.04785555662659999,-0.011785020909800003,-0.04855543716077034,-0.010418963869422305,-0.9846267258719098,-0.17467063434001462,-1,-1,instant_velocity,dbscan_kmeans_fallback,False
4100,287,11.4913949856,4.65863929041,-0.05787790513999998,-0.01551288698100004,-0.042880161434,-0.0263623614762,-0.04303667264948381,-0.023560413737480974,-0.9659066831103742,-0.2588898332280563,-1,-1,instant_velocity,dbscan_kmeans_fallback,False
4100,288,14.8790413901,8.39414247552,0.0,0.0,0.0,0.0,0.0,0.0,0.0,0.0,-1,-1,instant_velocity,dbscan_kmeans_fallback,False
4100,333,13.9523635124,3.76509700028,0.03556860352999998,-0.013985464263000003,0.033644952424,-0.012620330208800006,0.03376462617697631,-0.013366131794761524,0.9306436026408725,-0.36592616955978385,-1,-1,instant_velocity,dbscan_kmeans_fallback,False
4100,335,0.323063943275,7.9144362781,-0.0386834871492,-0.009689587867999982,-0.037984742985299996,-0.009995072411999999,-0.03788044608735899,-0.009782224688687594,-0.9700317265069007,-0.24297725829329023,2,2,instant_velocity,dbscan_kmeans_fallback,False
4100,336,0.414195335743,7.38270224434,-0.03542127795,-0.008162165149999989,-0.03414165008354,-0.009317278580800004,-0.03454711171275208,-0.009091826415246772,-0.9744630636728782,-0.224546626169172,2,2,instant_velocity,dbscan_kmeans_fallback,False
4100,360,3.05174408957,7.54666152674,-0.03693662673899998,-0.010572629126999989,-0.04251395214439999,-0.0042720104148000005,-0.038544879764339623,-0.005597485792111542,-0.9613908413270368,-0.2751856276229204,2,2,instant_velocity,dbscan_kmeans_fallback,False
4100,361,3.20622548004,8.31562340142,-0.034221626825000004,-0.006324484691999999,-0.0377742778754,-0.002477288721000015,-0.03818328847235032,-0.00233158340857096,-0.983347786908867,-0.18173209757152467,2,2,instant_velocity,dbscan_kmeans_fallback,False
4100,362,13.4884984108,9.71154456994,-0.011680813579999949,-0.00992824766800009,-0.010013929915999996,-0.009680041477200021,-0.009964512241849768,-0.009719170570106047,-0.7619531086867205,-0.6476311878991896,4,4,instant_velocity,dbscan_kmeans_fallback,False
4100,363,13.9033251419,9.28386620885,-0.013322441440000077,-0.011932989986000031,-0.010885255469999997,-0.013379268372000012,-0.010522165512046612,-0.012872091014528613,-0.7448820768314727,-0.6671953037746524,4,4,instant_velocity,dbscan_kmeans_fallback,False
4100,364,12.3822937946,9.95855746264,-0.028076045619999945,-0.013508144665999922,-0.024380278297999994,-0.014190711691199986,-0.02391437209831783,-0.015350061249349099,-0.9011261860558207,-0.43355617270017854,4,4,instant_velocity,dbscan_kmeans_fallback,False
4100,432,6.20472189687,8.70082031815,-0.00738732534800004,0.0012887629180001526,-0.008873209021800008,-0.0007350721831999962,-0.010657761871613923,-0.00047781750458953905,-0.9851200200632728,0.1718600564926825,0,0,instant_velocity,dbscan_kmeans_fallback,False
4110,142,6.33668352061,9.45570126465,0.0014101162350000252,0.0017899484979999158,-0.009428836911199986,0.0009594123949999656,-0.008444082943279103,0.0009441103934927563,0.6188299185450247,0.7855194172819784,0,0,instant_velocity,dbscan_kmeans_fallback,False
4110,169,7.70849510514,9.84089818138,0.006145581201000017,-0.0021956701580000625,0.010872627563199995,-0.0037040000924000085,0.008395001377584364,-0.0013207856826976147,0.9417006763442255,-0.3364472789784371,0,0,instant_velocity,dbscan_kmeans_fallback,False
4110,171,9.26046482352,6.92113419169,0.02613976661499997,-0.004343608354999961,0.029524045578199997,-0.003560804211799997,0.028759325836479728,-0.0032146702994701832,0.986473111187615,-0.16392085326724085,-1,-1,instant_velocity,dbscan_kmeans_fallback,False
4110,172,9.51512760617,6.1645826266,0.02315116205900001,-0.016706185980000045,0.030168068813799992,-0.003379422764000015,0.02946971663131457,-0.005039815896492709,0.8109132590354733,-0.5851657763256023,-1,-1,instant_velocity,dbscan_kmeans_fallback,False
4110,173,1.77253715327,5.97985994162,-0.034495231466999995,-0.005298247554000035,-0.0331356268594,-0.0012219381745999947,-0.03609782392885208,-0.0013104379555553731,-0.9884088971706851,-0.15181330285596994,1,1,instant_velocity,dbscan_kmeans_fallback,False
4110,174,11.0889856959,3.92810164348,0.058530346979999946,-0.003102577397000017,0.056661416812399994,-0.005575092921400007,0.056625296794579616,-0.005065540899161716,0.99859785870761,-0.05293368833397697,-1,-1,instant_velocity,dbscan_kmeans_fallback,False
4110,176,9.2840369158,5.86267797996,-0.042892789342000096,0.0027445876969999896,-0.04207197541399999,0.004377020726800005,-0.04280382893090987,0.0022603334945393103,-0.9979588546399196,0.06385655110275011,2,2,instant_velocity,dbscan_kmeans_fallback,False
4110,177,9.41157877223,5.24120786151,-0.045839300877000076,0.009379330129000074,-0.0455867427454,0.0037326392675999997,-0.04523474027730755,0.00446524451656985,-0.9797016730841925,0.20045998180571975,2,2,instant_velocity,dbscan_kmeans_fallback,False
4110,178,3.9422219684,4.63811454763,0.05531023081000001,-0.007517783691000002,0.0460371380796,7.637113579999521e-05,0.04529673280627533,9.017098992686106e-05,0.9908887059682828,-0.13468189960938715,-1,-1,instant_velocity,dbscan_kmeans_fallback,False
4110,179,12.3486193771,7.92994916508,-0.045923486919999944,0.012290979685000014,-0.04419767302,0.010205093035800007,-0.03722294810367329,0.00903903872395438,-0.9660001601977075,0.2585406540531221,-1,-1,instant_velocity,dbscan_kmeans_fallback,False
4110,180,14.3884472195,8.06861050871,-0.014795697210000115,0.027732268725999987,-0.014795697210000115,0.027732268725999987,-0.007541385810000014,0.014143457050469996,-0.4707157371912842,0.8822845677406085,3,3,instant_velocity,dbscan_kmeans_fallback,False
4110,286,5.58700680012,7.52685276336,-0.05181650999,-0.009188402289000041,-0.049476137970800006,-0.012706247736799998,-0.04953375900953924,-0.010049795395295625,-0.9846389254839165,-0.17460185100272052,-1,-1,instant_velocity,dbscan_kmeans_fallback,False
4110,287,10.8980938415,4.52761506036,-0.05933011440999998,-0.01310242300500004,-0.04907204496000002,-0.02338388717600001,-0.047924705177638666,-0.020423016517736692,-0.9764720080245114,-0.21564342878668902,-1,-1,instant_velocity,dbscan_kmeans_fallback,False
4110,288,14.6180646542,8.70917341114,-0.02609767358999999,0.03150309356199994,-0.02609767358999999,0.03150309356199994,-0.007829302076999998,0.009450928068599984,-0.6379468355085798,0.7700800907522034,3,3,instant_velocity,dbscan_kmeans_fallback,False
4110,333,14.3006832688,3.63622070843,0.03483197564000005,-0.012887629185000016,0.03429739426400001,-0.012968773516600009,0.03408483101588343,-0.013222581011833072,0.9378633584871522,-0.34700400905485757,-1,-1,instant_velocity,dbscan_kmeans_fallback,False
4110,360,2.73604642513,7.45310688525,-0.031569766444,-0.009355464148999992,-0.039718975488600004,-0.006329257888399997,-0.036452345768237734,-0.006724879299178078,-0.9587857489526983,-0.2841289851418539,1,1,instant_velocity,dbscan_kmeans_fallback,False
4110,361,2.86358828156,8.2473666987,-0.03426371984800003,-0.00682567027199994,-0.035396022137000015,-0.003656268131599987,-0.03700741788504523,-0.0036798094675996543,-0.9807291368025096,-0.1953708979542625,1,1,instant_velocity,dbscan_kmeans_fallback,False
4110,362,13.3628507403,9.62896827924,-0.012564767049999936,-0.008257629069999873,-0.01098627872399998,-0.009465247657199995,-0.010744588684294818,-0.009280708120074196,-0.8356810480922637,-0.5492138523948739,4,4,instant_velocity,dbscan_kmeans_fallback,False
4110,363,13.7701007275,9.164536309,-0.013322441440000077,-0.011932989984999942,-0.01178604613800001,-0.012983093104399969,-0.011362248290432652,-0.012590360705670012,-0.7448820768592623,-0.667195303743627,4,4,instant_velocity,dbscan_kmeans_fallback,False
4110,364,12.1185810122,9.84233014018,-0.026371278240000073,-0.011622732246000033,-0.025575720122000014,-0.013532010644400003,-0.024651443940822502,-0.01423186254834438,-0.9150667759695897,-0.4033015020171813,4,4,instant_velocity,dbscan_kmeans_fallback,False
4110,432,6.15189515435,8.71275330814,-0.005282674251999975,0.0011932989989999142,-0.007745116034400006,0.00021002062379999131,-0.009045235585729738,2.3517446487296976e-05,-0.9754218587346414,0.22033725194961895,0,0,instant_velocity,dbscan_kmeans_fallback,False
4120,142,6.35099514806,9.47360074963,0.0014311627449999698,0.0017899484980000934,-0.006233976547199998,0.001202845390600018,-0.005481509236795381,0.0011978618248449575,0.6244804976503251,0.7810348143177621,0,0,instant_velocity,dbscan_kmeans_fallback,False
4120,169,7.76995091716,9.81894147981,0.006145581202000016,-0.0021956701569999736,0.009395162493800005,-0.0032314536882000057,0.007720175324909059,-0.0015832510249883223,0.9417006764101243,-0.3364472787939893,0,0,instant_velocity,dbscan_kmeans_fallback,False
4120,171,9.57931946461,6.7476285173,0.03188546410900006,-0.01735056743900003,0.028686394441999993,-0.006620422844,0.029697167318235827,-0.007455439441329138,0.8783755296084154,-0.4779705828066155,1,1,instant_velocity,dbscan_kmeans_fallback,False
4120,172,9.74663922676,5.9975207668,0.02315116205900001,-0.016706185979999955,0.027402557273199974,-0.007493917710999991,0.0275741502596202,-0.008539726921544883,0.810913259035475,-0.5851657763256003,1,1,instant_velocity,dbscan_kmeans_fallback,False
4120,173,1.42758483859,5.92663880628,-0.034495231468,-0.005322113534000028,-0.033586022194,-0.0025870722290000005,-0.035617046190596455,-0.00251394062908877,-0.988306068856449,-0.1524812816424981,2,2,instant_velocity,dbscan_kmeans_fallback,False
4120,174,11.7079635834,3.87893772474,0.06189778874999998,-0.0049163918739999705,0.0580715330488,-0.004677732074400005,0.05820704438120573,-0.0050207961916131924,0.9968603158772659,-0.07917820742008388,-1,-1,instant_velocity,dbscan_kmeans_fallback,False
4120,176,8.89930669541,6.10849757367,-0.038473022038999896,0.02458195937100003,-0.041491091711799974,0.008138299170399996,-0.04150458686333688,0.008956821257477527,-0.8426764675415099,0.5384198482511955,3,3,instant_velocity,dbscan_kmeans_fallback,False
4120,177,9.02242878454,5.48535683661,-0.038914998768999884,0.024414897509999988,-0.04431553348319998,0.009193175484800005,-0.04333881782481525,0.010450140414598894,-0.8470868040331109,0.531454147674726,3,3,instant_velocity,dbscan_kmeans_fallback,False
4120,178,4.4955347416,4.56317537052,0.055331277320000004,-0.007493917711000009,0.04894155659220001,-0.002291134077199999,0.048307096160392735,-0.0021850556203512,0.9909524739317327,-0.13421190789087473,-1,-1,instant_velocity,dbscan_kmeans_fallback,False
4120,179,11.8893845079,8.05285896193,-0.045923486920000124,0.012290979684999925,-0.04473646370200001,0.010854247690999994,-0.03983310974857134,0.010014621012268044,-0.9660001601977082,0.2585406540531194,-1,-1,instant_velocity,dbscan_kmeans_fallback,False
4120,180,14.2404902475,8.34593319598,-0.014795697199999935,0.027732268727000076,-0.014795697199999935,0.027732268727000076,-0.009717679226999992,0.01822010055342902,-0.47071573693041435,0.8822845678797875,4,4,instant_velocity,dbscan_kmeans_fallback,False
4120,181,0.257609294182,4.67200423919,0.0,0.0,0.0,0.0,0.0,0.0,0.0,0.0,-1,-1,instant_velocity,dbscan_kmeans_fallback,False
4120,286,5.13450681442,7.34427801658,-0.045249998570000026,-0.01825747467800003,-0.04909730077360001,-0.013111969396200003,-0.04824863087767747,-0.012512099180106945,-0.9273594637244131,-0.37417110411970894,-1,-1,instant_velocity,dbscan_kmeans_fallback,False
4120,287,10.2467043272,4.4937253688,-0.06513895143,-0.0033889691559999767,-0.054569393624,-0.0181190519944,-0.05308897905334707,-0.015312802309215678,-0.9986491958919164,-0.05195649067484358,-1,-1,instant_velocity,dbscan_kmeans_fallback,False
4120,288,14.3570879182,9.02420434676,-0.026097673599999992,0.03150309356199994,-0.026097673599999992,0.03150309356199994,-0.013309813533899997,0.016066577716619974,-0.6379468356535419,0.7700800906321144,4,4,instant_velocity,dbscan_kmeans_fallback,False
4120,333,14.6458460486,3.51211761258,0.0345162779799999,-0.012410309584999979,0.03488669657199999,-0.013226526100200005,0.034214265105118366,-0.012978899583783144,0.9410221936861656,-0.33834403456734363,-1,-1,instant_velocity,dbscan_kmeans_fallback,False
4120,360,2.42034876069,7.35931358396,-0.031569766444,-0.009379330129000074,-0.036469394195999996,-0.008634711553800009,-0.034987571970966413,-0.007521214548124677,-0.958588103874072,-0.28479508392675823,2,2,instant_velocity,dbscan_kmeans_fallback,False
4120,361,2.52074061798,8.17910999598,-0.03428476635799997,-0.006825670272000118,-0.03402378962219999,-0.004758876406200017,-0.036190622426931655,-0.004623567708919793,-0.9807521106132803,-0.19525553873440352,2,2,instant_velocity,dbscan_kmeans_fallback,False
4120,362,13.2172088845,9.58624817509,-0.0145641855800001,-0.004272010414999983,-0.012362720540000005,-0.008458103302199973,-0.011890467753006402,-0.007778098808551931,-0.9595710309311577,-0.2814642408635216,5,5,instant_velocity,dbscan_kmeans_fallback,False
4120,363,13.5846809659,9.0807667193,-0.018541976159999862,-0.008376958970000103,-0.013528697245999978,-0.0117945673018,-0.013516166651302817,-0.01132634018496904,-0.9113118241767245,-0.411715649622776,5,5,instant_velocity,dbscan_kmeans_fallback,False
4120,364,11.8660228807,9.73899044691,-0.025255813150000073,-0.01033396932699997,-0.026552278230000007,-0.012615557011800007,-0.024832754703575773,-0.013062494581941057,-0.9255203425552367,-0.3786969271064747,5,5,instant_velocity,dbscan_kmeans_fallback,False
4120,432,6.18325445569,8.72062908153,0.00313593013400002,0.0007875773389999452,-0.0049375114717999935,0.001073969098799985,-0.00539088586981081,0.0002527354142410915,0.9698773358785843,0.24358113181982216,0,0,instant_velocity,dbscan_kmeans_fallback,False
4130,142,6.36530677551,9.4917388944,0.0014311627449999698,0.0018138144769999087,-0.0030433254852000147,0.0014510515821999804,-0.003407707642256775,0.0013826476204914428,0.6194293308711986,0.7850469080038622,0,0,instant_velocity,dbscan_kmeans_fallback,False
4130,169,7.83161719428,9.79674611844,0.006166627711999962,-0.0022195361370000556,0.007921906726399985,-0.002768453676600018,0.0072541110410363294,-0.0017741365585918424,0.9409078486164894,-0.3386581887418614,0,0,instant_velocity,dbscan_kmeans_fallback,False
4130,171,9.89817410569,6.57388418311,0.03188546410799997,-0.017374433419000024,0.028442254914799996,-0.009546391988400007,0.03035365635516507,-0.010431137634630404,0.8780994450753008,-0.47847760007651496,1,1,instant_velocity,dbscan_kmeans_fallback,False
4130,172,9.98741131217,5.82329911301,0.02407720854100006,-0.01742216537900001,0.026122929406799996,-0.010816062123000006,0.02652506774403416,-0.01120445845878142,0.8101504640717038,-0.5862214194347204,1,1,instant_velocity,dbscan_kmeans_fallback,False
4130,173,1.07842322172,5.88177076394,-0.034916161687,-0.004486804234000008,-0.0341248128748,-0.0037803712274000036,-0.03540678083951752,-0.0031057997105621415,-0.9918441736178698,-0.1274541765944967,2,2,instant_velocity,dbscan_kmeans_fallback,False
4130,174,12.3271519359,3.829773806,0.06191883525000001,-0.004916391874000015,0.059485858584999995,-0.0037803712273999945,0.05932058164184401,-0.004989474896329239,0.9968624398138416,-0.07915146302104574,-1,-1,instant_velocity,dbscan_kmeans_fallback,False
4130,176,8.53372879999,6.44763314906,-0.03655778954200013,0.03391355753899994,-0.04053137081220001,0.013770670443399986,-0.04002054766693586,0.016443842141934253,-0.7331228532176751,0.6800959351546492,3,3,instant_velocity,dbscan_kmeans_fallback,False
4130,177,8.64085554079,5.7464506575,-0.0381573243750001,0.026109382088999933,-0.0428885800402,0.014997381813999996,-0.041784369789870705,0.015147912916919207,-0.8252895527109223,0.5647094134280285,3,3,instant_velocity,dbscan_kmeans_fallback,False
4130,178,5.06231728182,4.47033670843,0.05667825402200002,-0.009283866209000013,0.05211116114320001,-0.005016628990000011,0.05081844351887492,-0.004314698796945845,0.9868487512701074,-0.16164527177838278,-1,-1,instant_velocity,dbscan_kmeans_fallback,False
4130,179,11.4741368466,8.13543525263,-0.04152476612999987,0.00825762907000005,-0.044395510224,0.010701505419200003,-0.0403406066629999,0.009487523429587644,-0.9807948115238875,0.19504118872071535,-1,-1,instant_velocity,dbscan_kmeans_fallback,False
4130,180,14.0900076941,8.61132289326,-0.015048255339999983,0.026538969727999982,-0.015048255339999983,0.026538969727999982,-0.011316852060899989,0.020715761305800308,-0.49324823906017673,0.8698882221922308,4,4,instant_velocity,dbscan_kmeans_fallback,False
4130,181,0.591827888267,4.77033207667,0.033421859408499996,0.00983278374800003,0.033421859408499996,0.00983278374800003,0.01002655782255,0.0029498351244000094,0.9593432716856675,0.2822408776031462,-1,-1,instant_velocity,dbscan_kmeans_fallback,False
4130,286,4.68937310757,7.15144089841,-0.04451337068500001,-0.019283711816999994,-0.04857113799940001,-0.0137229384836,-0.047128052819874235,-0.014543582971174859,-0.9175961585891796,-0.39751336765388245,-1,-1,instant_velocity,dbscan_kmeans_fallback,False
4130,287,9.60773225441,4.46198361544,-0.06389720727900006,-0.0031741753359999514,-0.05858085861380001,-0.012586917836999998,-0.056331447521042965,-0.01167121421725096,-0.998768256613478,-0.049615088069178984,-1,-1,instant_velocity,dbscan_kmeans_fallback,False
4130,288,14.0921123452,9.3323141482,-0.02649755729999992,0.030810980144000057,-0.02649755729999992,0.030810980144000057,-0.017266136663729975,0.020489898444834002,-0.6520407262878538,0.7581836183343021,4,4,instant_velocity,dbscan_kmeans_fallback,False
4130,333,14.9910088284,3.38801451673,0.03451627798000008,-0.012410309584999979,0.034996138427999986,-0.013135835376199995,0.03430486896758288,-0.012808322584148194,0.941022193686166,-0.338344034567342,-1,-1,instant_velocity,dbscan_kmeans_fallback,False
4130,360,2.10149411961,7.25167801429,-0.031885464108000014,-0.010763556966999932,-0.034044836133,-0.010181227055799998,-0.034056939612076495,-0.008493917273787253,-0.9474720729585788,-0.3198375785714994,2,2,instant_velocity,dbscan_kmeans_fallback,False
4130,361,2.20609527909,8.09056721029,-0.031464533889000015,-0.008854278568999873,-0.033581812892,-0.00614787644059998,-0.03477279586555217,-0.005892780966943817,-0.9626117366947062,-0.2708837989004313,2,2,instant_velocity,dbscan_kmeans_fallback,False
4130,362,13.0715670286,9.54328941114,-0.014564185589999923,-0.0042958763950000645,-0.013015162379999978,-0.0073411754392,-0.012692583104104458,-0.006733432084486371,-0.9591454391800129,-0.28291113334716916,5,5,instant_velocity,dbscan_kmeans_fallback,False
4130,363,13.3862123675,9.00558888239,-0.019846859839999988,-0.007517783690999913,-0.015532325089999972,-0.010434206443399993,-0.01541537460791197,-0.010183773236778302,-0.9351584778422233,-0.35422828648456733,5,5,instant_velocity,dbscan_kmeans_fallback,False
4130,364,11.6134647491,9.63541209383,-0.025255813159999897,-0.010357835307999963,-0.02660278985799998,-0.011870938437399978,-0.02495967224050301,-0.012251096799758728,-0.9252136049662827,-0.3794457174770187,5,5,instant_velocity,dbscan_kmeans_fallback,False
4130,432,6.21440329191,8.72850485492,0.0031148836219999864,0.0007875773390001228,-0.002765511540599999,0.0010691959028000042,-0.0028391550222675705,0.0004131879916688009,0.9694874216349899,0.24512836316983233,0,0,instant_velocity,dbscan_kmeans_fallback,False
4140,142,6.37940793786,9.50963837938,0.0014101162350000252,0.0017899484980000934,0.0001473255768000037,0.0016992577739999958,-0.0019623604790797344,0.001504837883744038,0.6188299185449867,0.7855194172820081,0,0,instant_velocity,dbscan_kmeans_fallback,False
4140,169,7.89307300629,9.77478941686,0.006145581201000017,-0.0021956701580000625,0.006448650959000002,-0.002295907273400033,0.0069215520890254355,-0.0019005966384143085,0.9417006763442255,-0.3364472789784371,0,0,instant_velocity,dbscan_kmeans_fallback,False
4140,171,10.2170287468,6.40037850872,0.03188546411100006,-0.01735056743899994,0.029591394414000015,-0.012152557001400001,0.030813198681915566,-0.012506966575941265,0.8783755296210034,-0.47797058278348237,1,1,instant_velocity,dbscan_kmeans_fallback,False
4140,172,10.3104752554,5.58463931329,0.03230639432300002,-0.023865979971999973,0.026484929394400007,-0.015422196257599996,0.02825946571772392,-0.015002914912746987,0.8043265682955272,-0.5941870695307587,1,1,instant_velocity,dbscan_kmeans_fallback,False
4140,173,0.722737186454,5.84883571158,-0.035568603526600004,-0.003293505236000005,-0.03479409192332,-0.004739783622200004,-0.035455327645642264,-0.0031621113681935004,-0.9957400971109339,-0.09220140512622198,-1,-1,instant_velocity,dbscan_kmeans_fallback,False
4140,174,12.9461298233,3.78060988726,0.06189778873999998,-0.004916391874000015,0.0603824399518,-0.004100175359000007,0.0600937437712908,-0.004967549989630472,0.9968603158762561,-0.07917820743279617,-1,-1,instant_velocity,dbscan_kmeans_fallback,False
4140,176,8.15299741667,6.73927542431,-0.03807313833199988,0.02916422752500001,-0.03977790571859998,0.01862978396559999,-0.03943632486645506,0.02025995775685398,-0.7938596236092413,0.6081007161521969,2,2,instant_velocity,dbscan_kmeans_fallback,False
4140,177,8.25949276214,6.00754447839,-0.03813627786499989,0.026109382089000023,-0.041381649855199994,0.019078464389200002,-0.04068994221240946,0.018436353668543452,-0.8251443068591944,0.56492162299148,2,2,instant_velocity,dbscan_kmeans_fallback,False
4140,178,5.6608800536,4.33620990099,0.05985627717799993,-0.01341268074399995,0.05592057962759999,-0.008567886809799995,0.05352979361661242,-0.007044093381062076,0.9758011810304851,-0.21865893316182566,-1,-1,instant_velocity,dbscan_kmeans_fallback,False
4140,179,11.1026659281,8.17767803718,-0.03714709185,0.004224278454999997,-0.04317902188999998,0.009742093024200003,-0.03938255221909993,0.007908549937211351,-0.9935959295065635,0.11298935310841221,-1,-1,instant_velocity,dbscan_kmeans_fallback,False
4140,180,13.9290018852,8.8289806306,-0.01610058089000006,0.02176577373399997,-0.015102976268,0.0263003099284,-0.01275197070963001,0.021030765034260206,-0.594697386696538,0.8039491772049899,3,3,instant_velocity,dbscan_kmeans_fallback,False
4140,181,0.926046482352,4.86865991415,0.03342185940850001,0.00983278374800003,0.03342185940850001,0.00983278374800003,0.017045148298335006,0.005014719711480016,0.9593432716856675,0.2822408776031461,-1,-1,instant_velocity,dbscan_kmeans_fallback,False
4140,286,4.24886963312,7.00227852359,-0.044050347444999985,-0.01491623748199995,-0.0474851380338,-0.014166845710999994,-0.046204741207411956,-0.014655379324422384,-0.9471707734353568,-0.32072900696666357,4,4,instant_velocity,dbscan_kmeans_fallback,False
4140,287,9.08156948034,4.45195990385,-0.05261627740699985,-0.0010023711590000594,-0.05977209113319997,-0.007236165127400013,-0.055216896486830036,-0.00847056129977569,-0.9998183968909343,-0.01904713093875813,-1,-1,instant_velocity,dbscan_kmeans_fallback,False
4140,288,13.790305378,9.5790883811,-0.0301806967200001,0.02467742329,-0.0301806967200001,0.02467742329,-0.021140504680611013,0.0217461558983838,-0.7741566208662749,0.6329936914018679,3,3,instant_velocity,dbscan_kmeans_fallback,False
4140,360,1.7775883159,7.12304038225,-0.032390580370999976,-0.012863763204000022,-0.0328704408212,-0.010586948715200002,-0.03355703183975354,-0.009804871052851084,-0.9293885131718101,-0.36910217788699434,4,4,instant_velocity,dbscan_kmeans_fallback,False
4140,361,1.93375342724,7.97123731043,-0.02723418518499998,-0.011932989986000031,-0.032293766421,-0.008152618758199993,-0.03251121266138651,-0.007704843672660682,-0.9159341652825495,-0.40132771176763105,4,4,instant_velocity,dbscan_kmeans_fallback,False
4140,362,12.9257147077,9.50056930699,-0.014585232090000132,-0.004272010414999983,-0.013591836778000008,-0.006205154792599999,-0.013260377799873161,-0.005995005583640455,-0.9596806674398605,-0.2810902000790295,5,5,instant_velocity,dbscan_kmeans_fallback,False
4140,363,13.1877437691,8.93064970528,-0.019846859839999988,-0.007493917711000009,-0.016976115743999997,-0.0094509280686,-0.016744820177538377,-0.009376816579044813,-0.9355306214971393,-0.3532442688737334,5,5,instant_velocity,dbscan_kmeans_fallback,False
4140,364,11.3411228973,9.53780023575,-0.027234185180000026,-0.009761185808000051,-0.02643862707,-0.011116773470999987,-0.025642026122352113,-0.011504123502231125,-0.9413611761838174,-0.3373995326989146,5,5,instant_velocity,dbscan_kmeans_fallback,False
4140,432,6.24576259325,8.73638062831,0.00313593013400002,0.0007875773389999452,-0.0006566511419999977,0.000968958786800016,-0.0010466294753872932,0.0005255047958681442,0.9698773358785843,0.24358113181982216,0,0,instant_velocity,dbscan_kmeans_fallback,False
4150,142,6.39371956531,9.52753786436,0.0014311627449999698,0.0017899484979999158,0.001422744140999992,0.0017947216937999856,-0.000944303511855823,0.0015903710680208014,0.6244804976503628,0.7810348143177319,0,0,instant_velocity,dbscan_kmeans_fallback,False
4150,169,7.9545288183,9.75283271529,0.006145581201000017,-0.0021956701569999736,0.006149790503400005,-0.0022004433534000257,0.00668876082261781,-0.001989118693990008,0.9417006763927789,-0.33644727884253833,0,0,instant_velocity,dbscan_kmeans_fallback,False
4150,171,10.5863950142,6.28629912445,0.03693662674000002,-0.011407938427000008,0.03174655713660002,-0.013565423015799993,0.0326502270993409,-0.012177258131258887,0.9554668663175082,-0.29509752627694275,-1,-1,instant_velocity,dbscan_kmeans_fallback,False
4150,172,10.6337496638,5.34597951358,0.032327440839999964,-0.02386597997100006,0.027002673564400014,-0.019713299456400008,0.029479858254406733,-0.017661834430222907,0.8045114510847513,-0.5939367199853143,-1,-1,instant_velocity,dbscan_kmeans_fallback,False
4150,173,0.367261616297,5.81590065922,-0.0355475570157,-0.003293505235999916,-0.035004557032860005,-0.004338835158799998,-0.03548299645665958,-0.0032015295285354253,-0.9957350837253269,-0.09225552997832644,1,1,instant_velocity,dbscan_kmeans_fallback,False
4150,174,13.4979693407,3.78729236165,0.055183951739999945,0.0006682474390000248,0.05988574229199997,-0.003436701115999998,0.058620806161903544,-0.0032768107610413226,0.9999265074579302,0.01210856248470983,-1,-1,instant_velocity,dbscan_kmeans_fallback,False
4150,176,7.76826719628,7.01898470957,-0.03847302203900007,0.027970928526000007,-0.03889395225880001,0.023675052131599993,-0.039147334018218564,0.02257324898759779,-0.8088304178630302,0.5880416096444899,2,2,instant_velocity,dbscan_kmeans_fallback,False
4150,177,7.85034858903,6.22902077252,-0.040914417311000054,0.022147629413000035,-0.040392463839400004,0.02163212424600001,-0.04075728474198664,0.01954973639188043,-0.8794208875538841,0.47604461203846804,2,2,instant_velocity,dbscan_kmeans_fallback,False
4150,178,6.25944282537,4.20184443375,0.05985627717700002,-0.01343654672400003,0.0574064633014,-0.010228959015800001,0.055427738684728695,-0.008961829383943461,0.975718102215306,-0.21902935645496957,-1,-1,instant_velocity,dbscan_kmeans_fallback,False
4150,179,10.7311950096,8.21968216193,-0.03714709185,0.004200412475000093,-0.04153318473399999,0.008252855874000016,-0.03871191410836995,0.006796108698547973,-0.9936674005296716,0.11235907677617424,-1,-1,instant_velocity,dbscan_kmeans_fallback,False
4150,180,13.7682065415,9.04663836794,-0.016079534370000027,0.02176577373399997,-0.015363953002000023,0.025107010929799996,-0.013750239807741017,0.021251267644182135,-0.5941945886950633,0.8043208636459976,3,3,instant_velocity,dbscan_kmeans_fallback,False
4150,181,1.26026507644,4.96698775164,0.033421859408800006,0.00983278374899994,0.033421859408800006,0.00983278374899994,0.02195816163147451,0.006460138922735993,0.959343271678582,0.2822408776272296,-1,-1,instant_velocity,dbscan_kmeans_fallback,False
4150,286,3.81952080948,6.95454656365,-0.042934882363999984,-0.0047731959940000126,-0.0457130218108,-0.013283804452000005,-0.045223783554388365,-0.011690724325295672,-0.9938767610204396,-0.1104921758958909,-1,-1,instant_velocity,dbscan_kmeans_fallback,False
4150,287,8.55540670628,4.44193619227,-0.052616277406000125,-0.0010023711579999705,-0.0587197655864,-0.0043340619628,-0.05443671076258107,-0.006230104257242974,-0.9998183968912894,-0.01904713092012303,-1,-1,instant_velocity,dbscan_kmeans_fallback,False
4150,288,13.4887088759,9.8256239542,-0.03015965020999989,0.024653557309999918,-0.02780665028399998,0.02862962957359997,-0.023846248339427674,0.02261837632186864,-0.7742403607090504,0.6328912627152002,3,3,instant_velocity,dbscan_kmeans_fallback,False
4150,360,1.45389297729,6.99464141,-0.03236953386100001,-0.01283989722500003,-0.0319570222456,-0.01104040233480001,-0.03320078244612748,-0.010715378904495768,-0.929541195937223,-0.3687174944652983,1,1,instant_velocity,dbscan_kmeans_fallback,False
4150,361,1.66141157538,7.85190741057,-0.027234185186000005,-0.011932989986000031,-0.0308962780932,-0.009274319816999999,-0.030928104418770558,-0.008973287566662488,-0.9159341652879663,-0.401327711755268,1,1,instant_velocity,dbscan_kmeans_fallback,False
4150,362,12.7369275043,9.44663219226,-0.018878720339999867,-0.0053937114730000955,-0.015031418129999991,-0.0052982475536,-0.014945880561911172,-0.005814617350448347,-0.9615262646299977,-0.2747111643016044,4,4,instant_velocity,dbscan_kmeans_fallback,False
4150,363,12.9694914505,8.86191568296,-0.021825231860000117,-0.006873402232000103,-0.018676673828000007,-0.008439010517800015,-0.018268943682276897,-0.0086257922749314,-0.9538175859684267,-0.30038498405745223,4,4,instant_velocity,dbscan_kmeans_fallback,False
4150,364,11.0555217435,9.44400693446,-0.028560115380000008,-0.009379330128999896,-0.026535441022000016,-0.010291010563599982,-0.02651745289964648,-0.010866685490261756,-0.9500778656295046,-0.31201183298562446,4,4,instant_velocity,dbscan_kmeans_fallback,False
4150,432,6.27712189458,8.7442564017,0.0031359301329999313,0.0007875773389999452,0.0014479999541999965,0.0008687216709999746,0.0002081384071288743,0.0006041265588076846,0.9698773358602314,0.2435811318928941,0,0,instant_velocity,dbscan_kmeans_fallback,False
4160,142,6.40803119277,9.54543734934,0.0014311627460000587,0.0017899484980000934,0.0014269534431999985,0.001794721693800021,-0.0002316636344990584,0.001650244297014589,0.6244804979165289,0.781034814104919,0,0,instant_velocity,dbscan_kmeans_fallback,False
4160,169,8.0923834651,9.76715230327,0.013785464679999925,0.0014319587980001103,0.0076777671991999875,-0.001474917562199991,0.008817771979832446,-0.0009627954463929724,0.9946475918465746,0.10331856075339298,0,0,instant_velocity,dbscan_kmeans_fallback,False
4160,171,10.9772287227,6.19775633876,0.03908337084999989,-0.008854278569000052,0.034335277983600004,-0.014467557058600011,0.034580170224538596,-0.011180364262581236,0.97528502825701,-0.22094934844553404,1,1,instant_velocity,dbscan_kmeans_fallback,False
4160,172,10.9944868617,5.1605408492,0.03607371979000007,-0.018543866437999944,0.029587185110600024,-0.020080835547999987,0.03145801671508473,-0.017926444032556017,0.889371118279745,-0.4571854338061933,1,1,instant_velocity,dbscan_kmeans_fallback,False
4160,173,0.0115755810294,5.78296560686,-0.03556860352676,-0.003293505236000005,-0.035219231444812,-0.003937886695199993,-0.03550867857768971,-0.003229122240774799,-0.995740097110972,-0.09220140512581075,2,2,instant_velocity,dbscan_kmeans_fallback,False
4160,174,14.0331821145,3.80757844463,0.05352127738000014,0.0020286082979999787,0.058883928372000016,-0.002410463976999999,0.05709094752733253,-0.0016851850433289319,0.9992822739019779,0.037875633992983646,-1,-1,instant_velocity,dbscan_kmeans_fallback,False
4160,176,7.38374744099,7.29893265464,-0.03845197552900004,0.027994794506999997,-0.0380057894962,0.028725093493599994,-0.03893872647145301,0.024199712643418456,-0.8084385701420378,0.5885802050818014,3,3,instant_velocity,dbscan_kmeans_fallback,False
4160,177,7.42941836978,6.43355222088,-0.042093021925000064,0.020453144836000005,-0.039643208049,0.023846887187399995,-0.04115800589689066,0.0198207589251163,-0.8994410880040816,0.43704153332528595,3,3,instant_velocity,dbscan_kmeans_fallback,False
4160,178,6.8548486205,4.06652432732,0.05954057951300005,-0.013532010643000003,0.058252533042,-0.011431804406200001,0.056661590933210104,-0.010332883761660423,0.9751324810580171,-0.22162201342247584,-1,-1,instant_velocity,dbscan_kmeans_fallback,False
4160,179,10.3593031609,8.2492759771,-0.03718918487000007,0.002959381516999926,-0.03978632432400001,0.0063865362403999985,-0.03825509533685899,0.00564509054408356,-0.9968484892736782,0.0793256158939258,-1,-1,instant_velocity,dbscan_kmeans_fallback,False
4160,180,13.6072007326,9.26429610528,-0.016100580889999883,0.02176577373399997,-0.015624929737999978,0.023913711931399996,-0.014455342132418676,0.021405619471127485,-0.5946973866965339,0.8039491772049931,4,4,instant_velocity,dbscan_kmeans_fallback,False
4160,181,1.60521739111,5.0791578575,0.034495231466999995,0.011217010586000064,0.034495231466999995,0.011217010586000064,0.025719282582132155,0.007887200421715215,0.9509846824577247,0.30923709732045235,-1,-1,instant_velocity,dbscan_kmeans_fallback,False
4160,182,14.585232097,7.71085946894,0.0,0.0,0.0,0.0,0.0,0.0,0.0,0.0,-1,-1,instant_velocity,dbscan_kmeans_fallback,False
4160,286,3.39017198585,6.90681460371,-0.042934882363000026,-0.0047731959940000126,-0.043936696285400006,-0.012400763193,-0.044537113196971866,-0.009615465825906975,-0.9938767610201571,-0.11049217589843285,2,2,instant_velocity,dbscan_kmeans_fallback,False
4160,287,7.99514858445,4.48394031702,-0.05602581218299996,0.0042004124750000035,-0.058058905141,-0.0008734948667999909,-0.05491344118870673,-0.00310094923757008,-0.9972011543291878,0.07476297095073077,-1,-1,instant_velocity,dbscan_kmeans_fallback,False
4160,288,13.1953205131,10.0604651971,-0.029338836280000002,0.02348412429,-0.02845488282199998,0.027025835719199982,-0.025494024721599375,0.022878100712308044,-0.7806991107927268,0.6249066860040051,4,4,instant_velocity,dbscan_kmeans_fallback,False
4160,360,1.11967438321,6.87984604634,-0.033421859408,-0.011479536365999988,-0.0323274408384,-0.01146521677820001,-0.033267105534689236,-0.010944626142947033,-0.9457665794601156,-0.32484613468456647,2,2,instant_velocity,dbscan_kmeans_fallback,False
4160,361,1.38906972353,7.73257751072,-0.027234185185000002,-0.011932989985000031,-0.029490371160599996,-0.010295783759600018,-0.02981992864863939,-0.00986119829216375,-0.9159341652949122,-0.40132771173941584,2,2,instant_velocity,dbscan_kmeans_fallback,False
4160,362,12.4831065821,9.37646621114,-0.025382092220000096,-0.007016598111999883,-0.017594883164000024,-0.005050041362000002,-0.01807674405933785,-0.006175211578913807,-0.963849582164836,-0.26644553568916307,5,5,instant_velocity,dbscan_kmeans_fallback,False
4160,363,12.7047263425,8.80797856822,-0.026476510799999887,-0.005393711474000007,-0.021307487699999968,-0.007131154815600027,-0.020731213817593797,-0.007656168034651982,-0.9798736657946928,-0.19961678010333994,5,5,instant_velocity,dbscan_kmeans_fallback,False
4160,364,10.7697101246,9.35045229297,-0.02858116189000004,-0.00935546414900017,-0.026977417752000007,-0.00983755694420001,-0.027136565596752545,-0.010413319087883281,-0.9503807958405456,-0.31108789410326043,5,5,instant_velocity,dbscan_kmeans_fallback,False
4160,432,6.30848119592,8.75213217509,0.00313593013400002,0.0007875773390001228,0.0031317208313999955,0.0007875773390000162,0.0010864759251902182,0.000659161792865416,0.9698773358785713,0.24358113181987381,0,0,instant_velocity,dbscan_kmeans_fallback,False
4170,142,6.42213235511,9.56333683432,0.0014101162339999363,0.0017899484979999158,0.001422744140999992,0.0017947216937999856,0.0002608703260506401,0.001692155557310187,0.618829918274209,0.7855194174953247,0,0,instant_velocity,dbscan_kmeans_fallback,False
4170,169,8.40808112954,9.86667343975,0.031569766444,0.009952113647999994,0.012762604247599984,0.0009546391988000025,0.015643370319082715,0.002311677281924918,0.9537322172903547,0.30065637112233284,-1,-1,instant_velocity,dbscan_kmeans_fallback,False
4170,171,11.3680624313,6.10897489327,0.03908337086000006,-0.008878144548999956,0.0357748593338,-0.012773072480599995,0.03593113041517704,-0.010489698348506852,0.9751565462689544,-0.2215157133373047,1,1,instant_velocity,dbscan_kmeans_fallback,False
4170,172,11.4425670801,5.09896662088,0.04480802183999995,-0.006157422832000048,0.03391855706680001,-0.017971082918400008,0.0354630182525593,-0.014395737672389225,0.9906895979946504,-0.1361384524382569,1,1,instant_velocity,dbscan_kmeans_fallback,False
4170,174,14.5683948883,3.8281031874,0.05352127737999997,0.002052474277000016,0.05720862609800001,-0.0010166907468000018,0.05602004648313276,-0.0005638872472302475,0.9992653100187862,0.03832057912501203,-1,-1,instant_velocity,dbscan_kmeans_fallback,False
4170,176,7.01017187141,7.52518214476,-0.037357556957999985,0.022624949011999983,-0.037782696480000016,0.02833369142179999,-0.0384643756174171,0.023727283553992916,-0.8553599216446977,0.5180337310567982,2,2,instant_velocity,dbscan_kmeans_fallback,False
4170,177,7.00848815053,6.63808366923,-0.042093021924999974,0.020453144835000003,-0.04027881268020002,0.0230545366524,-0.04143851070532346,0.020010474698081412,-0.8994410880124809,0.4370415333080001,2,2,instant_velocity,dbscan_kmeans_fallback,False
4170,178,7.42247302116,3.92189648869,0.056762440065999974,-0.014462783862999994,0.0585387655912,-0.012825577636599998,0.05669184567304707,-0.011571853792062294,0.9690391818515153,-0.24690630328084914,-1,-1,instant_velocity,dbscan_kmeans_fallback,False
4170,179,9.9815182891,8.1650290678,-0.037778487179999945,-0.008424690929999912,-0.038157324375999974,0.002243402117400031,-0.03811211288980128,0.0014241561018585175,-0.9760252981863008,-0.21765592248049886,3,3,instant_velocity,dbscan_kmeans_fallback,False
4170,180,13.3607460892,9.44090435706,-0.024645464340000166,0.017660825178000116,-0.017594883166000025,0.021899423221600003,-0.017512378794693122,0.020282181183189273,-0.8128443054771235,0.5824804506793198,4,4,instant_velocity,dbscan_kmeans_fallback,False
4170,181,1.97521505384,5.22378569613,0.03699976627299999,0.014462783862999994,0.03435211519316,0.011035629138800011,0.029103427689392503,0.00985987545410065,0.9313739099000116,0.36406336880973256,-1,-1,instant_velocity,dbscan_kmeans_fallback,False
4170,182,13.9538367682,7.87672802974,-0.06313953288,0.01658685607999999,-0.06313953288,0.01658685607999999,-0.018941859864000002,0.004976056823999998,-0.9671829170598305,0.25408049626840973,-1,-1,instant_velocity,dbscan_kmeans_fallback,False
4170,286,2.99660223085,6.93688573847,-0.03935697549999997,0.0030071134760000008,-0.042758091671399996,-0.008147845562199994,-0.042983071887880295,-0.005828692035334882,-0.9970935189363501,0.0761840390307879,-1,-1,instant_velocity,dbscan_kmeans_fallback,False
4170,287,7.42057883518,4.54837846294,-0.05745697492700001,0.006443814591999964,-0.0565225098404,0.0010930618827999972,-0.05567650131019471,-0.0002375200886990665,-0.9937696971079069,0.11145152844275694,-1,-1,instant_velocity,dbscan_kmeans_fallback,False
4170,288,12.9768577293,10.1888641694,-0.021846278379999973,0.012839897230000119,-0.027604603777999975,0.02329319645280002,-0.024399700819119553,0.019866639667615666,-0.8621210181580153,0.5067016486939043,4,4,instant_velocity,dbscan_kmeans_fallback,False
4170,360,0.782930207807,6.76839191987,-0.033674417540300004,-0.011145412646999997,-0.03274837105766,-0.011818433281799995,-0.033389299136372466,-0.011004862094162923,-0.9493523700513552,-0.3142125294065452,5,5,instant_velocity,dbscan_kmeans_fallback,False
4170,361,1.05632438521,7.61706616765,-0.033274533832000006,-0.011551134306999966,-0.029288324655400003,-0.011240876566599986,-0.030856310203647576,-0.010368179096614614,-0.9446955919477737,-0.32794766462889535,5,5,instant_velocity,dbscan_kmeans_fallback,False
4170,362,12.2292856599,9.30630023003,-0.02538209221999992,-0.007016598110999972,-0.019758464491999986,-0.005598958901199999,-0.02026834850753647,-0.006427627538539657,-0.9638495821745868,-0.26644553565389023,3,3,instant_velocity,dbscan_kmeans_fallback,False
4170,363,12.4397507695,8.75428011329,-0.026497557300000096,-0.005369845493000014,-0.022898603928000014,-0.0065297321202000096,-0.022461116862315687,-0.006970271272156392,-0.9800768386596947,-0.19861684363148616,3,3,instant_velocity,dbscan_kmeans_fallback,False
4170,364,10.4601159484,9.26787600227,-0.03095941761999992,-0.008257629069999873,-0.028118138645999977,-0.009422288892799991,-0.028283421203726757,-0.009766612082518259,-0.9662207721852433,-0.2577145615064903,3,3,instant_velocity,dbscan_kmeans_fallback,False
4170,432,6.33963003214,8.76000794848,0.0031148836219999864,0.0007875773389999452,0.0031275115289999887,0.0007875773390000162,0.0016949982342331488,0.0006976864567057749,0.969487421635003,0.24512836316978037,0,0,instant_velocity,dbscan_kmeans_fallback,False
4180,142,6.43644398257,9.5814749791,0.0014311627460000587,0.0018138144779999976,0.0014227441412000097,0.0017947216940000033,0.0006119580520354658,0.0017286532335171302,0.6194293309274792,0.7850469079594581,0,0,instant_velocity,dbscan_kmeans_fallback,False
4180,169,8.72377879398,9.96595591643,0.031569766444,0.009928247667999912,0.017843231993999994,0.003384195959799996,0.0204212891565579,0.004596648397747417,0.9539387797408683,0.30000033361592887,-1,-1,instant_velocity,dbscan_kmeans_fallback,False
4180,171,11.7618426514,6.03188777796,0.03937802201,-0.007708711531000034,0.03727337091420001,-0.010839928102999998,0.03696519789362392,-0.009655402303254807,0.9813721362216861,-0.19211515247701105,1,1,instant_velocity,dbscan_kmeans_fallback,False
4180,172,11.8906472985,5.03715373275,0.04480802183999995,-0.006181288812999952,0.03806471972659999,-0.015722907605199996,0.03826651932879149,-0.011931403014572444,0.9906183006119025,-0.1366562853720789,1,1,instant_velocity,dbscan_kmeans_fallback,False
4180,174,15.1036076621,3.84862793018,0.05352127737999997,0.002052474278000016,0.055529114524,0.00037708248360000416,0.05527041575219292,0.0002210212103388317,0.9992653100180712,0.03832057914365504,-1,-1,instant_velocity,dbscan_kmeans_fallback,False
4180,176,6.63764862737,7.7454651399,-0.03725232440399999,0.022028299514000073,-0.03792160345239999,0.025956639816800013,-0.03810076025339197,0.02321758834199506,-0.8607687948968342,0.5089956970378037,2,2,instant_velocity,dbscan_kmeans_fallback,False
4180,177,6.58313816398,6.86075326236,-0.04253499865499997,0.022266959313,-0.04115434753619999,0.022286052097200013,-0.04176745709022641,0.020687420082556987,-0.8859450008249868,0.4637898650693104,2,2,instant_velocity,dbscan_kmeans_fallback,False
4180,178,7.99009742182,3.77726865006,0.056762440065999974,-0.014462783862999994,0.05855560279999999,-0.013861361167399994,0.056713023990932934,-0.012439132813343606,0.9690391818515153,-0.24690630328084914,-1,-1,instant_velocity,dbscan_kmeans_fallback,False
4180,179,9.60394388243,8.0807821585,-0.037757440667,-0.00842469093000009,-0.0374038592834,-0.0010930618825999972,-0.0380057112229609,-0.001530498007699065,-0.9759995180058636,-0.21777149461867307,3,3,instant_velocity,dbscan_kmeans_fallback,False
4180,180,13.0928240047,9.60725023746,-0.026792208449999855,0.016634588039999974,-0.019943673787999997,0.019918546884,-0.020296327691285143,0.019187903240232482,-0.8495696812719605,0.5274758027359712,4,4,instant_velocity,dbscan_kmeans_fallback,False
4180,181,2.34500225145,5.36841353475,0.036978719761,0.014462783861999996,0.03506348726366,0.011961629161600006,0.03146601531087475,0.011240747976470454,0.931303638016362,0.3642430920696829,-1,-1,instant_velocity,dbscan_kmeans_fallback,False
4180,182,13.3224414393,8.04283525034,-0.06313953289,0.016610722059999982,-0.06313953289,0.016610722059999982,-0.032201161771800005,0.008466456394799994,-0.967093025633775,0.2544224310774288,-1,-1,instant_velocity,dbscan_kmeans_fallback,False
4180,286,2.61187201045,6.98604965721,-0.03847302204000003,0.0049163918739999705,-0.0415500219424,-0.0033078248240000006,-0.041630056933516214,-0.0026051668625344257,-0.9919335098897099,0.12675723374419992,-1,-1,instant_velocity,dbscan_kmeans_fallback,False
4180,287,6.85548001583,4.60517949527,-0.05650988193499993,0.005680103233000011,-0.05504504477159997,0.0028639175965999896,-0.05592651549763628,0.0015377669078106572,-0.9949861294132462,0.10001125001413179,-1,-1,instant_velocity,dbscan_kmeans_fallback,False
4180,288,12.7581844804,10.3175018014,-0.021867324890000005,0.012863763200000022,-0.026678557295999994,0.01970375306400001,-0.023639988040383687,0.017765776727330974,-0.8619230074414743,0.5070384018225002,4,4,instant_velocity,dbscan_kmeans_fallback,False
4180,360,0.446186032406,6.65693779341,-0.03367441754009999,-0.011145412645999997,-0.033106161744079994,-0.011894804417600007,-0.033474834657490724,-0.011047027259714045,-0.9493523700592081,-0.3142125293828185,5,5,instant_velocity,dbscan_kmeans_fallback,False
4180,361,0.723789512002,7.50155482459,-0.03325348732079999,-0.011551134305999966,-0.02964611534176,-0.011780247714000006,-0.0315754633387933,-0.01072306565943022,-0.9446312731140969,-0.3281328842332728,5,5,instant_velocity,dbscan_kmeans_fallback,False
4180,362,11.9754647377,9.23613424891,-0.025382092220000096,-0.007016598112000061,-0.021922045818000023,-0.006143103244599999,-0.021802471621275556,-0.0066043187105777786,-0.9638495821648343,-0.26644553568916934,3,3,instant_velocity,dbscan_kmeans_fallback,False
4180,363,12.1823519405,8.70583217395,-0.025739882899999955,-0.004844793933999903,-0.02407720854000001,-0.005995134168800007,-0.023444746673620967,-0.006332628070709445,-0.9827431791707051,-0.18497318778113087,3,3,instant_velocity,dbscan_kmeans_fallback,False
4180,364,10.144418284,9.18840228897,-0.03156976644,-0.007947371330000053,-0.029380929301999998,-0.008940196097200008,-0.02926932477460873,-0.009220839856762798,-0.9697438899209065,-0.2441232754397324,3,3,instant_velocity,dbscan_kmeans_fallback,False
4180,432,6.37098933347,8.76788372187,0.00313593013300002,0.0007875773389999452,0.0031317208311999957,0.0007875773389999807,0.0021272778038632103,0.000724653721394026,0.9698773358602331,0.2435811318928876,0,0,instant_velocity,dbscan_kmeans_fallback,False
4190,142,6.45075561002,9.59937446407,0.0014311627449999698,0.0017899484970000045,0.0014269534431999985,0.0017947216937999856,0.000857719459924817,0.0017470418125619925,0.6244804978631682,0.7810348141475804,0,0,instant_velocity,dbscan_kmeans_fallback,False
4190,169,8.96665553049,10.1163115903,0.02428767365100004,0.015035567387000093,0.021471650483999998,0.006830443468800027,0.021581204504890542,0.007728324094523221,0.8502595088719919,0.5263630566592388,-1,-1,instant_velocity,dbscan_kmeans_fallback,False
4190,171,12.1665670572,6.00133932359,0.04047244057999997,-0.0030548454369999866,0.03899076620799999,-0.007980783702600008,0.038017370699536736,-0.007675235243378361,0.9971632801159391,-0.07526553013735053,1,1,instant_velocity,dbscan_kmeans_fallback,False
4190,172,12.3423054238,5.0008774432,0.04516581252999998,-0.0036276289549999952,0.040636603367999985,-0.011675237401800001,0.04033630728915404,-0.00944027079670071,0.9967898095562155,-0.08006019094183801,1,1,instant_velocity,dbscan_kmeans_fallback,False
4190,176,6.25986375559,7.97123731043,-0.03777848717800003,0.022577217052999997,-0.03786267322160002,0.024639237722400013,-0.03800407833077439,0.023025476955296543,-0.8583923517813008,0.5129932903741946,2,2,instant_velocity,dbscan_kmeans_fallback,False
4190,177,6.14010910822,7.15597543461,-0.04430290557600003,0.02952221722499999,-0.042387673078400016,0.022968619124400007,-0.0425280916359585,0.023337859225289886,-0.8321632825404299,0.5545303377829992,2,2,instant_velocity,dbscan_kmeans_fallback,False
4190,178,8.55772182248,3.63264081144,0.056762440065999974,-0.014462783861999996,0.0579368353776,-0.014071381791000004,0.05672784881345305,-0.013046228127940523,0.9690391818555999,-0.24690630326481808,-1,-1,instant_velocity,dbscan_kmeans_fallback,False
4190,179,9.22636947576,7.9965352492,-0.037757440667,-0.008424690930000001,-0.0375259290468,-0.0036228557595999965,-0.03793123005617263,-0.003598755884389346,-0.975999518005864,-0.21777149461867087,3,3,instant_velocity,dbscan_kmeans_fallback,False
4190,180,12.8249019201,9.77359611787,-0.026792208460000033,0.016634588040999886,-0.022081999301999992,0.018892309745399984,-0.022245091921899607,0.0184219086804627,-0.8495696813459792,0.5274758026167542,4,4,instant_velocity,dbscan_kmeans_fallback,False
4190,181,2.71499991417,5.51304137338,0.03699976627199999,0.014462783862999994,0.03577906863636,0.012887629184599998,0.033126140599212324,0.012207358742429317,0.9313739098966752,0.364063368818268,-1,-1,instant_velocity,dbscan_kmeans_fallback,False
4190,182,12.6558984371,8.05285896193,-0.0666543002200001,0.0010023711589999707,-0.0666543002200001,0.0010023711589999707,-0.04253710330626004,0.006227230824059987,-0.9998867930919171,0.01503665450469427,-1,-1,instant_velocity,dbscan_kmeans_fallback,False
4190,286,2.22735225517,7.03545223575,-0.03845197552799999,0.004940257854000052,-0.040430347559,0.0006634742431999996,-0.04067663251186135,-0.00034153944757408204,-0.9918471545269205,0.1274311820871505,-1,-1,instant_velocity,dbscan_kmeans_fallback,False
4190,287,6.37793468209,4.59611042288,-0.04775453337400002,-0.0009069072389999988,-0.05407269596500001,0.0028830103806000017,-0.0534749208605454,0.0008043646637674604,-0.999819510038019,-0.01898759106796316,-1,-1,instant_velocity,dbscan_kmeans_fallback,False
4190,288,12.5323554178,10.496735311,-0.02258290626000008,0.017923350959999952,-0.02515899920399999,0.018352938598000003,-0.023322863506268606,0.017813048997131667,-0.7832817154271792,0.6216663579310314,4,4,instant_velocity,dbscan_kmeans_fallback,False
4190,361,0.391044173684,7.38604348153,-0.0332745338318,-0.011551134306000055,-0.03085418507112,-0.01170387657800001,-0.03208518448669531,-0.010971486253401169,-0.9446955919559581,-0.3279476646053193,-1,-1,instant_velocity,dbscan_kmeans_fallback,False
4190,362,11.7711031162,9.19532342316,-0.02043616214999986,-0.004081082575000039,-0.023092231829999966,-0.00610491767660001,-0.021392578779892847,-0.005847347869904456,-0.9806369146968795,-0.19583227983788834,3,3,instant_velocity,dbscan_kmeans_fallback,False
4190,363,11.9544182267,8.67934093618,-0.02279337138000006,-0.0026491237770001064,-0.024666510848000023,-0.005026175382000026,-0.023249334085534694,-0.005227576782596643,-0.9933132868077702,-0.11544627612225494,3,3,instant_velocity,dbscan_kmeans_fallback,False
4190,364,9.82872061951,9.10892857566,-0.03156976644900009,-0.007947371330999963,-0.03024804555580001,-0.00857743320179999,-0.02995945727692614,-0.008838799299033948,-0.9697438899301112,-0.24412327540316822,3,3,instant_velocity,dbscan_kmeans_fallback,False
4190,432,6.40234863481,8.77575949526,0.00313593013400002,0.0007875773390001228,0.0031317208311999957,0.0007875773390000162,0.0024298735029042533,0.0007435308066758551,0.9698773358785713,0.24358113181987381,0,0,instant_velocity,dbscan_kmeans_fallback,False
4200,142,6.46485677237,9.61727394905,0.0014101162350000252,0.0017899484980000934,0.0014227441412000097,0.001794721693800021,0.0010234384924473795,0.0017599138181934228,0.6188299185449867,0.7855194172820081,0,0,instant_velocity,dbscan_kmeans_fallback,False
4200,169,9.20132412772,10.2723950993,0.02346685972299998,0.015608350900000012,0.02493590618839999,0.010391247680200024,0.022146901070323372,0.010092332136166258,0.8326427040606985,0.553809911198584,-1,-1,instant_velocity,dbscan_kmeans_fallback,False
4200,171,12.571291463,5.97079086923,0.04047244057999997,-0.0030548454359999866,0.039697928975999976,-0.006310165104400003,0.0387538916636757,-0.006289118301164848,0.9971632801177881,-0.075265530112852,1,1,instant_velocity,dbscan_kmeans_fallback,False
4200,172,12.8086961067,5.06531558912,0.046639068290000016,0.006443814591999964,0.04349892885799999,-0.005613278489199996,0.042227135589407834,-0.004675045180090508,0.9905897302675694,0.13686329492890195,1,1,instant_velocity,dbscan_kmeans_fallback,False
4200,176,5.86903004702,8.20989711014,-0.03908337085699998,0.023865979970999974,-0.03798474298520001,0.023818248011400006,-0.03832786608864207,0.023277627860007574,-0.8534594255637803,0.521158874220242,2,2,instant_velocity,dbscan_kmeans_fallback,False
4200,177,5.69686958734,7.45119760685,-0.044323952087999975,0.029522217223999992,-0.0430695800338,0.024443536686599997,-0.043066849771570936,0.025193166624902917,-0.832284787272491,0.5543479569084114,2,2,instant_velocity,dbscan_kmeans_fallback,False
4200,178,9.16659738463,3.70734132875,0.06088755621500006,0.007470051731000016,0.05814309118520001,-0.009890062099999994,0.05797576103391715,-0.00689134417025836,0.9925578164685734,0.12177296472283217,-1,-1,instant_velocity,dbscan_kmeans_fallback,False
4200,179,8.83953460427,7.89486617452,-0.03868348714900005,-0.01016690746800002,-0.037833208106600014,-0.006496319748200019,-0.03815690718402086,-0.005569201359472548,-0.9671539795119544,-0.2541902434786106,3,3,instant_velocity,dbscan_kmeans_fallback,False
4200,180,12.592337974,9.9124961213,-0.023256394610000085,0.013890000343000076,-0.023517371350000003,0.017317155067200007,-0.022548482728329752,0.017062336179223914,-0.8585305253558003,0.5127617367887471,4,4,instant_velocity,dbscan_kmeans_fallback,False
4200,181,3.21317082865,5.60850529327,0.04981709144800002,0.009546391989000026,0.0390581150442,0.012830350832600014,0.03813342585384863,0.011409068716400529,0.9821296839101432,0.18820438275537507,-1,-1,instant_velocity,dbscan_kmeans_fallback,False
4200,182,11.9895659,8.06264401372,-0.06663325370999988,0.0009785051790000665,-0.06663325370999988,0.0009785051790000665,-0.049765948427381995,0.004652613130542011,-0.9998920436954327,0.014683352361196642,-1,-1,instant_velocity,dbscan_kmeans_fallback,False
4200,286,1.92933365994,7.04833986494,-0.029801859523000008,0.001288762918999975,-0.037803742990800006,0.001875866025799997,-0.037414200615202946,0.00014755126239813517,-0.9990659363077393,0.0432039863605059,-1,-1,instant_velocity,dbscan_kmeans_fallback,False
4200,287,5.90038934835,4.58680269069,-0.04775453337400002,-0.0009307732189999917,-0.053100347158599986,0.0028973299683999975,-0.05175880461458179,0.00028382329893722463,-0.9998098994776167,-0.01948707720032928,-1,-1,instant_velocity,dbscan_kmeans_fallback,False
4200,288,12.2993705414,10.7268033579,-0.023298487639999976,0.02300680468999996,-0.023786766690000006,0.01802358807400001,-0.023315550746388015,0.019371175704992152,-0.7115466031989766,0.7026384708132828,4,4,instant_velocity,dbscan_kmeans_fallback,False
4200,362,11.5665310297,9.15427393761,-0.02045720865000007,-0.004104948554999943,-0.023407929492000008,-0.00584716509299998,-0.02111196774092501,-0.005324628075433102,-0.9804555190355606,-0.19673844731044138,3,3,instant_velocity,dbscan_kmeans_fallback,False
4200,363,11.726484513,8.65284969841,-0.02279337136999988,-0.0026491237769999286,-0.024860138749999976,-0.004181319690999992,-0.02311254527087425,-0.004454040880917628,-0.9933132868019626,-0.11544627617222218,3,3,instant_velocity,dbscan_kmeans_fallback,False
4200,364,9.46819388672,9.02921620256,-0.03605267327899995,-0.007971237309999957,-0.0317465571356,-0.008295814638000004,-0.03178742207754828,-0.00857853070232375,-0.9764183302308453,-0.21588585578306027,3,3,instant_velocity,dbscan_kmeans_fallback,False
4200,432,6.43370793614,8.78363526865,0.00313593013300002,0.0007875773389999452,0.0031317208312000135,0.0007875773390000162,0.0026416904919329834,0.0007567447663730821,0.9698773358602331,0.2435811318928876,0,0,instant_velocity,dbscan_kmeans_fallback,False
4210,142,6.47916839982,9.63517343403,0.0014311627449999698,0.0017899484979999158,0.001422744140999992,0.0017947216937999856,0.0011457557682131568,0.0017689242221353707,0.6244804976503628,0.7810348143177319,0,0,instant_velocity,dbscan_kmeans_fallback,False
4210,169,9.43809737605,10.4399342787,0.023677324833000134,0.016753917939999852,0.026914278219000033,0.013455639508599973,0.022606028199126403,0.012090807877316336,0.8163090135239816,0.5776148413186294,-1,-1,instant_velocity,dbscan_kmeans_fallback,False
4210,171,12.9760158689,5.94024241487,0.04047244058999997,-0.0030548454359999866,0.039975742923999996,-0.00515027847779999,0.039269456341572986,-0.005318836441615389,0.997163280119184,-0.07526553009436063,1,1,instant_velocity,dbscan_kmeans_fallback,False
4210,172,13.2752972547,5.12999239484,0.046660114800000055,0.006467680572000045,0.04561620785999999,-0.0006109690871999973,0.0435570293525855,-0.0013322274544633414,0.9905293150657973,0.13729985951615278,1,1,instant_velocity,dbscan_kmeans_fallback,False
4210,176,5.47819633844,8.44855690986,-0.039083370857999976,0.023865979972000063,-0.03811102205099999,0.022992485104400016,-0.03855451751944944,0.02345413349360532,-0.8534594255599978,0.5211588742264366,2,2,instant_velocity,dbscan_kmeans_fallback,False
4210,177,5.25384053158,7.7464197791,-0.04430290557600003,0.02952221722499999,-0.043511556763999995,0.026257351164399995,-0.04343766651289967,0.02649188180493204,-0.8321632825404299,0.5545303377829992,2,2,instant_velocity,dbscan_kmeans_fallback,False
4210,178,9.78599620226,3.83693359999,0.06193988176299996,0.012959227123999995,0.05862295163519999,-0.004591814546599995,0.05916499725264199,-0.0009361727819808528,0.9788061026076891,0.20478842117563528,-1,-1,instant_velocity,dbscan_kmeans_fallback,False
4210,179,8.4487008957,7.78579864605,-0.03908337085699998,-0.01090675284699998,-0.03821204530399999,-0.009269546621,-0.03843484628591459,-0.007170466805730778,-0.9631975593705143,-0.26879354294503593,3,3,instant_velocity,dbscan_kmeans_fallback,False
4210,180,12.3951321663,10.0244275674,-0.01972058076999996,0.011193144609999983,-0.02424137132600002,0.015202629242400007,-0.021700112140830816,0.015301578708456734,-0.8696782894008278,0.4936180618092872,-1,-1,instant_velocity,dbscan_kmeans_fallback,False
4210,181,3.71113127803,5.70396921315,0.04979604493799998,0.009546391987999937,0.042118277738399997,0.01249622711299999,0.04163221157909404,0.010850265697880352,0.9821149777953654,0.18828110881082713,-1,-1,instant_velocity,dbscan_kmeans_fallback,False
4210,182,11.3720612684,8.06670123031,-0.0617504631600001,0.00040572165900005787,-0.06426341657200002,0.007116835227400014,-0.05336130284716743,0.003378545689079425,-0.9999782540670155,0.006570199079362665,-1,-1,instant_velocity,dbscan_kmeans_fallback,False
4210,183,0.328956966345,4.68656248697,0.0,0.0,0.0,0.0,0.0,0.0,0.0,0.0,-1,-1,instant_velocity,dbscan_kmeans_fallback,False
4210,286,1.64078599464,7.05717027753,-0.028854766529999985,0.0008830412590000059,-0.03498771982419999,0.0030071134764000007,-0.034846370389642056,0.00036819826137869644,-0.9995317118476621,0.030588628756456314,-1,-1,instant_velocity,dbscan_kmeans_fallback,False
4210,287,5.39653587591,4.52928567896,-0.05038534724400003,-0.00575170117299999,-0.0519722541708,0.0009069072387999987,-0.051346767403407254,-0.00152683404264394,-0.9935472042413206,-0.11341762898629554,-1,-1,instant_velocity,dbscan_kmeans_fallback,False
4210,288,12.0663856651,10.9571100646,-0.023298487629999975,0.02303067067000004,-0.022578696960000002,0.01793289735000002,-0.0233104318114716,0.02046902419449452,-0.7111822840224071,0.70300721788346,-1,-1,instant_velocity,dbscan_kmeans_fallback,False
4210,362,11.3621694082,9.11346311186,-0.020436162150000037,-0.004081082575000039,-0.022418743477999995,-0.005260061985600011,-0.020909226063647517,-0.004951564425303183,-0.9806369146968799,-0.1958322798378867,4,4,instant_velocity,dbscan_kmeans_fallback,False
4210,363,11.4983403342,8.62611980084,-0.022814417880000094,-0.0026729897570000106,-0.024127720166000018,-0.0036371753475999925,-0.023023107053612,-0.003919725543742343,-0.9932059276942881,-0.1163662945634848,4,4,instant_velocity,dbscan_kmeans_fallback,False
4210,364,9.09630203802,8.94974248925,-0.03718918487000007,-0.007947371331000142,-0.033468161731600006,-0.008014196074399998,-0.03340795091528382,-0.008389182890926668,-0.9779191253970484,-0.20898243530706406,3,3,instant_velocity,dbscan_kmeans_fallback,False
4210,432,6.46485677237,8.79151104204,0.0031148836229999864,0.0007875773389999452,0.0031275115290000065,0.0007875773389999807,0.002783648431253084,0.0007659945381611411,0.9694874216537059,0.24512836309581346,0,0,instant_velocity,dbscan_kmeans_fallback,False
4220,142,6.49348002728,9.65307291901,0.0014311627460000587,0.0017899484980000934,0.0014269534434000165,0.001794721693800021,0.0012313778615492274,0.0017752315048947874,0.6244804979165289,0.781034814104919,0,0,instant_velocity,dbscan_kmeans_fallback,False
4220,169,9.67992178701,10.6344420154,0.024182441095999964,0.019450773670000032,0.025436813149400023,0.01535537151299998,0.023078952068188472,0.014298797615121445,0.7792182389869814,0.6267521771645627,-1,-1,instant_velocity,dbscan_kmeans_fallback,False
4220,171,13.3702170192,5.95050478626,0.03942011503000007,0.0010262371389999636,0.040043091758,-0.003169402140200006,0.03931465394810111,-0.003415314367430783,0.9996610513260675,0.026024513031020383,1,1,instant_velocity,dbscan_kmeans_fallback,False
4220,172,13.7416879377,5.19443054076,0.04663906830000002,0.006443814591999964,0.045982417152,0.001909278397600005,0.044481641036809856,0.0010005851594756506,0.9905897302715478,0.13686329490010643,1,1,instant_velocity,dbscan_kmeans_fallback,False
4220,176,5.19112192891,8.75642805149,-0.028707440952999975,0.030787114162999885,-0.03638099884999999,0.024624918134599997,-0.0356003945495146,0.025654027694423688,-0.6819726897209202,0.7313773139466113,2,2,instant_velocity,dbscan_kmeans_fallback,False
4220,177,4.89836496142,8.08364607609,-0.035547557015999945,0.033722629698999994,-0.04220246378219999,0.028911248137199995,-0.04107063366382975,0.02866110617315243,-0.725483682835347,0.6882390702098425,2,2,instant_velocity,dbscan_kmeans_fallback,False
4220,178,10.4053950199,3.96652587124,0.061939881764000046,0.012959227124999995,0.059658439974800005,0.0008925876510000031,0.059997462606049407,0.003232447190113402,0.9788061026051842,0.20478842118760718,-1,-1,instant_velocity,dbscan_kmeans_fallback,False
4220,179,8.05786718712,7.67673111758,-0.039083370858000066,-0.01090675284699998,-0.03847302203960002,-0.009765959004400013,-0.03862940365754024,-0.00829135261811154,-0.9631975593722952,-0.2687935429386548,3,3,instant_velocity,dbscan_kmeans_fallback,False
4220,180,12.1977158935,10.1363590134,-0.019741627279999997,0.011193144599999982,-0.023260603913999988,0.013909093126799981,-0.02111256668258157,0.014069048475919709,-0.8699041688948269,0.4932198857004561,-1,-1,instant_velocity,dbscan_kmeans_fallback,False
4220,181,4.20930219251,5.79943313304,0.04981709144800002,0.009546391989000026,0.0446817427734,0.011512948738199994,0.044087675539765836,0.010459103585216255,0.9821296839101432,0.18820438275537507,-1,-1,instant_velocity,dbscan_kmeans_fallback,False
4220,182,10.787599659,8.06670123031,-0.05844616093999999,0.0,-0.06332474218400001,0.0037994640114000157,-0.054886760275017196,0.0023649819823555974,-0.9999998289023927,0.0,-1,-1,instant_velocity,dbscan_kmeans_fallback,False
4220,183,0.672856955473,4.77391197367,0.03438999891279999,0.008734948669999998,0.03438999891279999,0.008734948669999998,0.01031699967384,0.0026204846009999995,0.9692239015770601,0.24617974113577684,-1,-1,instant_velocity,dbscan_kmeans_fallback,False
4220,286,1.31688019093,7.05191976193,-0.032390580371,-0.0005250515600000227,-0.0335944407984,0.002300680469199996,-0.03410963338404944,0.00010022331496508066,-0.9998683350595033,-0.016207873496074988,-1,-1,instant_velocity,dbscan_kmeans_fallback,False
4220,287,4.86637426476,4.42308206809,-0.05301616111499996,-0.010620361086999975,-0.05108409140839999,-0.002505927896999989,-0.051847585516885064,-0.00425489215595075,-0.9805195251584817,-0.19642069872710058,-1,-1,instant_velocity,dbscan_kmeans_fallback,False
4220,288,11.8382414862,11.2117600709,-0.022814417890000094,0.025465000630000033,-0.022772324862000027,0.02045791803,-0.02316162763503015,0.021967817125146175,-0.667280927147716,0.7448057325912129,-1,-1,instant_velocity,dbscan_kmeans_fallback,False
4220,362,11.1329729039,9.0824373379,-0.022919650429999903,-0.0031025773959999724,-0.021926255119999995,-0.004477257842600011,-0.021512353373553235,-0.00439686831651222,-0.9909614080598934,-0.13414403829347335,4,4,instant_velocity,dbscan_kmeans_fallback,False
4220,363,11.2809298759,8.60392443947,-0.021741045829999982,-0.0022195361370000556,-0.023176417871999994,-0.0030071134764000007,-0.022638488686528395,-0.0034096687217196565,-0.9948287782317528,-0.10156173905701166,4,4,instant_velocity,dbscan_kmeans_fallback,False
4220,364,8.72441018931,8.87026877595,-0.03718918487099998,-0.007947371329999875,-0.034714115181800016,-0.007952144526399998,-0.03454232110199867,-0.00825663942264863,-0.9779191254035722,-0.20898243527653643,3,3,instant_velocity,dbscan_kmeans_fallback,False
4220,432,6.4962160737,8.79938681543,0.00313593013300002,0.0007875773389999452,0.0031317208312000135,0.0007875773389999807,0.0028893329417771646,0.0007724693784127824,0.9698773358602331,0.2435811318928876,0,0,instant_velocity,dbscan_kmeans_fallback,False
4230,142,6.59218816369,9.69221312616,0.009870813640999999,0.003914020714999999,0.003114883622400004,0.0022147629412000215,0.0038232085953844594,0.002416868267926351,0.9295856585212665,0.3686036081875161,0,0,instant_velocity,dbscan_kmeans_fallback,False
4230,169,9.92153573286,10.8289497522,0.024161394585000016,0.019450773680000033,0.023955138777600027,0.017259876715400004,0.023403684823231935,0.01584439043458502,0.7789516293438837,0.627083498708365,-1,-1,instant_velocity,dbscan_kmeans_fallback,False
4230,171,13.7395832866,6.05670839713,0.03693662674000002,0.010620361087000063,0.039554812704,0.0004964123834000133,0.038601245785670785,0.0007953882688984714,0.9610615851352529,0.27633332986327364,1,1,instant_velocity,dbscan_kmeans_fallback,False
4230,172,14.1411507157,5.26889239827,0.03994627780000002,0.007446185751000023,0.045010068344000016,0.0046347733104,0.04312103206576691,0.0029342653369329626,0.9830663766686308,0.18324848394853893,1,1,instant_velocity,dbscan_kmeans_fallback,False
4230,176,5.00780681843,9.13374919483,-0.01833151104800006,0.037732114333999964,-0.03259683617880001,0.027765681098599976,-0.030419729499060237,0.02927745368629657,-0.436990344935098,0.8994659313556193,2,2,instant_velocity,dbscan_kmeans_fallback,False
4230,177,4.67443008478,8.48387856021,-0.022393487664000046,0.040023248412,-0.038174161584000006,0.032462505956999996,-0.03546748986388084,0.0320697488448067,-0.48827902523416883,0.8726873193912111,2,2,instant_velocity,dbscan_kmeans_fallback,False
4230,178,10.9633380255,4.13740628783,0.05579430056000003,0.01708804165900002,0.059464812073600014,0.007202752755400006,0.0587365139922346,0.007389125530779387,0.9561606728989344,0.29284197932769057,-1,-1,instant_velocity,dbscan_kmeans_fallback,False
4230,179,7.66661254833,7.5781646203,-0.039125463878999955,-0.009856649728000022,-0.03874662668200001,-0.010052350764,-0.03877822172397816,-0.008760941751078085,-0.9697016435268676,-0.2442912746151593,3,3,instant_velocity,dbscan_kmeans_fallback,False
4230,180,11.993354272,10.2451878821,-0.020436162150000037,0.010882886869999987,-0.021989394654000023,0.012758752892799983,-0.020909645322807112,0.013113199994143792,-0.8826464941013842,0.47003649075604237,-1,-1,instant_velocity,dbscan_kmeans_fallback,False
4230,181,4.76093124484,5.97222282803,0.055162905233000006,0.017278969498999965,0.0483185798678,0.012076185865599989,0.04741024444773609,0.012505063359351368,0.9542798301169789,0.29891413457023613,-1,-1,instant_velocity,dbscan_kmeans_fallback,False
4230,182,10.2029275844,8.06670123031,-0.058467207460000024,0.0,-0.06239027709800002,0.000477319599400019,-0.05596089443051204,0.0016554873876489181,-0.999999828963983,0.0,-1,-1,instant_velocity,dbscan_kmeans_fallback,False
4230,183,1.01654647949,4.86150012016,0.034368952401700015,0.008758814648999991,0.034368952401700015,0.008758814648999991,0.017532585492198004,0.0044619836153999975,0.9690270741297115,0.24695336747433397,-1,-1,instant_velocity,dbscan_kmeans_fallback,False
4230,184,0.508062774636,3.82547792961,0.0,0.0,0.0,0.0,0.0,0.0,0.0,0.0,-1,-1,instant_velocity,dbscan_kmeans_fallback,False
4230,286,0.850068577778,6.98962955421,-0.046681161315200004,-0.006229020771999938,-0.03523606865344,7.15979400000144e-05,-0.0378810917633946,-0.0017985499111244252,-0.9912141494111024,-0.1322652083244462,-1,-1,instant_velocity,dbscan_kmeans_fallback,False
4230,287,4.33642311872,4.31711711702,-0.05299511460400001,-0.01059649510700007,-0.05038113794220001,-0.005761247565000005,-0.05219184424301955,-0.006157373041265546,-0.9805894880524658,-0.19607112447567704,-1,-1,instant_velocity,dbscan_kmeans_fallback,False
4230,288,11.6122019585,11.4769111084,-0.022603952769999935,0.0265151037499999,-0.02291965043800001,0.023188186139999976,-0.022994325175521087,0.023332003112602293,-0.6487491738677875,0.761001928638836,-1,-1,instant_velocity,dbscan_kmeans_fallback,False
4230,362,10.8791519817,9.06143527552,-0.025382092220000096,-0.002100206238000091,-0.021926255119999995,-0.003493979467800017,-0.022673275027487293,-0.003707869692958581,-0.9965938335337905,-0.08246178320520195,4,4,instant_velocity,dbscan_kmeans_fallback,False
4230,363,11.0704647663,8.58459299569,-0.02104651095999994,-0.0019331443779998735,-0.022237743483999994,-0.002424783565199995,-0.02216089536856986,-0.0029667114186037215,-0.9958077249793313,-0.09146599684723439,4,4,instant_velocity,dbscan_kmeans_fallback,False
4230,364,8.36325206119,8.71991310213,-0.03611581281199996,-0.015035567382000004,-0.035623324456200006,-0.009369783736799989,-0.035014368614999056,-0.010290317810454043,-0.9231917922584338,-0.3843389174505573,3,3,instant_velocity,dbscan_kmeans_fallback,False
4230,432,6.55472537418,8.80654660943,0.005850930047999992,0.0007159794000001441,0.0036747208142000076,0.0007732577512000204,0.003777812073644013,0.0007555223848889909,0.9925941370448146,0.12146392947014227,0,0,instant_velocity,dbscan_kmeans_fallback,False
4240,142,6.88852303804,9.78051725206,0.02963348743499994,0.008830412589999882,0.008755348560399999,0.0036228557597999967,0.011566292247269103,0.004340931564548411,0.9583551399016029,0.28557797362328,0,0,instant_velocity,dbscan_kmeans_fallback,False
4240,169,10.1090601455,10.9525755284,0.018752441264000018,0.012362577620000082,0.02284809230020002,0.016725278762,0.02200831175546236,0.01479984659020954,0.8348961679524417,0.5504066662918878,-1,-1,instant_velocity,dbscan_kmeans_fallback,False
4240,171,14.1091600191,6.1626733482,0.03695767325000006,0.010596495106999981,0.03885185923800002,0.003226680492200007,0.03810817402496956,0.0037357203203289245,0.9612679731253628,0.27561452001685954,1,1,instant_velocity,dbscan_kmeans_fallback,False
4240,172,14.4738960541,5.35361662717,0.03327453384000005,0.008472422889999987,0.04263181260600003,0.0070547836793999966,0.04016708259803685,0.00459571260285307,0.9690791943880591,0.24674872346028717,1,1,instant_velocity,dbscan_kmeans_fallback,False
4240,176,4.82449170795,9.51107033818,-0.01833151104799997,0.03773211433500005,-0.028707440952799992,0.030796660554999987,-0.026793263963742153,0.031813851880907615,-0.43699034492572564,0.8994659313601728,2,2,instant_velocity,dbscan_kmeans_fallback,False
4240,177,4.45028474303,8.88434970413,-0.02241453417499999,0.04004711439200008,-0.0337964873038,0.03456748539040001,-0.031551603157216584,0.03446295850896471,-0.48840668657396774,0.872615879247708,2,2,instant_velocity,dbscan_kmeans_fallback,False
4240,178,11.3779542915,4.40518258311,0.04146162659999995,0.026777629528000002,0.05640464938040001,0.015450835433400005,0.0535540477745642,0.013205676729945572,0.8400361695589491,0.5425300255482441,-1,-1,instant_velocity,dbscan_kmeans_fallback,False
4240,179,7.27367418866,7.52255688697,-0.03929383596699996,-0.005560773332999957,-0.039053905742,-0.00947956724459999,-0.0389329059968847,-0.007800891225654647,-0.9901340627918167,-0.14012149633575238,3,3,instant_velocity,dbscan_kmeans_fallback,False
4240,180,11.7723659069,10.346618297,-0.022098836510000018,0.010143041489999938,-0.02105072026400002,0.011460443582599993,-0.021266402678964985,0.012222152442900636,-0.9088398795955236,0.4171441606137271,-1,-1,instant_velocity,dbscan_kmeans_fallback,False
4240,181,5.31234983206,6.14501252302,0.05514185872199997,0.01727896949900005,0.0519469983578,0.0126394229928,0.04972972873001525,0.013937235201245974,0.9542472817708004,0.29901802475227374,-1,-1,instant_velocity,dbscan_kmeans_fallback,False
4240,182,9.67423922905,8.01491205378,-0.0528688355349999,-0.005178917653000071,-0.05963318416099998,-0.0007589381629999892,-0.055033276761858395,-0.0003948341245457786,-0.9952361976353201,-0.0974912017766316,3,3,instant_velocity,dbscan_kmeans_fallback,False
4240,183,1.35749995708,4.94598568926,0.034095347758999986,0.008448556909999993,0.034095347758999986,0.008448556909999993,0.022501414172238603,0.005657955603779996,0.9706443886875622,0.24051798547895334,4,4,instant_velocity,dbscan_kmeans_fallback,False
4240,184,0.808817416291,3.88681349813,0.0300754641655,0.0061335568520000106,0.0300754641655,0.0061335568520000106,0.009022639249650001,0.0018400670556000035,0.9798311322212658,0.1998256758987168,4,4,instant_velocity,dbscan_kmeans_fallback,False
4240,286,0.383467429738,6.92733934648,-0.046660114804,-0.006229020773000027,-0.03687769650864,-0.0021622577854000014,-0.040514798675576225,-0.0031276911696871057,-0.9912063260863943,-0.13232382349371957,-1,-1,instant_velocity,dbscan_kmeans_fallback,False
4240,287,3.82351964657,4.20041247496,-0.05129034721500001,-0.01167046420599993,-0.051088300710400006,-0.007913958958399992,-0.05192139513461369,-0.0078113003906858615,-0.9750768997515687,-0.22186630963808468,-1,-1,instant_velocity,dbscan_kmeans_fallback,False
4240,288,11.3861624307,11.7420621459,-0.022603952779999936,0.02651510375000008,-0.022923859741999984,0.024906536698000005,-0.02287721345686474,0.024286933303821628,-0.6487491740339977,0.761001928497143,-1,-1,instant_velocity,dbscan_kmeans_fallback,False
4240,362,10.6253310594,9.04019455335,-0.02538209222999992,-0.002124072216999906,-0.022915441136000005,-0.0031025773961999904,-0.023485920188241083,-0.0032327304501709787,-0.9965163960767691,-0.08339236858456354,5,5,instant_velocity,dbscan_kmeans_fallback,False
4240,363,10.8599996567,8.56526155192,-0.02104651096000012,-0.0019331443769999624,-0.021888371400000006,-0.002281587685199966,-0.021826580045998936,-0.002656641306122594,-0.9958077249836406,-0.091465996800319,5,5,instant_velocity,dbscan_kmeans_fallback,False
4240,364,8.00461951439,8.55189660313,-0.035863254679999915,-0.016801649900000014,-0.03648202210239997,-0.011140639450599999,-0.035269034434499316,-0.012243717437317834,-0.9055484541088425,-0.4242422565709822,-1,-1,instant_velocity,dbscan_kmeans_fallback,False
4240,432,6.85884745759,8.80654660943,0.030412208340999936,0.0,0.009129976455599991,0.0006157422833999959,0.011768130953850792,0.0005288656694222936,0.9999996711847886,0.0,0,0,instant_velocity,dbscan_kmeans_fallback,False
4250,142,7.18464744729,9.86906003775,0.029612440924999994,0.008854278569000052,0.014395813498399992,0.005035721773999988,0.01698013685058837,0.0056949356658839035,0.9580878567434001,0.2864734048323739,0,0,instant_velocity,dbscan_kmeans_fallback,False
4250,169,10.2605950245,11.0289466644,0.015153487899999974,0.007637113599999879,0.021185417935600023,0.015131031301999975,0.019951864598823643,0.01265102669314664,0.8929990959149489,0.45005714758248255,-1,-1,instant_velocity,dbscan_kmeans_fallback,False
4250,171,14.4785262865,6.26887695907,0.036936626739999846,0.010620361086999975,0.03814469646999999,0.005961721796799999,0.037756709839478646,0.00580111255033024,0.9610615851352533,0.27633332986327275,1,1,instant_velocity,dbscan_kmeans_fallback,False
4250,172,14.8066413924,5.43834085607,0.033274533829999876,0.008472422889999987,0.039958905714,0.007460505339000001,0.03809931796762576,0.005758725688997145,0.9690791943703267,0.24674872352992883,1,1,instant_velocity,dbscan_kmeans_fallback,False
4250,176,4.6683265966,9.87598117194,-0.015616511135,0.036491083375999975,-0.024014069008399995,0.03332168123599999,-0.023440238115119506,0.033217021329435326,-0.3934397222518973,0.9193501406307713,2,2,instant_velocity,dbscan_kmeans_fallback,False
4250,177,4.27307312073,9.28840074505,-0.017721162229999976,0.04040510409199989,-0.028475929332199997,0.03674406276399999,-0.0274024708790516,0.036245602183875264,-0.4016542824140465,0.9157911247188607,2,2,instant_velocity,dbscan_kmeans_fallback,False
4250,178,11.7923600923,4.67272021859,0.041440580079999914,0.02675376354800001,0.05251525415339998,0.019307577796800004,0.04992000746619492,0.017270102775361902,0.8401310753042569,0.5423830480805646,-1,-1,instant_velocity,dbscan_kmeans_fallback,False
4250,179,6.88073582899,7.46694915363,-0.03929383596700005,-0.005560773334000046,-0.0391759755056,-0.008558340417799997,-0.0390411849879193,-0.007128855858158267,-0.9901340627883205,-0.14012149636045773,3,3,instant_velocity,dbscan_kmeans_fallback,False
4250,180,11.5513775418,10.4480487119,-0.02209883650999984,0.010143041490000115,-0.02081920864399997,0.010711051812000001,-0.02151613282827544,0.011598419157030481,-0.9088398795955195,0.4171441606137359,-1,-1,instant_velocity,dbscan_kmeans_fallback,False
4250,181,5.85955911708,6.31708623862,0.05472092850200001,0.017207371559999983,0.0529277657686,0.014171618906999993,0.05122708866161067,0.014918276108872176,0.9539468391718878,0.29997513126112735,-1,-1,instant_velocity,dbscan_kmeans_fallback,False
4250,182,9.15165436185,7.95715638225,-0.05225848672000009,-0.005775567152999983,-0.056758230763000024,-0.002109752629399999,-0.0542008397493009,-0.0020090540330820403,-0.9939479463139509,-0.10985035103065142,3,3,instant_velocity,dbscan_kmeans_fallback,False
4250,183,1.67319762152,5.00207074219,0.031569766444,0.005608505293000032,0.031569766444,0.005608505293000032,0.025221919853767025,0.005643120510546007,0.9845831418270155,0.17491544551432403,4,4,instant_velocity,dbscan_kmeans_fallback,False
4250,184,1.10936159284,3.94814906666,0.030054417654900002,0.006133556853000011,0.030054417654900002,0.006133556853000011,0.015332172771225002,0.003128113994820006,0.9798037251139206,0.19996001658636767,4,4,instant_velocity,dbscan_kmeans_fallback,False
4250,185,14.7738088353,4.00566607839,0.0,0.0,0.0,0.0,0.0,0.0,0.0,0.0,-1,-1,instant_velocity,dbscan_kmeans_fallback,False
4250,186,0.24161394585,5.85337024777,0.0,0.0,0.0,0.0,0.0,0.0,0.0,0.0,-1,-1,instant_velocity,dbscan_kmeans_fallback,False
4250,287,3.3148254766,4.0810825751,-0.050869416997000004,-0.011932989986000031,-0.05171127743500001,-0.010114402311799999,-0.05160580169332959,-0.009047807269280114,-0.9735715851600222,-0.22838122908021263,-1,-1,instant_velocity,dbscan_kmeans_fallback,False
4250,288,11.407840337,11.9971894718,0.0021677906299998996,0.02551273259000002,-0.01783060408800001,0.025407722278000016,-0.015363712230805349,0.024654673089675148,0.0846638623026414,0.996409177653828,-1,-1,instant_velocity,dbscan_kmeans_fallback,False
4250,362,10.3765612999,9.02014713017,-0.02487697595,-0.0020047423179999414,-0.02379939459599999,-0.00268253614879999,-0.02390323691676876,-0.0028643340105196672,-0.9967682585110326,-0.08032582067420345,5,5,instant_velocity,dbscan_kmeans_fallback,False
4250,363,10.6495345471,8.54593010814,-0.02104651095999994,-0.0019331443780000513,-0.021538999318000015,-0.0021383918053999905,-0.021592559320199236,-0.002439592227685831,-0.9958077249793307,-0.09146599684724274,5,5,instant_velocity,dbscan_kmeans_fallback,False
4250,364,7.64388231649,8.39819969212,-0.03607371979000007,-0.015369691100999994,-0.0364862314046,-0.012620330208800006,-0.035510440041149546,-0.013181509536422484,-0.9199781472657153,-0.3919690019620319,3,3,instant_velocity,dbscan_kmeans_fallback,False
4250,432,7.16802070363,8.88196310614,0.03091732460400003,0.007541649670999994,0.014686255349799993,0.001966556749800006,0.017512889048895565,0.002632700869895604,0.9715139655226044,0.23698098306693452,0,0,instant_velocity,dbscan_kmeans_fallback,False
4260,142,7.42205209094,9.9086775645,0.023740464365000057,0.003961752674999985,0.01885767382240001,0.005470082609400002,0.019008235104911876,0.005174980768618729,0.9863597479333253,0.16460138731103346,-1,-1,instant_velocity,dbscan_kmeans_fallback,False
4260,169,10.4165496707,11.1046018209,0.015595464619999966,0.007565515649999988,0.019569045892999987,0.013293350844000002,0.018644944605176537,0.011125373380202643,0.8997212053440902,0.43646374285882494,-1,-1,instant_velocity,dbscan_kmeans_fallback,False
4260,171,14.848103019,6.37484191015,0.03695767325000006,0.010596495107999981,0.03744174300200001,0.008691989905599993,0.03751699886263507,0.007239727317631163,0.9612679731184718,0.27561452004089376,0,0,instant_velocity,dbscan_kmeans_fallback,False
4260,172,15.1391762656,5.52306508497,0.03325348732000002,0.008472422889999987,0.037277580218,0.007861453802599989,0.036645568773338036,0.006572834849297998,0.9690418412834176,0.24689537666984632,0,0,instant_velocity,dbscan_kmeans_fallback,False
4260,176,4.55278125142,10.2222765413,-0.011554534518000014,0.034629536935999995,-0.018508301740400003,0.03547439262879998,-0.01987452703598366,0.03364077601140473,-0.31650761660192506,0.9485896798842967,1,1,instant_velocity,dbscan_kmeans_fallback,False
4260,177,4.2046719601,9.70128219855,-0.006840116063000057,0.04128814535000007,-0.020983371429600002,0.03909724838900001,-0.02123376443423614,0.03775836513371271,-0.163440065475048,0.9865530229596124,1,1,instant_velocity,dbscan_kmeans_fallback,False
4260,178,12.2069763583,4.94025785407,0.04146162660000012,0.02675376354800001,0.048419603120800014,0.02206648508160001,0.04738249320633648,0.020115201007153333,0.8402565281850936,0.5421886770531895,-1,-1,instant_velocity,dbscan_kmeans_fallback,False
4260,179,6.50758118962,7.42709296708,-0.037315463937000005,-0.0039856186549999785,-0.038822394121600004,-0.007174113579399997,-0.038523468672643515,-0.0061858846972107796,-0.99434402379174,-0.10620465813859355,2,2,instant_velocity,dbscan_kmeans_fallback,False
4260,180,11.3303891767,10.5494791267,-0.022098836510000018,0.010143041479999938,-0.021294859791999982,0.010501031185999992,-0.021690943932792812,0.01116180585392132,-0.90883987975144,0.417144160274029,-1,-1,instant_velocity,dbscan_kmeans_fallback,False
4260,181,6.36593817084,6.48104552102,0.05063790537599999,0.016395928240000045,0.0530961378562,0.015541526157400015,0.05105033367592747,0.015361571748210536,0.9513723611150905,0.3080426184009471,-1,-1,instant_velocity,dbscan_kmeans_fallback,False
4260,182,8.62906949465,7.89963937052,-0.05225848671999991,-0.00575170117299999,-0.05485983547499998,-0.0033412371958000085,-0.0536181338405106,-0.0031318481750574256,-0.9939974098822331,-0.10940186804511054,2,2,instant_velocity,dbscan_kmeans_fallback,False
4260,183,1.98889528596,5.05815579513,0.031569766444,0.005608505294000032,0.033198766392299996,0.00743186616320001,0.02712627383083692,0.005632735945582215,0.9845831418216443,0.17491544554455737,3,3,instant_velocity,dbscan_kmeans_fallback,False
4260,184,1.41011623449,4.00948463519,0.030075464165,0.006133556852999966,0.030075464165,0.006133556852999966,0.019755160189357503,0.004029746852273994,0.979831132214237,0.199825675933183,3,3,instant_velocity,dbscan_kmeans_fallback,False
4260,185,14.133994902,3.96748051044,-0.06398139333000011,-0.0038185567949999832,-0.06398139333000011,-0.0038185567949999832,-0.019194417999000034,-0.0011455670384999952,-0.9982235995157467,-0.059576281641758204,-1,-1,instant_velocity,dbscan_kmeans_fallback,False
4260,186,0.763988347941,5.9151831359,0.0522374402091,0.006181288813000041,0.0522374402091,0.006181288813000041,0.015671232062730002,0.0018543866439000125,0.9930714180292955,0.11751075899207679,-1,-1,instant_velocity,dbscan_kmeans_fallback,False
4260,287,2.88063595544,3.96485525264,-0.043418952116,-0.01162273224599999,-0.050317998409399996,-0.011288608526399999,-0.04914974682013071,-0.009820284762296077,-0.9659886610909708,-0.25858356808189864,-1,-1,instant_velocity,dbscan_kmeans_fallback,False
4260,288,11.4297287084,12.2523167977,0.0021888371400001104,0.02551273259000002,-0.012733139133999991,0.025904134662000013,-0.010097947419563711,0.024912090939772612,0.08547986413071562,0.9963395062806601,-1,-1,instant_velocity,dbscan_kmeans_fallback,False
4260,362,10.1717787482,9.00725950099,-0.020478255170000105,-0.0012887629180001526,-0.023807813200000007,-0.0021240722174000128,-0.022875742392738162,-0.0023916626827638126,-0.9980250803579434,-0.06280895047560994,4,4,instant_velocity,dbscan_kmeans_fallback,False
4260,363,10.4173915311,8.51323371558,-0.02321430160000002,-0.003269639256000012,-0.021618976062,-0.002257721705199991,-0.02207908200413947,-0.002688606336180085,-0.9902259689467983,-0.13946927011489751,4,4,instant_velocity,dbscan_kmeans_fallback,False
4260,364,7.26188814252,8.37170845435,-0.03819941739699999,-0.0026491237770001064,-0.03668827790999998,-0.011560680697999998,-0.036317133247904684,-0.01002179380859577,-0.9976036780443388,-0.06918366309266195,2,2,instant_velocity,dbscan_kmeans_fallback,False
4260,432,7.48919046091,9.13303321543,0.032116975727999986,0.025107010928999963,0.020486673770799994,0.006830443467800009,0.02189411505262689,0.009374993887626913,0.7878382125443133,0.6158818557560881,-1,-1,instant_velocity,dbscan_kmeans_fallback,False
4270,142,7.6200997591,9.91559869869,0.01980476681600001,0.0006921134189999733,0.0225323946364,0.005250515593599978,0.019247194618238317,0.0038301205637331017,0.9993894146824486,0.034925471788410246,-1,-1,instant_velocity,dbscan_kmeans_fallback,False
4270,169,10.6118612924,11.1726198638,0.019531162170000015,0.006801804290000035,0.018638790107799997,0.010763556968000004,0.01891080987462358,0.00982830265314186,0.944370897629374,0.32888089131291337,-1,-1,instant_velocity,dbscan_kmeans_fallback,False
4270,176,4.43744637134,10.5688105705,-0.01153348800799998,0.034653402920000076,-0.015073511151400005,0.03624765038020002,-0.017372215327588557,0.03394456408398333,-0.3157927980007639,0.948827888039079,0,0,instant_velocity,dbscan_kmeans_fallback,False
4270,177,4.13648126458,10.1139249923,-0.006819069551999934,0.0412642793749999,-0.0152376739368,0.04060557832419999,-0.016909355969565276,0.03881013940609887,-0.1630422871687051,0.986618839471323,0,0,instant_velocity,dbscan_kmeans_fallback,False
4270,178,12.5426682081,5.30803260543,0.033569184979999986,0.03677747513599998,0.042745463764,0.026830134683800005,0.043238500738435534,0.02511388324580733,0.6741569727528786,0.7385878244572149,-1,-1,instant_velocity,dbscan_kmeans_fallback,False
4270,179,6.21293003615,7.45095894705,-0.029465115346999936,0.0023865979970000063,-0.03689874301939998,-0.004515443410599999,-0.03580596267495044,-0.0036141398889475433,-0.9967354254171646,0.08073298684988037,1,1,instant_velocity,dbscan_kmeans_fallback,False
4270,180,11.127500811,10.6499549024,-0.02028883656999998,0.010047577569999966,-0.021404301649999978,0.010271917779999988,-0.021270311723954962,0.010827537368744915,-0.8961311810286146,0.44378826371909086,-1,-1,instant_velocity,dbscan_kmeans_fallback,False
4270,181,6.8723172246,6.64524346322,0.05063790537599999,0.01641979421999995,0.05326030064179999,0.0169162066036,0.05092660518594923,0.01567903848974736,0.9512408866476045,0.3084483747190445,-1,-1,instant_velocity,dbscan_kmeans_fallback,False
4270,182,8.06144509399,8.13829917023,-0.056762440065999974,0.02386597997100006,-0.05452309130019998,0.0014319587984000038,-0.05456142570815742,0.004967500268759821,-0.9218325565748312,0.38758794206609,-1,-1,instant_velocity,dbscan_kmeans_fallback,False
4270,183,2.3045929504,5.11424084806,0.031569766444,0.0056085052929999435,0.03263471989854,0.006806577487799999,0.028459321614785846,0.005625466749807533,0.984583141827016,0.17491544551432137,2,2,instant_velocity,dbscan_kmeans_fallback,False
4270,184,1.76285575822,4.11902948325,0.035273952372999996,0.010954484806000054,0.035273952372999996,0.010954484806000054,0.02441079784445025,0.006107168238391813,0.9550071759043973,0.2965817804435618,2,2,instant_velocity,dbscan_kmeans_fallback,False
4270,185,13.4941809688,3.92929494248,-0.06398139331999993,-0.003818556796000028,-0.06398139331999993,-0.003818556796000028,-0.032630510595300005,-0.0019474639657500051,-0.998223599514265,-0.05957628166658392,-1,-1,instant_velocity,dbscan_kmeans_fallback,False
4270,186,1.28615228492,5.97699602402,0.0522163936979,0.006181288811999952,0.0522163936979,0.006181288811999952,0.026634780553281,0.0031524572943299944,0.9930658896381795,0.11755746880401907,-1,-1,instant_velocity,dbscan_kmeans_fallback,False
4270,187,0.249822085126,6.17579963718,0.0,0.0,0.0,0.0,0.0,0.0,0.0,0.0,-1,-1,instant_velocity,dbscan_kmeans_fallback,False
4270,287,2.55778247728,3.85363978597,-0.03228534781599999,-0.011121546667000003,-0.0461718357496,-0.011388845642400005,-0.044090427118891495,-0.010210663333707255,-0.9454749299051468,-0.3256939840123868,-1,-1,instant_velocity,dbscan_kmeans_fallback,False
4270,288,11.4560368471,12.508160103,0.0026308138699999263,0.02558433052999991,-0.007644092781999987,0.025928000641999988,-0.00627931903269462,0.0251137628168408,0.10228969273993677,0.99475426168053,-1,-1,instant_velocity,dbscan_kmeans_fallback,False
4270,362,9.96699619654,8.994133212,-0.020478255165999926,-0.001312628898999968,-0.02331953414720001,-0.0017660825180000118,-0.02215649622471669,-0.002067952547634659,-0.9979515027409714,-0.06396736302383516,3,3,instant_velocity,dbscan_kmeans_fallback,False
4270,363,10.182933399,8.47934402402,-0.023445813210000034,-0.0033889691560000657,-0.021959929538000012,-0.002491608308999993,-0.02248910136589764,-0.0028987151821260795,-0.9897138881104959,-0.14305794429176746,3,3,instant_velocity,dbscan_kmeans_fallback,False
4270,364,6.87989396855,8.34521721658,-0.03819941739699999,-0.0026491237769999286,-0.03689032441519999,-0.01050103118740001,-0.03688181849263328,-0.0078099927991170165,-0.9976036780443389,-0.06918366309265732,1,1,instant_velocity,dbscan_kmeans_fallback,False
4270,432,7.82824975252,9.33923528239,0.03390592916099999,0.020620206695999954,0.026640673576399987,0.010796969339200012,0.02549765928513882,0.012748557730138825,0.8544017995146191,0.5196124142113364,-1,-1,instant_velocity,dbscan_kmeans_fallback,False
4280,142,7.81814742726,9.92251983289,0.01980476681599992,0.0006921134200000622,0.024519185271399985,0.0046061341345999905,0.019414466277566798,0.0028887184206131894,0.9993894146806872,0.0349254718388154,-1,-1,instant_velocity,dbscan_kmeans_fallback,False
4280,169,10.8073833793,11.2408765665,0.01955220868999987,0.006825670270000117,0.01771695292879997,0.00823853628600002,0.019103229519236466,0.008927512938199336,0.9441226270294546,0.32959292981796623,-1,-1,instant_velocity,dbscan_kmeans_fallback,False
4280,176,4.30211730586,10.9120033625,-0.013532906547999967,0.0343192792,-0.014113790251399987,0.03556508335340002,-0.01622042269371198,0.03405697861878833,-0.36683391744020194,0.930286157523244,0,0,instant_velocity,dbscan_kmeans_fallback,False
4280,177,4.06829056906,10.5268064458,-0.0068190695520000235,0.04128814535000007,-0.012122790314399995,0.040858557711800005,-0.0138822700442957,0.03955354118926923,-0.16295054627098754,0.9866339957370217,0,0,instant_velocity,dbscan_kmeans_fallback,False
4280,178,12.8781495929,5.67556869699,0.033548138479999955,0.03675360915599999,0.03829623134799998,0.030763248183199997,0.04033139206090486,0.028605801018865125,0.674165057624996,0.7385804446155174,-1,-1,instant_velocity,dbscan_kmeans_fallback,False
4280,179,5.91827888267,7.47482492703,-0.029465115348000025,0.0023865979980000063,-0.0349666733132,-0.0020667938653999938,-0.033903708476865316,-0.0018139185228632781,-0.996735425414663,0.0807329868807652,1,1,instant_velocity,dbscan_kmeans_fallback,False
4280,180,10.9664950021,10.7480440801,-0.01610058089000006,0.009808917770000036,-0.020537185397999983,0.010057123959999999,-0.019719392473768492,0.010521951489121452,-0.8539962860065751,0.5202780820489947,-1,-1,instant_velocity,dbscan_kmeans_fallback,False
4280,181,7.37869627836,6.80920274562,0.05063790537599999,0.016395928240000045,0.05235530067039999,0.016739598351800014,0.05083999524296446,0.015894105414823168,0.9513723611150905,0.3080426184009471,-1,-1,instant_velocity,dbscan_kmeans_fallback,False
4280,182,7.49382069333,8.37695896994,-0.056762440066000064,0.023865979970999974,-0.05418213782139999,0.006205154792599999,-0.05522173001551021,0.010637044179431867,-0.921832556574832,0.38758794206608826,-1,-1,instant_velocity,dbscan_kmeans_fallback,False
4280,183,2.66175224143,5.09467074448,0.03571592910299999,-0.0019570103579999555,0.0329041152388,0.004663412486400009,0.03063630386125009,0.0033507236174652863,0.9985019141774467,-0.05471168292704197,-1,-1,instant_velocity,dbscan_kmeans_fallback,False
4280,184,2.11538481685,4.22881299112,0.035252905862999985,0.010978350786999958,0.03214644084428,0.0080667012302,0.02766343025001517,0.007568523002974257,0.9547736636636107,0.2973326579835096,-1,-1,instant_velocity,dbscan_kmeans_fallback,False
4280,185,12.8709937791,3.95316092245,-0.062318718969999944,0.0023865979970000063,-0.062318718969999944,0.0023865979970000063,-0.041536973107709985,-0.0006472453769250015,-0.9992673288198343,0.038268588392791306,-1,-1,instant_velocity,dbscan_kmeans_fallback,False
4280,186,1.79905575708,6.05312850013,0.05129034721600001,0.007613247610999974,0.05129034721600001,0.007613247610999974,0.034031450552096706,0.004490694389330988,0.9891621976559147,0.14682561431064295,-1,-1,instant_velocity,dbscan_kmeans_fallback,False
4280,187,0.684432536502,6.56075789412,0.0434610451376,0.03849582569400001,0.0434610451376,0.03849582569400001,0.013038313541280001,0.011548747708200004,0.7485730292836938,0.6630520909770733,-1,-1,instant_velocity,dbscan_kmeans_fallback,False
4280,188,15.1640111485,3.93192020028,0.0,0.0,0.0,0.0,0.0,0.0,0.0,0.0,-1,-1,instant_velocity,dbscan_kmeans_fallback,False
4280,287,2.23513946422,3.74218565951,-0.032264301306,-0.011145412645999997,-0.04202567309,-0.011498629150199991,-0.040542589375024043,-0.010491088127395078,-0.9451938785841401,-0.32650872267097286,-1,-1,instant_velocity,dbscan_kmeans_fallback,False
4280,288,11.5227542869,12.7699699033,0.0066717439799999665,0.026180980030000002,-0.0017889534320000068,0.025861175898000008,-0.002394000128886243,0.025433927980788563,0.2469396937088744,0.9690304677438162,-1,-1,instant_velocity,dbscan_kmeans_fallback,False
4280,362,9.76221364487,8.98124558282,-0.020478255167000015,-0.0012887629179999748,-0.022338766736599992,-0.0016037938539999886,-0.02165302390740169,-0.0018341956587442536,-0.998025080357367,-0.0628089504847666,2,2,instant_velocity,dbscan_kmeans_fallback,False
4280,363,9.94847526689,8.44521567266,-0.023445813210999943,-0.00341283513599997,-0.022439789988200013,-0.0027875464606000122,-0.02277611491942833,-0.003052951168288247,-0.9895707755424138,-0.14404456275141728,2,2,instant_velocity,dbscan_kmeans_fallback,False
4280,364,6.48232537647,8.3261244326,-0.039756859207999984,-0.0019092783979999695,-0.03761853369439999,-0.007875773390600003,-0.03774433070724329,-0.006039778478781902,-0.998848593605612,-0.04796857902346817,1,1,instant_velocity,dbscan_kmeans_fallback,False
4280,432,8.19382764794,9.47741930642,0.03655778954199995,0.013818402403000007,0.03278204547519998,0.013417453939799984,0.028815698362197162,0.01306951113199718,0.9354068572700278,0.3535724814388137,-1,-1,instant_velocity,dbscan_kmeans_fallback,False
4290,142,8.05386835004,9.97120643203,0.023572092278000056,0.004868659913999984,0.023306906240000008,0.0038137835994000112,0.020661754077696777,0.003482700868629228,0.9793285761155298,0.2022738467564195,-1,-1,instant_velocity,dbscan_kmeans_fallback,False
4290,169,10.9793333738,11.334431208,0.017194999450000026,0.009355464149999904,0.01740546456599997,0.007637113591999985,0.018530760498465533,0.009055898301739506,0.8784020124917452,0.4779214190177993,-1,-1,instant_velocity,dbscan_kmeans_fallback,False
4290,176,4.12006498603,11.2473203811,-0.018205231983000038,0.033531701859999964,-0.0140885344384,0.0347250008584,-0.016815865480498397,0.03389939559115182,-0.4771384610559019,0.8788278357016129,0,0,instant_velocity,dbscan_kmeans_fallback,False
4290,177,3.91149406239,10.8571116086,-0.01567965066700001,0.03303051628000002,-0.0107758136128,0.03945523808939999,-0.014421484231106993,0.03759663371648846,-0.42883700235087535,0.9033815796310168,0,0,instant_velocity,dbscan_kmeans_fallback,False
4290,178,13.2138414427,6.04334344834,0.033569184979999986,0.03677747513499998,0.036717743023999994,0.032763217304599995,0.038302729936633396,0.03105730325370558,0.6741569727628781,0.7385878244480876,-1,-1,instant_velocity,dbscan_kmeans_fallback,False
4290,179,5.62846842672,7.48532595821,-0.028981045595000053,0.0010501031179999565,-0.03290411523880001,-0.0007446185752000112,-0.03242690961230574,-0.0009547120306043076,-0.9993438448263368,0.03621035976656587,1,1,instant_velocity,dbscan_kmeans_fallback,False
4290,180,10.8054891933,10.8463719176,-0.01610058088000006,0.009832783750000119,-0.019337534271999992,0.009995072412000034,-0.018633748995637963,0.010315201167385052,-0.8534337060293352,0.5212003926374857,-1,-1,instant_velocity,dbscan_kmeans_fallback,False
4290,181,7.84845440305,7.04046409155,0.046975812469000025,0.023126134592999927,0.050722091419800004,0.01790903137059999,0.04968074041077512,0.018063714168276197,0.8971736775198852,0.4416774959094868,-1,-1,instant_velocity,dbscan_kmeans_fallback,False
4290,182,6.92619629267,8.61561876966,-0.056762440065999974,0.023865979971999886,-0.0549608587276,0.012014134317599989,-0.05568394303065714,0.014605724917202273,-0.9218325565690297,0.38758794207988806,-1,-1,instant_velocity,dbscan_kmeans_fallback,False
4290,183,3.03659060168,5.04240424835,0.03748383602500001,-0.005226649613000056,0.033581812892,0.0019283711817999994,0.03269056351037507,0.0007775116483256833,0.9904178403699958,-0.13810131435388992,-1,-1,instant_velocity,dbscan_kmeans_fallback,False
4290,184,2.46812434058,4.33835783919,0.03527395237300004,0.010954484807000054,0.033186138485780003,0.009030886821200007,0.029946586886910632,0.008584311544181995,0.9550071758967292,0.2965817804682541,-1,-1,instant_velocity,dbscan_kmeans_fallback,False
4290,185,12.2585403101,4.01807638798,-0.06124534690000001,0.006491546552999994,-0.06124534690000001,0.006491546552999994,-0.047449485245396994,0.0014943922020524973,-0.9944295257044272,0.10540205724245791,-1,-1,instant_velocity,dbscan_kmeans_fallback,False
4290,186,2.298068532,6.15026303862,0.049901277491999976,0.009713453849000065,0.049901277491999976,0.009713453849000065,0.038792398634067686,0.006057522227231712,0.9815767459982597,0.1910672612145911,-1,-1,instant_velocity,dbscan_kmeans_fallback,False
4290,187,1.11883252277,6.94571615106,0.0434399986268,0.03849582569400001,0.0434399986268,0.03849582569400001,0.022158819066936,0.019632871103940006,0.7484135932613695,0.6632320475128947,-1,-1,instant_velocity,dbscan_kmeans_fallback,False
4290,188,14.9886937122,4.78703826265,-0.01753174363000003,0.08551180623700003,-0.01753174363000003,0.08551180623700003,-0.00525952308900001,0.02565354187110001,-0.20084364305149663,0.979623193848446,-1,-1,instant_velocity,dbscan_kmeans_fallback,False
4290,287,1.89060807977,3.64743771902,-0.034453138444999996,-0.009474794049000002,-0.038658231336,-0.011059495118800005,-0.03871575409601683,-0.010186199903876555,-0.9642038280558474,-0.26516111751823207,-1,-1,instant_velocity,dbscan_kmeans_fallback,False
4290,288,11.5894717266,13.0320183634,0.006671743969999966,0.02620484601000008,0.004066185917999974,0.025799124350000008,0.0003257231007796199,0.025665203389552017,0.24672849051834841,0.969084264831751,-1,-1,instant_velocity,dbscan_kmeans_fallback,False
4290,362,9.55006481437,8.94544661286,-0.021214883050000032,-0.0035798969960000094,-0.021505324900600017,-0.0018949588098000091,-0.02152158165018119,-0.0023579060599209804,-0.9860591857969292,-0.16639216482094332,2,2,instant_velocity,dbscan_kmeans_fallback,False
4290,363,9.72096248338,8.40440484691,-0.022751278351000083,-0.004081082575000039,-0.022780743466400005,-0.0032171341002000275,-0.022768663948899853,-0.0033613905903017846,-0.9842894337935647,-0.17656003302491335,2,2,instant_velocity,dbscan_kmeans_fallback,False
4290,364,6.06139515722,8.31800999941,-0.042093021925000064,-0.0008114433190000269,-0.03886448714340002,-0.004677732074400005,-0.03904893807257032,-0.0044712779308473385,-0.9998140055365976,-0.019273797839481844,1,1,instant_velocity,dbscan_kmeans_fallback,False
4290,432,8.57645321724,9.68362137337,0.038262556930000004,0.020620206695000042,0.034352115192999993,0.01754149527879999,0.031649755932538014,0.015334719800898039,0.8803047796227799,0.4744080889216773,-1,-1,instant_velocity,dbscan_kmeans_fallback,False
4300,142,8.43965089598,10.1860002518,0.038578254593999974,0.021479381976999966,0.025100068973800002,0.006338804280999994,0.026036704232587735,0.00888170520114045,0.8737046397559518,0.48645631820040897,0,0,instant_velocity,dbscan_kmeans_fallback,False
4300,169,11.0961415097,11.48693482,0.011680813590000127,0.01525036120000003,0.016710929704,0.009159763112000015,0.01647577642592591,0.010914237171217664,0.6080662548269299,0.7938856269036514,-1,-1,instant_velocity,dbscan_kmeans_fallback,False
4300,176,3.9380126662,11.5826373997,-0.018205231982999993,0.033531701859999964,-0.014606278607999998,0.0341331245552,-0.017232675431248876,0.03378908747180626,-0.4771384610559009,0.8788278357016133,1,1,instant_velocity,dbscan_kmeans_fallback,False
4300,177,3.69555685991,11.1325250174,-0.021593720248000013,0.027541340880000043,-0.011550325216400007,0.03688248544700002,-0.0165731550361749,0.034580045865541933,-0.6170100502445339,0.7869549074918928,1,1,instant_velocity,dbscan_kmeans_fallback,False
4300,178,13.5236460841,6.4094475811,0.030980464139999952,0.03661041327600003,0.034625719836000005,0.0347345472502,0.03610605019764336,0.03272323626039392,0.6459715378362486,0.7633612220219754,-1,-1,instant_velocity,dbscan_kmeans_fallback,False
4300,179,5.35781029574,7.44284451386,-0.027065813097999936,-0.00424814443499999,-0.03045851066499999,-0.0004820927953999998,-0.030818580658013996,-0.0019427417519230124,-0.9879050425073167,-0.1550577214673078,2,2,instant_velocity,dbscan_kmeans_fallback,False
4300,180,10.6444833844,10.9446997551,-0.016100580889999883,0.00983278374999994,-0.018137883148,0.009933020863999999,-0.01787379856394654,0.010170475942169518,-0.8534337061733291,0.5212003924017051,-1,-1,instant_velocity,dbscan_kmeans_fallback,False
4300,181,8.31400322554,7.27912389126,0.04655488224900006,0.02386597997100006,0.049088882169200015,0.019240753052800007,0.04874298296224261,0.019804393909093356,0.889881847094557,0.4561906574207133,-1,-1,instant_velocity,dbscan_kmeans_fallback,False
4300,182,6.33752538104,8.88769094133,-0.05886709116300004,0.02720721716700005,-0.05628257961619999,0.018610691181599998,-0.056638887470360014,0.018386172592141606,-0.9077373943962467,0.41953845403301265,-1,-1,instant_velocity,dbscan_kmeans_fallback,False
4300,183,3.41142896192,4.99013775221,0.037483836024,-0.005226649613999967,0.034764626808,-0.0002386597996000006,0.034128545264462545,-0.0010237367303720121,0.9904178403658782,-0.13810131438342027,3,3,instant_velocity,dbscan_kmeans_fallback,False
4300,184,2.8315975849,4.39324959313,0.03634732443199997,0.005489175393999979,0.0344447198412,0.008902010529400001,0.03186680815043744,0.007655770699127391,0.9887876265503087,0.1493267742363216,3,3,instant_velocity,dbscan_kmeans_fallback,False
4300,185,11.6462973062,4.0832305133,-0.06122430039000015,0.006515412532000031,-0.06255023058200003,0.001551288698200004,-0.051581929788777944,0.0030006983010367576,-0.9943850109945177,0.10582119388864204,-1,-1,instant_velocity,dbscan_kmeans_fallback,False
4300,186,2.79687084181,6.2476362369,0.04988023098100003,0.009737319827999968,0.051105137919199996,0.0078853197826,0.04211874833814739,0.007161461507462189,0.9814734120405784,0.1915973588686438,-1,-1,instant_velocity,dbscan_kmeans_fallback,False
4300,187,1.55344297415,7.330674408,0.043461045138,0.03849582569400001,0.043461045138,0.03849582569400001,0.0285494868882552,0.025291757480958008,0.7485730292867228,0.6630520909736537,-1,-1,instant_velocity,dbscan_kmeans_fallback,False
4300,188,14.8131658108,5.64239498483,-0.017552790140000062,0.08553567221799999,-0.017552790140000062,0.08553567221799999,-0.008947503204300027,0.04361818097517001,-0.20102117305994455,0.979586779685227,-1,-1,instant_velocity,dbscan_kmeans_fallback,False
4300,287,1.51366506843,3.5779877173,-0.037694301134000005,-0.006945000171999993,-0.036023208163399996,-0.010061897155999998,-0.03840931820741179,-0.009213839984313587,-0.9834468276266356,-0.1811955171350606,-1,-1,instant_velocity,dbscan_kmeans_fallback,False
4300,288,11.6561891664,13.2938281636,0.006671743980000144,0.02618098002,0.0049669765880000225,0.025932773836,0.0022295293645457777,0.02581993637868641,0.24693969379744923,0.9690304677212443,-1,-1,instant_velocity,dbscan_kmeans_fallback,False
4300,362,9.32739272838,8.87528063174,-0.02226720859900002,-0.007016598111999883,-0.02098337143040002,-0.0028973299685999977,-0.02174526973482684,-0.0037555136755446517,-0.9537684374907793,-0.30054103045872643,4,4,instant_velocity,dbscan_kmeans_fallback,False
4300,363,9.50418342047,8.35380896937,-0.02167790629099997,-0.0050595877539999275,-0.02290702253260001,-0.0038424227754000027,-0.022441436651529888,-0.0038708497394112275,-0.9738267577963275,-0.2272895671806352,4,4,instant_velocity,dbscan_kmeans_fallback,False
4300,364,5.64046493796,8.31013422602,-0.04209302192599997,-0.0007875773389999452,-0.0400683475706,-0.0017613093219999954,-0.03996216322859922,-0.0033661677532931204,-0.999824768897554,-0.018707122818097936,2,2,instant_velocity,dbscan_kmeans_fallback,False
4300,417,8.32831485299,5.56268261172,0.0,0.0,0.0,0.0,0.0,0.0,0.0,0.0,5,5,instant_velocity,dbscan_kmeans_fallback,False
4300,418,7.68744859418,5.13572023003,0.0,0.0,0.0,0.0,0.0,0.0,0.0,0.0,5,5,instant_velocity,dbscan_kmeans_fallback,False
4300,432,8.97633692553,9.95808014304,0.039988370828999996,0.02744587696699998,0.03616632443799998,0.02152234073799999,0.03415134040147661,0.01896806695072862,0.8244855033488799,0.565882710819962,0,0,instant_velocity,dbscan_kmeans_fallback,False
4310,142,8.82543344193,10.4007940715,0.03857825459500006,0.021479381970000055,0.028067627019800003,0.009842330140000008,0.02979916934131143,0.012661008231798332,0.8737046398286905,0.4864563180697661,0,0,instant_velocity,dbscan_kmeans_fallback,False
4310,169,11.2131601106,11.6391997722,0.011701860089999983,0.015226495219999947,0.015932208798000006,0.010691959026000007,0.015043601525148134,0.01220791458585235,0.6093561236611282,0.7928960039552037,-1,-1,instant_velocity,dbscan_kmeans_fallback,False
4310,176,3.75596034638,11.9181930781,-0.01820523198199999,0.03355556784000004,-0.015936418100799994,0.03391833073600001,-0.017524442396474212,0.0337190315822644,-0.47687629749101523,0.878970120653737,1,1,instant_velocity,dbscan_kmeans_fallback,False
4310,177,3.47961965744,11.4079384263,-0.021593720247000014,0.027541340889999866,-0.0145010460532,0.03413312455499998,-0.018079324599422433,0.032468434372879315,-0.6170100500880992,0.7869549076145452,1,1,instant_velocity,dbscan_kmeans_fallback,False
4310,178,13.773047239,6.77173315707,0.024940115490000102,0.036228557596999965,0.031321417614,0.03662950605999999,0.032756269785350386,0.03377483266137573,0.567037788991292,0.8236915024063689,-1,-1,instant_velocity,dbscan_kmeans_fallback,False
4310,179,5.08715216476,7.40012440971,-0.027065813098000026,-0.004272010414999983,-0.028408580497199996,-0.0005393711474000007,-0.029692750390009806,-0.0026415223508461034,-0.9877712560527996,-0.15590771569345485,2,2,instant_velocity,dbscan_kmeans_fallback,False
4310,180,10.4716915294,11.1618801728,-0.017279185500000162,0.021718041769999984,-0.017173952946000028,0.01224802092200001,-0.017695414644762625,0.013634745690518658,-0.6225999251990185,0.7825398472324419,-1,-1,instant_velocity,dbscan_kmeans_fallback,False
4310,181,8.77955204803,7.51778369097,0.04655488224899997,0.023865979970999974,0.04827227754380001,0.020734763398999993,0.04808655274826982,0.02102286972766534,0.8898818470945573,0.45619065742071274,-1,-1,instant_velocity,dbscan_kmeans_fallback,False
4310,182,5.73980446971,9.17408270098,-0.05977209113299997,0.028639175964999986,-0.057785300498800006,0.02548886660919999,-0.057578848569152005,0.02146207360399912,-0.9018254038607614,0.4321002652125086,-1,-1,instant_velocity,dbscan_kmeans_fallback,False
4310,183,3.83046499518,4.92331300829,0.04190360332599998,-0.006682474391999982,0.0368313941844,-0.0026968557368000036,0.036461062682923776,-0.0027213580288604033,0.9875215276109016,-0.15748257419461606,3,3,instant_velocity,dbscan_kmeans_fallback,False
4310,184,3.22011617727,4.31974237481,0.038851859237000005,-0.0073507218320000515,0.0361999988556,0.006205154792399998,0.03396232347640621,0.003153822939789157,0.9825682876378395,-0.18590065714260717,3,3,instant_velocity,dbscan_kmeans_fallback,False
4310,185,11.0460508136,4.13096247324,-0.06002464925999984,0.0047731959940000126,-0.06175888176799997,0.0032696392560000033,-0.05411474563014451,0.0035324476089257342,-0.9968529882404905,0.07927034557863344,-1,-1,instant_velocity,dbscan_kmeans_fallback,False
4310,186,3.35039408013,6.21207592674,0.05535232383199999,-0.0035560310160000163,0.05172811464378,0.0059378558167999885,0.046088820986303174,0.003946213750423527,0.9979425676829905,-0.06411139546079628,3,3,instant_velocity,dbscan_kmeans_fallback,False
4310,187,1.9350162179,7.6624115296,0.03815732437499999,0.03317371215999998,0.03815732437499999,0.03317371215999998,0.03143183813427864,0.0276563438846706,0.7546697091683214,0.6561045911338431,-1,-1,instant_velocity,dbscan_kmeans_fallback,False
4310,188,14.6567902343,6.30061871244,-0.015637557649999856,0.06582237276100003,-0.015637557649999856,0.06582237276100003,-0.010954519538009976,0.05027943851091901,-0.2311387747691504,0.972920639712301,-1,-1,instant_velocity,dbscan_kmeans_fallback,False
4310,287,1.13651159198,3.50829905579,-0.037715347644999994,-0.006968866151000031,-0.0348824872692,-0.009131123937000005,-0.03820112703868825,-0.00854034783431952,-0.9833538308204418,-0.18169953756131654,-1,-1,instant_velocity,dbscan_kmeans_fallback,False
4310,288,11.7229066061,13.5558766237,0.006671743969999966,0.026204846009999904,0.005863557953999994,0.02607119651999998,0.0035621937461820345,0.02593540926808046,0.24672849051834994,0.9690842648317506,-1,-1,instant_velocity,dbscan_kmeans_fallback,False
4310,362,9.10451017729,8.80511465063,-0.02228825510899988,-0.00701659811100015,-0.021345371418199973,-0.004042897007199997,-0.02190816534707875,-0.004733839006181302,-0.9538497593434847,-0.30028283447298365,4,4,instant_velocity,dbscan_kmeans_fallback,False
4310,363,9.28719389245,8.30321309183,-0.021698952801999915,-0.005059587754000105,-0.02260395277299999,-0.004200412475000022,-0.022218691496670898,-0.004227471143787891,-0.9738755339976061,-0.22708048497531455,4,4,instant_velocity,dbscan_kmeans_fallback,False
4310,364,5.22269169536,8.30178113303,-0.041777324260000005,-0.0008353092990001088,-0.0407839289432,-0.001398546426399996,-0.040506711538019456,-0.002606910217005217,-0.9997999341750524,-0.019990322428469424,2,2,instant_velocity,dbscan_kmeans_fallback,False
4310,417,8.44238694241,5.42354394849,0.011407208942000046,-0.01391386632299998,0.011407208942000046,-0.01391386632299998,0.003422162682600014,-0.004174159896899995,0.63400740095798,-0.7733262596990089,5,5,instant_velocity,dbscan_kmeans_fallback,False
4310,418,7.78236835862,5.09729600228,0.009491976444000016,-0.0038424227750000206,0.009491976444000016,-0.0038424227750000206,0.0028475929332000055,-0.0011527268325000064,0.9269312249812917,-0.37522866504563956,5,5,instant_velocity,dbscan_kmeans_fallback,False
4310,432,9.39200551704,10.2086729327,0.04156685915100002,0.025059278966000065,0.03805630112259999,0.02151279434540001,0.03637599602633364,0.02079543055531005,0.8564076981452112,0.5162997603087968,0,0,instant_velocity,dbscan_kmeans_fallback,False
4320,142,9.19522063954,10.6096213963,0.036978719761,0.020882732479999964,0.0315024176088,0.013880453952200007,0.031953034467218006,0.015127525506258822,0.8707469909694974,0.4917308275598676,0,0,instant_velocity,dbscan_kmeans_fallback,False
4320,169,11.3299682465,11.7917033842,0.01168081358999995,0.01525036120000003,0.014362139081999991,0.012381670408000004,0.014034765144603677,0.013120648570096653,0.608066254826924,0.7938856269036558,-1,-1,instant_velocity,dbscan_kmeans_fallback,False
4320,176,3.52655337689,12.1726044246,-0.022940696949000028,0.025441134649999954,-0.018217859889,0.032075877081999986,-0.019149318762231957,0.031235662502585068,-0.6696686293626618,0.7426596414386195,1,1,instant_velocity,dbscan_kmeans_fallback,False
4320,177,3.26389292007,11.6833518352,-0.021572673736999982,0.027541340890000043,-0.017451766890200008,0.031388536858000006,-0.0191273293406957,0.030990306328015534,-0.6166374125501404,0.7872469306130971,1,1,instant_velocity,dbscan_kmeans_fallback,False
4320,178,14.0224483939,7.13425739283,0.024940115489999925,0.036252423576000045,0.029595603715999987,0.036524495748000006,0.03041142349674525,0.03451810993576303,0.5667844387219295,0.8238658540723899,-1,-1,instant_velocity,dbscan_kmeans_fallback,False
4320,179,4.83564635876,7.38031564634,-0.025150580599999993,-0.001980876337000037,-0.027545673547800006,-0.0014128660142000093,-0.028330099453006862,-0.0024433285466922833,-0.9969123399202456,-0.07851747423323312,2,2,instant_velocity,dbscan_kmeans_fallback,False
4320,180,10.2976368838,11.3921868795,-0.017405464560000007,0.02303067067000004,-0.016597278544000033,0.014844639542000024,-0.01760842961933384,0.016453523184363075,-0.6029324040546573,0.7977918421072125,-1,-1,instant_velocity,dbscan_kmeans_fallback,False
4320,181,9.19795668596,7.76408060428,0.041840463792999924,0.024629691331000014,0.046512789227199994,0.022376742821200005,0.04621272606168885,0.022104916208665743,0.8617750911938257,0.5072901342073408,-1,-1,instant_velocity,dbscan_kmeans_fallback,False
4320,182,5.19848820775,9.46930487323,-0.05413162619600005,0.02952221722499999,-0.05725913772480002,0.026620114059999977,-0.056544681857206416,0.02388011669029938,-0.8779235482878278,0.4788005002039122,-1,-1,instant_velocity,dbscan_kmeans_fallback,False
4320,183,4.29348823636,4.84145269699,0.04630232411800002,-0.008186031129999983,0.0397779057192,-0.005455763021399988,0.03941344111344665,-0.004360759959202277,0.9847285855870471,-0.17409533991583592,3,3,instant_velocity,dbscan_kmeans_fallback,False
4320,184,3.60863476964,4.2462351565,0.038851859237000005,-0.007350721830999963,0.036915580228400004,0.0025441134649999953,0.03542918420458435,2.4595085524204557e-06,0.9825682876424595,-0.1859006571181889,3,3,instant_velocity,dbscan_kmeans_fallback,False
4320,185,10.4740066456,4.13859958683,-0.057204416800000144,0.0007637113589999522,-0.06040348646400002,0.004186092886999999,-0.0550416469811012,0.0027018267339479997,-0.9999107183207484,0.013349374336552196,-1,-1,instant_velocity,dbscan_kmeans_fallback,False
4320,186,3.92748941072,6.11971458425,0.05770953305899997,-0.009236134249000027,0.052826742515999996,0.0028543712045999924,0.04957503460811222,-8.490649403539944e-06,0.987433497828298,-0.1580340000078988,3,3,instant_velocity,dbscan_kmeans_fallback,False
4320,187,2.29406969492,7.97123731043,0.035905347702000025,0.030882578083000035,0.04088495219588,0.035908753465000005,0.03277389100459506,0.028624214144169432,0.758143498962427,0.6520874271751397,-1,-1,instant_velocity,dbscan_kmeans_fallback,False
4320,188,14.569868144,6.96886615163,-0.008692209029999986,0.066824743919,-0.008692209029999986,0.066824743919,-0.010275826385606979,0.05524303013334331,-0.12898806312775682,0.9916459967047259,-1,-1,instant_velocity,dbscan_kmeans_fallback,False
4320,287,0.759358115529,3.43861039427,-0.0377153476451,-0.006968866151999986,-0.035968487235020004,-0.008300587834000001,-0.03805539322061177,-0.00806890332962366,-0.9833538308158697,-0.1816995375860618,-1,-1,instant_velocity,dbscan_kmeans_fallback,False
4320,362,8.8816276262,8.73494866951,-0.022288255109000055,-0.007016598111999883,-0.0217073714068,-0.00518369084979998,-0.02202219227565514,-0.005418666737926877,-0.9538497593312308,-0.30028283451190824,4,4,instant_velocity,dbscan_kmeans_fallback,False
4320,363,9.06704738778,8.25762907009,-0.022014650466999974,-0.004558402173999987,-0.022317720224399977,-0.004434299078600006,-0.02215747918776962,-0.00432675045285152,-0.9792277871236504,-0.2027610695139932,4,4,instant_velocity,dbscan_kmeans_fallback,False
4320,364,4.80954868516,8.29295072044,-0.04131430101999998,-0.000883041258999917,-0.041406905667800004,-0.0010453299227999935,-0.04074898838261361,-0.0020897495296036267,-0.999771417847927,-0.02136885750774747,2,2,instant_velocity,dbscan_kmeans_fallback,False
4320,417,8.57056019417,5.28488260485,0.012817325175999983,-0.013866134363999994,0.012817325175999983,-0.013866134363999994,0.006240711430620004,-0.007081752237029995,0.6787890321392066,-0.7343326158312458,5,5,instant_velocity,dbscan_kmeans_fallback,False
4320,418,7.87749858817,5.05887177453,0.00951302295499996,-0.0038424227750000206,0.00951302295499996,-0.0038424227750000206,0.004847221939739993,-0.001959635615250011,0.9272197786566023,-0.3745150633814088,5,5,instant_velocity,dbscan_kmeans_fallback,False
4320,432,9.82345899177,10.4353997425,0.04314534747300005,0.02267268097999988,0.039904184785000005,0.021923289202199995,0.03840680146033356,0.021358605682717,0.885217174502009,0.46517753989722077,0,0,instant_velocity,dbscan_kmeans_fallback,False
4330,142,9.50081597872,10.7943440812,0.030559533917999992,0.018472268490000054,0.03365337102920002,0.017436484966200004,0.0315349843024526,0.01613094840138119,0.8558010402649945,0.5173045712089492,0,0,instant_velocity,dbscan_kmeans_fallback,False
4330,169,11.449933359,11.9792899868,0.01199651124999992,0.01875866025999997,0.012850999594,0.014768268405999976,0.01342328897622255,0.014812052077067647,0.5387656829526848,0.8424551267983297,-1,-1,instant_velocity,dbscan_kmeans_fallback,False
4330,176,3.26557664095,12.3730786563,-0.026097673593999993,0.020047423170000123,-0.020730813298200007,0.02922150587600001,-0.02123382521176237,0.027879190702809583,-0.7930305032971788,0.6091814287221301,1,1,instant_velocity,dbscan_kmeans_fallback,False
4330,177,2.98060688252,11.9158064801,-0.028328603754999994,0.02324546449000007,-0.0217536737308,0.02778000068600001,-0.021887711664986986,0.028666853776610896,-0.7730533285189515,0.6343406068430727,1,1,instant_velocity,dbscan_kmeans_fallback,False
4330,178,14.1952402489,7.49009915421,0.01727918549999998,0.03558417613799998,0.02634181311999999,0.0362906091444,0.026471752097721665,0.03483792979643412,0.43681063665691916,0.8995532013792976,-1,-1,instant_velocity,dbscan_kmeans_fallback,False
4330,179,4.61234287744,7.39487389412,-0.022330348132000032,0.0014558247780000143,-0.026118720104600007,-0.0015990206582000078,-0.02653017405670481,-0.0012735825492845938,-0.997881117410394,0.06505675807814992,2,2,instant_velocity,dbscan_kmeans_fallback,False
4330,180,10.123371773,11.622732246,-0.017426511079999863,0.023054536649999947,-0.016862464581999994,0.017493763318000007,-0.017553854057533645,0.018433827224054136,-0.6029986877106698,0.7977417442830799,-1,-1,instant_velocity,dbscan_kmeans_fallback,False
4330,181,9.58479155746,8.01562803318,0.03868348715000014,0.025154742890000036,0.04412190558200003,0.024128505751200003,0.04395395438818224,0.02301986421306603,0.8383396758723353,0.5451478280456544,-1,-1,instant_velocity,dbscan_kmeans_fallback,False
4330,182,4.88279054331,9.79984869583,-0.031569766444,0.033054382260000105,-0.05222060300040001,0.028457794517800002,-0.049052207233244494,0.0266323963612096,-0.690679975094839,0.7231602411949779,-1,-1,instant_velocity,dbscan_kmeans_fallback,False
4330,183,4.75651147754,4.75959238569,0.04630232411800002,-0.008186031129999983,0.0418951847222,-0.006701567175799994,0.04148010601481266,-0.005508341310441589,0.9847285855870471,-0.17409533991583592,3,3,instant_velocity,dbscan_kmeans_fallback,False
4330,184,4.06744870862,4.13263309184,0.045881393897999966,-0.011360206466000023,0.0390412778354,-0.0019235979856000007,0.03856484711260903,-0.003406340283813313,0.9706881019479839,-0.24034180994443302,3,3,instant_velocity,dbscan_kmeans_fallback,False
4330,185,9.90175201255,4.14599804062,-0.05722546330499991,0.0007398453790000481,-0.05938483533100001,0.0038567423634000074,-0.05569679187827081,0.002113232327463614,-0.999916261351023,0.012927521816724588,-1,-1,instant_velocity,dbscan_kmeans_fallback,False
4330,186,4.50458474132,6.02735324176,0.05770953306000006,-0.009236134248999939,0.05411057968480001,-0.00051550516739999,0.05201538414367857,-0.00277678372928246,0.9874334978287257,-0.15803400000522705,3,3,instant_velocity,dbscan_kmeans_fallback,False
4330,187,2.65312317194,8.28006309126,0.035905347701999976,0.030882578083000035,0.03937381270876,0.03438610394280001,0.03371332801381653,0.029301723325818613,0.7581434989624266,0.6520874271751401,-1,-1,instant_velocity,dbscan_kmeans_fallback,False
4330,188,14.5837588413,7.68484555077,0.0013890697299999033,0.07159793991400001,-0.011605046144000007,0.0750585070098,-0.0067763575509249135,0.060149503067540314,0.019397320511352865,0.9998117146102803,-1,-1,instant_velocity,dbscan_kmeans_fallback,False
4330,287,0.38241510419,3.36916039255,-0.0376943011339,-0.006945000171999993,-0.0370544872006,-0.007460505339200001,-0.03794706559459824,-0.00773173238233656,-0.9834468276265501,-0.18119551713552554,-1,-1,instant_velocity,dbscan_kmeans_fallback,False
4330,362,8.62170321581,8.72802753532,-0.025992441039000093,-0.0006921134189999733,-0.022810208581200017,-0.00506436094999998,-0.023213266904658626,-0.004000700742248805,-0.9996452923859446,-0.026618043301987603,4,4,instant_velocity,dbscan_kmeans_fallback,False
4330,363,8.81680437243,8.25762907009,-0.025024301535000147,0.0,-0.02263341788920002,-0.0037517320514000117,-0.023017525891938777,-0.003028725316996064,-0.9999996003886066,0.0,4,4,instant_velocity,dbscan_kmeans_fallback,False
4330,364,4.39640567497,8.28412030785,-0.04131430101900006,-0.0008830412590000947,-0.041718394030000015,-0.0008400824950000185,-0.04091858217352955,-0.0017277370484225672,-0.9997714178479158,-0.021368857508268713,2,2,instant_velocity,dbscan_kmeans_fallback,False
4330,417,8.82774855813,5.15242641601,0.0257188363960001,-0.013245618883999999,0.0257188363960001,-0.013245618883999999,0.012084148920234034,-0.008930912231120997,0.8890231978740378,-0.45786140075551096,5,5,instant_velocity,dbscan_kmeans_fallback,False
4330,418,7.99935788665,5.00636661859,0.012185929848000043,-0.00525051559399996,0.012185929848000043,-0.00525051559399996,0.007048834312218009,-0.0029468996088749958,0.9183792806913127,-0.3956993676003793,5,5,instant_velocity,dbscan_kmeans_fallback,False
4330,432,10.1745147946,10.662365212,0.03510558028300004,0.022696546949999962,0.039613742933200025,0.023698918111599986,0.0374164351071335,0.02175998806290189,0.8397753249577954,0.5429336286911038,0,0,instant_velocity,dbscan_kmeans_fallback,False
4340,142,9.80641131789,10.9790667662,0.030559533916999903,0.018472268500000055,0.03505085935699999,0.02015720668340002,0.03124234918681679,0.01683334443096685,0.8558010401335215,0.5173045714264511,0,0,instant_velocity,dbscan_kmeans_fallback,False
4340,169,11.5711612621,12.181673497,0.01212279031000012,0.020238351020000066,0.01183655776600002,0.01694484578000001,0.01303313937635582,0.016439941759947372,0.5138651738271961,0.8578704653737463,0,0,instant_velocity,dbscan_kmeans_fallback,False
4340,176,3.00396850969,12.5709276303,-0.026160813126000004,0.019784897399999935,-0.0223219295268,0.026472144984000003,-0.022711921586033662,0.025450902711966688,-0.7975891153266037,0.6032006244641667,1,1,instant_velocity,dbscan_kmeans_fallback,False
4340,177,2.66848712494,12.1296456606,-0.03121197575800001,0.021383918049999905,-0.024860138749,0.025450681039999985,-0.024684990892890894,0.0264819730586276,-0.824957606890947,0.5651941420580685,1,1,instant_velocity,dbscan_kmeans_fallback,False
4340,178,14.3170995474,7.84188369898,0.012185929850000044,0.03517845447700001,0.022065162094,0.035970805012800006,0.02218600542340518,0.03494008720060388,0.32732088973311513,0.9449129578607813,-1,-1,instant_velocity,dbscan_kmeans_fallback,False
4340,179,4.38924986124,7.4091934821,-0.02230930162,0.0014319587980000214,-0.024784371309599998,-0.0015226495221999947,-0.025263912325693368,-0.0004619201450992091,-0.9979459355083241,0.06405478246788375,2,2,instant_velocity,dbscan_kmeans_fallback,False
4340,180,10.1877740965,11.8945657579,0.006440232349999952,0.02718335119000006,-0.012354301935999991,0.020963876805999995,-0.010355628135273565,0.021058684413837913,0.2305364710639066,0.9730633173558569,0,0,instant_velocity,dbscan_kmeans_fallback,False
4340,181,9.97141596384,8.26741412187,0.03866244063799993,0.02517860886900003,0.0424592312158,0.024539000606400022,0.04236650026312755,0.02366748760984623,0.8379675136615958,0.5457197197912138,-1,-1,instant_velocity,dbscan_kmeans_fallback,False
4340,182,4.56709287887,10.1301538586,-0.031569766444,0.03303051627699993,-0.047182068276000015,0.030290701778800014,-0.04380747499647114,0.0285518323359467,-0.6909408218770043,0.7229110200715332,-1,-1,instant_velocity,dbscan_kmeans_fallback,False
4340,183,5.21953471871,4.67773207438,0.04630232411700001,-0.008186031131000072,0.04365888234060001,-0.007293443479399997,0.042926771445468866,-0.0063116482566091345,0.9847285855827562,-0.17409533994010654,3,3,instant_velocity,dbscan_kmeans_fallback,False
4340,184,4.55614869317,4.0018475216,0.04886999845500002,-0.01307855702399996,0.041760487051799994,-0.006730206351800003,0.04165639251532633,-0.0063080053058693075,0.966005247960356,-0.25852169266111613,3,3,instant_velocity,dbscan_kmeans_fallback,False
4340,185,9.32676133306,4.15984030901,-0.05749906794899999,0.001384226838999947,-0.05863557954080001,0.002835278420599998,-0.05623747469948957,0.001894530680924514,-0.9997101757376422,0.02406692327090956,-1,-1,instant_velocity,dbscan_kmeans_fallback,False
4340,186,5.12482541938,5.93666251787,0.062024067805999915,-0.009069072388999988,0.056535137747599995,-0.004272010415,0.05501798924237497,-0.004664470327197719,0.9894783168763857,-0.14468013467233024,3,3,instant_velocity,dbscan_kmeans_fallback,False
4340,187,3.08941734419,8.54998732473,0.04362941722500002,0.02699242334699985,0.039411696428400006,0.03208542347339998,0.03668815477717158,0.028608933332172983,0.8504068212989706,0.5261253163043654,-1,-1,instant_velocity,dbscan_kmeans_fallback,False
4340,188,14.4770530307,8.37003783575,-0.01067058105999994,0.06851922849800003,-0.010232813629999988,0.07165999146200001,-0.007944624603647421,0.06266042069667824,-0.15387642535468143,0.9880899540566277,-1,-1,instant_velocity,dbscan_kmeans_fallback,False
4340,362,8.36156834031,8.72086774133,-0.02601348754999986,-0.0007159793990000552,-0.02376992948119998,-0.004491577430599989,-0.024053333098260996,-0.00301528433927418,-0.9996210624012829,-0.02751296173226381,4,4,instant_velocity,dbscan_kmeans_fallback,False
4340,363,8.56656135709,8.25762907009,-0.02502430153399988,0.0,-0.02308802252579998,-0.002935515536400004,-0.023619558584557106,-0.0021201077218972447,-0.9999996003886066,0.0,4,4,instant_velocity,dbscan_kmeans_fallback,False
4340,364,4.00725568727,8.28149505006,-0.03891499876999997,-0.00026252577899992245,-0.041082789399,-0.0007302989869999977,-0.04031750715247068,-0.0012881736675957737,-0.9999769886591268,-0.006745978317545609,2,2,instant_velocity,dbscan_kmeans_fallback,False
4340,417,9.08514738721,5.01973156737,0.025739882907999955,-0.013269484863999991,0.025739882907999955,-0.013269484863999991,0.01618086911656381,-0.010232484020984695,0.8888400228820102,-0.4582168952479782,5,5,instant_velocity,dbscan_kmeans_fallback,False
4340,418,8.16120555595,4.93285940028,0.016184766929999927,-0.007350721831000051,0.016184766929999927,-0.007350721831000051,0.009789614097552586,-0.004268046275512512,0.9104928735853803,-0.4135233996127774,5,5,instant_velocity,dbscan_kmeans_fallback,False
4340,432,10.4451729256,10.8898080011,0.027065813099999936,0.022744278910000127,0.03737439416720001,0.024123732554600003,0.03431124850499343,0.02205527531703136,0.7655793149007615,0.6433410812930566,0,0,instant_velocity,dbscan_kmeans_fallback,False
4350,142,10.1035880527,11.171187905,0.029717673480999983,0.019212113879999927,0.03327874313439999,0.01970375306400001,0.030784946475071746,0.01754697526567677,0.8397885616075401,0.5429130746402727,0,0,instant_velocity,dbscan_kmeans_fallback,False
4350,169,11.6923891652,12.3842956669,0.012122790309999942,0.02026221698999997,0.011924953109999983,0.017947216937999996,0.012760034656449057,0.01758662432896315,0.5134195303838401,0.858137249388858,0,0,instant_velocity,dbscan_kmeans_fallback,False
4350,176,2.73688828557,12.7453879439,-0.026708022411999988,0.017446031360000093,-0.0240224876126,0.02325501088400003,-0.02391075183382356,0.02304944130637671,-0.8372120079991388,0.5468778901413193,1,1,instant_velocity,dbscan_kmeans_fallback,False
4350,177,2.35657783248,12.343723501,-0.031190929245999977,0.02140778403999999,-0.026779580548599996,0.024223969671999974,-0.026636772398823616,0.02495971635303932,-0.8244854553259569,0.5658826780225756,1,1,instant_velocity,dbscan_kmeans_fallback,False
4350,178,14.4694762868,8.15023216021,0.015237673940000107,0.030834846123000047,0.018916604054000034,0.03481569158220001,0.020101505978383657,0.03370851487732273,0.4430276876092611,0.8965076053898029,-1,-1,instant_velocity,dbscan_kmeans_fallback,False
4350,179,4.17268126344,7.42446770929,-0.021656859779999937,0.0015274227189999933,-0.023702580645999997,-0.0003675360913999981,-0.02418179656198534,0.0001348827141305517,-0.9975216564168259,0.07035356262095953,2,2,instant_velocity,dbscan_kmeans_fallback,False
4350,180,10.251965955,12.1663992698,0.00641918584999992,0.027183351189999882,-0.00785034858800003,0.024433990293999983,-0.0053231839396915195,0.022896084446686504,0.22982293890929,0.9732320898434802,0,0,instant_velocity,dbscan_kmeans_fallback,False
4350,181,10.3582508353,8.51896155077,0.038683487145999965,0.02515474288999986,0.04088495219519998,0.024796753190199982,0.04126159632798927,0.02411366419389232,0.8383396758465737,0.5451478280852712,-1,-1,instant_velocity,dbscan_kmeans_fallback,False
4350,182,4.30611614294,10.5105775794,-0.02609767359299999,0.03804237207999996,-0.040628184762,0.032457732761399995,-0.0384945345754298,0.03139899425916268,-0.5656974131335918,0.8246126383040461,-1,-1,instant_velocity,dbscan_kmeans_fallback,False
4350,183,5.62552191518,4.54981042174,0.040598719646999994,-0.012792165263999955,0.044281859065200005,-0.008806546609399994,0.0422283559059282,-0.00825580335882638,0.9537743941986645,-0.30052276971405245,3,3,instant_velocity,dbscan_kmeans_fallback,False
4350,184,5.04505914283,3.87082329155,0.04889104496599996,-0.01310242300500004,0.04426923115859999,-0.010448526031600007,0.04382678825052842,-0.008346330615608528,0.96591522799956,-0.25885783200220963,3,3,instant_velocity,dbscan_kmeans_fallback,False
4350,185,8.7265148404,4.23048360972,-0.06002464926600002,0.007064330071000047,-0.058395649315999984,0.002945061928400001,-0.05737362706944271,0.0034454704979471743,-0.9931454344405476,0.11688376763858596,-1,-1,instant_velocity,dbscan_kmeans_fallback,False
4350,186,5.77368935236,5.84716509298,0.06488639329800003,-0.008949742489000023,0.05953637021099999,-0.008009422878399999,0.057978510459062486,-0.00595005197573841,0.9906211947001285,-0.13663580522952218,-1,-1,instant_velocity,dbscan_kmeans_fallback,False
4350,187,3.70565918518,8.72898217452,0.06162418409899999,0.017899484979000135,0.0430443242206,0.027966155330400005,0.044168963573720105,0.02539609882622113,0.9603102155709083,0.27893364480375804,-1,-1,instant_velocity,dbscan_kmeans_fallback,False
4350,188,14.2973158271,8.98220022202,-0.01797372036000002,0.061216238626999875,-0.010316999673999981,0.06679610474379999,-0.010953353330553202,0.062227166075774734,-0.2817182401431971,0.9594970139050494,-1,-1,instant_velocity,dbscan_kmeans_fallback,False
4350,362,8.10164392993,8.71394660714,-0.025992441038000004,-0.0006921134189999733,-0.024514975968999975,-0.003226680492000007,-0.024635065480182697,-0.002318333063191918,-0.9996452923859173,-0.026618043303011037,4,4,instant_velocity,dbscan_kmeans_fallback,False
4350,363,8.31631834174,8.25762907009,-0.02502430153499997,0.0,-0.023757301574599977,-0.0019235979856000185,-0.024040981469689967,-0.001484075405328071,-0.9999996003886066,0.0,4,4,instant_velocity,dbscan_kmeans_fallback,False
4350,364,3.62841848994,8.28149505006,-0.037883719732999976,0.0,-0.0402409289604,-0.0005727835192000086,-0.039587370926629464,-0.0009017215673170415,-0.9999997360344383,0.0,2,2,instant_velocity,dbscan_kmeans_fallback,False
4350,417,9.34317761161,4.87653568754,0.025803022440000056,-0.014319587983000037,0.02029725517240003,-0.0137229384836,0.019067515113594686,-0.011458615209589297,0.8743787830375562,-0.48524330602313576,5,5,instant_velocity,dbscan_kmeans_fallback,False
4350,418,8.32305322525,4.85959084177,0.016184766930000018,-0.0073268558509999695,0.012712092621399993,-0.005522587765200005,0.011708159947286816,-0.005185689148158749,0.9109979789012409,-0.4124094527175064,5,5,instant_velocity,dbscan_kmeans_fallback,False
4350,432,10.6952054758,11.14135543,0.025003255020000024,0.025154742890000036,0.03437737100540002,0.023665505739200014,0.03151885045949541,0.02298511558892196,0.7049677536248227,0.7092389600469422,0,0,instant_velocity,dbscan_kmeans_fallback,False
4360,142,10.326891534,11.4294178083,0.02233034813000003,0.025822990330000017,0.030029161841399983,0.020572474736000004,0.028248566971550232,0.020029779784973747,0.6541006476079881,0.7564071370358794,0,0,instant_velocity,dbscan_kmeans_fallback,False
4360,169,11.7990949758,12.6217621676,0.01067058105999994,0.023746650070000007,0.011718697303999975,0.01965124790800001,0.01213319857751432,0.019434632051274207,0.40987217175227775,0.912142551685216,0,0,instant_velocity,dbscan_kmeans_fallback,False
4360,176,2.46980806146,12.9198482575,-0.02670802241099999,0.017446031359999913,-0.0257230456984,0.020033103588000003,-0.02474993300697649,0.021368418322463667,-0.8372120079897662,0.5468778901556676,1,1,instant_velocity,dbscan_kmeans_fallback,False
4360,177,2.08676156194,12.5737915479,-0.026981627054000024,0.02300680469000014,-0.027857161909999997,0.02331706243200003,-0.026740228795376537,0.024373842854127564,-0.7609303088572189,0.6488331842828644,1,1,instant_velocity,dbscan_kmeans_fallback,False
4360,178,14.6349018629,8.43996515707,0.016542557609999876,0.028973299685999977,0.017237092477999986,0.033364640000000015,0.01903382146786852,0.0322879503199259,0.4958311572484057,0.8684185995477604,-1,-1,instant_velocity,dbscan_kmeans_fallback,False
4360,179,4.01798940786,7.44546977166,-0.015469185558000031,0.002100206237000002,-0.021383255138,0.0009069072389999988,-0.021568013260789744,0.0007244797709913868,-0.9909085001268204,0.13453275897814795,-1,-1,instant_velocity,dbscan_kmeans_fallback,False
4360,180,10.3163682785,12.4382327817,0.00644023235000013,0.02718335119000006,-0.003106465017999973,0.025527052177999998,-0.001794159052784024,0.024182264469680567,0.23053647106391265,0.9730633173558556,0,0,instant_velocity,dbscan_kmeans_fallback,False
4360,181,10.6735275695,8.85761980656,0.03152767341999994,0.03386582557900013,0.03787951042939998,0.026796722311800015,0.03834141945559247,0.027039312609424663,0.6813885345732913,0.7319216028402271,-1,-1,instant_velocity,dbscan_kmeans_fallback,False
4360,182,4.08154987097,10.9241750123,-0.022456627196999968,0.04135974328999996,-0.033165091974800005,0.03500184622639999,-0.033683162361900845,0.03438721896841386,-0.47716060910842817,0.8788158670355039,-1,-1,instant_velocity,dbscan_kmeans_fallback,False
4360,183,6.03129864654,4.42212742889,0.040577673135999956,-0.012768299285000052,0.0440166730272,-0.010023711588000007,0.04173315107494973,-0.009609552136678481,0.9538904497234936,-0.30015419332577065,2,2,instant_velocity,dbscan_kmeans_fallback,False
4360,184,5.51986843015,3.72309287553,0.04748092873200003,-0.014773041601999992,0.0459950450576,-0.011932989985599995,0.04492303039496991,-0.010274343911525968,0.9548497553082661,-0.2970884423606838,2,2,instant_velocity,dbscan_kmeans_fallback,False
4360,185,8.12626834775,4.30112691044,-0.06002464926499993,0.007064330071999958,-0.058395649317000003,0.0034032887439999905,-0.05816893372810988,0.00453112837016301,-0.9931454344384011,0.11688376765682493,-1,-1,instant_velocity,dbscan_kmeans_fallback,False
4360,186,6.41771258781,5.77389653447,0.06440232354499997,-0.0073268558509999695,0.06134637015359999,-0.00876358784539999,0.059905654384843736,-0.006363093138316878,0.9935905370860243,-0.11303776384807362,-1,-1,instant_velocity,dbscan_kmeans_fallback,False
4360,187,4.32211149127,8.9079770243,0.061645230609000026,0.01789948497799987,0.04774190546740001,0.024911309893999985,0.04941184368430408,0.02314711467175475,0.9603357213226467,0.2788458190168853,-1,-1,instant_velocity,dbscan_kmeans_fallback,False
4360,188,14.0580169974,9.52467394676,-0.023929882970000094,0.05424737247400006,-0.011975464738000027,0.06448110468639999,-0.01484631222238727,0.05983322799524233,-0.403600870706024,0.9149349702824869,-1,-1,instant_velocity,dbscan_kmeans_fallback,False
4360,362,7.86466021649,8.70344557595,-0.02369837134400008,-0.0010501031190001341,-0.024796999216000017,-0.0020333814936000037,-0.02435405723932791,-0.0019378640799343828,-0.9990192812824881,-0.04426773671438885,3,3,instant_velocity,dbscan_kmeans_fallback,False
4360,363,8.06881137282,8.2456960801,-0.02475069689199998,-0.0011932989989999142,-0.024367650392599992,-0.0011503402345999802,-0.024253896096382968,-0.001396842483429624,-0.9988393848595605,-0.048156786991313316,3,3,instant_velocity,dbscan_kmeans_fallback,False
4360,364,3.24958129262,8.28149505006,-0.03788371973200002,0.0,-0.0394622080548,-0.0004057216593999868,-0.03907627556824063,-0.000631205097121929,-0.9999997360344383,0.0,-1,-1,instant_velocity,dbscan_kmeans_fallback,False
4360,417,9.60289155688,4.71758826094,0.02597139452699988,-0.015894742659999926,0.023210092289399995,-0.01411911375099999,0.021138678937616246,-0.012789453444712487,0.852940386664701,-0.522007701059799,2,2,instant_velocity,dbscan_kmeans_fallback,False
4360,418,8.63601484326,4.72665733332,0.03129616180100001,-0.013293350844999986,0.01707292969279999,-0.007412773379199997,0.017584560503400775,-0.00761798765721112,0.9204102199348417,-0.39095324381044366,2,2,instant_velocity,dbscan_kmeans_fallback,False
4360,432,10.914299655,11.4298951279,0.021909417920000073,0.028853969789999923,0.030445882759200026,0.024424443903999987,0.028636020697646807,0.02474577184924535,0.6047401363811699,0.7964225106142231,0,0,instant_velocity,dbscan_kmeans_fallback,False
4370,142,10.5504054804,11.6874090518,0.022351394640000067,0.025799124349999935,0.027103696817199995,0.02155575311,0.02647941527208518,0.0217605831544816,0.6547990672186897,0.7558026168625195,0,0,instant_velocity,dbscan_kmeans_fallback,False
4370,169,11.8845438103,12.9122111439,0.008544883450000106,0.029044897630000045,0.011091511276000006,0.02241015519400001,0.011056704039260058,0.02231771172489196,0.282235131592067,0.9593449170662561,0,0,instant_velocity,dbscan_kmeans_fallback,False
4370,176,2.20251737223,13.0940699113,-0.026729068923000022,0.01742216538000001,-0.0264807200932,0.018429309734000015,-0.02534367378178355,0.02018454243972457,-0.8377513656535602,0.5460513002448056,1,1,instant_velocity,dbscan_kmeans_fallback,False
4370,177,1.8278894771,12.8076781516,-0.02588720848399999,0.02338866036999985,-0.028720068859399997,0.022486526327999988,-0.026484322701963575,0.024078288108889248,-0.7420073867861803,0.6703912773097706,1,1,instant_velocity,dbscan_kmeans_fallback,False
4370,178,14.800116974,8.72993681372,0.01652151111000002,0.02899716566499997,0.015553371602000005,0.031913588417799996,0.01828012836050797,0.03130071492344812,0.49504744137702766,0.8688656003720725,-1,-1,instant_velocity,dbscan_kmeans_fallback,False
4370,179,3.86329755229,7.46647183404,-0.015469185556999988,0.002100206238000002,-0.0194469761294,0.0017231237540000065,-0.019738364949652816,0.0011371977110939714,-0.9909085001171215,0.1345327590495853,-1,-1,instant_velocity,dbscan_kmeans_fallback,False
4370,180,10.380560137,12.7100662935,0.00641918584999992,0.027183351180000058,0.0016584650640000121,0.02635758828,0.0006698444180511596,0.02508259048277641,0.22982293898936848,0.97323208982457,0,0,instant_velocity,dbscan_kmeans_fallback,False
4370,181,10.9805961645,9.20582445435,0.03070685950000005,0.034820464778999846,0.0356527895708,0.028834877001399983,0.03605105146891474,0.029373658260297218,0.6614146166728878,0.7500201824342843,-1,-1,instant_velocity,dbscan_kmeans_fallback,False
4370,182,3.85719406411,11.338011105,-0.02243558068599998,0.041383609270000045,-0.026825882872799987,0.0373741246354,-0.030308887859130586,0.036486136058889715,-0.4766026151816992,0.879118605387705,-1,-1,instant_velocity,dbscan_kmeans_fallback,False
4370,183,6.42970909906,4.30064959084,0.03984104525200003,-0.012147783804999968,0.042724417254,-0.010816062123000006,0.04116551932806482,-0.010371021637174929,0.9565247404695771,-0.2916503740768402,2,2,instant_velocity,dbscan_kmeans_fallback,False
4370,184,5.98541725264,3.56390678912,0.04655488224899997,-0.01591860864100001,0.04753564965999999,-0.013646567347600004,0.045412585951178926,-0.011967623330368181,0.9462139621336069,-0.3235409268848154,2,2,instant_velocity,dbscan_kmeans_fallback,False
4370,185,7.59358115529,4.45816505865,-0.053268719246000094,0.015703814820999983,-0.05760850980619999,0.006391309436399996,-0.056698869383476944,0.007882934305414103,-0.9591870057109299,0.2827718655451803,-1,-1,instant_velocity,dbscan_kmeans_fallback,False
4370,186,7.04195210296,5.76578210128,0.06242395151500002,-0.0008114433190000269,0.062289253844800004,-0.007078649659399989,0.06066114352389062,-0.004697598192521822,0.999915364708638,-0.012997809695903858,-1,-1,instant_velocity,dbscan_kmeans_fallback,False
4370,187,4.92046379794,9.01799919197,0.059835230666999986,0.011002216767000129,0.0525278820604,0.020935237630800005,0.05253885977911285,0.019503645300328363,0.983511728333931,0.18084344469628136,-1,-1,instant_velocity,dbscan_kmeans_fallback,False
4370,188,13.8389228183,10.0654770529,-0.021909417909999895,0.054080310614000024,-0.01461890651400001,0.0619322180254,-0.016965243928671058,0.058107352780869634,-0.3754837740928222,0.9268287828034284,-1,-1,instant_velocity,dbscan_kmeans_fallback,False
4370,362,7.64325092116,8.69103526636,-0.022140929533,-0.0012410309589999003,-0.024767534100800005,-0.0008782680630000073,-0.023690118927429536,-0.001728814143654038,-0.9984323597013539,-0.05596357040972046,3,3,instant_velocity,dbscan_kmeans_fallback,False
4370,363,7.82530324099,8.21586360514,-0.02435081318300005,-0.0029832474960000965,-0.024834882935800006,-0.0008353092990000022,-0.024282971222368093,-0.001872763987200766,-0.9925785309178677,-0.12160199311172946,3,3,instant_velocity,dbscan_kmeans_fallback,False
4370,364,2.95282548805,8.22063680113,-0.029675580457000007,-0.0060858248929999805,-0.03713446394220001,-0.0014462783861999996,-0.036256067034868444,-0.0022675910358853444,-0.979611952023324,-0.20089739480386692,-1,-1,instant_velocity,dbscan_kmeans_fallback,False
4370,417,9.86239503705,4.55840217453,0.025950348017000024,-0.01591860864100001,0.025836696857600004,-0.014529608606399992,0.02258217966143138,-0.013728200003598742,0.8524025129744657,-0.5228855505042316,2,2,instant_velocity,dbscan_kmeans_fallback,False
4370,418,8.98686018101,4.5789269173,0.035084533775,-0.01477304160200008,0.0221872318568,-0.00959889714460001,0.022834552484880543,-0.009764503840647809,0.9216294365011244,-0.3880704271111267,2,2,instant_velocity,dbscan_kmeans_fallback,False
4370,432,11.1336042992,11.7181961659,0.021930464419999927,0.028830103800000017,0.026202906148600002,0.02565592846800001,0.02662435381435274,0.025971071434471752,0.6054257739774194,0.79590142610233,0,0,instant_velocity,dbscan_kmeans_fallback,False
4380,142,10.7737089617,11.9456389551,0.02233034813000003,0.025822990330000017,0.025457859659600002,0.02302589747799999,0.025234695129459635,0.022979305307137127,0.6541006476079881,0.7564071370358794,0,0,instant_velocity,dbscan_kmeans_fallback,False
4380,169,11.9697821797,13.2024214603,0.008523836939999896,0.029021031639999962,0.010396976414000001,0.02446262947000001,0.010296843909482009,0.02432870769942436,0.28180834836941737,0.9594703713847784,0,0,instant_velocity,dbscan_kmeans_fallback,False
4380,176,1.93543714812,13.2685302249,-0.02670802241100001,0.017446031359999913,-0.0266027898566,0.01790903137199997,-0.02575297837054849,0.019362989115807173,-0.8372120079897666,0.5468778901556673,1,1,instant_velocity,dbscan_kmeans_fallback,False
4380,177,1.56880692715,13.0418034151,-0.025908254995,0.023412526350000108,-0.0282359991074,0.0225199387,-0.026311502389874505,0.023878559581222508,-0.7419382826278814,0.670467756143802,1,1,instant_velocity,dbscan_kmeans_fallback,False
4380,178,14.8868285991,9.05761671872,0.008671162509999952,0.03276799050000001,0.013831767004,0.0313503512902,0.015397438605355564,0.031740897596413686,0.25581756655462445,0.9667247708629441,-1,-1,instant_velocity,dbscan_kmeans_fallback,False
4380,179,3.70860569671,7.48771255621,-0.015469185558000031,0.0021240722169999946,-0.018074743614599997,0.0018567732418000027,-0.01845761113215698,0.0014332600628657786,-0.9907036042882803,0.13603340610664674,-1,-1,instant_velocity,dbscan_kmeans_fallback,False
4380,181,11.2876647594,9.55402910213,0.03070685949000005,0.03482046477800012,0.03405746403879999,0.030768021378999998,0.034447793875240336,0.031007700215608086,0.6614146165624031,0.7500201825317165,-1,-1,instant_velocity,dbscan_kmeans_fallback,False
4380,182,3.57790686363,11.7048312171,-0.02792872004800002,0.0366820112100001,-0.026097673593599994,0.0380996504254,-0.029594837515791415,0.03654489860422283,-0.6057757288706759,0.7956351755107148,-1,-1,instant_velocity,dbscan_kmeans_fallback,False
4380,183,6.7980230409,4.20518567095,0.036831394184000034,-0.009546391989000026,0.04083023126720001,-0.011088134294800014,0.039865281784845386,-0.010123632742722457,0.9680125270162888,-0.2509008208322012,2,2,instant_velocity,dbscan_kmeans_fallback,False
4380,184,6.45117654024,3.40495936251,0.04657592876000001,-0.015894742660999973,0.0476745566324,-0.014553474586599995,0.04576158879382525,-0.013145759129557719,0.9464070218498162,-0.3229757616295831,2,2,instant_velocity,dbscan_kmeans_fallback,False
4380,185,7.16212768056,4.7445568183,-0.04314534747299996,0.028639175965000076,-0.0547924866398,0.011971175553600001,-0.05263281281033385,0.014109806803289895,-0.8331570922827989,0.5530360506960079,-1,-1,instant_velocity,dbscan_kmeans_fallback,False
4380,186,7.665981153,5.75742900829,0.06240290500399999,-0.00083530929900002,0.06322792823359999,-0.005398484669400005,0.06118367196792343,-0.003538911524465281,0.9999102627486969,-0.013384542604002198,-1,-1,instant_velocity,dbscan_kmeans_fallback,False
4380,187,5.50113703539,9.05928733732,0.05806732374500001,0.004128814535000025,0.056960277269000006,0.0155844849212,0.054197398968879,0.01489119607072986,0.9974814897862235,0.07092484736353055,-1,-1,instant_velocity,dbscan_kmeans_fallback,False
4380,188,13.6659204982,10.6024616023,-0.017300232010000017,0.05369845493999996,-0.018356766861999992,0.05835232103059999,-0.017065740353069746,0.05678468342860873,-0.30665190614651794,0.9518215452229577,-1,-1,instant_velocity,dbscan_kmeans_fallback,False
4380,362,7.42163116072,8.67838629698,-0.022161976044000033,-0.0012648969380000708,-0.024001441101799994,-0.0009928247668000267,-0.02323167606240068,-0.001589638981957848,-0.9983747355098012,-0.056982335122813664,3,3,instant_velocity,dbscan_kmeans_fallback,False
4380,363,7.58200557426,8.18603113017,-0.02432976667300002,-0.0029832474969998302,-0.02469597596339998,-0.0014319587983999682,-0.024297009857557672,-0.0022059090401404854,-0.9925658286815517,-0.12170562767080916,3,3,instant_velocity,dbscan_kmeans_fallback,False
4380,364,2.69142782189,8.13400329383,-0.02613976661599997,-0.008663350730000019,-0.03409955706159999,-0.0030023402803999845,-0.0332211769092079,-0.004186318944119747,-0.9492252163253138,-0.31459618946072776,-1,-1,instant_velocity,dbscan_kmeans_fallback,False
4380,417,10.182933399,4.40327330471,0.03205383619499998,-0.01551288698200004,0.027103696817399978,-0.014983062226000002,0.025423676621501957,-0.014263606097119132,0.9001263374443718,-0.4356282991323928,-1,-1,instant_velocity,dbscan_kmeans_fallback,False
4380,418,9.33981016985,4.28394340486,0.035294998884000076,-0.029498351244,0.026809045664000008,-0.014448464274600017,0.026572686404616404,-0.015684658061653468,0.7673024213603579,-0.6412850843273447,-1,-1,instant_velocity,dbscan_kmeans_fallback,False
4380,432,11.3295473163,11.9487415325,0.01959430170999994,0.023054536659999948,0.023100650433999982,0.02572752641000001,0.0245153381830469,0.02509611100213021,0.6476087849141248,0.7619725721341236,0,0,instant_velocity,dbscan_kmeans_fallback,False
4390,142,10.997012443,12.2038688583,0.022330348129999854,0.025822990320000017,0.023812022502199996,0.024496041841999983,0.0243633910296217,0.023832410810995994,0.6541006477529121,0.7564071369105565,0,0,instant_velocity,dbscan_kmeans_fallback,False
4390,169,12.0550205491,13.4926317768,0.008523836940000074,0.029021031649999963,0.009677185739999991,0.026219165595999988,0.009764941818637428,0.02573640488459704,0.28180834828002965,0.9594703714110329,0,0,instant_velocity,dbscan_kmeans_fallback,False
4390,176,1.668356924,13.4429905385,-0.026708022411999988,0.017446031360000093,-0.026712231713799998,0.017441258164000006,-0.026039491582983937,0.01878790178906505,-0.8372120079991388,0.5468778901413193,1,1,instant_velocity,dbscan_kmeans_fallback,False
4390,177,1.3097243772,13.2759286787,-0.025908254995,0.02341252635999993,-0.0271752549548,0.022925660362000003,-0.026190528171412153,0.023738749614855732,-0.7419382824854297,0.6704677563014388,1,1,instant_velocity,dbscan_kmeans_fallback,False
4390,178,14.9644902246,9.38959250013,0.007766162550000111,0.033197578140999974,0.012947813544000012,0.030954176022999994,0.013108055788748928,0.03217790175978957,0.22778753452714093,0.9737105588924846,-1,-1,instant_velocity,dbscan_kmeans_fallback,False
4390,179,3.67682546516,7.58866565149,-0.0031780231549999984,0.01009530952800004,-0.014248487921599997,0.0035894433878000064,-0.013873734739009885,0.004031874902406057,-0.30027442942368376,0.9538518634159202,-1,-1,instant_velocity,dbscan_kmeans_fallback,False
4390,181,11.5732659132,9.89411931672,0.028560115380000008,0.03400902145899991,0.0320369989872,0.032534103896999976,0.032681490326668235,0.03190809658862563,0.6430934150613441,0.7657874438518035,-1,-1,instant_velocity,dbscan_kmeans_fallback,False
4390,182,3.2622091992,12.0403868955,-0.031569766443000004,0.03355556783999987,-0.026097673593399994,0.03820466073799999,-0.030187316193953994,0.035648099374955944,-0.6852270606702607,0.7283292121162632,-1,-1,instant_velocity,dbscan_kmeans_fallback,False
4390,183,7.19180326101,4.09993669928,0.039378022010999915,-0.010524897167000002,0.039445370845999986,-0.011555907502,0.03971910385269174,-0.01024401207000572,0.9660873961172708,-0.25821435357085065,2,2,instant_velocity,dbscan_kmeans_fallback,False
4390,184,6.95902884977,3.25341038969,0.05078523095300005,-0.015154897282000012,0.048057603132000005,-0.014968742638200005,0.04726868144157769,-0.013748500575290408,0.958244030785762,-0.2859510449226384,2,2,instant_velocity,dbscan_kmeans_fallback,False
4390,185,6.69447420697,5.01567435078,-0.046765347359000044,0.02711175324799999,-0.05264574252180001,0.017116680835400012,-0.05087257317493371,0.018010390736702925,-0.8651285479298464,0.5015498236165792,-1,-1,instant_velocity,dbscan_kmeans_fallback,False
4390,186,8.29001020304,5.72353931673,0.06240290500399999,-0.0033889691559999767,0.0633036956732,-0.004262464022800003,0.0615494418787464,-0.0034939288139256897,0.9985284215787203,-0.0542279565655271,-1,-1,instant_velocity,dbscan_kmeans_fallback,False
4390,187,6.08181027285,9.10033682287,0.05806732374600001,0.004104948554999943,0.059847858573200005,0.01100698996280002,0.0553583764020153,0.011655321816010885,0.9975104110670342,0.07051692167557642,-1,-1,instant_velocity,dbscan_kmeans_fallback,False
4390,188,13.4931286432,11.1394461516,-0.01727918549999998,0.05369845492999996,-0.01967848775,0.05538816631699998,-0.017129773897148814,0.055858814879026095,-0.30631387284235223,0.9519303844072284,-1,-1,instant_velocity,dbscan_kmeans_fallback,False
4390,362,7.2002218654,8.6659759874,-0.022140929531999996,-0.001241030957999989,-0.023226929498200023,-0.0010978350786000136,-0.022904452103280477,-0.00148505657477049,-0.9984323597037321,-0.05596357036729096,3,3,instant_velocity,dbscan_kmeans_fallback,False
4390,363,7.33618232622,8.15572133561,-0.024582324803999977,-0.0030309794560000824,-0.0246075806174,-0.0020381546895999847,-0.024382604341490366,-0.0024534301648983644,-0.9924838475059504,-0.122372402780756,3,3,instant_velocity,dbscan_kmeans_fallback,False
4390,364,2.42981969063,8.04713112674,-0.026160813126000004,-0.008687216709000013,-0.03154871993279999,-0.004687278466400002,-0.03110306777424553,-0.005536588273583827,-0.9490420760322358,-0.31514823873182457,-1,-1,instant_velocity,dbscan_kmeans_fallback,False
4390,417,10.5952345488,4.25411092989,0.04123011498000011,-0.01491623748199995,0.03020174323180001,-0.015312412749599992,0.030165608129051405,-0.014459395512583378,0.9403525394993159,-0.34020088963558587,-1,-1,instant_velocity,dbscan_kmeans_fallback,False
4390,418,9.69381248424,3.92595370529,0.03540023143899997,-0.03579896995699996,0.030652138565800017,-0.020138113899799998,0.029220949914931474,-0.021718951630257416,0.7031355888742432,-0.711055515701385,-1,-1,instant_velocity,dbscan_kmeans_fallback,False
4390,432,11.5254903333,12.1790482392,0.019594301700000115,0.02303067067000004,0.02160634815400002,0.025784804761999992,0.023039027238132868,0.02447647890249116,0.6479981716022917,0.7616414564513143,0,0,instant_velocity,dbscan_kmeans_fallback,False
4400,142,11.2245252265,12.4399034003,0.02275127835000017,0.02360345420000005,0.022418743476000032,0.02537430990600001,0.02387975722573524,0.023763723827697213,0.693990002252465,0.7199842128178202,0,0,instant_velocity,dbscan_kmeans_fallback,False
4400,177,1.05064182725,13.5100539422,-0.025908254995,0.023412526350000108,-0.026118720104600004,0.023326608824000027,-0.026105846218488507,0.023640882635399048,-0.7419382826278814,0.670467756143802,-1,-1,instant_velocity,dbscan_kmeans_fallback,False
4400,178,15.0423623152,9.72180694133,0.007787209059999967,0.033221444119999964,0.011457720567999985,0.031431495622399976,0.011511801770124239,0.03249096446785269,0.22821717778798464,0.9736099494300288,-1,-1,instant_velocity,dbscan_kmeans_fallback,False
4400,179,3.69787197612,7.72374709813,0.002104651096000021,0.01350814466399992,-0.009496185746400005,0.005985587776799992,-0.009080218988506913,0.006874755830884217,0.1539485806741397,0.9880781201767995,-1,-1,instant_velocity,dbscan_kmeans_fallback,False
4400,181,11.7715240465,10.2010358192,0.019825813329999952,0.030691650248000003,0.028265464224,0.0336414853686,0.028824787227667747,0.03154316268643795,0.5426048996774784,0.8399877234066712,-1,-1,instant_velocity,dbscan_kmeans_fallback,False
4400,182,2.94651153476,12.3759425739,-0.031569766444,0.03355556784000004,-0.027192092163599996,0.037307299890000006,-0.030602051268967798,0.03502033991446917,-0.6852270606817726,0.7283292121054327,-1,-1,instant_velocity,dbscan_kmeans_fallback,False
4400,183,7.68807998951,3.95483154105,0.04962767285000007,-0.01451051582299998,0.0412511614866,-0.011899577613800005,0.04269167455188424,-0.011523963195904,0.9598136049851881,-0.28063758992616566,1,1,instant_velocity,dbscan_kmeans_fallback,False
4400,184,7.56558929571,3.12023822145,0.06065604459399996,-0.013317216823999977,0.050410603057600006,-0.015011701401999993,0.051284890387304376,-0.013619115449903279,0.9767358376520242,-0.21444528763535511,1,1,instant_velocity,dbscan_kmeans_fallback,False
4400,185,6.1725207351,5.26388054248,-0.05219534718699999,0.024820619169999957,-0.051079882106,0.020667938655199992,-0.051269405378553595,0.020053459266692036,-0.9030906516703792,0.4294495649351753,-1,-1,instant_velocity,dbscan_kmeans_fallback,False
4400,186,8.91403925308,5.62974601544,0.06240290500400007,-0.009379330128999986,0.06280699801440001,-0.004348381550799996,0.061805480816322506,-0.005259549208447979,0.9888922285129806,-0.14863325149095533,-1,-1,instant_velocity,dbscan_kmeans_fallback,False
4400,187,6.66122071965,9.11680434905,0.057941044679999984,0.001646752617999958,0.0591112306894,0.007756443490599984,0.0561331768854107,0.008652751056607606,0.9995961904485842,0.028409699076968577,-1,-1,instant_velocity,dbscan_kmeans_fallback,False
4400,188,13.3293867879,11.634665236,-0.016374185529999963,0.04952190844000004,-0.01935858078399999,0.05304930027960001,-0.01690309738700416,0.053957742947318275,-0.3139298374796764,0.9494459825051624,-1,-1,instant_velocity,dbscan_kmeans_fallback,False
4400,362,6.95566140801,8.65308835821,-0.024456045738999954,-0.0012887629189998861,-0.02291965043840001,-0.0012171649785999961,-0.023369930193996323,-0.0014261684780393089,-0.9986139847553734,-0.05262407045203986,2,2,instant_velocity,dbscan_kmeans_fallback,False
4400,363,7.08025675291,8.12350226265,-0.025592557331000076,-0.003221907296000026,-0.02472123177660002,-0.00268253614879999,-0.024745590238343277,-0.002683973304228863,-0.9921681410351093,-0.12490638317678766,2,2,instant_velocity,dbscan_kmeans_fallback,False
4400,364,2.16652783849,7.96431617624,-0.026329185214000007,-0.008281495050000042,-0.029237813029,-0.006343577476400011,-0.029670903006171874,-0.0063600603065086915,-0.9539248638004546,-0.3000443793997395,-1,-1,instant_velocity,dbscan_kmeans_fallback,False
4400,417,11.0073252334,4.10494855507,0.0412090684599999,-0.01491623748200004,0.03328295243579998,-0.015431742649399994,0.033478646228335955,-0.014596448103408377,0.9402969462037656,-0.3403545160645647,-1,-1,instant_velocity,dbscan_kmeans_fallback,False
4400,418,10.0962217738,3.61068410986,0.040240928955999955,-0.03152695954299998,0.035463370971000004,-0.0249781346382,0.03252694362725202,-0.024661354004080184,0.7871813793946061,-0.6167212374324764,-1,-1,instant_velocity,dbscan_kmeans_fallback,False
4400,432,11.713014746,12.4222425751,0.01875244127000002,0.024319433590000016,0.020356185404000016,0.025617742901999987,0.021753051447693014,0.024429365308743817,0.6106345244179833,0.7919121329606154,0,0,instant_velocity,dbscan_kmeans_fallback,False
4410,142,11.469296149,12.5883497957,0.024477092249999898,0.014844639539999881,0.022848092300000004,0.023178639747999982,0.024058957733014637,0.021087998541388014,0.855042065480546,0.5185579693844449,-1,-1,instant_velocity,dbscan_kmeans_fallback,False
4410,178,15.1200239406,10.0537827227,0.007766162539999932,0.03319757813699997,0.009702441553999996,0.032276351312599975,0.010388110001086946,0.032702948568596873,0.22778753427506931,0.9737105589514534,-1,-1,instant_velocity,dbscan_kmeans_fallback,False
4410,179,3.71891848708,7.85906720456,0.0021046510959999765,0.013532010643000003,-0.005981418415600004,0.008271948657999992,-0.005724757963154845,0.008871932274518953,0.15368348495738943,0.9881193885529175,-1,-1,instant_velocity,dbscan_kmeans_fallback,False
4410,181,11.9699926448,10.5079523216,0.019846859829999987,0.03069165024,0.025929301506000008,0.033006650300799974,0.02613140900836742,0.031287708952506564,0.5430111327085756,0.8397251708467292,-1,-1,instant_velocity,dbscan_kmeans_fallback,False
4410,182,2.62197433571,12.6828590764,-0.03245371990499999,0.03069165025,-0.0291915107052,0.03517368128200001,-0.031157551859777456,0.033721733015128416,-0.726555587154123,0.6871073649921471,-1,-1,instant_velocity,dbscan_kmeans_fallback,False
4410,183,8.1841462529,3.80996504263,0.04960662633899995,-0.014486649841999988,0.043056952127199996,-0.012243247725199993,0.04476616008801895,-0.012412769189732796,0.9599058728726213,-0.28032182972000425,0,0,instant_velocity,dbscan_kmeans_fallback,False
4410,184,8.17214974165,2.98682739341,0.06065604459399996,-0.013341082804000015,0.05304562622999999,-0.014725309642399997,0.054096236649313054,-0.0135357056561323,0.9766552791734499,-0.21481187963426196,0,0,instant_velocity,dbscan_kmeans_fallback,False
4410,185,5.65056726323,5.51208673418,-0.05219534718699999,0.024820619170000047,-0.04951402169040001,0.02421919647480001,-0.051547187921087506,0.021483607237684436,-0.9030906516703787,0.42944956493517655,-1,-1,instant_velocity,dbscan_kmeans_fallback,False
4410,186,9.53785783801,5.53595271415,0.06238185849299995,-0.009379330129000074,0.062402905004,-0.0047588764064000165,0.06197839411932574,-0.006495483484613608,0.9888848567000647,-0.14868228928446595,-1,-1,instant_velocity,dbscan_kmeans_fallback,False
4410,187,7.23999977112,9.11680434905,0.057877905146999975,0.0,0.05835776559699999,0.004176546495000011,0.05665659536388749,0.006056925739625324,0.9999998272225256,0.0,-1,-1,instant_velocity,dbscan_kmeans_fallback,False
4410,188,13.1751158626,12.0881188555,-0.015427092530000052,0.04534536194999994,-0.017658022695999982,0.05126889817479999,-0.01646029592990293,0.05137402864812277,-0.32208361848385736,0.9467110040284534,-1,-1,instant_velocity,dbscan_kmeans_fallback,False
4410,362,6.70520792756,8.64020072903,-0.025045348045000006,-0.0012887629180001526,-0.023189045778599995,-0.0012648969383999998,-0.023872555549297427,-0.001384946810027562,-0.998678304585166,-0.051389166708648286,1,1,instant_velocity,dbscan_kmeans_fallback,False
4410,363,6.8241207145,8.09128318969,-0.02561360384099993,-0.003221907296000026,-0.024893813166400013,-0.003088257808200012,-0.025005994319140273,-0.002845353501760212,-0.9921808556963244,-0.12480534788324188,1,1,instant_velocity,dbscan_kmeans_fallback,False
4410,364,1.90028947481,7.88699040113,-0.026623836367999986,-0.007732577510999939,-0.026985836356199996,-0.0078900929786,-0.028756783014720306,-0.006771815467856065,-0.9603161612995964,-0.27891243957765044,-1,-1,instant_velocity,dbscan_kmeans_fallback,False
4410,417,11.329126386,3.98561865521,0.032180115260000086,-0.011932989985999986,0.03452469658240002,-0.014639392114600004,0.033089086937835195,-0.01379741066818586,0.9376114923437773,-0.34768391780137975,-1,-1,instant_velocity,dbscan_kmeans_fallback,False
4410,418,10.5472485038,3.33789595879,0.04510267300000006,-0.027278815107000032,0.03822467321080001,-0.027775227490600008,0.03629966243907643,-0.025446592334956136,0.855669390275955,-0.5175224778819029,-1,-1,instant_velocity,dbscan_kmeans_fallback,False
4410,432,11.8241403239,12.7802322747,0.011112557789999932,0.03579896995999991,0.018196813377999988,0.027006742935999986,0.01856090335038509,0.027840246704120643,0.2964607648763378,0.9550447535739366,-1,-1,instant_velocity,dbscan_kmeans_fallback,False
4420,142,11.7138566064,12.7367961911,0.024456045740000043,0.01484463954000006,0.02326902252,0.020987742786000005,0.02417808413511026,0.019214990840971627,0.8548441805498324,0.5188841179820664,-1,-1,instant_velocity,dbscan_kmeans_fallback,False
4420,178,15.1978960312,10.3857585041,0.007787209060000144,0.03319757814000006,0.007955581144000022,0.033116433807599994,0.009607839718760905,0.03285133744001783,0.2283726908734048,0.9735734833747732,-1,-1,instant_velocity,dbscan_kmeans_fallback,False
4420,179,3.73407197498,8.01109349698,0.0015153487900000152,0.015202629241999954,-0.0025845115462000035,0.010892433258799983,-0.003552725937208387,0.010771141364763254,0.09918518516626693,0.9950683343217996,-1,-1,instant_velocity,dbscan_kmeans_fallback,False
4420,181,12.1684612432,10.8146301642,0.019846859839999988,0.030667784260000098,0.023757301573999995,0.032176114197000026,0.024246044257857192,0.031101731544754624,0.5433090055166145,0.8395324752642959,-1,-1,instant_velocity,dbscan_kmeans_fallback,False
4420,182,2.28417783477,12.9465781551,-0.03377965009400001,0.026371907869999944,-0.03146032458680001,0.03217134100199999,-0.03194418133004422,0.03151678547158988,-0.7882329386919642,0.6153766063721319,-1,-1,instant_velocity,dbscan_kmeans_fallback,False
4420,183,8.69494507396,3.71999029813,0.05107988210599999,-0.00899747445000001,0.04530471949799999,-0.0116131858542,0.046660276693413265,-0.011388180767812959,0.9848381681070743,-0.1734744852492009,0,0,instant_velocity,dbscan_kmeans_fallback,False
4420,184,8.7789206527,2.85341656537,0.06067709110500008,-0.013341082804000015,0.05587006800120001,-0.014209804474999999,0.05607049298601916,-0.013477318800492615,0.9766709088480041,-0.21474080628966494,0,0,instant_velocity,dbscan_kmeans_fallback,False
4420,185,5.15639518583,5.68010323318,-0.04941720774,0.016801649899999927,-0.048743719389199996,0.0244387634906,-0.05090819386676125,0.020079020036379083,-0.9467737354949058,0.3218992242943863,-1,-1,instant_velocity,dbscan_kmeans_fallback,False
4420,186,10.1825124688,5.496812507,0.06446546307900007,-0.003914020714999999,0.06281120731680001,-0.005379391885600011,0.06272451480722804,-0.005721044653729525,0.9981617699493575,-0.06060339378490427,-1,-1,instant_velocity,dbscan_kmeans_fallback,False
4420,187,7.81877882259,9.11680434905,0.057877905146999975,0.0,0.05796630049299999,0.001976103141599985,0.057022988298821235,0.004239848017737726,0.9999998272225256,0.0,-1,-1,instant_velocity,dbscan_kmeans_fallback,False
4420,188,13.0208449372,12.5415724749,-0.015427092540000053,0.04534536194000012,-0.016361557622000013,0.049521908440000005,-0.016150334912932066,0.04956542863568597,-0.32208361873463653,0.9467110039431349,-1,-1,instant_velocity,dbscan_kmeans_fallback,False
4420,189,0.424297661005,5.0808284761,0.0,0.0,0.0,0.0,0.0,0.0,0.0,0.0,-1,-1,instant_velocity,dbscan_kmeans_fallback,False
4420,362,6.45496491221,8.62731309984,-0.02502430153499997,-0.0012887629189998861,-0.023765720178999993,-0.001274443330399997,-0.02421807934500819,-0.0013560916427192591,-0.9986760851924675,-0.051432272940281486,1,1,instant_velocity,dbscan_kmeans_fallback,False
4420,363,6.56819514119,8.05906411672,-0.025592557330999986,-0.003221907296999937,-0.025142161995999997,-0.0031359897683999804,-0.025181963222698188,-0.0029583196403321294,-0.9921681410303053,-0.1249063832149477,1,1,instant_velocity,dbscan_kmeans_fallback,False
4420,364,1.63426157624,7.80990328582,-0.02660278985700002,-0.007708711531000034,-0.0263712782362,-0.00821467030620001,-0.02811058506740422,-0.007052884286799255,-0.9604876612918697,-0.2783212719336516,-1,-1,instant_velocity,dbscan_kmeans_fallback,False
4420,365,11.3278635954,12.8184178426,0.0,0.0,0.0,0.0,0.0,0.0,0.0,0.0,-1,-1,instant_velocity,dbscan_kmeans_fallback,False
4420,417,11.6511380038,3.86628875536,0.032201161779999946,-0.011932989985000031,0.035774859335,-0.01384226838340001,0.03282270939048462,-0.013238084463230111,0.9376855571037238,-0.34748411993469164,-1,-1,instant_velocity,dbscan_kmeans_fallback,False
4420,418,10.9862787225,3.05794801373,0.04390302186999993,-0.027994794506,0.039988370829799995,-0.030419578071399993,0.03858067026835348,-0.026211052986269294,0.8431694182308209,-0.5376476058301779,-1,-1,instant_velocity,dbscan_kmeans_fallback,False
4420,432,11.9350554366,13.1382219742,0.011091511270000076,0.03579896995000009,0.016029022748000017,0.028400516166000003,0.016320085726269584,0.03022786367788448,0.29594850599266775,0.9552036160694324,-1,-1,instant_velocity,dbscan_kmeans_fallback,False
4430,142,11.9584170638,12.8850039267,0.024456045740000043,0.014820773559999978,0.023694162042000002,0.018787299432,0.02426147261657719,0.017896725656680133,0.855214153609937,0.51827410901628,-1,-1,instant_velocity,dbscan_kmeans_fallback,False
4430,179,3.74691034666,8.17004092359,0.0012838371680000016,0.015894742661000015,0.0007660929990000032,0.013646567347599987,-0.00210175700564587,0.012308221753634283,0.08050893975789367,0.9967532575452521,-1,-1,instant_velocity,dbscan_kmeans_fallback,False
4430,181,12.2438077525,11.1334796566,0.007534650930000097,0.03188494924,0.019122859862000005,0.0315890110894,0.019232626259500063,0.03133669685332824,0.22997359283190014,0.9731965557673777,-1,-1,instant_velocity,dbscan_kmeans_fallback,False
4430,182,1.94617086871,13.2105358935,-0.033800696606000005,0.026395773840000025,-0.0326347198984,0.030114093527999975,-0.03250113591283096,0.029980481982112922,-0.7881488399928879,0.6154843130960126,-1,-1,instant_velocity,dbscan_kmeans_fallback,False
4430,183,9.22826366175,3.71187586494,0.05333185877900011,-0.0008114433189999826,0.04860481241700001,-0.009866196120199993,0.04866175131908932,-0.008215159533169066,0.9998840847784951,-0.015213219245367797,0,0,instant_velocity,dbscan_kmeans_fallback,False
4430,184,9.34864970446,2.87370264835,0.056972905175999955,0.002028608298000023,0.0579494632844,-0.0106251342832,0.0563412166430134,-0.008825540670944824,0.9993665138179701,0.03558398850140621,0,0,instant_velocity,dbscan_kmeans_fallback,False
4430,185,4.66538008507,5.83928931959,-0.049101510076000034,0.01591860864100001,-0.04993495190980001,0.021894650025799985,-0.050366188729532885,0.01883089661776536,-0.9512579077405409,0.3083958584275732,-1,-1,instant_velocity,dbscan_kmeans_fallback,False
4430,186,10.8477926803,5.51232539398,0.0665280211499999,0.0015512886980000751,0.063636230546,-0.004902072286199992,0.06386556671005961,-0.0035393446482106447,0.9997281001195948,0.023311484033049695,-1,-1,instant_velocity,dbscan_kmeans_fallback,False
4430,187,8.41607880371,9.13995434963,0.05972999811200008,0.002315000058000116,0.05829883536640001,0.0016133402462000035,0.05783509124277489,0.003662393629816443,0.9992495965449201,0.038728661427721287,-1,-1,instant_velocity,dbscan_kmeans_fallback,False
4430,188,12.8735193605,12.9324972269,-0.014732557670000012,0.03909247520000001,-0.01584802275400001,0.04660071249200001,-0.01572500174005245,0.04642354260498018,-0.35265232375150857,0.9357541663353429,-1,-1,instant_velocity,dbscan_kmeans_fallback,False
4430,189,0.695376722203,5.13381095164,0.027107906119799997,0.005298247554000035,0.027107906119799997,0.005298247554000035,0.00813237183594,0.0015894742662000106,0.9814296210936656,0.1918206838404478,-1,-1,instant_velocity,dbscan_kmeans_fallback,False
4430,190,0.357790686363,4.02714546036,0.0,0.0,0.0,0.0,0.0,0.0,0.0,0.0,-1,-1,instant_velocity,dbscan_kmeans_fallback,False
4430,362,6.2076684084,8.61299351186,-0.024729650381000036,-0.0014319587980001103,-0.02427925504639999,-0.0013078557024000048,-0.024371550655805742,-0.0013788517893035144,-0.9983273337138207,-0.05780767567558664,1,1,instant_velocity,dbscan_kmeans_fallback,False
4430,363,6.32363468381,8.02350380657,-0.024456045738000042,-0.0035560310150000163,-0.025167417809000003,-0.0032505464720000176,-0.024964187977288745,-0.0031376330527324954,-0.9895930233649917,-0.14389176079457738,1,1,instant_velocity,dbscan_kmeans_fallback,False
4430,364,1.36802321257,7.73257751072,-0.026623836366999987,-0.0077325775100000275,-0.0264680921864,-0.00802851566220001,-0.027664560457282952,-0.007256792253759487,-0.9603161613064507,-0.27891243955405065,-1,-1,instant_velocity,dbscan_kmeans_fallback,False
4430,365,11.4907635902,12.795267842,0.016289999480000004,-0.002315000060000116,0.016289999480000004,-0.002315000060000116,0.004886999844000002,-0.000694500018000035,0.9900519470123254,-0.14069799815222367,-1,-1,instant_velocity,dbscan_kmeans_fallback,False
4430,417,11.9729391564,3.7469588555,0.032180115260000086,-0.011932989985999986,0.03580011514800002,-0.013126288984199999,0.03262993115133926,-0.012846556120061074,0.9376114923437773,-0.34768391780137975,-1,-1,instant_velocity,dbscan_kmeans_fallback,False
4430,418,11.4072089417,2.76749903748,0.042093021920000064,-0.029044897625,0.041347975436999994,-0.030328887347599993,0.03963437576384746,-0.027061206377888506,0.8230734420802149,-0.5679346070356018,-1,-1,instant_velocity,dbscan_kmeans_fallback,False
4430,432,12.0461810145,13.4962116738,0.011112557789999932,0.03579896995999991,0.014332673964000016,0.030949402825999995,0.014757827345388688,0.031899195562519106,0.2964607648763378,0.9550447535739366,-1,-1,instant_velocity,dbscan_kmeans_fallback,False
4440,142,12.1175286867,13.1203224892,0.015911162289999937,0.023531856249999983,0.022410324874000017,0.01832907261799999,0.021756379518604013,0.01958726483467609,0.5601293166428297,0.8284047588989707,-1,-1,instant_velocity,dbscan_kmeans_fallback,False
4440,179,3.75974871835,8.32922701,0.0012838371690000016,0.015918608641000098,0.001658465063800003,0.014811227170199998,-0.0010860787532521086,0.013391337819844026,0.0803890174504735,0.9967629374879187,-1,-1,instant_velocity,dbscan_kmeans_fallback,False
4440,181,12.2663275192,11.4573410048,0.002251976670000033,0.03238613481999995,0.013861232120000011,0.03126443376160001,0.014138431382650052,0.03165152824332975,0.06936768889027635,0.9975908518414045,-1,-1,instant_velocity,dbscan_kmeans_fallback,False
4440,182,1.60837436776,13.4742549722,-0.03377965009499999,0.02637190787000012,-0.0330766966288,0.028677361534000027,-0.03288469016748166,0.02889790974847908,-0.7882329387007986,0.6153766063608161,-1,-1,instant_velocity,dbscan_kmeans_fallback,False
4440,183,9.76137178443,3.70400009155,0.05331081226799998,-0.0007875773389999896,0.05139137046840002,-0.00791873215459999,0.05005646960376252,-0.005986884874918342,0.999890704926142,-0.014771698782561023,0,0,instant_velocity,dbscan_kmeans_fallback,False
4440,184,9.91416945402,2.9109335771,0.05655197495599999,0.003723092874999967,0.05910281208499999,-0.006849536251800003,0.056404444136909385,-0.005060950607161386,0.997839727009088,0.06569266556844257,0,0,instant_velocity,dbscan_kmeans_fallback,False
4440,185,4.1741545192,5.9982367462,-0.049122556586999974,0.015894742661000015,-0.05040639375539999,0.01965124790839999,-0.049993099086773005,0.017950050430735755,-0.951432132891071,0.30785793660650196,-1,-1,instant_velocity,dbscan_kmeans_fallback,False
4440,186,11.5130728918,5.52759962116,0.06652802115000007,0.0015274227179999933,0.06446125377520001,-0.003918793911399998,0.06466430304204175,-0.0020193144383474533,0.9997363940467183,0.022953036237698905,-1,-1,instant_velocity,dbscan_kmeans_fallback,False
4440,187,9.04116017929,9.19771002116,0.06250813755799989,0.005775567152999983,0.05918699812879998,0.0019474639658000116,0.05923700513734238,0.004296345686771505,0.9957583729833352,0.0920051304678686,-1,-1,instant_velocity,dbscan_kmeans_fallback,False
4440,188,12.7331391323,13.2606544515,-0.014038022819999973,0.032815722459999995,-0.015199790218000012,0.04242416599800002,-0.015218908064036706,0.042341196561486126,-0.3933070426622767,0.9194068793776667,-1,-1,instant_velocity,dbscan_kmeans_fallback,False
4440,189,0.96666624851,5.18679342717,0.02712895263070001,0.005298247552999946,0.02712895263070001,0.005298247552999946,0.013831346074368004,0.002702106252239991,0.9814576271362602,0.1916773397828609,1,1,instant_velocity,dbscan_kmeans_fallback,False
4440,190,0.568255795989,4.05817123433,0.0210465109626,0.0031025773969999724,0.0210465109626,0.0031025773969999724,0.006313953288780001,0.0009307732190999918,0.9893078476838982,0.14583909762302819,1,1,instant_velocity,dbscan_kmeans_fallback,False
4440,362,5.98604864797,8.58793423289,-0.02216197604300003,-0.002505927896999971,-0.0242834643486,-0.0015608350902000011,-0.023708678271964028,-0.0017169746216124514,-0.993667423868507,-0.11235726060622125,2,2,instant_velocity,dbscan_kmeans_fallback,False
4440,363,6.09043934234,7.98484091901,-0.02331953414700001,-0.0038662887560000137,-0.02491485967760001,-0.003417608332000004,-0.024470791828202124,-0.0033562297637127507,-0.9865324178775811,-0.1635632672001849,2,2,instant_velocity,dbscan_kmeans_fallback,False
4440,364,1.06348019894,7.69486926236,-0.030454301363,-0.003770824835999953,-0.027326789833800002,-0.007045237287599999,-0.02850148272899807,-0.006211002028431627,-0.9924211198397013,-0.12288071106464514,-1,-1,instant_velocity,dbscan_kmeans_fallback,False
4440,365,11.6536635851,12.7721178415,0.016289999490000005,-0.002315000049999938,0.016289999490000005,-0.002315000049999938,0.008307899737800004,-0.001180650027600006,0.9900519471090193,-0.1406979974718167,-1,-1,instant_velocity,dbscan_kmeans_fallback,False
4440,417,12.3227321686,3.69015782317,0.034979301219999925,-0.005680103233000011,0.034549952395999985,-0.011279062134400011,0.033334742171937465,-0.010696620253942756,0.9870704685228998,-0.16028513903674177,-1,-1,instant_velocity,dbscan_kmeans_fallback,False
4440,418,11.8270868354,2.46201449384,0.041987789369999896,-0.030548454364,0.04266548702319998,-0.029278784229,0.04034039984569319,-0.028107380773721956,0.8086270811624588,-0.5883212204554783,-1,-1,instant_velocity,dbscan_kmeans_fallback,False
4440,432,12.1573065924,13.8542013734,0.011112557789999932,0.03579896996000009,0.01263632518199998,0.03350306268400001,0.01366424647877206,0.0330691278817634,0.29646076487633644,0.955044753573937,-1,-1,instant_velocity,dbscan_kmeans_fallback,False
4450,142,12.1911914751,13.4425132189,0.007366278840000007,0.03221907297000008,0.019333324971999986,0.020052196371999998,0.01743934931502281,0.023376807275273286,0.22287992237068058,0.9748455955013651,0,0,instant_velocity,dbscan_kmeans_fallback,False
4450,179,3.7673254623,8.46359247724,0.0007576743950000076,0.01343654672400003,0.0013890697236000004,0.01479690758220002,-0.0005329528087764737,0.013404900491090825,0.05629959204195464,0.9984131759050089,-1,-1,instant_velocity,dbscan_kmeans_fallback,False
4450,181,12.2888472859,11.7812023531,0.0022519766699998557,0.03238613482999995,0.010346464787999991,0.031603330678,0.010572494968854993,0.03187191021933081,0.06936768886895504,0.9975908518428873,0,0,instant_velocity,dbscan_kmeans_fallback,False
4450,183,10.2824833959,3.72309287553,0.05211116114699994,0.0019092783979999695,0.051888068127799995,-0.0046347733104,0.05067287706673375,-0.003618035893042849,0.9993292909670968,0.03661399565344262,1,1,instant_velocity,dbscan_kmeans_fallback,False
4450,184,10.4798996687,2.94816450586,0.05657302146800003,0.0037230928760000116,0.0582862074598,-0.003441474311800006,0.056455017336236576,-0.002425737562212966,0.9978413287899239,0.0656683317630036,1,1,instant_velocity,dbscan_kmeans_fallback,False
4450,185,3.74627895133,6.11780530585,-0.04278755678700001,0.011956855965000023,-0.0485248356754,0.017078495267400004,-0.04783143639684111,0.016152092091015036,-0.963101952226991,0.26913598688783347,-1,-1,instant_velocity,dbscan_kmeans_fallback,False
4450,186,12.1581484528,5.5827300349,0.06450755610000006,0.005513041373999971,0.0648821839944,-0.0009403196108000067,0.06461727895942924,0.00024039230535677445,0.996367726094427,0.08515307089237012,-1,-1,instant_velocity,dbscan_kmeans_fallback,False
4450,187,9.66603108977,9.25570435249,0.06248709104800003,0.005799433132999887,0.06009620740239999,0.0027780000687999975,0.06021203091053967,0.00474727192064002,0.9957206093591328,0.09241292875503468,-1,-1,instant_velocity,dbscan_kmeans_fallback,False
4450,188,12.5927589042,13.5888116761,-0.014038022809999972,0.032815722459999995,-0.014732557674000012,0.03908292880200001,-0.014864642487825687,0.03948355433104028,-0.393307042425444,0.9194068794789797,0,0,instant_velocity,dbscan_kmeans_fallback,False
4450,189,1.23795577482,5.24001456251,0.027128952631000004,0.005322113534000028,0.027128952631000004,0.005322113534000028,0.017820628041357603,0.003488108436768002,0.9812948740230769,0.1925088226190972,2,2,instant_velocity,dbscan_kmeans_fallback,False
4450,190,0.778720905614,4.08895834849,0.021046510962499997,0.003078711416000068,0.021046510962499997,0.003078711416000068,0.010733720590896001,0.0015751546781700148,0.9894691233574607,0.1447408499816419,2,2,instant_velocity,dbscan_kmeans_fallback,False
4450,191,15.3008134698,1.26489693848,0.0,0.0,0.0,0.0,0.0,0.0,0.0,0.0,-1,-1,instant_velocity,dbscan_kmeans_fallback,False
4450,362,5.76442888753,8.56287495392,-0.022161976043999942,-0.002505927896999971,-0.023824650409599996,-0.0018042680858000183,-0.023244667603574805,-0.0019536606042287073,-0.993667423869073,-0.11235726060121588,3,3,instant_velocity,dbscan_kmeans_fallback,False
4450,363,5.85724400088,7.94617803146,-0.02331953414600001,-0.0038662887550000137,-0.024460255040599996,-0.0035464846238000016,-0.02412541452354149,-0.0035092474610989295,-0.9865324178832757,-0.16356326716583808,3,3,instant_velocity,dbscan_kmeans_fallback,False
4450,364,0.7587267202,7.65716101401,-0.030475347874000004,-0.0037708248350000416,-0.0281560223658,-0.006143103244599999,-0.02909364227249865,-0.005478948870402151,-0.9924314655747941,-0.12279712877757328,-1,-1,instant_velocity,dbscan_kmeans_fallback,False
4450,365,11.8165635799,12.7489678409,0.016289999480000004,-0.002315000059999939,0.016289999480000004,-0.002315000059999939,0.010702529660460005,-0.0015209550373199857,0.9900519470123268,-0.1406979981522131,-1,-1,instant_velocity,dbscan_kmeans_fallback,False
4450,417,12.6910461104,3.67536091559,0.03683139418000003,-0.001479690757999963,0.033674417540000015,-0.008591752789599996,0.034383737774356236,-0.007931541405159918,0.9991937006449847,-0.04014232198408092,-1,-1,instant_velocity,dbscan_kmeans_fallback,False
4450,418,12.2368624038,2.02240314277,0.04097755684000006,-0.04396113510699999,0.0428128126,-0.03176561934180001,0.04053154694398525,-0.03286350707370537,0.6818481327918933,-0.7314935345013128,-1,-1,instant_velocity,dbscan_kmeans_fallback,False
4460,142,12.2648542634,13.7647039485,0.007366278830000006,0.03221907295999991,0.015911162288000005,0.023527083056,0.014417428169515968,0.026029486980691272,0.22287992214888408,0.9748455955520746,-1,-1,instant_velocity,dbscan_kmeans_fallback,False
4460,179,3.7673254623,8.56072701572,0.0,0.009713453847999886,0.0009681395044000052,0.014033196223199998,-0.0003730669661435316,0.012297466498163543,0.0,0.9999989705011357,-1,-1,instant_velocity,dbscan_kmeans_fallback,False
4460,181,12.1901391495,12.0427734935,-0.00987081363999991,0.026157114040000096,0.004402930094000013,0.03069642343800002,0.004439502386198521,0.03015747136553159,-0.35306353115967526,0.9355989672912959,-1,-1,instant_velocity,dbscan_kmeans_fallback,False
4460,183,10.7850740777,3.78275782546,0.05025906817999992,0.005966494993000016,0.052018556495999985,-0.0005441443433999993,0.0505487344007136,-0.0007426766272299891,0.9930268202764745,0.11788697573688921,0,0,instant_velocity,dbscan_kmeans_fallback,False
4460,184,11.0066938381,2.97966759942,0.05267941694000004,0.003150309356000003,0.05669088192900002,-0.00014319587980000215,0.05532233721736561,-0.0007529234867490753,0.9982164815446393,0.05969486573295165,0,0,instant_velocity,dbscan_kmeans_fallback,False
4460,185,3.32534873208,6.23307798912,-0.042093021924999974,0.011527268326999972,-0.046504370623,0.01441982509879999,-0.04610991205528876,0.014764644961810515,-0.9644876442939048,0.2641271014863576,-1,-1,instant_velocity,dbscan_kmeans_fallback,False
4460,186,12.772706573,5.69728673876,0.061455812019999986,0.011455670385999994,0.06469697469980001,0.003226680492200007,0.06366883887760047,0.0036049757295497403,0.983066461355255,0.18324849967245138,-1,-1,instant_velocity,dbscan_kmeans_fallback,False
4460,187,10.2801682797,9.31513064262,0.06141371899300001,0.0059426290130000226,0.0608033701716,0.003966525871400002,0.060572537335277774,0.005105879048348021,0.9953508375332519,0.09631399729941728,-1,-1,instant_velocity,dbscan_kmeans_fallback,False
4460,189,1.50924530112,5.29299703804,0.02712895262999999,0.005298247553000035,0.02712895262999999,0.005298247553000035,0.02061312541795032,0.004031150171637612,0.9814576271353291,0.19167733978762821,1,1,instant_velocity,dbscan_kmeans_fallback,False
4460,190,0.98918601524,4.11998412245,0.021046510962600008,0.0031025773959999724,0.021046510962600008,0.0031025773959999724,0.013827557702407203,0.002033381493519002,0.9893078476906803,0.1458390975770221,1,1,instant_velocity,dbscan_kmeans_fallback,False
4460,191,15.0128971998,1.70450828955,-0.02879162700000002,0.04396113510700002,-0.02879162700000002,0.04396113510700002,-0.008637488100000007,0.013188340532100008,-0.5478863992725606,0.8365525165253348,-1,-1,instant_velocity,dbscan_kmeans_fallback,False
4460,362,5.54301959221,8.53781567495,-0.022140929531999996,-0.002505927896999971,-0.023243766706999996,-0.002047701081599982,-0.022913546182102364,-0.0021193407920600863,-0.9936554938325485,-0.1124627138351829,2,2,instant_velocity,dbscan_kmeans_fallback,False
4460,363,5.62404865941,7.90727648411,-0.02331953414700001,-0.0038901547350000064,-0.02400144110180001,-0.0036801341115999973,-0.023883650410579046,-0.0036235196432692525,-0.9863690380169114,-0.16454566199782017,2,2,instant_velocity,dbscan_kmeans_fallback,False
4460,364,0.454183706572,7.61945276565,-0.030454301362799995,-0.003770824835999953,-0.02892211536476,-0.0053507527096000014,-0.029501839999589052,-0.004966511660081492,-0.9924211198396029,-0.12288071106543996,-1,-1,instant_velocity,dbscan_kmeans_fallback,False
4460,365,12.1051112452,12.6986106232,0.028854766529999944,-0.005035721770000024,0.028854766529999944,-0.005035721770000024,0.016148200721321986,-0.002575385057123997,0.98511038426288,-0.17192105168232957,-1,-1,instant_velocity,dbscan_kmeans_fallback,False
4460,417,13.0593600523,3.66032534821,0.03683139419000003,-0.0015035567380000004,0.03460467332600001,-0.0065058661399999985,0.03511803469904937,-0.006003146005011942,0.9991675227724014,-0.04078871012879275,-1,-1,instant_velocity,dbscan_kmeans_fallback,False
4460,418,12.6733670412,1.62789849385,0.043650463740000055,-0.03945046489199999,0.042522370748,-0.0341999492988,0.041467221982789695,-0.03483959441919376,0.7418975524598744,-0.6705129989251051,-1,-1,instant_velocity,dbscan_kmeans_fallback,False
4470,179,3.7673254623,8.658100214,0.0,0.009737319827999968,0.0006650697464000021,0.0129401343404,-0.0002611468763004721,0.011529422497114472,0.0,0.9999989730244147,-1,-1,instant_velocity,dbscan_kmeans_fallback,False
4470,181,12.0779612461,12.2974234998,-0.0112177903400001,0.025465000630000033,-0.0018099999420000045,0.029655866712000004,-0.00025768543166106595,0.028749730144872122,-0.40313556084723384,0.9151398804757956,-1,-1,instant_velocity,dbscan_kmeans_fallback,False
4470,183,11.2878752245,3.84242277539,0.05028011468000013,0.005966494993000016,0.05185860301080002,0.0024486495452000056,0.050468148484499556,0.0012700748588390127,0.9930325958537863,0.11783831538085522,0,0,instant_velocity,dbscan_kmeans_fallback,False
4470,184,11.5168612638,3.00854543519,0.051016742569999884,0.0028877835769999917,0.054758812221999985,0.0031025773963999992,0.05403065882315589,0.000339288632375645,0.9984016023880146,0.05651414820674998,0,0,instant_velocity,dbscan_kmeans_fallback,False
4470,185,2.90441851283,6.34835067238,-0.042093021925000015,0.011527268325999974,-0.04503953346,0.013364948783999998,-0.04490484501620214,0.013793431971067352,-0.9644876442997419,0.26412710146504265,-1,-1,instant_velocity,dbscan_kmeans_fallback,False
4470,186,13.3872646931,5.81184344262,0.061455812009999986,0.011455670385999994,0.064095044486,0.006300618712400005,0.06300493081732032,0.005960184126484816,0.9830664613498833,0.18324849970126803,-1,-1,instant_velocity,dbscan_kmeans_fallback,False
4470,187,10.795386868,9.38911518053,0.051521858829999975,0.007398453791000037,0.059532160908199995,0.0054462166296000095,0.05785733378369443,0.005793651471143626,0.9898463273370316,0.14214029693994504,-1,-1,instant_velocity,dbscan_kmeans_fallback,False
4470,189,1.75885692114,5.3309439462,0.024961162002000003,0.003794690815999946,0.026691185202700002,0.005002309401999998,0.021917536393165224,0.003960212364946312,0.9886405071187606,0.1502968913221466,1,1,instant_velocity,dbscan_kmeans_fallback,False
4470,190,1.19965112487,4.15100989642,0.021046510962999986,0.0031025773969999724,0.021046510962999986,0.0031025773969999724,0.015993243680585037,0.0023541402645632934,0.9893078476842982,0.1458390976203155,1,1,instant_velocity,dbscan_kmeans_fallback,False
4470,191,14.7220344183,2.13600520744,-0.029086278149999957,0.04314969178900001,-0.029086278149999957,0.04314969178900001,-0.014772125114999993,0.022176745909170008,-0.5589476810164339,0.82920269268055,-1,-1,instant_velocity,dbscan_kmeans_fallback,False
4470,362,5.34770797048,8.51585897338,-0.019531162173000015,-0.0021956701569999736,-0.022145138834600005,-0.002229082529199999,-0.02189883097937166,-0.0021422396015420525,-0.9937397697772823,-0.11171504987759037,2,2,instant_velocity,dbscan_kmeans_fallback,False
4470,363,5.47461843158,7.9137202987,-0.014943022782999993,0.0006443814590000763,-0.021871534192200014,-0.0029068763603999946,-0.02120146212230533,-0.0023431493125884535,-0.9990708489870713,0.04308249680560861,2,2,instant_velocity,dbscan_kmeans_fallback,False
4470,364,0.149640692944,7.5817445173,-0.0304543013628,-0.0037708248350000416,-0.02969241766592,-0.004563175370400003,-0.029787578408552336,-0.004607805612557057,-0.9924211198435764,-0.12288071103334759,-1,-1,instant_velocity,dbscan_kmeans_fallback,False
4470,365,12.4250182119,12.6413322712,0.031990696669999964,-0.0057278352000000865,0.021943092329999983,-0.0035417114280000207,0.02090094950592538,-0.003521120099986824,0.9843461736037865,-0.17624413498442174,-1,-1,instant_velocity,dbscan_kmeans_fallback,False
4470,417,13.3681123681,3.65555215221,0.03087523157999996,-0.0004773196000000368,0.03433948728600001,-0.004214732063,0.03384519376333455,-0.00434539808350837,0.9998801975577798,-0.015457776072371013,-1,-1,instant_velocity,dbscan_kmeans_fallback,False
4470,418,13.2161565589,1.4142979731,0.05427895176999993,-0.021360052075000004,0.044597556728000004,-0.0328730008126,0.04531074091895276,-0.03079573171593563,0.9305400962475735,-0.3661895498267414,-1,-1,instant_velocity,dbscan_kmeans_fallback,False
4480,179,3.7673254623,8.75523475249,0.0,0.009713453849000154,0.00040830231280000186,0.011703876578000028,-0.00018280281341033047,0.010984631902680177,0.0,0.9999989705011358,-1,-1,instant_velocity,dbscan_kmeans_fallback,False
4480,181,11.9655728775,12.5518348463,-0.011238836859999957,0.025441134649999954,-0.005564697500000016,0.028367103793999995,-0.0035520308601627334,0.02775715149641047,-0.4040856486799476,0.9147207603651578,-1,-1,instant_velocity,dbscan_kmeans_fallback,False
4480,183,11.7906763714,3.90208772531,0.050280114689999954,0.005966494991999971,0.051248254192999984,0.0038042372073999963,0.050411738346149676,0.0026790008987873006,0.99303259585884,0.1178383153382681,0,0,instant_velocity,dbscan_kmeans_fallback,False
4480,184,12.0270286896,3.03742327095,0.051016742580000066,0.002887783576000036,0.0535675797028,0.0032744124520000016,0.05312648395020915,0.0011038371154629624,0.9984016023897437,0.056514148176200873,0,0,instant_velocity,dbscan_kmeans_fallback,False
4480,185,2.61797549863,6.36815943575,-0.028644301420000007,0.001980876337000037,-0.0409480917288,0.010577402323200005,-0.0400266819373415,0.010249665280847156,-0.9976170370332954,0.06898949822764937,-1,-1,instant_velocity,dbscan_kmeans_fallback,False
4480,186,13.8816472356,6.02281870557,0.049438254249999855,0.02109752629499999,0.06067709110599999,0.010209866231799989,0.05893492784712418,0.010501386777039368,0.9197519991977168,0.39249953871404547,-1,-1,instant_velocity,dbscan_kmeans_fallback,False
4480,187,11.3106054564,9.46333837824,0.051521858839999976,0.007422319770999941,0.05789053305379998,0.006467680572199974,0.0559566913005861,0.006282251961100521,0.9897817176013272,0.14258950621989272,-1,-1,instant_velocity,dbscan_kmeans_fallback,False
4480,189,2.00573249473,5.36722023576,0.024687557359000013,0.0036276289559999952,0.02620711545054,0.00466818568239999,0.02274854268291566,0.0038604373422624167,0.9893754281980511,0.14538039950630105,1,1,instant_velocity,dbscan_kmeans_fallback,False
4480,190,1.41011623449,4.18179701058,0.02104651096200001,0.003078711416000068,0.02104651096254,0.0030930310044000107,0.017509223865009527,0.0025715116099943257,0.9894691233569682,0.14474084998500839,1,1,instant_velocity,dbscan_kmeans_fallback,False
4480,191,14.4063367539,2.49399490701,-0.03156976644,0.03579896995699996,-0.03156976644,0.03579896995699996,-0.019811417512499995,0.026263413123518993,-0.6614146204623645,0.7500201869422736,-1,-1,instant_velocity,dbscan_kmeans_fallback,False
4480,362,5.21385216075,8.50130072559,-0.013385580973,-0.0014558247790001032,-0.019876324953,-0.002233855725399998,-0.019344855977460162,-0.0019363151547794678,-0.9941367788007688,-0.10812298391925045,2,2,instant_velocity,dbscan_kmeans_fallback,False
4480,363,5.34623471471,7.93114246408,-0.012838371687000017,0.00174221653799993,-0.019547999382000008,-0.0018472268498000055,-0.018692534991713736,-0.0011175395574119383,-0.9909167207267746,0.13447121961572187,2,2,instant_velocity,dbscan_kmeans_fallback,False
4480,365,12.7388216903,12.5654384549,0.03138034784000006,-0.007589381629999892,0.024961162001999996,-0.004596587741999975,0.024044769006147784,-0.004741598558990744,0.971977145318418,-0.23507405109309723,-1,-1,instant_velocity,dbscan_kmeans_fallback,False
4480,417,13.5872065472,3.665337204,0.021909417909999895,0.000978505179000022,0.03228534781599997,-0.001632433029999998,0.030264461007334154,-0.002748227104755852,0.999003713854471,0.04461689999535275,-1,-1,instant_velocity,dbscan_kmeans_fallback,False
4480,418,13.7322170077,1.18661652418,0.05160604487999994,-0.02276814489200001,0.046500161319999976,-0.031617650266,0.047199332107266914,-0.028387455668754946,0.9149125838724597,-0.4036515939471914,-1,-1,instant_velocity,dbscan_kmeans_fallback,False
4490,179,3.7673254623,8.85260795077,0.0,0.009737319827999968,0.00015153487900000152,0.010467618815400002,-0.00012796196938723132,0.010610438280276115,0.0,0.9999989730244147,-1,-1,instant_velocity,dbscan_kmeans_fallback,False
4490,181,11.8967507867,12.7642420681,-0.006882209079999946,0.02124072217999995,-0.007391534650000011,0.026138021265999997,-0.0045510843261138976,0.025802222701487312,-0.30823409563342113,0.9513100685620387,-1,-1,instant_velocity,dbscan_kmeans_fallback,False
4490,183,12.1606740342,3.79946401144,0.03699976627999994,-0.01026237138699999,0.047986044995399976,0.001909278397799996,0.04638814672630476,-0.0012034107869488872,0.9636206237975796,-0.26727284282681635,0,0,instant_velocity,dbscan_kmeans_fallback,False
4490,184,12.4932089074,3.02620626037,0.046618021779999984,-0.0011217010580000242,0.051580789067600004,0.0023054536654000036,0.0511739452991464,0.0004361756634240663,0.999710432571851,-0.02405456531814052,0,0,instant_velocity,dbscan_kmeans_fallback,False
4490,185,2.33153248443,6.38820685893,-0.028644301420000007,0.0020047423180000303,-0.0368524406954,0.007799402254600007,-0.03661196778213905,0.007776188391993018,-0.9975594900302188,0.06981666946814681,-1,-1,instant_velocity,dbscan_kmeans_fallback,False
4490,186,14.3627704762,6.2442949997,0.04811232406000006,0.022147629413000035,0.05699395168799999,0.014333907570799997,0.055688146710986944,0.01399525956782757,0.9083758407692695,0.4181542231048916,-1,-1,instant_velocity,dbscan_kmeans_fallback,False
4490,187,11.8100391615,9.56524611272,0.049943370510000126,0.0101907734480001,0.05537757964420002,0.007350721831199998,0.054152695063410305,0.007454808407170395,0.9798105968389685,0.1999269915580967,-1,-1,instant_velocity,dbscan_kmeans_fallback,False
4490,189,2.25281853343,5.40349652531,0.02470860387,0.0036276289549999952,0.0257230456984,0.0043340619628,0.023336561039040964,0.0037905948260836906,0.9893932331174836,0.1452591801310077,1,1,instant_velocity,dbscan_kmeans_fallback,False
4490,190,1.66056971495,4.22666505293,0.025045348046000004,0.004486804234999919,0.02184627837922,0.003369876372,0.01977006111930667,0.003146099397496004,0.9843289560115625,0.17633978654854773,1,1,instant_velocity,dbscan_kmeans_fallback,False
4490,191,14.0906390894,2.85198460658,-0.03156976645,0.03579896995700001,-0.03156976645,0.03579896995700001,-0.02333892219375,0.0291240801735633,-0.6614146205802192,0.750020186838342,-1,-1,instant_velocity,dbscan_kmeans_fallback,False
4490,192,14.8140076712,3.1670155422,0.0,0.0,0.0,0.0,0.0,0.0,0.0,0.0,-1,-1,instant_velocity,dbscan_kmeans_fallback,False
4490,362,5.07978588592,8.48698113761,-0.013406627483000033,-0.0014319587979999327,-0.018125255240999998,-0.0020190619055999903,-0.017563387429122123,-0.0017850082477456073,-0.9943434458385418,-0.10620559475584454,2,2,instant_velocity,dbscan_kmeans_fallback,False
4490,363,5.21806146295,7.94856462946,-0.012817325175999983,0.0017422165380000187,-0.017447557587800002,-0.000725525790999999,-0.01692997204699961,-0.00025961272878835106,-0.9908872741734414,0.13468802364406288,2,2,instant_velocity,dbscan_kmeans_fallback,False
4490,365,13.0383135413,12.4461085551,0.029949185100000088,-0.01193298998000003,0.02769299912400001,-0.006520185727999994,0.025816093834303475,-0.0068990159852935305,0.928974895918496,-0.3701418949347958,-1,-1,instant_velocity,dbscan_kmeans_fallback,False
4490,417,13.8065111914,3.67536091559,0.021930464420000108,0.0010023711590000151,0.029675580456000005,-0.0002959381515999926,0.02776426203113394,-0.0016230476256290916,0.9989566233813343,0.04565910184083027,-1,-1,instant_velocity,dbscan_kmeans_fallback,False
4490,418,14.1859797841,0.925522703289,0.04537627764000014,-0.0261093820891,0.04717785897400002,-0.03072983581102,0.04665241576708688,-0.027704033594858464,0.866757335984995,-0.4987297248863225,-1,-1,instant_velocity,dbscan_kmeans_fallback,False
4500,179,3.7673254623,8.94974248925,0.0,0.009713453847999886,0.0,0.009723000240199973,-8.957337857106193e-05,0.010341342950593246,0.0,0.9999989705011357,-1,-1,instant_velocity,dbscan_kmeans_fallback,False
4500,181,11.8327693934,12.971637434,-0.0063981393300000635,0.020739536590000007,-0.009121557849999995,0.023808701618000007,-0.005105200827279747,0.02428341686804112,-0.294790358380344,0.9555614700888827,-1,-1,instant_velocity,dbscan_kmeans_fallback,False
4500,183,12.4974182096,3.65626813161,0.03367441753999998,-0.014319587982999992,0.04429869627399999,-0.0013364948783999963,0.04257402797041332,-0.005138263945764219,0.9202523369780645,-0.3913247880313228,0,0,instant_velocity,dbscan_kmeans_fallback,False
4500,184,12.8930926157,2.95460832045,0.039988370830000085,-0.007159793991999975,0.048263858940000015,0.00012887629180000638,0.047818272958402505,-0.0018426152332031462,0.984346234208418,-0.17624414567161842,0,0,instant_velocity,dbscan_kmeans_fallback,False
4500,185,2.04508947023,6.40801562231,-0.028644301419999962,0.0019808763379999482,-0.03402378962199999,0.005804206329199992,-0.03422166787349733,0.006037594775795097,-0.9976170370308985,0.06898949826230838,-1,-1,instant_velocity,dbscan_kmeans_fallback,False
4500,186,14.8438937168,6.46600995364,0.04811232406000006,0.02217149539400003,0.05371490527999999,0.017665598374800008,0.05341539991569087,0.016448130315679307,0.9082046415353308,0.41852592698491253,-1,-1,instant_velocity,dbscan_kmeans_fallback,False
4500,187,12.2454914733,9.77932395306,0.04354523117999989,0.02140778403399999,0.0515892076706,0.010472392011400019,0.05097045589838718,0.011640701095219273,0.8974142750895148,0.44118840271466525,-1,-1,instant_velocity,dbscan_kmeans_fallback,False
4500,189,2.49990457213,5.43977281487,0.02470860387,0.003627628956000084,0.0252389759462,0.0039951650472000114,0.023748173888328672,0.003741705065058609,0.9893932331117282,0.14525918017020872,1,1,instant_velocity,dbscan_kmeans_fallback,False
4500,190,1.97100575164,4.29229649785,0.031043603668999987,0.006563144492000017,0.023845696920519997,0.00406676298719999,0.023152123884214667,0.0041712129258472085,0.9783734563675982,0.20684474746371703,1,1,instant_velocity,dbscan_kmeans_fallback,False
4500,191,13.7863065409,3.15890110901,-0.03043325484999997,0.030691650243000003,-0.03029013857799999,0.0378800834106,-0.02546722199062499,0.02959435119439431,-0.7041111503731249,0.710089448728431,-1,-1,instant_velocity,dbscan_kmeans_fallback,False
4500,192,14.4846297746,3.72715009212,-0.03293778966000005,0.056013454991999986,-0.03293778966000005,0.056013454991999986,-0.009881336898000016,0.016804036497599997,-0.5068908302688079,0.8620100802210092,-1,-1,instant_velocity,dbscan_kmeans_fallback,False
4500,194,15.2606146338,6.73020635192,0.0,0.0,0.0,0.0,0.0,0.0,0.0,0.0,-1,-1,instant_velocity,dbscan_kmeans_fallback,False
4500,362,4.9459300762,8.47242288983,-0.013385580971999999,-0.0014558247780000143,-0.01636997622660001,-0.001809041281799999,-0.016310045491985486,-0.0016862532068219293,-0.9941367788078844,-0.1081229838538261,2,2,instant_velocity,dbscan_kmeans_fallback,False
4500,363,5.08967774607,7.96598679484,-0.012838371688000016,0.0017422165380000187,-0.015351325096200004,0.00039617526760000744,-0.015702491939299734,0.0003409360512481599,-0.9909167207281694,0.1344712196054438,2,2,instant_velocity,dbscan_kmeans_fallback,False
4500,365,13.3378053923,12.3267786552,0.029949185099999907,-0.011932989990000031,0.030424836247999992,-0.008443783714000013,0.027056021214012405,-0.00840920818670548,0.9289748958118377,-0.3701418952024847,-1,-1,instant_velocity,dbscan_kmeans_fallback,False
4500,417,14.0695925785,3.5798969957,0.026308138709999974,-0.009546391989000026,0.027570929361999993,-0.0019092783978000049,0.027327425034793747,-0.004000050934640372,0.9400247264657482,-0.34110526088960885,0,0,instant_velocity,dbscan_kmeans_fallback,False
4500,418,14.6397425604,0.664428882402,0.04537627762999996,-0.026109382088699996,0.048057603132000005,-0.02715948520736,0.04626957432596081,-0.027225638143010922,0.8667573359407854,-0.49872972496315554,-1,-1,instant_velocity,dbscan_kmeans_fallback,False
4510,179,3.75490802083,8.96024352044,-0.0012417441470000234,0.0010501031190001341,-0.0002483488294000047,0.007990330094400023,-0.0004352246090997504,0.007553971001115312,-0.7635645412179781,0.6457219937199271,0,0,instant_velocity,dbscan_kmeans_fallback,False
4510,181,11.7685775349,13.1792714598,-0.00641918584999992,0.02076340258000009,-0.008431232291999997,0.022729959326000006,-0.005499396334095799,0.02322741258162881,-0.2953652233835241,0.9553839356814764,-1,-1,instant_velocity,dbscan_kmeans_fallback,False
4510,183,12.7491344807,3.35484080457,0.025171627110000115,-0.03014273270400003,0.039281208060000024,-0.008558340417800006,0.037353307712289355,-0.012639604573234963,0.6409756227507764,-0.7675609042643459,-1,-1,instant_velocity,dbscan_kmeans_fallback,False
4510,184,13.2576181855,2.90019388612,0.03645255697999996,-0.0054414434330000375,0.045018486947999994,-0.0015894742660000015,0.04440855816488174,-0.002922263693142214,0.9890410748903217,-0.1476387805903992,1,1,instant_velocity,dbscan_kmeans_fallback,False
4510,185,1.74138831704,6.38056974534,-0.030370115319000024,-0.0027445876969999896,-0.0316792083008,0.0029498351244,-0.033066202107148134,0.0034029400339565703,-0.9959410280999632,-0.09000451476555942,-1,-1,instant_velocity,dbscan_kmeans_fallback,False
4510,187,12.6809437852,9.9931631336,0.04354523119000007,0.021383918053999907,0.048015510110000006,0.013560649819599995,0.04874288848587105,0.014563666182853464,0.8976089670629838,0.4407921618893193,-1,-1,instant_velocity,dbscan_kmeans_fallback,False
4510,189,2.79392433028,5.47915168182,0.02940197581499997,0.003937886694999992,0.025693580583199996,0.0037230928756000026,0.02544431446633006,0.0038005595540410242,0.991149566911916,0.1327473608187322,2,2,instant_velocity,dbscan_kmeans_fallback,False
4510,190,2.28144178834,4.35792794277,0.03104360367000001,0.006563144492000017,0.025845115462,0.004758876406399999,0.02551956781995027,0.004888792395693051,0.9783734563689469,0.20684474745733894,2,2,instant_velocity,dbscan_kmeans_fallback,False
4510,191,13.4931286432,3.4145057545,-0.02931778976999997,0.025560464549000007,-0.03039537113199998,0.034199949299,-0.026622392324437485,0.02838418520077602,-0.7537551428931556,0.657154981998732,-1,-1,instant_velocity,dbscan_kmeans_fallback,False
4510,192,14.1552518781,4.28752330185,-0.03293778965000005,0.05603732097300003,-0.03293778965000005,0.05603732097300003,-0.016798272723600027,0.02857402184022001,-0.5067303902480086,0.8621044042978512,-1,-1,instant_velocity,dbscan_kmeans_fallback,False
4510,194,15.0318390597,7.20752595135,-0.022877557410000016,0.04773195994300004,-0.022877557410000016,0.04773195994300004,-0.006863267223000006,0.014319587982900013,-0.43221218116811866,0.9017717297641042,-1,-1,instant_velocity,dbscan_kmeans_fallback,False
4510,362,4.91036147267,8.44807959026,-0.0035568603529999797,-0.002434329956999903,-0.012653162390800006,-0.0017947216937999856,-0.012484089950289833,-0.0019106762318753215,-0.8252308769803162,-0.5647914300543518,0,0,instant_velocity,dbscan_kmeans_fallback,False
4510,363,5.05453007277,7.98221566122,-0.0035147673299999126,0.0016228866379999652,-0.011390371732799984,0.0014987835422000018,-0.012046174556509786,0.0007255212272737015,-0.9078895728494745,0.41920324113088436,0,0,instant_velocity,dbscan_kmeans_fallback,False
4510,365,13.653923987,12.1835827754,0.03161185947000007,-0.014319587980000038,0.030976254836000017,-0.010300556956000016,0.028422772690808704,-0.010182322124693848,0.9109021125116195,-0.412621818518985,-1,-1,instant_velocity,dbscan_kmeans_fallback,False
4510,366,14.6934111634,13.3038518752,0.0,0.0,0.0,0.0,0.0,0.0,0.0,0.0,-1,-1,instant_velocity,dbscan_kmeans_fallback,False
4510,400,14.8314762753,10.0714435479,0.0,0.0,0.0,0.0,0.0,0.0,0.0,0.0,-1,-1,instant_velocity,dbscan_kmeans_fallback,False
4510,417,14.3326739655,3.48443307582,0.026308138699999973,-0.00954639198799998,0.025466278263999984,-0.003517845447800001,0.027021639134355617,-0.005663953250648255,0.9400247264356313,-0.34110526097260513,1,1,instant_velocity,dbscan_kmeans_fallback,False
4510,418,15.0937158019,0.403573721315,0.045397324149999994,-0.026085516108700003,0.04840697521399999,-0.024486495450700002,0.046007899273172566,-0.026883601532717648,0.8670542071581959,-0.49821342802516766,-1,-1,instant_velocity,dbscan_kmeans_fallback,False
4520,179,3.74228011425,8.97098321143,-0.001262790657999968,0.0010739690989998607,-0.0005009069609999983,0.0062576599486,-0.0006834944237698158,0.005609970430480677,-0.7617569680234813,0.6478535768555429,0,0,instant_velocity,dbscan_kmeans_fallback,False
4520,181,11.7045961416,13.3866668257,-0.0063981393300000635,0.020739536590000007,-0.0074673020899999895,0.021784866518,-0.005769019232867078,0.022481049784140172,-0.294790358380344,0.9555614700888827,-1,-1,instant_velocity,dbscan_kmeans_fallback,False
4520,183,12.9795937757,3.01403461058,0.02304592949999993,-0.03408061939899998,0.033834371023999985,-0.016567763296200005,0.03306109424860253,-0.01907190902096447,0.5601656940887632,-0.8283802925204578,-1,-1,instant_velocity,dbscan_kmeans_fallback,False
4520,184,13.5691065478,2.87155471015,0.031148836230000043,-0.0028639175969999986,0.04104490568000003,-0.0027398145007999997,0.040430641584417226,-0.0029047598642995493,0.9957995344207887,-0.09155680130885259,1,1,instant_velocity,dbscan_kmeans_fallback,False
4520,185,1.41201042048,6.28200324806,-0.032937789656000006,-0.009856649728000022,-0.029848161847,-0.0013269484863999992,-0.0330276783718037,-0.0005749368946304078,-0.9580234077463039,-0.28668897518629105,-1,-1,instant_velocity,dbscan_kmeans_fallback,False
4520,187,13.0789333075,10.1669074678,0.03979895222999996,0.017374433420000022,0.04567092879,0.015555845745399992,0.046059707609109726,0.015406896353997432,0.916474851897557,0.4000917210929927,-1,-1,instant_velocity,dbscan_kmeans_fallback,False
4520,189,3.19738594543,5.52569034277,0.040346161515000034,0.004653866094999959,0.028770580485800005,0.003894927931400005,0.02991486858093105,0.004056551516328705,0.9934127846951685,0.11458859785988576,2,2,instant_velocity,dbscan_kmeans_fallback,False
4520,190,2.59187782504,4.42355938769,0.03104360367000001,0.006563144492000017,0.027844534003400003,0.005450989825400008,0.027176778574965192,0.005391098024585141,0.9783734563689469,0.20684474745733894,2,2,instant_velocity,dbscan_kmeans_fallback,False
4520,191,13.1999507455,3.67034905979,-0.02931778976999997,0.025584330529,-0.030441673455999983,0.030686877046999995,-0.027431011558106233,0.027544228799243214,-0.753451252800693,0.6575033807243952,3,3,instant_velocity,dbscan_kmeans_fallback,False
4520,192,13.8515507249,4.61210062946,-0.030370115320000047,0.032457732761000016,-0.030370115320000047,0.032457732761000016,-0.020869825502520034,0.029739135116454013,-0.6832341133747049,0.7301990799656576,3,3,instant_velocity,dbscan_kmeans_fallback,False
4520,194,14.8030634855,7.68484555077,-0.022877557420000017,0.04773195994200004,-0.022877557420000017,0.04773195994200004,-0.01166755428210001,0.02434329957063002,-0.43221218132911376,0.9017717296869405,-1,-1,instant_velocity,dbscan_kmeans_fallback,False
4520,263,0.440713939556,8.38268680514,0.0,0.0,0.0,0.0,0.0,0.0,0.0,0.0,0,0,instant_velocity,dbscan_kmeans_fallback,False
4520,362,4.87458240404,8.42397495049,-0.003577906863000013,-0.002410463976999999,-0.009462511328800004,-0.0018376804577999906,-0.009812235024102887,-0.002060612555412725,-0.829343359199892,-0.5587351399749119,0,0,instant_velocity,dbscan_kmeans_fallback,False
4520,363,5.0595812354,7.9977285482,0.0005051162629999162,0.0015512886979999862,-0.008300743923600003,0.0016801649899999837,-0.008280787310656875,0.000973251468491587,0.30960937920973586,0.950857388574984,0,0,instant_velocity,dbscan_kmeans_fallback,False
4520,365,13.9771983953,12.0301245242,0.032327440829999964,-0.01534582512,0.031043603668000016,-0.012224154939999999,0.029594173132566085,-0.011731373023285693,0.9033823781444806,-0.428835306339185,-1,-1,instant_velocity,dbscan_kmeans_fallback,False
4520,366,14.4888390768,13.0387008377,-0.02045720866000007,-0.0265151037499999,-0.02045720866000007,-0.0265151037499999,-0.006137162598000022,-0.007954531124999971,-0.6108538152547691,-0.7917430259795483,-1,-1,instant_velocity,dbscan_kmeans_fallback,False
4520,400,14.4835774491,10.3101033476,-0.034789882619999976,0.023865979970000062,-0.034789882619999976,0.023865979970000062,-0.010436964785999994,0.007159793991000019,-0.8246174204063751,0.5656904064119456,-1,-1,instant_velocity,dbscan_kmeans_fallback,False
4520,417,14.5507158191,3.35651142317,0.021804185360000082,-0.012792165264999999,0.023652069020000006,-0.005980814580799993,0.025456403002048954,-0.007802416854953778,0.8625180639294017,-0.5060254916963657,1,1,instant_velocity,dbscan_kmeans_fallback,False
4530,179,3.72986267278,8.98148424262,-0.0012417441470000234,0.0010501031190001341,-0.000749255790400003,0.004524989802599997,-0.0008509693407388781,0.004242010237036514,-0.7635645412179781,0.6457219937199271,0,0,instant_velocity,dbscan_kmeans_fallback,False
4530,181,11.6406147483,13.5943008515,-0.006398139329999886,0.020763402579999913,-0.006499162583999975,0.020849320103999994,-0.005957755262006921,0.021965755622898094,-0.29448091819222727,0.9556568779119327,-1,-1,instant_velocity,dbscan_kmeans_fallback,False
4530,183,13.2780333012,2.67036449899,0.029843952550000098,-0.03436701115899998,0.029747138596000013,-0.024634464526399995,0.0320959517390218,-0.023660439662375125,0.6556729414558125,-0.755044736715552,-1,-1,instant_velocity,dbscan_kmeans_fallback,False
4530,184,13.88059491,2.84291553419,0.031148836219999865,-0.0028639175959999986,0.03707132440799999,-0.0038901547352000066,0.037646099975092016,-0.0028925071838096844,0.9957995344210234,-0.09155680130629894,1,1,instant_velocity,dbscan_kmeans_fallback,False
4530,185,1.0824220588,6.18343675078,-0.032958836167999994,-0.009856649727999933,-0.0307110687966,-0.003694453699399993,-0.03300702571066259,-0.0033594507446412657,-0.9580736771261781,-0.2865209378424081,-1,-1,instant_velocity,dbscan_kmeans_fallback,False
4530,187,13.3895798093,10.2463811811,0.031064650180000087,0.007947371330000053,0.04157948705800003,0.015660856057200013,0.04156119038037683,0.013169038846798218,0.9687979067772519,0.24785074559901496,-1,-1,instant_velocity,dbscan_kmeans_fallback,False
4530,189,3.60063709547,5.57199034391,0.040325115004,0.004630000113999966,0.031898092014800004,0.0040954021629999995,0.03303794250785174,0.004228586095630083,0.9934727710050838,0.11406735089417923,2,2,instant_velocity,dbscan_kmeans_fallback,False
4530,190,2.96755804572,4.47892846122,0.03756802206800001,0.005536907352999965,0.031148836224600004,0.005942629012799987,0.03029415162287564,0.005434840823109588,0.9893125856036666,0.14580837180433345,2,2,instant_velocity,dbscan_kmeans_fallback,False
4530,191,12.8541565704,3.9140207153,-0.03457941751,0.024367165551000002,-0.031043603669999982,0.028400516165800003,-0.029575533343674364,0.02659110982477025,-0.8174333297362639,0.5760228108766866,3,3,instant_velocity,dbscan_kmeans_fallback,False
4530,192,13.5510065483,4.9104253791,-0.0300544176599999,0.02983247496399999,-0.0300544176599999,0.02983247496399999,-0.023625203149763994,0.029767137070717806,-0.7097222995379348,0.7044812171003154,3,3,instant_velocity,dbscan_kmeans_fallback,False
4530,193,0.38788719704,7.03020172016,0.0,0.0,0.0,0.0,0.0,0.0,0.0,0.0,4,4,instant_velocity,dbscan_kmeans_fallback,False
4530,194,14.577444888,8.0772022615,-0.022561859749999868,0.03923567107299997,-0.022561859749999868,0.03923567107299997,-0.014935845922469968,0.028811011021341003,-0.4984934116422143,0.866893232560388,-1,-1,instant_velocity,dbscan_kmeans_fallback,False
4530,195,15.2166274259,8.28149505006,0.0,0.0,0.0,0.0,0.0,0.0,0.0,0.0,-1,-1,instant_velocity,dbscan_kmeans_fallback,False
4530,263,0.606560445941,8.34664917538,0.0165846506385,-0.003603762976000091,0.0165846506385,-0.003603762976000091,0.00497539519155,-0.0010811288928000275,0.9771953030257322,-0.21233973088285887,4,4,instant_velocity,dbscan_kmeans_fallback,False
4530,362,4.83901380051,8.39963165091,-0.0035568603529999797,-0.002434329957999992,-0.007496767204800001,-0.0020333814935999685,-0.007935622622772014,-0.002172727776188905,-0.8252308768721699,-0.5647914302123678,0,0,instant_velocity,dbscan_kmeans_fallback,False
4530,363,5.06442193292,8.01324143518,0.0004840697520000603,0.0015512886979999862,-0.005636255635799987,0.001641979421999995,-0.005651330191859794,0.0011466626373441069,0.29787623834204674,0.9545980512798282,0,0,instant_velocity,dbscan_kmeans_fallback,False
4530,365,14.3002623386,11.8766662729,0.03230639432999993,-0.01534582513,0.031228812965999993,-0.01377544364000002,0.030407839491796238,-0.012815708655299985,0.9032741329385805,-0.42906326057117306,-1,-1,instant_velocity,dbscan_kmeans_fallback,False
4530,366,14.2840565252,12.7735498003,-0.020478255159999924,-0.02651510374000008,-0.020478255159999924,-0.02651510374000008,-0.010439490366599993,-0.013522702909500004,-0.6112475372778867,-0.7914391013840065,-1,-1,instant_velocity,dbscan_kmeans_fallback,False
4530,367,12.3433577493,13.4775962094,0.0,0.0,0.0,0.0,0.0,0.0,0.0,0.0,-1,-1,instant_velocity,dbscan_kmeans_fallback,False
4530,400,14.135889088,10.5487631473,-0.034768836109999944,0.023865979970000062,-0.034768836109999944,0.023865979970000062,-0.01773652618319998,0.012171649784700032,-0.8244576833364399,0.5659231874880313,-1,-1,instant_velocity,dbscan_kmeans_fallback,False
4530,417,14.7685472075,3.22882843032,0.021783138839999872,-0.012768299285000007,0.023626813206000002,-0.0087301754736,0.024354423753434228,-0.009292181583967647,0.8627170999407032,-0.5056860818470652,1,1,instant_velocity,dbscan_kmeans_fallback,False
4540,179,3.71744523132,8.9922239336,-0.001241744145999979,0.0010739690979999494,-0.0009976046195999987,0.002792319656599993,-0.0009682017823172083,0.0032915978953255444,-0.7563500622168617,0.6541577801738736,0,0,instant_velocity,dbscan_kmeans_fallback,False
4540,183,13.6053065466,2.32550108841,0.032727324539999894,-0.03448634105800004,0.028892650248,-0.029479258460600004,0.03228536357931523,-0.0269082100810626,0.6883655957450316,-0.7253636232452204,-1,-1,instant_velocity,dbscan_kmeans_fallback,False
4540,184,14.1062135075,2.80616192503,0.022561859750000045,-0.003675360915999981,0.032260092002,-0.0044008867067999976,0.033120827907564425,-0.0031273633034667736,0.986989488274427,-0.16078207337081968,1,1,instant_velocity,dbscan_kmeans_fallback,False
4540,185,0.75304416224,6.08487025349,-0.03293778965599999,-0.009856649729000022,-0.031569766443799996,-0.006066732108800004,-0.03298625489426381,-0.005308610439948893,-0.9580234077383153,-0.2866889752129865,-1,-1,instant_velocity,dbscan_kmeans_fallback,False
4540,187,13.7128542177,10.327525513,0.032327440839999964,0.008114433189999914,0.03805630112399999,0.015245588005599976,0.03879106551826377,0.011652657149758727,0.969911825125679,0.2434552349542931,-1,-1,instant_velocity,dbscan_kmeans_fallback,False
4540,189,4.00409871063,5.61852900485,0.04034616151599999,0.004653866094000048,0.035025603544,0.00430064959080001,0.035230408210296216,0.0043561700951410725,0.9934127846982943,0.11458859783278627,2,2,instant_velocity,dbscan_kmeans_fallback,False
4540,190,3.44110454238,4.51854598797,0.047354649666000004,0.003961752674999985,0.0356106965486,0.005837618700800001,0.03541230103581294,0.004992914378676707,0.9965184461431541,0.08337005230827525,2,2,instant_velocity,dbscan_kmeans_fallback,False
4540,191,12.4858426285,4.15268051501,-0.03683139419000003,0.02386597997100002,-0.03209592921799999,0.026013918168600006,-0.03175229159757206,0.025773570868639184,-0.8392174740347745,0.5437955273510959,3,3,instant_velocity,dbscan_kmeans_fallback,False
4540,192,13.2405705117,5.19777177796,-0.03104360366000005,0.028734639885999957,-0.031468743190000016,0.04061512471519999,-0.025850723302834812,0.029457387915302453,-0.7338717134758383,0.6792877412109675,3,3,instant_velocity,dbscan_kmeans_fallback,False
4540,193,0.689483699133,7.1655218266,0.030159650209299997,0.013532010644000003,0.030159650209299997,0.013532010644000003,0.009047895062790001,0.004059603193200001,0.9123716039064348,0.4093622495508308,-1,-1,instant_velocity,dbscan_kmeans_fallback,False
4540,194,14.3537204765,8.4127579399,-0.0223724411500001,0.03355556784000004,-0.0223724411500001,0.03355556784000004,-0.017166824490729007,0.030234378066938718,-0.5547354648148356,0.8320264828520106,4,4,instant_velocity,dbscan_kmeans_fallback,False
4540,195,15.032470455,8.60965227466,-0.018415697090000016,0.032815722459999995,-0.018415697090000016,0.032815722459999995,-0.005524709127000006,0.009844716738,-0.4893898500258497,0.8720648159395465,4,4,instant_velocity,dbscan_kmeans_fallback,False
4540,263,0.772406952326,8.31037288582,0.0165846506385,-0.0036276289559999952,0.0165846506385,-0.0036276289559999952,0.008458171825635,-0.001845078911760018,0.9769026804819219,-0.21368194773325383,-1,-1,instant_velocity,dbscan_kmeans_fallback,False
4540,362,4.80323473187,8.37528835134,-0.0035779068640000135,-0.002434329957000081,-0.005531023080999997,-0.002233855725399998,-0.006628307895140413,-0.0022512084304322577,-0.8267791536837937,-0.5625225412898354,0,0,instant_velocity,dbscan_kmeans_fallback,False
4540,363,5.06926263044,8.02875432216,0.00048406975199997147,0.0015512886979999862,-0.0029759766501999962,0.0016037938539999886,-0.003810710208701864,0.0012680504555408706,0.29787623834199695,0.9545980512798438,0,0,instant_velocity,dbscan_kmeans_fallback,False
4540,365,14.5616600048,11.6198683284,0.02613976662000006,-0.025679794449999883,0.030466929269999988,-0.01652480453399999,0.029127417630257384,-0.016674934393709956,0.7133550606657179,-0.700802405548133,-1,-1,instant_velocity,dbscan_kmeans_fallback,False
4540,366,14.0794844386,12.5083987628,-0.02045720866000007,-0.0265151037499999,-0.02045720866000007,-0.0265151037499999,-0.013444805854620016,-0.017420423161649976,-0.6108538152547691,-0.7917430259795483,-1,-1,instant_velocity,dbscan_kmeans_fallback,False
4540,367,12.4525891412,13.305283834,0.010923139189999986,-0.01723123753999989,0.010923139189999986,-0.01723123753999989,0.0032769417569999963,-0.005169371261999968,0.5354023779054393,-0.8445965388425508,-1,-1,instant_velocity,dbscan_kmeans_fallback,False
4540,400,13.7964088662,10.7967306792,-0.03394802218000006,0.024796753189999875,-0.03394802218000006,0.024796753189999875,-0.022599974982240003,0.015959180806289986,-0.8075202809226203,0.5898394020065868,-1,-1,instant_velocity,dbscan_kmeans_fallback,False
4540,417,14.9865890611,3.10090677768,0.021804185360000082,-0.012792165264,0.023601557393999998,-0.011489082758200002,0.023589352235403982,-0.010342176687977354,0.8625180639466667,-0.5060254916669374,1,1,instant_velocity,dbscan_kmeans_fallback,False
4550,179,3.70502778985,9.00272496479,-0.0012417441470000234,0.0010501031189999565,-0.0012459534490000036,0.001059649510800007,-0.0010502644917220528,0.002619149462427868,-0.7635645412180321,0.6457219937198635,0,0,instant_velocity,dbscan_kmeans_fallback,False
4550,183,13.9327902572,1.98087633762,0.0327483710600001,-0.03446247507899998,0.028707440952000028,-0.0335078358798,0.03242426582352069,-0.029174489580443812,0.6888490353894443,-0.7249045356120937,-1,-1,instant_velocity,dbscan_kmeans_fallback,False
4550,184,14.32215071,2.76845367668,0.021593720250000104,-0.0037708248349999974,0.028581161886000003,-0.0037230928754000024,0.02966269561029513,-0.0033204017629267406,0.9850925125937207,-0.17202275792476898,-1,-1,instant_velocity,dbscan_kmeans_fallback,False
4550,185,0.423666265676,5.98630375621,-0.0329377896564,-0.009856649728000022,-0.03242846409108,-0.008434237321999999,-0.03297171532290467,-0.006673022226364232,-0.9580234077472604,-0.2866889751830958,-1,-1,instant_velocity,dbscan_kmeans_fallback,False
4550,187,14.0857983919,10.4141590203,0.03729441741999988,0.008663350730000019,0.036806138371999995,0.012696701344799983,0.0383420710887846,0.010755865223831113,0.9740640385063076,0.2262713559519229,-1,-1,instant_velocity,dbscan_kmeans_fallback,False
4550,189,4.43913009222,5.6631583874,0.043503138159,0.0044629382550000155,0.0387845104018,0.004467711450599996,0.037712227194907355,0.004388200543098755,0.9947787090658601,0.10205323440628797,1,1,instant_velocity,dbscan_kmeans_fallback,False
4550,190,3.91465103903,4.55840217453,0.04735464966499996,0.0039856186560000674,0.038872905747799995,0.00532211353360001,0.03899500562456905,0.004690725661873715,0.996476597989072,0.08386875939973713,1,1,instant_velocity,dbscan_kmeans_fallback,False
4550,191,12.1175286867,4.39134031473,-0.03683139418000003,0.023865979971999973,-0.033375557084,0.0246487841144,-0.03327602237230046,0.02520129359964742,-0.8392174739569971,0.5437955274711267,2,2,instant_velocity,dbscan_kmeans_fallback,False
4550,192,12.8421600591,5.38511972073,-0.03984104526000003,0.018734794276999978,-0.032849394310000016,0.03315939257219999,-0.030047819889984374,0.026240609823811708,-0.9049403852430215,0.42553783014068197,2,2,instant_velocity,dbscan_kmeans_fallback,False
4550,193,0.990869736117,7.30108059283,0.0301386036984,0.013555876622999997,0.0301386036984,0.013555876622999997,0.015375107653473004,0.006908485222140001,0.9119947638835938,0.41020110366573925,-1,-1,instant_velocity,dbscan_kmeans_fallback,False
4550,194,14.13020653,8.7483136183,-0.02235139464999989,0.03355556783999987,-0.022608162075999978,0.04036214532759999,-0.01872219553851027,0.031230734998857063,-0.554374041984362,0.8322673401742869,3,3,instant_velocity,dbscan_kmeans_fallback,False
4550,195,14.8483134841,8.93780949927,-0.018415697090000016,0.03281572246099991,-0.018415697090000016,0.03281572246099991,-0.00939200551590001,0.016736018454899974,-0.48938985001450913,0.8720648159459106,3,3,instant_velocity,dbscan_kmeans_fallback,False
4550,263,0.943725551561,8.28030175106,0.017131859923500005,-0.0030071134760000008,0.017131859923500005,-0.0030071134760000008,0.011060278254994501,-0.0021936892810320127,0.9849415420494452,-0.1728843801779119,-1,-1,instant_velocity,dbscan_kmeans_fallback,False
4550,362,4.76766612835,8.35118371157,-0.0035568603519999797,-0.002410463976999999,-0.003565278956999993,-0.002424783565199995,-0.005706873632198283,-0.0022989850944025803,-0.8278110656884972,-0.5610028384955029,0,0,instant_velocity,dbscan_kmeans_fallback,False
4550,363,5.07410332796,8.04426720914,0.00048406975199997147,0.0015512886979999862,-0.00031148836219999863,0.001565608285999982,-0.0025222762204913135,0.0013530219282786053,0.29787623834199695,0.9545980512798438,0,0,instant_velocity,dbscan_kmeans_fallback,False
4550,365,14.8159018572,11.3513760538,0.025424185239999987,-0.02684922746000016,0.029561929298000004,-0.019508052028000017,0.028016447913180163,-0.01972722231359702,0.6875744828856609,-0.7261134825923375,-1,-1,instant_velocity,dbscan_kmeans_fallback,False
4550,366,13.8696507243,12.2578059731,-0.02098337143000002,-0.025059278970000064,-0.02098337143000002,-0.025059278970000064,-0.01570637552723402,-0.019712079904155,-0.6419995941234427,-0.7667045775477725,-1,-1,instant_velocity,dbscan_kmeans_fallback,False
4550,367,12.561610068,13.1329714586,0.010902092679999953,-0.017231237540000065,0.010902092679999953,-0.017231237540000065,0.005564487033899983,-0.008787931145399998,0.5346658795501048,-0.8450629659351748,-1,-1,instant_velocity,dbscan_kmeans_fallback,False
4550,400,13.4577705048,11.0458915101,-0.0338638361400001,0.024916083090000107,-0.0338638361400001,0.024916083090000107,-0.025979133329568034,0.01864625149140302,-0.8054668416804452,0.5926404401019486,-1,-1,instant_velocity,dbscan_kmeans_fallback,False
4560,179,3.69239988327,9.01346465578,-0.0012627906580000125,0.0010739690990000383,-0.0012501627512000013,0.0010644227067999879,-0.0011140223416054407,0.002155595353399519,-0.7617569680234397,0.6478535768555919,0,0,instant_velocity,dbscan_kmeans_fallback,False
4560,183,14.4650565195,1.71405468154,0.05322662622999985,-0.02668216560800001,0.03431844077599997,-0.032815722460599994,0.03866497394546444,-0.02842679238871067,0.8939639994863634,-0.4481384068720308,-1,-1,instant_velocity,dbscan_kmeans_fallback,False
4560,184,14.5380879125,2.73074542832,0.021593720249999927,-0.0037708248359999974,0.025609394539999997,-0.0033889691559999945,0.02724200300220657,-0.003455528684848718,0.9850925125859898,-0.17202275796903976,-1,-1,instant_velocity,dbscan_kmeans_fallback,False
4560,187,14.4589530313,10.5010311874,0.03731546394000009,0.008687216710000101,0.035560184922,0.010157361076000022,0.03803408894414925,0.01013527066968181,0.9739547577136831,0.22674127969034136,-1,-1,instant_velocity,dbscan_kmeans_fallback,False
4560,189,4.88784170594,5.70707179055,0.04487116137199996,0.004391340314999948,0.04187834751319999,0.004558402174599987,0.03985990744803514,0.004389142474669113,0.9952450746528058,0.09740019393291674,1,1,instant_velocity,dbscan_kmeans_fallback,False
4560,190,4.38819753569,4.59825836108,0.047354649666000004,0.0039856186549999785,0.042135114946999994,0.004806608366200002,0.041502898836998335,0.004479193559811594,0.9964765979909787,0.08386875937708174,1,1,instant_velocity,dbscan_kmeans_fallback,False
4560,191,11.632406609,4.54408258654,-0.04851220776999998,0.015274227181000022,-0.037214440684000004,0.022591536640800002,-0.037846877991610316,0.0222231736740532,-0.953838556837081,0.3003191872899332,2,2,instant_velocity,dbscan_kmeans_fallback,False
4560,192,12.4437496066,5.57270632331,-0.03984104524999985,0.01875866025800006,-0.034230045429999974,0.025703660429199998,-0.03298578749798902,0.02399602495406821,-0.9047315743930557,0.42598160068917623,2,2,instant_velocity,dbscan_kmeans_fallback,False
4560,193,1.29246623821,7.43640069927,0.030159650209300004,0.013532010644000003,0.030159650209300004,0.013532010644000003,0.019810470420221105,0.008895542848698002,0.9123716039064348,0.40936224955083067,-1,-1,instant_velocity,dbscan_kmeans_fallback,False
4560,194,13.9090076998,9.06740177051,-0.022119883020000054,0.031908815220999996,-0.022456627197999984,0.037197516383199986,-0.019741501782957208,0.03143415906549994,-0.5697175115038329,0.8218402776500623,3,3,instant_velocity,dbscan_kmeans_fallback,False
4560,195,14.6285879096,9.23923682631,-0.021972557449999996,0.030142732704000075,-0.021972557449999996,0.030142732704000075,-0.013166171096130008,0.020758032729630005,-0.5890579017999639,0.8080904975008014,3,3,instant_velocity,dbscan_kmeans_fallback,False
4560,263,1.13714298731,8.27385793647,0.019341743574900004,-0.0006443814589999874,0.019341743574900004,-0.0006443814589999874,0.013544717850966153,-0.001728896934422405,0.999444981080055,-0.033297091991972096,-1,-1,instant_velocity,dbscan_kmeans_fallback,False
4560,362,4.73420217592,8.3287496904,-0.0033463952429999997,-0.0022434021169999594,-0.0035231859349999974,-0.002386597997200006,-0.004998730115438798,-0.002282310201181794,-0.8306166873045361,-0.5568401516863171,0,0,instant_velocity,dbscan_kmeans_fallback,False
4560,363,5.07915449059,8.05978009612,0.000505116263000005,0.0015512886980001638,0.0004924883563999848,0.0015512886980000218,-0.001614058475443918,0.0014125019591950728,0.30960937920975307,0.9508573885749785,0,0,instant_velocity,dbscan_kmeans_fallback,False
4560,365,15.0701437096,11.0828837791,0.025424185239999987,-0.02684922746999998,0.028324394451999985,-0.022013979926000005,0.027238769111226108,-0.021863823860517904,0.6875744827506436,-0.7261134827201887,-1,-1,instant_velocity,dbscan_kmeans_fallback,False
4560,366,13.6591856147,12.0086451422,-0.02104651095999994,-0.02491608308999993,-0.020684510974000005,-0.025904134659999977,-0.017308416157063796,-0.02127328085990848,-0.645292706712171,-0.7639350165150344,-1,-1,instant_velocity,dbscan_kmeans_fallback,False
4560,367,12.6708414599,12.9606590832,0.010923139189999986,-0.017231237540000065,0.010923139189999986,-0.017231237540000065,0.007172082680729984,-0.01132092306378002,0.5354023779054354,-0.8445965388425533,-1,-1,instant_velocity,dbscan_kmeans_fallback,False
4560,368,12.8406868034,13.6871395136,0.0,0.0,0.0,0.0,0.0,0.0,0.0,0.0,-1,-1,instant_velocity,dbscan_kmeans_fallback,False
4560,400,13.1172379574,11.1991111016,-0.03405325473999987,0.01532195914999992,-0.03428476635799999,0.022553351074000007,-0.028401369752697588,0.01764896378898209,-0.9119413579560375,0.41031990452839495,-1,-1,instant_velocity,dbscan_kmeans_fallback,False
4570,179,3.6799824418,9.02396568697,-0.001241744146999979,0.0010501031189999565,-0.0012459534490000036,0.001059649510800007,-0.0011523388832238022,0.0018239476830796504,-0.7635645412180206,0.6457219937198769,0,0,instant_velocity,dbscan_kmeans_fallback,False
4570,183,14.9975332468,1.44747168526,0.05324767273000006,-0.026658299627999992,0.040358789422,-0.0313312585064,0.04303978358082513,-0.02789624456049747,0.8941954224548502,-0.4476764574981529,-1,-1,instant_velocity,dbscan_kmeans_fallback,False
4570,184,14.7542355801,2.69303717997,0.02161476675999996,-0.0037708248349999974,0.02370258064599998,-0.0035703506035999946,0.02555383212954459,-0.003550117529894102,0.9851208847625557,-0.17186020737518345,-1,-1,instant_velocity,dbscan_kmeans_fallback,False
4570,187,14.6856239543,10.7948214008,0.022667092300000035,0.029379021339999943,0.03213381293600001,0.012558278660000007,0.03342398995090449,0.01590839587077725,0.6108586332467977,0.7917393454951802,-1,-1,instant_velocity,dbscan_kmeans_fallback,False
4570,189,5.33634285456,5.75098519369,0.04485011486200001,0.0043913403140000366,0.04277913818259999,0.004505897018400002,0.041356969672224596,0.004389801826468391,0.9952406429030054,0.09744546632174199,1,1,instant_velocity,dbscan_kmeans_fallback,False
4570,190,4.84911612577,4.59658774248,0.04609185900800004,-0.00016706186000003953,0.045144766014600005,0.003460567095799991,0.04287958688829885,0.0030853169338681038,0.9999932144586902,-0.0036245169969362904,1,1,instant_velocity,dbscan_kmeans_fallback,False
4570,191,11.1342356945,4.68727846637,-0.04981709145000011,0.014319587982999949,-0.04131430102000003,0.020338588131599993,-0.041437942029127255,0.019852097966737224,-0.9610835940078317,0.27625701707667477,2,2,instant_velocity,dbscan_kmeans_fallback,False
4570,192,12.0175577596,5.72783519312,-0.042619184700000014,0.015512886980999951,-0.03667985930599997,0.022314691273199988,-0.035875806658592316,0.021451083562147734,-0.9396869404844788,0.34203510479770727,2,2,instant_velocity,dbscan_kmeans_fallback,False
4570,193,1.61005808864,7.56265173332,0.031759185042999995,0.012625103405000004,0.031759185042999995,0.012625103405000004,0.023395084807054774,0.010014411015588602,0.9292670487032846,0.36940785995779196,-1,-1,instant_velocity,dbscan_kmeans_fallback,False
4570,194,13.6913867765,9.36190796336,-0.021762092330000017,0.0294506192850001,-0.022233534179999986,0.03354124825179999,-0.02034767894707005,0.03083909713134999,-0.5942892284952475,0.8042510595115168,3,3,instant_velocity,dbscan_kmeans_fallback,False
4570,195,14.3852902429,9.52252600857,-0.02432976667000002,0.028328918226000078,-0.02432976667000002,0.028328918226000078,-0.01651524976829101,0.02302929837854103,-0.6515293649643263,0.7586230625331413,3,3,instant_velocity,dbscan_kmeans_fallback,False
4570,196,14.8003274391,6.40658366351,0.0,0.0,0.0,0.0,0.0,0.0,0.0,0.0,4,4,instant_velocity,dbscan_kmeans_fallback,False
4570,197,14.9640692944,7.25430327209,0.0,0.0,0.0,0.0,0.0,0.0,0.0,0.0,4,4,instant_velocity,dbscan_kmeans_fallback,False
4570,198,14.9194506911,8.6614414512,0.0,0.0,0.0,0.0,0.0,0.0,0.0,0.0,4,4,instant_velocity,dbscan_kmeans_fallback,False
4570,263,1.33056042305,8.26741412187,0.019341743574000002,-0.0006443814599998987,0.01779692966988,-0.0023054536653999945,0.015283825567876308,-0.001403542292095653,0.9994449810782841,-0.03329709204513083,-1,-1,instant_velocity,dbscan_kmeans_fallback,False
4570,362,4.72199519956,8.32326051501,-0.0012206976359999898,-0.0005489175390000156,-0.0030517440895999927,-0.0020142887096000093,-0.0038653203716071554,-0.0017622924025272604,-0.9120254885191208,-0.4101153077543987,0,0,instant_velocity,dbscan_kmeans_fallback,False
4570,363,5.08399518811,8.0752929831,0.0004840697520000603,0.0015512886979999862,0.0004882790542000137,0.0015512886980000218,-0.0009846200072107245,0.0014541379808365468,0.29787623834204674,0.9545980512798282,0,0,instant_velocity,dbscan_kmeans_fallback,False
4570,366,13.4426170169,11.7112750317,-0.021656859780000027,-0.029737011050000105,-0.020924441197999997,-0.026548516120000018,-0.018612949243944667,-0.02381239991693597,-0.588703770154378,-0.8083485184876346,-1,-1,instant_velocity,dbscan_kmeans_fallback,False
4570,367,12.7798623867,12.788108048,0.010902092679999953,-0.01725510351999997,0.010902092679999953,-0.01725510351999997,0.008291085680510974,-0.013101177200646005,0.5341374585430856,-0.8453970638113008,-1,-1,instant_velocity,dbscan_kmeans_fallback,False
4570,368,13.039576332,13.3888147639,0.019888952859999875,-0.029832474970000078,0.019888952859999875,-0.029832474970000078,0.005966685857999963,-0.008949742491000025,0.5547123259657806,-0.8320418725113705,-1,-1,instant_velocity,dbscan_kmeans_fallback,False
4570,400,12.7752321543,11.2886085264,-0.0342005803100001,0.008949742479999934,-0.034166905896000015,0.01957010357599998,-0.03014113291988834,0.015039197396287445,-0.9674242887652689,0.25315939597710946,-1,-1,instant_velocity,dbscan_kmeans_fallback,False
4580,179,3.66756500033,9.03470537795,-0.001241744146999979,0.001073969098000127,-0.0012459534489999947,0.0010644227066000057,-0.0011791604623566552,0.0015989541075557934,-0.7563500624774623,0.6541577798725664,0,0,instant_velocity,dbscan_kmeans_fallback,False
4580,187,14.9122948774,11.0886116143,0.022667092310000036,0.029379021349999944,0.030454301362000002,0.016844608663999984,0.03019692065863315,0.01994958351454406,0.6108586332853917,0.7917393454654034,-1,-1,instant_velocity,dbscan_kmeans_fallback,False
4580,189,5.78505446828,5.79513725664,0.04487116137200005,0.004415206295000029,0.043688347456200004,0.004462938254600015,0.04241122718215723,0.004397423167027882,0.9951936256662621,0.09792448036630191,1,1,instant_velocity,dbscan_kmeans_fallback,False
4580,190,5.30687773921,4.5846547525,0.04577616134399998,-0.0011932989980000031,0.0467863938698,0.0021145258255999976,0.043748559225009184,0.0018017321543076716,0.9996601810228454,-0.026059273152911924,1,1,instant_velocity,dbscan_kmeans_fallback,False
4580,191,10.6362752451,4.8304743462,-0.049796044939999895,0.014319587983000037,-0.04435762650600001,0.018329072618,-0.04394537290238905,0.018192344971616068,-0.9610525880627839,0.2763648620615723,2,2,instant_velocity,dbscan_kmeans_fallback,False
4580,192,11.5265426589,5.80730890643,-0.049101510070000035,0.007947371331000052,-0.040489277787999996,0.0179376705466,-0.039843517682014634,0.01739996989280343,-0.9871529981930858,0.15977658173783474,2,2,instant_velocity,dbscan_kmeans_fallback,False
4580,193,1.95206389178,7.67434451959,0.034200580313999994,0.01116927862699999,0.0312835338948,0.012882855988599999,0.02663673345913834,0.010360871299012019,0.950590902913643,0.31044545318980277,-1,-1,instant_velocity,dbscan_kmeans_fallback,False
4580,194,13.4739763182,9.65617549641,-0.021741045829999982,0.029426753305000018,-0.022069371396000008,0.031579464698200006,-0.02076568901194903,0.030415393983444998,-0.594228922086509,0.8042956182359416,3,3,instant_velocity,dbscan_kmeans_fallback,False
4580,195,14.1419925762,9.80605385063,-0.02432976667000002,0.02835278420599998,-0.021492696994000013,0.030491176011400008,-0.018859604838803713,0.024626344126778714,-0.6512135719385206,0.7588941615275796,3,3,instant_velocity,dbscan_kmeans_fallback,False
4580,196,14.3326739655,6.77793831186,-0.04676534736000004,0.037135464834999965,-0.04676534736000004,0.037135464834999965,-0.014029604208000014,0.01114063945049999,-0.7831247658432466,0.6218643471098008,-1,-1,instant_velocity,dbscan_kmeans_fallback,False
4580,197,14.5431390751,7.50322544319,-0.042093021930000064,0.024892217110000024,-0.042093021930000064,0.024892217110000024,-0.012627906579000021,0.007467665133000009,-0.8607555292145986,0.5090181823361125,-1,-1,instant_velocity,dbscan_kmeans_fallback,False
4580,198,14.5248286106,8.68125021458,-0.03946220804999996,0.001980876338000037,-0.03946220804999996,0.001980876338000037,-0.01183866241499999,0.0005942629014000112,-0.9987422640327257,0.05013365993297513,-1,-1,instant_velocity,dbscan_kmeans_fallback,False
4580,200,14.9482844112,3.76485834048,0.0,0.0,0.0,0.0,0.0,0.0,0.0,0.0,-1,-1,instant_velocity,dbscan_kmeans_fallback,False
4580,263,1.5239778588,8.26097030728,0.01934174357499998,-0.0006443814590001651,0.01834834825718,-0.0017135773620000094,0.01650120097001341,-0.0011757940421670066,0.9994449810800604,-0.03329709199180935,-1,-1,instant_velocity,dbscan_kmeans_fallback,False
4580,362,4.70999868831,8.31753267981,-0.0011996511250000452,-0.0005727835200000087,-0.0025803022440000056,-0.0016419794220000129,-0.0030656195976250223,-0.0014054397377690848,-0.9024091028822706,-0.43086281641167756,0,0,instant_velocity,dbscan_kmeans_fallback,False
4580,363,5.08883588564,8.09080587009,0.00048406975299997157,0.0015512886989998975,0.00048827905439999595,0.001551288698200004,-0.0005440130791475156,0.001483283196285552,0.29787623872778995,0.9545980511594644,0,0,instant_velocity,dbscan_kmeans_fallback,False
4580,366,13.2222600471,11.3816858483,-0.02203569697999992,-0.032958918339999956,-0.021235929561999996,-0.027837279039999992,-0.019639773564761244,-0.026556355443855165,-0.5558011506150469,-0.8313149683001048,-1,-1,instant_velocity,dbscan_kmeans_fallback,False
4580,367,12.8890937786,12.6157956727,0.010923139189999986,-0.017231237530000065,0.010914720585999974,-0.01723601073400001,0.009080701733357678,-0.014340195299452223,0.5354023781270828,-0.8445965387020474,-1,-1,instant_velocity,dbscan_kmeans_fallback,False
4580,368,13.2382553954,13.0904900143,0.01986790634000002,-0.0298324749599999,0.01986790634000002,-0.0298324749599999,0.01013705200259998,-0.01521456223169999,0.5543057526929741,-0.832312786481408,-1,-1,instant_velocity,dbscan_kmeans_fallback,False
4580,400,12.4264914676,11.3912322403,-0.03487406866999994,0.010262371390000169,-0.034187952408000016,0.016849381860000002,-0.03156101364492182,0.01360614959440126,-0.9593258186258694,0.2823002365429084,-1,-1,instant_velocity,dbscan_kmeans_fallback,False
4580,401,14.9889041773,10.0845698369,0.0,0.0,0.0,0.0,0.0,0.0,0.0,0.0,-1,-1,instant_velocity,dbscan_kmeans_fallback,False
4590,179,3.65514755887,9.04520640914,-0.0012417441460000234,0.0010501031189999565,-0.0012459534490000036,0.001059649510800007,-0.0011979355674496656,0.001434298810989042,-0.7635645409616345,0.6457219940230484,0,0,instant_velocity,dbscan_kmeans_fallback,False
4590,187,15.1389658005,11.3821631679,0.02266709230999986,0.02935515536000004,0.028522231655999982,0.02109275309800001,0.027937972154043162,0.022771255068180854,0.6111698068761413,0.7914991648168066,-1,-1,instant_velocity,dbscan_kmeans_fallback,False
4590,189,6.16136608429,5.78750014305,0.037631161600999975,-0.0007637113590000411,0.0431453474732,0.0033794227639999974,0.04097720750781005,0.002849082809219505,0.9997938614991244,-0.020290469286632525,1,1,instant_velocity,dbscan_kmeans_fallback,False
4590,190,5.76463935264,4.57272176251,0.04577616134299998,-0.0011932989990000031,0.04647069620519999,0.0010835154908,0.04435683986040642,0.000903222808315369,0.9996601810222616,-0.026059273175303987,1,1,instant_velocity,dbscan_kmeans_fallback,False
4590,191,10.1366310749,4.93882589527,-0.049964417019999985,0.010835154906999999,-0.046984231072,0.015722907605199996,-0.04575108613767233,0.015985187952231247,-0.97728435132727,0.21193136969014081,2,2,instant_velocity,dbscan_kmeans_fallback,False
4590,192,11.035317093,5.88702127953,-0.04912255659000007,0.007971237309999957,-0.044105068373999995,0.0137849900314,-0.04262722935441027,0.014571350117962387,-0.987088073385798,0.16017719404349182,2,2,instant_velocity,dbscan_kmeans_fallback,False
4590,193,2.29406969492,7.78627596565,0.034200580314000015,0.011193144605999983,0.03209171991574,0.012415082780999995,0.028905887515596845,0.010610553291108408,0.9503949968032918,0.3110446821185518,-1,-1,instant_velocity,dbscan_kmeans_fallback,False
4590,194,13.2912926031,9.97096777223,-0.018268371509999957,0.03147922758200004,-0.02124855746799998,0.031164196646600004,-0.020016493761364308,0.030734544063011508,-0.5019321546138127,0.8649066785817668,3,3,instant_velocity,dbscan_kmeans_fallback,False
4590,195,13.9262658388,10.1010373631,-0.02157267374000007,0.02949835124699991,-0.022124092324000023,0.02982770176879999,-0.01967352550916262,0.026087946262845073,-0.5903051174581075,0.8071798566810726,3,3,instant_velocity,dbscan_kmeans_fallback,False
4590,196,13.8650204919,7.14929296022,-0.04676534736000004,0.037135464836000054,-0.04676534736000004,0.037135464836000054,-0.023850327153600023,0.01893908706615001,-0.7831247658350908,0.6218643471200715,-1,-1,instant_velocity,dbscan_kmeans_fallback,False
4590,197,14.1222088559,7.75238627409,-0.04209302191999988,0.02491608309000002,-0.04209302191999988,0.02491608309000002,-0.02146744118129998,0.012702190520100014,-0.8605416795487276,0.5093796313981613,-1,-1,instant_velocity,dbscan_kmeans_fallback,False
4590,198,14.13020653,8.70105897795,-0.03946220805999996,0.0019808763369999483,-0.03946220805999996,0.0019808763369999483,-0.020125726108499983,0.0010102469320799924,-0.9987422640346292,0.05013365989505538,4,4,instant_velocity,dbscan_kmeans_fallback,False
4590,199,15.0088983627,5.34287693618,0.0,0.0,0.0,0.0,0.0,0.0,0.0,0.0,-1,-1,instant_velocity,dbscan_kmeans_fallback,False
4590,200,14.3695053597,3.94385319026,-0.05787790514999998,0.017899484978,-0.05787790514999998,0.017899484978,-0.017363371544999995,0.005369845493400001,-0.9553561307262642,0.29545614455562197,-1,-1,instant_velocity,dbscan_kmeans_fallback,False
4590,263,1.73717901485,8.25762907009,0.021320115605000002,-0.00033412371899999016,0.019295441250479998,-0.0010548763146000083,0.017946875360509387,-0.0009232929452169016,0.9998767516716199,-0.015669827734508257,-1,-1,instant_velocity,dbscan_kmeans_fallback,False
4590,362,4.69779171195,8.31204350442,-0.0012206976359999898,-0.0005489175390000156,-0.002108860398400001,-0.0012648969383999998,-0.0025121430091375125,-0.001148483078138364,-0.9120254885191208,-0.4101153077543987,0,0,instant_velocity,dbscan_kmeans_fallback,False
4590,363,5.09367658316,8.10655741687,0.00048406975199997147,0.001575154678000068,0.00048827905439999595,0.0015560618942000203,-0.0002355882298032694,0.001510844640799907,0.29375518558498803,0.9558743401116279,0,0,instant_velocity,dbscan_kmeans_fallback,False
4590,366,12.9701228458,11.0561538815,-0.025213720130000006,-0.032553196679999986,-0.02218723185599998,-0.02904489762600001,-0.021311957534332873,-0.028355407814698613,-0.6123437869271469,-0.7905912982629514,-1,-1,instant_velocity,dbscan_kmeans_fallback,False
4590,367,13.0393658668,12.3668735016,0.015027208820000127,-0.024892217109999847,0.011735534512,-0.018768206648000003,0.010864653859350412,-0.017505801842616513,0.5168171424790462,-0.8560954113871183,5,5,instant_velocity,dbscan_kmeans_fallback,False
4590,368,13.4369344589,12.7921652646,0.01986790635000002,-0.029832474970000078,0.01986790635000002,-0.029832474970000078,0.013056308306819992,-0.01959993605319002,0.5543057527575285,-0.8323127864384161,5,5,instant_velocity,dbscan_kmeans_fallback,False
4590,400,12.0514426423,11.5470770895,-0.03750488253000004,0.01558448491999993,-0.03489932447800001,0.015006928206000011,-0.033344174310445285,0.014199650192080861,-0.9234482131694571,0.3837224324333931,-1,-1,instant_velocity,dbscan_kmeans_fallback,False
4590,401,14.6637355829,10.1712033442,-0.03251685944000009,0.008663350730000019,-0.03251685944000009,0.008663350730000019,-0.009755057832000027,0.002599005219000006,-0.9662924224078437,0.2574458390887105,4,4,instant_velocity,dbscan_kmeans_fallback,False
4600,179,3.64251965229,9.05570744033,-0.0012627906580000125,0.0010501031189999565,-0.0012501627512000013,0.001059649510800007,-0.0012173920946147697,0.0013190401033923165,-0.7688816861965284,0.6393815567939626,0,0,instant_velocity,dbscan_kmeans_fallback,False
4600,189,6.52968002613,5.77413519427,0.036831394184000034,-0.0013364948779999608,0.041810998678200005,0.0022195361374000022,0.03973346351066705,0.001593409503053665,0.9993420109590512,-0.036262962850240374,1,1,instant_velocity,dbscan_kmeans_fallback,False
4600,190,6.22240096608,4.56078877252,0.04577616134400007,-0.0011932989990000031,0.04615499854100001,4.77319597999859e-05,0.04478263630548451,0.00027426626612075733,0.9996601810222765,-0.026059273174735047,1,1,instant_velocity,dbscan_kmeans_fallback,False
4600,191,9.63677643953,5.04312022774,-0.049985463537000105,0.01042943324700003,-0.049615044943400015,0.013035598260200008,-0.04702139935747066,0.014318461540661881,-0.97891841997161,0.20425066795260088,2,2,instant_velocity,dbscan_kmeans_fallback,False
4600,192,10.563033387,5.96649499284,-0.04722837059999989,0.007947371331000052,-0.04558253344199997,0.011627505442200014,-0.044007571728087155,0.012584156481873686,-0.9861352570075358,0.16594227093725053,2,2,instant_velocity,dbscan_kmeans_fallback,False
4600,193,2.63775921894,7.9089471027,0.034368952401999976,0.012267113705000022,0.03293778965646,0.0121573301974,0.030544806981517784,0.011107521415275892,0.9418068385565652,0.33615373089019973,-1,-1,instant_velocity,dbscan_kmeans_fallback,False
4600,194,13.16059377,10.316785822,-0.01306988331000003,0.03458180497699992,-0.019392255200000007,0.03136944407400002,-0.017932510625955023,0.031888722337208034,-0.353534114449887,0.9354213429945561,3,3,instant_velocity,dbscan_kmeans_fallback,False
4600,195,13.752000728,10.4136817007,-0.017426511079999863,0.03126443376000001,-0.021926255121999992,0.02951744402860001,-0.01899942118041379,0.027640892511991554,-0.48686735529380515,0.8734755975887332,3,3,instant_velocity,dbscan_kmeans_fallback,False
4600,196,13.4268321337,7.50632802059,-0.04381883581999997,0.03570350603699994,-0.04381883581999997,0.03570350603699994,-0.029840879753520008,0.023968412757404987,-0.7752411776257121,0.6316650715959293,4,4,instant_velocity,dbscan_kmeans_fallback,False
4600,197,13.7562100302,8.02612906436,-0.03659988257000002,0.027374279026999914,-0.03659988257000002,0.027374279026999914,-0.02600717359790999,0.017103817072169986,-0.8007934390012587,0.5989402561684579,4,4,instant_velocity,dbscan_kmeans_fallback,False
4600,198,13.7080135201,8.73828990671,-0.04221930099000008,0.003723092875999967,-0.04221930099000008,0.003723092875999967,-0.026753798572950016,0.001824100715255985,-0.9961340335740142,0.08784369795271962,5,5,instant_velocity,dbscan_kmeans_fallback,False
4600,199,14.5090437274,6.14835376022,-0.04998546353000002,0.08054768240400004,-0.04998546353000002,0.08054768240400004,-0.014995639059000008,0.024164304721200014,-0.5272893208978885,0.8496856837030909,-1,-1,instant_velocity,dbscan_kmeans_fallback,False
4600,200,13.7907263082,4.12284804005,-0.05787790514999998,0.017899484979000003,-0.05787790514999998,0.017899484979000003,-0.02951773162649999,0.009128737339080002,-0.955356130721605,0.2954561445706875,-1,-1,instant_velocity,dbscan_kmeans_fallback,False
4600,263,1.97037435631,8.25762907009,0.02331953414600001,0.0,0.02053297609498,-0.00045345361940000826,0.019558672996156573,-0.0006463050616518311,0.9999995711751508,0.0,-1,-1,instant_velocity,dbscan_kmeans_fallback,False
4600,362,4.68558473559,8.30655432903,-0.0012206976359999898,-0.0005489175390000156,-0.001641627855200003,-0.000892587650800003,-0.0021247093971962557,-0.0009686134163968596,-0.9120254885191208,-0.4101153077543987,0,0,instant_velocity,dbscan_kmeans_fallback,False
4600,363,5.09872774579,8.12207030385,0.000505116263000005,0.0015512886979999862,0.0004924883566000027,0.0015560618942000203,-1.3376881962287032e-05,0.0015229778579599308,0.30960937920978504,0.9508573885749679,0,0,instant_velocity,dbscan_kmeans_fallback,False
4600,366,12.686415878,10.7344404715,-0.02837069678000006,-0.032171341000000096,-0.02366469692599999,-0.030467310032000015,-0.02342957930803303,-0.02950018777028906,-0.6614146049303439,-0.7500201691413796,-1,-1,instant_velocity,dbscan_kmeans_fallback,False
4600,367,13.2306786515,12.0415801945,0.019131278469999912,-0.03252933071000008,0.013381371669999993,-0.021827825282000005,0.013344641242545262,-0.022012860502831584,0.5069486870465789,-0.8619759270034072,6,6,instant_velocity,dbscan_kmeans_fallback,False
4600,368,13.6240379414,12.5136492784,0.018710348249999953,-0.027851598619999862,0.018710348249999953,-0.027851598619999862,0.01475252028977398,-0.022075434823232973,0.5576392100740795,-0.8300830773557132,6,6,instant_velocity,dbscan_kmeans_fallback,False
4600,400,11.6761833518,11.7026832789,-0.03752592904999989,0.015560618940000026,-0.03563174305999997,0.013135835375999995,-0.034598700732311666,0.01460794081645661,-0.9237324156032493,0.38303776843408854,-1,-1,instant_velocity,dbscan_kmeans_fallback,False
4600,401,14.3383565235,10.2580755113,-0.032537905939999945,0.008687216709999923,-0.032537905939999945,0.008687216709999923,-0.016589912264400004,0.0044254686662999814,-0.9661574181748558,0.25795202933883105,5,5,instant_velocity,dbscan_kmeans_fallback,False
4610,179,3.63010221082,9.06644713131,-0.001241744146999979,0.0010739690979999494,-0.0012459534489999947,0.0010596495105999893,-0.0012246977103303326,0.0012455188017746063,-0.7563500624775159,0.6541577798725046,0,0,instant_velocity,dbscan_kmeans_fallback,False
4610,189,6.89799396798,5.76100890528,0.03683139418499994,-0.0013126288990000568,0.040203045240800005,0.0010787422946000015,0.038862842712966916,0.0007215979824375482,0.9993652689879748,-0.035616238857035354,1,1,instant_velocity,dbscan_kmeans_fallback,False
4610,190,6.6755323471,4.53024031816,0.04531313810199995,-0.0030548454359999866,0.045746696228200004,-0.001360360858400007,0.04494178684443914,-0.000724467244515466,0.9977350166201013,-0.06726363234871087,1,1,instant_velocity,dbscan_kmeans_fallback,False
4610,191,9.13692180417,5.14765322002,-0.04998546353599984,0.010453299227999934,-0.04990969609659999,0.01207141266959999,-0.04791061861102942,0.013158912846863297,-0.9788248736948684,0.20469849777771065,2,2,instant_velocity,dbscan_kmeans_fallback,False
4610,192,10.1031671225,6.04596870614,-0.04598662645000005,0.007947371329999963,-0.04681164968200001,0.009465247656599996,-0.04460128814466102,0.011193120936311567,-0.9853929422229017,0.17029480573708383,2,2,instant_velocity,dbscan_kmeans_fallback,False
4610,193,2.98860455668,8.0752929831,0.035084533774000004,0.016634588040000065,0.0339227663694,0.012777845676600013,0.03190672501926245,0.012765641402693144,0.9035821273924993,0.4284143134494167,-1,-1,instant_velocity,dbscan_kmeans_fallback,False
4610,194,13.0298949369,10.662365212,-0.01306988331000003,0.034557938999999926,-0.017582255258000005,0.0318992688298,-0.016473722431168524,0.0326894873360456,-0.35374772423338113,0.9353405830404429,3,3,instant_velocity,dbscan_kmeans_fallback,False
4610,195,13.5779460824,10.7265646981,-0.017405464560000007,0.031288299740000095,-0.021012836543999994,0.029746557435800014,-0.018521234194289655,0.028735114680394115,-0.4861352201002712,0.8738832812094847,3,3,instant_velocity,dbscan_kmeans_fallback,False
4610,196,13.1073460973,7.80680070843,-0.03194860363999989,0.030047268784000013,-0.03194860363999989,0.030047268784000013,-0.03047319691946397,0.025792069565383498,-0.728450184954988,0.6850984396605423,4,4,instant_velocity,dbscan_kmeans_fallback,False
4610,197,13.4268321337,8.31681670041,-0.03293778965000005,0.029068763605000037,-0.03293778965000005,0.029068763605000037,-0.02808635841353701,0.020693301032019003,-0.7497698318414647,0.661698378414416,4,4,instant_velocity,dbscan_kmeans_fallback,False
4610,198,13.2582495809,8.79246568124,-0.04497639392000004,0.005417577453,-0.04497639392000004,0.005417577453,-0.03222057717706502,0.0029021437365791894,-0.9928232225555031,0.11958932756811577,-1,-1,instant_velocity,dbscan_kmeans_fallback,False
4610,199,14.0239216497,6.93068058368,-0.04851220776999998,0.078232682346,-0.04851220776999998,0.078232682346,-0.025050609672300002,0.04038481800864001,-0.5270019518008167,0.8498639453067981,-1,-1,instant_velocity,dbscan_kmeans_fallback,False
4610,200,13.2205763262,4.31520783862,-0.05701499820000002,0.019235979857000006,-0.05701499820000002,0.019235979857000006,-0.03776691159855,0.012160910094456003,-0.9475252590710624,0.31968038889615646,-1,-1,instant_velocity,dbscan_kmeans_fallback,False
4610,263,2.20356969778,8.25762907009,0.023319534146999988,0.0,0.021328534209399997,-0.0003245773276000108,0.020686931341409597,-0.00045241354315628176,0.9999995711751508,0.0,-1,-1,instant_velocity,dbscan_kmeans_fallback,False
4610,362,4.67337775923,8.30106515363,-0.0012206976359999898,-0.0005489175399999268,-0.001216488333800001,-0.0005536907353999965,-0.001853505868837376,-0.0008427046534777798,-0.9120254882396885,-0.4101153083758132,0,0,instant_velocity,dbscan_kmeans_fallback,False
4610,363,5.10356844331,8.13758319083,0.0004840697520000603,0.0015512886979999862,0.00048827905440001373,0.001556061894199985,0.0001358571082264172,0.0015314711099719473,0.29787623834204674,0.9545980512798282,0,0,instant_velocity,dbscan_kmeans_fallback,False
4610,366,12.3911333292,10.4134430409,-0.029528254879999948,-0.03209974305999985,-0.02536104570999999,-0.031904042026,-0.025259181979623103,-0.030280054357202296,-0.6770128047680859,-0.7359709258031654,-1,-1,instant_velocity,dbscan_kmeans_fallback,False
4610,367,13.4333565521,11.7714173013,0.020267790059999947,-0.02701628932000002,0.015250301843999985,-0.023784835637999997,0.015421585887781667,-0.023513889147982116,0.6001054248296126,-0.7999205503758993,5,5,instant_velocity,dbscan_kmeans_fallback,False
4610,368,13.7644181695,12.3148456652,0.014038022810000151,-0.019880361320000085,0.018474627322000003,-0.027445876968,0.014538171045841831,-0.021416912772263107,0.5768153203604666,-0.8168740811212255,5,5,instant_velocity,dbscan_kmeans_fallback,False
4610,400,11.3440694088,11.8215358592,-0.03321139430000013,0.011885258030000045,-0.03546337097200002,0.01244849515200002,-0.03418250880261821,0.01379113598051964,-0.9415255321693898,0.3369408038272655,-1,-1,instant_velocity,dbscan_kmeans_fallback,False
4610,401,14.0506507186,10.3291961316,-0.028770580489999985,0.0071120620300000326,-0.028770580489999985,0.0071120620300000326,-0.02024411273208,0.005231446675409997,-0.9707785714857673,0.23997560355799416,-1,-1,instant_velocity,dbscan_kmeans_fallback,False
4610,402,14.9466006903,10.4957806718,0.0,0.0,0.0,0.0,0.0,0.0,0.0,0.0,-1,-1,instant_velocity,dbscan_kmeans_fallback,False
4620,179,3.61768476935,9.0769481625,-0.0012417441470000234,0.0010501031190001341,-0.0012459534490000036,0.0010596495106000247,-0.0012298116413312398,0.0011868940969422645,-0.7635645412179781,0.6457219937199271,0,0,instant_velocity,dbscan_kmeans_fallback,False
4620,189,7.2549427939,5.75671302889,0.035694882592,-0.000429587638999962,0.0383719987868,0.00011455670400000173,0.03791245467667684,0.00037624229600629515,0.999927307234139,-0.012034117495110526,1,1,instant_velocity,dbscan_kmeans_fallback,False
4620,190,7.12740093747,4.4951573276,0.04518685903700002,-0.0035082990559999415,0.045565696233999996,-0.0020286082975999875,0.045015308502207405,-0.0015596167879608088,0.9969993680695214,-0.07740683943017118,1,1,instant_velocity,dbscan_kmeans_fallback,False
4620,191,8.76271483926,5.23691198511,-0.037420696491000174,0.00892587650900003,-0.0474304171048,0.010992670374800007,-0.04476364197502064,0.011889001945504317,-0.9727110738013366,0.23201863508274553,2,2,instant_velocity,dbscan_kmeans_fallback,False
4620,192,9.64330085793,6.12568107925,-0.045986626456999954,0.007971237310999957,-0.0474851380334,0.007956917722599996,-0.0450168896383627,0.010226555848718084,-0.9853070086442989,0.17079130597760256,2,2,instant_velocity,dbscan_kmeans_fallback,False
4620,193,3.33944989443,8.2416388635,0.035084533775,0.016634588039999974,0.0345878361158,0.013579742603600007,0.03286006764598372,0.013926325393885193,0.9035821273972272,0.4284143134394451,-1,-1,instant_velocity,dbscan_kmeans_fallback,False
4620,194,12.8775181975,10.9914770758,-0.015237673939999929,0.032911186380000144,-0.016277371579999988,0.03259138224880001,-0.016102907883817946,0.03275599704923196,-0.42014646661694227,0.9074560017609066,3,3,instant_velocity,dbscan_kmeans_fallback,False
4620,195,13.4110472504,11.0267987262,-0.01668988320000011,0.030023402809999843,-0.019484859850000015,0.030085454352599968,-0.01797182889600279,0.029121601119275836,-0.4858700125337973,0.8740307481361986,3,3,instant_velocity,dbscan_kmeans_fallback,False
4620,196,12.7876495957,8.10727339627,-0.031969650160000106,0.030047268783999926,-0.04025355686800001,0.03401379465519998,-0.03092213289162481,0.027068629330968427,-0.7286753012027141,0.6848589997676716,4,4,instant_velocity,dbscan_kmeans_fallback,False
4620,197,13.156805398,8.59628732588,-0.027002673570000014,0.0279470625470001,-0.03614527792800001,0.02683968107580002,-0.02776125296047591,0.022869429486513333,-0.6948513591211941,0.7191530254916173,4,4,instant_velocity,dbscan_kmeans_fallback,False
4620,198,12.8198507575,8.8304125894,-0.043839882340000004,0.0037946908160000348,-0.04199199867200001,0.0033794227639999974,-0.03570636872594552,0.003169907860405443,-0.9962745530838629,0.0862354936877295,-1,-1,instant_velocity,dbscan_kmeans_fallback,False
4620,199,13.673286777,7.50346410299,-0.03506348727000006,0.05727835193099997,-0.03506348727000006,0.05727835193099997,-0.028054472951610017,0.045452878185348,-0.5221008042078251,0.8528836101382413,-1,-1,instant_velocity,dbscan_kmeans_fallback,False
4620,200,12.6706309948,4.53835475135,-0.05499453314,0.02231469127299999,-0.05499453314,0.02231469127299999,-0.042935198060985,0.015207044448019198,-0.9266240224239749,0.3759888084493414,-1,-1,instant_velocity,dbscan_kmeans_fallback,False
4620,263,2.43676503924,8.25762907009,0.02331953414600001,0.0,0.0221240923238,-0.00019570103560003104,0.021476712182786722,-0.0003166894802093972,0.9999995711751508,0.0,-1,-1,instant_velocity,dbscan_kmeans_fallback,False
4620,289,14.7672844169,6.83760326179,0.0,0.0,0.0,0.0,0.0,0.0,0.0,0.0,-1,-1,instant_velocity,dbscan_kmeans_fallback,False
4620,362,4.66117078288,8.29557597824,-0.0012206976349999898,-0.0005489175390000156,-0.0012164883336000009,-0.0005536907353999965,-0.0016636633986861602,-0.0007545685191344505,-0.9120254883934503,-0.41011530803385576,0,0,instant_velocity,dbscan_kmeans_fallback,False
4620,363,5.10840914083,8.15309607781,0.00048406975199997147,0.0015512886979999862,0.00048827905439999595,0.001556061894199985,0.0002403209013584835,0.001537416386380359,0.29787623834199695,0.9545980512798438,0,0,instant_velocity,dbscan_kmeans_fallback,False
4620,366,12.0491275261,10.0953095279,-0.0342005803100001,-0.03181335130000011,-0.02786978981600001,-0.032319310076,-0.027941601478736203,-0.030740043440041644,-0.7321987740318717,-0.6810906893557698,-1,-1,instant_velocity,dbscan_kmeans_fallback,False
4620,367,13.6629739867,11.6303693596,0.02296174346000015,-0.014104794170000013,0.017662232000000024,-0.023154773768000004,0.017683633159447213,-0.02069116065458748,0.8520802513786577,-0.5234104536946063,5,5,instant_velocity,dbscan_kmeans_fallback,False
4620,368,13.9047983976,12.1160420521,0.014038022809999972,-0.019880361310000084,0.017304441312000023,-0.025455454236,0.014388126575089272,-0.020955947333584198,0.5768153205540696,-0.8168740809845174,5,5,instant_velocity,dbscan_kmeans_fallback,False
4620,400,11.0165856982,11.9365698827,-0.03274837105999993,0.01150340234999998,-0.035172929121999985,0.01295922712600003,-0.033752267479832725,0.013104815891363742,-0.9434849321825381,0.3314145539078366,-1,-1,instant_velocity,dbscan_kmeans_fallback,False
4620,401,13.819139098,10.3769280915,-0.023151162059999918,0.004773195990000012,-0.023151162059999918,0.004773195990000012,-0.021116227530455972,0.005093971469787001,-0.9793999370680231,0.20192799998996544,6,6,instant_velocity,dbscan_kmeans_fallback,False
4620,402,14.6995146516,10.5478085081,-0.02470860387000009,0.0052027836299998855,-0.02470860387000009,0.0052027836299998855,-0.007412581161000027,0.0015608350889999658,-0.9785416343065302,0.2060472709437359,6,6,instant_velocity,dbscan_kmeans_fallback,False
4630,179,3.60526732789,9.08768785349,-0.001241744145999979,0.0010739690989998607,-0.0012459534488000034,0.0010596495107999715,-0.0012333913927318615,0.0011530165975595433,-0.7563500619155193,0.6541577805222953,0,0,instant_velocity,dbscan_kmeans_fallback,False
4630,189,7.58579394623,5.77389653447,0.03308511523300002,0.0017183505580000257,0.03601478955899999,-0.000424814443399999,0.03646425284357379,0.0007788747746044144,0.9986536810926497,0.05186734572538865,1,1,instant_velocity,dbscan_kmeans_fallback,False
4630,190,7.57926952783,4.46007433704,0.04518685903600002,-0.0035082990560000304,0.045447835772400004,-0.002491608309199993,0.04506677366234519,-0.002144221468372575,0.9969993680693889,-0.0774068394318759,1,1,instant_velocity,dbscan_kmeans_fallback,False
4630,191,8.44238694241,5.31996559541,-0.03203278968499994,0.008305361030000036,-0.04387776605380001,0.009789824984200007,-0.04094438628801443,0.010813909670853031,-0.967992467324182,0.2509780445133235,-1,-1,instant_velocity,dbscan_kmeans_fallback,False
4630,192,9.1790148261,6.29465221744,-0.04642860318300013,0.016897113819000074,-0.046950556656000016,0.0097468662202,-0.04544040370175392,0.01222772323980268,-0.939702290094565,0.34199298413346896,-1,-1,instant_velocity,dbscan_kmeans_fallback,False
4630,193,3.69008476706,8.4079847439,0.035063487263000015,0.016634588039999974,0.0347604175056,0.014672804486200003,0.033521093531088605,0.014738804187719627,0.9034825685496007,0.4286242328498437,-1,-1,instant_velocity,dbscan_kmeans_fallback,False
4630,194,12.7034635519,11.3043600732,-0.017405464560000007,0.031288299739999914,-0.01541025532599999,0.03296369153579999,-0.016493674886672565,0.03231568785646235,-0.4861352201002733,0.8738832812094833,2,2,instant_velocity,dbscan_kmeans_fallback,False
4630,195,13.2513042322,11.3148611044,-0.01597430181999986,0.028806237820000115,-0.01781376687999998,0.030176145075399993,-0.01737257077320191,0.02902699212949312,-0.4849660721028995,0.8745326190179352,2,2,instant_velocity,dbscan_kmeans_fallback,False
4630,196,12.586655416,8.33543216479,-0.020099417970000033,0.022815876852000018,-0.03492037099000001,0.031149877058599992,-0.02767531841513738,0.025792803587277906,-0.6610250840918812,0.7503633656076107,3,3,instant_velocity,dbscan_kmeans_fallback,False
4630,197,13.0252647045,8.84974403317,-0.013154069349999986,0.025345670728999892,-0.030357487411999992,0.026930371799599992,-0.023379097877333135,0.0236123018592593,-0.46064456281326027,0.8875842981753032,3,3,instant_velocity,dbscan_kmeans_fallback,False
4630,198,12.4073391426,8.8304125894,-0.041251161489999966,0.0,-0.04234978936000001,0.00298324749639999,-0.03736980655516185,0.00221893550228381,-0.9999997575826421,0.0,-1,-1,instant_velocity,dbscan_kmeans_fallback,False
4630,199,13.4788170157,7.79391307924,-0.019446976129999884,0.029044897625000045,-0.019446976129999884,0.029044897625000045,-0.025472223905126976,0.040530484017243615,-0.5563569317701026,0.8309430740388255,3,3,instant_velocity,dbscan_kmeans_fallback,False
4630,200,12.1206856633,4.76174032388,-0.054994533150000004,0.02233855725299998,-0.056551974958,0.019937639667999996,-0.046552998587689506,0.017346498289513432,-0.9264838781277437,0.3763340094021338,-1,-1,instant_velocity,dbscan_kmeans_fallback,False
4630,263,2.67732665955,8.30965690642,0.024056162030999983,0.005202783633000152,0.023066976014999997,0.0009737319828000324,0.0222505471372507,0.0013391524537534679,0.9774015866170309,0.21138903916453558,-1,-1,instant_velocity,dbscan_kmeans_fallback,False
4630,289,14.5002041928,6.95693316165,-0.026708022410000077,0.011932989986000031,-0.026708022410000077,0.011932989986000031,-0.008012406723000024,0.00357989699580001,-0.9130132587260739,0.40792904492187987,-1,-1,instant_velocity,dbscan_kmeans_fallback,False
4630,290,14.9520727831,5.5822527153,0.0,0.0,0.0,0.0,0.0,0.0,0.0,0.0,-1,-1,instant_velocity,dbscan_kmeans_fallback,False
4630,362,4.64917427163,8.29008680285,-0.0011996511250000452,-0.0005489175390000156,-0.0012164883336000009,-0.0005489175391999979,-0.0015244597165803256,-0.0006928732250941201,-0.9093226161599833,-0.4160735752401142,0,0,instant_velocity,dbscan_kmeans_fallback,False
4630,363,5.11324983835,8.16860896479,0.00048406975199997147,0.0015512886979999862,0.00048827905419999594,0.0015560618940000026,0.0003134455565509299,0.0015415780798662471,0.29787623834199695,0.9545980512798438,0,0,instant_velocity,dbscan_kmeans_fallback,False
4630,366,11.7071217229,9.77717601486,-0.03420058031999993,-0.03181335130399994,-0.03030276648400001,-0.032090196668799996,-0.029819295131115323,-0.031062035799229133,-0.7321987740884787,-0.6810906892949151,-1,-1,instant_velocity,dbscan_kmeans_fallback,False
4630,367,13.8890135144,11.4824002838,0.022603952769999935,-0.014796907579999897,0.019998394716000015,-0.02266790777799997,0.01915972904261303,-0.018922884732211206,0.8366741865395428,-0.547700251313047,4,4,instant_velocity,dbscan_kmeans_fallback,False
4630,368,14.093585601,11.9286941093,0.018878720339999867,-0.01873479427999989,0.017106604111999994,-0.0232359181,0.015735304704562452,-0.020289601417508907,0.7098070234334813,-0.7043956541031863,4,4,instant_velocity,dbscan_kmeans_fallback,False
4630,400,10.7046764058,12.0835843193,-0.031190929239999932,0.014701443659999924,-0.034436301235999986,0.013847041579999981,-0.03298386600788289,0.013583804221954597,-0.9045572749311792,0.42635144699664046,-1,-1,instant_velocity,dbscan_kmeans_fallback,False
4630,401,13.5423774789,10.4141590203,-0.027676161910000018,0.0037230928799999673,-0.02893053396799999,0.006591783667999991,-0.023084207844319186,0.004682707892850891,-0.9910723492469676,0.1333224750977121,5,5,instant_velocity,dbscan_kmeans_fallback,False
4630,402,14.452639078,10.5995976847,-0.02468755735999988,0.0051789176600001595,-0.02468755735999988,0.0051789176600001595,-0.012595074020699985,0.002646259860300024,-0.978696696563637,0.20530948168366145,5,5,instant_velocity,dbscan_kmeans_fallback,False
4640,179,3.49771965687,9.04711568754,-0.010754767101999985,-0.004057216594999957,-0.0031485580399999956,3.818556799998873e-05,-0.004089804105512299,-0.00041005336020830715,-0.9356349851805503,-0.3529666196147697,0,0,instant_velocity,dbscan_kmeans_fallback,False
4640,189,7.91643463345,5.79084138025,0.03306406872199998,0.001694484577999944,0.03510137098319999,6.682474399999805e-05,0.03544419760710164,0.0010535577156230733,0.9986890740763463,0.051181336709278734,1,1,instant_velocity,dbscan_kmeans_fallback,False
4640,190,8.03787300171,4.45267588325,0.045860347388000024,-0.0007398453789999593,0.045464672981400014,-0.002400917585199984,0.04530484578004164,-0.0017229086415607902,0.9998696774509879,-0.016130470059584817,1,1,instant_velocity,dbscan_kmeans_fallback,False
4640,191,8.10017067416,5.43619291787,-0.03422162682500005,0.011622732245999945,-0.040729208014800025,0.009947340451999995,-0.03892755844911012,0.011056556443397106,-0.9468788585544358,0.32158960468637054,2,2,instant_velocity,dbscan_kmeans_fallback,False
4640,192,8.71409739894,6.47364706723,-0.04649174271599996,0.017899484978999958,-0.046424393881199996,0.011732515754000002,-0.045755805406027736,0.013929251761561862,-0.9332240014895419,0.35929453319794763,2,2,instant_velocity,dbscan_kmeans_fallback,False
4640,193,4.09712428908,8.60774299626,0.04070395220199998,0.019975825236000055,0.036061091883199996,0.016429340612200017,0.03567595113236202,0.016309910502203755,0.8977207553107454,0.44056441570645066,-1,-1,instant_velocity,dbscan_kmeans_fallback,False
4640,194,12.5291984411,11.6170044109,-0.01742651108000004,0.03126443377000001,-0.015241883240000007,0.032920732773399984,-0.01677352574467081,0.03200031163052365,-0.48686735517499646,0.8734755976549561,3,3,instant_velocity,dbscan_kmeans_fallback,False
4640,195,13.091561214,11.6029234827,-0.015974301820000036,0.028806237829999935,-0.016694092495999974,0.030037722391999998,-0.01695309008724135,0.028960765839645165,-0.48496607197414715,0.8745326190893341,3,3,instant_velocity,dbscan_kmeans_fallback,False
4640,196,12.5043635582,8.49103835421,-0.008229185779999959,0.015560618942000027,-0.027213138673999993,0.026834907879799984,-0.021841478624596154,0.02272314819369454,-0.4674974170948213,0.883993794557619,4,4,instant_velocity,dbscan_kmeans_fallback,False
4640,197,12.8524728495,9.12468012244,-0.01727918549999998,0.02749360892699997,-0.02539472012800001,0.02744587696699998,-0.02154912416413319,0.0247766939795815,-0.5321159409757994,0.8466711341811363,-1,-1,instant_velocity,dbscan_kmeans_fallback,False
4640,198,11.9948275278,8.8304125894,-0.041251161479999965,0.0,-0.042707580044000014,0.0025870722290000005,-0.038534213032613285,0.001553254851598667,-0.999999757582642,0.0,5,5,instant_velocity,dbscan_kmeans_fallback,False
4640,199,13.415887948,7.83854246179,-0.006292906770000073,0.0044629382550000155,-0.031860208294000006,0.049913310512200014,-0.019718428764588902,0.029710220288570535,-0.8156893082620388,0.5784879946723112,4,4,instant_velocity,dbscan_kmeans_fallback,False
4640,200,11.5922077731,4.99300166981,-0.05284778901999996,0.023126134593000013,-0.05554595173199999,0.020982969591,-0.048441435717382644,0.019080389180559407,-0.9161239001172196,0.40089481529600113,-1,-1,instant_velocity,dbscan_kmeans_fallback,False
4640,263,2.91978246583,8.37481103174,0.02424558062800002,0.006515412531999942,0.0236520690196,0.002343639233000019,0.022849057184475496,0.0028920304772274107,0.9657376934571431,0.25951861360287914,-1,-1,instant_velocity,dbscan_kmeans_fallback,False
4640,289,14.2331239686,7.0762630615,-0.026708022420000078,0.011932989984999942,-0.026708022420000078,0.011932989984999942,-0.01362109143210004,0.0060858248925599896,-0.9130132587956931,0.40792904476606073,-1,-1,instant_velocity,dbscan_kmeans_fallback,False
4640,290,14.5913355852,5.8323681854,-0.03607371979000007,0.02501154700999999,-0.03607371979000007,0.02501154700999999,-0.010822115937000023,0.007503464102999998,-0.8217927080352913,0.5697861786684306,-1,-1,instant_velocity,dbscan_kmeans_fallback,False
4640,362,4.63696729527,8.28459762745,-0.0012206976359999898,-0.0005489175400001045,-0.0012164883336000009,-0.0005489175394000157,-0.001433331092406225,-0.0006496865195659154,-0.9120254882396389,-0.4101153083759237,0,0,instant_velocity,dbscan_kmeans_fallback,False
4640,363,5.11830100098,8.18412185177,0.000505116263000005,0.0015512886979999862,0.0004924883564000026,0.0015512886979999862,0.00037094676848565243,0.0015444912653063687,0.30960937920978504,0.9508573885749679,0,0,instant_velocity,dbscan_kmeans_fallback,False
4640,366,11.2668287136,9.4986600286,-0.044029300929999945,-0.02785159862600004,-0.034065882644,-0.031149877058000007,-0.03408229687078071,-0.030098904647260408,-0.8451105289097194,-0.5345912551103531,-1,-1,instant_velocity,dbscan_kmeans_fallback,False
4640,367,14.0826414153,11.2723796601,0.019362790089999925,-0.02100206237000002,0.020865510969999973,-0.021889876830000005,0.0192206473568291,-0.01954663802354785,0.6778312251267534,-0.7352170632577287,6,6,instant_velocity,dbscan_kmeans_fallback,False
4640,368,14.2943693155,11.7442100841,0.02007837145,-0.018448402519999973,0.01714869713199999,-0.020959103609999977,0.017038224728193718,-0.019737241748256227,0.736363663052913,-0.6765854138584417,6,6,instant_velocity,dbscan_kmeans_fallback,False
4640,400,10.45359153,12.3589977282,-0.025108487580000016,0.027541340890000043,-0.03195702224599998,0.016238412774000004,-0.030621252479518024,0.01777106522236823,-0.6737136032258203,0.738992181410894,3,3,instant_velocity,dbscan_kmeans_fallback,False
4640,401,13.1980565595,10.4358770621,-0.03443209194000012,0.002171804179999981,-0.029313580468,0.005293474357999983,-0.026488573073023467,0.003929436778995618,-0.9980163988771531,0.06294988380511167,5,5,instant_velocity,dbscan_kmeans_fallback,False
4640,402,14.1699844358,10.6595012944,-0.02826546422000007,0.005990360969999919,-0.02826546422000007,0.005990360969999919,-0.017296191080490013,0.0036494901932099927,-0.9782713113428309,0.2073271550018335,5,5,instant_velocity,dbscan_kmeans_fallback,False
4650,179,3.29546268652,8.95523166465,-0.02022569703500001,-0.009188402288999952,-0.006941139315399996,-0.002009515513599993,-0.008930571984358614,-0.003043558038845801,-0.9104524697465931,-0.41361262074522376,-1,-1,instant_velocity,dbscan_kmeans_fallback,False
4650,189,8.28180206376,5.79155735965,0.036536743031000095,7.159793999997888e-05,0.03504244075260001,0.000348443307599986,0.03577196123427118,0.0007589697829361449,0.9999978062646183,0.0019596104357823174,0,0,instant_velocity,dbscan_kmeans_fallback,False
4650,190,8.50699973106,4.48680423461,0.04691267293500001,0.00341283513599997,0.0456919752996,-0.0014796907581999896,0.04578719392652915,-0.00018218550829256198,0.9973640599126603,0.07255692106415905,0,0,instant_velocity,dbscan_kmeans_fallback,False
4650,191,7.7249113837,5.60230013847,-0.0375259290459999,0.016610722060000072,-0.03823730111659998,0.011183598214600004,-0.03850706962817705,0.012722806128377995,-0.9144204594332924,0.40476503803556313,1,1,instant_velocity,dbscan_kmeans_fallback,False
4650,192,8.32010671372,6.64834604062,-0.039399068522000036,0.017469897338999996,-0.04485853346560002,0.01363702095559999,-0.04384878434081943,0.014991445434793301,-0.9141623333561871,0.40534770780166074,1,1,instant_velocity,dbscan_kmeans_fallback,False
4650,193,4.51026729928,8.81108114562,0.04131430101999998,0.02033381493599986,0.037450161606799995,0.018042680858399985,0.03736745609865341,0.017517081832342588,0.8972180933512771,0.4415872038741205,-1,-1,instant_velocity,dbscan_kmeans_fallback,False
4650,194,12.3429368191,11.9181930781,-0.018626162199999997,0.03011886671999999,-0.016353139018,0.032028145122,-0.017329316681269566,0.03143587815736655,-0.525969581469765,0.8505030479688421,2,2,instant_velocity,dbscan_kmeans_fallback,False
4650,195,12.9339228469,11.8723703965,-0.015763836710000055,0.02694469137999995,-0.016361557622000013,0.029173773915999988,-0.01659631407406896,0.0283559435017516,-0.5049722786062516,0.8631351905510034,2,2,instant_velocity,dbscan_kmeans_fallback,False
4650,196,12.3963949569,8.68984196737,-0.010796860129999964,0.019880361316000083,-0.020608743535999993,0.023670278935600014,-0.018528093076217295,0.021870312130386205,-0.4772508795409999,0.8787665867126447,3,3,instant_velocity,dbscan_kmeans_fallback,False
4650,197,12.6620019253,9.4089239439,-0.019047092419999957,0.02842438214600005,-0.021884162097999996,0.02765589759080001,-0.020798514640893218,0.025871000429507067,-0.5566713208547264,0.8307324816190179,3,3,instant_velocity,dbscan_kmeans_fallback,False
4650,198,11.6145170747,8.83781104319,-0.03803104530999999,0.0007398453789999593,-0.04186992890799999,0.001990422729599999,-0.0383832627158293,0.0013092320098190547,-0.99981056720005,0.019450036726279124,4,4,instant_velocity,dbscan_kmeans_fallback,False
4650,199,13.4628216674,7.65310379741,0.004693371940000013,-0.018543866438000035,-0.020924441199999998,0.0300950007438,-0.012394888553212226,0.015233994270599363,0.24535896159283746,-0.969431758511759,-1,-1,instant_velocity,dbscan_kmeans_fallback,False
4650,200,11.1495996475,5.25624342889,-0.04426081255999996,0.02632417590800005,-0.05282253321399999,0.022667907776800007,-0.04718724877016784,0.0212535251987916,-0.8594765492191695,0.5111747968877844,-1,-1,instant_velocity,dbscan_kmeans_fallback,False
4650,263,3.16202780701,8.43996515707,0.024224534117999984,0.006515412533000031,0.023833069013999997,0.0036467217396000252,0.023261700264532843,0.003979045093959197,0.9656811640843919,0.2597288818315144,-1,-1,instant_velocity,dbscan_kmeans_fallback,False
4650,289,14.0548600208,7.17411357939,-0.017826394779999966,0.009785051789000044,-0.017826394779999966,0.009785051789000044,-0.014882682436470018,0.0071955929614920065,-0.876619367911013,0.48118343726312124,-1,-1,instant_velocity,dbscan_kmeans_fallback,False
4650,290,14.2303879222,6.0824836555,-0.03609476629999993,0.02501154700999999,-0.03609476629999993,0.02501154700999999,-0.018403911045899994,0.012755888975099997,-0.8219482755933337,0.5695617409993076,-1,-1,instant_velocity,dbscan_kmeans_fallback,False
4650,362,4.62476031891,8.27910845206,-0.0012206976359999898,-0.0005489175390000156,-0.0012164883336000009,-0.0005489175394000157,-0.0013695410554843545,-0.0006194558253961454,-0.9120254885191208,-0.4101153077543987,5,5,instant_velocity,dbscan_kmeans_fallback,False
4650,363,5.1231416985,8.19963473875,0.00048406975199997147,0.0015512886979999862,0.00048827905419999594,0.0015512886979999862,0.0004048836635399481,0.001546530495114454,0.29787623834199695,0.9545980512798438,5,5,instant_velocity,dbscan_kmeans_fallback,False
4650,366,10.8021217515,9.23016775392,-0.046470696210000106,-0.026849227467999982,-0.037685882530000006,-0.030085454351599986,-0.03779881667254653,-0.02912400149348228,-0.8658690129845857,-0.5002704065817937,-1,-1,instant_velocity,dbscan_kmeans_fallback,False
4650,367,14.2762693161,11.0623590363,0.0193627900800001,-0.02100206238000002,0.020911813292000012,-0.019584423163999994,0.019263290173780402,-0.0199832653304835,0.6778312247630708,-0.735217063593025,6,6,instant_velocity,dbscan_kmeans_fallback,False
4650,368,14.5010460532,11.5217791508,0.02066767377000005,-0.02224309333000001,0.01754016223600001,-0.01983740255200001,0.018127059440735616,-0.020488997222779363,0.6806873459011297,-0.7325735993281449,6,6,instant_velocity,dbscan_kmeans_fallback,False
4650,400,10.2027171193,12.6341724772,-0.025087441069999983,0.02751747489999996,-0.029469324649999996,0.018629783965999992,-0.02896110905666261,0.020694988125657753,-0.6737240345981788,0.7389826710445803,2,2,instant_velocity,dbscan_kmeans_fallback,False
4650,401,12.8646798259,10.4790744858,-0.03333767335999997,0.004319742370000057,-0.029473533952000003,0.00441997949000001,-0.02854330315911642,0.00404652845629695,-0.9917090664825297,0.1285010992500105,4,4,instant_velocity,dbscan_kmeans_fallback,False
4650,402,13.8639681664,10.7244167599,-0.03060162694000006,0.006491546550000038,-0.03060162694000006,0.006491546550000038,-0.02128782183834303,0.004502107100247006,-0.9782319153366016,0.2075130850903456,4,4,instant_velocity,dbscan_kmeans_fallback,False
4660,179,3.09299525106,8.86334764176,-0.020246743546,-0.009188402288999952,-0.0107421391952,-0.004061989790999973,-0.01232542345285103,-0.004887011313892046,-0.9106143377960327,-0.413256129154373,-1,-1,instant_velocity,dbscan_kmeans_fallback,False
4660,189,8.68168577205,5.77556715307,0.039988370828999996,-0.0015990206579999723,0.03567383608140002,0.0002911649558000029,0.03703688411268982,5.157265065530963e-05,0.9992012220590707,-0.03995520103591144,0,0,instant_velocity,dbscan_kmeans_fallback,False
4660,190,8.97612646042,4.52093258597,0.04691267293599992,0.00341283513599997,0.046011882266399996,-0.00018615464379999835,0.046124837629370384,0.0008963206849951978,0.9973640599127722,0.0725569210626207,0,0,instant_velocity,dbscan_kmeans_fallback,False
4660,191,7.3599648836,5.78105632846,-0.03649465001000003,0.017875618998999965,-0.035539138411400016,0.01266806216880001,-0.037903343742723944,0.014268649989564588,-0.8980557952576036,0.4398810025981895,1,1,instant_velocity,dbscan_kmeans_fallback,False
4660,192,7.99683230533,6.81874913761,-0.032327440838999966,0.017040309699000035,-0.04212669634340001,0.015455608629400003,-0.04039238129027359,0.015606104714055321,-0.8846260708427843,0.46630051200294476,1,1,instant_velocity,dbscan_kmeans_fallback,False
4660,193,4.93688007649,8.97862032502,0.04266127772099999,0.01675391794000003,0.03896551039619999,0.01806654683839998,0.038955602585357386,0.01728813266463982,0.9307948691342381,0.36554134544291267,-1,-1,instant_velocity,dbscan_kmeans_fallback,False
4660,194,12.1486775229,12.2119832915,-0.019425929620000025,0.029379021339999943,-0.01762434828,0.030992361590000003,-0.017958300562888704,0.030818821112156572,-0.55154940100122,0.8341418886536153,2,2,instant_velocity,dbscan_kmeans_fallback,False
4660,195,12.7773368054,12.1294070008,-0.015658604150000068,0.025703660430000143,-0.016012185540000026,0.028056846054,-0.016315001096848292,0.027560258580226163,-0.5202594194166574,0.8540078875545702,2,2,instant_velocity,dbscan_kmeans_fallback,False
4660,196,12.1859298473,9.06119661572,-0.02104651095999994,0.037135464834999965,-0.018428325000000002,0.025087918145800005,-0.01928361844135209,0.026449857941770332,-0.4930670894213371,0.8699910210914075,3,3,instant_velocity,dbscan_kmeans_fallback,False
4660,197,12.4012356545,9.70987395134,-0.02607662707999996,0.030095000744000087,-0.02051192958399998,0.02786114501860002,-0.022381948372625242,0.027138200523854974,-0.6548485281788531,0.755759818257522,3,3,instant_velocity,dbscan_kmeans_fallback,False
4660,198,11.2419938306,8.84688011558,-0.037252324409999996,0.0009069072389999988,-0.04032511500599998,0.0010882886867999986,-0.03804398122408051,0.0011885345785733379,-0.999703524258538,0.024337766229709453,-1,-1,instant_velocity,dbscan_kmeans_fallback,False
4660,199,13.4739763182,7.45095894705,0.0011154650799999998,-0.020214485035999985,-0.010998906630000001,0.010405567267400002,-0.008341782463248557,0.004599450478619557,0.0550976244854522,-0.9984804774707245,-1,-1,instant_velocity,dbscan_kmeans_fallback,False
4660,200,10.7067810569,5.51972384777,-0.04428185906,0.02634804188799995,-0.050275905385999985,0.024090320182999996,-0.04631563185711749,0.022781880205554106,-0.8593797722914086,0.5113374803743819,-1,-1,instant_velocity,dbscan_kmeans_fallback,False
4660,201,15.1551716139,5.17891765378,0.0,0.0,0.0,0.0,0.0,0.0,0.0,0.0,-1,-1,instant_velocity,dbscan_kmeans_fallback,False
4660,263,3.42574058937,8.53017856136,0.02637127823600003,0.009021340428999913,0.024443417831800006,0.005450989825400008,0.024194573655973002,0.005491733694471412,0.9461681797218778,0.3236743086918687,-1,-1,instant_velocity,dbscan_kmeans_fallback,False
4660,289,13.8864879331,7.26957749927,-0.01683720876999999,0.009546391988000025,-0.01683720876999999,0.009546391988000025,-0.01546904033652901,0.007900832669444413,-0.8699041026905446,0.49321984835455424,4,4,instant_velocity,dbscan_kmeans_fallback,False
4660,290,13.9172158391,6.23737386551,-0.031317208309999955,0.015489021001000048,-0.031317208309999955,0.015489021001000048,-0.022277900225129984,0.013575828582870014,-0.8963600272981136,0.44332621062025557,4,4,instant_velocity,dbscan_kmeans_fallback,False
4660,362,4.61255334255,8.27338061687,-0.0012206976359999898,-0.0005727835189999197,-0.0012164883336000009,-0.0005536907352000142,-0.001324888029639045,-0.0006054541334772777,-0.905286419294752,-0.42478425914350604,5,5,instant_velocity,dbscan_kmeans_fallback,False
4660,363,5.12798239603,8.21514762574,0.00048406975300006037,0.0015512886990000751,0.00048827905439999595,0.001551288698200004,0.0004286394903779818,0.0015479579562801403,0.29787623872780866,0.9545980511594585,5,5,instant_velocity,dbscan_kmeans_fallback,False
4660,366,10.3233136271,8.97360846923,-0.047880812440000045,-0.025655928469000066,-0.041356394042000026,-0.028796691433400027,-0.04082341540278259,-0.028083579586137615,-0.8814377106344138,-0.47229989846671194,-1,-1,instant_velocity,dbscan_kmeans_fallback,False
4660,367,14.452639078,10.7852750089,0.01763697619000002,-0.027708402740000082,0.020385650518000027,-0.019722845848000006,0.01877539597864629,-0.022300806553338475,0.5369697263273678,-0.8436011522600073,6,6,instant_velocity,dbscan_kmeans_fallback,False
4660,368,14.7115111628,11.2738116189,0.02104651096000012,-0.024796753190000055,0.018941859866000003,-0.020820680926,0.019002894896514966,-0.021781324012945573,0.6470995441798709,-0.7624051186862235,6,6,instant_velocity,dbscan_kmeans_fallback,False
4660,401,12.5752903001,10.6084280973,-0.0289389525799999,0.012935361149999913,-0.029507208369999986,0.005584639313999986,-0.028661997985381465,0.00671317826440784,-0.9129474204234148,0.40807643474626815,7,7,instant_velocity,dbscan_kmeans_fallback,False
4660,402,13.5556367808,10.7979239782,-0.030833138559999897,0.007350721829999962,-0.027819278189999998,0.006042866127999993,-0.02415141685484009,0.005356691519172892,-0.9727383467526836,0.23190402710508393,7,7,instant_velocity,dbscan_kmeans_fallback,False
4670,179,2.79455572561,8.65284969841,-0.029843952545000007,-0.021049794335000094,-0.016462580874799997,-0.00848196928180002,-0.017580982180495724,-0.009735846220224461,-0.8171807646899149,-0.5763809939485618,-1,-1,instant_velocity,dbscan_kmeans_fallback,False
4670,189,9.08156948034,5.75957694648,0.039988370828999996,-0.0015990206589999723,0.03653253372880002,5.727835180000085e-05,0.03792233012758287,-0.000443605342241275,0.9992012220580732,-0.03995520106085885,0,0,instant_velocity,dbscan_kmeans_fallback,False
4670,190,9.44504272466,4.55506093733,0.04689162642400006,0.003412835136000059,0.04635283574380001,0.0011980721946000016,0.04635487426775929,0.001651275020296656,0.9973617026403332,0.07258931544182105,0,0,instant_velocity,dbscan_kmeans_fallback,False
4670,191,7.08636024109,6.07556252131,-0.02736046425099996,0.029450619285000014,-0.03352709196339997,0.016773010724000007,-0.03474047989520675,0.018823240778195215,-0.6806307207747015,0.7326263197627682,-1,-1,instant_velocity,dbscan_kmeans_fallback,False
4670,192,7.67376836206,6.98939089441,-0.03230639432700002,0.01706417567999994,-0.039390649917400024,0.0172741963032,-0.037966585201291515,0.016043526003838706,-0.8842310478759667,0.46704914791607055,-1,-1,instant_velocity,dbscan_kmeans_fallback,False
4670,193,5.41800331709,9.00439558339,0.04811232406000006,0.0025775258370000385,0.0415710684532,0.015255134397799993,0.04170261902775019,0.012874950616347886,0.9985678364265607,0.05349636394984585,-1,-1,instant_velocity,dbscan_kmeans_fallback,False
4670,194,11.9544182267,12.505773505,-0.019425929620000025,0.029379021350000124,-0.01846199941600002,0.030285928583999998,-0.018398589280022103,0.030386881183509636,-0.5515494008705923,0.8341418887399885,1,1,instant_velocity,dbscan_kmeans_fallback,False
4670,195,12.6209612289,12.3864436051,-0.015637557649999856,0.025703660429999962,-0.015801720429999975,0.02719289757800002,-0.016111768062793762,0.027003279135158303,-0.519749140216952,0.8543185392458708,1,1,instant_velocity,dbscan_kmeans_fallback,False
4670,196,11.9754647377,9.43231260427,-0.02104651096000012,0.03711159885500006,-0.016243697160000004,0.02650078416000003,-0.019812486196946498,0.02964838021573925,-0.49330702983824226,0.869854991095792,2,2,instant_velocity,dbscan_kmeans_fallback,False
4670,197,12.0937461293,10.0218023096,-0.030748952520000115,0.031192835825999944,-0.021261185374,0.028510299674399987,-0.024892049616837705,0.028354591114498465,-0.7020213718413961,0.71215555664697,2,2,instant_velocity,dbscan_kmeans_fallback,False
4670,198,10.8671554704,8.85427856937,-0.03748383602000001,0.0007398453790001369,-0.03905390574199998,0.000477319599400019,-0.03787593766285636,0.0010539278187013776,-0.9998050014650132,0.01973386901597898,-1,-1,instant_velocity,dbscan_kmeans_fallback,False
4670,199,13.4318832963,7.22423213733,-0.004209302189999953,-0.022672680972000057,-0.004828069613999979,-0.005584639313200004,-0.007102038381273976,-0.003582188956566329,-0.1825360030176203,-0.983198728795138,-1,-1,instant_velocity,dbscan_kmeans_fallback,False
4670,200,10.2757485124,5.78129498826,-0.04310325445000007,0.026157114049000008,-0.047897649648,0.0248588047382,-0.045351918634982266,0.023794450358587876,-0.8548992349124797,0.5187936983725493,-1,-1,instant_velocity,dbscan_kmeans_fallback,False
4670,201,14.4669507054,5.05958775393,-0.06882209084999999,-0.011932989985000031,-0.06882209084999999,-0.011932989985000031,-0.020646627255,-0.0035798969955000096,-0.9852986566590357,-0.1708398983078303,-1,-1,instant_velocity,dbscan_kmeans_fallback,False
4670,263,3.71092081292,8.64568990442,0.028518022354999985,0.011551134305999966,0.0254831154736,0.007761216686600001,0.025491608265681094,0.007309553877929979,0.9268546427612308,0.3754195269012931,-1,-1,instant_velocity,dbscan_kmeans_fallback,False
4670,290,13.6244588716,6.35145324977,-0.02927569675000008,0.011407938425999919,-0.02927569675000008,0.011407938425999919,-0.024377239182591014,0.012925461535808985,-0.9317574698788853,0.36308040539953224,-1,-1,instant_velocity,dbscan_kmeans_fallback,False
4670,362,4.60034636619,8.26789144147,-0.0012206976359999898,-0.0005489175399999268,-0.001216488333800001,-0.0005536907353999965,-0.0012936309115473285,-0.0005884931554340723,-0.9120254882396885,-0.4101153083758132,3,3,instant_velocity,dbscan_kmeans_fallback,False
4670,363,5.13282309355,8.23066051272,0.00048406975199997147,0.0015512886979999862,0.00048827905439999595,0.001551288698200004,0.00044526856886457867,0.0015489571787960941,0.29787623834199695,0.9545980512798438,3,3,instant_velocity,dbscan_kmeans_fallback,False
4670,366,9.82345899177,8.73494866951,-0.04998546353299993,-0.023865979971999886,-0.04451337068659999,-0.02720721716779998,-0.04357202984184779,-0.026818299701896295,-0.9024157283410316,-0.43086597936190396,-1,-1,instant_velocity,dbscan_kmeans_fallback,False
4670,367,14.6172227937,10.4635615988,0.016458371569999918,-0.032171341009999924,0.01908497613999998,-0.023336155215999986,0.01808028865605238,-0.025261966890336912,0.45544531810398975,-0.8902634490789674,4,4,instant_velocity,dbscan_kmeans_fallback,False
4670,368,14.9219762724,11.0260827468,0.02104651095999994,-0.024772887209999973,0.020343557495999996,-0.021799186105999978,0.019615979715560457,-0.022678792972061892,0.6474616893495245,-0.7620975958217379,4,4,instant_velocity,dbscan_kmeans_fallback,False
4670,401,12.2859007744,10.7377817087,-0.028938952570000075,0.01293536114000009,-0.03066476647200002,0.007217072344000002,-0.028745084360767045,0.008579833127085514,-0.9129474204884092,0.40807643460086224,5,5,instant_velocity,dbscan_kmeans_fallback,False
4670,402,13.2441484185,10.8838415061,-0.031148836230000043,0.008591752789999952,-0.02910732466199999,0.006720659960000006,-0.026250642667388076,0.006327209900421011,-0.9640004880777248,0.2658993042900947,5,5,instant_velocity,dbscan_kmeans_fallback,False
4680,179,2.48538247957,8.42922546608,-0.030917324603999985,-0.022362423232999973,-0.022397696966399996,-0.013169247748199987,-0.021581884907547005,-0.013523819324057116,-0.8102652788587787,-0.5860628411069084,-1,-1,instant_velocity,dbscan_kmeans_fallback,False
4680,189,9.51070783887,5.70062797596,0.04291383585299986,-0.005894897052000037,0.03849827785279999,-0.0014653711702000117,0.03941978184520797,-0.0020789928551689036,0.9906965327776175,-0.13608790625248174,0,0,instant_velocity,dbscan_kmeans_fallback,False
4680,190,9.90238340788,4.57272176251,0.045734068322,0.0017660825179999229,0.046462277601,0.0022529485093999925,0.046168632484031503,0.0016857172696076363,0.9992550035243666,0.038587575028819564,0,0,instant_velocity,dbscan_kmeans_fallback,False
4680,191,6.81275559858,6.36983005435,-0.027360464251000048,0.02942675330400002,-0.0325926268766,0.0209972891788,-0.03252647520194474,0.022004294535936657,-0.6809268415595277,0.7323511034324551,1,1,instant_velocity,dbscan_kmeans_fallback,False
4680,192,7.37532883661,7.17411357939,-0.029843952545000007,0.018472268498000054,-0.0360737197898,0.017589227238999996,-0.03552979540440406,0.01677214875208711,-0.8502975362628922,0.5263017480460237,1,1,instant_velocity,dbscan_kmeans_fallback,False
4680,193,5.89912655769,9.02993218196,0.04811232405999997,0.002553659856999957,0.044180835812599996,0.012438948761199988,0.04362553053742512,0.009778563388543505,0.9985941757326876,0.05300242525849263,-1,-1,instant_velocity,dbscan_kmeans_fallback,False
4680,194,11.8674961365,12.7081570151,-0.008692209019999985,0.020238351009999888,-0.016719348308000016,0.02807593883799999,-0.015486675202015467,0.02734232213145671,-0.39463357134478055,0.9188380903897679,2,2,instant_velocity,dbscan_kmeans_fallback,False
4680,195,12.4643751874,12.6434802094,-0.015658604150000068,0.025703660429999962,-0.015738580896000016,0.026572382099999993,-0.015975818888955655,0.026613393523610803,-0.5202594194166601,0.8540078875545687,2,2,instant_velocity,dbscan_kmeans_fallback,False
4680,196,11.7786798602,9.7411383851,-0.019678487749999897,0.030882578082999858,-0.016159511115999975,0.028114124406199998,-0.01977228666286252,0.030018639575917435,-0.5373794037616564,0.8433402814129022,3,3,instant_velocity,dbscan_kmeans_fallback,False
4680,197,11.786046139,10.3339693276,-0.030769999029999974,0.031216701800000024,-0.024784371309999997,0.029684505888600013,-0.026655434440786385,0.02921322432014893,-0.7019926781594776,0.7121838411019222,3,3,instant_velocity,dbscan_kmeans_fallback,False
4680,198,10.48242525,8.85427856937,-0.038473022039999985,0.0,-0.03849827785199999,0.000477319599400019,-0.03805506297599945,0.0007377494730909643,-0.9999997400776733,0.0,-1,-1,instant_velocity,dbscan_kmeans_fallback,False
4680,199,13.4548239933,7.06433007152,0.002294069699999923,-0.015990206580999988,-0.0004798604480000179,-0.01459166015440001,-0.004283205956891805,-0.007304594243896427,0.14201301140831338,-0.9898641656828975,-1,-1,instant_velocity,dbscan_kmeans_fallback,False
4680,200,9.87165550188,6.03904757195,-0.040409301052000045,0.02577525836900003,-0.04498060322840001,0.02554614496140001,-0.043869133360087596,0.024388692761711524,-0.8430914835451429,0.5377697770400816,-1,-1,instant_velocity,dbscan_kmeans_fallback,False
4680,201,13.7789402621,4.94025785407,-0.06880104432999996,-0.011932989985999943,-0.06880104432999996,-0.011932989985999943,-0.03509295237749999,-0.00608582489264999,-0.9852898584418103,-0.1708906329633533,-1,-1,instant_velocity,dbscan_kmeans_fallback,False
4680,263,3.99610103646,8.76120124748,0.028518022353999983,0.011551134306000143,0.0263754875382,0.009030886821199999,0.02639953249217676,0.008582028006351028,0.9268546427566481,0.375419526912607,-1,-1,instant_velocity,dbscan_kmeans_fallback,False
4680,290,13.331491439,6.46553263404,-0.029296743259999935,0.011407938427000008,-0.03241162688199999,0.01766559837479999,-0.02585309040581369,0.012470204603166292,-0.9318456917039936,0.3628539247547891,-1,-1,instant_velocity,dbscan_kmeans_fallback,False
4680,362,4.58834985495,8.26240226608,-0.0011996511240000452,-0.0005489175390000156,-0.0012164883336000009,-0.0005536907353999965,-0.0012654369752831435,-0.0005766204705038553,-0.9093226160287556,-0.41607357552689783,4,4,instant_velocity,dbscan_kmeans_fallback,False
4680,363,5.13787425618,8.2464120595,0.000505116263000005,0.001575154678000068,0.0004924883566000027,0.0015560618942000203,0.0004632228771052066,0.0015568164285572864,0.3053588180225823,0.9522310127576256,4,4,instant_velocity,dbscan_kmeans_fallback,False
4680,366,9.32360435641,8.4962888698,-0.049985463536000016,-0.023865979970999974,-0.04767034732980001,-0.02561774290119999,-0.04549605995009346,-0.0259326037826274,-0.9024157283581056,-0.43086597932614384,-1,-1,instant_velocity,dbscan_kmeans_fallback,False
4680,367,14.8114820899,10.1633275708,0.019425929620000025,-0.030023402800000022,0.01844937151,-0.026381454260000013,0.01848398094523667,-0.026690397663235846,0.5432318468909182,-0.839582396932104,-1,-1,instant_velocity,dbscan_kmeans_fallback,False
4680,401,11.9937752022,10.9296641877,-0.02921255721999998,0.01918824790000002,-0.03097204553400001,0.010310103348000012,-0.028885326218536928,0.011762357558959867,-0.8358178295462028,0.5490063602371785,5,5,instant_velocity,dbscan_kmeans_fallback,False
4680,402,12.9326600563,10.969759034,-0.03114883622000004,0.008591752790000129,-0.030399580434000022,0.007403226986,-0.027720100733171667,0.007006572767294746,-0.9640004880558419,0.2658993043694284,5,5,instant_velocity,dbscan_kmeans_fallback,False
4690,179,2.17641969864,8.20536257395,-0.030896278092999996,-0.022386289213000055,-0.0264259991646,-0.016835062271800004,-0.024376202863182903,-0.016182560290739997,-0.8097784974553658,-0.586735256199406,-1,-1,instant_velocity,dbscan_kmeans_fallback,False
4690,189,9.96931131274,5.59824292188,0.04586034738700011,-0.010238505407999999,0.04105753358580001,-0.0038519691674,0.04135195150774561,-0.004526846621018233,0.9759731390598312,-0.21788989468403724,-1,-1,instant_velocity,dbscan_kmeans_fallback,False
4690,190,10.3584613004,4.58871196909,0.04560778925199997,0.001599020658000061,0.04641176597379999,0.0027207217167999963,0.04600037951442204,0.0016597082861253636,0.9993857363563267,0.03503871737598622,-1,-1,instant_velocity,dbscan_kmeans_fallback,False
4690,191,6.54841142089,6.67579191758,-0.026434417768999997,0.03059618632299994,-0.031035185065399987,0.024791979994200002,-0.030698857972061316,0.024581862072055642,-0.6537675687551096,0.7566950980484071,0,0,instant_velocity,dbscan_kmeans_fallback,False
4690,192,7.08783349686,7.36504141916,-0.028749533974999953,0.019092783976999962,-0.0325252780416,0.017827887038599995,-0.03349571697558283,0.017468339319560967,-0.8330326460434151,0.5532233103509158,0,0,instant_velocity,dbscan_kmeans_fallback,False
4690,193,6.35604631069,9.07074300771,0.04569197530000002,0.004081082575000039,0.045178440432200005,0.009260000228999985,0.04424546396619759,0.008069319144480466,0.9960347034383925,0.08896310228675434,1,1,instant_velocity,dbscan_kmeans_fallback,False
4690,194,11.7805740462,12.9105405253,-0.008692209029999986,0.020238351020000066,-0.014972487898000004,0.025870722288000005,-0.013448335350410822,0.025211130798019718,-0.3946335715634552,0.9188380902958491,2,2,instant_velocity,dbscan_kmeans_fallback,False
4690,195,12.398499608,12.8876291845,-0.006587557940000011,0.024414897509999988,-0.013861232120000011,0.025694114036000002,-0.013159340604268962,0.02595384471952756,-0.26050119919584025,0.9654731142445968,2,2,instant_velocity,dbscan_kmeans_fallback,False
4690,196,11.5953647497,9.98743529841,-0.01833151105000006,0.024629691331000104,-0.018179976169999997,0.029927938884000013,-0.01934005397900378,0.028401955102442235,-0.5970616868284812,0.8021949206501279,3,3,instant_velocity,dbscan_kmeans_fallback,False
4690,197,11.4585624285,10.5991203651,-0.032748371049999926,0.0265151037499999,-0.027878208419999984,0.0294888048532,-0.028483315423550447,0.02840378814910422,-0.7771922513800751,0.6292628463130456,3,3,instant_velocity,dbscan_kmeans_fallback,False
4690,198,10.0974845645,8.85427856937,-0.03849406855000002,0.0,-0.037946859266,0.000477319599400019,-0.03818676464819962,0.000516424631163675,-0.999999740219785,0.0,-1,-1,instant_velocity,dbscan_kmeans_fallback,False
4690,199,13.5749995708,7.00466512159,0.012017557749999953,-0.005966494992999926,0.003182232455999987,-0.016677546804,0.0006070231551757225,-0.006903164468627477,0.8956835592391629,-0.4446903091863935,-1,-1,instant_velocity,dbscan_kmeans_fallback,False
4690,200,9.46756249139,6.29680015564,-0.04040930104899996,0.025775258368999944,-0.04249290563420001,0.026075969716599996,-0.04283118366676131,0.02480466244389805,-0.8430914835270419,0.5377697770684593,-1,-1,instant_velocity,dbscan_kmeans_fallback,False
4690,201,13.0909298187,4.82092795421,-0.06880104434000014,-0.011932989986000031,-0.06880104434000014,-0.011932989986000031,-0.04520537996625004,-0.007839974420655003,-0.9852898584459922,-0.17089063293924106,-1,-1,instant_velocity,dbscan_kmeans_fallback,False
4690,263,4.33053009565,8.84186825978,0.03344290591900005,0.008066701229999928,0.028214952596400007,0.009341144560799996,0.028512544520223747,0.008427429973445697,0.9721198663702966,0.23448322764623883,1,1,instant_velocity,dbscan_kmeans_fallback,False
4690,362,4.57614287859,8.25691309069,-0.0012206976359999898,-0.0005489175390000156,-0.0012164883336000009,-0.0005536907351999787,-0.0012520151734981973,-0.0005683095910527034,-0.9120254885191208,-0.4101153077543987,4,4,instant_velocity,dbscan_kmeans_fallback,False
4690,363,5.1427149537,8.26192494648,0.00048406975199997147,0.0015512886979999862,0.00048827905439999595,0.0015560618942000203,0.00046947693957363605,0.0015551581093900962,0.29787623834199695,0.9545980512798438,4,4,instant_velocity,dbscan_kmeans_fallback,False
4690,366,8.88520553306,8.17815535678,-0.04383988233499991,-0.031813351302000116,-0.0476324636108,-0.026410093436400005,-0.044999206665565394,-0.027696828038439213,-0.8093519621726148,-0.5873236178602658,-1,-1,instant_velocity,dbscan_kmeans_fallback,False
4690,367,15.0745634769,9.9127347811,0.026308138699999973,-0.025059278970000064,0.019838441232000008,-0.02719289758000002,0.020831228271665662,-0.026201062055265113,0.724084002443626,-0.6897113939477996,-1,-1,instant_velocity,dbscan_kmeans_fallback,False
4690,401,11.7010182347,11.1370595536,-0.02927569675000008,0.020739536590000007,-0.029940766496000002,0.014023649830000018,-0.029002437377975875,0.014455511268271909,-0.8159902712398489,0.5780651518554492,3,3,instant_velocity,dbscan_kmeans_fallback,False
4690,402,12.6100170432,11.0361064583,-0.03226430131000004,0.006634742429999996,-0.031199347852000018,0.007532103278000015,-0.02908336090622018,0.00689502366610632,-0.979504135577313,0.2014225439514177,-1,-1,instant_velocity,dbscan_kmeans_fallback,False
4700,179,1.81778715184,8.04760844634,-0.035863254680000026,-0.015775412760999964,-0.029553510693600002,-0.018152464366200008,-0.02782231840822804,-0.016060416031817987,-0.9153563742301053,-0.40264400863051425,-1,-1,instant_velocity,dbscan_kmeans_fallback,False
4700,189,10.4277043215,5.4960965276,0.04583930087599999,-0.010214639428000005,0.042918045154799994,-0.005909216640999997,0.04269815631822192,-0.006233184463112764,0.9760598523214964,-0.21750112373182046,-1,-1,instant_velocity,dbscan_kmeans_fallback,False
4700,190,10.8143287279,4.60446351587,0.045586742749999944,0.0015751546779999791,0.04614657993679998,0.0023531856251999984,0.04587628848509541,0.0016343422036877483,0.9994033630564781,0.03453229574133864,-1,-1,instant_velocity,dbscan_kmeans_fallback,False
4700,191,6.36699049639,7.08748007209,-0.018142092450000025,0.04116881545100002,-0.027158417746200012,0.02970359867239999,-0.026931828315442927,0.029557948085738955,-0.4032564165532927,0.9150867816525802,-1,-1,instant_velocity,dbscan_kmeans_fallback,False
4700,192,6.800127692,7.55596925893,-0.028770580485999987,0.01909278397700005,-0.030399580434399987,0.018152464366200008,-0.03207817602870798,0.017955672716792694,-0.8332191473744182,0.5529423778592557,-1,-1,instant_velocity,dbscan_kmeans_fallback,False
4700,193,6.77697652994,9.13422651443,0.042093021924999974,0.006348350672000081,0.045334184613200004,0.006462907376200029,0.04359973135383831,0.00755302860273635,0.9888172663481597,0.1491306271260691,0,0,instant_velocity,dbscan_kmeans_fallback,False
4700,194,11.6936519559,13.1126853757,-0.008692209029999986,0.020214485039999987,-0.012985697264000002,0.023889845952000003,-0.012021497454287572,0.023712137070613797,-0.3950268217978851,0.9186690922954142,1,1,instant_velocity,dbscan_kmeans_fallback,False
4700,195,12.371560074,13.1262889842,-0.0026939534000000264,0.023865979970000062,-0.011247255458000005,0.025078371754000024,-0.01001972444298828,0.02532748529466931,-0.11216602163537778,0.9936890614605632,1,1,instant_velocity,dbscan_kmeans_fallback,False
4700,196,11.4120496392,10.2339708715,-0.01833151105000006,0.024653557309000006,-0.019686906354000014,0.030882578082599997,-0.019037491100302666,0.027277435764409566,-0.5966895491783102,0.8024717633055568,2,2,instant_velocity,dbscan_kmeans_fallback,False
4700,197,11.131289183,10.8642714026,-0.03272732455000007,0.02651510375000008,-0.03061425484600001,0.02910694917400001,-0.029756518161485335,0.02783718282937298,-0.7769943557938622,0.6295071852134851,2,2,instant_velocity,dbscan_kmeans_fallback,False
4700,198,9.71275434411,8.85427856937,-0.03847302203900007,0.0,-0.03803525461180001,0.00032935052360002717,-0.03827264186543975,0.00036149724181457245,-0.9999997400776733,0.0,-1,-1,instant_velocity,dbscan_kmeans_fallback,False
4700,199,13.6951751484,6.94500017166,0.01201755776000013,-0.005966494993000016,0.004647069620000011,-0.014162072514999995,0.004030183536623045,-0.006622163625939238,0.8956835593865485,-0.444690308889534,-1,-1,instant_velocity,dbscan_kmeans_fallback,False
4700,200,9.07294041085,6.42639242688,-0.039462208053999956,0.012959227123999995,-0.04153318473300001,0.023402979959799987,-0.041820490982932904,0.02125103184792863,-0.9500809653448528,0.31200268873056936,-1,-1,instant_velocity,dbscan_kmeans_fallback,False
4700,201,12.5437205337,4.52260320457,-0.05472092849999992,-0.02983247496399999,-0.05472092849999992,-0.02983247496399999,-0.04806004452637501,-0.0144377245836585,-0.8779986392514588,-0.47866279213254287,-1,-1,instant_velocity,dbscan_kmeans_fallback,False
4700,263,4.73862194322,8.87098475535,0.040809184756999975,0.00291164955699994,0.0315318827242,0.008620391965599978,0.032201536591256616,0.0067726958485119695,0.9974641714066655,0.07116697209447104,0,0,instant_velocity,dbscan_kmeans_fallback,False
4700,362,4.56393590223,8.25142391529,-0.0012206976359999898,-0.0005489175400001045,-0.0012164883336000009,-0.0005536907353999965,-0.001242619912248735,-0.0005624919757369238,-0.9120254882396389,-0.4101153083759237,3,3,instant_velocity,dbscan_kmeans_fallback,False
4700,363,5.14755565122,8.27743783346,0.0004840697520000603,0.0015512886979999862,0.00048827905440001373,0.0015560618942000203,0.0004738547833015633,0.0015539972859730633,0.29787623834204674,0.9545980512798282,3,3,instant_velocity,dbscan_kmeans_fallback,False
4700,366,8.4465962446,7.85978318396,-0.043860928846000034,-0.03183721728199993,-0.04711051013799999,-0.027407691399199994,-0.044657723319695794,-0.02893894481150743,-0.8092765878588379,-0.5874274723948766,-1,-1,instant_velocity,dbscan_kmeans_fallback,False
4700,367,15.337644864,9.6621419914,0.026308138709999974,-0.025059278969999887,0.021227510957999983,-0.028004340897999996,0.022474301403165954,-0.025858527129685546,0.7240840025745569,-0.6897113938103436,-1,-1,instant_velocity,dbscan_kmeans_fallback,False
4700,401,11.4718217304,11.3134291456,-0.022919650429999903,0.017636959200000035,-0.027857161909999987,0.016687093196000015,-0.027177601293583084,0.015409945647790347,-0.7925157712922073,0.6098508511867071,2,2,instant_velocity,dbscan_kmeans_fallback,False
4700,402,12.2863217046,11.1005446043,-0.032369533859999855,0.006443814599999875,-0.03155292923599998,0.007522556887999982,-0.030069212792354083,0.006759660946274388,-0.9807553240300274,0.19523931062294042,-1,-1,instant_velocity,dbscan_kmeans_fallback,False
4710,179,1.43810809407,7.91777751529,-0.037967905777,-0.012983093104999987,-0.033097743139800004,-0.018911402529400014,-0.03086599461885963,-0.015137219153772587,-0.9462089795784444,-0.3235553562212996,-1,-1,instant_velocity,dbscan_kmeans_fallback,False
4710,189,10.8804147723,5.52879292016,0.045271045079999975,0.003269639256000012,0.043974580004999986,-0.0049354846582,0.04347002294675534,-0.003382337347378931,0.9974018131487732,0.07203598053709476,-1,-1,instant_velocity,dbscan_kmeans_fallback,False
4710,190,11.0765682545,4.70589393075,0.026223952660000015,0.010143041488000026,0.0420088358816,0.0036992268956000094,0.03998058773756679,0.004186951988981432,0.9326655050605346,0.36074138154943935,-1,-1,instant_velocity,dbscan_kmeans_fallback,False
4710,191,6.18556957189,7.4989295668,-0.018142092449999935,0.041144949471000024,-0.023487906234199992,0.0343574647668,-0.024294907555810027,0.033034048501317276,-0.40345225918321315,0.9150004534374518,-1,-1,instant_velocity,dbscan_kmeans_fallback,False
4710,192,6.61554979086,7.7430785419,-0.018457790113999995,0.018710928296999985,-0.02762565028939999,0.018486588085799997,-0.027992060254295584,0.01818224939085488,-0.7022744646758317,0.7119057629437914,-1,-1,instant_velocity,dbscan_kmeans_fallback,False
4710,193,7.19790674919,9.19794868096,0.042093021925000064,0.0063722166529998955,0.04522053345400002,0.004386567118800002,0.04314771852518684,0.007198785017815413,0.9887344474923762,0.14967873114293065,0,0,instant_velocity,dbscan_kmeans_fallback,False
4710,194,11.6067298656,13.3150688858,-0.008692209029999986,0.020238351010000065,-0.010838953145999995,0.022061711886000025,-0.011022710927001295,0.022670001252429677,-0.39463357172808067,0.9188380902251435,1,1,instant_velocity,dbscan_kmeans_fallback,False
4710,195,12.34462054,13.364948784,-0.0026939534000000264,0.023865979979999886,-0.008654325307999998,0.024710835663999973,-0.007821993130091803,0.024889033700268483,-0.11216602158897161,0.9936890614658016,1,1,instant_velocity,dbscan_kmeans_fallback,False
4710,196,11.208108948,10.452583248,-0.02039406911999997,0.02186123764999994,-0.01955641798600002,0.027827732645599994,-0.019444464506211855,0.025652576330086677,-0.6821436628900077,0.7312177201192073,1,1,instant_velocity,dbscan_kmeans_fallback,False
4710,197,10.8038054724,11.1196373882,-0.03274837105999993,0.025536598559999922,-0.031948603642,0.028195268737199974,-0.030654074031039716,0.027147007548561062,-0.7885853814713649,0.614924885272101,1,1,instant_velocity,dbscan_kmeans_fallback,False
4710,198,9.33938923963,8.82301413561,-0.037336510447999946,-0.0031264433760000545,-0.0380520918194,-0.00047731959939998345,-0.03799180244020781,-0.0006848849435298157,-0.9965121306948683,-0.08344482954436268,-1,-1,instant_velocity,dbscan_kmeans_fallback,False
4710,200,8.6806334465,6.52400428497,-0.03923069643500003,0.00976118580900005,-0.040522952208000014,0.020085608744000005,-0.04104355261855304,0.017804078036250056,-0.9704122297889437,0.24145312082313852,-1,-1,instant_velocity,dbscan_kmeans_fallback,False
4710,201,11.9965112487,4.22427845493,-0.0547209285000001,-0.02983247496399999,-0.06317320730400003,-0.019092783976999997,-0.050058309718462535,-0.019056149697760948,-0.8779986392514596,-0.4786627921325417,-1,-1,instant_velocity,dbscan_kmeans_fallback,False
4710,263,5.14692425589,8.89986259111,0.04083023126700001,0.002887783576000125,0.0344236733304,0.00739368059500002,0.03479014499397963,0.005607222166758416,0.9975079745877039,0.07055035096682595,0,0,instant_velocity,dbscan_kmeans_fallback,False
4710,362,4.55172892587,8.2459347399,-0.0012206976359999898,-0.0005489175390000156,-0.0012164883336000009,-0.0005489175394000157,-0.0012360432293741115,-0.0005584196447158513,-0.9120254885191208,-0.4101153077543987,2,2,instant_velocity,dbscan_kmeans_fallback,False
4710,363,5.15239634874,8.29295072044,0.00048406975199997147,0.0015512886979999862,0.00048827905419999594,0.0015560618940000026,0.0004769192739110858,0.0015531847095811401,0.29787623834199695,0.9545980512798438,2,2,instant_velocity,dbscan_kmeans_fallback,False
4710,366,7.91117300571,7.61062235306,-0.053542323889,-0.02491608309000002,-0.04824281242779998,-0.027259722323399984,-0.04732310349048706,-0.027732086295055206,-0.9066388588016018,-0.4219071474251883,-1,-1,instant_velocity,dbscan_kmeans_fallback,False
4710,401,11.3063961542,11.458295644,-0.016542557620000054,0.014486649839999899,-0.025377882918000017,0.01699735093400001,-0.023987088191508174,0.015132956905453212,-0.7523078269592177,0.6588110684815246,1,1,instant_velocity,dbscan_kmeans_fallback,False
4710,402,11.9891449698,11.1921899674,-0.029717673480000074,0.00916453630999996,-0.03132983622000001,0.007885319783999983,-0.029963750998647884,0.00748112355539206,-0.9555919866602399,0.2946918931990616,1,1,instant_velocity,dbscan_kmeans_fallback,False
4720,179,1.0582185712,7.78818524405,-0.037988952286999986,-0.012959227123999995,-0.0347267430882,-0.017293289087199994,-0.03300288191930174,-0.01448382154484081,-0.9464456532547056,-0.3228623966354421,-1,-1,instant_velocity,dbscan_kmeans_fallback,False
4720,189,11.3301787116,5.61924498425,0.04497639393000004,0.009045206408999995,0.044972184625199994,-0.0028066392446000066,0.04392193424172875,0.0003459257795347475,0.9803706161338621,0.19716241800200002,-1,-1,instant_velocity,dbscan_kmeans_fallback,False
4720,190,11.3169194097,4.81663207782,0.024035115520000084,0.011073814706999929,0.0374375337008,0.0052314228097999835,0.03519694607229677,0.006253010804386981,0.9082365575721371,0.418456210052669,-1,-1,instant_velocity,dbscan_kmeans_fallback,False
4720,191,6.01719748419,7.89725277252,-0.016837208770000077,0.039832320571999966,-0.021383255138000018,0.036433805024199996,-0.02205759792006704,0.03507353012252208,-0.3893471130535822,0.9210908549501183,-1,-1,instant_velocity,dbscan_kmeans_fallback,False
4720,192,6.47538002785,7.92875586608,-0.014016976301000027,0.018567732418000027,-0.023967766684199993,0.018787299433400014,-0.023799535068306916,0.018297894298998425,-0.6025050473100072,0.7981145333140447,-1,-1,instant_velocity,dbscan_kmeans_fallback,False
4720,193,7.60052650391,9.31680126121,0.040261975471999986,0.011885258024999956,0.043650463736400004,0.0062481135563999856,0.04228199560923078,0.008604726919970777,0.9590842907815254,0.2831198452144971,0,0,instant_velocity,dbscan_kmeans_fallback,False
4720,194,11.5198077754,13.517452396,-0.008692209019999985,0.02023835101999989,-0.008692209025999986,0.02023357781999998,-0.010323560354900903,0.02194050618270074,-0.394633571180155,0.9188380904604734,1,1,instant_velocity,dbscan_kmeans_fallback,False
4720,195,12.3176810059,13.6036085837,-0.00269395340999985,0.023865979970000062,-0.006065604459999996,0.02434329957199999,-0.006283581214064217,0.024582117581187956,-0.11216602204649433,0.9936890614141571,1,1,instant_velocity,dbscan_kmeans_fallback,False
4720,196,10.9736508159,10.6299074792,-0.023445813210000034,0.017732423120000007,-0.020036278436000005,0.023951897498599984,-0.020644869117348308,0.023276530367060677,-0.7975755748346607,0.6032184696034867,2,2,instant_velocity,dbscan_kmeans_fallback,False
4720,197,10.4765322269,11.3516147136,-0.03272732455000007,0.02319773254000008,-0.03234427804799999,0.026596248080000003,-0.03127604918672782,0.02596222504599277,-0.8158375440766488,0.578280730362378,2,2,instant_velocity,dbscan_kmeans_fallback,False
4720,198,8.97107529779,8.77814609326,-0.036831394184000034,-0.004486804235000008,-0.03792160345220001,-0.0015226495222000124,-0.03764367996334548,-0.0018254607309708733,-0.992661241602323,-0.12092609474654321,-1,-1,instant_velocity,dbscan_kmeans_fallback,False
4720,200,8.25717764594,6.53665325435,-0.042345580055999935,0.0012648969379999819,-0.040371417329199986,0.0151071653218,-0.041434160849787106,0.012842323706775034,-0.999553929629097,0.0298574893361167,-1,-1,instant_velocity,dbscan_kmeans_fallback,False
4720,201,11.3019763869,4.10494855507,-0.06945348617999994,-0.011932989986000031,-0.06329948637,-0.019092783977199997,-0.05587686265692376,-0.016919201784232674,-0.9855590018441991,-0.16933153894016706,-1,-1,instant_velocity,dbscan_kmeans_fallback,False
4720,263,5.54764982462,8.93399094247,0.04007255687299995,0.00341283513599997,0.036734580233999996,0.005766020761000021,0.03637486855768573,0.004948906057530882,0.9963927054486422,0.08485917295435662,0,0,instant_velocity,dbscan_kmeans_fallback,False
4720,291,14.8838820876,9.01752187237,0.0,0.0,0.0,0.0,0.0,0.0,0.0,0.0,-1,-1,instant_velocity,dbscan_kmeans_fallback,False
4720,362,4.53952194951,8.24044556451,-0.0012206976359999898,-0.0005489175389998379,-0.0012164883336000009,-0.0005489175391999979,-0.001231439551361875,-0.0005555690130010473,-0.9120254885191704,-0.4101153077542882,3,3,instant_velocity,dbscan_kmeans_fallback,False
4720,363,5.14545100012,8.33710278339,-0.0006945348620000403,0.004415206294999941,0.0002525581313999936,0.0021288454133999934,0.00012548303313774788,0.0024117911852067804,-0.15539398010435782,0.9878503106181247,3,3,instant_velocity,dbscan_kmeans_fallback,False
4720,366,7.31092651306,7.40728420371,-0.06002464926500002,-0.020333814935000038,-0.050250649574199995,-0.026553289316000015,-0.051133567222840945,-0.025512604887038656,-0.9471305916026441,-0.3208478250976626,-1,-1,instant_velocity,dbscan_kmeans_fallback,False
4720,401,11.1411810431,11.6031621425,-0.01652151111000002,0.014486649850000078,-0.022894394626000007,0.017307608676000008,-0.021747415067055725,0.014939064788817272,-0.751891949995873,0.6592856629216629,2,2,instant_velocity,dbscan_kmeans_fallback,False
4720,402,11.7544763726,11.3482734764,-0.023466859720000066,0.015608350900000012,-0.029793440918000017,0.009288639405999994,-0.028014683615053538,0.009919291758774446,-0.8326427040280522,0.5538099112476671,2,2,instant_velocity,dbscan_kmeans_fallback,False
4730,179,0.678539513433,7.658354313,-0.037967905776700006,-0.012983093104999987,-0.03613685932274,-0.015417423061599997,-0.03449238907652122,-0.014033603012888564,-0.9462089795776618,-0.3235553562235885,-1,-1,instant_velocity,dbscan_kmeans_fallback,False
4730,189,11.780153116,5.70969704834,0.04499744043999989,0.009045206408999995,0.0453889055426,0.00018138144759999975,0.0442445861012101,0.002955709968374322,0.9803884376082834,0.197073782251868,0,0,instant_velocity,dbscan_kmeans_fallback,False
4730,190,11.5667414948,4.92546094649,0.024982208509999992,0.010882886867000074,0.033287161738400003,0.007054783679600014,0.03213252480360774,0.007641973623170909,0.916786927976824,0.3993757563236479,0,0,instant_velocity,dbscan_kmeans_fallback,False
4730,191,5.90102074368,8.2428321625,-0.011617674050999938,0.03455793899799993,-0.018234697097999995,0.037460042162999974,-0.01892562075934691,0.03491885278516543,-0.3186547452272267,0.9478705633024621,-1,-1,instant_velocity,dbscan_kmeans_fallback,False
4730,192,6.33499979973,8.11443319026,-0.014038022811999973,0.018567732417999937,-0.020806580737599986,0.018806392217399992,-0.020871081391414834,0.01837884573469888,-0.6030808349019008,0.7976795392660537,1,1,instant_velocity,dbscan_kmeans_fallback,False
4730,193,7.97536486415,9.51799147237,0.037483836024,0.020119021116000013,0.04152476612920001,0.009761185808199997,0.04084254773366155,0.012059015178779548,0.8811038089959863,0.47292241186916273,-1,-1,instant_velocity,dbscan_kmeans_fallback,False
4730,196,10.7391926838,10.8072317104,-0.023445813209999854,0.017732423120000007,-0.020789743527999994,0.021321866506000015,-0.02148515234514377,0.021613298192942478,-0.7975755748346585,0.6032184696034897,2,2,instant_velocity,dbscan_kmeans_fallback,False
4730,197,10.1490485164,11.5835920389,-0.032748371049999926,0.02319773253000008,-0.03273995245199998,0.024992454226000015,-0.03171774574570945,0.025132877291194962,-0.8160128806213705,0.578033286504169,2,2,instant_velocity,dbscan_kmeans_fallback,False
4730,198,8.60276135594,8.73351671071,-0.03683139418499994,-0.004462938255000104,-0.0375932778812,-0.002415237173200033,-0.03739999422984182,-0.002616703988179643,-0.9927382569629994,-0.12029220294915373,-1,-1,instant_velocity,dbscan_kmeans_fallback,False
4730,200,7.81288579952,6.4925011914,-0.044429184642000054,-0.004415206295000029,-0.041175394047199984,0.009069072388999988,-0.04233266798745099,0.007665064706242514,-0.9950982310982659,-0.09888914256452747,-1,-1,instant_velocity,dbscan_kmeans_fallback,False
4730,201,10.6074415251,3.98561865521,-0.06945348617999994,-0.011932989985999986,-0.06342997474,-0.019092783977200004,-0.05994984971384661,-0.015423338244762868,-0.9855590018441991,-0.16933153894016642,-1,-1,instant_velocity,dbscan_kmeans_fallback,False
4730,263,5.88144748849,9.01632857337,0.03337976638700004,0.008233763089999967,0.0377069290406,0.005102546517799986,0.03547633790648003,0.005934363167271608,0.9708983346324639,0.23949079748360935,-1,-1,instant_velocity,dbscan_kmeans_fallback,False
4730,291,14.6338495374,9.05499146093,-0.025003255020000024,0.003746958855999871,-0.025003255020000024,0.003746958855999871,-0.007500976506000009,0.0011240876567999616,-0.9889564313041498,0.14820386607699804,-1,-1,instant_velocity,dbscan_kmeans_fallback,False
4730,362,4.52752543826,8.23495638911,-0.0011996511250000452,-0.0005489175400001045,-0.001216488333800001,-0.0005489175394000157,-0.001221903023453326,-0.0005535735711007645,-0.9093226158731742,-0.4160735758669371,-1,-1,instant_velocity,dbscan_kmeans_fallback,False
4730,363,5.09094053673,8.4962888698,-0.005451046338999977,0.015918608641000098,-0.0009386743890000027,0.0049975362059999995,-0.0015474757785035697,0.006463836421944776,-0.3239644854841942,0.9460686145904119,1,1,instant_velocity,dbscan_kmeans_fallback,False
4730,366,6.71068002041,7.20394605435,-0.06002464926500002,-0.02033381493599995,-0.05225848672,-0.02584685630900001,-0.05380089183548867,-0.02395896790172704,-0.9471305915978496,-0.32084782511181603,-1,-1,instant_velocity,dbscan_kmeans_fallback,False
4730,401,10.9534461654,11.7561430741,-0.018773487769999875,0.015298093160000015,-0.020806580735999988,0.016529577728000008,-0.02085523687793897,0.015046773300172095,-0.7752108608191057,0.6317019039160972,2,2,instant_velocity,dbscan_kmeans_fallback,False
4730,402,11.5198077754,11.5043569854,-0.02346685971999989,0.015608350900000012,-0.028257045617999986,0.010691959027999971,-0.026650336446537443,0.011626009501142117,-0.8326427040280503,0.5538099112476701,2,2,instant_velocity,dbscan_kmeans_fallback,False
4740,179,0.298860455668,7.52876204176,-0.0379679057765,-0.012959227123999995,-0.03755118485944,-0.013532010643799986,-0.03553504408651485,-0.013711290246221993,-0.946390954439533,-0.3230226970872877,-1,-1,instant_velocity,dbscan_kmeans_fallback,False
4740,189,12.1524658949,5.69680941916,0.037231277890000136,-0.0012887629179999748,0.04366309164320001,0.0019713299456000045,0.04214059363784711,0.0016823681024620328,0.9994011683871152,-0.034594331406741785,0,0,instant_velocity,dbscan_kmeans_fallback,False
4740,190,11.8986449727,5.01734496938,0.03319034778999992,0.009188402288999952,0.03080367344599999,0.008572660005799992,0.032449871699525394,0.008105902222919622,0.963750433435817,0.26680427528615475,0,0,instant_velocity,dbscan_kmeans_fallback,False
4740,191,5.78484400317,8.58841155249,-0.011617674051000027,0.03455793899900002,-0.015271348354400001,0.038252392698199994,-0.016733236746842843,0.03481057864931581,-0.31865474521894355,0.9478705633052467,1,1,instant_velocity,dbscan_kmeans_fallback,False
4740,192,6.15863003786,8.43686257967,-0.01763697618700002,0.032242938941000075,-0.01858406918,0.021436423210200017,-0.01990084983009039,0.022538073696589236,-0.4798984828499922,0.8773237156047227,1,1,instant_velocity,dbscan_kmeans_fallback,False
4740,193,8.35020322439,9.71942034333,0.037483836024,0.020142887096000095,0.03988313827400001,0.012973546712400008,0.039834934220763084,0.014484176753945713,0.8808699984927671,0.4733577671861811,-1,-1,instant_velocity,dbscan_kmeans_fallback,False
4740,196,10.5045240865,10.9845559416,-0.023466859730000067,0.017732423120000007,-0.021816813263999996,0.019942412863799993,-0.022079664560600662,0.020449035671059736,-0.7978358691879148,0.6028741542553654,2,2,instant_velocity,dbscan_kmeans_fallback,False
4740,197,9.82177527089,11.8155693642,-0.032727324550999984,0.023197732529999904,-0.03273574315219999,0.024328979982000013,-0.03202061938729661,0.024552333862836444,-0.8158375442025941,0.5782807301846946,2,2,instant_velocity,dbscan_kmeans_fallback,False
4740,198,8.2365520652,8.67552237938,-0.03662092907400005,-0.005799433132999887,-0.03721864998600001,-0.003575123799800011,-0.03716627468308929,-0.0035715227316257163,-0.9876912086713813,-0.1564146313482878,-1,-1,instant_velocity,dbscan_kmeans_fallback,False
4740,200,7.3685939531,6.44834912846,-0.044429184641999964,-0.00441520629399994,-0.04197937076579999,0.0030309794564000116,-0.04296162298381569,0.004040983406169777,-0.99509823110047,-0.0988891425423473,-1,-1,instant_velocity,dbscan_kmeans_fallback,False
4740,201,9.84134852609,4.06198979112,-0.07660929990100004,0.007637113591000011,-0.06499162585219999,-0.015178763261799996,-0.06494768476999264,-0.008505202694034004,-0.9950676423343635,0.09919741630659261,-1,-1,instant_velocity,dbscan_kmeans_fallback,False
4740,202,0.276130223829,4.39730680972,0.0,0.0,0.0,0.0,0.0,0.0,0.0,0.0,-1,-1,instant_velocity,dbscan_kmeans_fallback,False
4740,263,6.21524515235,9.09866620428,0.03337976638599995,0.008233763091000056,0.037694301133999984,0.0051359588900000116,0.034847366450336,0.006624183144390143,0.9708983346240315,0.23949079751779376,-1,-1,instant_velocity,dbscan_kmeans_fallback,False
4740,291,14.3840274522,9.09222238968,-0.024982208519999993,0.003723092875000056,-0.024982208519999993,0.003723092875000056,-0.012745346110200005,0.0019037892222599898,-0.9890762927482378,0.14740181579280304,-1,-1,instant_velocity,dbscan_kmeans_fallback,False
4740,362,4.46522776582,8.38769866093,-0.006229767243999973,0.01527422718200011,-0.0022183022553999977,0.0026157114048000096,-0.0027242622896173204,0.004194766654829499,-0.3776571381114829,0.925944854516752,3,3,instant_velocity,dbscan_kmeans_fallback,False
4740,363,5.03643007334,8.65547495621,-0.005451046338999977,0.01591860864099992,-0.0021256976071999923,0.007871000194599987,-0.002718546946652492,0.00930026808766132,-0.32396448548419743,0.9460686145904107,3,3,instant_velocity,dbscan_kmeans_fallback,False
4740,366,6.07549631956,7.09607182488,-0.06351837008499998,-0.010787422947000015,-0.05619418427000001,-0.02164167063799999,-0.05671613531034206,-0.020007504415308935,-0.9858831204510536,-0.16743405383957088,-1,-1,instant_velocity,dbscan_kmeans_fallback,False
4740,401,10.7560298925,11.9129425625,-0.019741627289999997,0.015679948839999902,-0.01889976684399997,0.015517660177999985,-0.02052115400155728,0.015236725962120437,-0.7830569439656673,0.6219493783274811,2,2,instant_velocity,dbscan_kmeans_fallback,False
4740,402,11.3457531297,11.6098446169,-0.017405464570000008,0.010548763150000084,-0.02528527826999998,0.01147476317199999,-0.02387687488357621,0.011302835595799508,-0.8551974822748434,0.518301344426207,2,2,instant_velocity,dbscan_kmeans_fallback,False
4750,189,12.5049949535,5.65814653161,0.03525290586,-0.0038662887550000137,0.041545812640000006,0.003241000080200003,0.04007428730449298,1.777104522341852e-05,0.9940393616388895,-0.1090191889767759,-1,-1,instant_velocity,dbscan_kmeans_fallback,False
4750,190,12.2305484506,5.10922899227,0.033190347790000095,0.009188402289000041,0.02832439445400002,0.010095309528000005,0.032672014526667806,0.008430652242743747,0.9637504334358166,0.2668042752861558,-1,-1,instant_velocity,dbscan_kmeans_fallback,False
4750,191,5.63604517066,8.9117955811,-0.014879883250999981,0.03233840286100005,-0.014618906514599992,0.036486310180199995,-0.016177230698089986,0.03406892591282108,-0.4180032843437825,0.9084452060752536,0,0,instant_velocity,dbscan_kmeans_fallback,False
4750,192,5.982260276,8.75953062888,-0.01763697618600002,0.03226680492099998,-0.016357348320000006,0.024071227399,-0.01922168773686328,0.02545669306391246,-0.479625205565262,0.8774731439198421,0,0,instant_velocity,dbscan_kmeans_fallback,False
4750,193,8.70883577119,9.93254354447,0.035863254679999915,0.021312320114000017,0.038637184825,0.015966340600799996,0.03864343035853413,0.016532619761962002,0.8596596705400654,0.5108666865604655,-1,-1,instant_velocity,dbscan_kmeans_fallback,False
4750,196,10.2744857217,11.0869409957,-0.02300383648000004,0.01023850540999991,-0.022751278349999994,0.017059402483999973,-0.022356916136420477,0.017385876592741788,-0.9135961831154344,0.40662171596964103,1,1,instant_velocity,dbscan_kmeans_fallback,False
4750,198,7.87244742554,8.60464041887,-0.036410463965999985,-0.00708819605100004,-0.03680613837139999,-0.004992763010000019,-0.0369395314679625,-0.004626524727438013,-0.981572755527889,-0.191087379056718,-1,-1,instant_velocity,dbscan_kmeans_fallback,False
4750,200,6.88031489877,6.498945006,-0.04882790543300004,0.0050595877539999275,-0.0438525102416,0.001451051582399998,-0.04472150771857099,0.004346564710518822,-0.9946740100405943,0.10306893969328679,-1,-1,instant_velocity,dbscan_kmeans_fallback,False
4750,201,9.07525552705,4.13836092703,-0.07660929990399996,0.007637113590999967,-0.069369300133,-0.0076848455508000055,-0.06844616931019484,-0.003662507808523812,-0.9950676423347471,0.09919741630274584,-1,-1,instant_velocity,dbscan_kmeans_fallback,False
4750,202,0.690536024681,4.38227124234,0.0414405800852,-0.0015035567380000004,0.0414405800852,-0.0015035567380000004,0.012432174025560001,-0.0004510670214000002,0.9993422079601485,-0.036258365767493264,-1,-1,instant_velocity,dbscan_kmeans_fallback,False
4750,263,6.52568118905,9.19341414476,0.03104360367000005,0.009474794047999956,0.0357411849166,0.006448587788200015,0.033706237616235216,0.007479366415473087,0.9564438010096904,0.2919154660452813,-1,-1,instant_velocity,dbscan_kmeans_fallback,False
4750,291,14.133994902,9.12945331844,-0.025003255020000024,0.003723092875999967,-0.025003255020000024,0.003723092875999967,-0.016422718783140014,0.002449580318381983,-0.9890943751381687,0.14728043284056183,-1,-1,instant_velocity,dbscan_kmeans_fallback,False
4750,362,4.3905126519,8.5802971193,-0.007471511391999997,0.019259845837,-0.0034684650065999988,0.0065774640802000305,-0.004148437020332124,0.00871429040948065,-0.3616710791829531,0.9323052409748771,0,0,instant_velocity,dbscan_kmeans_fallback,False
4750,363,4.96445100585,8.86501826036,-0.007197906749000005,0.020954330414999944,-0.0036620929074000054,0.011751608537999978,-0.004062354887356746,0.012796486785862909,-0.3248719651610936,0.945757528951269,0,0,instant_velocity,dbscan_kmeans_fallback,False
4750,366,5.43631378163,6.9989372864,-0.06391825379300001,-0.009713453847999976,-0.0602056492594,-0.0172169179512,-0.05887677085513944,-0.016919289245116247,-0.9886491152798039,-0.15024186336874046,-1,-1,instant_velocity,dbscan_kmeans_fallback,False
4750,401,10.5588240848,12.0695033911,-0.01972058077000014,0.015656082859999997,-0.018259952912000017,0.015121484909999977,-0.02028098203209014,0.015362533031484304,-0.7831952112279426,0.6217752542659919,1,1,instant_velocity,dbscan_kmeans_fallback,False
4750,402,11.1977961576,11.6936142066,-0.014795697210000115,0.008376958969999926,-0.02177051094000003,0.011861392045999999,-0.021152521581503384,0.010425072608059633,-0.8702050040850501,0.4926886182681638,1,1,instant_velocity,dbscan_kmeans_fallback,False
4760,189,12.8577344772,5.61948364405,0.03527395236999986,-0.0038662887560000137,0.03954639409799999,0.0018138144777999977,0.038634186824145045,-0.0011474468951436112,0.9940464089057686,-0.10895491419224196,0,0,instant_velocity,dbscan_kmeans_fallback,False
4760,190,12.5656089051,5.13810682803,0.03350604544999989,0.002887783575999947,0.029780813011999994,0.00864425794559999,0.03292222380366743,0.006767791642720607,0.9963061738005289,0.08586858182538892,0,0,instant_velocity,dbscan_kmeans_fallback,False
4760,191,5.41105796847,9.18339043317,-0.022498720219000033,0.027159485207000067,-0.015490232068400011,0.0336892173274,-0.018073677554363003,0.03199609370107478,-0.6379360865423386,0.7700889444736703,1,1,instant_velocity,dbscan_kmeans_fallback,False
4760,192,5.80589051413,9.0819600183,-0.01763697618700002,0.03224293894199999,-0.016193185534600012,0.026777629528000002,-0.0187462742719043,0.02749256682733872,-0.47989848283853714,0.8773237156109887,1,1,instant_velocity,dbscan_kmeans_fallback,False
4760,193,9.00222413401,10.192921386,0.029338836282000003,0.026037784152999954,0.036086347696399984,0.019899454100800008,0.035852052135573895,0.01938416907927339,0.7479301937256714,0.6637770073276034,-1,-1,instant_velocity,dbscan_kmeans_fallback,False
4760,196,10.0448682871,11.180734297,-0.022961743459999972,0.009379330130000163,-0.023264813217999992,0.014563020980000018,-0.022538364333494324,0.0149839126539193,-0.9257458166909568,0.37814531141056085,2,2,instant_velocity,dbscan_kmeans_fallback,False
4760,198,7.508553251,8.53375845835,-0.03638941745399995,-0.007088196051999951,-0.03661671977259999,-0.005785113545199998,-0.036774497263773735,-0.005365026124806594,-0.9815520203974656,-0.19119385916547904,-1,-1,instant_velocity,dbscan_kmeans_fallback,False
4760,200,6.38740561203,6.56051923432,-0.04929092867399998,0.006157422832000048,-0.045864556689399996,0.0007302989869999977,-0.04609233400519969,0.00488982214696319,-0.9922874440376914,0.12395654795296084,-1,-1,instant_velocity,dbscan_kmeans_fallback,False
4760,201,8.3765113631,4.27201041487,-0.06987441639499999,0.013364948784000052,-0.07239999771199997,0.0009546391988000025,-0.06887464343563639,0.0014457291692333485,-0.9821946506542368,0.18786534298484714,-1,-1,instant_velocity,dbscan_kmeans_fallback,False
4760,202,1.10494182553,4.36747433476,0.041440580084900015,-0.0014796907580000075,0.041440580084900015,-0.0014796907580000075,0.021134695843362007,-0.0007596541423800024,0.9993628971360512,-0.03568357488603661,-1,-1,instant_velocity,dbscan_kmeans_fallback,False
4760,263,6.74246025196,9.33804198339,0.02167790629099997,0.014462783862999906,0.031910719921399995,0.008763587845599972,0.03009773821866464,0.009574391649731132,0.8318578272150338,0.5549880970170382,-1,-1,instant_velocity,dbscan_kmeans_fallback,False
4760,291,13.9073239789,9.18124249498,-0.022667092310000036,0.005178917653999982,-0.022667092310000036,0.005178917653999982,-0.018296030841198022,0.0032683815190673827,-0.9748780016102394,0.22273756262986177,-1,-1,instant_velocity,dbscan_kmeans_fallback,False
4760,362,4.31579753798,8.77265691787,-0.007471511391999997,0.01923597985699992,-0.0047186277578,0.010534443559400017,-0.0051453593318324855,0.011870797243736431,-0.36206101169830035,0.9321538792660815,1,1,instant_velocity,dbscan_kmeans_fallback,False
4760,363,4.87521379937,9.12539610184,-0.008923720648,0.026037784148000044,-0.005543650987399999,0.01664890762799999,-0.005520764615549723,0.01676887599450405,-0.3242097820082209,0.9459848257903696,1,1,instant_velocity,dbscan_kmeans_fallback,False
4760,366,4.80912775494,6.92304347009,-0.06271860266899995,-0.007589381631000069,-0.062040905015399994,-0.01375157765940001,-0.06002932039929759,-0.014120316960881393,-0.9927579460350945,-0.1201305290462435,-1,-1,instant_velocity,dbscan_kmeans_fallback,False
4760,401,10.3984496713,12.1766616412,-0.01603744134999996,0.010715825010000124,-0.018158929658,0.014367319944000024,-0.019007919827463086,0.01396852062503905,-0.8314703956282287,0.5555681274898439,2,2,instant_velocity,dbscan_kmeans_fallback,False
4760,402,11.0500496507,11.7776224561,-0.014774650689999901,0.008400824950000007,-0.018781906381999995,0.011708649774000008,-0.019239160314052338,0.009817798310641744,-0.8693009085338986,0.4942820588247219,2,2,instant_velocity,dbscan_kmeans_fallback,False
4760,433,11.1384449967,6.55312078053,0.0,0.0,0.0,0.0,0.0,0.0,0.0,0.0,-1,-1,instant_velocity,dbscan_kmeans_fallback,False
4770,189,13.2115263265,5.58630993189,0.03537918493000003,-0.003317371215999998,0.037626952297999984,-0.000658701047200001,0.03765768625590154,-0.0017984241914005272,0.9956324481439083,-0.09335665679475587,0,0,instant_velocity,dbscan_kmeans_fallback,False
4770,190,12.9038263363,5.10397847667,0.03382174312000004,-0.00341283513599997,0.031738138531999985,0.005746927977000009,0.033192079598567216,0.0037136036091044338,0.9949471936635723,-0.10039668058952493,0,0,instant_velocity,dbscan_kmeans_fallback,False
4770,191,5.18607076628,9.45498528525,-0.022498720218999946,0.02715948520799998,-0.016622534358199985,0.031154650254600007,-0.019401190353754087,0.030545111153152338,-0.6379360865284087,0.7700889444852096,1,1,instant_velocity,dbscan_kmeans_fallback,False
4770,192,5.62131261299,9.35021363317,-0.018457790113999995,0.026825361486999988,-0.017081348297200004,0.028429155341799996,-0.01865972902453301,0.0272924052252371,-0.5668487979840955,0.8238214770283522,1,1,instant_velocity,dbscan_kmeans_fallback,False
4770,193,9.29561249683,10.4532992274,0.029338836282000003,0.02603778414000004,0.03390171985839999,0.022729959323800022,0.03389808737950173,0.021380253597491385,0.7479301938902002,0.6637770071422157,-1,-1,instant_velocity,dbscan_kmeans_fallback,False
4770,196,9.8152508525,11.2747662581,-0.022961743459999972,0.00940319610999989,-0.02316799926799998,0.012897175577999995,-0.02266537807144602,0.013309697690743477,-0.9254087376428902,0.3789694740350324,2,2,instant_velocity,dbscan_kmeans_fallback,False
4770,198,7.14444861135,8.46263783804,-0.03641046396500007,-0.0071120620310001215,-0.0365325337288,-0.00631016510440002,-0.03666528727414164,-0.005889136896664652,-0.9814518961153393,-0.1917071634221612,-1,-1,instant_velocity,dbscan_kmeans_fallback,False
4770,200,5.89428586017,6.62185480285,-0.049311975186000015,0.006133556852999966,-0.04725783571540001,0.0017040309699999944,-0.047058226359439785,0.005262942558774223,-0.9923528875223225,0.12343153627285418,3,3,instant_velocity,dbscan_kmeans_fallback,False
4770,201,7.74511603422,4.46293825464,-0.06313953288800009,0.019092783976999962,-0.07113720705360001,0.0071597939914000005,-0.0671541102713455,0.006739845611563333,-0.9571941133248366,0.2894462406331874,-1,-1,instant_velocity,dbscan_kmeans_fallback,False
4770,202,1.51934762639,4.35243876737,0.041440580086,-0.0015035567390000004,0.041440580086,-0.0015035567390000004,0.027226461116153407,-0.000982824921366002,0.9993422079593001,-0.036258365790877586,-1,-1,instant_velocity,dbscan_kmeans_fallback,False
4770,204,14.9657530153,2.34626449098,0.0,0.0,0.0,0.0,0.0,0.0,0.0,0.0,-1,-1,instant_velocity,dbscan_kmeans_fallback,False
4770,263,6.95944977999,9.48266982201,0.021698952803000004,0.014462783861999996,0.028235999107400003,0.010973577590799977,0.027578102593965252,0.011040909313411791,0.8321063364019569,0.5546154324976601,-1,-1,instant_velocity,dbscan_kmeans_fallback,False
4770,291,13.6903344509,9.23899816651,-0.021698952799999914,0.005775567152999983,-0.023870952734,0.004429525882799972,-0.01931690742883859,0.004020537209247162,-0.9663543737017026,0.25721262359303565,-1,-1,instant_velocity,dbscan_kmeans_fallback,False
4770,362,4.24781730757,8.95714094305,-0.00679802304099999,0.018448402517999972,-0.0058340928388,0.01433390757079998,-0.005641158444582737,0.013844078826015495,-0.3457608555168408,0.938322126752368,1,1,instant_velocity,dbscan_kmeans_fallback,False
4770,363,4.78576612777,9.38577394333,-0.008944767160000033,0.026037784148999953,-0.007193697446999998,0.020973423198799992,-0.006547965378884817,0.01954954844085282,-0.3248937997396775,0.9457501215682967,1,1,instant_velocity,dbscan_kmeans_fallback,False
4770,366,4.23034870347,6.93306718168,-0.057877905147000065,0.0010023711590000594,-0.061611556191800004,-0.00948434044059999,-0.059383895823608326,-0.009583510524916955,-0.9998498919930096,0.017316119035712275,3,3,instant_velocity,dbscan_kmeans_fallback,False
4770,401,10.275117117,12.2341786529,-0.012333255429999922,0.0057517011699999895,-0.01732127852199998,0.012620330208000005,-0.017005520508224136,0.011503474788527332,-0.906289959450235,0.4226547524062098,2,2,instant_velocity,dbscan_kmeans_fallback,False
4770,402,10.9020926786,11.8613920458,-0.014795697209999936,0.008376958970000103,-0.017047673879999968,0.010262371388000027,-0.017906121382836617,0.009385546508449251,-0.8702050040850431,0.4926886182681762,2,2,instant_velocity,dbscan_kmeans_fallback,False
4770,433,11.1546508102,6.36028366236,0.0016205813499999167,-0.019283711816999994,0.0016205813499999167,-0.019283711816999994,0.0004861744049999751,-0.005785113545099999,0.08374362584096803,-0.9964868145792152,-1,-1,instant_velocity,dbscan_kmeans_fallback,False
4780,189,13.5749995708,5.60253879827,0.03634732442999997,0.0016228866380000539,0.035896929096,-0.0021431650013999893,0.03726457770813107,-0.0007720309425803527,0.9990044283582336,0.044604959608727394,0,0,instant_velocity,dbscan_kmeans_fallback,False
4780,190,13.2420437674,5.06985012531,0.03382174311000004,-0.00341283513599997,0.033506045452,0.0028877835764000003,0.03338097865199706,0.0015756719855731123,0.9949471936606071,-0.10039668061890979,0,0,instant_velocity,dbscan_kmeans_fallback,False
4780,191,4.96971263359,9.75474199369,-0.021635813268999993,0.029975670844000036,-0.018626162201799995,0.030238196623800027,-0.020071577228327857,0.030374279060406646,-0.5852542445015532,0.8108495102594002,1,1,instant_velocity,dbscan_kmeans_fallback,False
4780,192,5.41758238687,9.4919775542,-0.020373022611999934,0.01417639210299999,-0.018348348257199998,0.027550887278800004,-0.019173717100773088,0.023357601288565965,-0.8208320595509003,0.5711689104027505,1,1,instant_velocity,dbscan_kmeans_fallback,False
4780,193,9.58900085965,10.7136770689,0.029338836282000003,0.026037784149999865,0.03227271990999998,0.023913711930599994,0.03253031205025121,0.022777512763243926,0.747930193763641,0.66377700728482,-1,-1,instant_velocity,dbscan_kmeans_fallback,False
4780,198,6.80623118018,8.54115691214,-0.033821743116999946,0.00785190741000008,-0.0359306035152,-0.0038471959713999838,-0.03581222402699913,-0.0017668236046652313,-0.9740941832603648,0.22614142946806437,1,1,instant_velocity,dbscan_kmeans_fallback,False
4780,200,5.41758238687,6.71755738253,-0.047670347329999974,0.009570257968000017,-0.04790606825299999,0.004501123822600004,-0.04724186265060784,0.006555137181541961,-0.9804370802186284,0.1968317057589395,2,2,instant_velocity,dbscan_kmeans_fallback,False
4780,201,7.11372070534,4.65386609441,-0.063139532888,0.019092783976999962,-0.06987441639520002,0.01336494878399999,-0.06594973705634186,0.010445727121194324,-0.9571941133248363,0.28944624063318775,-1,-1,instant_velocity,dbscan_kmeans_fallback,False
4780,202,1.94133017119,4.36317845836,0.04219825447999999,0.0010739690990000383,0.04219825447999999,0.0010739690990000383,0.031717999125307386,-0.0003657867152561898,0.999676054988487,0.025442312846772955,-1,-1,instant_velocity,dbscan_kmeans_fallback,False
4780,203,0.0665069746417,3.93740937567,0.0,0.0,0.0,0.0,0.0,0.0,0.0,0.0,-1,-1,instant_velocity,dbscan_kmeans_fallback,False
4780,204,14.3181518729,2.7500768721,-0.0647601142400001,0.04038123811200003,-0.0647601142400001,0.04038123811200003,-0.01942803427200003,0.01211437143360001,-0.8485503142158697,0.5291144509315712,-1,-1,instant_velocity,dbscan_kmeans_fallback,False
4780,263,7.1762288429,9.62729766064,0.02167790629099997,0.014462783863000084,0.02589562708819999,0.0122193817454,0.025808043703075666,0.01206747167828828,0.8318578272150305,0.5549880970170429,-1,-1,instant_velocity,dbscan_kmeans_fallback,False
4780,291,13.473555388,9.29699249784,-0.02167790629000006,0.005799433133000065,-0.023205882988000005,0.00484002073820001,-0.02002520708718703,0.004554205986373033,-0.9660271953851444,0.2584387094098707,-1,-1,instant_velocity,dbscan_kmeans_fallback,False
4780,362,4.18236265848,9.13828373103,-0.0065454649090000315,0.018114278798000073,-0.006903255595599998,0.018066546838400015,-0.005912450383907926,0.015125138817610868,-0.33983707500186705,0.9404837712927462,1,1,instant_velocity,dbscan_kmeans_fallback,False
4780,363,4.69105682844,9.62944559884,-0.009470929932999982,0.024367165551000092,-0.0079976741658,0.02266313458079999,-0.007424854745119367,0.020994833573897004,-0.3622736723545148,0.9320713606245665,1,1,instant_velocity,dbscan_kmeans_fallback,False
4780,366,3.651569652,6.94309089326,-0.057877905146999975,0.0010023711579999705,-0.061182207368199994,-0.005217103221800006,-0.058932098620625824,-0.006407746020041878,-0.9998498919933088,0.01731611901844079,2,2,instant_velocity,dbscan_kmeans_fallback,False
4780,369,13.6676042191,13.355402392,0.0,0.0,0.0,0.0,0.0,0.0,0.0,0.0,-1,-1,instant_velocity,dbscan_kmeans_fallback,False
4780,401,10.1515740977,12.2916956646,-0.012354301930000134,0.0057517011699999895,-0.01603744135400003,0.01071105181,-0.015610154934756936,0.009777942702969129,-0.9065656554799553,0.422063081414897,3,3,instant_velocity,dbscan_kmeans_fallback,False
4780,402,10.6653194303,11.9110332841,-0.023677324830000047,0.004964123829999956,-0.017089766902000002,0.008133525974000015,-0.019637482416985645,0.008059119704914464,-0.9787205012822998,0.20519589092975066,3,3,instant_velocity,dbscan_kmeans_fallback,False
4780,433,11.1708566236,6.16744654419,0.0016205813400000935,-0.019283711816999994,0.0016205813400000935,-0.019283711816999994,0.0008264964855000107,-0.009834693026669998,0.08374362532785054,-0.9964868146223369,-1,-1,instant_velocity,dbscan_kmeans_fallback,False
4790,189,13.9384728152,5.61876766465,0.03634732444000015,0.0016228866379999652,0.035720138406,-0.0015608350902000011,0.036989401727691794,-5.355566840625726e-05,0.9990044283587803,0.04460495959647729,0,0,instant_velocity,dbscan_kmeans_fallback,False
4790,190,13.6078321279,5.04980270214,0.03657883604999999,-0.00200474231700003,0.034183743104000006,0.0006491546552000038,0.03434033587139794,0.0005015476948011696,0.998501249576399,-0.05472393123354224,0,0,instant_velocity,dbscan_kmeans_fallback,False
4790,191,4.76640333769,10.0969801465,-0.020330929590000046,0.034223815280999936,-0.0203688133096,0.030171371880200012,-0.020149382936829514,0.03152913992658463,-0.5107343611661993,0.8597382798870572,-1,-1,instant_velocity,dbscan_kmeans_fallback,False
4790,192,5.21364169564,9.63374147523,-0.02039406912300006,0.01417639210299999,-0.018899766844400007,0.02393757791119999,-0.01953982270744118,0.02060323853289617,-0.821108407019095,0.5707715643586115,1,1,instant_velocity,dbscan_kmeans_fallback,False
4790,193,9.86176364172,10.8931492383,0.027276278207000005,0.01794721694000003,0.030231208346599984,0.02347457789939998,0.03095410189727585,0.021328424016270758,0.835384522294658,0.5496654322176865,-1,-1,instant_velocity,dbscan_kmeans_fallback,False
4790,198,6.47474863252,8.65690691501,-0.03314825476600003,0.011575000286999959,-0.035236068653599996,-0.00037230928740001446,-0.0350130332486994,0.0022357235628343262,-0.9440966277096708,0.32966799651557627,1,1,instant_velocity,dbscan_kmeans_fallback,False
4790,200,4.9657137965,6.86504913876,-0.04518685903700002,0.014749175622999999,-0.048057603132000005,0.008334000205999992,-0.0466253615665255,0.009013348713979373,-0.9506407403195853,0.3102930261621294,-1,-1,instant_velocity,dbscan_kmeans_fallback,False
4790,201,6.4459149125,4.84121403719,-0.06678057928399994,0.018734794278000066,-0.0679086722718,0.0155844849214,-0.06619898972463928,0.012932447268236048,-0.9628281245953825,0.27011426125333043,-1,-1,instant_velocity,dbscan_kmeans_fallback,False
4790,202,2.3744673668,4.4123423771,0.04331371956099998,0.0049163918739999705,0.041966742859419995,0.00030071134760000005,0.035196715256015164,0.0012188668615206585,0.9936194866934571,0.11278234286362808,-1,-1,instant_velocity,dbscan_kmeans_fallback,False
4790,203,0.321169757289,3.9982676246,0.025466278264730004,0.0060858248929999805,0.025466278264730004,0.0060858248929999805,0.007639883479419002,0.0018257474678999943,0.9726125237876563,0.23243088161446387,-1,-1,instant_velocity,dbscan_kmeans_fallback,False
4790,204,13.6705507306,3.15388925321,-0.06476011422999992,0.04038123811099999,-0.06476011422999992,0.04038123811099999,-0.0330276582594,0.020594431436820004,-0.8485503141850688,0.529114450980967,-1,-1,instant_velocity,dbscan_kmeans_fallback,False
4790,263,7.19790674919,9.9103481831,0.002167790629000077,0.028305052245999995,0.019653231936800016,0.016233639576399988,0.018715967780852986,0.016938745848601795,0.07636304882517123,0.9970797261252684,-1,-1,instant_velocity,dbscan_kmeans_fallback,False
4790,291,13.2717193479,9.36691981915,-0.020183604009999988,0.006992732131000068,-0.022246162086000006,0.0054939485894000125,-0.02007272616403092,0.005285763829761144,-0.9448973224246323,0.32736541322060264,-1,-1,instant_velocity,dbscan_kmeans_fallback,False
4790,362,4.11711847449,9.31918785921,-0.0065244183989999986,0.01809041281799999,-0.006962185826600003,0.01862978396559999,-0.006096040788435548,0.016014721017727603,-0.33926564198975456,0.9406900574462151,1,1,instant_velocity,dbscan_kmeans_fallback,False
4790,363,4.57403822749,9.80629251043,-0.011701860094999983,0.017684691158999934,-0.009247836917,0.02301635108439999,-0.008707956350083552,0.02000179084942788,-0.5518258314433473,0.8339588170947078,1,1,instant_velocity,dbscan_kmeans_fallback,False
4790,366,3.12688013371,6.93807903747,-0.05246895182900002,-0.0005011855790000297,-0.058972323717,-0.003159855748200009,-0.056993154583138084,-0.004635777887729323,-0.9999541918065468,-0.00955160343639787,-1,-1,instant_velocity,dbscan_kmeans_fallback,False
4790,369,13.8107204936,12.9067219685,0.014311627450000053,-0.04486804235000008,0.014311627450000053,-0.04486804235000008,0.004293488235000017,-0.013460412705000027,0.3038867001155779,-0.9527079556830885,-1,-1,instant_velocity,dbscan_kmeans_fallback,False
4790,401,10.0415008453,12.3890688629,-0.011007325239999944,0.00973731982999997,-0.01429058094400002,0.009522526008000014,-0.014229306026329838,0.009765755841078382,-0.7489936694829665,0.662576125569355,2,2,instant_velocity,dbscan_kmeans_fallback,False
4790,402,10.4285461819,11.9609131822,-0.02367732484000005,0.0049879898100000375,-0.018344138956000008,0.007021371306000006,-0.02084943514388997,0.007137780736440136,-0.9785219634056324,0.2061405845175081,2,2,instant_velocity,dbscan_kmeans_fallback,False
4790,433,11.20242639,5.79084138025,0.0031569766399998757,-0.03766051639399999,0.0031569766399998757,-0.03766051639399999,0.0015256405318499703,-0.018182440036868995,0.08353422052719493,-0.9965046436404923,-1,-1,instant_velocity,dbscan_kmeans_fallback,False
4800,189,14.3021565246,5.63499653103,0.036368370940000005,0.0016228866379999652,0.035943231422000003,-0.0004630000116000055,0.036803092491384255,0.00044937702351560953,0.9990055784305546,0.044579197874909625,0,0,instant_velocity,dbscan_kmeans_fallback,False
4800,190,13.9854065346,5.03572177395,0.037757440669999906,-0.0014080928190000285,0.03509716167999997,-0.0014701443664000102,0.03536546731097853,-7.134445933918993e-05,0.9993050715752372,-0.03726720535890084,0,0,instant_velocity,dbscan_kmeans_fallback,False
4800,191,4.56288357668,10.4389796395,-0.02035197610099999,0.03419994929999994,-0.021463231879600003,0.030543681167999992,-0.020210160886080658,0.03233038273860923,-0.511388426412288,0.8593493904037978,-1,-1,instant_velocity,dbscan_kmeans_fallback,False
4800,192,5.01138472529,9.80175797423,-0.02022569703499997,0.016801649900000014,-0.019417511014199994,0.020844546906999994,-0.019745585005708815,0.019462761943027325,-0.7692132014341617,0.6389916197493856,1,1,instant_velocity,dbscan_kmeans_fallback,False
4800,193,10.1324217727,11.0635523353,0.027065813098000113,0.017040309700000124,0.028471720030200025,0.022620175816600002,0.029787615257493127,0.02004198972138957,0.846248479581661,0.532787842841169,-1,-1,instant_velocity,dbscan_kmeans_fallback,False
4800,198,6.14305561975,8.77265691787,-0.03316930127699998,0.011575000286000049,-0.03458783611579999,0.003360329980000003,-0.034459913657189575,0.0050375065797840434,-0.9441617189038375,0.32948153098179067,1,1,instant_velocity,dbscan_kmeans_fallback,False
4800,200,4.51384520614,7.01230223518,-0.04518685903600002,0.014725309642000006,-0.0473293938526,0.010267144583600007,-0.046193810807367855,0.010726936992385562,-0.9507887608623247,0.3098391702038199,-1,-1,instant_velocity,dbscan_kmeans_fallback,False
4800,201,5.74169865569,5.02474342317,-0.07042162568100005,0.018352938598000003,-0.06667113742720002,0.017727649922800008,-0.06746578051154752,0.014558594667165234,-0.9676772570051471,0.25219129931685397,-1,-1,instant_velocity,dbscan_kmeans_fallback,False
4800,202,2.80781502751,4.46150629584,0.043334766070999994,0.0049163918739999705,0.04234558005658,0.001584701069999994,0.03763813050051061,0.0023281243652644524,0.993625623641409,0.1127282638116719,-1,-1,instant_velocity,dbscan_kmeans_fallback,False
4800,203,0.575622074826,4.05936453333,0.025445231753700004,0.006109690873000018,0.025445231753700004,0.006109690873000018,0.012981487961703304,0.0031109304894300013,0.9723623381290749,0.2334753072804026,-1,-1,instant_velocity,dbscan_kmeans_fallback,False
4800,204,13.0524147036,3.51617482918,-0.061813602700000025,0.03622855759700001,-0.061813602700000025,0.03622855759700001,-0.04166344159158001,0.02528466928487401,-0.8627404873224439,0.5056466873144251,-1,-1,instant_velocity,dbscan_kmeans_fallback,False
4800,263,7.19790674919,10.2086729327,0.0,0.029832474960000077,0.013444511202800005,0.02030517575880001,0.01310117744659709,0.02080686458202128,0.0,0.999999664794937,-1,-1,instant_velocity,dbscan_kmeans_fallback,False
4800,291,13.0924030745,9.45546260485,-0.017931627339999957,0.008854278569999962,-0.020831836549999993,0.006520185728200012,-0.01943039651682163,0.00635631825183279,-0.896646479318377,0.442746079659195,-1,-1,instant_velocity,dbscan_kmeans_fallback,False
4800,362,4.07228940614,9.51035435878,-0.004482906834999944,0.01911664995700004,-0.006364464915199992,0.0186011447896,-0.005612100602404867,0.016945299699509336,-0.22830909710363206,0.9735881765941095,1,1,instant_velocity,dbscan_kmeans_fallback,False
4800,363,4.45723009165,9.98313942201,-0.011680813584000038,0.01768469115800002,-0.010144418284000008,0.022362423233000008,-0.009599813520258498,0.019306660941999523,-0.5511349974821041,0.8344155265166417,1,1,instant_velocity,dbscan_kmeans_fallback,False
4800,366,2.61587084754,6.92972594448,-0.051100928616999976,-0.0008353092989999312,-0.0564088586818,-0.0013842268384000002,-0.055225486793296655,-0.003495637311110505,-0.9998662309459926,-0.016344077946703915,-1,-1,instant_velocity,dbscan_kmeans_fallback,False
4800,369,13.9538367682,12.458041545,0.014311627460000054,-0.0448680423499999,0.014311627460000054,-0.0448680423499999,0.007298930002500028,-0.02288270159849999,0.30388670030830595,-0.9527079556216136,-1,-1,instant_velocity,dbscan_kmeans_fallback,False
4800,401,9.94026712761,12.512933299,-0.010123371769000045,0.012386443609999987,-0.012371139143800001,0.008868598158000012,-0.0129975257491309,0.010551962171754864,-0.6328257408087339,0.7742934402040742,2,2,instant_velocity,dbscan_kmeans_fallback,False
4800,402,10.219343863,12.0165209156,-0.02092023188999992,0.005560773339999869,-0.01956904589199997,0.006458134179999995,-0.020870674167722952,0.006664678517508056,-0.9664406887314461,0.2568880519511755,2,2,instant_velocity,dbscan_kmeans_fallback,False
4800,433,11.24073104,5.33523982259,0.0038304650000000606,-0.04556015576599996,0.0038304650000000606,-0.04556015576599996,0.0022170878722949975,-0.026395754755608285,0.08377929057611996,-0.9964841157961078,-1,-1,instant_velocity,dbscan_kmeans_fallback,False
4810,189,14.6656297689,5.65146405721,0.03634732442999997,0.001646752618000047,0.036157905834000026,0.0006396082632000067,0.03666636207296897,0.0008085897018609409,0.9989749849974819,0.04525958093639968,0,0,instant_velocity,dbscan_kmeans_fallback,False
4810,190,14.3629809413,5.02164084577,0.037757440670000086,-0.0014080928179999396,0.03594744072400001,-0.0023293196451999875,0.036083059318684996,-0.00047236896693741493,0.9993050715762228,-0.03726720533246863,0,0,instant_velocity,dbscan_kmeans_fallback,False
4810,191,4.3686242805,10.7859909882,-0.019425929618000028,0.03470113487000006,-0.0208486737594,0.03205201110059999,-0.01997489150565647,0.03304160837802648,-0.4884748733222446,0.8725776728880446,1,1,instant_velocity,dbscan_kmeans_fallback,False
4810,192,4.82428124284,10.2084342729,-0.018710348245000043,0.04066762986699999,-0.0196321854258,0.022529485091999993,-0.019435013977496182,0.025824222320219123,-0.41796522351717097,0.9084627813817685,1,1,instant_velocity,dbscan_kmeans_fallback,False
4810,193,10.4030799037,11.2339554323,0.027065813099999936,0.017040309699999943,0.028017115393800012,0.020820680926,0.02897107461024517,0.01914148571497268,0.8462484795994129,0.5327878428129733,-1,-1,instant_velocity,dbscan_kmeans_fallback,False
4810,198,5.82777888553,8.91895537509,-0.031527673422000024,0.014629845722000035,-0.03361548730940001,0.0077039383348,-0.03358024158663271,0.007915208322448842,-0.9070966305763822,0.42092175920022834,-1,-1,instant_velocity,dbscan_kmeans_fallback,False
4810,200,4.06197661577,7.1597939914,-0.04518685903700002,0.014749175622,-0.04650857992520001,0.011985495141599998,-0.045891725276257504,0.011933608581269893,-0.950640740325791,0.31029302614311705,-1,-1,instant_velocity,dbscan_kmeans_fallback,False
4810,201,5.03748239889,5.20827280915,-0.07042162567999996,0.018352938598000003,-0.06678057928420002,0.018725247885599997,-0.06835253406208325,0.015696897846415665,-0.9676772570042731,0.2521912993202077,-1,-1,instant_velocity,dbscan_kmeans_fallback,False
4810,202,3.24116268823,4.51067021458,0.04333476607200004,0.004916391874000059,0.042724417254,0.0028639175964000076,0.03934712117195744,0.0031046046178851345,0.9936256236417002,0.11272826380910551,-1,-1,instant_velocity,dbscan_kmeans_fallback,False
4810,203,0.830074392363,4.12046144205,0.025445231753699993,0.006109690871999973,0.025445231753699993,0.006109690871999973,0.016720611099302313,0.004010558604200993,0.9723623381377507,0.23347530724427024,-1,-1,instant_velocity,dbscan_kmeans_fallback,False
4810,204,12.5028903024,3.78132586666,-0.05495244011999993,0.02651510374799999,-0.05495244011999993,0.02651510374799999,-0.04565014115010599,0.025653799623811802,-0.9006391253336019,0.434567414942455,-1,-1,instant_velocity,dbscan_kmeans_fallback,False
4810,263,7.19432884233,10.5208399508,-0.0003577906860000368,0.031216701809999848,0.009037371807400003,0.0236559593482,0.009063487006817951,0.02392981575041485,-0.011460758252746889,0.9999340030121905,-1,-1,instant_velocity,dbscan_kmeans_fallback,False
4810,291,12.9132972662,9.54376673074,-0.017910580829999922,0.00883041258899997,-0.01988053425399997,0.007250484715200009,-0.018974451810775117,0.007098546552982944,-0.8969141712102895,0.44220353677429286,-1,-1,instant_velocity,dbscan_kmeans_fallback,False
4810,362,4.03230103532,9.70366879655,-0.003998837082000062,0.019331443776999892,-0.005669930053200005,0.018620237573599995,-0.005128121546283426,0.0176611429227565,-0.20256800076387,0.979267681449885,2,2,instant_velocity,dbscan_kmeans_fallback,False
4810,363,4.39872079117,10.1330177762,-0.005850930047999992,0.014987835419000107,-0.009529860164000006,0.02015243348720002,-0.008475148478580947,0.0180110132850997,-0.36365114079737604,0.9315345429682217,2,2,instant_velocity,dbscan_kmeans_fallback,False
4810,366,2.10465109626,6.92113419169,-0.051121975128000006,-0.0008591752790000129,-0.05408953317360001,-3.818556799998873e-05,-0.053994433293707664,-0.0027046987014773573,-0.9998586071711315,-0.016804002498454113,-1,-1,instant_velocity,dbscan_kmeans_fallback,False
4810,369,14.2169181552,11.9807219456,0.026308138699999973,-0.047731959940000124,0.026308138699999973,-0.047731959940000124,0.013001692611750014,-0.03033747910095003,0.4827011386395467,-0.8757849301035999,-1,-1,instant_velocity,dbscan_kmeans_fallback,False
4810,401,9.83882294477,12.6365590752,-0.010144418283999989,0.012362577619999903,-0.011192534530600007,0.009197948679999967,-0.012141593509591628,0.011095146806228376,-0.6343447982143955,0.7730494333161951,3,3,instant_velocity,dbscan_kmeans_fallback,False
4810,402,10.0286624737,12.0761858655,-0.01906813892999999,0.005966494990000015,-0.020427743539999987,0.005971268187999996,-0.02032991359640606,0.0064552234592556434,-0.9543696940540876,0.29862599696202047,3,3,instant_velocity,dbscan_kmeans_fallback,False
4810,433,11.4152066159,5.02211816537,0.017447557590000072,-0.031312165722,0.005535232384000004,-0.030620052303199988,0.006786228787606521,-0.0278706780455258,0.4867490312506837,-0.8735415402944258,-1,-1,instant_velocity,dbscan_kmeans_fallback,False
4820,190,14.740555348,5.00755991759,0.037757440669999906,-0.0014080928180000285,0.03673458023399998,-0.0019283711815999993,0.03658537372407947,-0.0007530861222561991,0.9993050715762227,-0.03726720533247115,-1,-1,instant_velocity,dbscan_kmeans_fallback,False
4820,191,4.18825568155,11.1406394506,-0.018036859894999945,0.035464846240000014,-0.0199563016946,0.033713083307,-0.019393482022459513,0.03376857973661854,-0.45332418885624104,0.8913454308704861,0,0,instant_velocity,dbscan_kmeans_fallback,False
4820,192,4.63717776038,10.6151105717,-0.01871034824599995,0.04066762988000008,-0.01968269705219999,0.025297938770600013,-0.019217614258047314,0.03027724458815341,-0.4179652234253369,0.9084627814240194,0,0,instant_velocity,dbscan_kmeans_fallback,False
4820,193,10.6364857103,11.4444533757,0.023340580660000044,0.021049794340000004,0.02681746426940002,0.019823082965999994,0.027281926425171632,0.01971397830248088,0.7426089521249077,0.6697248001229541,-1,-1,instant_velocity,dbscan_kmeans_fallback,False
4820,198,5.52912889497,9.09604094648,-0.02986499905599995,0.017708557139000013,-0.032306394327599984,0.012668062168800027,-0.03246566882744288,0.010853212967414195,-0.8601550864558875,0.5100320099908194,-1,-1,instant_velocity,dbscan_kmeans_fallback,False
4820,200,3.6711429072,7.26217904548,-0.03908337085699998,0.010238505407999999,-0.0444628590594,0.012806484852600004,-0.043849218950480245,0.011425077629288925,-0.9673575174044455,0.2534145585766682,-1,-1,instant_velocity,dbscan_kmeans_fallback,False
4820,201,4.36609869918,5.40445116451,-0.06713836997099998,0.019617835535999984,-0.06758034670079999,0.0188302581974,-0.06798828483475827,0.016873179153290962,-0.9598621262405027,0.28047176805089435,-1,-1,instant_velocity,dbscan_kmeans_fallback,False
4820,202,3.90370685333,4.38680577853,0.06625441651,-0.012386443604999986,0.0476871845388,0.0006873402232000103,0.04741930977337021,-0.0015427098489804022,0.9829693448282127,-0.18376879605181873,-1,-1,instant_velocity,dbscan_kmeans_fallback,False
4820,203,1.0845267099,4.18155835078,0.025445231753700004,0.006109690872999974,0.025445231753700004,0.006109690872999974,0.01933799729562162,0.004640298284840688,0.9723623381290754,0.23347530728040103,-1,-1,instant_velocity,dbscan_kmeans_fallback,False
4820,204,11.9386333435,4.00852999599,-0.05642569589000015,0.022720412933,-0.06054239343600003,0.0332453101002,-0.048882807572074236,0.024773783616568262,-0.9276230066634612,0.3735173740458904,-1,-1,instant_velocity,dbscan_kmeans_fallback,False
4820,263,7.18738349371,10.847087897,-0.0006945348620000403,0.03262479462000005,0.0045586742743999945,0.02728836149980001,0.006136080446172553,0.026538309411290407,-0.021283730004185823,0.9997731692466937,-1,-1,instant_velocity,dbscan_kmeans_fallback,False
4820,291,12.7562902944,9.69269044576,-0.015700697180000132,0.014892371502000045,-0.018680883130000013,0.009073845585000023,-0.017992325421542624,0.009436694037688074,-0.725536310339643,0.6881832155537612,-1,-1,instant_velocity,dbscan_kmeans_fallback,False
4820,362,3.9925231296,9.89722189412,-0.003977790571999984,0.01935530975699997,-0.005105883559400004,0.018801619021399995,-0.004783022253998393,0.018169392973029542,-0.2013068332804678,0.9795277161575566,1,1,instant_velocity,dbscan_kmeans_fallback,False
4820,363,4.39872079117,10.2559275731,0.0,0.012290979689999837,-0.007740906731999999,0.0174030725954,-0.005932603935006663,0.01629500320656974,0.0,0.9999991863958678,1,1,instant_velocity,dbscan_kmeans_fallback,False
4820,366,1.59090576366,6.92113419169,-0.05137453326000001,0.0,-0.052788858796199996,-0.00023865979980000062,-0.05320846328359537,-0.0018932890910341499,-0.9999998053510676,0.0,-1,-1,instant_velocity,dbscan_kmeans_fallback,False
4820,369,14.5010460532,11.5034023462,0.02841278979999995,-0.04773195993999994,0.02841278979999995,-0.04773195993999994,0.017625021768224995,-0.035555823352665,0.5114958490811256,-0.8592855382971434,-1,-1,instant_velocity,dbscan_kmeans_fallback,False
4820,370,12.582656579,13.5191230146,0.0,0.0,0.0,0.0,0.0,0.0,0.0,0.0,-1,-1,instant_velocity,dbscan_kmeans_fallback,False
4820,402,9.83798108434,12.1358508154,-0.01906813893599999,0.005966494990000015,-0.0212822318852,0.005489175391999978,-0.01995138119828424,0.006308604918478955,-0.9543696940808679,0.29862599687643415,-1,-1,instant_velocity,dbscan_kmeans_fallback,False
4820,433,11.7258531177,4.85171506837,0.03106465017999991,-0.017040309700000034,0.011424046150000002,-0.030171371879799996,0.014069755205324538,-0.02462156754186807,0.8767543686459209,-0.48093784690913055,-1,-1,instant_velocity,dbscan_kmeans_fallback,False
4830,191,4.0078870826,11.495287913,-0.018036859895000035,0.035464846240000014,-0.01923651101980001,0.03481091838619999,-0.01898649538422167,0.03427745968763298,-0.4533241888562428,0.8913454308704851,0,0,instant_velocity,dbscan_kmeans_fallback,False
4830,192,4.44902195237,10.9668951164,-0.018815580801000032,0.03517845446999992,-0.01937120869000001,0.029498351244,-0.01909700422093313,0.03174760755270736,-0.4716365044090173,0.8817927797296966,0,0,instant_velocity,dbscan_kmeans_fallback,False
4830,193,10.8141182628,11.7150935885,0.017763255249999867,0.027064021280000006,0.02450234806299999,0.020028330392000023,0.0244263250726201,0.02191899119573662,0.5487100614360837,0.8360123507911869,-1,-1,instant_velocity,dbscan_kmeans_fallback,False
4830,198,5.23047890441,9.27312651787,-0.02986499905600004,0.017708557139000013,-0.031515045515400006,0.014639392114600015,-0.031685467896010025,0.012909816218889942,-0.860155086455888,0.5100320099908182,-1,-1,instant_velocity,dbscan_kmeans_fallback,False
4830,200,3.28030919862,7.36432543976,-0.039083370858000024,0.010214639428000005,-0.04274546376500001,0.012935361144600001,-0.04241946452273618,0.01106194616890225,-0.9675021892111874,0.25286165936145233,-1,-1,instant_velocity,dbscan_kmeans_fallback,False
4830,201,3.69829290634,5.60182281887,-0.06678057928400002,0.01973716543599995,-0.06830855597999999,0.0189591344892,-0.0676259731695308,0.01773237503810366,-0.9589920471290927,0.28343247226862667,-1,-1,instant_velocity,dbscan_kmeans_fallback,False
4830,202,4.56625101844,4.26318000228,0.06625441651099999,-0.012362577624999992,0.05249841694500001,-0.001999969121599996,0.05306984179465914,-0.00478867018178628,0.9830332505843958,-0.18342663792515584,-1,-1,instant_velocity,dbscan_kmeans_fallback,False
4830,203,1.35055460847,4.23668876451,0.026602789856999997,0.00551304137300006,0.025680952676566,0.005985587776800001,0.021517435064035133,0.0049021212112884995,0.9791941658598434,0.20292375264412857,-1,-1,instant_velocity,dbscan_kmeans_fallback,False
4830,204,11.359854292,4.19730989756,-0.05787790514999998,0.018877990157000025,-0.059165951618,0.028944660509200002,-0.051581336845451964,0.02300504557869779,-0.950706634019786,0.31009122449588433,-1,-1,instant_velocity,dbscan_kmeans_fallback,False
4830,263,7.18043814509,11.1733358432,-0.0006945348619999514,0.03262479462000005,8.418604380000972e-05,0.030920763651200004,0.004086895853720802,0.0283642549739033,-0.0212837300041831,0.9997731692466937,-1,-1,instant_velocity,dbscan_kmeans_fallback,False
4830,291,12.6089647177,9.86786673875,-0.014732557670000012,0.017517629298999894,-0.017291813406000004,0.011417484818199987,-0.01701439509607984,0.01186097461608162,-0.6436463316754575,0.7653224980012441,-1,-1,instant_velocity,dbscan_kmeans_fallback,False
4830,362,3.96011150271,10.0922069505,-0.00324116268900001,0.01949850563800002,-0.0044450231154,0.019078464389399984,-0.0043204643844988785,0.018568126772520687,-0.16397613738598638,0.9864637928139841,1,1,instant_velocity,dbscan_kmeans_fallback,False
4830,363,4.39872079117,10.3788373699,0.0,0.012290979680000013,-0.005846720745400003,0.014987835421199983,-0.004152822754504664,0.015093796148598822,0.0,0.9999991863958672,1,1,instant_velocity,dbscan_kmeans_fallback,False
4830,366,1.07716043106,6.92113419169,-0.05137453325999999,0.0,-0.051488184418799994,-0.00043913403139999473,-0.052658284276516754,-0.001325302363723905,-0.9999998053510676,0.0,-1,-1,instant_velocity,dbscan_kmeans_fallback,False
4830,369,14.8167437176,11.0260827468,0.03156976644,-0.04773195993999994,0.022982789970000007,-0.046586392904,0.021808445169757495,-0.03920866432886549,0.5516533930843173,-0.8340732488316018,-1,-1,instant_velocity,dbscan_kmeans_fallback,False
4830,370,12.7849135493,13.3081477516,0.020225697030000055,-0.021097526299999992,0.020225697030000055,-0.021097526299999992,0.0060677091090000175,-0.006329257889999999,0.6920341429509104,-0.7218642951958005,-1,-1,instant_velocity,dbscan_kmeans_fallback,False
4830,402,9.68812992628,12.2024368995,-0.01498511580600006,0.006658608410000077,-0.0195437900804,0.005828072308000003,-0.018461501580598987,0.006413605965935291,-0.9138436491866672,0.40606473027476303,-1,-1,instant_velocity,dbscan_kmeans_fallback,False
4830,433,12.0731205486,4.54981042174,0.03472674309000005,-0.03019046466299997,0.018045278499999994,-0.03235272244899999,0.020266851570727194,-0.02629223667820764,0.7546774850062605,-0.6560956172594291,-1,-1,instant_velocity,dbscan_kmeans_fallback,False
4840,191,3.82751848365,11.8496977156,-0.01803685989499999,0.035440980259999935,-0.018777697080799998,0.03505435138199999,-0.018701604737455167,0.034626515859343066,-0.45356667363101827,0.8912220652779408,0,0,instant_velocity,dbscan_kmeans_fallback,False
4840,192,4.25876149327,11.2363420303,-0.01902604591000001,0.026944691389999952,-0.0190976040474,0.03205201110139999,-0.019075716727653194,0.03030673270389514,-0.576809760169813,0.8168781391590518,0,0,instant_velocity,dbscan_kmeans_fallback,False
4840,193,10.9919612804,11.9854951416,0.017784301760000076,0.027040155309999925,0.022603952773600007,0.021846918066,0.02243371807883409,0.02345534043001561,0.549502593130206,0.8354916409992587,-1,-1,instant_velocity,dbscan_kmeans_fallback,False
4840,198,4.97371147067,9.45474662545,-0.025676743374000034,0.01816201075799988,-0.030020743237000005,0.015956794208799998,-0.02988285053940703,0.014485474580622923,-0.8164092071571256,0.5774732639315995,-1,-1,instant_velocity,dbscan_kmeans_fallback,False
4840,200,2.88947549005,7.46671049383,-0.03908337085699998,0.010238505406999998,-0.041524766129,0.012033227101400002,-0.04141863642301531,0.010814913940331574,-0.967357517410513,0.2534145585535066,-1,-1,instant_velocity,dbscan_kmeans_fallback,False
4840,201,3.03069757861,5.79943313304,-0.066759532773,0.01976103141700003,-0.0683043466778,0.019164381916999994,-0.06736604105057156,0.01834097195177257,-0.9588745068027428,0.2838298661903281,-1,-1,instant_velocity,dbscan_kmeans_fallback,False
4840,202,5.23005797419,4.13836092703,0.06638069557500001,-0.012481907525000047,0.057111812147800006,-0.0054796290014,0.057063097928761394,-0.00709664138475041,0.9827766374345667,-0.18479660389109684,-1,-1,instant_velocity,dbscan_kmeans_fallback,False
4840,203,1.64352204107,4.27821556966,0.02929674326,0.004152680515000018,0.02644704567562,0.005598958901200008,0.023851227522824592,0.004677289002401955,0.9901026658809691,0.14034256340250542,-1,-1,instant_velocity,dbscan_kmeans_fallback,False
4840,204,10.7886519845,4.39515887152,-0.057120230750000014,0.019784897395999933,-0.05763797492200002,0.024825392366199992,-0.05324300501681638,0.022039001123888433,-0.94492192890203,0.3272953061478485,-1,-1,instant_velocity,dbscan_kmeans_fallback,False
4840,263,7.17686023823,11.452329149,-0.0003577906860000368,0.027899330580000027,-0.00042093021920001304,0.03083961931800001,0.00275348989180455,0.02822477765573232,-0.01282328758966722,0.999917419836079,-1,-1,instant_velocity,dbscan_kmeans_fallback,False
4840,291,12.4616391409,10.0428043719,-0.014732557680000013,0.017493763315000167,-0.016201604140000006,0.013517691055000008,-0.01632984387125589,0.013550811225757185,-0.6441602150905428,0.7648900200832979,-1,-1,instant_velocity,dbscan_kmeans_fallback,False
4840,362,3.99399638536,10.300079636,0.0033884882650000226,0.020787268549999995,-0.0024624417825999958,0.019617835535799984,-0.002007778589649208,0.019233869305764477,0.16088432691961582,0.98697278774965,1,1,instant_velocity,dbscan_kmeans_fallback,False
4840,363,4.39745800052,10.5291930438,-0.00012627906499993458,0.015035567390000004,-0.003531604539399993,0.014458010667399997,-0.002944859647653245,0.015076327521019176,-0.00839838791870102,0.9999640678291092,1,1,instant_velocity,dbscan_kmeans_fallback,False
4840,366,0.563204633358,6.92113419169,-0.051395579770200005,0.0,-0.051273510007039995,-0.00033889691559998883,-0.052279472924621734,-0.0009277116546067334,-0.9999998054307764,0.0,-1,-1,instant_velocity,dbscan_kmeans_fallback,False
4840,370,12.9873809848,13.0969338289,0.02024674354999991,-0.021121392270000074,0.02024674354999991,-0.021121392270000074,0.010321419441299986,-0.010766898204000022,0.6920014929329839,-0.7218955950900706,-1,-1,instant_velocity,dbscan_kmeans_fallback,False
4840,402,9.59994504535,12.2795240149,-0.008818488093000098,0.007708711539999946,-0.016572022731000013,0.006372216653999984,-0.01556859753431932,0.006802137638154688,-0.752891836304057,0.65814297481399,-1,-1,instant_velocity,dbscan_kmeans_fallback,False
4840,433,12.4748984428,4.05077278054,0.04017778942000003,-0.04990376412000001,0.025449441056000027,-0.0348013719942,0.026240132925509044,-0.03337569491074535,0.627116764568699,-0.7789250614956783,-1,-1,instant_velocity,dbscan_kmeans_fallback,False
4850,191,3.56170105019,12.1329868978,-0.026581743346000008,0.028328918220000075,-0.0200236505298,0.03388014516600002,-0.021065646320018616,0.03273723656754017,-0.6842612367767849,0.7292366179843726,0,0,instant_velocity,dbscan_kmeans_fallback,True
4850,192,4.06871149928,11.5057889442,-0.019004999398999977,0.02694469139000013,-0.0188534645202,0.03408061939940001,-0.01905450152905723,0.029298120309726637,-0.5763837511469526,0.8171787838984341,0,0,instant_velocity,dbscan_kmeans_fallback,True
4850,193,11.1695938329,12.2558966947,0.017763255250000044,0.0270401553100001,0.020743441203999992,0.023846887187999998,0.021032579230183875,0.02453078489401096,0.5490484106960745,0.8357901797268008,0,-1,instant_velocity,dbscan_kmeans_fallback,True
4850,198,4.77987310471,9.64304920742,-0.01938383659599996,0.018830258197000127,-0.027263650300800003,0.017407845791000014,-0.026733146356384907,0.015788909665536085,-0.7172745750523419,0.6967901003233969,0,-1,instant_velocity,dbscan_kmeans_fallback,True
4850,200,2.54746968691,7.51515843318,-0.034200580314000015,0.0048447939349999915,-0.0393275103846,0.010057123959999999,-0.03925321959031072,0.009023877938732099,-0.9901147110613697,0.14025790507246977,0,-1,instant_velocity,dbscan_kmeans_fallback,True
4850,201,2.39151504067,5.90539808411,-0.063918253794,0.010596495106999981,-0.0670036723004,0.01761309321879999,-0.0663317048736001,0.016017628898340793,-0.9865349359424574,0.16354972173191765,0,-1,instant_velocity,dbscan_kmeans_fallback,True
4850,202,5.89660097638,4.01115525378,0.06665430021900001,-0.012720567324999977,0.06177571897740001,-0.00900702084119999,0.059940458615832984,-0.008783819166825281,0.9822719683222798,-0.18746062389748186,1,-1,instant_velocity,dbscan_kmeans_fallback,True
4850,203,1.93627900855,4.31974237481,0.029275696747999992,0.004152680514999929,0.02721313867448,0.005207556829599991,0.025478568290377212,0.004519906456181347,0.990088641413479,0.14044146736153734,0,-1,instant_velocity,dbscan_kmeans_fallback,True
4850,204,10.2862717678,4.67224289899,-0.05023802166999989,0.027708402746999993,-0.05532285871599999,0.02312136139619999,-0.05234151001277143,0.0237398216108219,-0.8756448064394537,0.4829553026494264,0,-1,instant_velocity,dbscan_kmeans_fallback,True
4850,205,0.289179060625,5.33810374019,0.0,0.0,0.0,0.0,0.0,0.0,0.0,0.0,0,-1,instant_velocity,dbscan_kmeans_fallback,True
4850,263,7.17686023823,11.6840678146,0.0,0.02317386656,-0.00042093021920001304,0.029507897637999995,0.0019274429242631848,0.02670950432701262,0.0,0.9999995684796208,0,0,instant_velocity,dbscan_kmeans_fallback,True
4850,291,12.338937982,10.2234698403,-0.012270115889999999,0.01806654683999991,-0.015069301850000017,0.015360144708999997,-0.015111925476879123,0.014905531910030002,-0.5618357521327664,0.8272482528519299,0,-1,instant_velocity,dbscan_kmeans_fallback,True
4850,362,4.02809173312,10.5079523216,0.0034095347760000117,0.020787268559999995,-0.0008839534604000043,0.019951959256399972,-0.0003825845799544417,0.019699889082035134,0.16185750803154098,0.9868136590327556,0,0,instant_velocity,dbscan_kmeans_fallback,True
4850,363,4.39114404723,10.7895708852,-0.0006313953290000285,0.02603778414000004,-0.001321720888399991,0.0161286292638,-0.00225082035205728,0.018364764506713437,-0.024242060209103192,0.9997057340180049,0,0,instant_velocity,dbscan_kmeans_fallback,True
4850,370,13.1896379551,12.8857199061,0.020225697030000055,-0.021121392279999894,0.020225697030000055,-0.021121392279999894,0.013292702717910007,-0.013873246426799983,0.6916263421372121,-0.7222550234878821,1,-1,instant_velocity,dbscan_kmeans_fallback,True
4850,402,9.51176016442,12.3563724704,-0.008818488092999921,0.007684845550000041,-0.014151673971600012,0.006797031096000019,-0.0135435647019235,0.007066950011708295,-0.7539019532056253,0.6569856430182788,0,-1,instant_velocity,dbscan_kmeans_fallback,True
4850,433,12.8339519199,3.52595988097,0.03590534770999998,-0.05248128995700001,0.03186441759800001,-0.0361855988324,0.029139697360856323,-0.03910737342462175,0.564652727309912,-0.8253284091915111,1,-1,instant_velocity,dbscan_kmeans_fallback,True
4860,191,3.2864126868,12.4084003067,-0.027528836339000006,0.027541340890000043,-0.021644231873999997,0.032448186370000014,-0.023004603325713035,0.031178467864278133,-0.706946021686302,0.7072671410563179,0,0,instant_velocity,dbscan_kmeans_fallback,False
4860,192,3.86245569185,11.8060229722,-0.020625580742999982,0.030023402799999842,-0.019236511019799993,0.031951773985999986,-0.019525825293240054,0.029515705056808596,-0.566239519570081,0.8242404123869643,0,0,instant_velocity,dbscan_kmeans_fallback,False
4860,193,11.3474368506,12.5265369076,0.0177843017699999,0.027064021290000007,0.018887138937999984,0.02585162950600001,0.020058095992128683,0.025290755812807673,0.5491642057013918,0.8357141003916115,-1,-1,instant_velocity,dbscan_kmeans_fallback,False
4860,198,4.58582427363,9.8315904492,-0.019404883107999992,0.01885412417799994,-0.024839092237999995,0.018252701482199995,-0.02453466738186943,0.016708474019275242,-0.7172113869109867,0.6968551408135238,-1,-1,instant_velocity,dbscan_kmeans_fallback,False
4860,200,2.25471271942,7.50990791758,-0.02927569674899999,-0.0005250515600000227,-0.036145277926999994,0.007002278523599994,-0.0362599627379175,0.006159199089112461,-0.999838870143313,-0.017931834825941028,-1,-1,instant_velocity,dbscan_kmeans_fallback,False
4860,201,1.75233250274,6.01160169498,-0.06391825379299998,0.010620361087000063,-0.065702997923,0.0160665777166,-0.06560766954942006,0.014398448554938575,-0.9864754411852646,0.16390819159068712,-1,-1,instant_velocity,dbscan_kmeans_fallback,False
4860,202,6.56293351345,3.88371092074,0.06663325370699998,-0.012744433304000014,0.06643541650439999,-0.012539185876800004,0.06194829714318308,-0.0099720034079777,0.9821962080721797,-0.18785716393588953,-1,-1,instant_velocity,dbscan_kmeans_fallback,False
4860,203,2.22903597604,4.36126917996,0.02927569674900001,0.004152680515000018,0.02797923167354,0.0048161547582,0.026617706827964053,0.004409738673826948,0.9900886414141457,0.14044146735683763,1,1,instant_velocity,dbscan_kmeans_fallback,False
4860,204,9.78389155116,4.94956558626,-0.050238021664000064,0.027732268727000076,-0.05437997502480002,0.023364794392000007,-0.051710463508140014,0.024937555745675355,-0.8754688659250162,0.4832741626319332,-1,-1,instant_velocity,dbscan_kmeans_fallback,False
4860,205,0.554575563863,5.4159068349,0.026539650323800002,0.007780309471000013,0.026539650323800002,0.007780309471000013,0.007961895097140001,0.0023340928413000043,0.9596140790805525,0.281318495793443,1,1,instant_velocity,dbscan_kmeans_fallback,False
4860,206,0.231511620588,4.72546403433,0.0,0.0,0.0,0.0,0.0,0.0,0.0,0.0,-1,-1,instant_velocity,dbscan_kmeans_fallback,False
4860,263,7.17686023823,11.9160451399,0.0,0.023197732529999904,-0.00034937208200000566,0.027904103782000006,0.0013492100469842292,0.025655972787908807,0.0,0.9999995689235713,2,2,instant_velocity,dbscan_kmeans_fallback,False
4860,291,12.2265496135,10.4062832469,-0.011238836849999956,0.018281340659999933,-0.013734953054000023,0.01725033032319999,-0.013949998888815372,0.015918274535020982,-0.5237179378810578,0.8518911841091757,-1,-1,instant_velocity,dbscan_kmeans_fallback,False
4860,362,4.06197661577,10.7158250071,0.003388488264999978,0.020787268549999995,0.0005935116090000037,0.020243124210999993,0.0007487372735318842,0.020026102922424592,0.16088432691961374,0.9869727877496504,2,2,instant_velocity,dbscan_kmeans_fallback,False
4860,363,4.38461962883,11.0499487267,-0.0006524418399999731,0.02603778415000004,-0.00028202324679998725,0.018338619009999987,-0.0017713067984400882,0.020666670399699417,-0.025049629997337116,0.9996858247289241,2,2,instant_velocity,dbscan_kmeans_fallback,False
4860,370,13.3921053906,12.6747446432,0.02024674354999991,-0.02109752628999999,0.02024674354999991,-0.02109752628999999,0.015378914967536978,-0.016040530385759987,0.6924091085854326,-0.7215046378071346,-1,-1,instant_velocity,dbscan_kmeans_fallback,False
4860,402,9.42336481837,12.4334595857,-0.008839534604999954,0.007708711529999945,-0.012105953106600004,0.007145474404000005,-0.012132355672846436,0.00725947846719579,-0.753668583393935,0.6572533462702116,-1,-1,instant_velocity,dbscan_kmeans_fallback,False
4860,433,13.022318193,2.89780728812,0.018836627309999975,-0.06281525928499998,0.032142231541999994,-0.042486217545,0.02604877634559942,-0.04621973918273522,0.28723661459523914,-0.957859500270889,-1,-1,instant_velocity,dbscan_kmeans_fallback,False
4870,191,3.00039060282,12.6668688698,-0.028602208397999984,0.025846856309999923,-0.023757301574600004,0.030524588383999997,-0.02468388484739912,0.02957898439799467,-0.7419398036182642,0.6704661132436115,0,0,instant_velocity,dbscan_kmeans_fallback,False
4870,192,3.61831616468,12.1783322598,-0.02441395271700002,0.037230928760000025,-0.020377231914000003,0.03126443376199997,-0.020992263520368044,0.03183027216776602,-0.5483604350186008,0.8362418215369124,0,0,instant_velocity,dbscan_kmeans_fallback,False
4870,193,11.5147566127,12.5986121671,0.01673197621,0.007207525950000004,0.01756541804799998,0.02308317582800001,0.019060260057490078,0.019865786853965374,0.9184139978119653,0.3956193003739029,-1,-1,instant_velocity,dbscan_kmeans_fallback,False
4870,198,4.39198590767,10.0198930312,-0.01938383659600005,0.01883025820000004,-0.022742859746000016,0.0184770416944,-0.022989418146108616,0.01734500927349268,-0.717274574996863,0.6967901003805071,1,1,instant_velocity,dbscan_kmeans_fallback,False
4870,200,1.96195575193,7.50489606179,-0.02927569674900001,-0.0005011855789999409,-0.034183743105400004,0.004854340326200007,-0.03416468294124225,0.00416108368867874,-0.9998531519136754,-0.017116995887515064,-1,-1,instant_velocity,dbscan_kmeans_fallback,False
4870,201,1.01823020037,6.17389035879,-0.07341023023700002,0.016228866380999917,-0.06695736997620001,0.015388783885599989,-0.06794843775569405,0.014947573902756979,-0.97642440198728,0.21585903081683194,-1,-1,instant_velocity,dbscan_kmeans_fallback,False
4870,202,7.23473814338,3.73598050471,0.06718046299300004,-0.014773041602999993,0.066620625801,-0.013016505476400004,0.06351794689812817,-0.011412314866484388,0.9766646387320056,-0.21476939421614663,-1,-1,instant_velocity,dbscan_kmeans_fallback,False
4870,203,2.52200340864,4.40279598511,0.02929674325999998,0.004152680515000018,0.0287495339748,0.004424752686600008,0.027421417757574833,0.004332621226178869,0.9901026658809691,0.1403425634025055,2,2,instant_velocity,dbscan_kmeans_fallback,False
4870,204,9.28151133449,5.22664961372,-0.05023802166699998,0.027708402745999994,-0.053142440180199986,0.024362392354600006,-0.05126873095579801,0.025768809845772747,-0.8756448064346287,0.4829553026581745,-1,-1,instant_velocity,dbscan_kmeans_fallback,False
4870,205,0.819972067101,5.4939485894,0.026539650323800002,0.007804175450000006,0.026539650323800002,0.007804175450000006,0.013535221665138,0.0039751176239100055,0.9593808498620369,0.28211285319683216,2,2,instant_velocity,dbscan_kmeans_fallback,False
4870,206,0.495645333168,4.829519707,0.026413371258,0.010405567267000038,0.026413371258,0.010405567267000038,0.007924011377400002,0.0031216701801000117,0.9304044637428507,0.3665335310069918,2,2,instant_velocity,dbscan_kmeans_fallback,False
4870,263,7.17686023823,12.1477838054,0.0,0.023173866549999998,-0.00021046510959999765,0.026013918167999996,0.0009444470328889604,0.024911340916536164,0.0,0.9999995684796206,1,1,instant_velocity,dbscan_kmeans_fallback,False
4870,291,12.11437171,10.5893353133,-0.011217790349999923,0.018305206640000016,-0.012838371687999981,0.017932897350799983,-0.013130336327170736,0.01663435416651469,-0.5225100138060518,0.8526326019445626,-1,-1,instant_velocity,dbscan_kmeans_fallback,False
4870,362,3.99399638536,10.9699976938,-0.00679802304099999,0.02541726867000005,2.94651152000025e-05,0.02145551599360001,-0.0015152908208276785,0.02164345264669723,-0.25837517078554495,0.9660442593244446,1,1,instant_velocity,dbscan_kmeans_fallback,False
4870,363,4.37830567554,11.3103265682,-0.0006313953290000285,0.02603778415000004,-0.00040830231259999296,0.02108797990200003,-0.0014293333576080702,0.022278004524789605,-0.024242060199798326,0.9997057340182307,1,1,instant_velocity,dbscan_kmeans_fallback,False
4870,370,13.6221437554,12.4535070088,0.02300383648000004,-0.022123763439999954,0.020789743527999994,-0.02131232011599998,0.017666391421275896,-0.01786550030203198,0.7207594191542536,-0.6931848476833048,-1,-1,instant_velocity,dbscan_kmeans_fallback,False
4870,433,13.2645635341,2.3328995422,0.02422453411000003,-0.056490774592000026,0.030774208328000013,-0.0503763105234,0.0255015036749196,-0.049301049805514655,0.39411442966503407,-0.9190612008703791,-1,-1,instant_velocity,dbscan_kmeans_fallback,False
4880,191,2.68911270569,12.8857199061,-0.03112778971300001,0.021885103630000024,-0.0263754875382,0.027808639862,-0.026617056307079386,0.02727082016759628,-0.8180490179573292,0.5751480492988222,-1,-1,instant_velocity,dbscan_kmeans_fallback,False
4880,192,3.37417663752,12.5506415473,-0.024413952715999977,0.037230928750000024,-0.021496906296999994,0.031674928617999996,-0.022018770279057624,0.033450469142436226,-0.5483604351058905,0.8362418214796725,-1,-1,instant_velocity,dbscan_kmeans_fallback,False
4880,193,11.6808135842,12.6489693848,0.016605697149999977,0.005035721770000024,0.017333906428,0.01867751592600001,0.018323891185243045,0.015416767328775767,0.9569647760524846,0.29020211029747106,-1,-1,instant_velocity,dbscan_kmeans_fallback,False
4880,198,4.28401730643,10.2688152023,-0.010796860123999963,0.024892217110000024,-0.018929231959599998,0.019913773688600003,-0.01933165073947602,0.019609171624444886,-0.39792477842603075,0.9174176440436995,0,0,instant_velocity,dbscan_kmeans_fallback,False
4880,200,1.66898831933,7.4996455462,-0.02929674326,-0.0005250515590000226,-0.0322264175858,0.0027064021288000007,-0.032704301036869575,0.002755243114375111,-0.9998391012682778,-0.017918956868726396,-1,-1,instant_velocity,dbscan_kmeans_fallback,False
4880,201,0.0631395328877,6.46768057223,-0.09550906674822998,0.029379021344000035,-0.072703067469046,0.017317155067200007,-0.07621662645345482,0.0192770081351299,-0.9558024928646945,0.2940091741503767,-1,-1,instant_velocity,dbscan_kmeans_fallback,False
4880,202,7.91874974966,3.53980214935,0.06840116062799995,-0.01961783553600003,0.0670499746244,-0.014467557058600011,0.06498291101708971,-0.013873971067339081,0.9612462247215503,-0.27569079490836845,-1,-1,instant_velocity,dbscan_kmeans_fallback,False
4880,203,2.80739409729,4.4152062947,0.028539068865000017,0.001241030958999989,0.0291367897764,0.0035703506037999943,0.02775671308980239,0.0034051441460252047,0.9990555019110325,0.043444262792729456,1,1,instant_velocity,dbscan_kmeans_fallback,False
4880,204,8.82353925594,5.48631147581,-0.04579720785500001,0.025966186208999976,-0.05072630072119999,0.025780031564999993,-0.0496272740255586,0.025828022754740915,-0.8699043868853659,0.49322000951255074,-1,-1,instant_velocity,dbscan_kmeans_fallback,False
4880,205,1.08536857034,5.57175168411,0.0265396503239,0.007780309470999924,0.0265396503239,0.007780309470999924,0.017436550262766602,0.005116675178036981,0.9596140790808395,0.28131849579246393,1,1,instant_velocity,dbscan_kmeans_fallback,False
4880,206,0.759568580639,4.93381403948,0.026392324747099998,0.010429433247999942,0.026392324747099998,0.010429433247999942,0.01346450538831,0.0053139991004699915,0.93001750974766,0.3675142538722416,1,1,instant_velocity,dbscan_kmeans_fallback,False
4880,291,12.0762775252,10.7707167611,-0.0038094184800000265,0.018138144779999976,-0.010653743849999984,0.018057000447,-0.010334060973019523,0.017085491350560277,-0.20553821123799154,0.978648539883411,-1,-1,instant_velocity,dbscan_kmeans_fallback,False
4880,362,3.92622662006,11.2239317207,-0.006776976530000001,0.025393402689999966,-0.0006776976529999957,0.022634495403999998,-0.0030937965335793753,0.02276843765968805,-0.25785445728458084,0.9661833769459367,0,0,instant_velocity,dbscan_kmeans_fallback,False
4880,363,4.2703370743,11.5296549242,-0.010796860123999963,0.021932835600000013,-0.0025676743373999854,0.023016351086000027,-0.004239591387525638,0.022174453847352726,-0.4416560694506259,0.8971839823570914,0,0,instant_velocity,dbscan_kmeans_fallback,False
4880,370,13.9628867679,12.1921745282,0.034074301250000084,-0.026133248060000013,0.023559464372000002,-0.022319464467999987,0.022588764369893155,-0.020345824629422388,0.7934980255425683,-0.6085724424539479,-1,-1,instant_velocity,dbscan_kmeans_fallback,False
4880,433,13.632877476,1.9152448927,0.03683139419000003,-0.04176546494999998,0.03119513854800001,-0.0526913105808,0.028900470829443733,-0.04704037434886025,0.6614146403579323,-0.7500202093024825,-1,-1,instant_velocity,dbscan_kmeans_fallback,False
4890,191,2.37783480855,13.1043322827,-0.031127789714000008,0.021861237659999942,-0.028993673502000005,0.025092691342,-0.027970276329155573,0.025647945415317376,-0.8183441166746376,0.5747280930210338,0,0,instant_velocity,dbscan_kmeans_fallback,False
4890,192,3.10225571588,12.8026662958,-0.027192092164000002,0.025202474850000024,-0.023130115547799993,0.03132648531000001,-0.023570766844540337,0.030976070854705367,-0.7334294537833612,0.6797651777488443,0,0,instant_velocity,dbscan_kmeans_fallback,False
4890,193,11.8468705557,12.6993266026,0.016605697150000154,0.005035721779999847,0.017098185506000015,0.014276629219999996,0.017808432974670177,0.01230245366414299,0.9569647758924458,0.2902021108252126,-1,-1,instant_velocity,dbscan_kmeans_fallback,False
4890,198,4.23287428479,10.5580708795,-0.005114302163999973,0.02892556771999999,-0.014816743717599987,0.022066485081000023,-0.015066446166833206,0.022404090453111418,-0.1741084921452725,0.984726130502287,0,0,instant_velocity,dbscan_kmeans_fallback,False
4890,200,1.37623135184,7.4943950306,-0.02927569674899999,-0.0005250515600000227,-0.030264882764200002,0.0005536907353999965,-0.0316757197505087,0.0017711547120625708,-0.999838870143313,-0.017931834825941028,-1,-1,instant_velocity,dbscan_kmeans_fallback,False
4890,202,8.60276135594,3.34386245379,0.06840116062800003,-0.019593969555999992,0.067454067635,-0.0158899694648,0.06600838590036281,-0.015589970613937354,0.9613350636631767,-0.27538085315501104,-1,-1,instant_velocity,dbscan_kmeans_fallback,False
4890,203,3.0896278093,4.4152062947,0.028223371201000002,0.0,0.0289221153646,0.0027398145007999906,0.027896710523161672,0.002383600902217643,0.9999996456838417,0.0,1,1,instant_velocity,dbscan_kmeans_fallback,False
4890,204,8.36535671229,5.7459733379,-0.04581825436500005,0.025966186208999976,-0.0484659054442,0.0270162893276,-0.048484568127391034,0.02586947179101863,-0.8700015872504062,0.49304853556198036,-1,-1,instant_velocity,dbscan_kmeans_fallback,False
4890,205,1.35055460847,5.64955477882,0.026518603812999995,0.007780309471000013,0.026518603812999995,0.007780309471000013,0.02016116632783662,0.0059157654659258915,0.9595537875720075,0.2815240754764251,1,1,instant_velocity,dbscan_kmeans_fallback,False
4890,206,1.02370229322,5.03786971215,0.026413371258099994,0.010405567267000038,0.026413371258099994,0.010405567267000038,0.017349165149246996,0.0068414695504290055,0.930404463743324,0.36653353100579067,1,1,instant_velocity,dbscan_kmeans_fallback,False
4890,291,12.0697531068,10.9516208893,-0.0006524418399999731,0.01809041282000017,-0.007837720681999975,0.018176330348,-0.0074295752331136585,0.017386967791392243,-0.03604216083711773,0.9993497174680421,-1,-1,instant_velocity,dbscan_kmeans_fallback,False
4890,362,3.85824638966,11.4781044074,-0.00679802303999999,0.02541726867000005,-0.002714999913999998,0.02356049542800001,-0.00420506448550556,0.02356308696278165,-0.2583751707500748,0.9660442593339312,0,0,instant_velocity,dbscan_kmeans_fallback,False
4890,363,4.15100335714,11.7444487439,-0.011933371716000086,0.021479381969999878,-0.004929092867600016,0.024305114002000004,-0.006547725486067973,0.021965932284146873,-0.4856546049150139,0.8741503250479061,0,0,instant_velocity,dbscan_kmeans_fallback,False
4890,370,14.2853193158,11.9442069963,0.03224325479000001,-0.024796753190000055,0.02595876662000002,-0.023054536651999982,0.02548511149592521,-0.02168110319759569,0.7926921114781684,-0.6096217882470217,-1,-1,instant_velocity,dbscan_kmeans_fallback,False
4890,433,13.9889844415,1.42790158169,0.03561069654999986,-0.048734331101000006,0.030281719973999977,-0.052457423977,0.030913538545610575,-0.047548561374502175,0.5899856773049992,-0.8074135057217713,-1,-1,instant_velocity,dbscan_kmeans_fallback,False
4900,191,2.06655691141,13.323183319,-0.031127789713999966,0.021885103630000024,-0.029902882775599996,0.02380392842399999,-0.028917530344608894,0.02451909287972217,-0.8180490179660224,0.5751480492864579,0,0,instant_velocity,dbscan_kmeans_fallback,False
4900,192,2.82317898052,13.0246199096,-0.027907673536000033,0.02219536138000002,-0.024910650375200002,0.030376619307999987,-0.024871838851978245,0.028341858012293764,-0.7826544502781524,0.62245598283857,0,0,instant_velocity,dbscan_kmeans_fallback,False
4900,193,12.006824039,12.7663900063,0.01599534832999989,0.0067063403700000634,0.016744604121999983,0.010209866231999988,0.01726450758126909,0.010623619675900113,0.9222223539441681,0.386658475625226,-1,-1,instant_velocity,dbscan_kmeans_fallback,False
4900,198,4.18194172826,10.8475652166,-0.005093255653000029,0.028949433709999896,-0.011958627529000001,0.024090320183599977,-0.012074489012683251,0.02436769343017796,-0.17327491761557826,0.9848731504697251,0,0,instant_velocity,dbscan_kmeans_fallback,False
4900,200,1.03127903717,7.46527853504,-0.034495231466999995,-0.00291164955599994,-0.030323812994799998,-0.0009975979627999897,-0.032521573265456086,0.0003663134316438172,-0.9964563381301353,-0.08410819499111075,-1,-1,instant_velocity,dbscan_kmeans_fallback,False
4900,202,9.32949737948,3.21975935793,0.07267360235399992,-0.012410309585999979,0.06865792806199998,-0.015827917917,0.06800795083645395,-0.014636072305556141,0.9857303926266324,-0.16833098875760505,-1,-1,instant_velocity,dbscan_kmeans_fallback,False
4900,203,3.37207198642,4.4152062947,0.02824441771199999,0.0,0.0287158595574,0.0019092783978000049,0.028001022679813165,0.00166852063155235,0.9999996459478626,0.0,-1,-1,instant_velocity,dbscan_kmeans_fallback,False
4900,204,7.90738463374,6.00587385979,-0.04579720785500001,0.025990052189000058,-0.04757774268120002,0.026672619216000015,-0.047678360045673725,0.02590564591041306,-0.8697098607637355,0.49356294257292016,-1,-1,instant_velocity,dbscan_kmeans_fallback,False
4900,205,1.62205459988,5.73642694591,0.027149999141000004,0.008687216709000013,0.0266575107851,0.007966464114399994,0.022257816171785634,0.006747200838848127,0.9524317861960123,0.3047507030941281,1,1,instant_velocity,dbscan_kmeans_fallback,False
4900,206,1.28762554069,5.14192538483,0.026392324746999995,0.010405567268000038,0.026392324746999995,0.010405567268000038,0.020062113028572897,0.007910698865700314,0.9303047611780078,0.3667865133130734,1,1,instant_velocity,dbscan_kmeans_fallback,False
4900,291,12.0634391535,11.1322863576,-0.0006313953300001174,0.01806654682999991,-0.005509976569999999,0.018176330346,-0.005390121262179596,0.017590841502974543,-0.0349269703546219,0.9993893137310309,-1,-1,instant_velocity,dbscan_kmeans_fallback,False
4900,362,3.68924290663,11.664497711,-0.016900348303000003,0.018639330359999918,-0.0067769765298,0.023130907787999994,-0.008013649630753893,0.02208595998194713,-0.6717036492820077,0.7408194197253558,0,0,instant_velocity,dbscan_kmeans_fallback,False
4900,363,4.0318801051,11.9592425636,-0.011912325203999962,0.021479381970000055,-0.007185278842600003,0.023393433568000006,-0.008157105401447571,0.021819967189902825,-0.484999685208058,0.8745138598479195,0,0,instant_velocity,dbscan_kmeans_fallback,False
4900,370,14.4431681481,11.818194622,0.015784883229999915,-0.012601237430000013,0.02507060385999999,-0.021350505682000004,0.02257504301614762,-0.018957143467316986,0.7815121024535103,-0.6238892878674296,-1,-1,instant_velocity,dbscan_kmeans_fallback,False
4900,433,14.3396193141,0.910964455506,0.03506348726000006,-0.0516937126184,0.030113347883999993,-0.05229990850928,0.03215852315992742,-0.048792106747671524,0.5613435862962449,-0.8275826592776858,-1,-1,instant_velocity,dbscan_kmeans_fallback,False
4910,191,1.75527901428,13.5420343553,-0.03112778971300001,0.021885103630000024,-0.030622673450399995,0.022672680971999988,-0.02958060815512623,0.023728896104805525,-0.8180490179573292,0.5751480492988222,0,0,instant_velocity,dbscan_kmeans_fallback,False
4910,192,2.54410224515,13.2468121831,-0.027907673536999987,0.022219227349999926,-0.026367068934000003,0.028815784218000004,-0.025782589257484768,0.026505068813605613,-0.7823284137093675,0.6228657098029763,0,0,instant_velocity,dbscan_kmeans_fallback,False
4910,193,12.1091100823,12.9857183622,0.010228604330000123,0.021932835590000012,0.015233464634000028,0.00918362909199999,0.0151537366058884,0.014016384450130082,0.4226572928488397,0.9062891295715979,1,1,instant_velocity,dbscan_kmeans_fallback,False
4910,198,4.08744289404,11.0960100681,-0.009449883422000038,0.02484448515000004,-0.00996762759180001,0.025288392378,-0.011287107335478287,0.024510730946124583,-0.35551278595561037,0.9346710151732144,0,0,instant_velocity,dbscan_kmeans_fallback,False
4910,200,0.680433699419,7.43353678167,-0.0350845337751,-0.0031741753370000403,-0.03148558040002,-0.0015274227181999933,-0.033290461418349265,-0.0006958331989493402,-0.9959320608574479,-0.09010417539437074,-1,-1,instant_velocity,dbscan_kmeans_fallback,False
4910,202,10.0989578203,3.1674928618,0.07694604408200015,-0.005226649613000012,0.07072048613700002,-0.0143243611788,0.0706893788101178,-0.011813245497789301,0.9977008414308665,-0.06776999102380461,-1,-1,instant_velocity,dbscan_kmeans_fallback,False
4910,203,3.65430569843,4.4152062947,0.028223371201000002,0.0,0.0285053944478,0.0010787422948000014,0.028067727236169217,0.001167964442086645,0.9999996456838417,0.0,-1,-1,instant_velocity,dbscan_kmeans_fallback,False
4910,204,7.44983348541,6.22830479312,-0.045755114832999946,0.022243093333000008,-0.046681161315,0.0255747841372,-0.047101386481871586,0.024806880137189145,-0.8993597659837615,0.43720889539313285,-1,-1,instant_velocity,dbscan_kmeans_fallback,False
4910,205,1.90765575365,5.84430117538,0.028560115377000005,0.010787422947000015,0.027061603795740005,0.008567886809599993,0.024148505933349947,0.007959267471293694,0.9354929446766226,0.35334444293905526,2,2,instant_velocity,dbscan_kmeans_fallback,False
4910,206,1.55175925327,5.2462197173,0.026413371258000008,0.010429433246999941,0.02640495265364,0.0104151136594,0.02196749049740103,0.008666319180090202,0.9301175774991014,0.36726092597703075,2,2,instant_velocity,dbscan_kmeans_fallback,False
4910,291,12.0325007824,11.3279873934,-0.003093837109999953,0.019570103580000088,-0.0038809766219999988,0.01843408293000003,-0.004701236016525703,0.018184620126082206,-0.15615064054101982,0.9877327411950156,1,1,instant_velocity,dbscan_kmeans_fallback,False
4910,362,3.50866384257,11.8434925608,-0.018057906406000024,0.017899484980000047,-0.011066255464,0.022553351074000007,-0.011026926663327732,0.020830017481363004,-0.7102149868019755,0.703984293805453,0,0,instant_velocity,dbscan_kmeans_fallback,False
4910,363,3.83046499518,12.1695018472,-0.02014151099200001,0.021025928359999925,-0.011083092673000011,0.02239106240999998,-0.011752427078613303,0.021581755540931953,-0.6917558548073719,0.7221309787318017,0,0,instant_velocity,dbscan_kmeans_fallback,False
4910,370,14.6010169803,11.6924209076,0.01578488322000009,-0.01257737143999993,0.024178231794000027,-0.019646474711999994,0.02053799507730336,-0.01704321185912187,0.7820883190260747,-0.6231668077729401,-1,-1,instant_velocity,dbscan_kmeans_fallback,False
4910,371,10.332574092,12.5091147422,0.0,0.0,0.0,0.0,0.0,0.0,0.0,0.0,-1,-1,instant_velocity,dbscan_kmeans_fallback,False
4910,433,14.6115402358,0.665860841201,0.02719209216999996,-0.024510361430500005,0.03178444085599999,-0.04463892893838001,0.03066859386294918,-0.04150758315252007,0.7427846712699028,-0.6695299737894526,-1,-1,instant_velocity,dbscan_kmeans_fallback,False
4920,191,1.44379065203,13.7606467319,-0.03114883622500002,0.021861237659999942,-0.031131999015800004,0.021875557241999993,-0.030051076576088367,0.023168598571363847,-0.8185267576376583,0.57446794642762,0,0,instant_velocity,dbscan_kmeans_fallback,False
4920,192,2.2652359749,13.4687657968,-0.027886627025,0.02219536137000002,-0.0270616037956,0.025808670740000005,-0.026413800587739338,0.025212156580523937,-0.7824256034011754,0.6227436181887761,0,0,instant_velocity,dbscan_kmeans_fallback,False
4920,193,12.2116065907,13.2050467181,0.01024965083999998,0.021932835590000012,0.013936999560000026,0.012128691019999992,0.013682510876121873,0.01639131979209106,0.4233712078100235,0.9059558456565914,-1,-1,instant_velocity,dbscan_kmeans_fallback,False
4920,198,3.8921312723,11.2494683193,-0.019531162173999972,0.01534582512,-0.009997092707399995,0.02459150576199999,-0.013760323787034793,0.021761259198287208,-0.7863197437126064,0.6178191122431103,0,0,instant_velocity,dbscan_kmeans_fallback,False
4920,200,0.329798826783,7.40155636851,-0.0350634872636,-0.003198041316000033,-0.032643138502940004,-0.0020667938656000117,-0.033822369171924486,-0.0014464956340645482,-0.9958661155442112,-0.09083012647236223,-1,-1,instant_velocity,dbscan_kmeans_fallback,False
4920,202,10.8686287262,3.11522636566,0.07696709059,-0.005226649614000012,0.07267781165640001,-0.012415082781000003,0.07257269234408247,-0.009837266732652514,0.997702094293982,-0.06775154453748003,-1,-1,instant_velocity,dbscan_kmeans_fallback,False
4920,203,3.95211382855,4.35578000457,0.029780813011999994,-0.0059426290130000226,0.0286022083982,-0.0009403196108000067,0.02858165296891845,-0.0009652135944393556,0.9806659618017913,-0.1956875386281982,-1,-1,instant_velocity,dbscan_kmeans_fallback,False
4920,204,6.99291373242,6.42615376708,-0.04569197529900002,0.019784897395999933,-0.045771952041400006,0.02399008306719999,-0.04667856312701012,0.02330028531483238,-0.9176650088385673,0.39735441343827765,-1,-1,instant_velocity,dbscan_kmeans_fallback,False
4920,205,2.19325690741,5.95217540485,0.028560115375999985,0.010787422947000015,0.02746569680618,0.009164536308999995,0.025471988766144957,0.008807714114005591,0.9354929446725327,0.3533444429498827,1,1,instant_velocity,dbscan_kmeans_fallback,False
4920,206,1.82767901199,5.30755528583,0.027591975871999998,0.006133556853000055,0.02664067357644,0.009560711576600003,0.023654836109780718,0.007906490481963157,0.9761716786125626,0.21699803293661893,1,1,instant_velocity,dbscan_kmeans_fallback,False
4920,264,0.402409289604,5.37414136995,0.0,0.0,0.0,0.0,0.0,0.0,0.0,0.0,-1,-1,instant_velocity,dbscan_kmeans_fallback,False
4920,291,11.9643100869,11.5454064709,-0.0068190695500000235,0.02174190774999989,-0.0030012324620000185,0.019121423152000005,-0.005336586076567999,0.01925180641325751,-0.2992631862539854,0.9541701460582938,-1,-1,instant_velocity,dbscan_kmeans_fallback,False
4920,362,3.32661152274,12.0203394724,-0.018205231982999993,0.017684691160000023,-0.013347697252400002,0.021006835572,-0.013180418259229412,0.01988641958495411,-0.717286804330391,0.6967774769127664,0,0,instant_velocity,dbscan_kmeans_fallback,False
4920,363,3.61999988556,12.3792838111,-0.021046510961999988,0.020978196390000113,-0.015166115799600002,0.021379144857999997,-0.014540652243629309,0.0214006877956524,-0.7082550665112547,0.7059561514168328,0,0,instant_velocity,dbscan_kmeans_fallback,False
4920,370,14.7588658125,11.5664085333,0.015784883219999914,-0.012601237430000013,0.022734441142000003,-0.017741969510000004,0.019112061520112328,-0.015710619530385314,0.7815121022607977,-0.6238892881088299,-1,-1,instant_velocity,dbscan_kmeans_fallback,False
4920,371,10.3266810689,12.4069683479,-0.0005893023100000505,-0.010214639430000005,-0.0005893023100000505,-0.010214639430000005,-0.00017679069300001517,-0.003064391829000002,-0.0575961075711723,-0.9983389873543309,-1,-1,instant_velocity,dbscan_kmeans_fallback,False
4920,433,14.8746216228,0.451067021458,0.026308138699999973,-0.0214793819743,0.03220116177399998,-0.037636650414839996,0.02936045731406442,-0.035499122799054046,0.7746126442894866,-0.6324355006086567,-1,-1,instant_velocity,dbscan_kmeans_fallback,False
4930,192,1.98615923954,13.6907194106,-0.02790767353599999,0.02219536138000002,-0.0277603479596,0.022801557266000003,-0.026861962472217532,0.024307118020366763,-0.782654450278152,0.6224559828385706,0,0,instant_velocity,dbscan_kmeans_fallback,False
4930,193,12.313892634,13.4243750741,0.010228604329999946,0.021932835600000013,0.012661580996000019,0.015508113785999988,0.012646338912285296,0.018053774534463746,0.42265729269055324,0.9062891296454166,-1,-1,instant_velocity,dbscan_kmeans_fallback,False
4930,198,3.69660918546,11.4029265705,-0.019552208684000004,0.01534582512,-0.011748162419400004,0.022682227363999986,-0.015497889256124357,0.019836628974801044,-0.7866428463986279,0.6174076672274312,0,0,instant_velocity,dbscan_kmeans_fallback,False
4930,202,11.617042656,3.0856325505,0.07484139297999999,-0.0029593815159999703,0.07396585812680001,-0.009083391976999993,0.07325330253485773,-0.00777390116765675,0.9992189956362917,-0.03951115964546945,-1,-1,instant_velocity,dbscan_kmeans_fallback,False
4930,203,4.26002428393,4.25697484749,0.030791045538000005,-0.009880515707999925,0.0290526037328,-0.00316462894419999,0.029244470739642918,-0.003639804228507527,0.9521777577081489,-0.3055436126789801,-1,-1,instant_velocity,dbscan_kmeans_fallback,False
4930,204,6.53578351431,6.62376408125,-0.04571302181099997,0.01976103141700003,-0.045755114832599995,0.022749052108800003,-0.046388900732207076,0.022238509145482675,-0.9179063085019642,0.39679668246751265,-1,-1,instant_velocity,dbscan_kmeans_fallback,False
4930,205,2.47906852628,6.06028829412,0.028581161886999995,0.010811288927000007,0.027873999118799998,0.009770732200200012,0.02640474070240147,0.009408786557903916,0.9353206598377644,0.35380023852346487,1,1,instant_velocity,dbscan_kmeans_fallback,False
4930,206,2.11580574707,5.32640941,0.028812673508000007,0.0018854124169999764,0.02712474332862,0.007851907410400009,0.025202187329246506,0.006100167062474203,0.9978655109469204,0.06529723888041737,1,1,instant_velocity,dbscan_kmeans_fallback,False
4930,207,14.8449460423,0.564669086122,0.0,0.0,0.0,0.0,0.0,0.0,0.0,0.0,-1,-1,instant_velocity,dbscan_kmeans_fallback,False
4930,264,0.637498817056,5.4161454947,0.023508952745199995,0.0042004124750000035,0.023508952745199995,0.0042004124750000035,0.007052685823559999,0.0012601237425000013,0.9844098744304749,0.17588735499565006,1,1,instant_velocity,dbscan_kmeans_fallback,False
4930,265,0.276130223829,4.62689753704,0.0,0.0,0.0,0.0,0.0,0.0,0.0,0.0,2,2,instant_velocity,dbscan_kmeans_fallback,False
4930,266,0.234879062342,6.31064242402,0.0,0.0,0.0,0.0,0.0,0.0,0.0,0.0,2,2,instant_velocity,dbscan_kmeans_fallback,False
4930,291,11.8963298565,11.7630642083,-0.00679802303999999,0.021765773739999973,-0.0035989533740000113,0.019846948944000006,-0.005775017165597597,0.02000599661128025,-0.2981237867716047,0.9545267574413451,-1,-1,instant_velocity,dbscan_kmeans_fallback,False
4930,362,3.12940571502,12.176900301,-0.019720580772000007,0.015656082859999997,-0.0159364181008,0.019059371606000006,-0.01514246701306059,0.018617318567467872,-0.7831952112586481,0.6217752542273146,0,0,instant_velocity,dbscan_kmeans_fallback,False
4930,363,3.40953477593,12.5888271153,-0.021046510962999986,0.020954330420000035,-0.017216045967400007,0.021183443822000003,-0.01649240985944051,0.02126678058295669,-0.7086567449104432,0.705552935273717,0,0,instant_velocity,dbscan_kmeans_fallback,False
4930,370,14.9167146447,11.4403961591,0.01578488322000009,-0.012601237420000012,0.019076557536000002,-0.015035567382000004,0.018113908030078656,-0.014777804897269724,0.7815121025022015,-0.6238892878064365,-1,-1,instant_velocity,dbscan_kmeans_fallback,False
4930,371,10.3205775807,12.3045832938,-0.0006103488199999063,-0.01023850540999991,-0.0006103488199999063,-0.01023850540999991,-0.00030685813109998256,-0.005216625903299975,-0.05950737724423355,-0.9982268890928374,-1,-1,instant_velocity,dbscan_kmeans_fallback,False
4940,193,12.4163891424,13.64370343,0.01024965083999998,0.021932835590000012,0.011390371733999984,0.01888753654800002,0.011927332490599702,0.019217492851124625,0.4233712078100235,0.9059558456565914,-1,-1,instant_velocity,dbscan_kmeans_fallback,False
4940,198,3.50129756373,11.5561461619,-0.019531162172999973,0.01532195913999992,-0.014631534421200004,0.01996150564799997,-0.01670787113118704,0.018482228024360704,-0.7867865748627195,0.617224497199258,0,0,instant_velocity,dbscan_kmeans_fallback,False
4940,202,12.3162077502,3.10878255107,0.06991650941999997,0.002315000056999983,0.0742689278852,-0.004701598054399998,0.0722522646004004,-0.00474723080025973,0.9994521408851367,0.03309278140902143,-1,-1,instant_velocity,dbscan_kmeans_fallback,False
4940,203,4.56814520442,4.15793103061,0.03081209204900004,-0.009904381688000008,0.029570347902400006,-0.005145505281799991,0.029714757132450056,-0.005519177466355271,0.9520238117042682,-0.3060229468414084,-1,-1,instant_velocity,dbscan_kmeans_fallback,False
4940,204,6.07949515664,6.81994243661,-0.04562883576700001,0.019617835535999984,-0.04571723111299999,0.021479381974200004,-0.046160881242644954,0.021452307062637867,-0.91868773456206,0.3949841056127356,-1,-1,instant_velocity,dbscan_kmeans_fallback,False
4940,205,2.76908944734,6.15861613161,0.029002092106,0.00983278374899994,0.028370696777399996,0.010181227055799998,0.02718394612348103,0.009535985715232724,0.9470500202209899,0.32108504497827256,1,1,instant_velocity,dbscan_kmeans_fallback,False
4940,206,2.40372201703,5.34526353418,0.02879162699600002,0.0018854124179999766,0.027600394476200007,0.0061478764405999975,0.02627901922927256,0.004835740669131935,0.997862399460054,0.0653447670622649,1,1,instant_velocity,dbscan_kmeans_fallback,False
4940,207,14.5982809338,0.844378371386,-0.024666510850000024,0.027970928526400006,-0.024666510850000024,0.027970928526400006,-0.007399953255000008,0.008391278557920004,-0.661414581754704,0.7500201429007363,-1,-1,instant_velocity,dbscan_kmeans_fallback,False
4940,264,0.872798809617,5.45838827925,0.023529999256099998,0.004224278454999997,0.023529999256099998,0.004224278454999997,0.011995879853321999,0.0021493701562499998,0.9842639190668392,0.17670229489148945,1,1,instant_velocity,dbscan_kmeans_fallback,False
4940,265,0.598562771775,4.73882898311,0.032243254794599996,0.011193144607000072,0.032243254794599996,0.011193144607000072,0.00967297643838,0.003357943382100022,0.9446954463480901,0.3279480563581184,1,1,instant_velocity,dbscan_kmeans_fallback,False
4940,266,0.53394998312,6.37985376594,0.029907092077799995,0.006921134192,0.029907092077799995,0.006921134192,0.00897212762334,0.0020763402576000002,0.9742515293236951,0.22546242722861656,1,1,instant_velocity,dbscan_kmeans_fallback,False
4940,291,11.828139161,11.9807219456,-0.0068190695500000235,0.021765773729999972,-0.004832278916000021,0.020582021125999966,-0.006088232880918325,0.020533929746896166,-0.2989643906172614,0.9542638085430022,-1,-1,instant_velocity,dbscan_kmeans_fallback,False
4940,362,2.93198944219,12.3334611296,-0.019741627282999996,0.015656082859999997,-0.018525138949400003,0.017107134443999996,-0.016522215094042413,0.01772894785522751,-0.7835180395338055,0.6213683995447162,0,0,instant_velocity,dbscan_kmeans_fallback,False
4940,363,3.19906966631,12.7549343359,-0.021046510962000033,0.016610722059999895,-0.019038673816599995,0.020209711840000005,-0.01785864019020837,0.01986996302606965,-0.7849721543198908,0.6195304439671349,0,0,instant_velocity,dbscan_kmeans_fallback,False
4940,371,10.3146845576,12.2024368995,-0.0005893023100000505,-0.010214639430000005,-0.0005893023100000505,-0.010214639430000005,-0.0003915913847700029,-0.006716029961309984,-0.0575961075711723,-0.9983389873543309,-1,-1,instant_velocity,dbscan_kmeans_fallback,False
4950,198,3.29988245382,11.7069791553,-0.020141510991000013,0.015083299340000167,-0.0176411854888,0.017188278774000025,-0.01773796308913093,0.017462549419052543,-0.800435038746813,0.5994188468301893,0,0,instant_velocity,dbscan_kmeans_fallback,False
4950,202,13.0155833095,3.13193255164,0.06993755592999999,0.002315000056999983,0.07372171860040001,-0.0017565361258000056,0.07155785199928028,-0.0026285615430818154,0.9994524702595065,0.03308283360567146,-1,-1,instant_velocity,dbscan_kmeans_fallback,False
4950,203,4.8760556598,4.05888721373,0.030791045538000005,-0.009904381688000008,0.03007967346760001,-0.007126381619399993,0.030037643654115043,-0.006834738732848692,0.9519628552458667,-0.30621251426871127,-1,-1,instant_velocity,dbscan_kmeans_fallback,False
4950,204,5.62952075226,7.00084656479,-0.04499744043799998,0.01809041281799999,-0.04555727762959998,0.019899454099999988,-0.04581184900125146,0.020443738789246504,-0.9278249463939537,0.37301535686751547,-1,-1,instant_velocity,dbscan_kmeans_fallback,False
4950,205,3.09888827413,6.17150376079,0.032979882679000025,0.0012887629180000637,0.029536673485,0.008701536297600008,0.028922727090136727,0.007061818876062925,0.999237055075926,0.03904743007753135,1,1,instant_velocity,dbscan_kmeans_fallback,False
4950,206,2.691638287,5.36411765836,0.028791626996999976,0.0018854124179999766,0.0280802549262,0.004443845470599985,0.027032801559590786,0.0039506421937923475,0.9978623994602019,0.06534476706000511,1,1,instant_velocity,dbscan_kmeans_fallback,False
4950,207,14.3516158254,1.12408765665,-0.024666510840000024,0.027970928526399996,-0.024666510840000024,0.027970928526399996,-0.012579920530500013,0.014265173548464002,-0.6614145816038656,0.7500201430337549,-1,-1,instant_velocity,dbscan_kmeans_fallback,False
4950,264,1.10809880218,5.500392404,0.023529999256300005,0.0042004124750000035,0.023529999256300005,0.0042004124750000035,0.015456115674215402,0.002764682851875001,0.9844371035254276,0.17573489252847915,1,1,instant_velocity,dbscan_kmeans_fallback,False
4950,265,0.920784854612,4.85076042918,0.0322222082837,0.011193144606999984,0.0322222082837,0.011193144606999984,0.016437745991976,0.00570850374957001,0.9446290683579308,0.3281392035273591,1,1,instant_velocity,dbscan_kmeans_fallback,False
4950,266,0.833020903898,6.44882644806,0.029907092077800002,0.006897268212000008,0.029907092077800002,0.006897268212000008,0.015252616959678002,0.0035226186439200023,0.9744220535852651,0.22472429742690683,1,1,instant_velocity,dbscan_kmeans_fallback,False
4950,291,11.780153116,12.0771405047,-0.004798604500000003,0.009641855909999997,-0.005665720749999999,0.018897082941999984,-0.005701344366642828,0.017266307595827313,-0.44555421139421175,0.8952539235847976,-1,-1,instant_velocity,dbscan_kmeans_fallback,False
4950,362,2.73478363447,12.4900219582,-0.019720580772000007,0.015656082859999997,-0.019089185443200006,0.016510484944000012,-0.01748172479742969,0.017107088356659257,-0.7831952112586481,0.6217752542273146,0,0,instant_velocity,dbscan_kmeans_fallback,False
4950,363,2.98860455668,12.8921637207,-0.021046510962999986,0.013722938479999947,-0.0208655109684,0.01865842314199998,-0.018815001422045854,0.01802585566224874,-0.8376657473847042,0.5461824783391523,0,0,instant_velocity,dbscan_kmeans_fallback,False
4950,371,10.3169996738,12.0189075136,0.00023151162000001335,-0.01835293859,0.00023151162000001335,-0.01835293859,-0.00020466048333899798,-0.01020710254991699,0.012613406592480317,-0.9999199029512171,-1,-1,instant_velocity,dbscan_kmeans_fallback,False
4960,198,3.04500920606,11.83251421,-0.025487324776,0.012553505469999848,-0.020848673759599992,0.014730082837999987,-0.020062771595191653,0.015989836234336734,-0.8970880622108534,0.44185099829072433,0,0,instant_velocity,dbscan_kmeans_fallback,False
4960,202,13.7301123566,3.15794646981,0.07145290470999992,0.0026013918170000316,0.07262309072599997,-0.00019092783979999696,0.07152636781249617,-0.0010595755350572612,0.9993377804997857,0.03638297330475481,-1,-1,instant_velocity,dbscan_kmeans_fallback,False
4960,203,5.19406844045,4.00399545979,0.031801278064999924,-0.005489175394000068,0.030795254840399994,-0.008224216698200006,0.03056673397738051,-0.006431069731194105,0.9854276434816812,-0.1700933265043959,-1,-1,instant_velocity,dbscan_kmeans_fallback,False
4960,204,5.17954634788,7.18198935278,-0.044997440438000066,0.018114278798999982,-0.04540574275060001,0.019073691193199984,-0.045567526432276045,0.019744900792172546,-0.9276545669831797,0.37343887323218095,-1,-1,instant_velocity,dbscan_kmeans_fallback,False
4960,205,3.42889756602,6.18463004977,0.033000929188999974,0.001312628897999968,0.030424836247399997,0.006806577487799999,0.0301461877197957,0.0053370618826440374,0.9992095891219058,0.03974407430555846,1,1,instant_velocity,dbscan_kmeans_fallback,False
4960,206,3.0654243217,5.39920064892,0.037378603470000014,0.0035082990560000304,0.030273301368600004,0.003059618632400003,0.030136542132713554,0.0038179392524546525,0.9956239174554787,0.09344775153366924,1,1,instant_velocity,dbscan_kmeans_fallback,False
4960,207,14.1047402518,1.40403560171,-0.024687557360000056,0.027994794506,-0.024687557360000056,0.027994794506,-0.016212211579350027,0.018384059835724803,-0.6614145818963054,0.7500201430806491,-1,-1,instant_velocity,dbscan_kmeans_fallback,False
4960,264,1.34424065518,5.51304137338,0.02361418529999999,0.0012648969379999819,0.02361418529999999,0.0012648969379999819,0.01790353656195078,0.002314747077712495,0.9985680458905396,0.05348842856888946,1,1,instant_velocity,dbscan_kmeans_fallback,False
4960,265,1.22722205423,4.93715527667,0.030643719961800008,0.008639484749000026,0.030643719961800008,0.008639484749000026,0.020699538182923204,0.006587798049399016,0.9624790389794387,0.2713548808323799,1,1,instant_velocity,dbscan_kmeans_fallback,False
4960,266,1.13209182468,6.51803778997,0.029907092078200005,0.006921134191,0.029907092078200005,0.006921134191,0.019648959495234604,0.004542173308044002,0.974251529331513,0.2254624271948343,1,1,instant_velocity,dbscan_kmeans_fallback,False
4960,291,11.732167071,12.173320404,-0.004798604500000003,0.009617989930000093,-0.006006674228000009,0.016906660211999984,-0.00543052240664998,0.014971812296079147,-0.44643966814526154,0.8948126966024614,-1,-1,instant_velocity,dbscan_kmeans_fallback,False
4960,362,2.4948534095,12.641570931,-0.02399302249699997,0.015154897280000057,-0.020276208661399994,0.015961567404000013,-0.019435114107300776,0.016521431033661497,-0.8454661817992375,0.5340283051242668,0,0,instant_velocity,dbscan_kmeans_fallback,False
4960,363,2.77813944706,13.0291544458,-0.021046510961999988,0.013699072510000044,-0.021046510962399997,0.017193051972000006,-0.019484454284032095,0.01672782071657413,-0.8381002960786087,0.5455154418403582,0,0,instant_velocity,dbscan_kmeans_fallback,False
4960,371,10.323103162,11.8007724566,0.0006103488200000839,-0.021813505699999958,-0.000189418599999982,-0.014166845711999975,3.9842307662726624e-05,-0.01368902349494188,0.02796935845677683,-0.9996083225362171,-1,-1,instant_velocity,dbscan_kmeans_fallback,False
4970,198,2.79034642342,11.9580492646,-0.025466278264000008,0.012553505460000025,-0.022035696977599998,0.014171618905999992,-0.02168382359583416,0.01495893700203572,-0.896943292998304,0.4421448006355063,0,0,instant_velocity,dbscan_kmeans_fallback,False
4970,202,14.5054658205,3.19541605836,0.07753534639000001,0.0037469588550000043,0.07273674188599998,0.0016037938540000062,0.07332906138574732,0.00038238478195991863,0.9988342203840291,0.048269478386281615,-1,-1,instant_velocity,dbscan_kmeans_fallback,False
4970,203,5.52197308124,3.99277844921,0.03279046407899999,-0.0011217010579999797,0.03139718505379999,-0.007260031107199998,0.031233853007866352,-0.004838259129235867,0.9994151096953167,-0.03418814028449063,-1,-1,instant_velocity,dbscan_kmeans_fallback,False
4970,204,4.76829752368,7.37291719255,-0.04112488241999994,0.01909278397700005,-0.044492324174799994,0.018935268509400006,-0.04423473322859321,0.019549265747620795,-0.907016445471751,0.421094676456916,-1,-1,instant_velocity,dbscan_kmeans_fallback,False
4970,205,3.7586963928,6.19751767896,0.032979882678000026,0.001288762918999975,0.0313087897078,0.004906845482199991,0.030996296207256996,0.004122572193550818,0.9992370550746978,0.03904743010896303,1,1,instant_velocity,dbscan_kmeans_fallback,False
4970,206,3.47583128547,5.44096611387,0.04104069637699999,0.004176546495000011,0.0329630454696,0.0026682165607999943,0.033407788405999485,0.00392552142521826,0.9948614779400713,0.10124304862014298,1,1,instant_velocity,dbscan_kmeans_fallback,False
4970,207,13.7124332874,1.89949334592,-0.03923069643999995,0.04954577442100001,-0.03923069643999995,0.04954577442100001,-0.023117757037545004,0.027732574211307367,-0.6207705291812009,0.7839921132436727,-1,-1,instant_velocity,dbscan_kmeans_fallback,False
4970,208,0.338006966059,7.48818987581,0.0,0.0,0.0,0.0,0.0,0.0,0.0,0.0,-1,-1,instant_velocity,dbscan_kmeans_fallback,False
4970,264,1.58101390351,5.51304137338,0.023677324833000002,0.0,0.023572092278119995,0.0027780000685999973,0.019635673043265543,0.0016203229543987464,0.999999577655168,0.0,1,1,instant_velocity,dbscan_kmeans_fallback,False
4970,265,1.47051972095,4.92235836909,0.024329766671999997,-0.0014796907580000075,0.024329766671999997,-0.0014796907580000075,0.02178860672964624,0.004167551407179309,0.9981552831929812,-0.060705931441969015,1,1,instant_velocity,dbscan_kmeans_fallback,False
4970,266,1.43116274545,6.58701047209,0.029907092076999996,0.006897268212000008,0.029907092076999996,0.006897268212000008,0.022726399269764223,0.005248701779230804,0.9744220535839487,0.22472429743261457,1,1,instant_velocity,dbscan_kmeans_fallback,False
4970,291,11.684181026,12.2697389631,-0.004798604500000003,0.009641855909999997,-0.005602581218000005,0.014486649844000006,-0.005240947034654987,0.013372825380255401,-0.44555421139421175,0.8952539235847976,-1,-1,instant_velocity,dbscan_kmeans_fallback,False
4970,362,2.25050341723,12.7924039244,-0.024434999227000008,0.01508329933999999,-0.0215221621102,0.015441289040000007,-0.020935079643210546,0.016089991525563042,-0.8509363355061339,0.5252681757214641,0,0,instant_velocity,dbscan_kmeans_fallback,False
4970,363,2.56767433743,13.1661451708,-0.021046510962999986,0.013699072500000043,-0.021046510962599997,0.015737227193999993,-0.01995307128772246,0.015819196251601907,-0.8381002962725209,0.5455154415424418,0,0,instant_velocity,dbscan_kmeans_fallback,False
4970,371,10.3289961851,11.5823987399,0.0005893023099998729,-0.02183737167000004,4.630232400000267e-05,-0.016491392159999983,0.00020468030836387052,-0.016133527947459328,0.02697612098663269,-0.9996356202983717,-1,-1,instant_velocity,dbscan_kmeans_fallback,False
4980,198,2.53547317566,12.0838229791,-0.025487324776,0.012577371450000107,-0.023222720195999996,0.013617928172000013,-0.022824873949883914,0.014244467336425037,-0.8967549643377613,0.442526643546688,0,0,instant_velocity,dbscan_kmeans_fallback,False
4980,202,15.2808192844,3.23312430672,0.07753534639000001,0.0037708248359999974,0.07327553256799998,0.0029498351244,0.07459094688702313,0.0013989167981719424,0.9988193504084854,0.04857620412570263,-1,-1,instant_velocity,dbscan_kmeans_fallback,False
4980,203,5.84987772204,3.98180009842,0.03279046407999999,-0.0010978350789999868,0.03179706876219999,-0.00550349498140001,0.031700836329506446,-0.0037161319141651027,0.9994397003588207,-0.033461556375726335,-1,-1,instant_velocity,dbscan_kmeans_fallback,False
4980,204,4.5108986946,7.60274657967,-0.025739882908000045,0.022982938711999967,-0.040497696394200006,0.019579649968399993,-0.038686278132415264,0.020579367636934548,-0.7459244821399987,0.6660300949339453,-1,-1,instant_velocity,dbscan_kmeans_fallback,False
4980,205,4.10301731215,6.20754139055,0.034432091935000034,0.0010023711590000594,0.032478975717400015,0.0029450619286000013,0.03202703492557991,0.0031865118831855906,0.9995762381360171,0.02909920182081199,1,1,instant_velocity,dbscan_kmeans_fallback,False
4980,206,3.88623824924,5.48273157882,0.04104069637699999,0.004176546495000011,0.0354086500434,0.003126443376400001,0.035697660797299635,0.004000828946152786,0.9948614779400713,0.10124304862014298,1,1,instant_velocity,dbscan_kmeans_fallback,False
4980,207,13.3039205096,2.4188170701,-0.04085127778000004,0.05193237241799997,-0.030820510654000016,0.03708295967956,-0.028437813260281518,0.03499251367331515,-0.6182637031032645,0.7859705406279819,-1,-1,instant_velocity,dbscan_kmeans_fallback,False
4980,208,0.656861607141,7.47363162803,0.03188546410819999,-0.0014558247780000143,0.03188546410819999,-0.0014558247780000143,0.00956563923246,-0.0004367474334000044,0.9989589898758348,-0.04561041497567855,1,1,instant_velocity,dbscan_kmeans_fallback,False
4980,210,0.0608244166818,8.22588731672,0.0,0.0,0.0,0.0,0.0,0.0,0.0,0.0,-1,-1,instant_velocity,dbscan_kmeans_fallback,False
4980,264,1.81778715184,5.51304137338,0.023677324833000002,0.0,0.02360576669568,0.0019379175735999964,0.02084816858018588,0.0011342260680791225,0.999999577655168,0.0,1,1,instant_velocity,dbscan_kmeans_fallback,False
4980,265,1.71402785279,4.90732280171,0.024350813183999988,-0.0015035567380000004,0.028757952579219998,0.005608505293400015,0.022557268665952365,0.002466218963625516,0.9980987618711442,-0.061628254763453634,1,1,instant_velocity,dbscan_kmeans_fallback,False
4980,266,1.68519413277,6.64452748382,0.025403138731999998,0.00575170117299999,0.029006301408559997,0.006677701196000001,0.023529421108434957,0.00539960159736156,0.9753125348796874,0.22082728870990334,1,1,instant_velocity,dbscan_kmeans_fallback,False
4980,267,0.306647664724,3.92332844749,0.0,0.0,0.0,0.0,0.0,0.0,0.0,0.0,-1,-1,instant_velocity,dbscan_kmeans_fallback,False
4980,291,11.636194981,12.3659188624,-0.004798604500000003,0.009617989929999914,-0.0052026975100000076,0.012057093081999995,-0.005108244274258492,0.012246374745178755,-0.44643966814526814,0.8948126966024581,-1,-1,instant_velocity,dbscan_kmeans_fallback,False
4980,362,2.00594295984,12.9434755777,-0.024456045739,0.015107165329999894,-0.022469255103599997,0.015331505533999987,-0.02199136947194738,0.0157951436668941,-0.8507672063504619,0.5255420676279822,0,0,instant_velocity,dbscan_kmeans_fallback,False
4980,363,2.35720922781,13.3031358958,-0.021046510962000033,0.013699072500000043,-0.021046510962400004,0.014286175609999993,-0.02028110319000573,0.015183159126121348,-0.8381002962606711,0.5455154415606471,0,0,instant_velocity,dbscan_kmeans_fallback,False
4980,371,10.3803496718,11.4096090449,0.0051353486700000065,-0.017278969500000053,0.0011954418219999852,-0.01789948497800001,0.0016838808168547115,-0.016477160413221545,0.28488640195660736,-0.9585607067208093,-1,-1,instant_velocity,dbscan_kmeans_fallback,False
4990,198,2.27912667213,12.2124606111,-0.02563465035300001,0.012863763199999845,-0.024443417832000006,0.013126288984,-0.023667806870818743,0.01383025609549748,-0.8937782975763314,0.4485082579632452,0,0,instant_velocity,dbscan_kmeans_fallback,False
4990,203,6.17778236284,3.97058308783,0.03279046408000008,-0.00112170105899998,0.0321927431684,-0.0037469588556000044,0.03202772465465453,-0.0029378026576155655,0.9994151096943109,-0.03418814031389235,-1,-1,instant_velocity,dbscan_kmeans_fallback,False
4990,204,4.25371033064,7.8325759668,-0.025718836396000012,0.022982938713000056,-0.03651569652000001,0.02025267060380001,-0.03479604561149069,0.0213004389597542,-0.7456537417928742,0.6663331880524005,-1,-1,instant_velocity,dbscan_kmeans_fallback,False
4990,205,4.46880567268,6.21303056594,0.03657883605299998,0.0005489175389999268,0.03399432450680001,0.0010882886865999986,0.03339257526380593,0.0023952335799298915,0.9998871493057488,0.015004730945493006,1,1,instant_velocity,dbscan_kmeans_fallback,False
4990,206,4.29664521301,5.52449704377,0.04104069637699999,0.004176546495000011,0.03785846391959999,0.003584670191800008,0.03730057147120974,0.0040535442108069536,0.9948614779400713,0.10124304862014298,1,1,instant_velocity,dbscan_kmeans_fallback,False
4990,207,12.8954077319,2.93837945407,-0.04085127776999986,0.05195623839700003,-0.03405746403799999,0.04188002165368,-0.03216185261319702,0.040081631090420615,-0.6180882170839602,0.7861085505818451,-1,-1,instant_velocity,dbscan_kmeans_fallback,False
4990,208,0.975716248224,7.45931204004,0.03188546410830001,-0.0014319587989999327,0.03188546410830001,-0.0014319587989999327,0.016261586695212004,-0.0007353108430799829,0.9989927802939014,-0.04486422079416699,1,1,instant_velocity,dbscan_kmeans_fallback,False
4990,209,0.28118138646,6.89726821172,0.0,0.0,0.0,0.0,0.0,0.0,0.0,0.0,2,2,instant_velocity,dbscan_kmeans_fallback,False
4990,210,0.435031381596,8.18603113017,0.037420696491420005,-0.003985618654999889,0.037420696491420005,-0.003985618654999889,0.011226208947426004,-0.001195685596499967,0.9943755217200138,-0.10590934966566526,1,1,instant_velocity,dbscan_kmeans_fallback,False
4990,211,0.284759293323,8.59485536708,0.0,0.0,0.0,0.0,0.0,0.0,0.0,0.0,2,2,instant_velocity,dbscan_kmeans_fallback,False
4990,264,2.05456040016,5.51304137338,0.023677324832000024,0.0,0.023635231810860004,0.0010930618825999972,0.021696915455730124,0.0007939582476553858,0.999999577655168,0.0,1,1,instant_velocity,dbscan_kmeans_fallback,False
4990,265,1.95732551952,4.89252589413,0.024329766673,-0.0014796907580000075,0.0271752549549,0.0030739382203999986,0.023089018068066652,0.0012824460471378585,0.9981552831931324,-0.06070593143948308,1,1,instant_velocity,dbscan_kmeans_fallback,False
4990,266,1.93922552009,6.70228315535,0.025403138731999998,0.005775567152999983,0.0281055107394,0.006448587788199998,0.024091536395504466,0.005512391264053087,0.9751148377154376,0.22169863679159593,1,1,instant_velocity,dbscan_kmeans_fallback,False
4990,267,0.471231380452,3.97010576823,0.0164583715728,0.004677732073999996,0.0164583715728,0.004677732073999996,0.004937511471840001,0.0014033196221999989,0.9619031654126471,0.2733882431217571,1,1,instant_velocity,dbscan_kmeans_fallback,False
4990,291,11.588208936,12.4623374214,-0.004798604500000003,0.009641855899999996,-0.004798604500000003,0.009632309516,-0.005015352341980945,0.011465019091625126,-0.4455542117645792,0.8952539234004705,-1,-1,instant_velocity,dbscan_kmeans_fallback,False
4990,362,1.76138250246,13.0943085711,-0.024456045737999997,0.01508329933999999,-0.023412138794599996,0.015216948829999986,-0.022730772351763164,0.015581590368825867,-0.8511383681520953,0.5249407416117734,0,0,instant_velocity,dbscan_kmeans_fallback,False
4990,363,2.14674411818,13.4401266209,-0.021046510962999986,0.013699072509999865,-0.021046510962599997,0.013703845699999988,-0.020510725521904007,0.014737933141284902,-0.8381002960904622,0.5455154418221471,0,0,instant_velocity,dbscan_kmeans_fallback,False
4990,371,10.6124926878,11.4177234781,0.02321430160000002,0.0008114433199999382,0.005956162603999999,-0.01569426842800002,0.008143007051798306,-0.0112905792932551,0.9993892219471228,0.03493310814178996,-1,-1,instant_velocity,dbscan_kmeans_fallback,False
5000,198,2.01836040131,12.3489740166,-0.026076627082000002,0.013651340550000057,-0.025630441050200004,0.012839897225999977,-0.02439045293417312,0.013776581431848255,-0.8859407629281323,0.4637976768938479,0,0,instant_velocity,dbscan_kmeans_fallback,False
5000,203,6.51115909648,3.97106040743,0.033337673363999974,4.773195999998592e-05,0.032702068733599994,-0.0017565361260000057,0.032420709267458166,-0.0020421422723309,0.9999986750552592,0.0014317704848989348,1,1,instant_velocity,dbscan_kmeans_fallback,False
5000,204,4.01209638479,8.04020999255,-0.02416139458499993,0.020763402575,-0.0323484873494,0.020787268555200012,-0.03160565030354346,0.02113932804432794,-0.7584238362682589,0.6517611961310465,-1,-1,instant_velocity,dbscan_kmeans_fallback,False
5000,205,4.83459403321,6.21875840113,0.03657883605299998,0.0005727835190000085,0.0347141151816,0.0009450928067999875,0.03434845350056415,0.0018484985616509266,0.9998771490016672,0.015656953959471333,1,1,instant_velocity,dbscan_kmeans_fallback,False
5000,206,4.69758124684,5.55122694133,0.040093603382999984,0.0026729897560000106,0.04011885919679999,0.0037421856594000145,0.03813848104474682,0.0036393778743648705,0.997784772671488,0.06652104702503606,1,1,instant_velocity,dbscan_kmeans_fallback,False
5000,207,12.56539844,3.46748823004,-0.03300092919000015,0.05291087759699997,-0.03572434770800001,0.046868011467799994,-0.03241357558623796,0.04393040504239443,-0.5292102139885495,0.848490558984475,-1,-1,instant_velocity,dbscan_kmeans_fallback,False
5000,208,1.28383716872,7.43258214248,0.030812092049600004,-0.0026729897560000106,0.030812092049600004,-0.0026729897560000106,0.020626738301528405,-0.0013166145169559913,0.9962578885879564,-0.0864266900878734,1,1,instant_velocity,dbscan_kmeans_fallback,False
5000,209,0.587408120965,6.81779449841,0.030622673450499995,-0.007947371331000052,0.030622673450499995,-0.007947371331000052,0.00918680203515,-0.002384211399300016,0.9679339065916237,-0.2512037426119486,1,1,instant_velocity,dbscan_kmeans_fallback,False
5000,210,0.809027881401,8.14617494362,0.0373996499805,-0.003985618655000067,0.0373996499805,-0.003985618655000067,0.0190782412573482,-0.0020326655140499974,0.9943692431597361,-0.10596828065402011,1,1,instant_velocity,dbscan_kmeans_fallback,False
5000,211,0.593511609144,8.56311361372,0.030875231582100003,-0.0031741753359998625,0.030875231582100003,-0.0031741753359998625,0.009262569474630002,-0.0009522526007999589,0.9947566132616825,-0.10226747283633571,1,1,instant_velocity,dbscan_kmeans_fallback,False
5000,264,2.27302318396,5.47962900142,0.021846278379999973,-0.003341237195999991,0.0232984876356,-0.0004152680516000018,0.021741724333011078,-0.00044660038544122745,0.9885050270418624,-0.15118500768574622,1,1,instant_velocity,dbscan_kmeans_fallback,False
5000,265,2.10528249158,4.90541352331,0.014795697206000024,0.0012887629179999748,0.02368995273936,0.0010930618825999972,0.020601021809446667,0.0012843411083964934,0.9962272354789099,0.08677527669775469,1,1,instant_velocity,dbscan_kmeans_fallback,False
5000,266,2.20693713953,6.75741356909,0.026771161943999998,0.005513041373999971,0.02747832471264,0.006171742420599991,0.02489542406005313,0.005512586297037152,0.9794470618051844,0.20169958206034783,1,1,instant_velocity,dbscan_kmeans_fallback,False
5000,267,0.636025561288,4.01664442918,0.0164794180836,0.004653866095000047,0.0164794180836,0.004653866095000047,0.008400083455368003,0.0023784835640400133,0.9623601866457671,0.2717750967351064,1,1,instant_velocity,dbscan_kmeans_fallback,False
5000,291,11.5246484729,12.5387085573,-0.006356046309999997,0.007637113590000055,-0.005110092862000002,0.00923136105200001,-0.005417560532386661,0.010316647441137604,-0.6396956851330138,0.7686269690495282,-1,-1,instant_velocity,dbscan_kmeans_fallback,False
5000,362,1.51682204507,13.2453802243,-0.024456045739,0.01510716532000007,-0.024359231787999994,0.015107165322,-0.023248354367934217,0.01543926285417813,-0.8507672065059995,0.5255420673761921,0,0,instant_velocity,dbscan_kmeans_fallback,False
5000,371,10.8448461688,11.4260765711,0.023235348100000053,0.0008353093000000201,0.010556929900000006,-0.011856618850000018,0.012670709366258831,-0.007652812715278563,0.9993539968782231,0.03592671321264039,-1,-1,instant_velocity,dbscan_kmeans_fallback,False
5010,198,1.75780459559,12.4852487622,-0.02605558057199999,0.013627474559999974,-0.025744092209400004,0.013054691044000002,-0.024889991225521185,0.013731849370293772,-0.8861202355753938,0.4634546881055338,0,0,instant_velocity,dbscan_kmeans_fallback,False
5010,203,6.86537187598,4.01759906838,0.03542127795000001,0.004653866095000003,0.03342606871060001,0.0002720721718000085,0.03332087987222072,-3.333976213162871e-05,0.991478721343212,0.13026659319537987,1,1,instant_velocity,dbscan_kmeans_fallback,False
5010,204,3.78605685705,8.22588731672,-0.022603952774000024,0.018567732416999938,-0.02786978981659999,0.020877959278800002,-0.02890514104468043,0.02036784935612954,-0.7727226405854164,0.6347432843449814,-1,-1,instant_velocity,dbscan_kmeans_fallback,False
5010,205,5.20059285885,6.22448623633,0.03659988256400002,0.0005727835200000087,0.03543390585660001,0.0007971237311999957,0.035023882219594904,0.001465784049155651,0.9998772900668244,0.015647952770642803,1,1,instant_velocity,dbscan_kmeans_fallback,False
5010,206,5.0945184436,5.57175168411,0.039693719676000064,0.002052474277999927,0.040581882438000004,0.003451020703799994,0.03860505263412279,0.0031633067954553876,0.9986655760691743,0.05163878376571716,1,1,instant_velocity,dbscan_kmeans_fallback,False
5010,207,12.3143135642,4.00638205779,-0.02510848757999984,0.053889382774999994,-0.035808533751999966,0.0520469291216,-0.030222049184366523,0.0469180983621761,-0.42233432664274756,0.9064399484420498,-1,-1,instant_velocity,dbscan_kmeans_fallback,False
5010,208,1.49430227834,7.29606873704,0.021046510961999988,-0.013651340544000056,0.021046510961999988,-0.013651340544000056,0.020752670099669877,-0.005017032325069211,0.8389691486461966,-0.5441782523838662,1,1,instant_velocity,dbscan_kmeans_fallback,False
5010,209,0.89342439036,6.73808212531,0.030601626939500005,-0.007971237309999957,0.030601626939500005,-0.007971237309999957,0.015611249506455004,-0.004060319172509998,0.9677080116995078,-0.25207255232852094,1,1,instant_velocity,dbscan_kmeans_fallback,False
5010,210,1.18323484631,8.10655741687,0.0374206964909,-0.003961752674999985,0.0374206964909,-0.003961752674999985,0.024580977827413742,-0.002611391662334994,0.9944421170943684,-0.10528221243795746,1,1,instant_velocity,dbscan_kmeans_fallback,False
5010,211,0.902263924965,8.53137186036,0.030875231582099993,-0.0031741753360000403,0.030875231582099993,-0.0031741753360000403,0.015746368106871,-0.0016188294213599834,0.994756613261682,-0.10226747283634141,1,1,instant_velocity,dbscan_kmeans_fallback,False
5010,264,2.48348829358,5.43189704148,0.021046510961999988,-0.0047731959940000126,0.022784952767999998,-0.0016228866380000007,0.02153316032170775,-0.0017445790680088633,0.975233462326833,-0.2211758739487931,1,1,instant_velocity,dbscan_kmeans_fallback,False
5010,265,2.25302899854,4.91830115249,0.01477465069599999,0.0012887629179999748,0.0205161388862,-0.00037708248360001305,0.018853110475412663,0.0012856676512775379,0.9962165411234807,0.08689795535035773,1,1,instant_velocity,dbscan_kmeans_fallback,False
5010,266,2.59777084811,6.79154192045,0.039083370858000024,0.003412835136000059,0.0293135804686,0.005470082609600002,0.029151808099437196,0.0048826609487260236,0.9962088526606433,0.08699087362518579,1,1,instant_velocity,dbscan_kmeans_fallback,False
5010,267,0.800609277016,4.06342174992,0.0164583715728,0.0046777320739999515,0.0164583715728,0.0046777320739999515,0.010817569890597603,0.003068258117027995,0.9619031654126479,0.27338824312175475,1,1,instant_velocity,dbscan_kmeans_fallback,False
5010,291,11.4253089411,12.5685410323,-0.009933953179999833,0.002983247500000097,-0.006137162597999968,0.007904412566000012,-0.006772478326670613,0.008116627458796351,-0.9577440847992958,0.2876183926827636,-1,-1,instant_velocity,dbscan_kmeans_fallback,False
5010,337,5.10630448973,11.8167626632,0.0,0.0,0.0,0.0,0.0,0.0,0.0,0.0,-1,-1,instant_velocity,dbscan_kmeans_fallback,False
5010,362,1.2724720528,13.3962132177,-0.024434999227000008,0.01508329933999999,-0.024447627134,0.015092845733999986,-0.023604347825653956,0.015332473799924688,-0.8509363355061339,0.5252681757214641,0,0,instant_velocity,dbscan_kmeans_fallback,False
5010,371,11.0818298822,11.4139049213,0.023698371339999903,-0.0012171649799999074,0.01517453440399997,-0.007737350706000008,0.015979007958381156,-0.005722118394694966,0.9986832220668157,-0.05129307101207757,-1,-1,instant_velocity,dbscan_kmeans_fallback,False
5020,198,1.49724878988,12.6217621676,-0.026055580570999992,0.013651340540000056,-0.0258619526708,0.013274258060000009,-0.02523966802916483,0.013707696721205658,-0.8857868043949134,0.464091647456593,0,0,instant_velocity,dbscan_kmeans_fallback,False
5020,203,7.21937419037,4.06413772932,0.03540023143899997,0.004653866093999958,0.033948022182600006,0.0014271856021999963,0.03394468534225449,0.0013728219947078475,0.9914687155124889,0.13034272519760706,1,1,instant_velocity,dbscan_kmeans_fallback,False
5020,204,3.56001732932,8.4113259811,-0.022603952773000025,0.018543866437999944,-0.024165603887200005,0.020768175770999982,-0.027014784563176308,0.01982065448069066,-0.7731228603096924,0.634255751890984,-1,-1,instant_velocity,dbscan_kmeans_fallback,False
5020,205,5.56511842872,6.2428630409,0.036452556986999965,0.0018376804569999905,0.0361284407184,0.0009069072387999987,0.03545248464981642,0.001577352971508953,0.9987314112821267,0.05034898366552785,1,1,instant_velocity,dbscan_kmeans_fallback,False
5020,206,5.49124517524,5.59203776709,0.03967267316400003,0.002028608298000023,0.040308277795400006,0.0030214330643999966,0.03892533879308596,0.002822897246218778,0.9986949819560994,0.051066912461183334,1,1,instant_velocity,dbscan_kmeans_fallback,False
5020,207,12.0630182233,4.54527588554,-0.02512953409000005,0.053889382774999994,-0.03298830128199999,0.052915650792399994,-0.028694294656056583,0.049009483686023265,-0.4226251282104442,0.9063043995522811,-1,-1,instant_velocity,dbscan_kmeans_fallback,False
5020,208,1.70476738797,7.1597939914,0.02104651096300001,-0.013627474563999976,0.02733520843822,-0.006567917688199998,0.020840822358668916,-0.007600164996748441,0.8394034486563793,-0.5435080981169972,1,1,instant_velocity,dbscan_kmeans_fallback,False
5020,209,1.19965112487,6.65860841201,0.030622673450999994,-0.007947371329999963,0.030622673450999994,-0.007947371329999963,0.020114676689818502,-0.005226434819756988,0.9679339066003073,-0.25120374257848943,1,1,instant_velocity,dbscan_kmeans_fallback,False
5020,210,1.55744181123,8.06670123031,0.03742069649199999,-0.003985618655999978,0.03742069649199999,-0.003985618655999978,0.02843289342678962,-0.0030236597604344894,0.994375521717388,-0.10590934969031933,1,1,instant_velocity,dbscan_kmeans_fallback,False
5020,211,1.21080577568,8.4993914472,0.030854185071499996,-0.0031980413159999445,0.030854185071499996,-0.0031980413159999445,0.0202787131962597,-0.0020925929897519717,0.9946708996798659,-0.10309780101556902,1,1,instant_velocity,dbscan_kmeans_fallback,False
5020,212,14.7430809293,5.51948518797,0.0,0.0,0.0,0.0,0.0,0.0,0.0,0.0,-1,-1,instant_velocity,dbscan_kmeans_fallback,False
5020,264,2.69395340321,5.38416508154,0.02104651096300003,-0.0047731959940000126,0.022258789994000005,-0.002577525836800003,0.021387165514095433,-0.002653164145806208,0.9752334623290997,-0.2211758739387978,1,1,instant_velocity,dbscan_kmeans_fallback,False
5020,265,2.40098597061,4.93118878168,0.01479569720699998,0.0012887629190000637,0.018609324993199994,0.00017660825180000118,0.01763588649488886,0.0012865962315942955,0.9962272354735957,0.08677527675876537,1,1,instant_velocity,dbscan_kmeans_fallback,False
5020,266,2.98860455668,6.8256702718,0.03908337085699998,0.00341283513499997,0.031148836224599998,0.004773195994199995,0.03213127692670603,0.004441713204608207,0.9962088526626595,0.08699087360209613,1,1,instant_velocity,dbscan_kmeans_fallback,False
5020,267,0.965403457852,4.11019907067,0.016479418083599994,0.0046777320750000405,0.016479418083599994,0.0046777320750000405,0.01251612434849832,0.003551100304419608,0.9619949389706706,0.27306513853720854,1,1,instant_velocity,dbscan_kmeans_fallback,False
5020,291,11.3259694094,12.5983735073,-0.00993395317000001,0.002983247499999919,-0.007164232331999969,0.006572690883999996,-0.0077209207796694315,0.0065766134711574215,-0.9577440847195454,0.2876183929483223,-1,-1,instant_velocity,dbscan_kmeans_fallback,False
5020,337,5.13261262844,11.5680791519,0.0026308138710000152,-0.024868351130000122,0.0026308138710000152,-0.024868351130000122,0.0007892441613000046,-0.007460505339000037,0.10520254948651205,-0.9944504129466711,-1,-1,instant_velocity,dbscan_kmeans_fallback,False
5020,362,1.02791159541,13.5470462111,-0.024456045739,0.01508329933999999,-0.0244518364364,0.015092845733999986,-0.023859857199657768,0.01525772146194728,-0.8511383681616856,0.5249407415962235,0,0,instant_velocity,dbscan_kmeans_fallback,False
5020,371,11.3297577814,11.3542399714,0.024792789920000047,-0.005966494990000015,0.020015231926000007,-0.004563175370000003,0.018623142546866825,-0.005795431373286481,0.9722423453880774,-0.233974437791865,-1,-1,instant_velocity,dbscan_kmeans_fallback,False
5030,198,1.24384879789,12.7601848515,-0.025339999199000006,0.01384226839,-0.0258324875554,0.013527237447999987,-0.025269767380115382,0.01374806822184396,-0.8775973572365948,0.4793977324870259,-1,-1,instant_velocity,dbscan_kmeans_fallback,False
5030,203,7.57358696987,4.11067639026,0.03542127795000001,0.004653866094000048,0.03447418495660001,0.002577525836800003,0.034387663124578145,0.002357135224495508,0.991478721346827,0.13026659316786504,0,0,instant_velocity,dbscan_kmeans_fallback,False
5030,204,3.41479640367,8.57385330471,-0.014522092564999988,0.016252732361,-0.021922045818599994,0.01942213450079999,-0.023266976963723412,0.01875027784478346,-0.666289204763457,0.7456928174485852,-1,-1,instant_velocity,dbscan_kmeans_fallback,False
5030,205,5.92522423129,6.31183572302,0.03601058025699997,0.006897268212000008,0.03644413838279999,0.0020858866493999885,0.03561991333197149,0.0031733275436562694,0.9821467355450665,0.1881149764943809,0,0,instant_velocity,dbscan_kmeans_fallback,False
5030,206,5.89533818572,5.61733570586,0.04040930104799996,0.0025297938770000527,0.0401819987296,0.0026920825408000048,0.03937052746956016,0.0027349662354531606,0.9980458491755726,0.06248190918250609,0,0,instant_velocity,dbscan_kmeans_fallback,False
5030,207,11.8590775321,4.98966043261,-0.02039406911999997,0.04443845470700003,-0.028896859549999973,0.051416867250200005,-0.026204226995239596,0.0476381749923163,-0.4171015213742921,0.9088596766417311,-1,-1,instant_velocity,dbscan_kmeans_fallback,False
5030,208,1.91523249759,7.02351924577,0.021046510961999988,-0.013627474562999975,0.025167417808980002,-0.00900224764519999,0.020902528939668236,-0.0094083578666239,0.8394034486627929,-0.5435080981070916,1,1,instant_velocity,dbscan_kmeans_fallback,False
5030,209,1.46420576766,6.5836692349,0.02645546427900001,-0.007493917711000009,0.02645546427900001,-0.007493917711000009,0.022016912966572953,-0.005906679687129894,0.9621435170512512,-0.2725419696632423,1,1,instant_velocity,dbscan_kmeans_fallback,False
5030,210,1.80894761723,8.11323989126,0.025150580600000017,0.00465386609499987,0.034962464010964006,-0.00225294850920001,0.027448199578752736,-0.0007204020038041813,0.9833071530227749,0.18195125962314915,0,0,instant_velocity,dbscan_kmeans_fallback,False
5030,211,1.45894413992,8.51204041658,0.024813836424000014,0.0012648969379998932,0.024813836424000014,0.0012648969379998932,0.021639250164581795,-0.001085346011426412,0.9987028754493811,0.050909347008743305,0,0,instant_velocity,dbscan_kmeans_fallback,False
5030,212,14.4273832648,5.43690889727,-0.03156976645,-0.008257629069999961,-0.03156976645,-0.008257629069999961,-0.009470929935000002,-0.0024772887209999887,-0.9674518173825303,-0.2530540814641432,-1,-1,instant_velocity,dbscan_kmeans_fallback,False
5030,264,2.90841734992,5.34287693618,0.021446394671000003,-0.004128814536000025,0.021812603961600004,-0.0034032887440000083,0.021404934261166804,-0.0030958592628643534,0.981967700036848,-0.18904634443182164,1,1,instant_velocity,dbscan_kmeans_fallback,False
5030,265,2.56157084925,4.91949445149,0.016058487863999993,-0.0011694330190000102,0.016950859929199997,0.0002434329955999992,0.0171626669056222,0.0005497874564160037,0.9973582600336168,-0.0726309781427444,1,1,instant_velocity,dbscan_kmeans_fallback,False
5030,266,3.37943826526,6.85979862316,0.039083370858000024,0.00341283513599997,0.033884882649800004,0.00430542278679999,0.03421690510609423,0.004133049784025736,0.9962088526606435,0.08699087362518354,0,0,instant_velocity,dbscan_kmeans_fallback,False
5030,267,1.19733600866,4.18537690757,0.0231932550808,0.007517783690000002,0.01781376687872,0.005240969201600007,0.015719263568188827,0.0047411053200937265,0.9512748096544308,0.3083430171320851,1,1,instant_velocity,dbscan_kmeans_fallback,False
5030,291,11.2266298776,12.6282059822,-0.00993395318000001,0.002983247490000096,-0.008191302067999971,0.0052457423960000325,-0.008384830499768604,0.005498603676810224,-0.9577440850648764,0.28761839179840265,-1,-1,instant_velocity,dbscan_kmeans_fallback,False
5030,337,5.15892076714,11.3193956406,0.0026308138699999263,-0.024868351129999945,0.0026308138699999263,-0.024868351129999945,0.0013417150739099813,-0.01268285907630001,0.10520254944696325,-0.994450412950855,-1,-1,instant_velocity,dbscan_kmeans_fallback,False
5030,371,11.5778961456,11.2945750214,0.02481383642000008,-0.005966495000000016,0.02395092947600002,-0.002300680469999996,0.0204803507088068,-0.0058467504613005416,0.9722874733551793,-0.23378683772012662,-1,-1,instant_velocity,dbscan_kmeans_fallback,False
5030,403,14.7773867421,11.5363373985,0.0,0.0,0.0,0.0,0.0,0.0,0.0,0.0,-1,-1,instant_velocity,dbscan_kmeans_fallback,False
5040,198,1.05443019922,12.9177003193,-0.018941859866999988,0.01575154677999997,-0.024493929458199996,0.014104794164000012,-0.023371395126180763,0.014349111789290762,-0.7688860556979515,0.6393851902534484,-1,-1,instant_velocity,dbscan_kmeans_fallback,False
5040,203,7.91896021477,4.15673773161,0.03453732449000002,0.004606134134999973,0.034823557038599996,0.003723092875599994,0.03443256153420471,0.0030318348976468472,0.991223263518777,0.13219632316399818,0,0,instant_velocity,dbscan_kmeans_fallback,False
5040,204,3.28978012856,8.73041413332,-0.012501627511000013,0.015656082861000085,-0.019278604041599996,0.017956763330399993,-0.02003737212790639,0.017822019349648447,-0.6239872203665835,0.7814339067188307,-1,-1,instant_velocity,dbscan_kmeans_fallback,False
5040,205,6.28511956875,6.38104706494,0.03598953374600002,0.006921134192,0.036326277921399995,0.003360329980000003,0.035730799456180046,0.004297669538159389,0.9820058247685767,0.1888491842799811,0,0,instant_velocity,dbscan_kmeans_fallback,False
5040,206,6.32721259067,5.661249109,0.04318744049500003,0.004391340313999947,0.04061134755320001,0.002735041304599992,0.040515601377192116,0.0032318784590171963,0.9948700056839673,0.10115933505379084,0,0,instant_velocity,dbscan_kmeans_fallback,False
5040,207,11.7256426526,5.29180373905,-0.013343487950000111,0.030214330643999966,-0.023395301586000023,0.04706848569959999,-0.02234600528166775,0.0424110216878214,-0.4039856398157635,0.9147649956712596,-1,-1,instant_velocity,dbscan_kmeans_fallback,False
5040,208,2.1734731871,6.95717182145,0.025824068951,-0.006634742431999996,0.023955138777519997,-0.010042804371800003,0.022378990943067764,-0.008576273236236729,0.9685444047010288,-0.2488392774716957,0,0,instant_velocity,dbscan_kmeans_fallback,False
5040,209,1.72876041046,6.50849139799,0.026455464280000007,-0.007517783691000002,0.02895158048,-0.007775536274599997,0.02334847836060107,-0.006390010888290927,0.9619156330534142,-0.27334518047955036,0,0,instant_velocity,dbscan_kmeans_fallback,False
5040,210,2.06045342323,8.1597785522,0.025150580599999972,0.004653866094000136,0.032508440832679994,-0.000525051559400005,0.026758913885126908,0.000891878425537114,0.983307153029768,0.18195125958535707,0,0,instant_velocity,dbscan_kmeans_fallback,False
5040,211,1.70013715556,8.52946258196,0.024119301563999995,0.0017422165380001076,0.02830755724474,-0.0013078557023999693,0.022383265584407255,-0.000237077246598456,0.997400928112278,0.07204555187317312,0,0,instant_velocity,dbscan_kmeans_fallback,False
5040,212,14.1116856004,5.35433260657,-0.03156976644,-0.00825762907000005,-0.03156976644,-0.00825762907000005,-0.0161005808865,-0.004211390825700007,-0.9674518173629059,-0.2530540815391699,-1,-1,instant_velocity,dbscan_kmeans_fallback,False
5040,264,3.13929757517,5.327602709,0.023088022524999995,-0.0015274227179999933,0.0216947435002,-0.0037087732876000066,0.021909860740316763,-0.002625328299405045,0.9978183847992202,-0.06601217006480674,0,0,instant_velocity,dbscan_kmeans_fallback,False
5040,265,2.75162084324,4.85028310958,0.019004999399000022,-0.006921134191,0.015885906474400004,-0.0008448556909999993,0.017715366653635545,-0.0016914890378087982,0.9396304856099792,-0.3421893652468804,0,0,instant_velocity,dbscan_kmeans_fallback,False
5040,266,3.7761649969,6.93354450128,0.039672673163999986,0.007374587812000044,0.0367387895362,0.004625226918600003,0.03585363552346596,0.005105511192418028,0.9831582013501162,0.1827551790869399,0,0,instant_velocity,dbscan_kmeans_fallback,False
5040,267,1.47430809293,4.27964752846,0.02769720842700001,0.00942706208899997,0.02006153424956,0.006190835204600002,0.019312647025832182,0.0061468923507656,0.9466680871441503,0.32220932512762135,-1,-1,instant_velocity,dbscan_kmeans_fallback,False
5040,291,11.1270798808,12.6580384572,-0.009954999680000043,0.002983247499999919,-0.009222581103999978,0.003914020716000017,-0.008855881253838037,0.004743996823767132,-0.9579114562615179,0.2870604770439774,1,1,instant_velocity,dbscan_kmeans_fallback,False
5040,337,5.23510913683,11.0800198615,0.007618836969000053,-0.023937577909999952,0.007618836969000053,-0.023937577909999952,0.003224851642437003,-0.016059274726409993,0.30328793766318407,-0.9528985416692182,-1,-1,instant_velocity,dbscan_kmeans_fallback,False
5040,371,11.8637077645,11.2921884234,0.02858116189000004,-0.0002386597999999296,0.025024301534000024,-0.00251070109399997,0.02291059406316477,-0.004164323262910358,0.9999647886430015,-0.008349954329463765,-1,-1,instant_velocity,dbscan_kmeans_fallback,False
5040,374,12.1989786841,12.8885838237,0.0,0.0,0.0,0.0,0.0,0.0,0.0,0.0,1,1,instant_velocity,dbscan_kmeans_fallback,False
5040,403,14.4879972164,11.7451647233,-0.0289389525699999,0.020882732479999964,-0.0289389525699999,0.020882732479999964,-0.00868168577099997,0.0062648197439999906,-0.8109133157405548,0.5851658174606771,-1,-1,instant_velocity,dbscan_kmeans_fallback,False
5050,198,0.865011600561,13.0752157871,-0.018941859865900003,0.01575154677999997,-0.023066976014979996,0.014524835409999994,-0.022042534548096536,0.014769842286503524,-0.7688860556796978,0.6393851902753992,-1,-1,instant_velocity,dbscan_kmeans_fallback,False
5050,203,8.18456718312,4.19635525836,0.02656069683500002,0.003961752674999985,0.033468161732800004,0.004505897018599994,0.032071002124443304,0.0033108102308527887,0.9890577518283111,0.14752633254982447,-1,-1,instant_velocity,dbscan_kmeans_fallback,False
5050,204,3.16476385344,8.88721362173,-0.012501627511999968,0.01567994884099999,-0.016946650627000005,0.01694007258359999,-0.017776648743134463,0.01717939819705391,-0.6234067485967763,0.7818970702613603,-1,-1,instant_velocity,dbscan_kmeans_fallback,False
5050,205,6.64522537132,6.45001974706,0.03601058025699997,0.006897268212000008,0.03621262676219999,0.004625226918600003,0.03581473369642602,0.005077549140311575,0.9821467355450665,0.1881149764943809,0,0,instant_velocity,dbscan_kmeans_fallback,False
5050,206,6.75929746073,5.70516251215,0.043208487005999975,0.004391340315000036,0.04123432427780001,0.0030787114163999974,0.04132346706583447,0.0035797170158120483,0.9948749635690879,0.1011105650447438,0,0,instant_velocity,dbscan_kmeans_fallback,False
5050,207,11.5924182382,5.59418570528,-0.013322441439999898,0.030238196623000046,-0.019459604035999972,0.04253394950480001,-0.019638936129167395,0.038759174168374995,-0.4031855765802157,0.9151179080123845,-1,-1,instant_velocity,dbscan_kmeans_fallback,False
5050,208,2.46349410817,6.93784037767,0.029002092107,-0.0019331443780000513,0.023593138788999997,-0.00989483529620001,0.024365921292247433,-0.006583334578765725,0.997785564466147,-0.06650773838249364,1,1,instant_velocity,dbscan_kmeans_fallback,False
5050,209,1.99331505326,6.43355222088,0.026455464279999986,-0.007493917711000009,0.0281181386459,-0.007684845550599988,0.024280574136420742,-0.006721182935103652,0.9621435170539526,-0.2725419696537058,1,1,instant_velocity,dbscan_kmeans_fallback,False
5050,210,2.31195922924,8.20631721315,0.02515058060100004,0.00465386609499987,0.03005862695678,0.0012028453905999826,0.026276413899888846,0.002020474726375941,0.9833071530240695,0.18195125961615405,1,1,instant_velocity,dbscan_kmeans_fallback,False
5050,211,1.94133017119,8.54688474734,0.024119301562999997,0.00174221653799993,0.02695637124092,-0.0003245773276000108,0.02290407637798508,0.0003567108887810599,0.9974009281120637,0.07204555187613734,1,1,instant_velocity,dbscan_kmeans_fallback,False
5050,212,13.8662832826,5.28368930586,-0.024540231779999998,-0.007064330070999958,-0.024540231779999998,-0.007064330070999958,-0.01863247615455,-0.005067272599289992,-0.9609751439215034,-0.2766333124946626,-1,-1,instant_velocity,dbscan_kmeans_fallback,False
5050,264,3.37017780043,5.31208982202,0.023088022525999997,-0.0015512886979999862,0.0219430923294,-0.003350783588000006,0.022263309276021732,-0.0023031164189835276,0.9977499219804409,-0.06703901019048349,1,1,instant_velocity,dbscan_kmeans_fallback,False
5050,265,2.94167083724,4.78083310786,0.01900499939999998,-0.006945000171999993,0.016727766913199993,-0.002491608308999993,0.018102256477544876,-0.0032675423780661574,0.9392506662535619,-0.34323053115603375,1,1,instant_velocity,dbscan_kmeans_fallback,False
5050,266,4.17668010052,7.03354295736,0.04005151036199996,0.00999984560799998,0.039394859219799995,0.0055225877654000045,0.03711299797502616,0.006573811517092614,0.9702164995383228,0.2422384353056129,0,0,instant_velocity,dbscan_kmeans_fallback,False
5050,267,1.75128017719,4.37367948955,0.027697208425999986,0.009403196108999978,0.022305092318039996,0.007140701207399989,0.021828015445882525,0.0071237834782359125,0.946916685327787,0.3214780043559545,-1,-1,instant_velocity,dbscan_kmeans_fallback,False
5050,291,11.027740349,12.6878709322,-0.00993395318000001,0.002983247499999919,-0.00993816247799998,0.0029832474979999903,-0.00917930283168663,0.004215772026636968,-0.9577440847993018,0.28761839268274314,2,2,instant_velocity,dbscan_kmeans_fallback,False
5050,337,5.42726378191,10.8621234644,0.019215464507999956,-0.02178963971000005,0.019215464507999956,-0.02178963971000005,0.00802203550210589,-0.01777838422148701,0.6614145314641685,-0.7500200858304829,-1,-1,instant_velocity,dbscan_kmeans_fallback,False
5050,371,12.1876135682,11.3473188372,0.03239058036999989,0.005513041379999884,0.026855347987999992,-0.001575154677999997,0.025754589955215308,-0.0012611138700372847,0.9858221228174037,0.16779193501100248,-1,-1,instant_velocity,dbscan_kmeans_fallback,False
5050,372,11.4053147557,12.9422822787,0.0,0.0,0.0,0.0,0.0,0.0,0.0,0.0,2,2,instant_velocity,dbscan_kmeans_fallback,False
5050,374,12.3932379803,12.8427611422,0.019425929620000025,-0.0045822681499998906,0.019425929620000025,-0.0045822681499998906,0.005827778886000008,-0.0013746804449999673,0.9732885025460044,-0.2295832937326187,2,2,instant_velocity,dbscan_kmeans_fallback,False
5050,403,14.2040797835,11.9559013264,-0.028391743290000094,0.02107366030999991,-0.028391743290000094,0.02107366030999991,-0.014594703026700009,0.010707471913799966,-0.8029784382665358,0.5960076023314577,-1,-1,instant_velocity,dbscan_kmeans_fallback,False
5050,434,10.7793915197,6.51684449098,0.0,0.0,0.0,0.0,0.0,0.0,0.0,0.0,-1,-1,instant_velocity,dbscan_kmeans_fallback,False
5060,198,0.675593001898,13.2327312549,-0.018941859866300002,0.01575154677999997,-0.02164423187384,0.014949649853999993,-0.021112332143557577,0.015064353634552458,-0.7688860556863356,0.639385190267417,-1,-1,instant_velocity,dbscan_kmeans_fallback,False
5060,203,8.45017415146,4.23621144491,0.02656069683400002,0.003985618655000067,0.03169604550960001,0.004372247530600007,0.03041791053731032,0.003513252758096972,0.9889277129203778,0.14839553215398166,-1,-1,instant_velocity,dbscan_kmeans_fallback,False
5060,204,3.12730106393,8.96191413904,-0.003746278951000015,0.007470051730999927,-0.013175115862400002,0.01472053644639999,-0.013567537805494129,0.014266594257237714,-0.4482899960009392,0.8938868419616394,-1,-1,instant_velocity,dbscan_kmeans_fallback,False
5060,205,7.01669628981,6.53498263575,0.037147091849,0.008496288868999979,0.03632206861919998,0.006209927988399997,0.03621444114219822,0.006103171058918096,0.9748267460227412,0.22296253136325792,0,0,instant_velocity,dbscan_kmeans_fallback,False
5060,206,7.19117186569,5.7490759153,0.043187440496000026,0.004391340314999948,0.0419330684418,0.0035464846238000016,0.04188265909488414,0.0038232040055684183,0.9948700056818846,0.10115933507427284,0,0,instant_velocity,dbscan_kmeans_fallback,False
5060,207,11.4951833575,5.77556715307,-0.00972348807000003,0.018138144778999978,-0.01638260413400001,0.0353837019056,-0.016664301711417185,0.03257286535156249,-0.47247128536744665,0.8813455126617884,-1,-1,instant_velocity,dbscan_kmeans_fallback,False
5060,208,2.75372549434,6.91850893389,0.02902313861699999,-0.0019331443779999624,0.025188464319999996,-0.007551196062999992,0.025763086489673202,-0.005188277518535996,0.9977887640671373,-0.06645972253869548,1,1,instant_velocity,dbscan_kmeans_fallback,False
5060,209,2.34205573991,6.35622644577,0.03487406866500002,-0.007732577511000027,0.028972626991000006,-0.007637113590800002,0.027458622494994527,-0.007024601307872564,0.9762887374508976,-0.2164711094645491,1,1,instant_velocity,dbscan_kmeans_fallback,False
5060,210,2.56346503524,8.25285587409,0.025150580599999993,0.004653866094000136,0.027604603778600002,0.0029259691444000068,0.02593866390992219,0.0028104921366632,0.983307153029768,0.18195125958535693,1,1,instant_velocity,dbscan_kmeans_fallback,False
5060,211,2.18273365193,8.56430691272,0.024140348074000006,0.00174221653799993,0.0256093945393,0.0006587010471999832,0.023274957886789557,0.0007723625835467211,0.9974054401119179,0.07198306534468081,1,1,instant_velocity,dbscan_kmeans_fallback,False
5060,212,13.6286681738,5.21423930414,-0.023761510880000003,-0.006945000171999993,-0.023761510880000003,-0.006945000171999993,-0.020171186572185,-0.005630590871102993,-0.9598413703989539,-0.28054186100279843,-1,-1,instant_velocity,dbscan_kmeans_fallback,False
5060,264,3.61831616468,5.28201868726,0.024813836424999992,-0.0030071134760000008,0.022696557422000004,-0.0029975670844000035,0.02302846742071521,-0.0025143155360884697,0.9927363680606548,-0.1203067054759346,1,1,instant_velocity,dbscan_kmeans_fallback,False
5060,265,3.15908129548,4.69085836337,0.02174104582400003,-0.00899747444900001,0.0181210459388,-0.0045488557823999895,0.01919389328148142,-0.004986521999346313,0.923998726296452,-0.3823944348428447,1,1,instant_velocity,dbscan_kmeans_fallback,False
5060,266,4.57719520414,7.13354141344,0.04005151036200001,0.00999984560799998,0.039588487120599994,0.0068399898597999885,0.03799455169111832,0.007601621744364824,0.9702164995383229,0.24223843530561262,0,0,instant_velocity,dbscan_kmeans_fallback,False
5060,267,2.02825226146,4.46795011044,0.02769720842700001,0.00942706208900006,0.02455285968888,0.00809056721040001,0.02358877334021777,0.007814767061465158,0.9466680871441493,0.32220932512762407,-1,-1,instant_velocity,dbscan_kmeans_fallback,False
5060,291,10.9284008173,12.7177034071,-0.00993395317000001,0.002983247490000096,-0.009938162476000016,0.00298324749599999,-0.009405697933180645,0.0038460146656459065,-0.9577440849851198,0.28761839206398176,-1,-1,instant_velocity,dbscan_kmeans_fallback,False
5060,337,5.619418427,10.6442270672,0.019215464509000045,-0.021789639720000052,0.0102622787454,-0.023450711920000023,0.011380064204174138,-0.018981760871040924,0.6614145313127795,-0.7500200859639872,-1,-1,instant_velocity,dbscan_kmeans_fallback,False
5060,371,12.5113089068,11.4024492509,0.032369533860000035,0.00551304137000006,0.028589580492000017,-0.00022911340800000347,0.027739073126650728,0.0007711327019739191,0.9858040711543471,0.16789795770597457,-1,-1,instant_velocity,dbscan_kmeans_fallback,False
5060,372,11.6218833535,12.8398972246,0.021656859780000027,-0.010238505410000088,0.021656859780000027,-0.010238505410000088,0.006497057934000009,-0.0030715516230000266,0.9040603215486416,-0.42740390745339046,2,2,instant_velocity,dbscan_kmeans_fallback,False
5060,374,12.5874972765,12.7966998008,0.019425929620000025,-0.004606134139999973,0.019425929620000025,-0.004606134139999973,0.009907224106200013,-0.002344116553499969,0.9730207265901187,-0.2307155474845337,2,2,instant_velocity,dbscan_kmeans_fallback,False
5060,403,13.9710949072,12.1862080332,-0.023298487629999975,0.023030670680000042,-0.023298487629999975,0.023030670680000042,-0.01720583840769,0.014404431543659989,-0.7111822838697932,0.7030072180378486,-1,-1,instant_velocity,dbscan_kmeans_fallback,False
5060,434,10.7442438464,6.26481974248,-0.0035147673300000904,-0.025202474849999934,-0.0035147673300000904,-0.025202474849999934,-0.0010544301990000273,-0.007560742454999981,-0.13812439140868388,-0.9904144922869796,-1,-1,instant_velocity,dbscan_kmeans_fallback,False
5070,198,0.486174403235,13.3902467227,-0.0189418598663,0.015751546780000146,-0.0202214877329,0.015369691102000012,-0.0204611904603803,0.015270511578186765,-0.7688860556863322,0.6393851902674214,-1,-1,instant_velocity,dbscan_kmeans_fallback,False
5070,203,8.71578111981,4.27606763147,0.026560696834999932,0.003985618655999978,0.0299281385888,0.00423859804300001,0.029260746426617204,0.003654962527467874,0.9889277129157342,0.14839553218492774,-1,-1,instant_velocity,dbscan_kmeans_fallback,False
5070,204,3.14813710978,8.98196156222,0.0020836045849999874,0.0020047423180001188,-0.008237604390799999,0.011412711622400025,-0.008872195088345892,0.010588038675466434,0.7206099900656749,0.6933356512355305,-1,-1,instant_velocity,dbscan_kmeans_fallback,False
5070,205,7.4058462775,6.64333418482,0.038914998769000064,0.010835154906999999,0.03681455697560001,0.008009422878399999,0.037024608430238776,0.007522766213342667,0.9633551317681809,0.2682282516600436,0,0,instant_velocity,dbscan_kmeans_fallback,False
5070,206,7.59273929485,5.85050633018,0.040156742916,0.010143041488000026,0.0420298823922,0.005169371261800002,0.0413648842412189,0.0057191552502979005,0.9695493938912152,0.24489485483110626,0,0,instant_velocity,dbscan_kmeans_fallback,False
5070,207,11.4522484752,5.77556715307,-0.0042934882300000865,0.0,-0.012215394962000019,0.024605825350600005,-0.012953057666992054,0.022801005746093738,-0.9999976708969087,0.0,-1,-1,instant_velocity,dbscan_kmeans_fallback,False
5070,208,3.0437464154,6.89917749012,0.029002092106,-0.001933144377000051,0.026779580548599996,-0.005212330025600007,0.026734788174571242,-0.004211737576075212,0.9977855644682779,-0.06650773835052497,1,1,instant_velocity,dbscan_kmeans_fallback,False
5070,209,2.77456154019,6.27675273246,0.043250580027999995,-0.007947371330999963,0.0314982083064,-0.0076371135910000025,0.03219620975489617,-0.007301432314810784,0.9835332536245328,-0.1807259920648556,1,1,instant_velocity,dbscan_kmeans_fallback,False
5070,210,2.90778595459,8.29724659684,0.034432091934999985,0.004439072275000022,0.027006882867200002,0.004610907330600007,0.02848669231744553,0.003299066178164247,0.9917913879329201,0.12786425120692624,1,1,instant_velocity,dbscan_kmeans_fallback,False
5070,211,2.53673596632,8.62325588325,0.03540023143900002,0.005894897053000036,0.026518603812800006,0.0024772887209999796,0.0269125399524527,0.0023091229243827156,0.9864168716009762,0.16425954501031834,1,1,instant_velocity,dbscan_kmeans_fallback,False
5070,212,13.391053065,5.14502796222,-0.023761510880000003,-0.006921134192,-0.027040557286,-0.007489144514999993,-0.021248283864529503,-0.006017753867372095,-0.9601006277480723,-0.27965331480924105,-1,-1,instant_velocity,dbscan_kmeans_fallback,False
5070,264,4.02240917516,5.11973002345,0.040409301048,-0.016228866381000007,0.026569115438999997,-0.005288701161800002,0.02824271750890065,-0.006628680789561931,0.9279597155341254,-0.3726798989288496,1,1,instant_velocity,dbscan_kmeans_fallback,False
5070,265,3.48572314562,4.51806866838,0.032664185014000015,-0.01727896949900005,0.021694743500200005,-0.008262402266000012,0.023234980801237003,-0.008674256249242436,0.8839424391771608,-0.4675951485967744,1,1,instant_velocity,dbscan_kmeans_fallback,False
5070,266,5.02695914341,7.2500073957,0.044976393927000036,0.011646598226000027,0.040767091734600004,0.008486742478,0.04008910436188283,0.008815114688855385,0.9680695824135618,0.2506807793324219,0,0,instant_velocity,dbscan_kmeans_fallback,False
5070,267,2.22166969721,4.56031145292,0.01934174357499998,0.009236134247999938,0.025125324787159994,0.00900224764499999,0.022314664410652434,0.008241177217425592,0.9023926826653865,0.4309135796983249,-1,-1,instant_velocity,dbscan_kmeans_fallback,False
5070,291,10.8290612856,12.7475358821,-0.00993395317000001,0.002983247499999919,-0.009938162476000016,0.00298324749599999,-0.009564174504226454,0.0035871845159521102,-0.9577440847195454,0.2876183929483223,-1,-1,instant_velocity,dbscan_kmeans_fallback,False
5070,292,15.1600123114,3.37393358855,0.0,0.0,0.0,0.0,0.0,0.0,0.0,0.0,-1,-1,instant_velocity,dbscan_kmeans_fallback,False
5070,337,6.17757189773,10.5404100543,0.055815347072999975,-0.010381701289999868,0.020899185385799993,-0.020553381951999974,0.024710649064821892,-0.016401742996728606,0.9831379501240121,-0.18286448190855425,-1,-1,instant_velocity,dbscan_kmeans_fallback,False
5070,371,12.7634461081,11.5282229654,0.025213720130000006,0.01257737144999993,0.02867376653400001,0.0034796598799999856,0.02698146722765551,0.0043130043263817225,0.8948451068403118,0.44637599056849186,-1,-1,instant_velocity,dbscan_kmeans_fallback,False
5070,372,11.8384519513,12.7375121705,0.021656859780000027,-0.01023850540999991,0.021656859780000027,-0.01023850540999991,0.011044998487800016,-0.005221637759099992,0.9040603215486442,-0.4274039074533843,2,2,instant_velocity,dbscan_kmeans_fallback,False
5070,374,12.8049077347,12.7141235101,0.02174104581999998,-0.00825762907000005,0.02174104581999998,-0.00825762907000005,0.013457370620340005,-0.004118170308449994,0.9348398260986586,-0.35506849981819694,2,2,instant_velocity,dbscan_kmeans_fallback,False
5070,403,13.7381100308,12.4162760801,-0.023298487639999976,0.02300680468999996,-0.023298487639999976,0.02300680468999996,-0.019033633177382995,0.016985143487561978,-0.7115466031989766,0.7026384708132828,-1,-1,instant_velocity,dbscan_kmeans_fallback,False
5070,434,10.7208822192,5.9929862306,-0.0023361627199999903,-0.02718335118800006,-0.0023361627199999903,-0.02718335118800006,-0.0014389499553000163,-0.013447525074900005,-0.08562528146247213,-0.9963270437624914,-1,-1,instant_velocity,dbscan_kmeans_fallback,False
5080,198,0.296755804572,13.5477621905,-0.0189418598663,0.01575154677999997,-0.01894185986636,0.015751546780000004,-0.02000539128215621,0.015414822138730726,-0.7688860556863356,0.6393851902674171,-1,-1,instant_velocity,dbscan_kmeans_fallback,False
5080,203,8.98138808816,4.31568515822,0.026560696834999932,0.003961752674999985,0.028156022365799983,0.004100175359199998,0.028450731549132025,0.0037469995717275073,0.9890577518283111,0.14752633254982495,-1,-1,instant_velocity,dbscan_kmeans_fallback,False
5080,204,3.16876269052,9.00224764519,0.0020625580739999983,0.002028608296999934,-0.004920674263000002,0.008567886809600012,-0.005591769139642124,0.008020209561926483,0.7129475626691912,0.7012124212104017,-1,-1,instant_velocity,dbscan_kmeans_fallback,False
5080,205,7.79478580009,6.75192439369,0.03889395225899994,0.010859020887000082,0.037391231376,0.008801773413400014,0.03758541157886713,0.008523642615439891,0.9631646739457046,0.26891135265320953,0,0,instant_velocity,dbscan_kmeans_fallback,False
5080,206,7.94863579523,6.03809293275,0.035589650038000006,0.01875866025699997,0.04106595219020001,0.008415144537799986,0.03963231398025323,0.009631006752308522,0.8846385192642313,0.46627694892798077,0,0,instant_velocity,dbscan_kmeans_fallback,False
5080,207,11.4093135928,5.77556715307,-0.0042934882399999095,0.0,-0.008995278786000007,0.0157181344092,-0.010355186838894411,0.015960704022265616,-0.9999976708969142,0.0,1,1,instant_velocity,dbscan_kmeans_fallback,False
5080,208,3.49308942445,6.77650635306,0.044934300905000016,-0.012267113705999932,0.0315571385372,-0.004940257854199999,0.032194641993699875,-0.006628350415052628,0.9646965260103768,-0.2633632155838346,2,2,instant_velocity,dbscan_kmeans_fallback,False
5080,209,3.20727780558,6.19727901916,0.043271626538999984,-0.007947371330000053,0.0348614407584,-0.007727804314800011,0.03551883479012731,-0.007495214019367565,0.9835488748509155,-0.1806409593269849,2,2,instant_velocity,dbscan_kmeans_fallback,False
5080,210,3.2622091992,8.34115999999,0.035442324461,0.004391340314999858,0.0290652316394,0.004558402174600005,0.030573381960511868,0.00362674841921493,0.9924112498646321,0.12296077068493143,3,3,instant_velocity,dbscan_kmeans_fallback,False
5080,211,2.91873014029,8.69222856536,0.03819941739699999,0.006897268211000096,0.029195720007400002,0.00360376297560002,0.030298603185816887,0.0036855665103679297,0.9840869265648438,0.1776862564398572,3,3,instant_velocity,dbscan_kmeans_fallback,False
5080,212,13.3628507403,5.18249755078,-0.0028202324699998726,0.00374695885599996,-0.021290650489999976,-0.005088226929800008,-0.015719868446170612,-0.0030883400503604777,-0.6013643501700314,0.7989722483949566,1,1,instant_velocity,dbscan_kmeans_fallback,False
5080,264,4.42650218564,4.95744135965,0.04040930104800004,-0.016228866380000005,0.030361696714400005,-0.007708711530599999,0.031892692570630474,-0.009508736466693354,0.9279597155420671,-0.37267989890907466,2,2,instant_velocity,dbscan_kmeans_fallback,False
5080,265,3.81236499576,4.34527897338,0.032664185013999966,-0.017278969499999963,0.025015882930200004,-0.011484309562200003,0.02606374206506589,-0.011255670224469695,0.8839424391659761,-0.4675951486179177,2,2,instant_velocity,dbscan_kmeans_fallback,False
5080,266,5.52597191833,7.38246358454,0.049901277491999976,0.013245618883999999,0.04293067306139999,0.010453299227600006,0.043032756300917976,0.01014426594739877,0.9665301371895454,0.2565523465639808,0,0,instant_velocity,dbscan_kmeans_fallback,False
5080,267,2.39446155221,4.65195681601,0.017279185500000026,0.009164536309000049,0.023942510871,0.0093315981688,0.020804020737456713,0.008518184944897929,0.8834334639974759,0.4685555379557991,-1,-1,instant_velocity,dbscan_kmeans_fallback,False
5080,292,15.0217367344,3.68753256537,-0.013827557699999993,0.031359897682000024,-0.013827557699999993,0.031359897682000024,-0.0041482673099999985,0.009407969304600009,-0.40345223113116974,0.9150003899711164,-1,-1,instant_velocity,dbscan_kmeans_fallback,False
5080,337,6.73572536846,10.4365930415,0.055815347072999975,-0.010381701280000044,0.0315360920264,-0.017656051981999994,0.034042058467275316,-0.014595730481710038,0.9831379501556782,-0.18286448173830616,-1,-1,instant_velocity,dbscan_kmeans_fallback,False
5080,371,13.0075856353,11.6618724532,0.024413952719999975,0.01336494878000014,0.02859378979399999,0.007345948636000017,0.02621121287535885,0.007028587662467248,0.8771655208905386,0.4801873909045648,-1,-1,instant_velocity,dbscan_kmeans_fallback,False
5080,372,12.054810084,12.6353657762,0.02163581326999999,-0.010214639430000005,0.02163581326999999,-0.010214639430000005,0.014222242922460009,-0.006719538260369997,0.9042849377163843,-0.4269284664959064,4,4,instant_velocity,dbscan_kmeans_fallback,False
5080,374,13.0248437743,12.627251343,0.02199360396000003,-0.008687216710000101,0.02199360396000003,-0.008687216710000101,0.016018240622238014,-0.005488884228915027,0.9300749258496588,-0.3673687337504121,4,4,instant_velocity,dbscan_kmeans_fallback,False
5080,403,13.5103867822,12.6472987662,-0.022772324860000026,0.023102268610000108,-0.025339999197999993,0.022219227353999997,-0.020155240682168105,0.018820281024293416,-0.7020026852711834,0.7121738645386699,-1,-1,instant_velocity,dbscan_kmeans_fallback,False
5080,434,10.8027531469,5.54215786895,0.00818709277000007,-0.04508283616499993,0.00818709277000007,-0.04508283616499993,0.0014488628622900102,-0.022938118401929983,0.1786786444338991,-0.9839072647026669,-1,-1,instant_velocity,dbscan_kmeans_fallback,False
5090,203,9.01758808702,4.31711711702,0.00361999988600008,0.00014319587999995776,0.021972557444999995,0.0032075877081999948,0.02100151205019244,0.0026658584642092423,0.999215785711141,0.039525853107928215,0,0,instant_velocity,dbscan_kmeans_fallback,False
5090,204,3.18959873637,9.02229506837,0.0020836045849999874,0.0020047423179999414,-0.002003627843800002,0.005837618700999982,-0.0032891570222494905,0.00621556938874852,0.7206099900657056,0.6933356512354988,-1,-1,instant_velocity,dbscan_kmeans_fallback,False
5090,205,8.17720090428,6.86767439655,0.038241510418999966,0.011575000285999958,0.03784162671059999,0.009732546632200006,0.037782241230906975,0.009439049916607913,0.9571167551564485,0.28970159895062414,1,1,instant_velocity,dbscan_kmeans_fallback,False
5090,206,8.30432183049,6.22567953533,0.03556860352599998,0.01875866025800006,0.039542184796399996,0.011288608526600009,0.03841320084397725,0.012369302804015984,0.8845247008980531,0.46649282538817965,1,1,instant_velocity,dbscan_kmeans_fallback,False
5090,207,11.3663787104,5.77556715307,-0.004293488240000087,0.0,-0.0071852788440000025,0.009675268280400004,-0.008536677259226114,0.01117249281558593,-0.9999976708969142,0.0,0,0,instant_velocity,dbscan_kmeans_fallback,False
5090,208,3.96011150271,6.64214088583,0.046702207825999986,-0.013436546723000032,0.035732766312199994,-0.006300618712400005,0.03654691174338991,-0.008670809307436848,0.9610162919640489,-0.27649100352275896,2,2,instant_velocity,dbscan_kmeans_fallback,False
5090,209,3.63978360586,6.11756664605,0.043250580027999995,-0.007971237310999957,0.038220463908,-0.007818495038800001,0.03783835836148912,-0.007638021006857283,0.9834366543716655,-0.181250909172949,2,2,instant_velocity,dbscan_kmeans_fallback,False
5090,210,3.61663244381,8.38507340313,0.035442324461,0.004391340314000125,0.031123580411600002,0.004505897018600003,0.032034064710658304,0.0038561259876504885,0.9924112498680479,0.12296077065736137,3,3,instant_velocity,dbscan_kmeans_fallback,False
5090,211,3.30093477937,8.76143990728,0.03822046390799998,0.006921134191999911,0.032015952476199996,0.004639546506399981,0.032675161402471814,0.004656236814857525,0.9839964674172884,0.17818652363409523,3,3,instant_velocity,dbscan_kmeans_fallback,False
5090,212,13.3872646931,5.2469356967,0.0024413952799999805,0.006443814591999964,-0.014488418145999979,-0.0021479381974000055,-0.010271489328319434,-0.00022869365765234477,0.3542971635508784,0.9351313370251811,0,0,instant_velocity,dbscan_kmeans_fallback,False
5090,264,4.76408822148,4.76985475707,0.03375860358399994,-0.018758660257999972,0.03249581292619999,-0.011154959038599994,0.03245246587464131,-0.01228371360408534,0.8741143907189683,-0.4857195837892215,4,4,instant_velocity,dbscan_kmeans_fallback,False
5090,265,4.11417196296,4.14408876222,0.030180696720000056,-0.020119021116000013,0.02725102239440001,-0.014123886947200006,0.02729882846154614,-0.01391467549192879,0.8320684304456667,-0.5546724940580936,4,4,instant_velocity,dbscan_kmeans_fallback,False
5090,266,6.02477422814,7.51515843318,0.04988023098100003,0.013269484863999991,0.0449721846248,0.011632278637999996,0.045086998704942594,0.011081831622379136,0.9663884965090673,0.2570853677894032,1,1,instant_velocity,dbscan_kmeans_fallback,False
5090,267,2.5670429421,4.7438408389,0.017258138988999992,0.009188402288999952,0.0218546969834,0.009283866208799996,0.019740256212919697,0.008719250148128535,0.8826907514431807,0.46995320446828587,-1,-1,instant_velocity,dbscan_kmeans_fallback,False
5090,269,0.187945342896,6.76099346608,0.0,0.0,0.0,0.0,0.0,0.0,0.0,0.0,-1,-1,instant_velocity,dbscan_kmeans_fallback,False
5090,292,14.8834611574,4.001370202,-0.013827557699999993,0.03138376366300002,-0.013827557699999993,0.03138376366300002,-0.007052054426999997,0.016000707612120014,-0.40319531599103625,0.9151136290027053,-1,-1,instant_velocity,dbscan_kmeans_fallback,False
5090,337,7.27472651421,10.4127270615,0.05390011457500003,-0.0023865980000000063,0.0407923475476,-0.013345856000000005,0.03999947529959273,-0.010932990737197027,0.9990209760896638,-0.04423481252857141,-1,-1,instant_velocity,dbscan_kmeans_fallback,False
5090,371,13.1831135367,11.7749971983,0.017552790140000062,0.01131247450999986,0.026388115443999993,0.009656175497999974,0.023613686054751212,0.008313753716727032,0.8405558829672531,0.5417239609461566,-1,-1,instant_velocity,dbscan_kmeans_fallback,False
5090,372,12.2715891469,12.5453910317,0.02167790629000006,-0.008997474450000098,0.02167790629000006,-0.008997474450000098,0.016458941932722026,-0.007402919117259028,0.9236048732027198,-0.3833447352971756,5,5,instant_velocity,dbscan_kmeans_fallback,False
5090,374,13.2456216743,12.5594719599,0.022077789999999986,-0.0067779383099999535,0.02093285980400001,-0.006582237275999994,0.017836105435566605,-0.005875600453240505,0.9559637393947968,-0.29348332655645376,5,5,instant_velocity,dbscan_kmeans_fallback,False
5090,403,13.2952914402,12.8807080503,-0.02150953419999997,0.023340928410000038,-0.02385411552400001,0.022710866540000013,-0.020561528737517664,0.020176475240005404,-0.6776683117704294,0.7353672749807479,-1,-1,instant_velocity,dbscan_kmeans_fallback,False
5090,434,10.954708956,5.0798738369,0.015195580909999862,-0.04622840320500003,0.015195580909999862,-0.04622840320500003,0.005572878276602966,-0.029925203842851,0.31226911591510126,-0.9499934674752968,-1,-1,instant_velocity,dbscan_kmeans_fallback,False
5100,203,9.02832180761,4.31401453962,0.0010733720590000218,-0.0003102577399999973,0.016875092489799997,0.0023531856251999984,0.015023070052834714,0.0017730236029464704,0.9606644138888858,-0.2776796428158017,0,0,instant_velocity,dbscan_kmeans_fallback,False
5100,204,3.21043478223,9.04258115134,0.0020836045860000317,0.002028608297000112,0.000913418575799998,0.0031073505922000065,-0.0016773285397746335,0.004959481061223997,0.7164970126842022,0.6975852301694564,-1,-1,instant_velocity,dbscan_kmeans_fallback,False
5100,205,8.4990020569,7.05024914334,0.032180115262000084,0.01825747467900003,0.037075533711600016,0.01200458792560001,0.03610160344023491,0.012084577345325549,0.8697659017652346,0.4934640164849872,1,1,instant_velocity,dbscan_kmeans_fallback,False
5100,206,8.66021833087,6.4130274781,0.035589650038000006,0.018734794276999978,0.03801841740280001,0.014157299318999996,0.037566135602184074,0.014278950245911182,0.8848831635457887,0.46581250477344954,1,1,instant_velocity,dbscan_kmeans_fallback,False
5100,207,11.3234438281,5.77556715307,-0.004293488229999909,0.0,-0.005379488202000004,0.003627628955799995,-0.007263720550458252,0.00782074497091015,-0.9999976708969087,0.0,0,0,instant_velocity,dbscan_kmeans_fallback,False
5100,208,4.42692311586,6.50801407839,0.04668116131500004,-0.013412680744000038,0.039268580153800005,-0.008596525985600003,0.03958718661487295,-0.010093370738405806,0.9611136699448822,-0.27615231606336743,2,2,instant_velocity,dbscan_kmeans_fallback,False
5100,209,4.10470103303,5.98487179741,0.04649174271699996,-0.013269484863999991,0.04222771959539999,-0.008973608469399999,0.04043437366814237,-0.009327460164000096,0.961599491945986,-0.2744558314640592,2,2,instant_velocity,dbscan_kmeans_fallback,False
5100,210,3.97231847907,8.44091979627,0.03556860352600002,0.005584639313999951,0.0332071849966,0.0046920516624000186,0.03309442635526082,0.004374679985555328,0.9878969157661781,0.15511005232280856,3,3,instant_velocity,dbscan_kmeans_fallback,False
5100,211,3.68313941845,8.8304125894,0.038220463908000026,0.006897268212000008,0.0348361849452,0.005670556841199996,0.03433875215413028,0.00532854623400027,0.9841040314659754,0.17759149836249347,3,3,instant_velocity,dbscan_kmeans_fallback,False
5100,212,13.4114681807,5.31113518282,0.0024203487599999463,0.006419948612000059,-0.00909630203799999,0.0005489175391999979,-0.006463937901823619,0.0017658990232433769,0.35276667987536553,0.9357097597892348,0,0,instant_velocity,dbscan_kmeans_fallback,False
5100,264,5.05726611919,4.56532330872,0.02931778977100006,-0.020453144835000003,0.03374176637520001,-0.014935330265999998,0.031512063043548935,-0.01473454297335974,0.820141520262343,-0.5721602286580076,4,4,instant_velocity,dbscan_kmeans_fallback,False
5100,265,4.35831149013,3.87678978655,0.024413952716999976,-0.026729897567000015,0.02833281305780001,-0.01808086642620001,0.02643336573818229,-0.01775924211445016,0.6743956220367191,-0.738369820963997,4,4,instant_velocity,dbscan_kmeans_fallback,False
5100,266,6.45622770287,7.68054967438,0.04314534747299996,0.016539124120000005,0.045590952047000005,0.0129401343404,0.0445045033353598,0.012719019371665398,0.9337453781194108,0.35793733530266725,1,1,instant_velocity,dbscan_kmeans_fallback,False
5100,267,2.73983479711,4.83572486179,0.017279185500999984,0.009188402289000041,0.019771092398399998,0.009240907444800009,0.019001934999343783,0.008859995790389987,0.8829281546099833,0.46950703066249583,-1,-1,instant_velocity,dbscan_kmeans_fallback,False
5100,268,0.349161616869,6.20014293676,0.0,0.0,0.0,0.0,0.0,0.0,0.0,0.0,5,5,instant_velocity,dbscan_kmeans_fallback,False
5100,269,0.51121975128,6.84619501458,0.032327440838399994,0.008520154849999972,0.032327440838399994,0.008520154849999972,0.00969823225152,0.002556046454999992,0.9669789663442191,0.2548550184077431,-1,-1,instant_velocity,dbscan_kmeans_fallback,False
5100,270,0.257609294182,7.61491822946,0.0,0.0,0.0,0.0,0.0,0.0,0.0,0.0,5,5,instant_velocity,dbscan_kmeans_fallback,False
5100,292,14.7451855804,4.31496917882,-0.013827557699999993,0.03135989768199998,-0.013827557699999993,0.03135989768199998,-0.009084705408899996,0.020608464633084005,-0.4034522311311702,0.9150003899711163,-1,-1,instant_velocity,dbscan_kmeans_fallback,False
5100,337,7.80551952068,10.4232280927,0.05307930064699997,0.0010501031200000454,0.0475651147754,-0.008777907433999985,0.0439234229038149,-0.007338062580037905,0.9998041723964947,0.019779791143159347,-1,-1,instant_velocity,dbscan_kmeans_fallback,False
5100,371,13.2561449298,11.8578121488,0.007303139309999906,0.008281495050000132,0.021370627231999995,0.010209866232000025,0.01872052203132582,0.008304076116708962,0.6614141603723683,0.7500196645055964,-1,-1,instant_velocity,dbscan_kmeans_fallback,False
5100,372,12.4892100703,12.5041028864,0.021762092340000018,-0.004128814529999936,0.021677906292000025,-0.008763587846000008,0.018049887054905425,-0.0064206877410813,0.982473506306679,-0.18639985644776455,6,6,instant_velocity,dbscan_kmeans_fallback,False
5100,374,13.4666100394,12.49980701,0.022098836510000018,-0.005966494990000015,0.02146744118200001,-0.006859082644000019,0.01911492475789663,-0.005902868814268358,0.9654307591625394,-0.26065796654627577,6,6,instant_velocity,dbscan_kmeans_fallback,False
5100,403,13.0801960981,13.1141173345,-0.02150953420999997,0.02334092841999986,-0.02247767370799998,0.023164320162000002,-0.020845930379262356,0.02112581119400374,-0.6776683117838,0.7353672749684266,-1,-1,instant_velocity,dbscan_kmeans_fallback,False
5100,434,11.2704066204,4.59062124749,0.03156976644,-0.04892525894100004,0.00982030201399997,-0.0385244648698,0.013371944725622077,-0.035625220372295714,0.5421884185444457,-0.8402567317852577,-1,-1,instant_velocity,dbscan_kmeans_fallback,False
5110,203,9.0390555282,4.31091196222,0.0010733720590000218,-0.0003102577399999973,0.011777627534799997,0.0014940103461999854,0.010838160654684304,0.0011480392000625301,0.9606644138888858,-0.2776796428158017,0,0,instant_velocity,dbscan_kmeans_fallback,False
5110,204,3.23106036297,9.06262857452,0.0020625580739999983,0.0020047423179999414,0.0020751859808000005,0.0020142887096000093,-0.0005553625556422437,0.00407305943825678,0.7170832077915067,0.6969825821189363,-1,-1,instant_velocity,dbscan_kmeans_fallback,False
5110,205,8.82101367463,7.23282389012,0.03220116177300003,0.01825747467799994,0.03608634769640002,0.013956825087400003,0.03493147094006444,0.013936446545127865,0.8699043171212089,0.4932199699527681,1,1,instant_velocity,dbscan_kmeans_fallback,False
5110,206,9.00222413401,6.59918212188,0.03420058031399993,0.01861546437800001,0.03622104536639999,0.01700212413160001,0.03655646901572883,0.01557990448553783,0.8783203386050016,0.4780720334467933,1,1,instant_velocity,dbscan_kmeans_fallback,False
5110,207,11.2805089457,5.77556715307,-0.004293488240000087,0.0,-0.004293488236000016,0.0,-0.006372650857320803,0.005474521479637105,-0.9999976708969142,0.0,0,0,instant_velocity,dbscan_kmeans_fallback,False
5110,208,4.93309170451,6.31064242402,0.05061685886499996,-0.019737165436999948,0.0435873242034,-0.0121573301974,0.04289608828991105,-0.012986509147984049,0.931675626077357,-0.36329073707543885,2,2,instant_velocity,dbscan_kmeans_fallback,False
5110,209,4.57319636705,5.84644911358,0.046849533402000085,-0.013842268383000001,0.044622812542800004,-0.010195546643799992,0.04235892158829968,-0.010681902629700066,0.959015504871858,-0.2833528754275229,2,2,instant_velocity,dbscan_kmeans_fallback,False
5110,210,4.33789637449,8.60440175907,0.03655778954199995,0.01634819628000006,0.03548862678499999,0.007030917699600003,0.03413343531128256,0.007966734873888747,0.9128794880517614,0.4082285400081585,1,1,instant_velocity,dbscan_kmeans_fallback,False
5110,211,4.04387661634,8.97360846923,0.03607371978900002,0.014319587982999949,0.03722285928820001,0.0081860311302,0.0348592424445912,0.008025858758700174,0.9294496576589144,0.36894826002042713,1,1,instant_velocity,dbscan_kmeans_fallback,False
5110,212,13.4356716683,5.37533466895,0.0024203487599999463,0.00641994861299997,-0.0038599301100000006,0.0032219072961999907,-0.0037986519032765487,0.003162113900170355,0.3527666798272594,0.9357097598073713,0,0,instant_velocity,dbscan_kmeans_fallback,False
5110,264,5.35023355179,4.36055320056,0.029296743259999935,-0.020477010815999997,0.034638347742199996,-0.018429309733999998,0.030847467108484232,-0.016457283326151817,0.8196351200806604,-0.5728854251858292,3,3,instant_velocity,dbscan_kmeans_fallback,False
5110,265,4.60245101729,3.60949081087,0.024413952715999977,-0.026729897567999972,0.028867394436199997,-0.021627351050000004,0.025827541831527596,-0.020450438750515103,0.6743956220079046,-0.738369820990315,3,3,instant_velocity,dbscan_kmeans_fallback,False
5110,266,6.87063350373,7.85405534877,0.041440580086,0.01735056743900003,0.0458687659918,0.01441027870660001,0.04358532636055187,0.014108483791865788,0.9224142378142939,0.38620140950434084,1,1,instant_velocity,dbscan_kmeans_fallback,False
5110,267,3.09573129748,4.89037795593,0.03558965003700001,0.005465309413999986,0.0213495807204,0.008448556909799993,0.02397824951064065,0.007841589877472986,0.988413213921408,0.15178525322251266,4,4,instant_velocity,dbscan_kmeans_fallback,False
5110,268,0.670962769486,6.26338778368,0.0321801152617,0.006324484691999999,0.0321801152617,0.006324484691999999,0.009654034578510001,0.0018973454076,0.981228962740878,0.1928447895147124,4,4,instant_velocity,dbscan_kmeans_fallback,False
5110,269,0.834283694556,6.93139656308,0.032306394327600005,0.008520154849999972,0.032306394327600005,0.008520154849999972,0.016480680874344,0.0043452789734999865,0.9669380392396163,0.25501025404245115,4,4,instant_velocity,dbscan_kmeans_fallback,False
5110,270,0.380941848422,7.60919039426,0.012333255424,-0.0005727835200000087,0.012333255424,-0.0005727835200000087,0.0036999766272000005,-0.00017183505600000263,0.9989224933569812,-0.04639215862170382,-1,-1,instant_velocity,dbscan_kmeans_fallback,False
5110,292,14.6109088404,4.59014392789,-0.01342767399999989,0.02751747490699996,-0.01342767399999989,0.02751747490699996,-0.010387595986229963,0.022681167715258792,-0.4385426128414223,0.8987100330641135,-1,-1,instant_velocity,dbscan_kmeans_fallback,False
5110,337,8.32789392277,10.4587884028,0.05223744020900005,0.003556031009999927,0.0541695099154,-0.003708773287999989,0.04641762809537044,-0.004069834503026555,0.9976907714707546,0.06791717411010303,-1,-1,instant_velocity,dbscan_kmeans_fallback,False
5110,371,13.3289658577,11.9403884395,0.00728209279000005,0.008257629069999873,0.016353139018,0.010758783771999987,0.01528899325892809,0.008290142002696236,0.6614141581815597,0.7500196629476763,-1,-1,instant_velocity,dbscan_kmeans_fallback,False
5110,372,12.7070414588,12.4630534008,0.021783138849999873,-0.004104948560000032,0.021703162105999995,-0.007536876475999996,0.01916986259343376,-0.00572596598675692,0.9827029200901353,-0.18518657777053335,-1,-1,instant_velocity,dbscan_kmeans_fallback,False
5110,374,13.6661309633,12.3227214386,0.019952092389999974,-0.017708557139999925,0.021572673735999998,-0.009479567244000009,0.019366075047527635,-0.009444575311987828,0.7479046147646163,-0.6638056473950027,-1,-1,instant_velocity,dbscan_kmeans_fallback,False
5110,403,12.8651007561,13.3475266186,-0.02150953419999997,0.023340928410000038,-0.02211988302199998,0.023226371708,-0.021045011525483638,0.02179034635880263,-0.6776683117704294,0.7353672749807479,-1,-1,instant_velocity,dbscan_kmeans_fallback,False
5110,434,11.6098868423,4.08704907009,0.03394802219000006,-0.050357217739999974,0.017312859918000002,-0.04355541344780001,0.01954476796493547,-0.04004481958260699,0.5589851248408191,-0.8291774845523083,-1,-1,instant_velocity,dbscan_kmeans_fallback,False
5120,203,9.04978924879,4.30780938483,0.0010733720590000218,-0.0003102577389999972,0.0066801625796000155,0.0006348350671999903,0.007908724075979019,0.0007105501183437719,0.9606644141276345,-0.2776796419898152,0,0,instant_velocity,dbscan_kmeans_fallback,False
5120,204,3.25189640882,9.08291465749,0.0020836045849999874,0.002028608297000112,0.0020751859808000005,0.002019061905400008,0.00023632758655042573,0.0034597240958797798,0.7164970125168554,0.6975852303413388,-1,-1,instant_velocity,dbscan_kmeans_fallback,False
5120,205,9.14281482724,7.4153986369,0.032180115260999995,0.01825747467800003,0.034739370994800005,0.015441289041600009,0.03410606423634511,0.015232754984989515,0.8697659017702529,0.49346401647614213,1,1,instant_velocity,dbscan_kmeans_fallback,False
5120,206,9.28971947376,6.77960893046,0.02874953397500004,0.018042680858000003,0.033939603578199994,0.018582052005600005,0.03421438850351019,0.016318737397276482,0.8470138009968368,0.5315703450009551,1,1,instant_velocity,dbscan_kmeans_fallback,False
5120,207,11.2375740633,5.77556715307,-0.0042934882399999095,0.0,-0.004293488237999981,0.0,-0.005748902072124535,0.0038321650357459732,-0.9999976708969142,0.0,0,0,instant_velocity,dbscan_kmeans_fallback,False
5120,208,5.45609750193,6.08654087209,0.052300579742000065,-0.022410155193000048,0.04824702173060001,-0.0162527323606,0.045717435725537756,-0.01581360296148885,0.9191727309274723,-0.39385421062008663,2,2,instant_velocity,dbscan_kmeans_fallback,False
5120,209,5.04169170108,5.70778776995,0.046849533403,-0.013866134362999993,0.04534260321780001,-0.011379299250199999,0.043706105132709776,-0.011637172149690046,0.9588826623984329,-0.28380209725453587,2,2,instant_velocity,dbscan_kmeans_fallback,False
5120,210,4.7032638048,8.76764506207,0.036536743031000005,0.016324330299999978,0.035909557004199996,0.009407969304599995,0.034854427627197794,0.010474013501722116,0.9130140428461395,0.4079275153593455,1,1,instant_velocity,dbscan_kmeans_fallback,False
5120,211,4.40482427935,9.11680434905,0.03609476630099993,0.014319587982000037,0.03736176626059999,0.009870969316,0.03522989960151382,0.009913977525690135,0.929523417292054,0.36876239187270116,1,1,instant_velocity,dbscan_kmeans_fallback,False
5120,212,13.460085621,5.43953415507,0.0024413952699999797,0.006419948611999971,0.001380651119999996,0.005890123856999985,-0.00192663775129359,0.00413946431371924,0.35544811374123764,0.9346944562774898,0,0,instant_velocity,dbscan_kmeans_fallback,False
5120,264,5.62089168277,4.02284958397,0.027065813098000026,-0.03377036165899998,0.0319696501522,-0.02193760878959999,0.02971297090533897,-0.021651206826006266,0.6253924062859956,-0.7803101152956281,3,3,instant_velocity,dbscan_kmeans_fallback,False
5120,265,4.78071496514,3.23288564692,0.017826394784999967,-0.03766051639500003,0.02589983639039999,-0.025703660429199998,0.023427197717569306,-0.025613462043860582,0.4278353762749118,-0.9038564105020381,3,3,instant_velocity,dbscan_kmeans_fallback,False
5120,266,7.28524976969,8.02756102316,0.041461626596000035,0.01735056743900003,0.0451658125256,0.015551072549200011,0.04294821643118632,0.015081108886006061,0.9224840654403087,0.386034589158379,1,1,instant_velocity,dbscan_kmeans_fallback,False
5120,267,3.47204291349,4.94097383347,0.03763116160100002,0.005059587754000017,0.025007464325600005,0.007613247611000009,0.028074123137748465,0.007006989240431095,0.9910817880179235,0.13325300268527113,4,4,instant_velocity,dbscan_kmeans_fallback,False
5120,268,0.992974387213,6.3266326306,0.03220116177270001,0.006324484691999999,0.03220116177270001,0.006324484691999999,0.016418172736767003,0.00322548719292,0.9812528063679941,0.19272343018747123,4,4,instant_velocity,dbscan_kmeans_fallback,False
5120,269,1.15755810294,7.01659811158,0.03232744083839999,0.008520154849999972,0.03232744083839999,0.008520154849999972,0.021234708863560797,0.005597741736449982,0.9669789663442191,0.25485501840774316,4,4,instant_velocity,dbscan_kmeans_fallback,False
5120,270,0.504063937553,7.60346255907,0.012312208913100003,-0.0005727835190000085,0.012312208913100003,-0.0005727835190000085,0.006283646312970002,-0.00029211959490000445,0.9989188137884655,-0.04647129019621308,-1,-1,instant_velocity,dbscan_kmeans_fallback,False
5120,292,14.4863134955,4.77582125207,-0.012459534490000123,0.018567732418000027,-0.013473976317999998,0.028037753270400003,-0.011009177537361012,0.02144713712608116,-0.5572066898429763,0.8303732957942809,-1,-1,instant_velocity,dbscan_kmeans_fallback,False
5120,293,14.9082960403,3.22286193533,0.0,0.0,0.0,0.0,0.0,0.0,0.0,0.0,5,5,instant_velocity,dbscan_kmeans_fallback,False
5120,294,14.9741716196,2.14411964063,0.0,0.0,0.0,0.0,0.0,0.0,0.0,0.0,5,5,instant_velocity,dbscan_kmeans_fallback,False
5120,337,8.8378508834,10.5322956212,0.05099569606299994,0.007350721839999963,0.053205579713399995,-0.000162288662000023,0.04779104848565929,-0.000643667600118599,0.9897702024493636,0.14266940164396538,-1,-1,instant_velocity,dbscan_kmeans_fallback,False
5120,371,13.32370423,11.9831085436,-0.0005261627699999494,0.004272010410000071,0.011205162438000009,0.009097711564000015,0.010544446450249679,0.007084702524887386,-0.12224116795913105,0.9924980858148235,6,6,instant_velocity,dbscan_kmeans_fallback,False
5120,372,12.922557731,12.4470631943,0.021551627220000036,-0.0015990206499999714,0.021682115593999997,-0.005808979524000009,0.019884391981403644,-0.0044878823857298356,0.9972584095689594,-0.07399147980840458,-1,-1,instant_velocity,dbscan_kmeans_fallback,False
5120,373,12.9966414496,13.0671013539,0.0,0.0,0.0,0.0,0.0,0.0,0.0,0.0,6,6,instant_velocity,dbscan_kmeans_fallback,False
5120,374,13.8566018875,12.0955173093,0.019047092419999957,-0.022720412930000045,0.021033883055999993,-0.012372124016000009,0.019270380259269332,-0.013427326597391494,0.6424390157412864,-0.766336372928927,-1,-1,instant_velocity,dbscan_kmeans_fallback,False
5120,403,12.6497949489,13.5806972429,-0.021530580720000005,0.02331706242999996,-0.021766301637999988,0.023288423256,-0.02119068228383855,0.022248361180161828,-0.6784013245367005,0.7346911001858433,-1,-1,instant_velocity,dbscan_kmeans_fallback,False
5120,434,12.0045089228,3.55006452074,0.03946220804999996,-0.05369845493500001,0.02567253407199999,-0.0488584341972,0.025519999990454817,-0.0441409101883249,0.5921765454650412,-0.8058080657810157,-1,-1,instant_velocity,dbscan_kmeans_fallback,False
5130,203,9.06052296938,4.30494546723,0.001073372058999844,-0.0002863917600000043,0.001582697624399998,-0.00021479381980000768,0.005858118470885266,0.000411467554840639,0.9661905532525125,-0.2577941271353749,0,0,instant_velocity,dbscan_kmeans_fallback,False
5130,204,3.40616733418,8.89819197252,0.015427092536000008,-0.018472268497000142,0.0047480928732000025,-0.0020811134534000075,0.004793557071385301,-0.003119873681984198,0.6410061135854034,-0.7675352313300038,-1,-1,instant_velocity,dbscan_kmeans_fallback,False
5130,205,9.46040667767,7.59248420828,0.031759185043000036,0.017708557138000014,0.033312417551600026,0.016811196291799994,0.03340200047834159,0.015975495630892664,0.8734021903432123,0.48699903889870483,1,1,instant_velocity,dbscan_kmeans_fallback,False
5130,206,9.57721481351,6.96003573904,0.02874953397500004,0.018042680858000003,0.0325715803656,0.018438856125800013,0.032574932144957144,0.016835920435493538,0.8470138009968368,0.5315703450009551,1,1,instant_velocity,dbscan_kmeans_fallback,False
5130,207,11.194639181,5.77556715307,-0.0042934882300000865,0.0,-0.004293488236000016,0.0,-0.005312277919487201,0.002682515525022181,-0.9999976708969087,0.0,0,0,instant_velocity,dbscan_kmeans_fallback,False
5130,208,5.97910329935,5.86243932016,0.052300579741999975,-0.022410155192999957,0.049720277498,-0.018281340658000005,0.047692378930476426,-0.017792568630942182,0.9191727309274726,-0.39385421062008585,2,2,instant_velocity,dbscan_kmeans_fallback,False
5130,209,5.48261610575,5.52497436337,0.04409244046699996,-0.018281340658000023,0.0455067660034,-0.013446093115799994,0.043822005732996834,-0.01363042270218304,0.9237485225006806,-0.38299901850064577,2,2,instant_velocity,dbscan_kmeans_fallback,False
5130,210,5.06884170022,8.93088836508,0.03655778954200004,0.01632433030099989,0.0361326500204,0.0117945673018,0.03536543620163847,0.012229108541505449,0.9131014972572433,0.4077317208262834,1,1,instant_velocity,dbscan_kmeans_fallback,False
5130,211,4.76556147725,9.26000022888,0.03607371979000007,0.014319587982999949,0.03693662673920001,0.011355433270399971,0.035483045658059695,0.01123566066288308,0.9294496576624217,0.36894826001159126,1,1,instant_velocity,dbscan_kmeans_fallback,False
5130,212,13.7467391003,5.5762862203,0.028665347929999994,0.01367520652300005,0.00767776719999997,0.007875773390400003,0.007250957953094488,0.007000186976503484,0.9025539596524256,0.4305760330046821,-1,-1,instant_velocity,dbscan_kmeans_fallback,False
5130,264,5.8860777209,3.65149493562,0.02651860381300004,-0.03713546483500001,0.0291915107052,-0.026118928480599993,0.02875466077763729,-0.02629648422870439,0.581140429648581,-0.8138030245329961,3,3,instant_velocity,dbscan_kmeans_fallback,False
5130,265,4.94277309956,2.8290732658,0.01620581344200005,-0.040381238111999986,0.022608162076000006,-0.030324114151600003,0.021260782434898533,-0.030043794864302406,0.3724467077694273,-0.9280533337184687,3,3,instant_velocity,dbscan_kmeans_fallback,False
5130,266,7.70302301229,8.15548267581,0.041777324260000005,0.012792165264999867,0.043541021879200004,0.015460381825399985,0.042596948779830425,0.014394425799704203,0.9561793089066546,0.2927809274328878,1,1,instant_velocity,dbscan_kmeans_fallback,False
5130,267,3.8483545295,4.99156971101,0.037631161600999975,0.005059587754000017,0.029077859545799997,0.006792257900000003,0.030941234676723918,0.006422768794501771,0.9910817880179235,0.13325300268527127,4,4,instant_velocity,dbscan_kmeans_fallback,False
5130,268,1.31477553983,6.38987747753,0.032180115261700004,0.0063244846929999985,0.032180115261700004,0.0063244846929999985,0.021146755494246904,0.004155186442943999,0.9812289627351082,0.19284478954407017,4,4,instant_velocity,dbscan_kmeans_fallback,False
5130,269,1.46988832562,7.07053522631,0.031233022268,0.005393711473000007,0.031233022268,0.005393711473000007,0.02423420288489256,0.005536532657414989,0.9854137690251461,0.1701736548591606,4,4,instant_velocity,dbscan_kmeans_fallback,False
5130,270,0.627186026684,7.59749606408,0.012312208913099998,-0.0005966494990000016,0.012312208913099998,-0.0005966494990000016,0.008092215093009,-0.0003834785661300036,0.9988270684996001,-0.0484031479821501,5,5,instant_velocity,dbscan_kmeans_fallback,False
5130,271,0.336744175401,6.87340223175,0.0,0.0,0.0,0.0,0.0,0.0,0.0,0.0,5,5,instant_velocity,dbscan_kmeans_fallback,False
5130,292,14.3615076855,4.96149857624,-0.01248058099999998,0.018567732417000028,-0.013204580977999996,0.025479320217400004,-0.011450598576152701,0.02058331571335682,-0.5578551751659657,0.8299377745251081,-1,-1,instant_velocity,dbscan_kmeans_fallback,False
5130,293,14.450744892,3.33717997939,-0.045755114830000033,0.011431804406000001,-0.045755114830000033,0.011431804406000001,-0.013726534449000013,0.003429541321800001,-0.970177079960835,0.24239638909232045,-1,-1,instant_velocity,dbscan_kmeans_fallback,False
5130,294,14.5027297741,2.40187222432,-0.04714418454999993,0.025775258368999986,-0.04714418454999993,0.025775258368999986,-0.014143255364999982,0.007732577510699997,-0.877423602669018,0.47971600895688327,-1,-1,instant_velocity,dbscan_kmeans_fallback,False
5130,295,14.7851739512,4.35840526237,0.0,0.0,0.0,0.0,0.0,0.0,0.0,0.0,-1,-1,instant_velocity,dbscan_kmeans_fallback,False
5130,337,9.34780784402,10.6055641797,0.05099569606200003,0.007326855850000058,0.05224164951120001,0.0033794227639999974,0.04875244275856151,0.0017474894349169983,0.9898355129464388,0.14221557265836815,-1,-1,instant_velocity,dbscan_kmeans_fallback,False
5130,371,13.298869347,12.0158049362,-0.002483488300000047,0.0032696392600000124,0.005825674234000005,0.007078649659999989,0.00663606602517476,0.005940183545421174,-0.604859840874556,0.796328890504848,-1,-1,instant_velocity,dbscan_kmeans_fallback,False
5130,372,13.1330228406,12.4895446386,0.02104651096000012,0.004248144429999989,0.02156425513200002,-0.0029164227520000097,0.020233027674982588,-0.0018670743410108877,0.980230780380868,0.19785521399265238,-1,-1,instant_velocity,dbscan_kmeans_fallback,False
5130,373,13.3165484162,12.95254465,0.03199069665999996,-0.011455670389999995,0.03199069665999996,-0.011455670389999995,0.009597208997999991,-0.003436701116999999,0.9414577268432219,-0.3371301825483476,6,6,instant_velocity,dbscan_kmeans_fallback,False
5130,374,14.0485460675,11.9568559656,0.01919441800000001,-0.013866134369999904,0.02047404586399999,-0.013407907547999968,0.019247591581488536,-0.013558968929174017,0.8106087399309965,-0.5855874197060571,6,6,instant_velocity,dbscan_kmeans_fallback,False
5130,434,12.3991310034,3.01307997138,0.039462208060000135,-0.053698454936000006,0.031927557130000006,-0.050581557951400014,0.029702662411318415,-0.047008173612627435,0.5921765455553212,-0.8058080657146701,-1,-1,instant_velocity,dbscan_kmeans_fallback,False
5140,203,9.07125668997,4.30184288983,0.0010733720590000218,-0.0003102577399999973,0.0010733720589999863,-0.0003054845437999987,0.004422694547319693,0.00019494996638844809,0.9606644138888858,-0.2776796428158017,0,0,instant_velocity,dbscan_kmeans_fallback,False
5140,204,3.69429406926,8.50893783918,0.028812673508000007,-0.03892541333399997,0.010093906657800007,-0.01026714458379999,0.011999292002369714,-0.013861535577588933,0.5949478513653031,-0.8037640457120192,-1,-1,instant_velocity,dbscan_kmeans_fallback,False
5140,205,9.77610434211,7.76766050127,0.03156976644399982,0.01751762929899998,0.031978068756599996,0.017999722094399997,0.03285233026803906,0.01643813573132486,0.8744053725984999,0.4851955177243871,1,1,instant_velocity,dbscan_kmeans_fallback,False
5140,206,9.86471015326,7.14070120743,0.02874953397500004,0.018066546838999997,0.03120776645540001,0.018300433442,0.03142731269397001,0.017205108356545477,0.846697184237249,0.5320745146955603,1,1,instant_velocity,dbscan_kmeans_fallback,False
5140,207,11.1517042986,5.77556715307,-0.0042934882399999095,0.0,-0.004293488235999981,0.0,-0.005006641015641014,0.0018777608675155267,-0.9999976708969142,0.0,0,0,instant_velocity,dbscan_kmeans_fallback,False
5140,208,6.45517537732,5.64597488182,0.047607207796999965,-0.021646443834000006,0.0499012774922,-0.0199233200802,0.04766682759043349,-0.018948731191859528,0.9103172864596223,-0.41391068546786847,2,2,instant_velocity,dbscan_kmeans_fallback,False
5140,209,5.91659516179,5.3309439462,0.04339790560400001,-0.019403041717000045,0.0455362311186,-0.01573245399700001,0.04369477569429779,-0.015362208406628143,0.9129106494984078,-0.40815894614228976,2,2,instant_velocity,dbscan_kmeans_fallback,False
5140,210,5.42810564235,9.13422651443,0.035926394213000014,0.020333814935000128,0.036229463970800006,0.014983062226000002,0.03553372360504693,0.014660520459553853,0.8702761653434471,0.49256361168669394,3,3,instant_velocity,dbscan_kmeans_fallback,False
5140,211,5.11177658258,9.44376827466,0.03462151053299998,0.018376804578000082,0.0362168360642,0.013646567347600004,0.03522458512054178,0.01337800383741818,0.8832832192357712,0.4688392521594598,3,3,instant_velocity,dbscan_kmeans_fallback,False
5140,212,14.2084995508,5.76100890528,0.04617604504999999,0.018472268497999968,0.01642469715399997,0.010281464171600004,0.01892848408216614,0.01044181143295243,0.9284636734217679,0.3714226770074207,-1,-1,instant_velocity,dbscan_kmeans_fallback,False
5140,264,6.13947771289,3.26963925607,0.02533999919899994,-0.03818556795500001,0.0275077898282,-0.03000431002,0.027730262304046085,-0.029863209346593075,0.5529306682417459,-0.833227003708115,4,4,instant_velocity,dbscan_kmeans_fallback,False
5140,265,5.12272076829,2.45342274105,0.017994766872999966,-0.03756505247500001,0.020170976106599986,-0.0338133204234,0.02028097776632896,-0.032300172147511685,0.43201943965855366,-0.9018640272213824,4,4,instant_velocity,dbscan_kmeans_fallback,False
5140,266,8.12395323155,8.23782030671,0.04209302192600006,0.008233763090000146,0.041983580068200015,0.014453237470600016,0.04244577072368132,0.012546226986792986,0.9814004571168246,0.19197050937619986,-1,-1,instant_velocity,dbscan_kmeans_fallback,False
5140,267,4.30758939871,5.01710630958,0.04592348692100003,0.002553659856999957,0.034810929132200005,0.005465309413600004,0.035435910350006754,0.005262036113251227,0.9984572989898977,0.05552105239188972,-1,-1,instant_velocity,dbscan_kmeans_fallback,False
5140,268,1.60353367024,6.46529397424,0.028875813041,0.007541649670999994,0.028875813041,0.007541649670999994,0.023465472758272835,0.005171125411360798,0.9675446526966638,0.2526987829339021,5,5,instant_velocity,dbscan_kmeans_fallback,False
5140,269,1.78221854831,7.12447234105,0.031233022269,0.005393711474000007,0.03188546410828,0.007269577499399986,0.02633384870012479,0.005493686302390494,0.9854137690207692,0.1701736548845066,5,5,instant_velocity,dbscan_kmeans_fallback,False
5140,270,0.750518580925,7.59176822888,0.012333255424099998,-0.0005727835199999199,0.012333255424099998,-0.0005727835199999199,0.009364527192336299,-0.0004402700522909785,0.9989224933569991,-0.04639215862132131,5,5,instant_velocity,dbscan_kmeans_fallback,False
5140,271,0.530161611147,6.84762697338,0.0193417435746,-0.0025775258370000385,0.0193417435746,-0.0025775258370000385,0.005802523072380001,-0.0007732577511000117,0.9912366103647735,-0.1320945014052789,5,5,instant_velocity,dbscan_kmeans_fallback,False
5140,292,14.1853483888,5.10183053847,-0.017615929669999985,0.014033196222999944,-0.013962255371999995,0.022009206729399988,-0.013300197904306886,0.018618279866249754,-0.7821565257612436,0.623081279769179,6,6,instant_velocity,dbscan_kmeans_fallback,False
5140,293,13.9931937437,3.45125936366,-0.045755114830000033,0.011407938427000008,-0.045755114830000033,0.011407938427000008,-0.02333510856330002,0.005823060453360004,-0.9702959833205184,0.24191998806717652,6,6,instant_velocity,dbscan_kmeans_fallback,False
5140,294,14.0312879285,2.65962480801,-0.047144184560000114,0.025775258368999986,-0.047144184560000114,0.025775258368999986,-0.024043534123500025,0.013145381768189995,-0.8774236027118489,0.4797160088785434,-1,-1,instant_velocity,dbscan_kmeans_fallback,False
5140,295,14.4694762868,4.44790268726,-0.03156976644,0.008949742489000023,-0.03156976644,0.008949742489000023,-0.009470929932000001,0.002684922746700007,-0.9620866554857049,0.27274284195497334,6,6,instant_velocity,dbscan_kmeans_fallback,False
5140,337,9.83566596813,10.7158250071,0.048785812410999975,0.011026082739999943,0.051218789078399996,0.006061958911999987,0.048762453654293055,0.0045310674264418815,0.9753981264928949,0.22044975610012899,-1,-1,instant_velocity,dbscan_kmeans_fallback,False
5140,371,13.2742449292,12.0485013287,-0.002462441780000013,0.0032696392500000115,0.0018226278499999893,0.0054700826080000195,0.003906513683622328,0.005139020256794825,-0.6015941111409137,0.798798872863175,7,7,instant_velocity,dbscan_kmeans_fallback,False
5140,372,13.3434879503,12.5322647428,0.021046510969999942,0.004272010420000072,0.021437976068,-0.0002625257779999757,0.02047707266348779,-2.5348912707599727e-05,0.9800146686919516,0.19892289426844353,-1,-1,instant_velocity,dbscan_kmeans_fallback,False
5140,373,13.6364553829,12.8379879462,0.031990696669999964,-0.011455670379999994,0.031990696669999964,-0.011455670379999994,0.016315255299599984,-0.005842391895899998,0.9414577269700766,-0.3371301821940985,8,8,instant_velocity,dbscan_kmeans_fallback,False
5140,374,14.241542573,11.8773822523,0.019299650550000002,-0.007947371330000053,0.019918417973999993,-0.013641794151999988,0.019263209272041976,-0.011875489649421827,0.9246699566751713,-0.38076831932030225,8,8,instant_velocity,dbscan_kmeans_fallback,False
5140,375,13.8906972353,13.3594596086,0.0,0.0,0.0,0.0,0.0,0.0,0.0,0.0,7,7,instant_velocity,dbscan_kmeans_fallback,False
5140,434,12.8278484317,2.50592789699,0.04287174282999988,-0.050715207439,0.037462789514000006,-0.051478918798200005,0.033653386536922854,-0.0481202837605392,0.6455811824108181,-0.763691453237793,-1,-1,instant_velocity,dbscan_kmeans_fallback,False
5150,203,9.08199041056,4.29874031244,0.0010733720590000218,-0.0003102577389999972,0.0010733720589999863,-0.00030548454359999864,0.0034178978008237914,4.338765477191447e-05,0.9606644141276345,-0.2776796419898152,0,0,instant_velocity,dbscan_kmeans_fallback,False
5150,204,4.06765917373,8.19032700657,0.037336510446999996,-0.03186108326100001,0.01714448783,-0.017045082895400014,0.0196004575357588,-0.01926139988261226,0.7606805112007077,-0.6491261452188867,-1,-1,instant_velocity,dbscan_kmeans_fallback,False
5150,205,10.0918020065,7.94259813446,0.03156976643900009,0.01749376331899999,0.031855998992,0.01784697982239999,0.03246756111932737,0.0167548240076274,0.8746857631026372,0.48468986135144415,1,1,instant_velocity,dbscan_kmeans_fallback,False
5150,206,10.1549415394,7.31993471701,0.029023138613999855,0.01792335095799995,0.02989446417059998,0.018138144778199992,0.030706060469978966,0.01742058113698182,0.8508332028360739,0.5254353191764758,1,1,instant_velocity,dbscan_kmeans_fallback,False
5150,207,11.1087694163,5.77556715307,-0.0042934882300000865,0.0,-0.004293488236000016,0.0,-0.004792695179948735,0.0013144326072608687,-0.9999976708969087,0.0,0,0,instant_velocity,dbscan_kmeans_fallback,False
5150,208,6.86116257379,5.44144343347,0.040598719646999994,-0.020453144835000003,0.04868478915859999,-0.021331412898399994,0.04554639520740344,-0.01940005528480167,0.8930697465197173,-0.449917756819562,2,2,instant_velocity,dbscan_kmeans_fallback,False
5150,209,6.35078468295,5.13715218883,0.043418952115999956,-0.019379175736999966,0.044921672998400004,-0.016954392171600007,0.04361202862080844,-0.01656729860573969,0.9131712341178749,-0.40757560838098267,2,2,instant_velocity,dbscan_kmeans_fallback,False
5150,210,5.7724265617,9.43064198568,0.034432091934999944,0.02964154712499987,0.03600216165259999,0.019794443788199986,0.03520323410403284,0.01915482845918766,0.757859065933037,0.6524179611093541,3,3,instant_velocity,dbscan_kmeans_fallback,False
5150,211,5.44346959535,9.66786982659,0.03316930127699998,0.022410155192999957,0.035206603537999995,0.016749144743799994,0.034607999967479236,0.016087649244092714,0.828606548053215,0.5598309467159216,3,3,instant_velocity,dbscan_kmeans_fallback,False
5150,212,14.6700495362,5.94573159026,0.04615499854000014,0.018472268498000054,0.02517162711000001,0.012691928148800002,0.027096438419516342,0.012850948552466717,0.928405258764007,0.3715686655256019,-1,-1,instant_velocity,dbscan_kmeans_fallback,False
5150,264,6.28996026627,2.79231965665,0.015048255337999982,-0.04773195994199999,0.024653882941599984,-0.035460073041399996,0.023925660214232255,-0.03522383452521515,0.3006771364546983,-0.9537257781963177,-1,-1,instant_velocity,dbscan_kmeans_fallback,False
5150,265,5.37527889984,2.19089696137,0.025255813154999984,-0.026252577967999978,0.02033934819419999,-0.0337178565036,0.02177342838293027,-0.030485893893658175,0.6932932111499783,-0.7206552395956657,-1,-1,instant_velocity,dbscan_kmeans_fallback,False
5150,266,8.5448834508,8.32015793761,0.042093021924999974,0.008233763089999967,0.04177311495860001,0.012792165264600008,0.042339946084076915,0.011252487817755081,0.9814004571159661,0.1919705093805888,1,1,instant_velocity,dbscan_kmeans_fallback,False
5150,267,4.82196612663,5.02593672217,0.051437672791999935,0.0008830412590000059,0.041642626590399995,0.0038042372075999965,0.04023643908260471,0.0039483376569758605,0.999852481684546,0.01716467612777226,-1,-1,instant_velocity,dbscan_kmeans_fallback,False
5150,268,1.88871389378,6.54238108954,0.028518022354000007,0.007708711530000034,0.030791045538220003,0.006844763055600005,0.024981237636990984,0.005932401246952569,0.9653533636325946,0.2609448338452234,4,4,instant_velocity,dbscan_kmeans_fallback,False
5150,269,2.09454877099,7.17817079598,0.031233022268,0.005369845493000014,0.0316665803942,0.006639515627999994,0.027803600770487352,0.00545653405957335,0.9855397823248406,0.1694423393573223,4,4,instant_velocity,dbscan_kmeans_fallback,False
5150,270,0.906683692267,7.56360637252,0.015616511134199994,-0.002816185636000057,0.0129814879617,-0.0010262371387999992,0.011240122374895408,-0.0011530447274037021,0.9841253685763136,-0.17747112035404405,4,4,instant_velocity,dbscan_kmeans_fallback,False
5150,271,0.723579046893,6.82185171501,0.0193417435746,-0.00257752583699995,0.0193417435746,-0.00257752583699995,0.009864289223046,-0.0013145381768699931,0.991236610364774,-0.13209450140527443,4,4,instant_velocity,dbscan_kmeans_fallback,False
5150,292,13.9748832791,5.21185270614,-0.021046510969999942,0.011002216767000039,-0.015406046025999985,0.0179376705464,-0.015624091824014802,0.01633346093647484,-0.8862141539658898,0.4632748980491132,5,5,instant_velocity,dbscan_kmeans_fallback,False
5150,293,13.5394309673,3.5782263771,-0.04537627763999996,0.012696701343999982,-0.04537627763999996,0.012696701343999982,-0.029947459286310006,0.007885152720551998,-0.963011500217669,0.2694595071483507,5,5,instant_velocity,dbscan_kmeans_fallback,False
5150,294,13.5701588733,2.89231811273,-0.04611290551999989,0.023269330472000017,-0.04611290551999989,0.023269330472000017,-0.030664345542449987,0.016182566379333,-0.8927723666697447,0.4505076182479492,5,5,instant_velocity,dbscan_kmeans_fallback,False
5150,295,14.1537786223,4.53740011215,-0.03156976645,0.008949742489000023,-0.03156976645,0.008949742489000023,-0.016100580887400004,0.004564368669390012,-0.9620866555083749,0.27274284187500636,5,5,instant_velocity,dbscan_kmeans_fallback,False
5150,296,14.8916692967,8.10870535506,0.0,0.0,0.0,0.0,0.0,0.0,0.0,0.0,-1,-1,instant_velocity,dbscan_kmeans_fallback,False
5150,337,10.3180519994,10.835154907,0.04823860312699999,0.011932989990000031,0.050250649574399994,0.008238536285999985,0.048605298496105134,0.006751644195509327,0.970739076170664,0.24013588553443715,-1,-1,instant_velocity,dbscan_kmeans_fallback,False
5150,371,13.2494100463,12.0814363811,-0.0024834882900000464,0.0032935052399999166,-0.00013469767000000134,0.004472484645999977,0.0019895130915356155,0.004585365751756353,-0.6020692961391455,0.7984408018599115,-1,-1,instant_velocity,dbscan_kmeans_fallback,False
5150,372,13.5825763148,12.4558936068,0.02390883645000006,-0.007637113600000056,0.021867324890000005,-0.0009641855919999998,0.02150660179944147,-0.002308878318895337,0.9525822452659986,-0.3042799190857122,6,6,instant_velocity,dbscan_kmeans_fallback,False
5150,373,13.9237402575,12.7050544377,0.028728487460000098,-0.013293350850000074,0.028728487460000098,-0.013293350850000074,0.02003922494772002,-0.008077679582130022,0.9075494021975666,-0.41994458058113304,6,6,instant_velocity,dbscan_kmeans_fallback,False
5150,374,14.4118088467,11.8136600858,0.017026627369999936,-0.006372216649999984,0.018903976145999975,-0.013722938483999983,0.018592234701429365,-0.010224507749595274,0.9365593679785323,-0.3505074180962879,6,6,instant_velocity,dbscan_kmeans_fallback,False
5150,375,13.6802321257,13.2618477505,-0.02104651095999994,-0.00976118581000005,-0.02104651095999994,-0.00976118581000005,-0.006313953287999983,-0.0029283557430000154,-0.9071798629426573,-0.42074200432097086,-1,-1,instant_velocity,dbscan_kmeans_fallback,False
5150,434,13.2593019064,2.00617427639,0.04314534746999996,-0.04997536205999999,0.03977790572,-0.051688939421999994,0.036500974816845985,-0.048676807250377443,0.6534879596613793,-0.7569367104677099,-1,-1,instant_velocity,dbscan_kmeans_fallback,False
5160,203,9.09272413115,4.29563773504,0.0010733720590000218,-0.0003102577399999973,0.0010733720589999863,-0.00030548454359999864,0.0027145400782766604,-6.270596365965907e-05,0.9606644138888858,-0.2776796428158017,-1,-1,instant_velocity,dbscan_kmeans_fallback,False
5160,204,4.49827078803,7.91920947409,0.04306116143000001,-0.02711175324799999,0.0253442085012,-0.022868382008600002,0.026638668704031164,-0.02161650589222858,0.8462400270564395,-0.5328014860776833,-1,-1,instant_velocity,dbscan_kmeans_fallback,False
5160,205,10.4026589735,8.08985123089,0.031085696699999943,0.014725309643000006,0.031632905977399976,0.017140546815400004,0.03205300179352914,0.01614596969823918,0.9037318855240755,0.4280982336353514,0,0,instant_velocity,dbscan_kmeans_fallback,False
5160,206,10.4706392039,7.48962183461,0.03156976645,0.016968711760000053,0.029368301397799997,0.017808794254600004,0.030965172263985277,0.01728502032388729,0.8808245899858167,0.47344216506199566,0,0,instant_velocity,dbscan_kmeans_fallback,False
5160,208,7.26714977026,5.23691198511,0.040598719646999994,-0.020453144836000005,0.046681161315,-0.021474608778200004,0.04406209253928241,-0.01971598215016117,0.8930697465108784,-0.4499177568371066,1,1,instant_velocity,dbscan_kmeans_fallback,False
5160,209,6.77697652994,4.84240733619,0.042619184699000015,-0.029474485264000004,0.04407560325779999,-0.020080835547800005,0.04331417544426591,-0.020439454603217784,0.8224728514671684,-0.5688040283224357,1,1,instant_velocity,dbscan_kmeans_fallback,False
5160,210,6.11695794616,9.72729611672,0.034453138446000064,0.02966541310400004,0.035581231433400015,0.02245788715299998,0.034978205406623004,0.022308003852631375,0.7577965553040475,0.6524905676479149,2,2,instant_velocity,dbscan_kmeans_fallback,False
5160,211,5.77495214301,9.89197137852,0.03314825476600003,0.022410155192999957,0.03462151053339999,0.018367258185799998,0.034170076407035475,0.017984401028764887,0.8284416595927704,0.5600749207123554,2,2,instant_velocity,dbscan_kmeans_fallback,False
5160,212,15.1318099867,6.13045427524,0.04617604504999999,0.018472268497999968,0.03392276636800002,0.015102392125800002,0.03282032040866144,0.014537344536126692,0.9284636734217679,0.3714226770074207,-1,-1,instant_velocity,dbscan_kmeans_fallback,False
5160,264,6.44023235454,2.31500005722,0.015027208827000038,-0.04773195994300004,0.021799976055000007,-0.040911062866800005,0.02125612479806259,-0.03897627215055062,0.30029455497970575,-0.9538463086796565,-1,-1,instant_velocity,dbscan_kmeans_fallback,False
5160,265,5.62783703139,1.92837118168,0.025255813155000074,-0.026252577969,0.020507720282000007,-0.0336223925838,0.02281814381455121,-0.02921589911626072,0.6932932111362642,-0.7206552396088591,-1,-1,instant_velocity,dbscan_kmeans_fallback,False
5160,266,8.86984158006,8.42182701229,0.03249581292599988,0.01016690746800002,0.03998416152659999,0.011355433270400006,0.03938670613665381,0.010926813712828562,0.9543795924655113,0.29859505370862677,0,0,instant_velocity,dbscan_kmeans_fallback,False
5160,267,5.33655331966,5.03476713475,0.051458719303000056,0.0008830412580000058,0.0448164404436,0.0028877835764000003,0.04360312314872331,0.003028748737283104,0.9998526022234748,0.017157657859365395,-1,-1,instant_velocity,dbscan_kmeans_fallback,False
5160,268,2.17389411732,6.61922954505,0.028518022354000007,0.007684845550999952,0.03005862695668,0.007116835227399996,0.02604227305209369,0.006458134538166784,0.9655566207067607,0.26019172748969144,3,3,instant_velocity,dbscan_kmeans_fallback,False
5160,269,2.41298248186,7.21826564233,0.03184337108699999,0.004009484634999972,0.03157397574608,0.005737381584999994,0.029015531865441146,0.0050224192322013365,0.9921657154491558,0.12492625798313127,3,3,instant_velocity,dbscan_kmeans_fallback,False
5160,270,1.08473717501,7.52088626837,0.017805348274300015,-0.004272010414999983,0.014075906531760003,-0.0017660825177999938,0.01320969014471679,-0.0020887344336825864,0.9724025474404242,-0.2333070797741146,3,3,instant_velocity,dbscan_kmeans_fallback,False
5160,271,0.916996482638,6.79607645664,0.019341743574500005,-0.0025775258370000385,0.019341743574500005,-0.0025775258370000385,0.012707525528482201,-0.0016934344749090068,0.9912366103646839,-0.1320945014059499,3,3,instant_velocity,dbscan_kmeans_fallback,False
5160,292,13.7644181695,5.32211353361,-0.02104651095999994,0.011026082746999944,-0.016929813417999994,0.014639392114399996,-0.017250817564810342,0.014741247479632371,-0.8858014079704939,0.46406359896204613,4,4,instant_velocity,dbscan_kmeans_fallback,False
5160,293,13.0894565629,3.71808101974,-0.04499744043999989,0.013985464264000002,-0.04499744043999989,0.013985464264000002,-0.03446245363241697,0.0097152461835864,-0.9549392448857836,0.29680063028139,4,4,instant_velocity,dbscan_kmeans_fallback,False
5160,294,13.1330228406,3.06677842632,-0.04371360326999998,0.017446031359000004,-0.04371360326999998,0.017446031359000004,-0.03457912286071498,0.016561605873233104,-0.9287649464643938,0.3706686516111986,4,4,instant_velocity,dbscan_kmeans_fallback,False
5160,295,13.826715842,4.61639650586,-0.032706278030000036,0.007899639370999977,-0.032706278030000036,0.007899639370999977,-0.021082290030180015,0.005564949879873002,-0.9720478754656223,0.23478145879154028,4,4,instant_velocity,dbscan_kmeans_fallback,False
5160,296,14.5296693081,8.31872597881,-0.036199998859999916,0.02100206237500011,-0.036199998859999916,0.02100206237500011,-0.010859999657999976,0.006300618712500034,-0.8649681014688371,0.5018263699313824,-1,-1,instant_velocity,dbscan_kmeans_fallback,False
5160,337,10.6383798962,10.9449384149,0.03203278968000003,0.010978350789999957,0.046209719468599995,0.00972300024199999,0.0436335458512736,0.008019656173856516,0.9459847991519739,0.32421006945836556,-1,-1,instant_velocity,dbscan_kmeans_fallback,False
5160,371,13.2245751633,12.1141327737,-0.00248348829999987,0.0032696392600000124,-0.002087813887999985,0.0034748866840000046,0.0006476126740749698,0.004190647804229451,-0.6048598408745286,0.7963288905048687,5,5,instant_velocity,dbscan_kmeans_fallback,False
5160,372,13.8504983993,12.2606698907,0.026792208449999855,-0.0195223716100001,0.022869138810000002,-0.004047670202000014,0.023092283794608988,-0.007472926306226766,0.8082027417329128,-0.5889038333579756,6,6,instant_velocity,dbscan_kmeans_fallback,False
5160,373,14.1889262956,12.5597106197,0.02651860380999995,-0.014534381799999885,0.02651860380999995,-0.014534381799999885,0.021983038606404,-0.010014690247490982,0.8769247197574628,-0.48062706385796294,6,6,instant_velocity,dbscan_kmeans_fallback,False
5160,374,14.4915751233,11.8136600858,0.007976627660000091,0.0,0.0165088832,-0.010181227055999997,0.015407552589000582,-0.007157155424716691,0.999998746338943,0.0,5,5,instant_velocity,dbscan_kmeans_fallback,False
5160,375,13.4741867833,13.1601786758,-0.02060453423999995,-0.01016690747000002,-0.02060453423999995,-0.01016690747000002,-0.010601127573599975,-0.005099921261100017,-0.8967708870526118,-0.44249418716556066,-1,-1,instant_velocity,dbscan_kmeans_fallback,False
5160,434,13.6802321257,1.54293560515,0.042093021930000064,-0.04632386712399998,0.041406905668,-0.05088226929879999,0.03817858895079221,-0.04797092521246421,0.6725013557537795,-0.7400956742059187,-1,-1,instant_velocity,dbscan_kmeans_fallback,False
5170,203,9.10345785174,4.29277381745,0.0010733720590000218,-0.0002863917590000042,0.0010733720589999863,-0.00030071134760000005,0.0022221896724936687,-0.00012981170226176262,0.9661905534767317,-0.2577941262950121,-1,-1,instant_velocity,dbscan_kmeans_fallback,False
5170,204,4.93098705342,7.66790070499,0.043271626538999984,-0.025130876909999954,0.033581812892,-0.028300279050000016,0.031628556054521806,-0.022670817197559992,0.8647417675921338,-0.5022163634340686,-1,-1,instant_velocity,dbscan_kmeans_fallback,False
5170,205,10.7112008242,8.22493267752,0.030854185070000106,0.01350814466300001,0.0313677199392,0.0161906808124,0.031693356776470435,0.015354622187667429,0.9160541275352339,0.4010539136201583,0,0,instant_velocity,dbscan_kmeans_fallback,False
5170,206,10.7863368683,7.6590702924,0.03156976644,0.016944845778999972,0.029932347890799987,0.017589227238799996,0.031146550516789693,0.017182967960421094,0.8811022117485273,0.4729252945849343,0,0,instant_velocity,dbscan_kmeans_fallback,False
5170,208,7.67334743184,4.93787125607,0.040619766158000024,-0.02990407290399997,0.044344998598199986,-0.022973392320399987,0.04302939462489769,-0.02277240937631281,0.805304431210576,-0.5928611781555613,1,1,instant_velocity,dbscan_kmeans_fallback,False
5170,209,7.19790674919,4.48059907982,0.042093021925000064,-0.03618082563699998,0.0431243009622,-0.024543773802600005,0.04294782938848615,-0.025161865913352444,0.758355801905946,-0.6518405613275836,1,1,instant_velocity,dbscan_kmeans_fallback,False
5170,210,6.4612788655,10.023711588,0.034432091933999945,0.029641547127999955,0.035160301214,0.025121330518599976,0.03481437136483609,0.02450806683524195,0.7578590658910191,0.6524179611581628,2,2,instant_velocity,dbscan_kmeans_fallback,False
5170,211,6.07633818,10.1275286008,0.030138603698999945,0.023555722228000064,0.033430278013,0.020214485035000004,0.03296063459462482,0.019655797388535443,0.7878981080912983,0.6158052033041342,2,2,instant_velocity,dbscan_kmeans_fallback,False
5170,264,6.60502653538,1.96226087324,0.016479418084000042,-0.03527391839799998,0.019682697052200007,-0.041211774214600004,0.019823112783843827,-0.03786556602478543,0.42327036886805514,-0.9060031352829832,3,3,instant_velocity,dbscan_kmeans_fallback,False
5170,265,5.87555446542,1.6665613814,0.024771743402999924,-0.026180980028,0.0218967900056,-0.0313264853104,0.023404223691085826,-0.028305423389782505,0.6872868028181761,-0.7263857761384507,3,3,instant_velocity,dbscan_kmeans_fallback,False
5170,266,9.13081831599,8.53638371615,0.02609767359300008,0.011455670385999994,0.036911370926,0.010176453859799999,0.03539999637355769,0.011085470714779992,0.9156675326557187,0.40193565146279225,0,0,instant_velocity,dbscan_kmeans_fallback,False
5170,267,5.77537307323,4.87939960514,0.04388197535699998,-0.015536752961000034,0.04606660319479999,-0.0012314845666000097,0.04368677881120631,-0.0025409017722018384,0.9426593316146392,-0.3337558312388454,-1,-1,instant_velocity,dbscan_kmeans_fallback,False
5170,268,2.43781736479,6.66743882459,0.026392324746999974,0.004820927953999998,0.028896859551539995,0.006816123879799995,0.026147288560565574,0.005966972562916748,0.9837227705196953,0.1796907490661201,4,4,instant_velocity,dbscan_kmeans_fallback,False
5170,269,2.73204758805,7.25668987009,0.031906510619,0.0038424227760000206,0.0314897897022,0.004801835170200004,0.029882825491508804,0.004668420295340941,0.9928262269749711,0.11956362614177828,4,4,instant_velocity,dbscan_kmeans_fallback,False
5170,270,1.26279065775,7.47792750442,0.017805348274,-0.004295876394999976,0.015174534403940001,-0.0025107010929999872,0.014588387583501753,-0.0027508770220778037,0.9721061585245081,-0.2345389618656071,4,4,instant_velocity,dbscan_kmeans_fallback,False
5170,271,1.10536275575,6.77793831186,0.018836627311200005,-0.0018138144779999976,0.018836627311200005,-0.0018138144779999976,0.014546256063297543,-0.001729548475836304,0.9953954023213367,-0.0958485063295577,4,4,instant_velocity,dbscan_kmeans_fallback,False
5170,292,13.4596646908,5.34669549298,-0.030475347870000037,0.0024581959370000737,-0.020532976093999976,0.011417484818200006,-0.02121817665636725,0.011056332016842682,-0.9967623012701906,0.08040062576444752,5,5,instant_velocity,dbscan_kmeans_fallback,False
5170,293,12.6394821586,3.85817432217,-0.04499744043000007,0.014009330242999996,-0.045376277634,0.012706247736799998,-0.0376229496716919,0.011003471401410479,-0.9547956032649972,0.29726239521361436,5,5,instant_velocity,dbscan_kmeans_fallback,False
5170,294,12.6958868079,3.24123873991,-0.04371360327000016,0.017446031359000004,-0.04556569623400002,0.021942381985599998,-0.037319466983500534,0.016826933518963173,-0.9287649464643943,0.3706686516111973,5,5,instant_velocity,dbscan_kmeans_fallback,False
5170,295,13.4884984108,4.68465320858,-0.03382174312000004,0.006825670272000028,-0.03382174312000004,0.006825670272000028,-0.024904125957126023,0.00594316599751111,-0.980237123209685,0.19782467650068203,5,5,instant_velocity,dbscan_kmeans_fallback,False
5170,296,14.1676693196,8.52874660256,-0.036199998850000095,0.02100206237499993,-0.036199998850000095,0.02100206237499993,-0.018461999415600013,0.010711051811250002,-0.8649681014086673,0.5018263700350931,-1,-1,instant_velocity,dbscan_kmeans_fallback,False
5170,297,14.8472611585,7.65453575621,0.0,0.0,0.0,0.0,0.0,0.0,0.0,0.0,-1,-1,instant_velocity,dbscan_kmeans_fallback,False
5170,337,10.7154101264,11.0404023347,0.00770302302000001,0.009546391980000023,0.03755118486,0.010162134270000003,0.032854389001891526,0.008477676915699568,0.6279652986096415,0.7782402927786386,6,6,instant_velocity,dbscan_kmeans_fallback,False
5170,371,13.2624588831,12.1752296824,0.003788371979999994,0.006109690869999973,-0.0012249069379999967,0.003842422775999985,0.0015898404658524772,0.0047663607239606075,0.5269754737025761,0.8498788549255782,6,6,instant_velocity,dbscan_kmeans_fallback,False
5170,372,14.1057925773,12.1081662787,0.025529417800000155,-0.01525036119999985,0.023664696926000026,-0.006777938311999989,0.023823423996226337,-0.009806156774358692,0.8584893057875919,-0.512830809623783,7,7,instant_velocity,dbscan_kmeans_fallback,False
5170,373,14.4524286129,12.4277317505,0.02635023173000004,-0.013197886920000101,0.029115743266000003,-0.01278739206800001,0.023293196543482813,-0.010969649249243717,0.8941176063981667,-0.4478314719710491,7,7,instant_velocity,dbscan_kmeans_fallback,False
5170,374,14.5713413998,11.8136600858,0.007976627649999912,0.0,0.014294790245999991,-0.005637144469999989,0.01317827510730038,-0.005010008797301683,0.9999987463389415,0.0,6,6,instant_velocity,dbscan_kmeans_fallback,False
5170,375,13.3074984165,13.0208013528,-0.016668836680000076,-0.013937732299999972,-0.016668836680000076,-0.013937732299999972,-0.012421440305520006,-0.007751264572770004,-0.7671552522764842,-0.6414607536228216,-1,-1,instant_velocity,dbscan_kmeans_fallback,False
5170,404,15.1036076621,10.5914832515,0.0,0.0,0.0,0.0,0.0,0.0,0.0,0.0,6,6,instant_velocity,dbscan_kmeans_fallback,False
5170,434,14.074433276,1.12170105865,0.03942011503000007,-0.04212345465,0.041398487064000025,-0.0485672692418,0.038551046774554565,-0.04621668404372495,0.6832892111235809,-0.73014759281382,-1,-1,instant_velocity,dbscan_kmeans_fallback,False
5180,203,9.11398110722,4.28967124005,0.001052325548000077,-0.0003102577399999973,0.0010691627568000328,-0.00030548454359999864,0.0018712304351455912,-0.00018394551358323304,0.9591714417606761,-0.28279306186072434,-1,-1,instant_velocity,dbscan_kmeans_fallback,False
5180,204,5.36686029545,7.44618575106,0.043587324203000044,-0.022171495393000028,0.03921385922540001,-0.029040124429199992,0.03521618649906528,-0.022521020656192003,0.8913151324317583,-0.4533838613351211,-1,-1,instant_velocity,dbscan_kmeans_fallback,False
5180,205,11.01995314,8.36025278396,0.03087523157999996,0.013532010644000003,0.031190929246599986,0.015355371513599997,0.03144791921752929,0.0148078387245672,0.9158943763920455,0.40141860695047527,0,0,instant_velocity,dbscan_kmeans_fallback,False
5180,206,11.1020345327,7.82875741,0.03156976644,0.016968711759999967,0.03049639438379998,0.01737443341919999,0.03127351529375279,0.017118691100294757,0.8808245899232784,0.4734421651783459,0,0,instant_velocity,dbscan_kmeans_fallback,False
5180,208,8.07975555852,4.57558568011,0.040640812668000056,-0.036228557596000056,0.04201304518340001,-0.025737072801000006,0.042312820037828394,-0.026809253842218987,0.7464654677509385,-0.665423878522329,1,1,instant_velocity,dbscan_kmeans_fallback,False
5180,209,7.61883696844,4.11879082345,0.042093021924999974,-0.03618082563699998,0.0427244172538,-0.028123670798399995,0.0426913871494403,-0.028467553830446704,0.7583558019059453,-0.6518405613275845,1,1,instant_velocity,dbscan_kmeans_fallback,False
5180,210,6.68668699791,10.3389811834,0.02254081324100001,0.031526959540000024,0.032356905953799996,0.028161856366400003,0.031132303927685265,0.02661373464666937,0.5816062832985706,0.8134701071215807,2,2,instant_velocity,dbscan_kmeans_fallback,False
5180,211,6.25586491851,10.4084311851,0.01795267385100008,0.02809025842999997,0.0298060688252,0.022968619124400007,0.028458246371537394,0.0221861357009748,0.5385194724983787,0.8426127092608013,2,2,instant_velocity,dbscan_kmeans_fallback,False
5180,264,6.76961025111,1.60928302947,0.016458371572999918,-0.035297784377,0.017670650604199985,-0.040844238123000004,0.018813690420590654,-0.0370952315304498,0.42259167194391845,-0.9063199022838362,3,3,instant_velocity,dbscan_kmeans_fallback,False
5180,265,6.10348817914,1.40809281831,0.02279337137200006,-0.025846856308999987,0.0232143015916,-0.028419608949799998,0.023220967995360095,-0.027567853265547747,0.6614145671435105,-0.7500201264056207,3,3,instant_velocity,dbscan_kmeans_fallback,False
5180,266,9.38169272667,8.65189505921,0.025087441067999983,0.011551134305999966,0.0335733942876,0.00992824766800002,0.03230622978189038,0.011225169792145984,0.9083400719674779,0.4182315023034146,0,0,instant_velocity,dbscan_kmeans_fallback,False
5180,267,6.20577422242,4.70589393075,0.04304011491899997,-0.01735056743899994,0.047148393858399994,-0.005713515605200001,0.04349277964354441,-0.00698380147224127,0.9274735382635242,-0.37388822506199454,-1,-1,instant_velocity,dbscan_kmeans_fallback,False
5180,268,2.69626851941,6.70848831015,0.02584511546199999,0.004104948556000032,0.027629859591599994,0.006372216652400002,0.0260566366309959,0.005408365360841733,0.987620063714857,0.15686250504021693,4,4,instant_velocity,dbscan_kmeans_fallback,False
5180,269,3.05111269424,7.29535275764,0.031906510619,0.0038662887550000137,0.0316244873724,0.004496350626600005,0.030489931029756164,0.004427780833238663,0.9927378102811149,0.12029554338880277,4,4,instant_velocity,dbscan_kmeans_fallback,False
5180,270,1.4408441405,7.43520740027,0.017805348275,-0.004272010414999983,0.016273162276320002,-0.0032457732761999834,0.015553475790951229,-0.0032072170399544573,0.9724025474425051,-0.23330707976544182,4,4,instant_velocity,dbscan_kmeans_fallback,False
5180,271,1.28236391295,6.77793831186,0.017700115719999986,0.0,0.01891239475098,-0.0019092783978000049,0.015492413960308277,-0.0012106839330854127,0.9999994350322614,0.0,4,4,instant_velocity,dbscan_kmeans_fallback,False
5180,292,13.1547007469,5.37151611215,-0.03049639439000007,0.002482061916999978,-0.024136138771999997,0.008200350718199996,-0.024001641976457096,0.00848405098688987,-0.9967039782527203,0.08112044182359637,5,5,instant_velocity,dbscan_kmeans_fallback,False
5180,293,12.2273914739,4.03406659456,-0.041209068470000075,0.01758922723899996,-0.044467068362000005,0.01393773230339999,-0.038698785311184355,0.012979198152687324,-0.919724048514862,0.3925649350282657,6,6,instant_velocity,dbscan_kmeans_fallback,False
5180,294,12.2265496135,3.42954132188,-0.04693371943999995,0.018830258196999995,-0.04552360321200002,0.0205533819512,-0.04020374272045036,0.01742793092237422,-0.928088897981394,0.37235816353954954,6,6,instant_velocity,dbscan_kmeans_fallback,False
5180,295,13.1502809796,4.75267125149,-0.03382174312000004,0.006801804290999946,-0.03269785943200002,0.0078853197824,-0.02757941110598823,0.006200757485557761,-0.9803710462376732,0.19715991471558147,5,5,instant_velocity,dbscan_kmeans_fallback,False
5180,296,13.7911472384,8.69795640056,-0.03765220811999992,0.01692097980000007,-0.03765220811999992,0.01692097980000007,-0.024219062026919987,0.012574030207875023,-0.9121252706764417,0.409910973374958,7,7,instant_velocity,dbscan_kmeans_fallback,False
5180,297,14.3690844295,7.62183936365,-0.04781767289999994,-0.003269639255999923,-0.04781767289999994,-0.003269639255999923,-0.014345301869999985,-0.000980891776799977,-0.9976702357493318,-0.0682179112766635,-1,-1,instant_velocity,dbscan_kmeans_fallback,False
5180,337,10.7926508216,11.1358662546,0.007724069520000043,0.009546391990000024,0.02889685955160001,0.010606041497999995,0.02531529315732408,0.008798291437989705,0.6290027809177514,0.7774020021302097,8,8,instant_velocity,dbscan_kmeans_fallback,False
5180,371,13.3272821368,12.2487369007,0.006482325369999842,0.00735072183000014,0.0005682557959999812,0.004658639290000011,0.0030575859370966865,0.005541669055772467,0.6614140839034881,0.7500195790417463,8,8,instant_velocity,dbscan_kmeans_fallback,False
5180,372,14.33162164,12.0558997825,0.022582906269999904,-0.005226649620000146,0.023971975987999983,-0.008672897122000017,0.02345126867835841,-0.008432304628051128,0.9742468106576988,-0.2254823476584547,8,8,instant_velocity,dbscan_kmeans_fallback,False
5180,373,14.7115111628,12.3267786552,0.025908254990000046,-0.010095309529999952,0.02789925493200002,-0.012515319896,0.024077714077437983,-0.010707347333470589,0.9317626499147015,-0.36306699787432806,8,8,instant_velocity,dbscan_kmeans_fallback,False
5180,374,14.6799413964,11.7928966832,0.010859999660000064,-0.0020763402600000092,0.012627906578000002,-0.003279185648000009,0.012482792473110285,-0.004129908236111181,0.9822082934369982,-0.18778993436627145,8,8,instant_velocity,dbscan_kmeans_fallback,False
5180,375,13.1410205148,12.8816626895,-0.016647790170000044,-0.01391386632999989,-0.016647790170000044,-0.01391386632999989,-0.013689345264864018,-0.00960004509993897,-0.7672973930093947,-0.6412907210308791,-1,-1,instant_velocity,dbscan_kmeans_fallback,False
5180,404,14.6384797698,10.7673755239,-0.04651278923,0.01758922724000005,-0.04651278923,0.01758922724000005,-0.013953836769000002,0.005276768172000016,-0.9353539876509972,0.3537124758801224,7,7,instant_velocity,dbscan_kmeans_fallback,False
5180,434,14.4284355904,0.763711359083,0.03540023143999989,-0.0357989699567,0.04058609173999997,-0.044987372245939995,0.037605802174188165,-0.043091369817617464,0.7031355888872637,-0.7110555156885097,-1,-1,instant_velocity,dbscan_kmeans_fallback,False
5190,203,9.12471482781,4.28656866265,0.001073372058999844,-0.0003102577399999973,0.0010691627567999973,-0.00030548454359999864,0.0016318729223018672,-0.00022183918150826232,0.9606644138888734,-0.2776796428158441,-1,-1,instant_velocity,dbscan_kmeans_fallback,False
5190,204,5.80273353749,7.22447079713,0.04358732420399995,-0.02217149539299994,0.042168789364599994,-0.025689340840999986,0.03772752781054568,-0.02241616307723438,0.891315132435962,-0.4533838613268568,-1,-1,instant_velocity,dbscan_kmeans_fallback,False
5190,205,11.2927159221,8.53686103575,0.027276278209999914,0.017660825179000028,0.030332231599800002,0.015384010689600007,0.030196426915270476,0.015663734660897047,0.8394088863324928,0.5434998675802591,0,0,instant_velocity,dbscan_kmeans_fallback,False
5190,206,11.3952124305,8.00106978539,0.029317789780000148,0.017231237538999977,0.030610045544800003,0.017207371559199984,0.030686797639627,0.017152455031906322,0.8621205143152558,0.5067027044291375,0,0,instant_velocity,dbscan_kmeans_fallback,False
5190,208,8.48616368521,4.21353876394,0.04064081266899997,-0.036204691616999976,0.04061976615780001,-0.0286487223576,0.041811217827179864,-0.029627885174653285,0.7466832295661338,-0.6651795150407526,1,1,instant_velocity,dbscan_kmeans_fallback,False
5190,209,8.01998346739,3.77010885607,0.04011464989500002,-0.034868196738000054,0.042067766112000006,-0.031216701802599996,0.04191836597310821,-0.030387746702712708,0.7547367922541691,-0.6560274370238383,1,1,instant_velocity,dbscan_kmeans_fallback,False
5190,210,6.91230559543,10.6544894386,0.022561859752000046,0.0315508255200001,0.029683999061600002,0.030405258483399998,0.0285611706749797,0.02809486190866859,0.5816742339255689,0.8134215204683413,2,2,instant_velocity,dbscan_kmeans_fallback,False
5190,211,6.43518119191,10.6890951096,0.017931627339999957,0.028066392450000067,0.026468092186599998,0.024906536698800004,0.025300260662076163,0.02395021272568238,0.5383959608562034,0.8426916333007575,2,2,instant_velocity,dbscan_kmeans_fallback,False
5190,264,7.00322652279,1.39210261173,0.023361627168000075,-0.021718041774000007,0.017274976198000013,-0.037550732886800005,0.02017807144481348,-0.03248207460351486,0.7324007327707333,-0.6808733653369358,3,3,instant_velocity,dbscan_kmeans_fallback,False
5190,265,6.33142189286,1.14962425522,0.022793371371999972,-0.02584685630900001,0.024174022491400004,-0.026075969716599996,0.023092689008352058,-0.027051554178583424,0.6614145671435088,-0.7500201264056223,3,3,instant_velocity,dbscan_kmeans_fallback,False
5190,266,9.54122527976,8.77528217566,0.015953255309000092,0.012338711644999912,0.0283454409642,0.010749237378999972,0.027400337440023292,0.011559232348002161,0.7910159377421672,0.6117947323825247,0,0,instant_velocity,dbscan_kmeans_fallback,False
5190,267,6.60018583786,4.39993206752,0.039441161544000014,-0.03059618632300003,0.04585192878299999,-0.012343484841199999,0.042277294213681094,-0.014067516927468899,0.7901307401961534,-0.6129380170409575,1,1,instant_velocity,dbscan_kmeans_fallback,False
5190,268,2.95493013914,6.7492991359,0.025866161973000023,0.004081082575000039,0.027027929378,0.005680103233200011,0.025999494233597136,0.005010180525089225,0.9877805146348079,0.1558489369396435,4,4,instant_velocity,dbscan_kmeans_fallback,False
5190,269,3.41584872922,7.32041203661,0.036473603497999996,0.002505927896999971,0.0326726036182,0.003918793911199998,0.032285032770229316,0.0038512249523670553,0.9976478448308885,0.06854364049553562,4,4,instant_velocity,dbscan_kmeans_fallback,False
5190,270,1.63131506471,7.44570843146,0.019047092421,0.0010501031189999565,0.017615929675700002,-0.0029211959484000084,0.01660156077996586,-0.0019300209922681329,0.9984831670589187,0.055048312089960284,4,4,instant_velocity,dbscan_kmeans_fallback,False
5190,271,1.45936507014,6.77793831186,0.017700115719000008,0.0,0.01858406917986,-0.0013937732303999973,0.016154724487915797,-0.0008474787531597888,0.9999994350322613,0.0,4,4,instant_velocity,dbscan_kmeans_fallback,False
5190,292,12.8571030819,5.39275683433,-0.02975976649999996,0.002124072217999995,-0.02656490613799999,0.005818525917200006,-0.025729079333519957,0.006576057356222907,-0.997462235599454,0.0711928241487032,5,5,instant_velocity,dbscan_kmeans_fallback,False
5190,293,11.8403461373,4.23430216652,-0.03870453366,0.02002355719600004,-0.043056952128,0.015660856057199996,-0.03870050981582905,0.015092505865681139,-0.8881802528120153,0.4594947002531373,6,6,instant_velocity,dbscan_kmeans_fallback,False
5190,294,11.7431112567,3.62404905865,-0.04834383567999989,0.01945077367699999,-0.045763533435999974,0.0192884850128,-0.04264577060831522,0.01803478374876195,-0.9277252846311604,0.37326319461358753,6,6,instant_velocity,dbscan_kmeans_fallback,False
5190,295,12.8699414536,4.76722949928,-0.028033952600000057,0.0014558247790000145,-0.031990696664000035,0.0063865362403999985,-0.027715773554191775,0.004777277673590437,-0.9986539629184523,0.05186087048114798,5,5,instant_velocity,dbscan_kmeans_fallback,False
5190,296,13.4085216691,8.84998269297,-0.038262556930000004,0.015202629240999955,-0.038262556930000004,0.015202629240999955,-0.028432110497843992,0.013362609917812502,-0.9293315633465902,0.3692456629431292,-1,-1,instant_velocity,dbscan_kmeans_fallback,False
5190,297,13.8906972353,7.58938163089,-0.047838719420000154,-0.0032457732760000193,-0.047838719420000154,-0.0032457732760000193,-0.02439332713500004,-0.0016603562265599897,-0.9977060158958647,-0.06769260471352387,-1,-1,instant_velocity,dbscan_kmeans_fallback,False
5190,337,10.8698915168,11.2313301745,0.007724069519999865,0.009546391990000024,0.02068451097339999,0.010310103348000012,0.020037926066126813,0.009022721603592802,0.6290027809177425,0.7774020021302168,7,7,instant_velocity,dbscan_kmeans_fallback,False
5190,371,13.3921053906,12.322244119,0.00648232538000002,0.007350721829999962,0.0023572092279999877,0.005474855806000001,0.004085007769967687,0.006084384888040716,0.661414084477477,0.7500195785355678,7,7,instant_velocity,dbscan_kmeans_fallback,False
5190,372,14.5574507026,12.0033946266,0.02258290626000008,-0.005250515589999871,0.02427925504600001,-0.010577402324000005,0.02319075995285091,-0.007477767916635751,0.9740201955385897,-0.22645925917464574,8,8,instant_velocity,dbscan_kmeans_fallback,False
5190,373,14.9705937128,12.2258255599,0.02590825499999987,-0.010095309529999952,0.026682766598,-0.012243247725999993,0.02462687635420655,-0.010523735992429398,0.9317626499621076,-0.36306699775266693,8,8,instant_velocity,dbscan_kmeans_fallback,False
5190,374,14.8552588327,11.7232080217,0.01753174363000003,-0.006968866150000075,0.012274325194000006,-0.0030834846120000137,0.013997477820177209,-0.004981595610277849,0.92927517335804,-0.3693867784245191,8,8,instant_velocity,dbscan_kmeans_fallback,False
5190,375,12.974332148,12.7425240263,-0.0166688366799999,-0.013913866320000069,-0.01832730174599998,-0.012338711646,-0.014583192689404783,-0.0108941914659573,-0.76769587924096,-0.6408136358423844,-1,-1,instant_velocity,dbscan_kmeans_fallback,False
5190,404,14.1731414124,10.9432677963,-0.04653383574000003,0.01758922724000005,-0.04653383574000003,0.01758922724000005,-0.023727836460300012,0.008970505892400027,-0.9354069085745343,0.3535725008510426,-1,-1,instant_velocity,dbscan_kmeans_fallback,False
5190,434,14.6993041865,0.477319599427,0.02708685960999997,-0.028639175965600006,0.03742911509599999,-0.040572165951259995,0.0344501194049317,-0.03875571166201222,0.6871427402878051,-0.7265220898963805,-1,-1,instant_velocity,dbscan_kmeans_fallback,False
5200,203,9.13544854841,4.28346608526,0.0010733720600001107,-0.0003102577389999972,0.001069162757000015,-0.00030548454359999864,0.00146432266361134,-0.0002483647487557828,0.9606644141966589,-0.27767964175104526,-1,-1,instant_velocity,dbscan_kmeans_fallback,False
5200,204,6.28280445254,7.01588213218,0.048007091504999974,-0.020858866495000062,0.044302905576199994,-0.023488897487799996,0.04081139691888197,-0.021948974102564085,0.9171661333180685,-0.39850458190379034,-1,-1,instant_velocity,dbscan_kmeans_fallback,False
5200,205,11.549904286,8.73136877252,0.0257188363900001,0.019450773676999943,0.029162045590000005,0.015775412761199998,0.028853149757689364,0.016799846365727917,0.7975871058519347,0.6032032728219132,0,0,instant_velocity,dbscan_kmeans_fallback,False
5200,206,11.6357740508,8.18006463518,0.02405616202999994,0.017899484979000135,0.02961665022800002,0.01720259836340002,0.028697606956738883,0.017376564016034466,0.8022772782048803,0.5969510045830616,0,0,instant_velocity,dbscan_kmeans_fallback,False
5200,208,8.862054371,3.92070318969,0.03758906857899991,-0.029283557424999974,0.04001783594419999,-0.030414804875599995,0.04054457305272588,-0.02952458684975729,0.7888675386807776,-0.6145629232904913,1,1,instant_velocity,dbscan_kmeans_fallback,False
5200,209,8.40155671114,3.43455317768,0.038157324374999926,-0.033555567839,0.0410154405638,-0.034051980223,0.040790053493675725,-0.0313380930435989,0.7509366152254576,-0.6603739897312162,1,1,instant_velocity,dbscan_kmeans_fallback,False
5200,210,7.12171837951,10.9635538792,0.020941278407999954,0.03090644405999985,0.026985836356200003,0.030658237870399993,0.026275202994885775,0.028938336554067967,0.5609334601178383,0.8278605665206801,2,2,instant_velocity,dbscan_kmeans_fallback,False
5200,211,6.61470793042,10.9699976938,0.017952673850999988,0.02809025841999997,0.0234247667014,0.026042557344200006,0.02309598461875331,0.025192226433977657,0.5385194726344906,0.8426127091738115,2,2,instant_velocity,dbscan_kmeans_fallback,False
5200,264,7.26630790982,1.23315518512,0.026308138702999972,-0.015894742660999994,0.01952695287100001,-0.031183289430600003,0.022017091622269426,-0.0275058750207604,0.8559117758999305,-0.5171212441911576,3,3,instant_velocity,dbscan_kmeans_fallback,False
5200,265,6.50147770144,0.964901570241,0.01700558085799999,-0.018472268497900002,0.022523976032000004,-0.02451990782258,0.021266556563246438,-0.024477768474378398,0.6772955254479129,-0.7357105236787272,3,3,instant_velocity,dbscan_kmeans_fallback,False
5200,266,9.70096829797,8.89866929212,0.01597430182099995,0.012338711646,0.023121696943399998,0.011570227090199978,0.023972526754316287,0.011793076137401513,0.7914060509957347,0.6112900061334062,0,0,instant_velocity,dbscan_kmeans_fallback,False
5200,267,6.97902303518,4.03716917195,0.03788371973200002,-0.03627628955700004,0.04314113817100001,-0.019775351004400008,0.04095922186917677,-0.020730148716328244,0.7222636527341428,-0.6916175493967799,1,1,instant_velocity,dbscan_kmeans_fallback,False
5200,268,3.27925687308,6.76695996108,0.032432673394,0.0017660825180000118,0.027810859586,0.004491577430800007,0.027929447981717995,0.004036951122962461,0.9985203731306362,0.05437323508394793,4,4,instant_velocity,dbscan_kmeans_fallback,False
5200,269,3.79216034523,7.34213007838,0.03763116160100002,0.0021718041770000694,0.033952231484800005,0.003279185648000009,0.03388887141946053,0.0033473987197569595,0.9983384934162971,0.057617028489597634,4,4,instant_velocity,dbscan_kmeans_fallback,False
5200,270,1.82704761666,7.47888214362,0.019573255194999993,0.003317371215999998,0.01840727848786,-0.0016944845779999973,0.0174930691044761,-0.0003558033297876935,0.9859391370874973,0.16710179689157936,4,4,instant_velocity,dbscan_kmeans_fallback,False
5200,271,1.63636622734,6.77793831186,0.017700115719999986,0.0,0.018255743608939997,-0.0008782680630000073,0.016618341857541054,-0.0005932351272118522,0.9999994350322614,0.0,4,4,instant_velocity,dbscan_kmeans_fallback,False
5200,292,12.6241182056,5.38440374134,-0.023298487629999975,-0.00083530929900002,-0.027015301469999996,0.003451020703999994,-0.024999901822463963,0.004352647359656028,-0.9993574889777357,-0.035829476008285156,5,5,instant_velocity,dbscan_kmeans_fallback,False
5200,293,11.4533008007,4.43453773848,-0.03870453366,0.02002355719600004,-0.04172260333200001,0.01712622722760001,-0.03870171696908034,0.01657182126477681,-0.8881802528120153,0.4594947002531373,6,6,instant_velocity,dbscan_kmeans_fallback,False
5200,294,11.259883365,3.81855679542,-0.04832278917000003,0.019450773677000033,-0.046205510166000004,0.018524773653800005,-0.044348876176820665,0.018459580727233377,-0.9276689813717056,0.3734031026304311,6,6,instant_velocity,dbscan_kmeans_fallback,False
5200,295,12.6144368105,4.75863774649,-0.025550464309999833,-0.0008591752790000129,-0.030786836236,0.004424752686799991,-0.027066180780934194,0.003086341787813302,-0.9994347139195057,-0.0336075927527477,5,5,instant_velocity,dbscan_kmeans_fallback,False
5200,296,13.0330519136,9.04019455335,-0.037546975550000104,0.01902118603799998,-0.037172347662000005,0.01862978396580001,-0.031166570013490824,0.015060182753868747,-0.8920606101220725,0.45191524946417855,-1,-1,instant_velocity,dbscan_kmeans_fallback,False
5200,297,13.4259902732,7.60919039426,-0.046470696209999926,0.0019808763369999483,-0.046470696209999926,0.0019808763369999483,-0.031016537857500005,-0.0005679864574920081,-0.9990925183776527,0.04258767114623311,-1,-1,instant_velocity,dbscan_kmeans_fallback,False
5200,337,10.946921747,11.3267940944,0.00770302302000001,0.009546391990000024,0.012577394951999991,0.009832783748000012,0.016337455152288773,0.009179822719514969,0.6279652982112369,0.7782402931001134,7,7,instant_velocity,dbscan_kmeans_fallback,False
5200,371,13.4567181792,12.3955126775,0.006461278859999986,0.0073268558499998806,0.004146162657999994,0.006281525927999993,0.004797889096977377,0.006457126176628464,0.6614140817611238,0.750019576499721,7,7,instant_velocity,dbscan_kmeans_fallback,False
5200,372,14.7832797652,11.9511281305,0.022582906259999903,-0.005226649609999967,0.024014069007999978,-0.010095309525999987,0.02300840384499561,-0.006802432424645016,0.9742468107305364,-0.22548234734374226,8,8,instant_velocity,dbscan_kmeans_fallback,False
5200,374,15.0307867341,11.6535193602,0.017552790139999885,-0.006968866149999897,0.012379557747999996,-0.0032028145119999962,0.015064071516124012,-0.005577776772194463,0.9294271542400457,-0.3690042085852814,8,8,instant_velocity,dbscan_kmeans_fallback,False
5200,375,12.8076437812,12.6031467033,-0.016668836680000076,-0.013937732299999972,-0.017451766890000008,-0.013174020943999984,-0.015208885886583371,-0.011807253716170103,-0.7671552522764842,-0.6414607536228216,-1,-1,instant_velocity,dbscan_kmeans_fallback,False
5200,404,13.8023018892,11.0738147067,-0.037083952319999905,0.013054691039999965,-0.037083952319999905,0.013054691039999965,-0.02773467121820998,0.01019576143668001,-0.943259309680692,0.33205626930557747,-1,-1,instant_velocity,dbscan_kmeans_fallback,False
5200,405,14.7999065089,10.8805002689,0.0,0.0,0.0,0.0,0.0,0.0,0.0,0.0,7,7,instant_velocity,dbscan_kmeans_fallback,False
5200,434,14.6382693047,0.477319599427,-0.00610348817999995,0.0,0.027579347966000006,-0.030577093539259997,0.022284037129452202,-0.027128998163408552,-0.9999983615953172,0.0,-1,-1,instant_velocity,dbscan_kmeans_fallback,False
5210,203,9.146182269,4.28060216766,0.0010733720590000218,-0.0002863917600000043,0.001069162757000015,-0.00030071134760000005,0.0013470374822279444,-0.00025977285212904925,0.9661905532525231,-0.25779412713533506,-1,-1,instant_velocity,dbscan_kmeans_fallback,False
5210,204,6.79191955273,6.81564656022,0.05091151001899998,-0.020023557195999953,0.04587297529399999,-0.022071258277399988,0.043841430848917375,-0.021371349030594844,0.9306106193235019,-0.3660102589036328,-1,-1,instant_velocity,dbscan_kmeans_fallback,False
5210,205,11.80709265,8.92587650928,0.025718836399999924,0.01945077367600003,0.02808867353,0.016720505567800005,0.027912855750382534,0.01759512455880955,0.7975871059796893,0.6032032726529896,0,0,instant_velocity,dbscan_kmeans_fallback,False
5210,206,11.8763356711,8.35905948496,0.02405616202999994,0.01789948497799987,0.028113929344000005,0.017388753006999984,0.0273051734787172,0.017533440304624087,0.8022772782208566,0.5969510045615901,0,0,instant_velocity,dbscan_kmeans_fallback,False
5210,208,9.22489622,3.65722277081,0.03628418490000005,-0.02634804188800004,0.039154928994800005,-0.031593784286,0.03926645660690813,-0.028571623361230116,0.8091648453661184,-0.5875813194856565,1,1,instant_velocity,dbscan_kmeans_fallback,False
5210,209,8.78291948978,3.09875883948,0.03813627786399998,-0.03357943381999999,0.04011885919679999,-0.0348729699342,0.039993920804773,-0.032010495276519224,0.7505229241713202,-0.6608441167876564,1,1,instant_velocity,dbscan_kmeans_fallback,False
5210,210,7.26757070048,11.2482750203,0.014585232097000045,0.028472114110000037,0.0230122550864,0.030419578071599992,0.022768211725520057,0.02879846982084759,0.45592411676329153,0.8900183001308174,-1,-1,instant_velocity,dbscan_kmeans_fallback,False
5210,264,7.54517418008,1.06108146953,0.027886627025999998,-0.017207371559000005,0.022098836510800003,-0.025078371753799997,0.0237779522433886,-0.02441632398223228,0.8510258062196607,-0.525123287239652,2,2,instant_velocity,dbscan_kmeans_fallback,False
5210,265,6.65701141746,0.799033009441,0.015553371601999988,-0.01658685608,0.020583487721399986,-0.022586763444780004,0.0195526010748725,-0.02211049475606488,0.6840155854711952,-0.7294667910608352,2,2,instant_velocity,dbscan_kmeans_fallback,False
5210,266,9.88701945488,8.9955651708,0.01860511569100005,0.00968958786800016,0.02034355749640003,0.011474763170200006,0.022362303435321418,0.011162029656581108,0.8869249215757401,0.46191257838211,0,0,instant_velocity,dbscan_kmeans_fallback,False
5210,267,7.36185906959,3.67536091559,0.038283603441000034,-0.03618082563599993,0.040506114998600004,-0.027188124383199997,0.04015653634072375,-0.025365351792229752,0.7267846913156952,-0.6868650761136479,1,1,instant_velocity,dbscan_kmeans_fallback,False
5210,268,3.75680220682,6.73020635192,0.04775453337400002,-0.00367536091600007,0.03165816179,0.0022195361374000022,0.0338769735994026,0.0017232575112737013,0.9970511866574837,-0.07673665103149259,3,3,instant_velocity,dbscan_kmeans_fallback,False
5210,269,4.16847196124,7.36384812016,0.037631161600999975,0.002171804177999981,0.0351097895876,0.002911649556600011,0.035011558473922365,0.0029947203572298657,0.9983384934147712,0.05761702851603685,3,3,instant_velocity,dbscan_kmeans_fallback,False
5210,270,2.02299063372,7.51229451558,0.019594301706000006,0.003341237195999991,0.0187650691742,-0.00017183505580000257,0.01812343888493327,0.000753308827948612,0.9857703897401564,0.16809441552625734,4,4,instant_velocity,dbscan_kmeans_fallback,False
5210,271,1.81336738453,6.77793831186,0.017700115719000008,0.0,0.01792741803784,-0.0003627628955999995,0.01694287401597874,-0.0004152645890482965,0.9999994350322613,0.0,4,4,instant_velocity,dbscan_kmeans_fallback,False
5210,292,12.3911333292,5.37581198855,-0.023298487639999976,-0.0008591752790000129,-0.027465696806000004,0.0010739690988000028,-0.024489477567724766,0.002789100568059216,-0.9993203123498161,-0.03685180435057347,5,5,instant_velocity,dbscan_kmeans_fallback,False
5210,293,11.0380531394,4.65816197081,-0.04152476612999987,0.022362423232999973,-0.04102806847,0.018801619021400002,-0.0395486317173562,0.01830900185524376,-0.880444945787168,0.4741479446123597,6,6,instant_velocity,dbscan_kmeans_fallback,False
5210,294,10.8078043095,4.09253824549,-0.04520790555000005,0.027398145006999997,-0.04650437062200002,0.020515196383400002,-0.044606584988774484,0.021141150011163366,-0.8552025802480927,0.5182935156790905,6,6,instant_velocity,dbscan_kmeans_fallback,False
5210,295,12.3587217023,4.7502846535,-0.025571510820000042,-0.00083530929900002,-0.029359882794,0.0026777629527999914,-0.026617779792653947,0.0019098464617693053,-0.999466514524293,-0.03264819507529118,5,5,instant_velocity,dbscan_kmeans_fallback,False
5210,296,12.6647379717,9.26906930127,-0.03683139419000003,0.022887474791999908,-0.03729862672800003,0.01900686644919997,-0.03286601726644359,0.017408370365308096,-0.8493649031256928,0.5278056461619576,-1,-1,instant_velocity,dbscan_kmeans_fallback,False
5210,297,12.9610728461,7.62923781744,-0.046491742709999964,0.0020047423180000303,-0.046491742709999964,0.0020047423180000303,-0.035659099313249995,0.00020383217515560355,-0.9990713955308808,0.043080353382694364,-1,-1,instant_velocity,dbscan_kmeans_fallback,False
5210,337,11.0241624422,11.4222580143,0.007724069520000043,0.009546391990000024,0.007715650919999995,0.009546391988000025,0.013753439462602154,0.009289793500660486,0.6290027809177514,0.7774020021302097,7,7,instant_velocity,dbscan_kmeans_fallback,False
5210,371,13.627194918,12.4964657728,0.01704767388000015,0.010095309530000129,0.008052395093999997,0.007646659982000017,0.008472824531884209,0.007548581182639964,0.8604463622689695,0.5095400359141429,7,7,instant_velocity,dbscan_kmeans_fallback,False
5210,372,15.0093192929,11.8986229745,0.022603952770000112,-0.0052505156000000495,0.02317641787200003,-0.007240938323999977,0.02288706852249696,-0.006336857377251526,0.9740666872614551,-0.2262592029343819,-1,-1,instant_velocity,dbscan_kmeans_fallback,False
5210,375,12.6761030876,12.4444379365,-0.013154069359999987,-0.015870876680000024,-0.015961673914000017,-0.014314814785999986,-0.014592440928608357,-0.01302634060531908,-0.6381301435753413,-0.7699278859872881,-1,-1,instant_velocity,dbscan_kmeans_fallback,False
5210,404,13.4550344584,11.1931446066,-0.03472674308000005,0.011932989990000031,-0.03472674308000005,0.011932989990000031,-0.029832292776747003,0.010716930002676015,-0.9457225700728913,0.3249742694268494,8,8,instant_velocity,dbscan_kmeans_fallback,False
5210,405,14.4000228006,10.9878971788,-0.03998837082999991,0.010739690990000028,-0.03998837082999991,0.010739690990000028,-0.011996511248999975,0.0032219072970000088,-0.9657754547021357,0.2593786576933104,8,8,instant_velocity,dbscan_kmeans_fallback,False
5210,434,14.5770239578,0.477319599427,-0.006124534689999983,0.0,0.017935836642,-0.021312320114460003,0.013761465583616544,-0.018990298714385984,-0.9999983672255643,0.0,-1,-1,instant_velocity,dbscan_kmeans_fallback,False
5220,203,9.15691598959,4.27749959026,0.0010733720590000218,-0.0003102577399999973,0.001069162757000015,-0.0003054845437999987,0.0012649378552595674,-0.0002749183184903337,0.9606644138888858,-0.2776796428158017,-1,-1,instant_velocity,dbscan_kmeans_fallback,False
5220,204,7.30103465291,6.61541098826,0.050911510018000074,-0.02002355719600004,0.04740095198980001,-0.021049794334600004,0.04596245459964218,-0.020967011480216402,0.9306106193210528,-0.36601025890985966,-1,-1,instant_velocity,dbscan_kmeans_fallback,False
5220,205,12.0596507815,9.02921620256,0.025255813150000073,0.01033396932800006,0.026968999145999994,0.016085670500800012,0.027115742970267795,0.015416777989566704,0.9255203425423913,0.3786969271378678,0,0,instant_velocity,dbscan_kmeans_fallback,False
5220,206,12.1501507787,8.51299505578,0.02738151076000008,0.015393557081999987,0.02727627820800002,0.017078495267599986,0.027328074663102064,0.01689147533783686,0.8716914426755591,0.49005447867103363,0,0,instant_velocity,dbscan_kmeans_fallback,False
5220,208,9.58773806899,3.39398101172,0.03628418489899996,-0.026324175908999957,0.03828781274299999,-0.030877804887,0.03837177509453568,-0.027897389125561067,0.8094178980300799,-0.5872326797734974,1,1,instant_velocity,dbscan_kmeans_fallback,False
5220,209,9.21710901094,2.79470625464,0.04341895211600004,-0.030405258483999997,0.040384045234999985,-0.033717856503600006,0.04102143019814111,-0.03152892423876345,0.8191254662573028,-0.5736140629520734,1,1,instant_velocity,dbscan_kmeans_fallback,False
5220,210,7.41321255634,11.5327575016,0.014564185586000011,0.02844824813000013,0.019038673816800012,0.030180918272000028,0.020307003883664045,0.028693403313593355,0.4557054748318975,0.8901302682299767,-1,-1,instant_velocity,dbscan_kmeans_fallback,False
5220,264,7.86087184451,0.859175278968,0.031569766443000004,-0.0201906190562,0.025116906182599995,-0.022061711885440004,0.02611549650327202,-0.023148612504422596,0.8424411365385351,-0.5387878968263082,2,2,instant_velocity,dbscan_kmeans_fallback,False
5220,265,6.80770443595,0.656314449212,0.015069301849000016,-0.014271856022899997,0.018642999410600006,-0.020204938643760002,0.018207611307110756,-0.019758903136115412,0.7260563576792852,-0.6876344972808124,2,2,instant_velocity,dbscan_kmeans_fallback,False
5220,266,10.1785136317,8.98649609841,0.029149417681999877,-0.0009069072389999988,0.02095390631419999,0.009002247645200008,0.024398437709324955,0.007541348587906775,0.9995160188185974,-0.031097304339043463,-1,-1,instant_velocity,dbscan_kmeans_fallback,False
5220,267,7.760059057,3.31737121602,0.03981999874099999,-0.03579896995700001,0.03969371967540001,-0.03124056778239999,0.04005557506080662,-0.02849543724166083,0.7436563260545286,-0.6685618110617376,1,1,instant_velocity,dbscan_kmeans_fallback,False
5220,268,4.23434754056,6.69345274276,0.04775453337399997,-0.003675360915999981,0.0359306035154,0.0005202783634000064,0.038040241531781815,0.00010367198309159625,0.9970511866574837,-0.07673665103149081,3,3,instant_velocity,dbscan_kmeans_fallback,False
5220,269,4.53657543798,7.41683059569,0.036810347674,0.005298247552999946,0.0360905569986,0.0032028145119999962,0.035551195233945655,0.00368577851596089,0.9897995036221311,0.14246545141247385,3,3,instant_velocity,dbscan_kmeans_fallback,False
5220,270,2.21872318567,7.54546822774,0.019573255194999993,0.003317371215999998,0.019118650558399997,0.001350814466399992,0.01855838377795329,0.001522527544364028,0.9859391370874973,0.16710179689157936,4,4,instant_velocity,dbscan_kmeans_fallback,False
5220,271,2.04614179578,6.77221047667,0.02327744112500001,-0.0005727835190000085,0.0188155808006,-0.00011455670380000171,0.018843244148685122,-0.0004625202680338101,0.9996969605802292,-0.024599350931222955,4,4,instant_velocity,dbscan_kmeans_fallback,False
5220,292,12.1484670578,5.35123002917,-0.024266627140000097,-0.0024581959379999852,-0.026223952660000015,9.069072379999099e-05,-0.024422622439407366,0.0012149116162414554,-0.9949079558278019,-0.10078362689590332,5,5,instant_velocity,dbscan_kmeans_fallback,False
5220,293,10.5946031534,4.90541352331,-0.044344998600000095,0.024725155249999985,-0.040897580104000006,0.0209447840228,-0.040987541782149375,0.020233847873670628,-0.8734115331618298,0.4869824430339864,6,6,instant_velocity,dbscan_kmeans_fallback,False
5220,294,10.355725254,4.36651969556,-0.04520790555000005,0.027398145006999997,-0.046803231077999996,0.022505619113000003,-0.04478698115714215,0.023018248509914355,-0.8552025802480927,0.5182935156790905,6,6,instant_velocity,dbscan_kmeans_fallback,False
5220,295,12.0933251991,4.68489186838,-0.026539650319999986,-0.0065392785119999354,-0.02790346423399999,4.773195999998592e-06,-0.026594340950857758,-0.0006248910303614673,-0.970959802693936,-0.23924115416800848,5,5,instant_velocity,dbscan_kmeans_fallback,False
5220,296,12.3000019367,9.48386312101,-0.03647360349999999,0.021479381974000056,-0.03735334765800001,0.019102330368999994,-0.03394829313651051,0.018629673847915685,-0.8616828032638122,0.5074468189503285,-1,-1,instant_velocity,dbscan_kmeans_fallback,False
5220,297,12.5007856513,7.64331874562,-0.04602871948000011,0.0014080928180000285,-0.04692951014400002,-0.0002243402117999871,-0.03876998536327503,0.0005651103680089311,-0.9995321876973486,0.030577302839546423,-1,-1,instant_velocity,dbscan_kmeans_fallback,False
5220,337,11.0494182553,11.5869332761,0.0025255813100001135,0.016467526179999935,0.006680162578000015,0.010930618828000007,0.010385082016821541,0.011443113304462321,0.1515947760152543,0.9884421194035183,-1,-1,instant_velocity,dbscan_kmeans_fallback,False
5220,371,13.8241902606,12.6043400023,0.01969953425999993,0.010787422950000014,0.011234627549999985,0.008582206398000026,0.011840837450318924,0.00852023371284798,0.8771037034610015,0.48030011752395857,-1,-1,instant_velocity,dbscan_kmeans_fallback,False
5220,375,12.6258019264,12.2399064881,-0.005030116120000016,-0.020453144839999916,-0.013633929802000004,-0.015617897293999974,-0.011723743486025853,-0.015254381875723332,-0.23881729984756214,-0.9710640286530527,-1,-1,instant_velocity,dbscan_kmeans_fallback,False
5220,404,13.0862995863,11.3229755376,-0.0368734872100001,0.012983093099999898,-0.04034616151600002,0.014629845721999999,-0.031944651106722934,0.01139677893187318,-0.9432393382740956,0.3321129915012139,7,7,instant_velocity,dbscan_kmeans_fallback,False
5220,405,14.0401274631,11.1191600686,-0.035989533750000115,0.013126288979999855,-0.035989533750000115,0.013126288979999855,-0.019194417999300016,0.006193221801899964,-0.9394642216409186,0.3426462522490804,7,7,instant_velocity,dbscan_kmeans_fallback,False
5220,434,14.4928379139,0.54104176595,-0.008418604389999907,0.0063722166523000005,0.008368092758000004,-0.011613185854,0.007107444591531608,-0.011381544104380189,-0.7973426924879995,0.6035252575470891,-1,-1,instant_velocity,dbscan_kmeans_fallback,False
5230,203,9.16764971018,4.27439701287,0.001073372058999844,-0.0003102577389999972,0.0010733720591999684,-0.00030548454359999864,0.0012074681163816504,-0.00028552014464323277,0.960664414127622,-0.2776796419898576,-1,-1,instant_velocity,dbscan_kmeans_fallback,False
5230,204,7.80257300915,6.4970357276,0.05015383562399993,-0.01183752606599997,0.04871425427399998,-0.018983000469199995,0.04721986890694951,-0.01822816585595147,0.9732582959822729,-0.22971264917827705,-1,-1,instant_velocity,dbscan_kmeans_fallback,False
5230,205,12.3122089131,9.13279455563,0.025255813159999897,0.010357835306999874,0.025845115461999982,0.015450835433399987,0.026557764027187427,0.013899095184796656,0.9252136049791446,0.3794457174456567,0,0,instant_velocity,dbscan_kmeans_fallback,False
5230,206,12.4572193736,8.64211000742,0.03070685948999987,0.012911495164000008,0.027103696817999998,0.016267051948399995,0.028341710111171405,0.015697481285685804,0.9218251209271788,0.3876052708933356,0,0,instant_velocity,dbscan_kmeans_fallback,False
5230,208,10.1328427029,3.18730162517,0.05451046339100003,-0.02066793865500003,0.041061742887599985,-0.027765681098799996,0.043213381583474986,-0.025728553984392756,0.9350453878683921,-0.3545275441429356,1,1,instant_velocity,dbscan_kmeans_fallback,False
5230,209,9.7737892259,2.56368356852,0.05566802149600001,-0.023102268611999977,0.043099045149199995,-0.031102145098600004,0.04541540758749878,-0.029000927550734412,0.9236221269863486,-0.38330384123959915,1,1,instant_velocity,dbscan_kmeans_fallback,False
5230,264,8.17656950895,0.657269088411,0.03156976644399991,-0.0201906190557,0.028139185156799994,-0.01904027882118,0.02775177748549039,-0.022261214469805817,0.8424411365523371,-0.5387878968047277,-1,-1,instant_velocity,dbscan_kmeans_fallback,False
5230,265,6.95334629181,0.536984549355,0.014564185586000011,-0.011932989985700004,0.016997162253399995,-0.017422165379100005,0.017114583590777534,-0.01741112919099079,0.7735184118540885,-0.6337729911435779,-1,-1,instant_velocity,dbscan_kmeans_fallback,False
5230,266,10.4697973434,8.97718836622,0.02912837117000002,-0.0009307732190000806,0.021762092334599997,0.006505866140199998,0.025817417747527476,0.004999712045834719,0.9994895128651127,-0.03193786792323008,-1,-1,instant_velocity,dbscan_kmeans_fallback,False
5230,267,8.15846950952,2.95938151645,0.03984104525199994,-0.03579896995700001,0.039053905742,-0.034930248286000005,0.03999121611816461,-0.030686497056262585,0.743831933992203,-0.6683664268749926,-1,-1,instant_velocity,dbscan_kmeans_fallback,False
5230,268,4.66180217821,6.75407233189,0.04274546376500003,0.006061958912999987,0.03931067317600001,0.0009116804347999974,0.039451808201747283,0.0018911580620641138,0.990093167205522,0.14041031658092004,2,2,instant_velocity,dbscan_kmeans_fallback,False
5230,269,4.89647077544,7.50155482459,0.03598953374600002,0.008472422890000076,0.036907161624000005,0.004124041339000009,0.03568269678756197,0.005121771828172646,0.9733909859223555,0.2291494001631766,2,2,instant_velocity,dbscan_kmeans_fallback,False
5230,270,2.42750457442,7.54642286694,0.020878138874999987,9.546392000006065e-05,0.019733208678399995,0.002224309333400001,0.0192543103070673,0.0010944084570548376,0.9999890676261768,0.004572384393280871,3,3,instant_velocity,dbscan_kmeans_fallback,False
5230,271,2.2850196952,6.76576666208,0.02388778994199998,-0.0006443814589999874,0.020053115644999998,-0.0002434329955999992,0.02035660788667958,-0.0005170786253236633,0.9996359454100602,-0.026965528018128404,3,3,instant_velocity,dbscan_kmeans_fallback,False
5230,292,11.8834914848,5.28941714105,-0.02649755729999992,-0.006181288811999952,-0.025424185241999984,-0.001641979421999995,-0.02504510289758513,-0.001003948512230967,-0.9738528427728014,-0.22717813621129082,4,4,instant_velocity,dbscan_kmeans_fallback,False
5230,293,10.1511531675,5.15242641601,-0.04434499858999992,0.024701289269999992,-0.041524766127999976,0.022367196429000008,-0.041994778824504544,0.021574080292569436,-0.8736114388672047,0.48662373541953424,5,5,instant_velocity,dbscan_kmeans_fallback,False
5230,294,9.88870317576,4.63286403204,-0.04670220782399994,0.026634433647999955,-0.046756928754799996,0.024066454203199993,-0.04536154915719949,0.024103104051340037,-0.8686636540057069,0.49540194207166743,5,5,instant_velocity,dbscan_kmeans_fallback,False
5230,295,11.8266659052,4.61329392846,-0.02666592939000001,-0.007159793992000019,-0.026472301487999984,-0.0027875464605999945,-0.026615817482600432,-0.002585361918853033,-0.9657924305073162,-0.2593149760629954,4,4,instant_velocity,dbscan_kmeans_fallback,False
5230,296,11.9680984589,9.5757471439,-0.03319034777999992,0.009188402288999952,-0.036460975590000014,0.01755581486679997,-0.033720909529557336,0.015797292380240965,-0.963750433415147,0.2668042753608186,6,6,instant_velocity,dbscan_kmeans_fallback,False
5230,297,12.043234503,7.65381977681,-0.04575511482999985,0.0010501031189999565,-0.04651699853,0.0006396082631999889,-0.04086552420329248,0.0007106081933062388,-0.9997365226509477,0.022944460843656332,-1,-1,instant_velocity,dbscan_kmeans_fallback,False
5230,337,10.9968019779,11.8554255508,-0.00526162774000003,0.02684922746999998,0.004083023126,0.014391185923999999,0.0056910690897750684,0.016064947554123618,-0.1923113806637782,0.9813335833810827,-1,-1,instant_velocity,dbscan_kmeans_fallback,False
5230,371,14.0209751381,12.7122142317,0.019678487750000074,0.010787422940000013,0.01387386002600003,0.00926954662,0.014192132540223269,0.009200390480993591,0.8768872638433411,0.48069515838570814,-1,-1,instant_velocity,dbscan_kmeans_fallback,False
5230,375,12.571291463,12.0706966901,-0.005451046339999976,-0.01692097980000007,-0.01139458103599999,-0.01621931998800001,-0.009841934342218089,-0.015754361253006353,-0.306628906554632,-0.9518285500223905,-1,-1,instant_velocity,dbscan_kmeans_fallback,False
5230,404,12.7120926214,11.4556703862,-0.037420696489999905,0.013269484859999991,-0.038527742967999996,0.013765897245999987,-0.033587464721706026,0.011958590710311223,-0.9424975520330495,0.33421229881789505,6,6,instant_velocity,dbscan_kmeans_fallback,False
5230,405,13.8395542136,11.3466028578,-0.020057324949999965,0.022744278920000128,-0.020057324949999965,0.022744278920000128,-0.01945329008451,0.011158538937330013,-0.6614145409003508,0.7500200967717501,-1,-1,instant_velocity,dbscan_kmeans_fallback,False
5230,434,14.2005018767,1.17730879199,-0.02923360372000001,0.06362670260400001,-0.004558674273999977,0.00827194865814,-0.0037948699019278807,0.011120929908133875,-0.4174967315450157,0.9086782673318914,-1,-1,instant_velocity,dbscan_kmeans_fallback,False
5240,203,9.21521482495,4.26150938368,0.004756511477000025,-0.001288762918999975,0.0018099999428000046,-0.0005011855793999941,0.002272181124567163,-0.0005864929769502555,0.9651967044114758,-0.2615172334181005,-1,-1,instant_velocity,dbscan_kmeans_fallback,False
5240,204,8.29632415633,6.46028211844,0.049375114718000025,-0.003675360915999981,0.049871812376799995,-0.015283773573800001,0.047866442650264664,-0.013862324373966024,0.9972407870208713,-0.07423212752802762,-1,-1,instant_velocity,dbscan_kmeans_fallback,False
5240,205,12.5647670446,9.23613424891,0.025255813150000073,0.01033396932800006,0.025441022450000014,0.013985464263199994,0.02616717876403122,0.012829557427757677,0.9255203425423913,0.3786969271378678,0,0,instant_velocity,dbscan_kmeans_fallback,False
5240,206,12.7644984337,8.77098629927,0.030727906010000083,0.012887629185000016,0.027385720063999985,0.015398330277600004,0.02905756888082001,0.014854525655480068,0.9221755543908237,0.3867707934472661,0,0,instant_velocity,dbscan_kmeans_fallback,False
5240,208,10.7236182656,2.9947031668,0.05907755627000011,-0.019259845837,0.04474909160780001,-0.0243767119428,0.04797263398943252,-0.02378794154017493,0.9507513838322355,-0.30995400348375374,1,1,instant_velocity,dbscan_kmeans_fallback,False
5240,209,10.3304694409,2.3326608824,0.05566802150000001,-0.023102268612000022,0.04620971947019999,-0.028748959473399997,0.04849119176124915,-0.027231329869114095,0.923622126996099,-0.38330384121610417,1,1,instant_velocity,dbscan_kmeans_fallback,False
5240,264,8.35062415461,0.442475268669,0.017405464566000006,-0.021479381974199997,0.02694795263639998,-0.018992546861219997,0.024647883609643276,-0.02202666472112407,0.6295779972915261,-0.7769368197613287,2,2,instant_velocity,dbscan_kmeans_fallback,False
5240,265,7.09919861278,0.417654649499,0.014585232097000045,-0.011932989985599995,0.01535553439840001,-0.01463939211442,0.016355778142644287,-0.015767687429373553,0.7739668161210063,-0.6332253202784704,2,2,instant_velocity,dbscan_kmeans_fallback,False
5240,266,10.7892833798,8.93279764347,0.03194860364000007,-0.004439072275000022,0.024961162000799994,0.0031503093562000118,0.027656773515269257,0.0021680767495842962,0.9904845034424153,-0.13762204907583186,-1,-1,instant_velocity,dbscan_kmeans_fallback,False
5240,267,8.57687414746,2.6658299628,0.04184046379400001,-0.029355155364999996,0.039533766192000004,-0.0346820420944,0.04054599042091523,-0.03028709454888381,0.8186170021063093,-0.5743394576019797,1,1,instant_velocity,dbscan_kmeans_fallback,False
5240,268,5.06778937467,6.85645738597,0.040598719645999995,0.010238505407999999,0.042257184710600006,0.0021431650013999893,0.039795881635023095,0.00439536226584488,0.9696410450097926,0.24453172833320275,3,3,instant_velocity,dbscan_kmeans_fallback,False
5240,269,5.25615564779,7.58627905349,0.03596848723499999,0.008472422889999987,0.0368061383714,0.005317340337600012,0.03576843392179337,0.006126967146720848,0.9733610707104996,0.22927643750604723,3,3,instant_velocity,dbscan_kmeans_fallback,False
5240,270,2.65606968347,7.498690907,0.022856510905000026,-0.0047731959940000126,0.020495092375200002,0.001059649510800007,0.02033497048644712,-0.0006658728782616177,0.9788822087374923,-0.2044230047518566,4,4,instant_velocity,dbscan_kmeans_fallback,False
5240,271,2.52389759463,6.75932284748,0.023887789943000025,-0.0006443814599999875,0.021290650489800004,-0.0003723092875999967,0.021415962503575713,-0.0005552694757265605,0.9996359454089626,-0.026965528058817058,4,4,instant_velocity,dbscan_kmeans_fallback,False
5240,292,11.6185159118,5.22760425292,-0.026497557300000096,-0.006181288813000041,-0.024771743402000012,-0.003303051628200002,-0.02548083921830962,-0.0025571506024616893,-0.9738528427646699,-0.22717813624614824,5,5,instant_velocity,dbscan_kmeans_fallback,False
5240,293,9.69402294935,5.39371147352,-0.04571302181500005,0.024128505750999986,-0.042926463758999986,0.023188186139999997,-0.0431102517216532,0.022340407930098602,-0.8843671024423487,0.46679164645102295,6,6,instant_velocity,dbscan_kmeans_fallback,False
5240,294,9.3867438893,4.88059290414,-0.050195928646,0.02477288721000006,-0.04712734734800002,0.02513087690980001,-0.046811863003839646,0.024304038998938043,-0.8967379339974064,0.4425615442342548,6,6,instant_velocity,dbscan_kmeans_fallback,False
5240,295,11.5602170764,4.54169598855,-0.026644882879999977,-0.007159793991000018,-0.02619448754399997,-0.0045106702146000014,-0.026624537101820292,-0.003957691540497129,-0.9657411154801554,-0.2595060172197866,5,5,instant_velocity,dbscan_kmeans_fallback,False
5240,296,11.636194981,9.66763116679,-0.033190347790000095,0.009188402289000131,-0.03544653376200003,0.016352969476400005,-0.03356174100769016,0.013814625352868714,-0.963750433435816,0.2668042752861583,7,7,instant_velocity,dbscan_kmeans_fallback,False
5240,297,11.5884194011,7.67338988039,-0.04548151019000013,0.001957010358000044,-0.046045556684,0.0016801649900000015,-0.04225031999930477,0.0010845288427143805,-0.9990753294265969,0.04298891483467143,-1,-1,instant_velocity,dbscan_kmeans_fallback,False
5240,337,10.9441857005,12.1239178254,-0.00526162774000003,0.02684922745999998,0.0014858836740000215,0.01785175301799999,0.002405260040842538,0.019300231525886526,-0.19231138073275555,0.981333583367565,-1,-1,instant_velocity,dbscan_kmeans_fallback,False
5240,371,14.1927146676,12.7503997997,0.017173952949999995,0.0038185567999999394,0.016012185540000026,0.008563113613999996,0.015086678663156286,0.007585840376695495,0.9761609470694593,0.21704531467966237,-1,-1,instant_velocity,dbscan_kmeans_fallback,False
5240,375,12.4984705351,12.0432508131,-0.00728209279000005,-0.0027445876999999896,-0.009517232258000021,-0.013985464263999993,-0.009073981876552678,-0.011851429187104443,-0.9357435611058943,-0.35267749838235835,-1,-1,instant_velocity,dbscan_kmeans_fallback,False
5240,404,12.3833461201,11.5153353362,-0.03287465012999995,0.005966495000000016,-0.03579590584599998,0.011441350797999982,-0.0333736203441942,0.01016096199721786,-0.9839260044877769,0.17857496773141548,7,7,instant_velocity,dbscan_kmeans_fallback,False
5240,405,13.6339298015,11.5740456469,-0.020562441209999883,0.02274427890999995,-0.020562441209999883,0.02274427890999995,-0.019786035422156966,0.014634260929130994,-0.6706312102628239,0.7417904876270562,-1,-1,instant_velocity,dbscan_kmeans_fallback,False
5240,434,13.8888030493,1.78780055965,-0.031169882740000078,0.06104917676599999,-0.016210022743999984,0.026209619204459998,-0.01200737375334954,0.026099403965493713,-0.45472889477814593,0.8906297437652398,-1,-1,instant_velocity,dbscan_kmeans_fallback,False
5250,203,9.41031598158,4.20924288755,0.019510115663000073,-0.0052266496129999675,0.005497348663399997,-0.0014844639541999882,0.007443561486097037,-0.0019785399677651693,0.9659385921478452,-0.25876948430427404,-1,-1,instant_velocity,dbscan_kmeans_fallback,False
5250,204,8.79007530351,6.42352850929,0.049375114717999935,-0.00367536091500007,0.050145417019399986,-0.011847072457800003,0.04831904427058524,-0.010806235336276237,0.9972407870223663,-0.0742321275079436,-1,-1,instant_velocity,dbscan_kmeans_fallback,False
5250,205,12.7512391318,9.42014095449,0.01864720872000003,0.018400670557999987,0.024026696915999998,0.013775443639400002,0.023911187750821863,0.01450089136683037,0.7117962495236494,0.7023854609326541,0,0,instant_velocity,dbscan_kmeans_fallback,False
5250,206,13.0715670286,8.90010125091,0.03070685949000005,0.012911495164000008,0.028715859556000006,0.014400732314599977,0.029552356063574023,0.01427161650803605,0.9218251209271796,0.38760527089333363,0,0,instant_velocity,dbscan_kmeans_fallback,False
5250,208,11.3141833632,2.80234336824,0.059056509759999896,-0.019235979856000007,0.04904257984400001,-0.022367196429000008,0.05129779672060274,-0.022422353034922453,0.950832031812688,-0.3097065147384771,1,1,instant_velocity,dbscan_kmeans_fallback,False
5250,209,10.8896752371,2.13242531044,0.055920579620000056,-0.020023557196,0.049762370519200017,-0.0260425573448,0.05072000811887442,-0.025068998067179868,0.9414645573220773,-0.33711148095473575,1,1,instant_velocity,dbscan_kmeans_fallback,False
5250,264,8.46385438359,0.222192273533,0.01132302289800009,-0.0220282995136,0.023950929475400003,-0.02021925823174,0.02065042539615032,-0.02202715515886685,0.4571620886620335,-0.8893829418192662,2,2,instant_velocity,dbscan_kmeans_fallback,False
5250,265,7.18212186597,0.286391759656,0.008292325318999972,-0.013126288984299999,0.013612883290600007,-0.013570196211700001,0.013936742295550992,-0.014975267895851487,0.5340864558865948,-0.8454291037647675,2,2,instant_velocity,dbscan_kmeans_fallback,False
5250,266,11.127500811,8.86454094076,0.03382174312000004,-0.006825670271000029,0.02853065026060001,-0.0006825670271999939,0.029506264396688492,-0.0005300473565910014,0.9802371232153051,-0.1978246764728338,-1,-1,instant_velocity,dbscan_kmeans_fallback,False
5250,267,9.02537529607,2.46845830844,0.0448501148610001,-0.019737165436000036,0.040927045217800016,-0.0313742172702,0.041837227752940694,-0.02712211581501868,0.9152914107803574,-0.40279178888860817,1,1,instant_velocity,dbscan_kmeans_fallback,False
5250,268,5.47356610603,6.95860378025,0.040577673135999956,0.010214639428000005,0.043886184658999995,0.003832876383399988,0.040030419085316155,0.0061411454144914175,0.9697461164244364,0.24411471014563454,3,3,instant_velocity,dbscan_kmeans_fallback,False
5250,269,5.60089749735,7.66790070499,0.034474184956000006,0.008162165149999989,0.0361747430424,0.006515412532199996,0.03538015923205536,0.006737526547704591,0.9730975661730545,0.230392192079516,3,3,instant_velocity,dbscan_kmeans_fallback,False
5250,270,2.88463479253,7.45095894705,0.022856510905999983,-0.004773195995000012,0.0211517435174,-0.000558463931399995,0.02109143261231298,-0.0018980698132831362,0.9788822087307119,-0.2044230047843245,4,4,instant_velocity,dbscan_kmeans_fallback,False
5250,271,2.75561968033,6.71898934133,0.02317220857,-0.004033350614999964,0.022385069059800006,-0.0011789794105999895,0.021942836323503,-0.0015986938175085817,0.9851869148534794,-0.1714814639662204,4,4,instant_velocity,dbscan_kmeans_fallback,False
5250,292,11.3817426634,5.2471743565,-0.023677324839999868,0.001957010358000044,-0.02484751084399999,-0.0027445876967999894,-0.024939784904816693,-0.001202902314323169,-0.9966011942703785,0.08237243325257161,5,5,instant_velocity,dbscan_kmeans_fallback,False
5250,293,9.23099970818,5.63237127324,-0.04630232411699993,0.023865979972000063,-0.044446021850399975,0.0239566706952,-0.04406787344025721,0.02279807954266904,-0.8888706722117474,0.45815777210447084,6,6,instant_velocity,dbscan_kmeans_fallback,False
5250,294,8.88478460284,5.12832177624,-0.050195928646,0.024772887209999973,-0.04750197524320001,0.026195299616399995,-0.04782708269648775,0.02444469346225662,-0.896737933997407,0.44256154423425353,6,6,instant_velocity,dbscan_kmeans_fallback,False
5250,295,11.2318915054,4.61400990786,-0.03283255710000006,0.007231391930999998,-0.027650906102000015,-0.002892556772599999,-0.028486943101274222,-0.0006009664990479905,-0.9765927828582138,0.21509519189517246,5,5,instant_velocity,dbscan_kmeans_fallback,False
5250,296,11.2356798774,9.6628579708,-0.040051510359999834,-0.00047731959900012557,-0.035947440723999975,0.012453268348999983,-0.03550867181338306,0.009527041867308062,-0.9999287428144467,-0.011916793705377092,7,7,instant_velocity,dbscan_kmeans_fallback,False
5250,297,11.1399182525,7.71491668554,-0.04485011486000001,0.004152680515000018,-0.04572144041400002,0.0021145258256000153,-0.04303025845751334,0.002004974344400072,-0.9957406729035361,0.09219581495536708,7,7,instant_velocity,dbscan_kmeans_fallback,False
5250,337,10.8776787259,12.2055394769,-0.00665069746000011,0.008162165150000077,-0.0013848604220000028,0.01757490765,-0.00031152720941025674,0.015958811613120592,-0.6316748841718095,0.7752321853048769,8,8,instant_velocity,dbscan_kmeans_fallback,False
5250,371,14.3532995462,12.7592302123,0.01605848785999999,0.0008830412600000059,0.017931627340000027,0.00727435069600002,0.015378221422209399,0.005575000641686848,0.9984909005654663,0.054906082728381524,-1,-1,instant_velocity,dbscan_kmeans_fallback,False
5250,375,12.4254391421,12.0155662764,-0.007303139299999905,-0.0027684536700000708,-0.007644092781999987,-0.011751608538000013,-0.008542729103586846,-0.00912653653197313,-0.935068597765782,-0.35446319518875025,8,8,instant_velocity,dbscan_kmeans_fallback,False
5250,404,12.1057426406,11.5874105957,-0.027760347949999976,0.007207525950000004,-0.033931184972,0.010271917779999988,-0.031689638625935934,0.009274931183052504,-0.9679084223661288,0.25130178785916274,-1,-1,instant_velocity,dbscan_kmeans_fallback,False
5250,405,13.38137167,11.8031590546,-0.025255813150000073,0.02291134076999999,-0.028370696777999988,0.01845317571399999,-0.021426968740509898,0.017117384881391695,-0.7406472246544844,0.6718936687419063,-1,-1,instant_velocity,dbscan_kmeans_fallback,False
5250,434,13.5320646885,2.33791139799,-0.035673836079999965,0.05501108383400002,-0.022124092323999988,0.03721183597126,-0.01910731245134467,0.03477290792604561,-0.5440940896389351,0.8390240262244153,-1,-1,instant_velocity,dbscan_kmeans_fallback,False
5260,203,9.6054171382,4.15673773161,0.019510115661999984,-0.0052505155940000495,0.009184697383999988,-0.0024772887209999974,0.011063527738867922,-0.0029601326556356333,0.965642707393922,-0.25987145239119896,-1,-1,instant_velocity,dbscan_kmeans_fallback,False
5260,204,9.27372412543,6.26768366007,0.0483648821920001,-0.01558448492199993,0.04963609145400001,-0.010959258002999999,0.048332795647009694,-0.012239710211993346,0.9518066484271055,-0.3066980769680251,-1,-1,instant_velocity,dbscan_kmeans_fallback,False
5260,205,12.9375007538,9.60438631987,0.018626162199999997,0.01842453653800007,0.022608162076000013,0.01357019621180001,0.022325680085575304,0.01567798491818128,0.7109439770831911,0.7032481056264152,0,0,instant_velocity,dbscan_kmeans_fallback,False
5260,206,13.2963437657,9.09938218367,0.022477673709999913,0.01992809327600007,0.028400161892,0.014806453974200018,0.027429951357501793,0.015968559538425256,0.7482690094852386,0.6633949228441787,0,0,instant_velocity,dbscan_kmeans_fallback,False
5260,208,11.9001182284,2.7445876967,0.05859348652000005,-0.0057755671539999835,0.05350444016800001,-0.018252701482199995,0.05348650366042193,-0.017428317270645713,0.9951769129681529,-0.09809471039065178,1,1,instant_velocity,dbscan_kmeans_fallback,False
5260,209,11.4591938238,2.05533819513,0.056951858669999925,-0.00770871153099999,0.053525486680400004,-0.020868412886999997,0.05258956328421207,-0.0198609121063259,0.9909633368147016,-0.1341317154469917,1,1,instant_velocity,dbscan_kmeans_fallback,False
5260,264,8.57729507768,0.00190927839771,0.011344069409000035,-0.022028299513529002,0.02064241795200001,-0.0211834438226458,0.017858518600005237,-0.022027498465265496,0.4578338465728406,-0.8890373230382608,2,2,instant_velocity,dbscan_kmeans_fallback,False
5260,265,7.25809977055,0.153696911015,0.00759779045800002,-0.013269484864100001,0.012021767061800012,-0.012906721968519998,0.012035056744285701,-0.01446353298632604,0.4968891668338538,-0.8678132563519911,2,2,instant_velocity,dbscan_kmeans_fallback,False
5260,266,11.4659287073,8.79628423804,0.03384278962999989,-0.00682567027199994,0.03157818504839998,-0.003985618655200014,0.03080722196668191,-0.0024187342312136833,0.98026097330617,-0.19770646147817786,-1,-1,instant_velocity,dbscan_kmeans_fallback,False
5260,267,9.48924039769,2.29948717024,0.046386510161999975,-0.016897113819999986,0.04254762656200001,-0.027517474907000006,0.043202012475658476,-0.02405461521651307,0.939602526570641,-0.34226698196472294,-1,-1,instant_velocity,dbscan_kmeans_fallback,False
5260,268,5.87408120965,7.09058264949,0.04005151036200001,0.013197886924000013,0.042345580056599996,0.007207525951400004,0.04003674646832131,0.008258167867343996,0.9497632051321103,0.3129686564280538,3,3,instant_velocity,dbscan_kmeans_fallback,False
5260,269,5.92269864997,7.7452264801,0.032180115262,0.007732577511000027,0.0350845337746,0.007627567198800005,0.034420146041038754,0.0070360418366932215,0.9723228627414108,0.23363999291648652,3,3,instant_velocity,dbscan_kmeans_fallback,False
5260,270,3.11298943647,7.40322698711,0.022835464393999992,-0.0047731959940000126,0.021799976054999996,-0.0021813505693999958,0.02161464214681908,-0.002760607667498199,0.9788444915017427,-0.20460352918475003,-1,-1,instant_velocity,dbscan_kmeans_fallback,False
5260,271,2.95913944133,6.54405170814,0.02035197609999999,-0.01749376331900008,0.022915441136,-0.004677732074400005,0.021465578256452098,-0.006367214667956032,0.7583495015294532,-0.6518475959117281,-1,-1,instant_velocity,dbscan_kmeans_fallback,False
5260,292,11.1641217401,5.32139755421,-0.021762092330000017,0.007422319770999941,-0.024540231782,-0.0010882886867999986,-0.02398647713237169,0.0013846643112737644,-0.9464642777421376,0.3228072197610533,4,4,instant_velocity,dbscan_kmeans_fallback,False
5260,293,8.767976467,5.87103107295,-0.04630232411800002,0.023865979970999974,-0.045401533448,0.0242573820428,-0.04473820864358005,0.02311844967116832,-0.8888706722235961,0.45815777208148345,5,5,instant_velocity,dbscan_kmeans_fallback,False
5260,294,8.43481019846,5.3309439462,-0.044997440438000066,0.02026221699599997,-0.04745988222080001,0.024768114014199993,-0.04697819001894144,0.023189950522379623,-0.9118199151734009,0.41058986472740105,5,5,instant_velocity,dbscan_kmeans_fallback,False
5260,295,10.8966205858,4.70255269355,-0.0335270919600001,0.008854278569000052,-0.029242022330000027,-0.0009546391989999847,-0.02999898775889199,0.0022356070213664227,-0.9668513162572941,0.2553389032117662,4,4,instant_velocity,dbscan_kmeans_fallback,False
5260,296,10.7661322178,9.56190487552,-0.046954765960000165,-0.010095309527999951,-0.037972115078,0.005856711485000012,-0.03894250005736819,0.0036403364487156576,-0.9776587613978033,-0.21019735925166222,-1,-1,instant_velocity,dbscan_kmeans_fallback,False
5260,297,10.691627569,7.75644349069,-0.04482906834999998,0.004152680514999929,-0.045388905542000015,0.0025441134649999953,-0.043569901425259336,0.0026492861955800294,-0.9957366982451236,0.09223873118641089,-1,-1,instant_velocity,dbscan_kmeans_fallback,False
5260,337,10.8111717512,12.2871611284,-0.006650697469999934,0.0081621651499999,-0.004259813819999998,0.017298062281999975,-0.00221327828758716,0.013619817674184385,-0.6316748847426171,0.7752321848397721,6,6,instant_velocity,dbscan_kmeans_fallback,False
5260,371,14.51409489,12.7678219651,0.016079534380000027,0.0008591752799999242,0.017737999440000003,0.005427123845999979,0.015588615309546588,0.004160253033180771,0.9985748948882356,0.05335669831233591,-1,-1,instant_velocity,dbscan_kmeans_fallback,False
5260,375,12.3759798413,11.986211121,-0.004945930080000061,-0.0029355155399999333,-0.006002464926000001,-0.009164536309999995,-0.00746368939651081,-0.0072692302343811705,-0.8599395191389728,-0.5103925411522384,-1,-1,instant_velocity,dbscan_kmeans_fallback,False
5260,404,11.9053798562,11.6783399794,-0.02003627844000011,0.00909293837000007,-0.03099309204400001,0.009703907455999996,-0.028193630570155184,0.009220333339136775,-0.9106134849008061,0.4132579970821155,6,6,instant_velocity,dbscan_kmeans_fallback,False
5260,405,13.1288135384,12.0322724624,-0.025255813160000074,0.02291134077999999,-0.02542418524400002,0.02088750567199998,-0.02257562206635695,0.018855571650974182,-0.7406472246409374,0.6718936687568396,-1,-1,instant_velocity,dbscan_kmeans_fallback,False
5260,434,13.1751158626,2.88778357653,-0.03569488259,0.05498721785399998,-0.028038161903999992,0.048209279542059995,-0.02408358349294127,0.04083720090443192,-0.5444862224517455,0.8387696039331791,-1,-1,instant_velocity,dbscan_kmeans_fallback,False
5270,203,9.80051829482,4.10447123547,0.019510115661999984,-0.005226649613999967,0.012872046104599981,-0.003460567095799991,0.01359750411580754,-0.003640087743144934,0.9659385921321543,-0.2587694843628447,-1,-1,instant_velocity,dbscan_kmeans_fallback,False
5270,204,9.75589969158,6.09871252188,0.048217556614999955,-0.016897113819000074,0.04909730077339999,-0.010333969327600006,0.04829822393740678,-0.013636931294095364,0.9437301325990725,-0.3307159587590101,-1,-1,instant_velocity,dbscan_kmeans_fallback,False
5270,205,13.1239728409,9.78839302545,0.01864720871000003,0.018400670557999987,0.021286441188000004,0.015183536457799995,0.02122213867290272,0.016494790610126892,0.7117962493353307,0.7023854611234958,0,0,instant_velocity,dbscan_kmeans_fallback,False
5270,206,13.5002844569,9.31632394161,0.02039406911999997,0.021694175793999904,0.027002673563999977,0.0160665777166,0.025319186686251244,0.01768624441509765,0.6849373059561719,0.7286015476288584,0,0,instant_velocity,dbscan_kmeans_fallback,False
5270,208,12.4839484425,2.7445876967,0.05838302140999989,0.0,0.057924207470199995,-0.012987866300400004,0.054955458985295316,-0.012199822089451999,0.9999998287173557,0.0,1,1,instant_velocity,dbscan_kmeans_fallback,False
5270,209,12.0287124104,1.97801242003,0.0569518586600001,-0.007732577510000005,0.05623206798920002,-0.0163338766922,0.05389825189694848,-0.01622241172742813,0.9909080586611786,-0.13453947859058657,1,1,instant_velocity,dbscan_kmeans_fallback,False
5270,265,7.33407767512,0.0212407221745,0.007597790456999931,-0.013245618884049997,0.010527464783399996,-0.01270147454075,0.01070387685809997,-0.014098158755643228,0.49756296449651183,-0.8674271073726395,-1,-1,instant_velocity,dbscan_kmeans_fallback,False
5270,266,11.786046139,8.67981825578,0.032011743169999995,-0.011646598225999939,0.03215065014600001,-0.006133556852600002,0.031168578327677336,-0.005187093429649561,0.939736901796498,-0.34189759911689854,-1,-1,instant_velocity,dbscan_kmeans_fallback,False
5270,267,10.0932752623,2.38254078054,0.060403486461,0.008305361029999991,0.04666432410600001,-0.018696608709600007,0.048362454671260935,-0.014346622342559148,0.9906789393240879,0.13621641295848785,1,1,instant_velocity,dbscan_kmeans_fallback,False
5270,268,6.27396491794,7.22590275592,0.039988370828999996,0.013532010643000003,0.0407923475476,0.010649000263200002,0.04002223377652492,0.0098403207000408,0.9472338340041917,0.32054264921087217,2,2,instant_velocity,dbscan_kmeans_fallback,False
5270,269,6.2447102677,7.82231359541,0.03220116177300003,0.0077087115309999454,0.03416269659440001,0.008109659994400005,0.033754450760627136,0.007237842744985239,0.9725209536958472,0.23281406872034704,2,2,instant_velocity,dbscan_kmeans_fallback,False
5270,270,3.46930686707,7.28676100485,0.035631743059999985,-0.011646598226000027,0.025011673627999994,-0.0051741444578000005,0.02581977242077335,-0.005426404835048748,0.9505127255642023,-0.3106847679246398,3,3,instant_velocity,dbscan_kmeans_fallback,False
5270,271,3.16265920234,6.36911407495,0.02035197610099999,-0.01749376331899999,0.0223303481312,-0.008061928034400001,0.021131497609816467,-0.00970517926326922,0.7583495015452877,-0.6518475958933068,3,3,instant_velocity,dbscan_kmeans_fallback,False
5270,292,10.9462903516,5.39538209212,-0.02178313885000005,0.007398453791000037,-0.02404353412399999,0.0008830412590000059,-0.023325475647660195,0.0031888011551916466,-0.9468757947349318,0.32159813429104656,4,4,instant_velocity,dbscan_kmeans_fallback,False
5270,293,8.32431601591,6.09823520228,-0.04436604510900004,0.022720412932999957,-0.04540574274979999,0.023856433579399993,-0.04462655958320605,0.022999038649717814,-0.8900729688349875,0.4558176268077982,5,5,instant_velocity,dbscan_kmeans_fallback,False
5270,294,8.00672416548,5.51375735278,-0.04280860329799996,0.018281340658000023,-0.04698002177039999,0.022944753144399997,-0.045727314002658996,0.021717367563065745,-0.9196512425030275,0.39273548668980574,5,5,instant_velocity,dbscan_kmeans_fallback,False
5270,295,10.5689264101,4.78512898425,-0.03276941756999996,0.008257629069999961,-0.03048797578000002,0.0020047423173999946,-0.03083011670222438,0.004042213635956485,-0.9696860261643947,0.2443530618547963,4,4,instant_velocity,dbscan_kmeans_fallback,False
5270,296,10.2965845582,9.46095178024,-0.04695476595999999,-0.010095309527999951,-0.04006834757,-0.0004582268153999891,-0.041346179828157734,-0.00048035734429902575,-0.9776587613978033,-0.21019735925166297,-1,-1,instant_velocity,dbscan_kmeans_fallback,False
5270,297,10.305845023,7.7464197791,-0.03857825459999997,-0.0010023711589999707,-0.04389881256599999,0.0020620206695999956,-0.042072407377681524,0.0015537889892060291,-0.9996623587730863,-0.025974029347922437,-1,-1,instant_velocity,dbscan_kmeans_fallback,False
5270,337,10.7448752417,12.3687827799,-0.006629650949999899,0.008162165150000077,-0.006090860272000001,0.015636990076000005,-0.003538190086310982,0.011982521916929091,-0.63047125181145,0.7762113749913816,6,6,instant_velocity,dbscan_kmeans_fallback,False
5270,338,1.22069763583,13.4126807439,0.0,0.0,0.0,0.0,0.0,0.0,0.0,0.0,-1,-1,instant_velocity,dbscan_kmeans_fallback,False
5270,371,14.6746797686,12.7766523777,0.01605848785999999,0.0008830412600000059,0.017009790160000017,0.0034462475079999775,0.01572957707468261,0.0031770895012265413,0.9984909005654663,0.054906082728381524,-1,-1,instant_velocity,dbscan_kmeans_fallback,False
5270,375,12.3420949587,11.9554240068,-0.003388488259999889,-0.0030787114200000686,-0.005674139353999976,-0.005689649626000026,-0.006241129055557534,-0.00601207459006684,-0.7401267765845554,-0.6724641151091917,7,7,instant_velocity,dbscan_kmeans_fallback,False
5270,404,11.7248007921,11.8136600858,-0.01805790640999998,0.013532010640000003,-0.027229975883999984,0.009813690964000017,-0.025152913322108623,0.010513836529395743,-0.8002424812462319,0.5996758165059083,6,6,instant_velocity,dbscan_kmeans_fallback,False
5270,405,12.8669949421,12.2215296835,-0.02618185962999995,0.018925722110000008,-0.023462650419999988,0.022047392298000013,-0.02365749333544985,0.01887661678868193,-0.8104349981045922,0.5858280419764791,6,6,instant_velocity,dbscan_kmeans_fallback,False
5270,406,14.6807832568,10.6859925322,0.0,0.0,0.0,0.0,0.0,0.0,0.0,0.0,7,7,instant_velocity,dbscan_kmeans_fallback,False
5270,434,12.8499472682,3.31092740142,-0.03251685944000009,0.04231438248899999,-0.03285781291400003,0.05539771270939999,-0.026613566277058916,0.04128035537980235,-0.6093260135637976,0.7929195636500884,-1,-1,instant_velocity,dbscan_kmeans_fallback,False
5280,203,9.99014735859,4.06079649212,0.01896290637700009,-0.004367474335000043,0.01644995296820003,-0.004272010415,0.015207124794165305,-0.0038583037207014664,0.9744872218683153,-0.2244406973636423,-1,-1,instant_velocity,dbscan_kmeans_fallback,False
5280,204,10.2022961891,5.90086354792,0.044639649752000035,-0.019784897395999933,0.04799446359900001,-0.011923443593599998,0.04720065168178476,-0.015481321124666735,0.9142285242346817,-0.4051984647946124,-1,-1,instant_velocity,dbscan_kmeans_fallback,False
5280,205,13.300763533,9.98337808181,0.01767906920999991,0.01949850563600002,0.01977109239800001,0.017011670523600024,0.02015921783403188,0.01739590511788883,0.671697480073118,0.7408250369586493,0,0,instant_velocity,dbscan_kmeans_fallback,False
5280,206,13.7044356133,9.53326569955,0.020415115640000002,0.02169417579400008,0.024944324794000005,0.017823113842600016,0.023847965372375872,0.01888862382876838,0.6853122724548002,0.7282488708165904,0,0,instant_velocity,dbscan_kmeans_fallback,False
5280,208,13.0677786566,2.7445876967,0.05838302141000007,0.0,0.058698719074000004,-0.008854278569399998,0.05598372771270674,-0.008539875462616399,0.9999998287173557,0.0,1,1,instant_velocity,dbscan_kmeans_fallback,False
5280,209,12.5982309971,1.90092530472,0.056951858669999925,-0.00770871153099999,0.056488835424,-0.013255165276,0.054814333928863916,-0.013668301668499689,0.9909633368147016,-0.1341317154469917,1,1,instant_velocity,dbscan_kmeans_fallback,False
5280,265,7.4100555797,-0.111454126466,0.00759779045800002,-0.013269484864050001,0.009134185757799998,-0.012968773516419998,0.009772050938069985,-0.01384955658816526,0.4968891668352638,-0.8678132563511838,-1,-1,instant_velocity,dbscan_kmeans_fallback,False
5280,266,12.1017438035,8.55141928353,0.03156976645,-0.01283989722500003,0.032638929202,-0.008515381653799992,0.03128893476437414,-0.007482934568254702,0.9263160366556025,-0.37674661696863126,-1,-1,instant_velocity,dbscan_kmeans_fallback,False
5280,267,10.6970996618,2.46535573104,0.06038243994999988,0.008281495049999999,0.050772603045599995,-0.009880515708200007,0.051968450254882614,-0.007558187124791404,0.990725316924445,0.13587868948014392,1,1,instant_velocity,dbscan_kmeans_fallback,False
5280,268,6.67384862623,7.36098420256,0.039988370828999996,0.013508144664000011,0.04024092896039999,0.012138237413400007,0.04001207489226744,0.010940667889228563,0.9474053800424144,0.32003526684772615,2,2,instant_velocity,dbscan_kmeans_fallback,False
5280,269,6.56651142032,7.89963937052,0.032180115262,0.007732577511000027,0.0334008128976,0.007961690918599995,0.033282150111038994,0.0073862631747896755,0.9723228627414108,0.23363999291648652,2,2,instant_velocity,dbscan_kmeans_fallback,False
5280,270,3.83972546001,7.162657909,0.037041859294000015,-0.012410309584999979,0.0282444177118,-0.007675299158800009,0.02918639848274135,-0.007521576260034118,0.9481979638866943,-0.3176792554148754,-1,-1,instant_velocity,dbscan_kmeans_fallback,False
5280,271,3.36112780072,6.15837747181,0.019846859837999987,-0.021073660313999997,0.0215221621104,-0.012147783805400002,0.020746106278271524,-0.013115723578488454,0.6855993852854245,-0.7279785656232161,-1,-1,instant_velocity,dbscan_kmeans_fallback,False
5280,272,0.445554637077,8.01491205378,0.0,0.0,0.0,0.0,0.0,0.0,0.0,0.0,-1,-1,instant_velocity,dbscan_kmeans_fallback,False
5280,292,10.6495345471,5.42354394849,-0.029675580450000006,0.002816185636999968,-0.024679138754000008,0.00268253614879999,-0.02523050708836214,0.003077016499734143,-0.9955269351515011,0.0944746021310008,3,3,instant_velocity,dbscan_kmeans_fallback,False
5280,293,7.88886370409,6.32042747581,-0.043545231181999974,0.022219227353000016,-0.045245789268200005,0.023360021196,-0.04430216106284423,0.022765095260702473,-0.8907428669353266,0.4545071351390644,4,4,instant_velocity,dbscan_kmeans_fallback,False
5280,294,7.57884859762,5.69680941916,-0.04278755678599992,0.018305206638000015,-0.04619709156279999,0.02127890774240001,-0.044845386837661275,0.020693719285546027,-0.9193960751678351,0.3933324639751363,4,4,instant_velocity,dbscan_kmeans_fallback,False
5280,295,10.2706973497,4.84479393418,-0.029822906039999885,0.005966494993000016,-0.031119371109999995,0.004630000114400001,-0.030527953503557033,0.004619498043069544,-0.9805682505123372,0.19617657478213574,3,3,instant_velocity,dbscan_kmeans_fallback,False
5280,296,9.87081364144,9.43446054247,-0.04257709167599995,-0.0026491237770001064,-0.04194569634920001,-0.002825732028600001,-0.0417154533825104,-0.00113098727410935,-0.9980697371849326,-0.06209936300959796,5,5,instant_velocity,dbscan_kmeans_fallback,False
5280,297,9.91985201198,7.73663472731,-0.03859930110200001,-0.0009785051789999778,-0.04246764982040002,0.0016562990100000086,-0.04103047549497707,0.0007941007387442269,-0.9996785761615381,-0.02534218589928573,5,5,instant_velocity,dbscan_kmeans_fallback,False
5280,337,10.6783682671,12.4504044315,-0.00665069746000011,0.008162165160000078,-0.006368674216000017,0.011899577614000022,-0.004471942298417721,0.010836414889850387,-0.6316748837067032,0.7752321856838559,-1,-1,instant_velocity,dbscan_kmeans_fallback,False
5280,338,1.53639530027,13.1740209442,0.031569766444,-0.023865979969999885,0.031569766444,-0.023865979969999885,0.009470929933200003,-0.007159793990999966,0.7977058474744705,-0.6030463295174543,-1,-1,instant_velocity,dbscan_kmeans_fallback,False
5280,339,2.08718249216,13.5231802312,0.0,0.0,0.0,0.0,0.0,0.0,0.0,0.0,-1,-1,instant_velocity,dbscan_kmeans_fallback,False
5280,371,14.8354751124,12.7852441304,0.01607953437999985,0.0008591752700001009,0.016289999485999972,0.0014605979739999954,0.01583456426627778,0.002481715231858609,0.9985748949213235,0.053356697693093175,-1,-1,instant_velocity,dbscan_kmeans_fallback,False
5280,375,12.308210076,11.9246368927,-0.0033884882700000673,-0.0030787114099998904,-0.005261627739999994,-0.0029211959479999907,-0.005385336819890294,-0.005132065636046755,-0.7401267786594465,-0.6724641128255274,-1,-1,instant_velocity,dbscan_kmeans_fallback,False
5280,404,11.5909449824,12.0523198855,-0.01338558097,0.023865979969999885,-0.02242295278,0.011932989985999995,-0.02162271361647604,0.014519479561576985,-0.48917708345768757,0.8721840689432648,6,6,instant_velocity,dbscan_kmeans_fallback,False
5280,405,12.5992833226,12.3842956669,-0.02677116195,0.016276598339999993,-0.024805417819999995,0.020753856181999986,-0.024591593919814893,0.01809661125407735,-0.8544659710713699,0.5195067525384994,6,6,instant_velocity,dbscan_kmeans_fallback,False
5280,406,14.4090728003,10.864987382,-0.027171045649999927,0.017899484980000047,-0.027171045649999927,0.017899484980000047,-0.00815131369499998,0.005369845494000015,-0.8350808480748031,0.5501266785881198,6,6,instant_velocity,dbscan_kmeans_fallback,False
5280,434,12.5245682087,3.73383256652,-0.032537905949999946,0.04229051651,-0.033518673360000015,0.05113047549059999,-0.028390868178941223,0.04158340371886164,-0.6097899934685461,0.7925627981727689,-1,-1,instant_velocity,dbscan_kmeans_fallback,False
5290,203,10.1303171216,4.09755010128,0.01401697630099985,0.00367536091600007,0.018302045932999996,-0.0032791856479999913,0.01485008024621567,-0.001598204329691005,0.9672996664499727,0.2536335449091498,-1,-1,instant_velocity,dbscan_kmeans_fallback,False
5290,204,10.6127031529,5.67413673819,0.041040696379999984,-0.02267268097300006,0.0463275799314,-0.015722907605000013,0.04535266509124933,-0.01763872907916673,0.8753108978674671,-0.48356013640184065,-1,-1,instant_velocity,dbscan_kmeans_fallback,False
5290,205,13.4676623649,10.1891028292,0.01668988319000011,0.02057247473899988,0.018057906406000013,0.01905937160579999,0.019118417440822346,0.018348876004222147,0.6300180243774675,0.7765800242020733,0,0,instant_velocity,dbscan_kmeans_fallback,False
5290,206,13.8540763062,9.73039869412,0.014964069290000026,0.019713299456999955,0.02179155744999999,0.019188247897000004,0.021182796547663117,0.019136026517237854,0.6046209316742231,0.796512850420265,0,0,instant_velocity,dbscan_kmeans_fallback,False
5290,208,13.6339298015,2.68253614878,0.0566151144900001,-0.006205154791999989,0.058206230718,-0.006243340360399996,0.056173143745894744,-0.007839459261431475,0.9940470560741586,-0.10894998462930841,1,1,instant_velocity,dbscan_kmeans_fallback,False
5290,209,13.1456507472,1.95223716166,0.05474197500999996,0.005131185693999995,0.05630362612599999,-0.007608474414799997,0.054792626253204725,-0.008028455459749782,0.9956355229116237,0.09332492572051124,1,1,instant_velocity,dbscan_kmeans_fallback,False
5290,266,12.4279647234,8.42779350728,0.03262209199000008,-0.012362577624999992,0.032773626872,-0.010100082723799985,0.031688881932061916,-0.008946827485278289,0.9351048085374458,-0.35437046117700255,-1,-1,instant_velocity,dbscan_kmeans_fallback,False
5290,267,11.3554345247,2.57752583691,0.06583348629000003,0.011217010587000021,0.055571207544799994,-0.0017660825178000027,0.05612796106541784,-0.001925627811253975,0.9857929915092154,0.16796391996680457,1,1,instant_velocity,dbscan_kmeans_fallback,False
5290,268,7.06994396254,7.48628059741,0.03960953363100002,0.012529639485000032,0.04004309175739999,0.012596464228800014,0.039891312513887216,0.011417359367960005,0.95343464054375,0.3015989137820651,2,2,instant_velocity,dbscan_kmeans_fallback,False
5290,269,6.90641257236,8.04641514734,0.03399011520399995,0.014677577681999931,0.03300513849139999,0.009202721876999984,0.033494539638927276,0.009573657526952752,0.9180618309640932,0.39643654515383464,2,2,instant_velocity,dbscan_kmeans_fallback,False
5290,270,4.15268707802,6.94500017166,0.031296161800999964,-0.02176577373399997,0.029932347890999987,-0.0110738147068,0.029819327478218933,-0.011794835502223874,0.8209722387517816,-0.5709676510553998,-1,-1,instant_velocity,dbscan_kmeans_fallback,False
5290,271,3.54044407412,5.80468364863,0.01793162734,-0.03536938231799995,0.020330929589799995,-0.019092783976999997,0.019901762596790065,-0.019791821200341904,0.45218820794152853,-0.8919222613275202,-1,-1,instant_velocity,dbscan_kmeans_fallback,False
5290,272,0.747151139171,8.00703628039,0.030159650209399997,-0.0007875773389999452,0.030159650209399997,-0.0007875773389999452,0.009047895062820001,-0.0002362732016999836,0.9996588826292019,-0.026104702051331523,-1,-1,instant_velocity,dbscan_kmeans_fallback,False
5290,292,10.3188938598,5.43213570128,-0.033064068730000076,0.0008591752790000129,-0.02599244104,0.0040906289672000004,-0.02758057558085352,0.002411664133513904,-0.9996622542420707,0.025976388544550755,3,3,instant_velocity,dbscan_kmeans_fallback,False
5290,293,7.45341139228,6.54261974934,-0.043545231181000066,0.022219227353000016,-0.044812231141400004,0.022978165516400004,-0.04407508209829098,0.022601334888391736,-0.8907428669311013,0.454507135147345,4,4,instant_velocity,dbscan_kmeans_fallback,False
5290,294,7.17686023823,5.93069602288,-0.04019883593900007,0.023388660372000027,-0.04419767302140001,0.021002062374800002,-0.04345142156806291,0.021502201611482228,-0.8643458457970407,0.5028974336961597,4,4,instant_velocity,dbscan_kmeans_fallback,False
5290,295,9.97246828939,4.90445888411,-0.02982290603100015,0.005966494993000016,-0.03175497574020003,0.007255257911200008,-0.03031643926178997,0.005023597128048686,-0.980568250500949,0.19617657483905807,3,3,instant_velocity,dbscan_kmeans_fallback,False
5290,296,9.44988342219,9.41608373789,-0.042093021924999974,-0.0018376804579999018,-0.04372623117619998,-0.005030948578000008,-0.04182872394525727,-0.0013429952292765156,-0.9990481298484994,-0.043616047051578774,5,5,instant_velocity,dbscan_kmeans_fallback,False
5290,297,9.555115977,7.67124194219,-0.036473603497999996,-0.006539278512000024,-0.040666068481999995,-4.295876400000509e-05,-0.039663413895883945,-0.0014059130364790485,-0.9843050181285201,-0.17647405347965067,5,5,instant_velocity,dbscan_kmeans_fallback,False
5290,338,1.8520929647,12.9353611445,0.031569766443000004,-0.023865979970000062,0.031569766443000004,-0.023865979970000062,0.016100580886140005,-0.012171649784699996,0.7977058474652794,-0.6030463295296125,6,6,instant_velocity,dbscan_kmeans_fallback,False
5290,339,2.30985457814,13.335116309,0.022267208597999976,-0.018806392219999957,0.022267208597999976,-0.018806392219999957,0.006680162579399994,-0.005641917665999988,0.7639793937813947,-0.6452401101025839,6,6,instant_velocity,dbscan_kmeans_fallback,False
5290,371,14.9962704561,12.7938358832,0.016079534370000027,0.0008591752799999242,0.016071115769999977,0.0008687216699999923,0.015908055297394454,0.0019949532463010033,0.9985748948864672,0.053356698345424405,-1,-1,instant_velocity,dbscan_kmeans_fallback,False
5290,375,12.2741147283,11.8936111187,-0.0034095347699999224,-0.003102577399999973,-0.004487116135999969,-0.002992793887999987,-0.004792596204923182,-0.00452321916523272,-0.7396144305137182,-0.6730276039466125,-1,-1,instant_velocity,dbscan_kmeans_fallback,False
5290,404,11.4661391724,12.2842972109,-0.01248058099999998,0.02319773254000008,-0.01834413895400001,0.015379237494000008,-0.01888007383153322,0.017122955455103915,-0.4737904356334202,0.8806371919571873,-1,-1,instant_velocity,dbscan_kmeans_fallback,False
5290,405,12.3452519353,12.5091147422,-0.02540313872999995,0.012481907529999958,-0.02577355732400001,0.018701381905999986,-0.024835057362870408,0.016412200136854134,-0.8975096451944506,0.4409940250954266,7,7,instant_velocity,dbscan_kmeans_fallback,False
5290,406,14.1375728089,11.0325265614,-0.027149999140000068,0.016753917939999852,-0.027149999140000068,0.016753917939999852,-0.013850919328500008,0.008785067227799967,-0.8510106602546428,0.5251478165597961,7,7,instant_velocity,dbscan_kmeans_fallback,False
5290,434,12.2069763583,4.15268051501,-0.03175918503999995,0.041884794849000026,-0.03363653381999999,0.0472975991072,-0.02940136323725884,0.041673821057903154,-0.6041993435820463,0.7968329641318318,-1,-1,instant_velocity,dbscan_kmeans_fallback,False
5300,203,10.2706973497,4.13430371044,0.014038022810000151,0.003675360915999981,0.017207627362400012,-0.0014987835422000018,0.014606463015351014,-1.6134755983708907e-05,0.9673929039493002,0.2532776957064186,-1,-1,instant_velocity,dbscan_kmeans_fallback,False
5300,204,11.0670973245,5.51041611558,0.045439417160000065,-0.016372062260999964,0.04554044041980003,-0.018262247874199992,0.04537869071187455,-0.017258729033716703,0.9407956487897197,-0.338973646660725,-1,-1,instant_velocity,dbscan_kmeans_fallback,False
5300,205,13.6345611969,10.3948275765,0.016689883199999932,0.020572474730000144,0.017666441301999996,0.01949373244020002,0.01838985716857562,0.019015955621955544,0.6300180247713305,0.776580023882543,0,0,instant_velocity,dbscan_kmeans_fallback,False
5300,206,13.9489960707,9.9074842655,0.009491976450000017,0.017708557138000104,0.017548580841999985,0.020147660291800023,0.017675550518364187,0.01870778570346653,0.4724241719557807,0.8813707541859012,0,0,instant_velocity,dbscan_kmeans_fallback,False
5300,208,14.1880844352,2.5791964555,0.05541546336999996,-0.010333969328000014,0.05747802144000001,-0.004462938254799998,0.055945839633126306,-0.008587812281402037,0.9830528593443321,-0.1833213597518466,-1,-1,instant_velocity,dbscan_kmeans_fallback,False
5300,209,13.6875984045,2.03576809156,0.05419476572999997,0.00835309299,0.055958463347999976,-0.0019331443775999978,0.0546132680962433,-0.0031139909248248466,0.9883291707416529,0.1523321552687265,1,1,instant_velocity,dbscan_kmeans_fallback,False
5300,266,12.7962786652,8.32326051501,0.03683139417999985,-0.010453299227000024,0.03337555708399997,-0.010825608514999984,0.033231635606443294,-0.00939876900779481,0.9620048686592324,-0.27303133573440674,-1,-1,instant_velocity,dbscan_kmeans_fallback,False
5300,267,12.0272391547,2.69685573676,0.06718046300000005,0.011932989984999986,0.06003727717259998,0.004567948566400002,0.0594437116457925,0.002231957527622214,0.9845881232776614,0.17488834833457842,1,1,instant_velocity,dbscan_kmeans_fallback,False
5300,268,7.46561836864,7.61038369326,0.03956744061000004,0.012410309584999979,0.03984104525220001,0.013035598260200008,0.03979415094272106,0.011715244433071998,0.954166953177364,0.2992740268804375,2,2,instant_velocity,dbscan_kmeans_fallback,False
5300,269,7.24652418952,8.19342958396,0.03401116171599998,0.014701443662000102,0.03291253384339999,0.010510577579400007,0.03364952626204909,0.011111993367466957,0.9179166138318621,0.3967726682595105,2,2,instant_velocity,dbscan_kmeans_fallback,False
5300,270,4.37935800109,6.58701047209,0.022667092307000036,-0.03579896995700001,0.029894464171199998,-0.0172789694992,0.027673656926853266,-0.018996075838656715,0.5349578148190898,-0.8448784908797846,3,3,instant_velocity,dbscan_kmeans_fallback,False
5300,271,3.71976034752,5.45122848525,0.01793162734,-0.03534551633800005,0.019282813343799995,-0.025355217121600014,0.019310722019753045,-0.02445792974163935,0.45243105248020915,-0.8917991018910943,3,3,instant_velocity,dbscan_kmeans_fallback,False
5300,272,1.04874764126,7.999160507,0.03015965020890001,-0.000787577339000034,0.03015965020890001,-0.000787577339000034,0.015381421606644005,-0.00040166444288999875,0.9996588826291904,-0.02610470205176693,-1,-1,instant_velocity,dbscan_kmeans_fallback,False
5300,292,9.9880427075,5.44048879427,-0.03308511522999993,0.00083530929900002,-0.027873999118000016,0.003866288755399996,-0.029231937475597443,0.0019387576831597386,-0.9996811375540382,0.02523923354743619,-1,-1,instant_velocity,dbscan_kmeans_fallback,False
5300,293,7.01795908046,6.76481202288,-0.043545231181999974,0.022219227354000014,-0.044260812554400016,0.022648814992799995,-0.04391612682340368,0.022486702628074222,-0.8907428669270451,0.45450713515529423,4,4,instant_velocity,dbscan_kmeans_fallback,False
5300,294,6.78602652966,6.18630066837,-0.03908337085699998,0.025560464549000007,-0.0419751614636,0.02115957784260001,-0.042141006354744034,0.02271968049273756,-0.8369110443420937,0.5473385383733169,4,4,instant_velocity,dbscan_kmeans_fallback,False
5300,295,9.66729388043,5.11519548726,-0.030517440895999927,0.021073660315,-0.031291952499400005,0.010023711588000007,-0.030376739752052954,0.00983861608413408,-0.8228702783241602,0.5682287970281877,-1,-1,instant_velocity,dbscan_kmeans_fallback,False
5300,296,9.01485204059,9.40319610871,-0.043503138159999996,-0.0012887629179999748,-0.044416556736200014,-0.0051932372417999775,-0.04233104820968009,-0.0013267255358935534,-0.9995612505899372,-0.029611598806783452,-1,-1,instant_velocity,dbscan_kmeans_fallback,False
5300,297,9.20427063925,7.56885688811,-0.035084533775,-0.010238505407999999,-0.03871295226499999,-0.002921195948600008,-0.03828974985961876,-0.004055690747935334,-0.9599591557319352,-0.28013902280850617,-1,-1,instant_velocity,dbscan_kmeans_fallback,False
5300,338,2.16779062914,12.6967013448,0.03156976644400002,-0.023865979970000062,0.03156976644400002,-0.023865979970000062,0.02074133655349801,-0.015679948840290017,0.7977058474744686,-0.603046329517457,5,5,instant_velocity,dbscan_kmeans_fallback,False
5300,339,2.53252666412,13.1470523868,0.02226720859800002,-0.018806392219999957,0.02226720859800002,-0.018806392219999957,0.011356276384980003,-0.00959126003219998,0.7639793937813953,-0.6452401101025831,5,5,instant_velocity,dbscan_kmeans_fallback,False
5300,375,12.2402298456,11.8628240046,-0.0033884882700000673,-0.003078711410000068,-0.003704185930000001,-0.0030548454359999866,-0.004371363824446248,-0.004089866838662924,-0.7401267786594272,-0.6724641128255486,-1,-1,instant_velocity,dbscan_kmeans_fallback,False
5300,404,11.4240461505,12.4561322666,-0.004209302189999953,0.017183505569999903,-0.013633929802000004,0.017374433417999987,-0.01447884233907324,0.01714112048957271,-0.237927079363912,0.9712824380289115,-1,-1,instant_velocity,dbscan_kmeans_fallback,False
5300,405,12.1122670589,12.5773714449,-0.023298487639999976,0.006825670270000117,-0.02538209222199999,0.015484247806000013,-0.024374086446009278,0.013536241176797928,-0.9596636822786678,0.2811490585372754,6,6,instant_velocity,dbscan_kmeans_fallback,False
5300,406,13.8704925848,11.0967260475,-0.026708022410000077,0.006419948610000148,-0.026708022410000077,0.006419948610000148,-0.01770805025295003,0.008075531642460021,-0.972304081510001,0.23371787475550435,6,6,instant_velocity,dbscan_kmeans_fallback,False
5300,434,11.8912786938,4.57033516451,-0.03156976645,0.04176546495000002,-0.032815719894,0.044648475330400006,-0.030051884201081187,0.041701314225532214,-0.6029987811555855,0.7977418679714793,-1,-1,instant_velocity,dbscan_kmeans_fallback,False
5310,203,10.4110775778,4.17105731959,0.014038022809999972,0.003675360914999981,0.016113208792000008,0.0002863917596000043,0.014435930953745704,0.0010913139453113982,0.9673929039661842,0.25327769564193,-1,-1,instant_velocity,dbscan_kmeans_fallback,False
5310,204,11.5656891693,5.4099403399,0.04985918448,-0.010047577567999965,0.045839300877400006,-0.0171548664034,0.04672283884231218,-0.015095383594001682,0.98029306148738,-0.19754776732494622,-1,-1,instant_velocity,dbscan_kmeans_fallback,False
5310,205,13.7509484025,10.5683332509,0.01163872056000006,0.017350567439999943,0.01626895297400001,0.019278938620599994,0.01636451618600295,0.01851633916736886,0.557072744950867,0.8304631235390582,0,0,instant_velocity,dbscan_kmeans_fallback,False
5310,206,14.0441263002,10.0845698369,0.00951302295000005,0.017708557139999925,0.014955650690000013,0.019703753064599993,0.015226792247854946,0.01840801713442655,0.47323728441794316,0.8809344344001081,0,0,instant_velocity,dbscan_kmeans_fallback,False
5310,208,14.7424495339,2.47561810243,0.05543650987,-0.010357835307000008,0.05684662611,-0.005379391885400002,0.05579304070418842,-0.009118819189081428,0.9829890773538607,-0.1836630587980264,-1,-1,instant_velocity,dbscan_kmeans_fallback,False
5310,209,14.2295460618,2.11929902146,0.05419476573000015,0.008353092989999977,0.05540704476000002,0.0012792165265999955,0.05448771738637036,0.0003261342496226013,0.988329170741653,0.15233215526872562,1,1,instant_velocity,dbscan_kmeans_fallback,False
5310,266,13.1645926071,8.21896618253,0.03683139419000003,-0.01042943324800003,0.033973277995999994,-0.011546361110200003,0.03431156318151032,-0.009707968279856375,0.962168453480958,-0.272454298285445,-1,-1,instant_velocity,dbscan_kmeans_fallback,False
5310,267,12.6971495986,2.8309825442,0.06699104438999992,0.013412680743999993,0.06415818401819998,0.010629907479199998,0.06170791146905473,0.005586174492535548,0.9805397758302699,0.1963197781100416,1,1,instant_velocity,dbscan_kmeans_fallback,False
5310,268,7.8278288223,7.7485677173,0.036221045365999946,0.013818402404000008,0.039074952253,0.013159701356200006,0.038722219269704726,0.0123461918243504,0.9343165425927941,0.35644365941962414,2,2,instant_velocity,dbscan_kmeans_fallback,False
5310,269,7.55822301687,8.33519350499,0.031169882735000078,0.01417639210299999,0.032710487338000006,0.0117993404978,0.03290563320393439,0.012031312988126867,0.9102752787184396,0.4140028174790042,2,2,instant_velocity,dbscan_kmeans_fallback,False
5310,270,4.60602892415,6.22902077252,0.022667092306000038,-0.03579896995700001,0.029860789753600007,-0.023484124291799996,0.0261716875405973,-0.024036944074159704,0.5349578148022431,-0.8448784908904514,3,3,instant_velocity,dbscan_kmeans_fallback,False
5310,271,3.90033941158,5.10612641487,0.018057906406000024,-0.03451020703799994,0.018823999405,-0.028758505865399984,0.01893487733562714,-0.027473612930547526,0.46362669112818466,-0.8860303481172268,3,3,instant_velocity,dbscan_kmeans_fallback,False
5310,272,1.27520809922,7.97648782602,0.02264604579599998,-0.0022672680980000415,0.02264604579599998,-0.0022672680980000415,0.017560808863450798,-0.0009613455394230116,0.9950251591291387,-0.09961954596061935,-1,-1,instant_velocity,dbscan_kmeans_fallback,False
5310,292,9.84029620054,5.52616766236,-0.01477465069600008,0.008567886808999958,-0.026476510791200027,0.0040954021629999995,-0.024894751441718235,0.0039274964209118045,-0.8650665253631351,0.5016559933679391,4,4,instant_velocity,dbscan_kmeans_fallback,False
5310,293,6.58250676865,6.98700429641,-0.043545231180999976,0.022219227353000016,-0.04370939396700001,0.022319464469200002,-0.043804858130682564,0.02240646004555196,-0.8907428669311009,0.45450713514734575,5,5,instant_velocity,dbscan_kmeans_fallback,False
5310,294,6.39519282108,6.44214397367,-0.039083370857999976,0.025584330529999998,-0.04079234754759998,0.022224000549400012,-0.041223715705720816,0.023579075503916292,-0.836676933013529,0.5476963406973694,5,5,instant_velocity,dbscan_kmeans_fallback,False
5310,295,9.3604357506,5.36387899856,-0.030685812982999928,0.024868351129999945,-0.03072369670399997,0.013226526100199986,-0.030469461721337045,0.01434753659789384,-0.7769046258791229,0.6296178967650887,-1,-1,instant_velocity,dbscan_kmeans_fallback,False
5310,296,8.547198567,9.40319610871,-0.046765347358999954,0.0,-0.04437867301599997,-0.003174175336199987,-0.04366133795447605,-0.0009287078751254873,-0.9999997861665009,0.0,-1,-1,instant_velocity,dbscan_kmeans_fallback,False
5310,297,8.83511483697,7.40465894591,-0.03691558022799999,-0.01641979422000004,-0.03713025464059999,-0.007035690895600002,-0.03787749897013313,-0.007764921789554747,-0.9136930642768739,-0.40640434209640897,-1,-1,instant_velocity,dbscan_kmeans_fallback,False
5310,338,2.48348829358,12.458041545,0.03156976644399996,-0.023865979979999886,0.03156976644399996,-0.023865979979999886,0.023989865520648593,-0.018135758182202977,0.7977058473529173,-0.6030463296782441,6,6,instant_velocity,dbscan_kmeans_fallback,False
5310,339,2.754988285,12.9587498048,0.02224616208799999,-0.01883025820000004,0.02224616208799999,-0.01883025820000004,0.014623242095885999,-0.012362959482539997,0.7632746441097777,-0.6460736269584741,6,6,instant_velocity,dbscan_kmeans_fallback,False
5310,375,12.206344963,11.8320368904,-0.0033884882600000664,-0.0030787114200000686,-0.0033926975660000026,-0.0030834846120000137,-0.004076501155112393,-0.003786520213064067,-0.7401267765845728,-0.6724641151091723,-1,-1,instant_velocity,dbscan_kmeans_fallback,False
5310,404,11.3819531285,12.6279673224,-0.004209302200000131,0.01718350558000008,-0.010468534554000009,0.01899254685999999,-0.011397980297351307,0.017153836016700924,-0.2379270797665382,0.9712824379302837,-1,-1,instant_velocity,dbscan_kmeans_fallback,False
5310,405,11.8792821826,12.6456281476,-0.023298487629999975,0.00682567026999994,-0.02499062711599997,0.012267113704000004,-0.024051406801206487,0.01152306990475853,-0.9596636822461111,0.2811490586484028,7,7,instant_velocity,dbscan_kmeans_fallback,False
5310,406,13.6034123606,11.1609255336,-0.0267080224199999,0.006419948609999971,-0.0267080224199999,0.006419948609999971,-0.020408041903064993,0.0075788567327220065,-0.9723040815298881,0.23371787467277133,7,7,instant_velocity,dbscan_kmeans_fallback,False
5310,434,11.7064903276,4.7493300143,-0.018478836620000116,0.017899484978999958,-0.02937251070000002,0.037230928755399996,-0.026579969926756864,0.03456076545157254,-0.718276617555376,0.6957570863949372,4,4,instant_velocity,dbscan_kmeans_fallback,False
5320,203,10.5670322241,4.20327639255,0.015595464629999967,0.003221907296000026,0.015330278585600005,0.001976103141600003,0.014783791056621982,0.0017304919505179866,0.9793188245363015,0.20232000397180125,-1,-1,instant_velocity,dbscan_kmeans_fallback,False
5320,204,12.0943775246,5.28273466666,0.05286883552999999,-0.012720567324000065,0.046769556660400016,-0.016319557104399997,0.04856663784861853,-0.014382938713001198,0.9722532257228719,-0.23393011194215016,-1,-1,instant_velocity,dbscan_kmeans_fallback,False
5320,205,13.8338716557,10.7201208835,0.008292325319999882,0.01517876325999996,0.014197976295999979,0.01863455716099999,0.01394285892620203,0.017515066395158194,0.47943101247110126,0.8775789126663253,0,0,instant_velocity,dbscan_kmeans_fallback,False
5320,206,14.137783274,10.2571208721,0.009365697379999992,0.01725510351999997,0.012749976342000018,0.018815938609800006,0.01346846378749846,0.018062143050098574,0.4770381617509342,0.8788820020579041,0,0,instant_velocity,dbscan_kmeans_fallback,False
5320,209,14.7714937191,2.20282995136,0.05419476572999997,0.008353092990000022,0.05485562617399999,0.004496350626600001,0.05439983188945924,0.002734221871735828,0.9883291707416529,0.15233215526872693,-1,-1,instant_velocity,dbscan_kmeans_fallback,False
5320,266,13.5329065489,8.11443319026,0.03683139418000003,-0.010453299227000024,0.034937208198,-0.01130770131040002,0.03506751248105723,-0.009931567563999471,0.962004868659233,-0.2730313357344055,-1,-1,instant_velocity,dbscan_kmeans_fallback,False
5320,267,13.358430973,3.02405832217,0.06612813744000015,0.01930757779700003,0.06530311421400001,0.012830350832600005,0.06303397926033835,0.009702595483874893,0.9599209867132794,0.2802702427050187,-1,-1,instant_velocity,dbscan_kmeans_fallback,False
5320,268,8.13952764966,7.90751514391,0.031169882735999986,0.015894742661000015,0.0373112546344,0.01363224775980001,0.0364565183095933,0.013410757075345284,0.8908571504719217,0.4542829138753475,1,1,instant_velocity,dbscan_kmeans_fallback,False
5320,269,7.82803928741,8.46955897223,0.02698162705399998,0.01343654672400003,0.0316665803942,0.012944907536400017,0.031128431358954062,0.012452883108888816,0.8951458795523647,0.4457725774405577,1,1,instant_velocity,dbscan_kmeans_fallback,False
5320,270,4.80554984808,5.87890684634,0.019952092392999977,-0.035011392618000056,0.026724859620200006,-0.028157083170200003,0.024305808996318103,-0.027329278637311813,0.4951204803879602,-0.8688240406383372,2,2,instant_velocity,dbscan_kmeans_fallback,False
5320,271,4.08197080119,4.76985475707,0.01816313896099997,-0.03362716578000002,0.018386231976999998,-0.03198518635759999,0.01870335582323899,-0.029319678785383274,0.47523932915444816,-0.8798562704919589,2,2,instant_velocity,dbscan_kmeans_fallback,False
5320,272,1.42653251304,7.93925689727,0.015132441382000006,-0.003723092874999967,0.015132441382000006,-0.003723092874999967,0.01683229861901556,-0.0017898697400960985,0.9710412922352925,-0.2389090316088942,-1,-1,instant_velocity,dbscan_kmeans_fallback,False
5320,292,9.712543879,5.61996096365,-0.012775232153999916,0.009379330128999986,-0.024674929452,0.004491577430599989,-0.02125889565540274,0.005563046533338259,-0.8060785981256853,0.591807427888904,3,3,instant_velocity,dbscan_kmeans_fallback,False
5320,293,6.14705445683,7.20919656994,-0.043545231181999974,0.022219227352999926,-0.043545231181599996,0.022219227353199998,-0.043726970046077784,0.022350290237786348,-0.8907428669353272,0.4545071351390628,4,4,instant_velocity,dbscan_kmeans_fallback,False
5320,294,6.02456376303,6.64405016422,-0.037062905805000046,0.02019061905499999,-0.039643208049,0.022605856228800007,-0.039975472735504586,0.0225625385692414,-0.8781493428030718,0.47838609706483043,4,4,instant_velocity,dbscan_kmeans_fallback,False
5320,295,9.11819040942,5.55576147753,-0.02422453411800003,0.01918824789700002,-0.029014720013599983,0.015412649865599998,-0.02859598344033594,0.015799749987625695,-0.7838803215822261,0.6209114222313744,3,3,instant_velocity,dbscan_kmeans_fallback,False
5320,296,8.07954509341,9.40319610871,-0.046765347359000134,0.0,-0.0443407892958,-0.0011551134305999966,-0.04459254077583327,-0.0006500955125878412,-0.9999997861665009,0.0,-1,-1,instant_velocity,dbscan_kmeans_fallback,False
5320,297,8.44743810504,7.17864811558,-0.03876767319300001,-0.022601083032999993,-0.0371681383592,-0.011355433270400006,-0.038144551236993195,-0.012215770162588322,-0.8639085763057058,-0.5036482166159924,-1,-1,instant_velocity,dbscan_kmeans_fallback,False
5320,338,2.80802549262,12.1895492704,0.032453719904000033,-0.02684922745999998,0.031746557135800005,-0.024462629469999976,0.026529021835654025,-0.020749798965542077,0.7704993534643069,-0.6374404062196986,5,5,instant_velocity,dbscan_kmeans_fallback,False
5320,339,2.97766037098,12.7706858827,0.022267208597999976,-0.018806392209999957,0.022267208597999976,-0.018806392209999957,0.016916432046520193,-0.014295989300777986,0.7639793939505242,-0.6452401099023306,5,5,instant_velocity,dbscan_kmeans_fallback,False
5320,375,12.1547810111,11.7535178163,-0.0051563951899998624,-0.007851907409999904,-0.003746278951999997,-0.0040381238099999805,-0.004400469365578634,-0.005006136372144818,-0.5489222855628823,-0.8358721166066004,-1,-1,instant_velocity,dbscan_kmeans_fallback,False
5320,404,11.3495415017,12.7418080469,-0.003241162680000009,0.011384072449999926,-0.007505185808000014,0.018562959221999974,-0.008950935012145918,0.015422906946690625,-0.2738280423530172,0.9617777880215466,6,6,instant_velocity,dbscan_kmeans_fallback,False
5320,405,11.7580542794,12.6862003136,-0.012122790320000121,0.004057216600000047,-0.022178813254000004,0.009293412602000011,-0.020472821856844577,0.009283313913330985,-0.9482996620186581,0.31737389074271266,6,6,instant_velocity,dbscan_kmeans_fallback,False
5320,406,13.3508542291,11.1256038832,-0.025255813150000073,-0.0035321650400000236,-0.02659858055400001,0.008792227019999998,-0.02186237327714552,0.004245550200905397,-0.9903609946777383,-0.13850745812871784,-1,-1,instant_velocity,dbscan_kmeans_fallback,False
5320,407,14.9373402255,10.5747770655,0.0,0.0,0.0,0.0,0.0,0.0,0.0,0.0,-1,-1,instant_velocity,dbscan_kmeans_fallback,False
5320,434,11.5545345184,4.86865991415,-0.015195580919999863,0.011932989985000031,-0.025908254995999976,0.031154650254600007,-0.023164653224729763,0.027772432811600786,-0.7864787004848364,0.6176165627172006,3,3,instant_velocity,dbscan_kmeans_fallback,False
5330,203,10.7863368683,4.21831195994,0.021930464419999927,0.0015035567390000004,0.015923790194199972,0.003150309356400012,0.016927793065635365,0.0016624113870625907,0.9976575497220967,0.06839958805117231,-1,-1,instant_velocity,dbscan_kmeans_fallback,False
5330,204,12.6434809956,5.13739084863,0.05491034709999987,-0.014534381802999975,0.04882369612999998,-0.015269453985800006,0.05046975062403294,-0.014428371640000829,0.9667081500170999,-0.25588083278425205,-1,-1,instant_velocity,dbscan_kmeans_fallback,False
5330,205,13.9167949089,10.8721471759,0.008292325320000061,0.015202629240000043,0.01232062751800001,0.017775381881799994,0.01224769884434144,0.01682133524861075,0.47885105743870704,0.8778955005376675,0,0,instant_velocity,dbscan_kmeans_fallback,False
5330,206,14.2293355967,10.4232280927,0.009155232270000013,0.016610722060000072,0.010497999668000019,0.017799247863000005,0.012174494332248926,0.017626716753069024,0.482700972783238,0.8757846290003535,0,0,instant_velocity,dbscan_kmeans_fallback,False
5330,266,13.9473123498,8.0772022615,0.04144058009000009,-0.003723092875999967,0.03691137092600002,-0.009484340440600007,0.03697943276374009,-0.00806902515759962,0.9959882614958725,-0.08948129569860148,-1,-1,instant_velocity,dbscan_kmeans_fallback,False
5330,267,14.0085576967,3.21832739914,0.06501267236999997,0.019426907696999996,0.06622916069800003,0.015059433362000005,0.06362758719323684,0.012619889147812424,0.9581374810442823,0.28630800314359334,-1,-1,instant_velocity,dbscan_kmeans_fallback,False
5330,268,8.45143694212,8.06670123031,0.03119092924600011,0.01591860864000001,0.03555176631780002,0.014114340555000009,0.034876841590515344,0.014163112544741702,0.8907053182678153,0.45458053728521974,1,1,instant_velocity,dbscan_kmeans_fallback,False
5330,269,8.09764509284,8.60368577967,0.026960580543000035,0.01341268074399995,0.030622673450400005,0.014080928183000002,0.029878076114167852,0.012740822399422156,0.8953231775912648,0.4454163709339376,1,1,instant_velocity,dbscan_kmeans_fallback,False
5330,270,4.99854635361,5.53094085836,0.019299650553,-0.03479659879799994,0.023176417872000005,-0.032634341012799994,0.022803961463322673,-0.02956947468551825,0.4850321216331307,-0.8744960482192393,2,2,instant_velocity,dbscan_kmeans_fallback,False
5330,271,4.250553354,4.46604083204,0.016858255281000024,-0.030381392503000003,0.017788511065600005,-0.03384673279539999,0.018149825660567297,-0.02963819290066829,0.48519635618179996,-0.8744048949595826,2,2,instant_velocity,dbscan_kmeans_fallback,False
5330,272,1.57785692686,7.90178730871,0.015132441382000006,-0.00374695885599996,0.02264604579566,-0.0022624949013999897,0.016322341447910893,-0.002376996474867257,0.9706850632593689,-0.2403522936155506,-1,-1,instant_velocity,dbscan_kmeans_fallback,False
5330,292,9.58500202257,5.71399292474,-0.01275418564299997,0.009403196109000067,-0.021290650490599992,0.0058089795250000084,-0.018707482651681907,0.006715091406036802,-0.8048933051441254,0.5934184907560437,3,3,instant_velocity,dbscan_kmeans_fallback,False
5330,293,5.79052656113,7.42757028668,-0.035652789570000024,0.021837371674000038,-0.041966742859200004,0.022142856217400003,-0.041304715903254456,0.022196414668650456,-0.8527538053889726,0.5223126161877177,4,4,instant_velocity,dbscan_kmeans_fallback,False
5330,294,5.65624982119,6.84022851959,-0.036831394183999944,0.019617835536999983,-0.0384519755286,0.022868382008600002,-0.03903224917005319,0.021679127659568975,-0.882607074542675,0.4701109153150842,4,4,instant_velocity,dbscan_kmeans_fallback,False
5330,295,8.97296948377,5.6629197276,-0.014522092565000122,0.010715825007000034,-0.02595455731860003,0.016362515868400002,-0.024373816177735194,0.014274572493437996,-0.8046494058340936,0.5937492951729183,3,3,instant_velocity,dbscan_kmeans_fallback,False
5330,296,7.64514510715,9.39722961372,-0.0434399986259999,-0.0005966494990000016,-0.04451337068579999,-0.0007446185749999756,-0.04424677813088326,-0.0006340617085114893,-0.9999054577187769,-0.013733727193034485,-1,-1,instant_velocity,dbscan_kmeans_fallback,False
5330,297,8.06712765195,7.10681151587,-0.0380310453089999,-0.0071836599710000115,-0.03705448720059998,-0.012596464228800014,-0.03811049945859521,-0.010706137105111828,-0.9826237625811066,-0.18560717783207678,-1,-1,instant_velocity,dbscan_kmeans_fallback,False
5330,298,15.093926267,6.48558005721,0.0,0.0,0.0,0.0,0.0,0.0,0.0,0.0,-1,-1,instant_velocity,dbscan_kmeans_fallback,False
5330,338,3.13235222656,11.9210569957,0.032432673394,-0.02684922746999998,0.0319191385258,-0.025059278969999994,0.028300117303157818,-0.022579627516879447,0.7702962026774866,-0.6376858828045657,5,5,instant_velocity,dbscan_kmeans_fallback,False
5330,339,3.2053836196,12.5814286615,0.022772324862000027,-0.01892572212000001,0.0223640225488,-0.018835031393999984,0.018673199891164144,-0.015684909146544593,0.7690709900049142,-0.6391628406669396,5,5,instant_velocity,dbscan_kmeans_fallback,False
5330,375,12.0766984554,11.6034008023,-0.00780825557,-0.0150117014000001,-0.004630232411999984,-0.006424721808000022,-0.005422805226905044,-0.008007805880501404,-0.46145344710358355,-0.887163758386015,6,6,instant_velocity,dbscan_kmeans_fallback,False
5330,404,11.3238647583,12.8172245436,-0.0025676743400000037,0.007541649670000083,-0.005341604482000015,0.015298093162000015,-0.007035956810502143,0.013058529763683461,-0.3222976155776932,0.9466370669745137,7,7,instant_velocity,dbscan_kmeans_fallback,False
5330,405,11.71112056,12.7081570151,-0.004693371940000013,0.0021956701499998843,-0.017763255252000006,0.006477226963999989,-0.015738986881791206,0.007157020784331655,-0.9057794054554823,0.42374498089389423,7,7,instant_velocity,dbscan_kmeans_fallback,False
5330,406,13.1128181901,10.9907610964,-0.023803603899999894,-0.013484278680000017,-0.025925092204,0.002515474287999986,-0.022444742464001834,-0.001073398463366228,-0.8700913189824548,-0.49288981078231864,6,6,instant_velocity,dbscan_kmeans_fallback,False
5330,407,14.6885704659,10.9869425396,-0.024876975960000002,0.041216547410000005,-0.024876975960000002,0.041216547410000005,-0.007463092788000001,0.012364964223000003,-0.5167397977279865,0.8561422580435444,-1,-1,instant_velocity,dbscan_kmeans_fallback,False
5330,434,11.2939787127,4.98226197882,-0.026055580570000104,0.011360206467000023,-0.024611789920000005,0.024968588246000012,-0.024031931428310865,0.02284876490822056,-0.9166615443355622,0.3996634953512011,3,3,instant_velocity,dbscan_kmeans_fallback,False
5340,203,11.0056415125,4.23310886752,0.021930464420000108,0.0014796907580000075,0.017506487818000026,0.002711175324799999,0.01842859447194479,0.0016075951983438158,0.997731057889659,0.06731883999604289,-1,-1,instant_velocity,dbscan_kmeans_fallback,False
5340,204,13.1681705139,5.01591301058,0.05246895183000007,-0.012147783804999968,0.05110934722,-0.013164474552199988,0.051069510985823074,-0.01374419528950057,0.9742298097673652,-0.22555688064409699,-1,-1,instant_velocity,dbscan_kmeans_fallback,False
5340,205,14.0127669989,11.0184456332,0.009597209000000006,0.014629845730000035,0.010902092679999989,0.016586856080000024,0.01145255189103901,0.016163888393027535,0.5485112152571177,0.8361425139732257,0,0,instant_velocity,dbscan_kmeans_fallback,False
5340,206,14.324044896,10.5883806741,0.009470929929999983,0.016515258139999923,0.00939937179600001,0.0171596395996,0.011363425011574241,0.017293279169148294,0.4974701037846098,0.8674805158161907,0,0,instant_velocity,dbscan_kmeans_fallback,False
5340,266,14.3617181506,8.03997133275,0.041440580079999914,-0.003723092875000056,0.038675068543999984,-0.00775644349060002,0.038317776958618044,-0.00676524547281975,0.9959882614960898,-0.08948129569618206,-1,-1,instant_velocity,dbscan_kmeans_fallback,False
5340,267,14.5557669817,3.42118822889,0.05472092849999992,0.020286082975000008,0.06400664914,0.0168732478396,0.06095558958526577,0.014919747295968702,0.93764211752259,0.3476016639030165,-1,-1,instant_velocity,dbscan_kmeans_fallback,False
5340,268,8.7658718159,8.17004092359,0.03144348737799998,0.010333969327999881,0.03391855706720001,0.013675206523599978,0.033846835326760735,0.013014369579719156,0.9500087214134013,0.3122223966571651,1,1,instant_velocity,dbscan_kmeans_fallback,False
5340,269,8.36767182849,8.73113011272,0.027002673564999923,0.012744433305000058,0.0292251851226,0.013694299307600027,0.02901545534941747,0.012741905671095526,0.9043366358321064,0.426819141181972,1,1,instant_velocity,dbscan_kmeans_fallback,False
5340,270,5.18985913826,5.18703208697,0.019131278465000002,-0.03439087713899998,0.02074344120480001,-0.0351593616938,0.02170215656382587,-0.03101589542156277,0.486132740230371,-0.873884689572317,-1,-1,instant_velocity,dbscan_kmeans_fallback,False
5340,271,4.38777660547,4.23788206351,0.013722325147000003,-0.022815876853000017,0.016946650627000005,-0.031336031702400007,0.016821575506497106,-0.027591498086367808,0.515401090711933,-0.8569486358626472,-1,-1,instant_velocity,dbscan_kmeans_fallback,False
5340,272,1.71655343411,7.84140637939,0.013869650724999993,-0.006038092931999995,0.01938804589878,-0.0033125980199999994,0.015586534231037622,-0.0034753254120070787,0.9168805585459758,-0.3991600170626984,-1,-1,instant_velocity,dbscan_kmeans_fallback,False
5340,292,9.51260202485,5.80301303003,-0.0072399997719999835,0.008902010528999948,-0.016125836698999977,0.007417546574999996,-0.01526723778777733,0.0073711671429257455,-0.6309655684824013,0.7758097114573758,2,2,instant_velocity,dbscan_kmeans_fallback,False
5340,293,5.44283820003,7.64546668382,-0.034768836110000034,0.021789639713999963,-0.040211463844999996,0.022056938689599993,-0.03934395196527813,0.022074382182255308,-0.8473499401244161,0.531034454204238,3,3,instant_velocity,dbscan_kmeans_fallback,False
5340,294,5.28983006533,7.03545223575,-0.036641975586,0.01952237161600001,-0.03774060345799999,0.022095124257399998,-0.03831516709483723,0.021032100846498286,-0.8825528233063918,0.47021275222726683,3,3,instant_velocity,dbscan_kmeans_fallback,False
5340,295,8.82795902324,5.76983931787,-0.01450104605299991,0.010691959026999953,-0.02289018532299998,0.017307608675199992,-0.02141198514031461,0.013199788453506583,-0.8048703960303182,0.5934496907980712,2,2,instant_velocity,dbscan_kmeans_fallback,False
5340,296,7.2330544225,9.38720590213,-0.041209068464999984,-0.0010023711589999707,-0.044336579993799995,-0.0005775567151999894,-0.04333546523111828,-0.0007445545436580337,-0.9997040591492191,-0.02431684465950663,-1,-1,instant_velocity,dbscan_kmeans_fallback,False
5340,297,7.69207882659,7.13807594963,-0.03750488253600004,0.0031264433760000545,-0.03726074300819999,-0.010663319851199997,-0.03792881438181666,-0.006556362960778263,-0.9965432138372152,0.08307280863521017,-1,-1,instant_velocity,dbscan_kmeans_fallback,False
5340,298,14.7605495334,6.27675273246,-0.03333767335999997,-0.020882732474999964,-0.03333767335999997,-0.020882732474999964,-0.010001302007999993,-0.00626481974249999,-0.847464264442072,-0.530851968143059,-1,-1,instant_velocity,dbscan_kmeans_fallback,False
5340,299,14.7296111623,5.46196817624,0.0,0.0,0.0,0.0,0.0,0.0,0.0,0.0,-1,-1,instant_velocity,dbscan_kmeans_fallback,False
5340,338,3.42531965916,11.700296681,0.02929674325999998,-0.022076031470000146,0.0314645338892,-0.02470128927000001,0.028599105090210464,-0.02242854870281566,0.7986437834007216,-0.6018035909044698,4,4,instant_velocity,dbscan_kmeans_fallback,False
5340,339,3.48004058766,12.3842956669,0.027465696805999994,-0.019713299460000045,0.0234037201904,-0.019016412842,0.021310948965614897,-0.016893426240581228,0.8124028325549975,-0.5830960864903441,4,4,instant_velocity,dbscan_kmeans_fallback,False
5340,375,11.9988263649,11.4530451284,-0.007787209050000144,-0.015035567390000004,-0.005505767268000028,-0.008811319806000029,-0.006132126373833574,-0.010116134333350985,-0.45989742841073294,-0.8879713813971837,5,5,instant_velocity,dbscan_kmeans_fallback,False
5340,404,11.2979775498,12.8926410403,-0.002588720849999859,0.0075416496699999055,-0.003363232451999991,0.01216687658799998,-0.005701786022351458,0.011403465735578395,-0.32466195412095017,0.9458287938453933,6,6,instant_velocity,dbscan_kmeans_fallback,False
5340,405,11.6643973057,12.7303523765,-0.00467232542999998,0.0022195361400001445,-0.013617092592000012,0.004424752686000026,-0.012418988446253838,0.0056757753910322015,-0.9032621545431121,0.4290846230509337,6,6,instant_velocity,dbscan_kmeans_fallback,False
5340,406,12.8859368019,10.8330069688,-0.02268813882000007,-0.01577541276000005,-0.025032720140000003,-0.003990391851999995,-0.022517761370801304,-0.005484002752356375,-0.8210344978786531,-0.5708779462693317,5,5,instant_velocity,dbscan_kmeans_fallback,False
5340,407,14.4398007063,11.3993466735,-0.024876975960000002,0.041240413390000084,-0.024876975960000002,0.041240413390000084,-0.012687257739600003,0.021027598973100026,-0.5165205572247406,0.8562745463368409,-1,-1,instant_velocity,dbscan_kmeans_fallback,False
5340,434,11.033422907,5.09586404348,-0.026055580569999924,0.011360206465999934,-0.023471069026,0.01886367056939999,-0.024639026170817584,0.019402197375554372,-0.9166615443484512,0.39966349532163925,2,2,instant_velocity,dbscan_kmeans_fallback,False
5350,203,11.2247356917,4.2481444349,0.021909417919999896,0.0015035567380000004,0.019080766839999975,0.0022768144892000033,0.01947284150636132,0.0015763836602406712,0.9976530634539471,0.06846498575269001,-1,-1,instant_velocity,dbscan_kmeans_fallback,False
5350,204,13.6358239875,4.94956558626,0.04676534736000004,-0.006634742431999996,0.051374533259999994,-0.011217010586399994,0.049778261898076166,-0.011611359432250397,0.9900852306862378,-0.1404664107541546,-1,-1,instant_velocity,dbscan_kmeans_fallback,False
5350,205,14.1390460646,11.152095121,0.012627906570000036,0.013364948779999964,0.01008969735400001,0.015145350889999989,0.011805158294727319,0.015324206509119264,0.686779949002724,0.7268646462239676,0,0,instant_velocity,dbscan_kmeans_fallback,False
5350,206,14.4471669851,10.7454188223,0.012312208910000066,0.015703814819999985,0.009963418288000021,0.016758691135999974,0.01164806018110199,0.0168164398644038,0.6169997289618921,0.7869627260578771,0,0,instant_velocity,dbscan_kmeans_fallback,False
5350,266,14.7759134864,8.00250174419,0.041419533580000056,-0.003746958855999871,0.039592696424000026,-0.0064151754163999895,0.03924830394503265,-0.005859759487773787,0.9959328763579595,-0.09009564300967379,-1,-1,instant_velocity,dbscan_kmeans_fallback,False
5350,267,15.1029762667,3.62404905865,0.0547209285000001,0.020286082975999965,0.06151474224000001,0.018543866437799997,0.059085191259686067,0.01652964799997808,0.9376421175170058,0.34760166391807945,-1,-1,instant_velocity,dbscan_kmeans_fallback,False
5350,268,9.08156948034,8.24975329669,0.031569766444,0.007971237310000134,0.032319022234,0.01278739206860001,0.03316371466193252,0.011501429898803449,0.9695701233733426,0.2448125029941074,1,1,instant_velocity,dbscan_kmeans_fallback,False
5350,269,8.63917181991,8.8311285688,0.02714999914200007,0.00999984560799998,0.027852952607800015,0.012753979696800002,0.028455818487192246,0.011919287652166863,0.9383740207763052,0.3456204650778472,1,1,instant_velocity,dbscan_kmeans_fallback,False
5350,270,5.37843587648,4.84980578998,0.018857673822000008,-0.033722629699000084,0.019981557507800004,-0.03474409364220001,0.020848811741278114,-0.031827915704793965,0.48807119465667353,-0.8728035238871247,-1,-1,instant_velocity,dbscan_kmeans_fallback,False
5350,271,4.52499985695,4.00948463519,0.013722325148000003,-0.02283974283200001,0.016104790188600004,-0.0288348770012,0.015891800398947976,-0.026165971510057468,0.5150054291138539,-0.8571864775962261,-1,-1,instant_velocity,dbscan_kmeans_fallback,False
5350,272,1.82599529111,7.72684967552,0.010944185699999998,-0.011455670387000082,0.015544952996999997,-0.0054462166296000095,0.014193829671726336,-0.005869428904504981,0.6907800031888717,-0.723064122208981,-1,-1,instant_velocity,dbscan_kmeans_fallback,False
5350,292,9.47682295622,5.88869189813,-0.003577906863000102,0.008567886810000046,-0.01022439502560001,0.008964062077200002,-0.01176043851034416,0.0077301830430480355,-0.38534478350091284,0.9227715014055414,2,2,instant_velocity,dbscan_kmeans_fallback,False
5350,293,5.07831263015,7.82470019341,-0.036452556987999964,0.01792335095900004,-0.038792929006199996,0.021197763410599996,-0.038476533472094676,0.020829072815278727,-0.8973900649221701,0.4412375539530671,3,3,instant_velocity,dbscan_kmeans_fallback,False
5350,294,4.9415103089,7.22470945693,-0.03483197564300004,0.01892572211800001,-0.0368903244152,0.0207681757712,-0.037270209659286076,0.020400187227948806,-0.878674020600735,0.4774216804879185,3,3,instant_velocity,dbscan_kmeans_fallback,False
5350,295,8.6827380976,5.87675890814,-0.014522092564000033,0.010691959027000042,-0.019691115656600006,0.015231268417599999,-0.019345017367420236,0.01244743962555462,-0.8052812270263476,0.5928920950360916,2,2,instant_velocity,dbscan_kmeans_fallback,False
5350,296,6.82222652851,9.37026105635,-0.04108278939900005,-0.0016944845780001217,-0.0438525102416,-0.0006587010472000188,-0.04265966248148281,-0.0010295335539606601,-0.9991502407065267,-0.041210557967213575,-1,-1,instant_velocity,dbscan_kmeans_fallback,False
5350,297,7.29619395539,7.18628522917,-0.03958848712000007,0.004820927953999998,-0.0381615336772,-0.007651433178799998,-0.038426716203271684,-0.0031431756863447846,-0.9926665135028319,0.12088296603604866,-1,-1,instant_velocity,dbscan_kmeans_fallback,False
5350,298,14.4273832648,6.06792540771,-0.03331662686000012,-0.020882732475000054,-0.03331662686000012,-0.020882732475000054,-0.016995899463600035,-0.01065019356225001,-0.8473133923943601,-0.5310927474803824,-1,-1,instant_velocity,dbscan_kmeans_fallback,False
5350,299,14.3686634992,5.45051250586,-0.03609476630999993,-0.001145567038000017,-0.03609476630999993,-0.001145567038000017,-0.01082842989299998,-0.0003436701114000052,-0.9994964606836705,-0.03172177900039977,-1,-1,instant_velocity,dbscan_kmeans_fallback,False
5350,338,3.69724058079,11.5112781196,0.027192092163000003,-0.01890185613999993,0.030588999032999994,-0.023708464503999983,0.028177001212047324,-0.021370540933970943,0.8211084896204348,-0.5707716218782397,4,4,instant_velocity,dbscan_kmeans_fallback,False
5350,339,3.75448709061,12.1871626724,0.027444650295000005,-0.019713299450000044,0.0244392085298,-0.019197794288000017,0.023151059364430432,-0.017739388203406873,0.8121910106240676,-0.5833910955661682,4,4,instant_velocity,dbscan_kmeans_fallback,False
5350,375,11.9131670652,11.2730956395,-0.008565929969999964,-0.01799494889000002,-0.006541255608000007,-0.01179456730200002,-0.006862267452683491,-0.012479778700345695,-0.42980683912854406,-0.9029203051832377,5,5,instant_velocity,dbscan_kmeans_fallback,False
5350,404,11.2720903413,12.968057537,-0.002588720850000037,0.007541649670000083,-0.003039116184000008,0.010238505408000016,-0.004767866470646032,0.010244920915904902,-0.32466195412096327,0.9458287938453889,6,6,instant_velocity,dbscan_kmeans_fallback,False
5350,405,11.6176740513,12.7523090781,-0.004672325439999981,0.002195670159999885,-0.009891860152000014,0.00349875266399998,-0.01009498954437768,0.004631743821722506,-0.905046017707286,0.4253091014367834,6,6,instant_velocity,dbscan_kmeans_fallback,False
5350,406,12.7030426217,10.5840847977,-0.018289418019999993,-0.024892217110000024,-0.023348999261999986,-0.01025282499600003,-0.02124925836556091,-0.01130646705964947,-0.5921027023832888,-0.8058621112506323,5,5,instant_velocity,dbscan_kmeans_fallback,False
5350,407,14.1626181569,11.7344250323,-0.02771825493999991,0.03350783588000006,-0.02771825493999991,0.03350783588000006,-0.017196556899719974,0.024771670045170037,-0.6373987546468419,0.7705338199340075,-1,-1,instant_velocity,dbscan_kmeans_fallback,False
5350,434,10.9126159341,5.17891765378,-0.012080697290000053,0.008305361030000036,-0.01957325519400001,0.012171649785399996,-0.020871527506572323,0.01607314647188807,-0.8240451310677088,0.566522954283129,2,2,instant_velocity,dbscan_kmeans_fallback,False
5360,203,11.4440403359,4.26294134248,0.021930464420000108,0.0014796907579999186,0.020659255162,0.0018376804577999906,0.020210128380452955,0.0015473757895684455,0.9977310578896593,0.06731883999603887,-1,-1,instant_velocity,dbscan_kmeans_fallback,False
5360,204,14.1188414141,4.78441300486,0.04830174266,-0.01651525814000001,0.05106304489599999,-0.012510546700800002,0.04933530612665332,-0.01308252904457528,0.9462179160577833,-0.32352938589373764,-1,-1,instant_velocity,dbscan_kmeans_fallback,False
5360,205,14.2653251304,11.2857446088,0.012627906580000037,0.013364948779999964,0.010287534558000005,0.014348227157999993,0.012051982780309134,0.014736429190383475,0.6867799492900626,0.7268646459524751,0,0,instant_velocity,dbscan_kmeans_fallback,False
5360,206,14.5702890743,10.9026956303,0.01231220891999989,0.015727680800000067,0.010523255481999989,0.016362515868000003,0.011847304802771361,0.01648981214508268,0.6164193866947795,0.7874173851224241,0,0,instant_velocity,dbscan_kmeans_fallback,False
5360,268,9.39726714478,8.32922701,0.031569766444,0.007947371330999963,0.031388766449600015,0.011613185854,0.032685530196552764,0.010435212328462404,0.9697438899209577,0.24412327543952872,1,1,instant_velocity,dbscan_kmeans_fallback,False
5360,269,8.91088227644,8.93136568468,0.027171045653000013,0.010023711587999884,0.027053185191400004,0.01192344359379998,0.028070386636934574,0.011350614832916769,0.9381934379517821,0.34611036159163766,1,1,instant_velocity,dbscan_kmeans_fallback,False
5360,270,5.56722307981,4.51234083318,0.018878720332999956,-0.03374649567999999,0.019223883113199988,-0.03433359878680001,0.020257784318794665,-0.03240348969735577,0.48822289495693716,-0.8727186761033634,2,2,instant_velocity,dbscan_kmeans_fallback,False
5360,271,4.69168822377,3.74099236051,0.016668836681999987,-0.026849227467999982,0.015826976243799997,-0.027302681087200006,0.01612491128386358,-0.026370948297440223,0.5274494699166496,-0.8495860308572524,2,2,instant_velocity,dbscan_kmeans_fallback,False
5360,272,1.93543714812,7.61229297166,0.010944185700999998,-0.011455670385999994,0.013204580978000001,-0.0072838970872,0.013218936480508434,-0.007545301348953485,0.6907800032534005,-0.7230641221473331,-1,-1,instant_velocity,dbscan_kmeans_fallback,False
5360,292,9.44104388758,5.97413210643,-0.0035779068640000135,0.008544020829999966,-0.007985046259199997,0.008959288881400003,-0.009305679016440915,0.007974334379133615,-0.3862607613304011,0.9223884567327798,3,3,instant_velocity,dbscan_kmeans_fallback,False
5360,293,4.70242194436,7.97815844462,-0.037589068579,0.015345825121,-0.0376016964858,0.019823082964199993,-0.03821029400416627,0.01918409850699511,-0.925818560544169,0.3779675916690335,4,4,instant_velocity,dbscan_kmeans_fallback,False
5360,294,4.59319055247,7.4142053379,-0.03483197564299996,0.018949588097,-0.0360400453722,0.0194412272846,-0.03653873945440024,0.019965007488664165,-0.8784214135918812,0.47788630004097543,4,4,instant_velocity,dbscan_kmeans_fallback,False
5360,296,6.4175021227,9.324199715,-0.04047244058099997,-0.004606134134999884,-0.042593928886000006,-0.0015799278741999957,-0.04200349591133796,-0.0021025137282724275,-0.9935857360422917,-0.11307914988902083,-1,-1,instant_velocity,dbscan_kmeans_fallback,False
5360,297,6.85190210897,7.27458935507,-0.044429184641999964,0.00883041258999997,-0.039664254559999994,-0.002601391816799996,-0.04022745673489017,0.0004489007965586423,-0.9808150502185504,0.19493946687745178,4,4,instant_velocity,dbscan_kmeans_fallback,False
5360,298,14.0790635084,5.96076715764,-0.03483197563999987,-0.010715825006999946,-0.03483197563999987,-0.010715825006999946,-0.022346722316519983,-0.01066988299567499,-0.9557919033655843,-0.2940430047789573,5,5,instant_velocity,dbscan_kmeans_fallback,False
5360,299,14.0205542079,5.42545322689,-0.034810929130000015,-0.002505927896999971,-0.034810929130000015,-0.002505927896999971,-0.01802317966409999,-0.000992347447079995,-0.9974186905100453,-0.07180099422811073,5,5,instant_velocity,dbscan_kmeans_fallback,False
5360,338,3.93927545686,11.2945750214,0.024203487606999995,-0.02167030982,0.029115743265600003,-0.023269330472000006,0.026984947130533125,-0.021460471599779662,0.7450183670566461,-0.6670434896762029,6,6,instant_velocity,dbscan_kmeans_fallback,False
5360,339,3.93190917802,12.008883802,0.01774220874100001,-0.01782788703999998,0.023538417860400004,-0.01899732005600001,0.021528404177401303,-0.017765937854384805,0.7054012341763346,-0.7088076633723255,6,6,instant_velocity,dbscan_kmeans_fallback,False
5360,375,11.8241403239,11.0802585213,-0.008902674129999965,-0.019283711819999994,-0.007644092781999987,-0.015035567382000004,-0.007474389455878434,-0.014520958636241987,-0.41915499087127184,-0.9079141765549904,7,7,instant_velocity,dbscan_kmeans_fallback,False
5360,404,11.2462031328,13.0434740337,-0.002588720850000037,0.007541649670000083,-0.002714999913999989,0.008310134226000016,-0.004114122784452234,0.009433939542133457,-0.32466195412096327,0.9458287938453889,8,8,instant_velocity,dbscan_kmeans_fallback,False
5360,405,11.570950797,12.7745044395,-0.00467232542999998,0.0022195361399999667,-0.0061666277120000145,0.0025775258379999856,-0.00846819031006437,0.003908081517205744,-0.9032621545431254,0.42908462305090567,8,8,instant_velocity,dbscan_kmeans_fallback,False
5360,406,12.5199379763,10.3349239668,-0.018310464540000026,-0.02491608308999993,-0.02166948768600001,-0.01652003133600001,-0.020367620217892644,-0.015389351868754609,-0.5921764429112923,-0.8058079260242701,7,7,instant_velocity,dbscan_kmeans_fallback,False
5360,407,13.8427111903,11.953992048,-0.03199069666000014,0.021956701569999914,-0.03199069666000014,0.021956701569999914,-0.021634798827804023,0.023927179502619002,-0.8244854608673858,0.5658826816267576,-1,-1,instant_velocity,dbscan_kmeans_fallback,False
5360,408,14.8323181357,10.1268126214,0.0,0.0,0.0,0.0,0.0,0.0,0.0,0.0,-1,-1,instant_velocity,dbscan_kmeans_fallback,False
5360,434,10.8073833793,5.25839136709,-0.01052325548000006,0.007947371330999963,-0.017982138966,0.010181227055799998,-0.017767045898600644,0.013635413929621637,-0.7979955547868344,0.6026620760497077,3,3,instant_velocity,dbscan_kmeans_fallback,False
5370,203,11.6709217241,4.28465938426,0.02268813881999989,0.00217180417800007,0.022077789999999986,0.0016276598341999993,0.020953531512317033,0.001734704306097933,0.9954492485532137,0.09528859348696941,-1,-1,instant_velocity,dbscan_kmeans_fallback,False
5370,204,14.6174332588,4.52069392617,0.04985918447,-0.02637190786900003,0.050461114684,-0.015240814809799996,0.049492469629657324,-0.017069342691902703,0.8839646072067627,-0.4675534393214986,-1,-1,instant_velocity,dbscan_kmeans_fallback,False
5370,205,14.3522472207,11.4716605928,0.008692209029999986,0.01859159839999993,0.010367511300000026,0.015030794185999986,0.01104405065521639,0.01589297995326841,0.4235305310911855,0.9058812917417861,0,0,instant_velocity,dbscan_kmeans_fallback,False
5370,206,14.6936216285,11.0597337785,0.0123332554200001,0.015703814819999985,0.01111676709000001,0.016052258128000006,0.011993089987939982,0.01625401294755787,0.6176522793732385,0.7864506724395849,0,0,instant_velocity,dbscan_kmeans_fallback,False
5370,268,9.697179926,8.40082494991,0.029991278121999976,0.00715979399099993,0.031153045526800014,0.009866196119999983,0.03187725457418693,0.009452586827223662,0.9726667819380331,0.2322039678414601,1,1,instant_velocity,dbscan_kmeans_fallback,False
5370,269,9.1943787791,9.02468166636,0.028349650265999848,0.009331598168,0.027326789833799978,0.011102453882599974,0.028154165725654157,0.010744909833441738,0.9498652317799223,0.3126585539347854,1,1,instant_velocity,dbscan_kmeans_fallback,False
5370,270,5.75979865512,4.19635525836,0.019257557531000023,-0.031598557482,0.0190849761408,-0.0336510317596,0.019957716282456274,-0.032162010032749044,0.5204131202515867,-0.8539143070550551,2,2,instant_velocity,dbscan_kmeans_fallback,False
5370,271,4.85816612549,3.47250008583,0.016647790172000042,-0.026849227467999982,0.015523906486000012,-0.025947093424799998,0.016281774950304518,-0.02651443204860815,0.5269685203702162,-0.8498844306490627,2,2,instant_velocity,dbscan_kmeans_fallback,False
5370,272,2.04151156337,7.53568317595,0.010607441524999994,-0.007660979570999959,0.012299581006599997,-0.008071474426399999,0.0124354879938559,-0.007580004815567427,0.8106768102971075,-0.5854925966579442,-1,-1,instant_velocity,dbscan_kmeans_fallback,False
5370,292,9.40547528406,6.05981097452,-0.0035568603519999797,0.008567886809000048,-0.00614137189880001,0.008797000217400016,-0.007581033417108634,0.008152400108093545,-0.38341211096448563,0.9235762000316783,3,3,instant_velocity,dbscan_kmeans_fallback,False
5370,293,4.32653125857,8.13137803604,-0.037589068579,0.015321959141999918,-0.0364104639652,0.018443629321999992,-0.03802392637661639,0.018025456697496552,-0.9260241642496615,0.3774635803842363,4,4,instant_velocity,dbscan_kmeans_fallback,False
5370,294,4.23561033121,7.59343884748,-0.03575802212600001,0.01792335095799995,-0.03577906863639999,0.018987773665199992,-0.03630452425588017,0.0193525105294649,-0.8939831126364035,0.4481000940669158,4,4,instant_velocity,dbscan_kmeans_fallback,False
5370,296,6.01277771689,9.27837703346,-0.04047244058100006,-0.004582268154000068,-0.041335347530399996,-0.0024963815050000095,-0.04154417931223659,-0.00284644005599072,-0.9936514004014121,-0.11250068201655394,-1,-1,instant_velocity,dbscan_kmeans_fallback,False
5370,297,6.40739979744,7.36313214076,-0.044450231152999994,0.008854278569000052,-0.04080076615199999,0.0036896805036000123,-0.04149428906032312,0.0029705141282910658,-0.980731927899496,0.19535722235605385,4,4,instant_velocity,dbscan_kmeans_fallback,False
5370,298,13.7082239852,6.00635117939,-0.03708395232000008,0.004558402174999987,-0.03708395232000008,0.004558402174999987,-0.026767891317564012,-0.006101397444472497,-0.9925294781336336,0.12200286778590992,-1,-1,instant_velocity,dbscan_kmeans_fallback,False
5370,299,13.7223251476,5.34597951358,-0.02982290603000006,-0.007947371331000052,-0.02982290603000006,-0.007947371331000052,-0.02156309757387001,-0.0030788546122560126,-0.9662782010625027,-0.2574991070678843,-1,-1,instant_velocity,dbscan_kmeans_fallback,False
5370,338,4.06197661577,10.9664177968,0.012270115891,-0.032815722459999995,0.025079022462999995,-0.02446262947200001,0.02257049775867319,-0.024867046857845763,0.3502278164686005,-0.9366642438508171,-1,-1,instant_velocity,dbscan_kmeans_fallback,False
5370,339,4.08491731272,11.8353781276,0.015300813469999985,-0.017350567439999943,0.022145138834800005,-0.018706155102000004,0.019660126965180907,-0.017641326730069344,0.6614144731547356,-0.7500200198351469,-1,-1,instant_velocity,dbscan_kmeans_fallback,False
5370,375,11.7481624193,10.8972064549,-0.00759779046000002,-0.018305206640000016,-0.008132371836000019,-0.017126227228000026,-0.007511409757114909,-0.015656233037369398,-0.38335177461157144,-0.9236018664925788,5,5,instant_velocity,dbscan_kmeans_fallback,False
5370,404,11.2203159244,13.1186518706,-0.002588720840000036,0.007517783690000002,-0.0025845115459999946,0.007536876474000032,-0.0036565022011165746,0.00885909278649342,-0.32558352293706194,0.9455119534901072,6,6,instant_velocity,dbscan_kmeans_fallback,False
5370,405,11.5242275427,12.7966998008,-0.00467232542999998,0.0022195361300001437,-0.004676534733999986,0.0022099897440000047,-0.007329430846045053,0.003401517901044064,-0.9032621552923822,0.4290846214736484,6,6,instant_velocity,dbscan_kmeans_fallback,False
5370,406,12.3349391449,10.0867177751,-0.01849988313999997,-0.024820619169999957,-0.020318301683999992,-0.020777722161999995,-0.019807299094524843,-0.018218732059128214,-0.5976075889510342,-0.8017883284021391,5,5,instant_velocity,dbscan_kmeans_fallback,False
5370,407,13.5228042237,12.1735590638,-0.03199069665999996,0.02195670158000009,-0.028290720036000003,0.03197563996600003,-0.024741568177462807,0.023336036125833327,-0.8244854607471368,0.5658826818019593,7,7,instant_velocity,dbscan_kmeans_fallback,False
5370,408,14.4999937277,10.3401744824,-0.033232440799999985,0.0213361861000001,-0.033232440799999985,0.0213361861000001,-0.009969732239999998,0.00640085583000003,-0.8414951627128802,0.5402641804718684,7,7,instant_velocity,dbscan_kmeans_fallback,False
5370,434,10.7097275684,5.38774497853,-0.00976558108999992,0.012935361144000002,-0.01689613900000001,0.01038170128759999,-0.015366606456020426,0.013425398093935146,-0.6025261982076234,0.7980983313443563,3,3,instant_velocity,dbscan_kmeans_fallback,False
5380,203,11.9089577631,4.31592381802,0.02380360390000007,0.0031264433759999656,0.022452417896000013,0.0019522371615999922,0.021808553228621946,0.002152226027068543,0.9914840777329039,0.13022476933576696,-1,-1,instant_velocity,dbscan_kmeans_fallback,False
5380,205,14.4294879159,11.670464206,0.007724069519999865,0.019880361320000085,0.010253860139999986,0.015966340601999994,0.010048056314651431,0.017089194363287912,0.3621535675621871,0.9321179409145798,0,0,instant_velocity,dbscan_kmeans_fallback,False
5380,206,14.8167437176,11.2170105865,0.01231220890999989,0.015727680800000067,0.011748162417999985,0.015875649876000004,0.012088825664557953,0.01609611330329053,0.6164193863843586,0.7874173853654328,0,0,instant_velocity,dbscan_kmeans_fallback,False
5380,268,9.9903578237,8.46908165263,0.02931778976999997,0.006825670272000118,0.030778417631599986,0.008047608446400005,0.03110941513293084,0.008664511860656598,0.9739521207455254,0.22675229234799882,1,1,instant_velocity,dbscan_kmeans_fallback,False
5380,269,9.58626481322,9.05761671872,0.039188603412000055,0.003293505236000094,0.029772394407599982,0.009078618781000003,0.031464497031557924,0.008509488454209244,0.9964867805564077,0.08374716482911036,1,1,instant_velocity,dbscan_kmeans_fallback,False
5380,270,5.9561626024,3.90208772531,0.019636394728000005,-0.029426753304999977,0.019152324975799998,-0.032577062661,0.019861319816119393,-0.031341433014424325,0.5550631807557613,-0.83180785042469,2,2,instant_velocity,dbscan_kmeans_fallback,False
5380,271,4.99096960966,3.20138255336,0.013280348416999922,-0.027111753246999992,0.014808325113199992,-0.025293165573599997,0.015381346990313138,-0.026693628408125704,0.4398972860893984,-0.8980477243514177,2,2,instant_velocity,dbscan_kmeans_fallback,False
5380,272,2.14674411818,7.46861977223,0.010523255481000016,-0.006706340371999975,0.0113777438264,-0.0086633507296,0.011861818239999135,-0.007317905482497191,0.843307698919527,-0.5374295509116523,-1,-1,instant_velocity,dbscan_kmeans_fallback,False
5380,292,9.36969621542,6.14525118282,-0.0035779068640000135,0.008544020829999966,-0.0043061161430000185,0.008625165161599994,-0.0063800954511760485,0.008269886324665472,-0.3862607613304011,0.9223884567327798,3,3,instant_velocity,dbscan_kmeans_fallback,False
5380,293,3.92117545743,8.25023061629,-0.040535580114000026,0.011885258025000133,-0.037387022074,0.016453206592200013,-0.03877742249783148,0.016183397095747627,-0.9596018608373792,0.2813606141875213,4,4,instant_velocity,dbscan_kmeans_fallback,False
5380,294,3.84098825067,7.73257751072,-0.039462208054000004,0.01391386632399998,-0.036305231410400006,0.01784697982259999,-0.03725182939531612,0.017720917267825424,-0.9430948571980886,0.33252310048007977,4,4,instant_velocity,dbscan_kmeans_fallback,False
5380,296,5.61415679926,9.26000022888,-0.03986209176299997,-0.0018376804580000794,-0.04061976615780001,-0.002744587696800025,-0.04103955304746561,-0.002543812176593528,-0.9989387915280802,-0.046052031259265096,-1,-1,instant_velocity,dbscan_kmeans_fallback,False
5380,297,6.00751608915,7.46718781343,-0.039988370828999996,0.01040556726699995,-0.041192231256000016,0.007207525951200004,-0.04104251359092618,0.005201030069903731,-0.9677716192108086,0.25182853099602903,4,4,instant_velocity,dbscan_kmeans_fallback,False
5380,298,13.3740053912,6.12591973904,-0.033421859399999934,0.011956855965000023,-0.03439841751599999,-0.007193206363399991,-0.028764081742294785,-0.00068392142163074,-0.9415587806870895,0.3368478871422874,-1,-1,instant_velocity,dbscan_kmeans_fallback,False
5380,299,13.4240960872,5.26650580028,-0.029822906039999885,-0.007947371329999963,-0.029822906039999885,-0.007947371329999963,-0.024041040113708972,-0.004539409627579198,-0.9662782010920484,-0.25749910695701317,-1,-1,instant_velocity,dbscan_kmeans_fallback,False
5380,338,4.18467777468,10.6382605722,0.012270115891,-0.032815722459999995,0.021046510962399997,-0.025655928470000013,0.019480383198371233,-0.02725164953849203,0.3502278164686005,-0.9366642438508171,5,5,instant_velocity,dbscan_kmeans_fallback,False
5380,339,4.21203823894,11.5852626575,0.012712092621999993,-0.02501154701000008,0.020133092386799997,-0.01992332008000002,0.017575716662226633,-0.019852392814048565,0.45308669300081295,-0.8914660598038013,5,5,instant_velocity,dbscan_kmeans_fallback,False
5380,375,11.7902554412,10.801742535,0.004209302189999953,-0.009546391989999847,-0.005728860284000028,-0.016033165345999977,-0.00399519617298045,-0.013823280723158533,0.4034519619498922,-0.9149997800248731,-1,-1,instant_velocity,dbscan_kmeans_fallback,False
5380,406,12.1497298485,9.83851158339,-0.018520929640000006,-0.024820619171000046,-0.019261766832000014,-0.023044990260200002,-0.01942138825816739,-0.020199298192689764,-0.598044388443658,-0.8014625778208859,-1,-1,instant_velocity,dbscan_kmeans_fallback,False
5380,407,13.3100239978,12.4298796887,-0.021278022589999956,0.025632062489999895,-0.027570929361999993,0.02885874298200001,-0.02370250450122395,0.0240248440350833,-0.6387298513448894,0.7694306834505801,-1,-1,instant_velocity,dbscan_kmeans_fallback,False
5380,408,14.1676693196,10.5537750031,-0.033232440809999986,0.021360052070000003,-0.033232440809999986,0.021360052070000003,-0.016948544810999996,0.010888614702000022,-0.8412204009177761,0.5406919000828571,-1,-1,instant_velocity,dbscan_kmeans_fallback,False
5380,434,10.6194380364,5.56673982832,-0.00902895319999999,0.017899484979000048,-0.01349081352599999,0.011689556989999995,-0.013465310479214294,0.014767624159454616,-0.4503714550209769,0.892840722013974,3,3,instant_velocity,dbscan_kmeans_fallback,False
5390,203,12.1472042671,4.34742691158,0.023824650399999925,0.003150309356000047,0.02283125509199998,0.0022863608812000004,0.02241338238003534,0.002451651025747994,0.9913703304184736,0.1310878932006568,-1,-1,instant_velocity,dbscan_kmeans_fallback,False
5390,205,14.5067286112,11.8692678191,0.007724069530000044,0.019880361309999907,0.009879232245999993,0.01701644371799997,0.009350860279256015,0.01792654444730151,0.3621535681278412,0.9321179406948074,-1,-1,instant_velocity,dbscan_kmeans_fallback,False
5390,268,10.2835357214,8.53709969555,0.02931778976999997,0.006801804291999858,0.030353278109999982,0.0073411754392,0.030571927524051582,0.008105699590059575,0.9741269572442969,0.22600001469131986,0,0,instant_velocity,dbscan_kmeans_fallback,False
5390,269,9.97815084735,9.09055177109,0.03918860341299997,0.003293505237000005,0.03220958037719999,0.0071884331673999925,0.03378172894599054,0.006944693489046472,0.9964867805544644,0.0837471648522359,0,0,instant_velocity,dbscan_kmeans_fallback,False
5390,270,6.15252654968,3.60782019227,0.019636394728000005,-0.029426753303999974,0.0192533482284,-0.03158423789400001,0.019793842289683575,-0.03076702910129702,0.5550631807688124,-0.8318078504159809,1,1,instant_velocity,dbscan_kmeans_fallback,False
5390,271,5.1012533271,2.92859440228,0.011028371744000065,-0.02727881510800003,0.014269534432600005,-0.026185753224599997,0.014075454416419216,-0.026869184418088003,0.3748114139255041,-0.9271007088063058,1,1,instant_velocity,dbscan_kmeans_fallback,False
5390,272,2.25197667299,7.40155636851,0.010523255481000016,-0.0067063403720000634,0.010708464777600004,-0.008797000217600015,0.011460249412299398,-0.007134435949348053,0.8433076989195236,-0.5374295509116573,-1,-1,instant_velocity,dbscan_kmeans_fallback,False
5390,292,9.33391714678,6.23093005092,-0.0035779068640000135,0.008567886809999958,-0.0035736975614000244,0.008558340417799997,-0.005539438875023239,0.008359286470265818,-0.38534478359261665,0.9227715013672463,2,2,instant_velocity,dbscan_kmeans_fallback,False
5390,293,3.50824291235,8.36049144376,-0.04129325450799999,0.011026082747000033,-0.038691905753599994,0.014300495198800025,-0.039532172100882036,0.014636202791123348,-0.9661499172171952,0.25798036653129836,3,3,instant_velocity,dbscan_kmeans_fallback,False
5390,294,3.44636617012,7.87171617395,-0.039462208055,0.013913866323000068,-0.036869277904200005,0.016725278764000002,-0.03791494299322128,0.01657880198437782,-0.9430948572082253,0.3325231004513308,3,3,instant_velocity,dbscan_kmeans_fallback,False
5390,296,5.21953471871,9.26000022888,-0.03946220805499996,0.0,-0.0402703940758,-0.002544113465000031,-0.04056634954972591,-0.0017806685236154694,-0.999999746593058,0.0,-1,-1,instant_velocity,dbscan_kmeans_fallback,False
5390,297,5.63709749621,7.5817445173,-0.037041859294000015,0.011455670386999994,-0.041099626607600005,0.008873371353399993,-0.039842317301848326,0.007077422165032611,-0.9553560420104978,0.29545611716293935,3,3,instant_velocity,dbscan_kmeans_fallback,False
5390,298,13.1254460967,6.41875531329,-0.024855929450000147,0.029283557424999974,-0.03270206873400003,0.002840051616599997,-0.027591636054606395,0.008306322232358476,-0.6471176605396303,0.7623898036588526,-1,-1,instant_velocity,dbscan_kmeans_fallback,False
5390,338,4.33095102587,10.3922023187,0.014627325119000023,-0.024605825349999933,0.018112627334200004,-0.026161887245999972,0.01802446577455987,-0.026457902281944404,0.5109935089155859,-0.8595841640949392,4,4,instant_velocity,dbscan_kmeans_fallback,False
5390,339,4.32190102616,11.2845513099,0.010986278721999998,-0.030071134760000007,0.016837208769999997,-0.02199488714000001,0.015598885280158643,-0.022918015397833995,0.34315836472732847,-0.9392772285189369,4,4,instant_velocity,dbscan_kmeans_fallback,False
5390,375,11.8323484631,10.7062786151,0.00420930219000013,-0.009546391990000024,-0.0033295580359999732,-0.014935330265999979,-0.0015338466640862753,-0.01254021410321098,0.4034519619499001,-0.9149997800248696,-1,-1,instant_velocity,dbscan_kmeans_fallback,False
5390,406,11.964520552,9.59030539169,-0.018520929650000007,-0.024820619169999957,-0.018428324998,-0.024854031542199985,-0.019151250675717178,-0.021585694485882823,-0.5980443886665502,-0.8014625776545659,-1,-1,instant_velocity,dbscan_kmeans_fallback,False
5390,407,13.1090298181,12.6902575302,-0.020099417970000033,0.02603778415000004,-0.026615417764,0.025818217134,-0.022621578541856778,0.02462872606955832,-0.6110534361828723,0.7915889653716888,-1,-1,instant_velocity,dbscan_kmeans_fallback,False
5390,408,13.8286100279,10.832768309,-0.033905929169999995,0.027899330590000028,-0.033905929169999995,0.027899330590000028,-0.022035760118699996,0.015991829468400023,-0.7721892693243592,0.6353922228443937,-1,-1,instant_velocity,dbscan_kmeans_fallback,False
5390,434,10.5293589695,5.7457346781,-0.009007906689999956,0.01789948497799996,-0.010081278749999995,0.012997412692400002,-0.012128089342449992,0.01570718240501822,-0.4495339837774349,0.8932626709663123,2,2,instant_velocity,dbscan_kmeans_fallback,False
5400,203,12.3852403061,4.37869134534,0.02380360390000007,0.0031264433759999656,0.023210092288000014,0.002610938208799993,0.02283044883602476,0.0026540887308235854,0.9914840777329039,0.13022476933576696,-1,-1,instant_velocity,dbscan_kmeans_fallback,False
5400,205,14.6203797704,12.1000518455,0.01136511591999998,0.02307840264000003,0.009626674115999982,0.018959134489999984,0.009955136971479204,0.019472101905111068,0.4417915091200637,0.8971173195394996,-1,-1,instant_velocity,dbscan_kmeans_fallback,False
5400,269,10.3700368815,9.12348682345,0.03918860341500015,0.003293505235999916,0.034617301231800006,0.00584716509299998,0.03540379128669342,0.005849337013132505,0.9964867805569434,0.08374716482273957,-1,-1,instant_velocity,dbscan_kmeans_fallback,False
5400,270,6.34910096207,3.31331399942,0.01965744123899995,-0.029450619285000014,0.019413301711799988,-0.03072983581119999,0.019752921974478487,-0.030372106156407917,0.5551632409763484,-0.8317410721077622,0,0,instant_velocity,dbscan_kmeans_fallback,False
5400,271,5.21153704455,2.65604491101,0.011028371744999977,-0.027254949126999994,0.013730743751999999,-0.027068794483599997,0.013161329614993444,-0.0269849138307616,0.37509346034412566,-0.9269866319281891,0,0,instant_velocity,dbscan_kmeans_fallback,False
5400,293,3.09552083237,8.47051361143,-0.041272207998,0.01100221676699995,-0.0396558359556,0.012916268360400007,-0.04005418287001743,0.01354600698388633,-0.9662563073176095,0.2575815993683794,1,1,instant_velocity,dbscan_kmeans_fallback,False
5400,296,4.82491263817,9.26000022888,-0.039462208054000046,0.0,-0.039946277806800004,-0.0022052165494000063,-0.04023510710100815,-0.0012464679665308285,-0.999999746593058,0.0,-1,-1,instant_velocity,dbscan_kmeans_fallback,False
5400,297,5.26667890327,7.69630122116,-0.037041859294000015,0.011455670385999994,-0.040590301042399995,0.010200319839799991,-0.03900217989949383,0.008390896631322826,-0.9553560420177778,0.2954561171393995,1,1,instant_velocity,dbscan_kmeans_fallback,False
5400,298,12.8766763371,6.71182954734,-0.024876975960000002,0.029307423404999967,-0.031014138554000006,0.0128780827926,-0.026777238026224476,0.014606652584150923,-0.6471295906121297,0.7623796775166387,-1,-1,instant_velocity,dbscan_kmeans_fallback,False
5400,338,4.48290683502,10.1669074678,0.015195580914999951,-0.0225294850900001,0.015713325084599994,-0.026887413036000004,0.017175800316691893,-0.02527937712436111,0.5591737627150773,-0.8290500389736913,2,2,instant_velocity,dbscan_kmeans_fallback,False
5400,339,4.43176381338,10.9836013024,0.010986278721999998,-0.030095000749999913,0.013545534455399997,-0.024071227399999985,0.01421510331271105,-0.025071111003483772,0.3429182447841003,-0.9393649201071265,2,2,instant_velocity,dbscan_kmeans_fallback,False
5400,375,11.8744414851,10.6108146953,0.004209302199999954,-0.009546391980000023,-0.0007745116019999898,-0.013245618883999982,0.0001890979951395936,-0.011642067466247694,0.40345196310617853,-0.9149997795150299,-1,-1,instant_velocity,dbscan_kmeans_fallback,False
5400,408,13.4878670155,11.1284678008,-0.034074301240000084,0.029569949179999888,-0.034074301240000084,0.029569949179999888,-0.02564732245509002,0.020065265381879985,-0.7552621499802014,0.6554224908440691,-1,-1,instant_velocity,dbscan_kmeans_fallback,False
